,date_game,game_season,age,team_id,game_location,opp_id,game_result,goals,assists,points,plus_minus,pen_min,goals_ev,goals_pp,goals_sh,goals_gw,assists_ev,assists_pp,assists_sh,shots,shot_pct,shifts,time_on_ice,hits_all,blocks_all,faceoff_wins_all,faceoff_losses_all,faceoff_percentage_all
0,2014-12-23,1,21-206,BUF,@,DET,L,0,0,0,0,0,0,0,0,0,0,0,0,0,,19,14:47,4,0,0,0,
1,2015-12-18,1,22-201,WPG,,NYR,W,0,0,0,0,0,0,0,0,0,0,0,0,1,0.0,14,10:54,2,0,0,0,
2,2015-12-21,2,22-204,WPG,@,EDM,L,0,0,0,-1,0,0,0,0,0,0,0,0,0,,9,7:05,2,1,0,0,
3,2015-12-22,3,22-205,WPG,@,CGY,L,0,0,0,0,0,0,0,0,0,0,0,0,1,0.0,18,10:50,0,1,0,0,
4,2015-12-27,4,22-210,WPG,,PIT,W,0,0,0,0,0,0,0,0,0,0,0,0,0,,13,7:31,1,0,0,0,
5,2015-12-29,5,22-212,WPG,,DET,W,0,0,0,0,0,0,0,0,0,0,0,0,1,0.0,10,5:40,0,0,0,0,
6,2015-12-31,6,22-214,WPG,@,ARI,L,0,0,0,0,2,0,0,0,0,0,0,0,1,0.0,14,8:43,1,1,0,0,
7,2016-01-02,7,22-216,WPG,@,SJS,W,1,0,1,1,0,1,0,0,1,0,0,0,2,50.0,13,8:04,1,0,0,0,
8,2016-01-03,8,22-217,WPG,@,ANA,L,0,0,0,1,0,0,0,0,0,0,0,0,0,,15,10:05,0,0,0,0,
9,2016-01-05,9,22-219,WPG,@,NSH,W,0,0,0,0,0,0,0,0,0,0,0,0,0,,10,7:09,0,0,0,0,
10,2016-01-07,10,22-221,WPG,@,DAL,L-SO,0,0,0,0,0,0,0,0,0,0,0,0,0,,12,8:00,1,1,0,0,
11,2016-01-10,11,22-224,WPG,,BUF,L,0,0,0,0,0,0,0,0,0,0,0,0,0,,8,7:09,2,0,0,0,
12,2016-01-12,12,22-226,WPG,,SJS,L,0,0,0,0,0,0,0,0,0,0,0,0,0,,12,8:38,1,0,0,0,
13,2016-01-14,13,22-228,WPG,,NSH,W,0,0,0,0,2,0,0,0,0,0,0,0,1,0.0,13,8:49,0,0,0,0,
14,2016-01-15,14,22-229,WPG,@,MIN,W,0,0,0,0,2,0,0,0,0,0,0,0,3,0.0,23,17:15,1,0,0,0,
15,2016-01-18,15,22-232,WPG,,COL,L,1,0,1,1,0,1,0,0,0,0,0,0,2,50.0,22,15:29,3,0,0,0,
16,2016-01-21,16,22-235,WPG,,NSH,L,0,1,1,0,0,0,0,0,0,1,0,0,2,0.0,22,18:06,0,0,0,1,0.0
17,2016-01-23,17,22-237,WPG,,NJD,L,0,0,0,0,0,0,0,0,0,0,0,0,0,,20,18:21,5,0,0,0,
18,2016-01-26,18,22-240,WPG,,ARI,W,0,0,0,-1,0,0,0,0,0,0,0,0,2,0.0,15,11:33,1,2,0,0,
19,2016-02-02,19,22-247,WPG,,DAL,L,0,0,0,1,0,0,0,0,0,0,0,0,0,,9,5:41,0,0,0,0,
20,2016-02-05,20,22-250,WPG,,CAR,L,0,0,0,-1,2,0,0,0,0,0,0,0,0,,18,13:50,1,2,0,0,
21,2016-02-06,21,22-251,WPG,@,COL,W,0,0,0,1,0,0,0,0,0,0,0,0,5,0.0,23,14:09,1,1,0,0,
22,2016-02-09,22,22-254,WPG,@,STL,W,0,0,0,0,0,0,0,0,0,0,0,0,3,0.0,17,13:01,1,0,0,0,
23,2016-02-11,23,22-256,WPG,,BOS,L,0,0,0,-1,0,0,0,0,0,0,0,0,1,0.0,17,12:32,2,1,0,0,
24,2016-02-13,24,22-258,WPG,@,EDM,W,0,0,0,0,0,0,0,0,0,0,0,0,2,0.0,16,11:24,0,0,0,0,
25,2016-02-16,25,22-261,WPG,@,CAR,L,0,0,0,0,0,0,0,0,0,0,0,0,1,0.0,18,12:33,2,1,0,0,
26,2016-02-18,26,22-263,WPG,@,TBL,L-SO,0,1,1,0,0,0,0,0,0,0,0,1,2,0.0,24,14:27,1,0,0,0,
27,2016-02-20,27,22-265,WPG,@,FLA,L,0,0,0,0,0,0,0,0,0,0,0,0,2,0.0,21,13:34,3,1,0,0,
28,2016-02-23,28,22-268,WPG,,DAL,L,0,1,1,0,0,0,0,0,0,0,0,1,1,0.0,19,14:39,1,0,0,0,
29,2016-02-25,29,22-270,WPG,@,DAL,W,2,1,3,3,0,2,0,0,0,1,0,0,4,50.0,28,19:20,0,0,0,0,
30,2016-02-27,30,22-272,WPG,@,PIT,L,0,0,0,-2,0,0,0,0,0,0,0,0,0,,21,15:02,3,1,0,0,
31,2016-03-01,31,22-275,WPG,,FLA,L,0,0,0,0,2,0,0,0,0,0,0,0,3,0.0,21,13:40,1,0,0,0,
32,2016-03-03,32,22-277,WPG,,NYI,L-OT,0,0,0,0,0,0,0,0,0,0,0,0,1,0.0,24,18:10,1,0,0,0,
33,2016-03-05,33,22-279,WPG,,MTL,W,0,0,0,-1,0,0,0,0,0,0,0,0,2,0.0,25,16:49,4,0,0,0,
34,2016-03-06,34,22-280,WPG,,EDM,L,0,0,0,0,0,0,0,0,0,0,0,0,1,0.0,21,19:24,5,1,0,1,0.0
35,2016-03-24,35,22-298,WPG,,LAK,W,0,0,0,1,0,0,0,0,0,0,0,0,1,0.0,19,16:00,2,1,0,0,
36,2016-03-26,36,22-300,WPG,@,BUF,L,0,0,0,-2,0,0,0,0,0,0,0,0,0,,18,12:35,1,0,0,0,
37,2016-03-28,37,22-302,WPG,@,PHI,L-OT,0,0,0,-1,2,0,0,0,0,0,0,0,1,0.0,19,14:14,1,2,0,0,
38,2016-03-30,38,22-304,WPG,,OTT,L,0,0,0,0,0,0,0,0,0,0,0,0,1,0.0,16,11:55,4,0,0,0,
39,2016-04-01,39,22-306,WPG,,CHI,L-OT,0,1,1,0,0,0,0,0,0,1,0,0,2,0.0,13,8:52,1,1,0,0,
40,2016-04-03,40,22-308,WPG,,MIN,W,0,0,0,1,0,0,0,0,0,0,0,0,2,0.0,15,9:18,0,0,0,0,
41,2016-04-05,41,22-310,WPG,@,ANA,W,0,0,0,0,0,0,0,0,0,0,0,0,1,0.0,11,9:22,0,1,0,0,
42,2016-04-07,42,22-312,WPG,@,SJS,W,0,0,0,1,0,0,0,0,0,0,0,0,0,,14,10:30,1,1,0,0,
43,2016-04-09,43,22-314,WPG,@,LAK,W,0,1,1,1,0,0,0,0,0,1,0,0,0,,16,12:34,2,0,0,0,
44,2016-10-13,1,23-135,WPG,,CAR,W,0,0,0,0,0,0,0,0,0,0,0,0,1,0.0,14,10:38,1,0,0,0,
45,2016-10-17,2,23-139,WPG,,BOS,L,0,0,0,0,0,0,0,0,0,0,0,0,4,0.0,18,14:22,1,1,0,0,
46,2016-10-19,3,23-141,WPG,,TOR,W,0,0,0,0,0,0,0,0,0,0,0,0,1,0.0,17,13:15,1,1,1,0,100.0
47,2016-10-23,4,23-145,WPG,,EDM,L,0,0,0,0,0,0,0,0,0,0,0,0,1,0.0,15,10:29,0,0,0,0,
48,2016-10-25,5,23-147,WPG,@,DAL,L,1,0,1,0,0,1,0,0,0,0,0,0,3,33.3,25,16:37,1,0,0,0,
49,2016-10-27,6,23-149,WPG,,DAL,W,0,1,1,1,2,0,0,0,0,1,0,0,3,0.0,22,17:03,1,0,0,2,0.0
50,2016-10-28,7,23-150,WPG,@,COL,W,0,1,1,1,0,0,0,0,0,1,0,0,0,,23,16:41,0,0,0,0,
51,2016-10-30,8,23-152,WPG,,BUF,L,0,0,0,-1,0,0,0,0,0,0,0,0,1,0.0,22,15:30,0,0,1,0,100.0
52,2016-11-01,9,23-154,WPG,,WSH,L,0,1,1,0,0,0,0,0,0,1,0,0,4,0.0,25,15:08,3,0,0,0,
53,2016-11-03,10,23-156,WPG,@,WSH,L-OT,0,0,0,-1,0,0,0,0,0,0,0,0,0,,18,13:21,0,0,0,1,0.0
54,2016-12-22,11,23-205,WPG,@,VAN,W,0,0,0,0,2,0,0,0,0,0,0,0,1,0.0,19,16:16,1,0,0,0,
55,2016-12-27,12,23-210,WPG,@,CHI,W,0,0,0,0,0,0,0,0,0,0,0,0,4,0.0,23,16:06,2,2,0,0,
56,2016-12-29,13,23-212,WPG,,CBJ,L,0,0,0,1,0,0,0,0,0,0,0,0,0,,22,13:40,1,0,0,0,
57,2016-12-31,14,23-214,WPG,,NYI,L,0,0,0,-2,0,0,0,0,0,0,0,0,2,0.0,19,12:16,0,1,0,0,
58,2017-01-03,15,23-217,WPG,@,TBL,W,0,0,0,0,2,0,0,0,0,0,0,0,5,0.0,26,15:56,1,1,0,0,
59,2017-01-04,16,23-218,WPG,@,FLA,W,0,0,0,1,2,0,0,0,0,0,0,0,3,0.0,22,17:01,0,0,0,1,0.0
60,2017-01-07,17,23-221,WPG,@,BUF,L,1,0,1,0,0,1,0,0,0,0,0,0,3,33.3,24,19:01,1,0,0,0,
61,2017-01-09,18,23-223,WPG,,CGY,W,0,0,0,0,0,0,0,0,0,0,0,0,1,0.0,26,21:08,0,0,0,0,
62,2017-01-11,19,23-225,WPG,,MTL,L,0,0,0,-3,0,0,0,0,0,0,0,0,2,0.0,21,14:32,2,0,0,0,
63,2017-01-13,20,23-227,WPG,@,ARI,L,0,0,0,0,2,0,0,0,0,0,0,0,2,0.0,23,16:22,3,1,0,0,
64,2017-01-14,21,23-228,WPG,@,LAK,L-OT,0,0,0,-1,0,0,0,0,0,0,0,0,1,0.0,26,19:27,1,0,0,0,
65,2017-01-16,22,23-230,WPG,@,SJS,L,0,0,0,0,0,0,0,0,0,0,0,0,2,0.0,19,16:11,0,0,0,0,
66,2017-01-18,23,23-232,WPG,,ARI,W,1,0,1,1,0,1,0,0,1,0,0,0,2,50.0,23,16:26,3,1,0,0,
67,2017-01-21,24,23-235,WPG,,STL,W,0,0,0,-1,0,0,0,0,0,0,0,0,2,0.0,26,16:37,1,0,0,0,
68,2017-01-23,25,23-237,WPG,,ANA,L,0,0,0,-1,2,0,0,0,0,0,0,0,0,,21,16:15,0,0,0,0,
69,2017-01-24,26,23-238,WPG,,SJS,L,0,0,0,0,0,0,0,0,0,0,0,0,3,0.0,20,15:37,1,1,0,0,
70,2017-01-26,27,23-240,WPG,@,CHI,W,0,0,0,0,0,0,0,0,0,0,0,0,1,0.0,22,14:31,0,1,0,0,
71,2017-01-31,28,23-245,WPG,@,STL,W,0,0,0,-1,0,0,0,0,0,0,0,0,2,0.0,18,13:46,0,0,0,0,
72,2017-02-02,29,23-247,WPG,@,DAL,W,0,0,0,0,0,0,0,0,0,0,0,0,1,0.0,21,14:22,0,1,0,0,
73,2017-02-04,30,23-249,WPG,@,COL,L,0,1,1,0,0,0,0,0,0,1,0,0,0,,23,15:20,1,0,0,0,
74,2017-02-07,31,23-252,WPG,,MIN,L,1,1,2,2,0,1,0,0,0,1,0,0,3,33.3,21,15:22,0,1,0,0,
75,2017-02-10,32,23-255,WPG,,CHI,L,0,1,1,-1,0,0,0,0,0,0,1,0,0,,20,13:28,0,0,0,0,
76,2017-02-11,33,23-256,WPG,,TBL,L,0,0,0,0,0,0,0,0,0,0,0,0,2,0.0,20,14:29,0,0,0,0,
77,2017-02-14,34,23-259,WPG,,DAL,W,1,0,1,1,0,1,0,0,0,0,0,0,2,50.0,23,14:15,1,0,0,0,
78,2017-02-16,35,23-261,WPG,@,PIT,L-OT,0,0,0,0,0,0,0,0,0,0,0,0,1,0.0,20,15:40,3,0,0,0,
79,2017-02-18,36,23-263,WPG,@,MTL,W,1,0,1,2,2,0,0,1,0,0,0,0,2,50.0,20,13:47,2,0,0,0,
80,2017-02-19,37,23-264,WPG,@,OTT,W,0,0,0,0,0,0,0,0,0,0,0,0,1,0.0,23,16:18,1,1,0,0,
81,2017-02-21,38,23-266,WPG,@,TOR,L-OT,0,0,0,0,0,0,0,0,0,0,0,0,0,,25,15:29,2,0,0,0,
82,2017-02-28,39,23-273,WPG,,MIN,L,1,0,1,-1,0,0,0,1,0,0,0,0,1,100.0,13,9:44,0,1,0,0,
83,2017-03-03,40,23-276,WPG,,STL,W,0,0,0,0,0,0,0,0,0,0,0,0,0,,18,13:27,0,1,0,0,
84,2017-03-04,41,23-277,WPG,,COL,W,0,0,0,-1,2,0,0,0,0,0,0,0,3,0.0,22,18:35,1,0,0,0,
85,2017-03-06,42,23-279,WPG,,SJS,L,0,0,0,-1,0,0,0,0,0,0,0,0,5,0.0,21,15:18,1,0,1,0,100.0
86,2017-03-08,43,23-281,WPG,,PIT,L,0,0,0,-1,0,0,0,0,0,0,0,0,2,0.0,21,14:07,0,1,0,0,
87,2017-03-11,44,23-284,WPG,,CGY,L,0,0,0,0,0,0,0,0,0,0,0,0,2,0.0,21,14:01,1,1,0,0,
88,2017-03-13,45,23-286,WPG,@,NSH,L-OT,1,0,1,0,0,1,0,0,0,0,0,0,3,33.3,23,15:28,0,0,0,0,
89,2017-03-16,46,23-289,WPG,@,NYI,W,0,1,1,0,0,0,0,0,0,1,0,0,2,0.0,21,15:17,4,3,0,0,
90,2017-03-19,47,23-292,WPG,,MIN,W,0,1,1,-1,0,0,0,0,0,1,0,0,1,0.0,28,18:23,3,2,0,0,
91,2017-03-21,48,23-294,WPG,,PHI,W,0,0,0,0,0,0,0,0,0,0,0,0,3,0.0,23,14:23,3,0,0,0,
92,2017-03-23,49,23-296,WPG,@,LAK,L,0,0,0,0,0,0,0,0,0,0,0,0,4,0.0,22,14:06,6,2,0,0,
93,2017-03-24,50,23-297,WPG,@,ANA,L,0,0,0,-1,0,0,0,0,0,0,0,0,2,0.0,20,12:23,3,0,0,0,
94,2017-03-26,51,23-299,WPG,,VAN,W,0,0,0,0,0,0,0,0,0,0,0,0,0,,21,13:54,3,0,0,0,
95,2017-03-28,52,23-301,WPG,@,NJD,W,1,0,1,1,0,0,0,1,0,0,0,0,3,33.3,22,14:14,2,2,0,0,
96,2017-03-30,53,23-303,WPG,,ANA,W,1,0,1,1,0,0,0,1,0,0,0,0,4,25.0,21,15:16,4,0,0,0,
97,2017-04-01,54,23-305,WPG,,OTT,W,0,0,0,-1,0,0,0,0,0,0,0,0,0,,25,15:54,0,2,0,0,
98,2017-04-04,55,23-308,WPG,@,STL,W,0,0,0,0,0,0,0,0,0,0,0,0,4,0.0,25,18:10,0,1,0,0,
99,2017-04-06,56,23-310,WPG,@,CBJ,W,0,1,1,-1,0,0,0,0,0,0,1,0,3,0.0,21,14:26,1,0,0,0,
100,2017-04-08,57,23-312,WPG,,NSH,W,0,0,0,0,4,0,0,0,0,0,0,0,3,0.0,23,13:01,1,1,0,0,
101,2017-10-04,1,24-126,WPG,,TOR,L,0,0,0,-2,0,0,0,0,0,0,0,0,0,,21,13:25,1,1,0,0,
102,2017-10-07,2,24-129,WPG,@,CGY,L,0,0,0,-2,0,0,0,0,0,0,0,0,0,,13,8:12,0,3,0,0,
103,2017-10-14,3,24-136,WPG,,CAR,W,0,0,0,0,0,0,0,0,0,0,0,0,1,0.0,12,10:44,0,1,0,0,
104,2017-10-17,4,24-139,WPG,,CBJ,L,1,0,1,1,0,0,0,1,0,0,0,0,3,33.3,15,9:33,1,1,0,0,
105,2017-10-20,5,24-142,WPG,,MIN,W,0,0,0,0,0,0,0,0,0,0,0,0,3,0.0,16,11:30,1,0,0,0,
106,2017-10-26,6,24-148,WPG,@,PIT,L-OT,0,0,0,0,0,0,0,0,0,0,0,0,0,,11,5:47,2,1,1,0,100.0
107,2017-10-29,7,24-151,WPG,,PIT,W,1,1,2,2,0,1,0,0,0,1,0,0,2,50.0,15,9:39,1,0,0,0,
108,2017-10-31,8,24-153,WPG,@,MIN,W,0,0,0,0,0,0,0,0,0,0,0,0,1,0.0,15,10:14,1,1,0,1,0.0
109,2017-11-02,9,24-155,WPG,,DAL,W,0,0,0,0,0,0,0,0,0,0,0,0,2,0.0,16,10:38,0,0,0,0,
110,2017-11-04,10,24-157,WPG,,MTL,L-OT,0,0,0,0,0,0,0,0,0,0,0,0,0,,15,8:52,0,1,0,0,
111,2017-11-06,11,24-159,WPG,@,DAL,W,0,0,0,0,0,0,0,0,0,0,0,0,0,,15,8:24,0,0,0,0,
112,2017-11-10,12,24-163,WPG,@,VEG,L,0,0,0,0,0,0,0,0,0,0,0,0,2,0.0,19,12:50,0,0,0,0,
113,2017-11-11,13,24-164,WPG,@,ARI,W,0,0,0,0,0,0,0,0,0,0,0,0,1,0.0,12,9:27,1,1,0,0,
114,2017-11-14,14,24-167,WPG,,ARI,W,1,0,1,0,0,1,0,0,1,0,0,0,1,100.0,18,11:35,1,1,0,0,
115,2017-11-16,15,24-169,WPG,,PHI,W,0,1,1,0,0,0,0,0,0,0,1,0,1,0.0,12,8:25,1,0,0,0,
116,2017-11-18,16,24-171,WPG,,NJD,W,0,2,2,1,2,0,0,0,0,2,0,0,1,0.0,16,12:30,0,1,0,0,
117,2017-11-20,17,24-173,WPG,@,NSH,L,0,1,1,1,0,0,0,0,0,1,0,0,3,0.0,16,10:51,0,1,0,0,
118,2017-11-22,18,24-175,WPG,@,LAK,W,0,0,0,0,0,0,0,0,0,0,0,0,0,,15,10:59,1,2,0,0,
119,2017-11-24,19,24-177,WPG,@,ANA,W,0,0,0,0,0,0,0,0,0,0,0,0,1,0.0,16,10:41,1,0,0,0,
120,2017-11-25,20,24-178,WPG,@,SJS,L,0,0,0,0,2,0,0,0,0,0,0,0,3,0.0,19,14:27,1,0,0,0,
121,2017-11-27,21,24-180,WPG,,MIN,W,1,1,2,2,2,1,0,0,0,1,0,0,1,100.0,19,15:27,1,0,0,0,
122,2017-11-29,22,24-182,WPG,@,COL,L-OT,0,0,0,-1,0,0,0,0,0,0,0,0,4,0.0,15,10:13,0,0,0,0,
123,2017-12-01,23,24-184,WPG,,VEG,W,0,0,0,0,0,0,0,0,0,0,0,0,1,0.0,15,10:56,0,0,0,0,
124,2017-12-03,24,24-186,WPG,,OTT,W,0,0,0,0,0,0,0,0,0,0,0,0,0,,17,12:45,2,2,0,2,0.0
125,2017-12-05,25,24-188,WPG,@,DET,L,0,0,0,-2,2,0,0,0,0,0,0,0,1,0.0,15,11:01,0,0,0,0,
126,2017-12-07,26,24-190,WPG,@,FLA,L,0,0,0,-2,0,0,0,0,0,0,0,0,1,0.0,11,7:30,0,0,0,0,
127,2017-12-09,27,24-192,WPG,@,TBL,L-OT,0,0,0,0,0,0,0,0,0,0,0,0,0,,13,9:09,0,0,0,0,
128,2017-12-11,28,24-194,WPG,,VAN,W,0,1,1,2,0,0,0,0,0,1,0,0,1,0.0,17,12:00,0,0,0,0,
129,2017-12-14,29,24-197,WPG,,CHI,L,0,0,0,-1,0,0,0,0,0,0,0,0,0,,16,9:36,0,0,0,0,
130,2017-12-16,30,24-199,WPG,@,STL,L,0,0,0,0,2,0,0,0,0,0,0,0,1,0.0,19,14:05,0,0,0,0,
131,2017-12-17,31,24-200,WPG,,STL,W,0,0,0,0,0,0,0,0,0,0,0,0,3,0.0,16,10:03,0,1,0,0,
132,2017-12-19,32,24-202,WPG,@,NSH,W,0,1,1,0,0,0,0,0,0,0,1,0,2,0.0,17,11:44,1,0,0,0,
133,2017-12-21,33,24-204,WPG,@,BOS,L-SO,0,0,0,0,0,0,0,0,0,0,0,0,1,0.0,17,11:17,1,0,0,0,
134,2017-12-23,34,24-206,WPG,@,NYI,L,0,1,1,1,0,0,0,0,0,1,0,0,4,0.0,20,12:24,1,0,0,0,
135,2017-12-27,35,24-210,WPG,,EDM,W,2,0,2,2,0,2,0,0,1,0,0,0,5,40.0,19,12:27,0,0,0,0,
136,2017-12-29,36,24-212,WPG,,NYI,W,0,0,0,0,0,0,0,0,0,0,0,0,2,0.0,21,14:26,1,0,0,0,
137,2017-12-31,37,24-214,WPG,@,EDM,W,0,1,1,0,0,0,0,0,0,0,1,0,4,0.0,26,19:03,2,0,0,0,
138,2018-01-02,38,24-216,WPG,@,COL,L-OT,0,0,0,-1,0,0,0,0,0,0,0,0,5,0.0,23,16:38,3,0,0,0,
139,2018-01-05,39,24-219,WPG,,BUF,W,0,0,0,0,2,0,0,0,0,0,0,0,2,0.0,24,18:14,1,0,0,0,
140,2018-01-07,40,24-221,WPG,,SJS,W,0,1,1,1,2,0,0,0,0,1,0,0,4,0.0,24,17:15,1,0,0,1,0.0
141,2018-01-09,41,24-223,WPG,@,BUF,W,1,0,1,1,0,1,0,0,0,0,0,0,6,16.7,27,19:23,0,1,1,0,100.0
142,2018-01-12,42,24-226,WPG,@,CHI,L,0,0,0,0,0,0,0,0,0,0,0,0,2,0.0,23,14:08,4,1,1,0,100.0
143,2018-01-13,43,24-227,WPG,@,MIN,L,0,0,0,0,0,0,0,0,0,0,0,0,1,0.0,19,13:36,1,0,0,0,
144,2018-01-20,44,24-234,WPG,@,CGY,W,0,0,0,0,0,0,0,0,0,0,0,0,1,0.0,22,14:58,1,0,1,0,100.0
145,2018-01-21,45,24-235,WPG,,VAN,W,0,0,0,0,0,0,0,0,0,0,0,0,1,0.0,21,15:08,2,0,0,0,
146,2018-01-23,46,24-237,WPG,@,SJS,W,2,0,2,2,0,2,0,0,0,0,0,0,5,40.0,26,14:47,0,0,0,0,
147,2018-01-25,47,24-239,WPG,@,ANA,L-SO,0,0,0,0,0,0,0,0,0,0,0,0,2,0.0,22,13:21,2,0,0,0,
148,2018-01-30,48,24-244,WPG,,TBL,W,0,0,0,0,0,0,0,0,0,0,0,0,1,0.0,18,13:10,3,0,0,0,
149,2018-02-01,49,24-246,WPG,,VEG,L-OT,1,1,2,2,0,1,0,0,0,1,0,0,1,100.0,19,12:14,0,0,0,1,0.0
150,2018-02-03,50,24-248,WPG,,COL,W,0,0,0,0,0,0,0,0,0,0,0,0,1,0.0,24,17:15,2,0,0,0,
151,2018-02-06,51,24-251,WPG,,ARI,W,0,0,0,0,0,0,0,0,0,0,0,0,2,0.0,24,19:12,2,1,0,0,
152,2018-02-09,52,24-254,WPG,,STL,L,0,0,0,-2,0,0,0,0,0,0,0,0,1,0.0,21,15:24,1,0,0,0,
153,2018-02-11,53,24-256,WPG,,NYR,L,0,0,0,-1,0,0,0,0,0,0,0,0,4,0.0,28,19:54,1,2,0,0,
154,2018-02-13,54,24-258,WPG,,WSH,W,0,0,0,1,0,0,0,0,0,0,0,0,2,0.0,17,13:01,1,0,0,0,
155,2018-02-16,55,24-261,WPG,,COL,W,0,0,0,0,2,0,0,0,0,0,0,0,2,0.0,20,15:09,2,0,0,1,0.0
156,2018-02-18,56,24-263,WPG,,FLA,W,0,0,0,0,0,0,0,0,0,0,0,0,0,,18,11:58,2,0,0,0,
157,2018-02-20,57,24-265,WPG,,LAK,L,0,0,0,-1,0,0,0,0,0,0,0,0,0,,16,11:09,0,2,0,0,
158,2018-02-23,58,24-268,WPG,@,STL,W,0,0,0,0,0,0,0,0,0,0,0,0,0,,17,12:01,1,0,0,0,
159,2018-02-24,59,24-269,WPG,@,DAL,W,0,0,0,-1,0,0,0,0,0,0,0,0,0,,14,8:55,0,,,,
160,2018-02-27,60,24-272,WPG,,NSH,L,0,1,1,1,0,0,0,0,0,1,0,0,0,,16,9:30,2,1,0,0,
161,2018-03-02,61,24-275,WPG,,DET,W,0,1,1,1,0,0,0,0,0,1,0,0,4,0.0,17,10:44,0,0,0,0,
162,2018-03-04,62,24-277,WPG,@,CAR,W,0,0,0,0,0,0,0,0,0,0,0,0,1,0.0,15,13:18,1,2,0,0,
163,2018-03-06,63,24-279,WPG,@,NYR,W,0,0,0,0,0,0,0,0,0,0,0,0,0,,16,12:31,1,1,0,0,
164,2018-03-08,64,24-281,WPG,@,NJD,W,1,0,1,0,0,1,0,0,0,0,0,0,2,50.0,16,10:03,3,1,0,1,0.0
165,2018-03-10,65,24-283,WPG,@,PHI,L,0,0,0,0,0,0,0,0,0,0,0,0,1,0.0,16,11:17,3,0,1,0,100.0
166,2018-03-12,66,24-285,WPG,@,WSH,L-OT,0,0,0,0,0,0,0,0,0,0,0,0,3,0.0,18,11:36,2,0,0,0,
167,2018-03-13,67,24-286,WPG,@,NSH,L,0,0,0,-1,2,0,0,0,0,0,0,0,0,,22,13:43,0,0,0,0,
168,2018-03-15,68,24-288,WPG,,CHI,W,1,0,1,1,0,1,0,0,0,0,0,0,1,100.0,21,16:26,1,0,1,1,50.0
169,2018-03-18,69,24-291,WPG,,DAL,W,0,1,1,1,0,0,0,0,0,1,0,0,2,0.0,17,11:21,3,0,0,0,
170,2018-03-20,70,24-293,WPG,,LAK,W,0,0,0,0,0,0,0,0,0,0,0,0,2,0.0,16,12:40,2,0,0,0,
171,2018-03-23,71,24-296,WPG,,ANA,W,0,0,0,0,2,0,0,0,0,0,0,0,2,0.0,16,11:13,4,1,1,0,100.0
172,2018-03-25,72,24-298,WPG,,NSH,W,0,1,1,0,0,0,0,0,0,0,1,0,4,0.0,19,12:11,1,0,0,0,
173,2018-03-27,73,24-300,WPG,,BOS,W,0,0,0,0,0,0,0,0,0,0,0,0,0,,18,13:35,1,1,0,0,
174,2018-03-29,74,24-302,WPG,@,CHI,L,0,0,0,-3,0,0,0,0,0,0,0,0,3,0.0,18,12:18,3,0,0,0,
175,2018-03-31,75,24-304,WPG,@,TOR,W,0,0,0,1,0,0,0,0,0,0,0,0,0,,19,14:03,0,,,,
176,2018-04-02,76,24-306,WPG,@,OTT,W,0,0,0,0,0,0,0,0,0,0,0,0,1,0.0,20,15:06,2,3,0,0,
177,2018-04-03,77,24-307,WPG,@,MTL,W,0,0,0,0,2,0,0,0,0,0,0,0,2,0.0,21,16:13,1,3,0,0,
178,2018-04-05,78,24-309,WPG,,CGY,W,0,0,0,-1,0,0,0,0,0,0,0,0,0,,17,14:17,3,1,0,0,
179,2018-04-07,79,24-311,WPG,,CHI,W,0,1,1,0,0,0,0,0,0,0,0,1,1,0.0,16,13:47,1,0,0,0,
180,2018-10-03,1,25-125,MTL,@,TOR,L-OT,0,0,0,0,0,0,0,0,0,0,0,0,4,0.0,25,18:50,5,1,2,1,66.7
181,2018-10-06,2,25-128,MTL,@,PIT,W,1,0,1,0,0,0,0,1,0,0,0,0,3,33.3,23,16:19,4,1,0,1,0.0
182,2018-10-11,3,25-133,MTL,,LAK,L,0,0,0,0,0,0,0,0,0,0,0,0,3,0.0,23,18:58,0,0,1,0,100.0
183,2018-10-13,4,25-135,MTL,,PIT,W,0,0,0,-1,0,0,0,0,0,0,0,0,1,0.0,26,18:58,6,0,0,1,0.0
184,2018-10-15,5,25-137,MTL,,DET,W,0,1,1,0,0,0,0,0,0,1,0,0,1,0.0,20,16:40,1,0,0,0,
185,2018-10-17,6,25-139,MTL,,STL,W,0,0,0,0,2,0,0,0,0,0,0,0,2,0.0,21,14:23,0,1,0,1,0.0
186,2018-10-20,7,25-142,MTL,@,OTT,L-OT,0,1,1,0,0,0,0,0,0,1,0,0,5,0.0,22,17:05,2,1,0,2,0.0
187,2018-10-23,8,25-145,MTL,,CGY,W,0,0,0,0,0,0,0,0,0,0,0,0,3,0.0,25,19:24,3,0,0,0,
188,2018-10-25,9,25-147,MTL,@,BUF,L,1,0,1,1,2,1,0,0,0,0,0,0,1,100.0,24,17:42,1,0,0,1,0.0
189,2018-10-27,10,25-149,MTL,@,BOS,W,0,0,0,1,2,0,0,0,0,0,0,0,1,0.0,24,16:21,1,0,0,2,0.0
190,2018-10-30,11,25-152,MTL,,DAL,L,0,0,0,0,2,0,0,0,0,0,0,0,5,0.0,23,18:03,5,0,0,0,
191,2018-11-01,12,25-154,MTL,,WSH,W,1,1,2,0,0,1,0,0,0,1,0,0,4,25.0,21,15:03,4,0,0,0,
192,2018-11-03,13,25-156,MTL,,TBL,L,0,0,0,-1,0,0,0,0,0,0,0,0,3,0.0,18,16:11,3,0,0,0,
193,2018-11-05,14,25-158,MTL,@,NYI,W,0,1,1,0,0,0,0,0,0,0,1,0,3,0.0,21,16:05,1,0,0,0,
194,2018-11-06,15,25-159,MTL,@,NYR,L,0,0,0,0,0,0,0,0,0,0,0,0,3,0.0,14,10:45,0,0,0,0,
195,2019-01-03,16,25-217,MTL,,VAN,W,0,1,1,1,0,0,0,0,0,1,0,0,1,0.0,21,15:58,2,0,0,3,0.0
196,2019-01-05,17,25-219,MTL,,NSH,L,0,0,0,0,0,0,0,0,0,0,0,0,2,0.0,21,15:50,1,0,0,0,
197,2019-01-07,18,25-221,MTL,,MIN,L,0,0,0,-1,0,0,0,0,0,0,0,0,0,,23,16:42,1,0,0,0,
198,2019-01-08,19,25-222,MTL,@,DET,W,1,0,1,1,0,1,0,0,0,0,0,0,3,33.3,25,19:43,1,1,0,2,0.0
199,2019-01-10,20,25-224,MTL,@,STL,L,0,0,0,-2,0,0,0,0,0,0,0,0,1,0.0,22,17:20,1,0,0,1,0.0
200,2019-01-12,21,25-226,MTL,,COL,W,0,0,0,1,0,0,0,0,0,0,0,0,2,0.0,17,15:46,0,0,0,0,
201,2019-01-14,22,25-228,MTL,@,BOS,W,0,0,0,0,0,0,0,0,0,0,0,0,1,0.0,20,16:04,1,0,0,1,0.0
202,2019-01-15,23,25-229,MTL,,FLA,W,0,1,1,1,0,0,0,0,0,0,1,0,1,0.0,22,16:14,1,3,0,1,0.0
203,2019-01-18,24,25-232,MTL,@,CBJ,W,2,0,2,2,0,2,0,0,0,0,0,0,4,50.0,21,13:28,0,0,0,0,
204,2019-01-19,25,25-233,MTL,,PHI,L,0,0,0,-2,0,0,0,0,0,0,0,0,3,0.0,22,16:58,5,2,0,0,
205,2019-01-23,26,25-237,MTL,,ARI,W,0,0,0,1,2,0,0,0,0,0,0,0,3,0.0,20,14:30,5,1,0,1,0.0
206,2019-02-02,27,25-247,MTL,,NJD,L-OT,0,0,0,1,0,0,0,0,0,0,0,0,3,0.0,23,19:13,2,0,0,0,
207,2019-02-03,28,25-248,MTL,,EDM,W,0,0,0,0,0,0,0,0,0,0,0,0,1,0.0,24,19:21,2,0,0,0,
208,2019-02-05,29,25-250,MTL,,ANA,W,0,1,1,1,0,0,0,0,0,1,0,0,5,0.0,21,14:58,1,0,0,1,0.0
209,2019-02-07,30,25-252,MTL,,WPG,W,0,0,0,0,0,0,0,0,0,0,0,0,4,0.0,26,16:15,0,1,1,1,50.0
210,2019-02-09,31,25-254,MTL,,TOR,L-OT,0,0,0,0,0,0,0,0,0,0,0,0,6,0.0,24,21:29,4,0,1,0,100.0
211,2019-02-14,32,25-259,MTL,@,NSH,L,0,0,0,0,0,0,0,0,0,0,0,0,4,0.0,24,16:42,1,0,0,0,
212,2019-02-16,33,25-261,MTL,@,TBL,L,0,0,0,-1,0,0,0,0,0,0,0,0,2,0.0,21,17:29,2,0,0,0,
213,2019-02-17,34,25-262,MTL,@,FLA,L,0,0,0,-1,0,0,0,0,0,0,0,0,3,0.0,22,15:07,4,0,0,1,0.0
214,2019-02-19,35,25-264,MTL,,CBJ,W,0,0,0,2,0,0,0,0,0,0,0,0,0,,21,14:40,2,1,0,0,
215,2019-02-21,36,25-266,MTL,,PHI,W,0,0,0,1,0,0,0,0,0,0,0,0,2,0.0,21,14:40,2,0,0,0,
216,2019-02-23,37,25-268,MTL,@,TOR,L,0,0,0,-1,0,0,0,0,0,0,0,0,3,0.0,23,14:55,1,0,0,1,0.0
217,2019-02-25,38,25-270,MTL,@,NJD,L,0,0,0,0,2,0,0,0,0,0,0,0,2,0.0,19,12:58,0,2,0,1,0.0
218,2019-02-26,39,25-271,MTL,@,DET,W,1,0,1,1,2,1,0,0,0,0,0,0,4,25.0,23,15:57,3,0,0,0,
219,2019-03-01,40,25-274,MTL,@,NYR,W,3,0,3,2,0,3,0,0,1,0,0,0,4,75.0,21,14:17,1,0,0,0,
220,2019-03-02,41,25-275,MTL,,PIT,L,0,0,0,-1,0,0,0,0,0,0,0,0,2,0.0,21,15:43,3,0,0,1,0.0
221,2019-03-05,42,25-278,MTL,@,LAK,W,0,0,0,0,0,0,0,0,0,0,0,0,3,0.0,20,14:42,1,0,0,0,
222,2019-03-07,43,25-280,MTL,@,SJS,L,0,0,0,-2,0,0,0,0,0,0,0,0,1,0.0,18,13:37,3,1,0,0,
223,2019-03-08,44,25-281,MTL,@,ANA,L,0,0,0,-1,0,0,0,0,0,0,0,0,1,0.0,20,13:56,2,1,0,0,
224,2019-03-12,45,25-285,MTL,,DET,W,0,0,0,0,0,0,0,0,0,0,0,0,3,0.0,18,12:01,0,0,0,0,
225,2019-03-14,46,25-287,MTL,@,NYI,L,0,0,0,0,0,0,0,0,0,0,0,0,0,,19,13:38,2,0,0,0,
226,2019-03-16,47,25-289,MTL,,CHI,L,0,0,0,-1,0,0,0,0,0,0,0,0,1,0.0,16,11:02,3,1,0,0,
227,2019-03-19,48,25-292,MTL,@,PHI,W,0,0,0,0,0,0,0,0,0,0,0,0,2,0.0,16,14:09,3,0,0,0,
228,2019-03-21,49,25-294,MTL,,NYI,W,1,1,2,1,0,0,1,0,1,1,0,0,1,100.0,21,14:04,6,0,0,0,
229,2019-03-23,50,25-296,MTL,,BUF,W,0,0,0,-2,0,0,0,0,0,0,0,0,0,,20,14:44,2,0,0,0,
230,2019-03-24,51,25-297,MTL,@,CAR,L-OT,0,0,0,0,0,0,0,0,0,0,0,0,0,,18,12:24,2,0,0,0,
231,2019-03-26,52,25-299,MTL,,FLA,W,0,0,0,0,0,0,0,0,0,0,0,0,0,,22,17:07,1,1,0,0,
232,2019-03-28,53,25-301,MTL,@,CBJ,L,0,0,0,0,0,0,0,0,0,0,0,0,3,0.0,21,14:12,2,0,0,0,
233,2019-03-30,54,25-303,MTL,@,WPG,W,1,0,1,0,0,0,1,0,0,0,0,0,4,25.0,22,16:45,2,0,0,0,
234,2019-04-02,55,25-306,MTL,,TBL,W,1,0,1,0,0,1,0,0,0,0,0,0,4,25.0,21,14:38,0,1,0,0,
235,2019-04-04,56,25-308,MTL,@,WSH,L,0,1,1,0,0,0,0,0,0,0,1,0,1,0.0,22,16:39,0,0,0,0,
236,2019-04-06,57,25-310,MTL,,TOR,W,0,1,1,-1,0,0,0,0,0,0,1,0,2,0.0,21,13:32,2,1,0,0,
237,2019-10-03,1,26-125,MTL,@,CAR,L-SO,0,0,0,0,0,0,0,0,0,0,0,0,5,0.0,21,16:41,2,0,0,0,
238,2019-10-05,2,26-127,MTL,@,TOR,W,0,0,0,-1,0,0,0,0,0,0,0,0,0,,22,14:17,1,0,0,1,0.0
239,2019-10-09,3,26-131,MTL,@,BUF,L-OT,2,1,3,2,0,0,1,1,0,1,0,0,4,50.0,24,16:30,2,0,0,0,
240,2019-10-10,4,26-132,MTL,,DET,L,1,0,1,0,0,1,0,0,0,0,0,0,2,50.0,25,16:52,4,0,0,0,
241,2019-10-12,5,26-134,MTL,,STL,W,0,0,0,2,0,0,0,0,0,0,0,0,4,0.0,23,14:56,2,0,0,0,
242,2019-10-15,6,26-137,MTL,,TBL,L,0,0,0,-2,0,0,0,0,0,0,0,0,1,0.0,20,19:29,1,1,0,0,
243,2019-10-17,7,26-139,MTL,,MIN,W,1,0,1,2,0,0,1,0,0,0,0,0,2,50.0,26,18:15,2,0,0,0,
244,2019-10-24,8,26-146,MTL,,SJS,L,1,0,1,1,0,1,0,0,0,0,0,0,4,25.0,23,19:37,6,0,0,0,
245,2019-10-26,9,26-148,MTL,,TOR,W,1,1,2,1,0,0,1,0,1,1,0,0,4,25.0,24,16:51,4,0,0,0,
246,2019-10-30,10,26-152,MTL,@,ARI,W,0,0,0,0,0,0,0,0,0,0,0,0,2,0.0,20,15:48,4,0,0,0,
247,2019-10-31,11,26-153,MTL,@,VEG,W,0,1,1,2,0,0,0,0,0,1,0,0,0,,22,17:41,3,1,0,0,
248,2019-11-02,12,26-155,MTL,@,DAL,L,0,0,0,-1,2,0,0,0,0,0,0,0,2,0.0,24,16:52,2,1,0,0,
249,2019-11-05,13,26-158,MTL,,BOS,W,0,1,1,-1,0,0,0,0,0,1,0,0,3,0.0,20,15:02,3,0,0,0,
250,2019-11-07,14,26-160,MTL,@,PHI,L-OT,0,0,0,1,0,0,0,0,0,0,0,0,1,0.0,18,13:59,6,0,0,0,
251,2019-11-09,15,26-162,MTL,,LAK,W,0,0,0,0,0,0,0,0,0,0,0,0,3,0.0,19,16:41,1,0,0,0,
252,2019-11-12,16,26-165,MTL,,CBJ,W,0,0,0,-1,0,0,0,0,0,0,0,0,3,0.0,22,16:27,0,0,0,0,
253,2019-11-15,17,26-168,MTL,@,WSH,W,0,0,0,0,0,0,0,0,0,0,0,0,5,0.0,20,17:11,1,1,0,1,0.0
254,2019-11-16,18,26-169,MTL,,NJD,L-OT,0,0,0,0,0,0,0,0,0,0,0,0,3,0.0,22,17:32,3,0,0,0,
255,2019-11-19,19,26-172,MTL,@,CBJ,L,1,0,1,0,0,1,0,0,0,0,0,0,3,33.3,20,16:01,2,0,0,0,
256,2019-11-20,20,26-173,MTL,,OTT,L-OT,0,0,0,0,0,0,0,0,0,0,0,0,2,0.0,24,19:01,4,1,0,0,
257,2019-11-23,21,26-176,MTL,,NYR,L,0,1,1,-1,0,0,0,0,0,1,0,0,3,0.0,23,17:04,3,1,0,0,
258,2019-11-26,22,26-179,MTL,,BOS,L,0,0,0,-1,0,0,0,0,0,0,0,0,4,0.0,19,15:55,4,2,0,0,
259,2019-11-28,23,26-181,MTL,,NJD,L,1,0,1,1,2,1,0,0,0,0,0,0,5,20.0,23,14:45,1,0,0,0,
260,2019-11-30,24,26-183,MTL,,PHI,L-OT,1,0,1,-1,0,1,0,0,0,0,0,0,9,11.1,27,22:03,4,0,0,0,
261,2019-12-01,25,26-184,MTL,@,BOS,L,1,0,1,1,0,1,0,0,0,0,0,0,7,14.3,23,18:44,6,0,0,0,
262,2019-12-03,26,26-186,MTL,,NYI,W,0,0,0,-1,2,0,0,0,0,0,0,0,4,0.0,24,17:35,1,1,0,0,
263,2019-12-05,27,26-188,MTL,,COL,L,0,0,0,-1,0,0,0,0,0,0,0,0,6,0.0,24,19:33,5,1,0,1,0.0
264,2019-12-06,28,26-189,MTL,@,NYR,W,0,0,0,0,0,0,0,0,0,0,0,0,3,0.0,23,17:47,2,0,0,0,
265,2019-12-10,29,26-193,MTL,@,PIT,W,1,1,2,2,0,1,0,0,1,1,0,0,2,50.0,24,16:39,2,2,0,0,
266,2019-12-11,30,26-194,MTL,,OTT,W,0,0,0,0,4,0,0,0,0,0,0,0,4,0.0,26,16:51,3,3,0,0,
267,2019-12-14,31,26-197,MTL,,DET,L,0,1,1,1,0,0,0,0,0,1,0,0,4,0.0,24,17:53,3,1,0,1,0.0
268,2019-12-17,32,26-200,MTL,@,VAN,W,0,2,2,1,0,0,0,0,0,1,1,0,0,,24,17:18,2,0,0,0,
269,2019-12-19,33,26-202,MTL,@,CGY,W,1,0,1,0,0,1,0,0,0,0,0,0,4,25.0,24,18:51,0,2,0,0,
270,2019-12-21,34,26-204,MTL,@,EDM,L,0,0,0,0,0,0,0,0,0,0,0,0,0,,25,16:49,3,0,0,0,
271,2019-12-23,35,26-206,MTL,@,WPG,W,0,0,0,0,0,0,0,0,0,0,0,0,2,0.0,12,8:29,0,0,0,0,
272,2020-01-16,36,26-230,MTL,@,PHI,W,0,0,0,0,0,0,0,0,0,0,0,0,5,0.0,29,20:49,3,1,0,0,
273,2020-01-18,37,26-232,MTL,,VEG,W,1,0,1,-1,0,1,0,0,0,0,0,0,3,33.3,26,17:48,1,1,0,0,
274,2020-01-27,38,26-241,MTL,,WSH,L,0,0,0,-1,0,0,0,0,0,0,0,0,3,0.0,22,16:51,2,1,0,0,
275,2020-01-30,39,26-244,MTL,@,BUF,W,0,2,2,2,2,0,0,0,0,2,0,0,3,0.0,25,18:01,0,1,0,0,
276,2020-02-01,40,26-246,MTL,,FLA,W,0,1,1,1,4,0,0,0,0,1,0,0,3,0.0,27,19:40,4,0,0,0,
277,2020-02-02,41,26-247,MTL,,CBJ,L,0,0,0,0,0,0,0,0,0,0,0,0,0,,21,19:29,2,0,0,0,
278,2020-02-04,42,26-249,MTL,@,NJD,W,1,0,1,2,0,0,0,1,0,0,0,0,3,33.3,27,18:20,3,0,0,0,
279,2020-02-06,43,26-251,MTL,,ANA,W,0,1,1,0,0,0,0,0,0,1,0,0,2,0.0,23,18:02,2,0,0,0,
280,2020-02-08,44,26-253,MTL,,TOR,W,0,0,0,0,0,0,0,0,0,0,0,0,0,,23,21:56,7,0,0,0,
281,2020-02-10,45,26-255,MTL,,ARI,L,0,0,0,0,2,0,0,0,0,0,0,0,2,0.0,23,20:24,2,0,0,0,
282,2020-02-12,46,26-257,MTL,@,BOS,L,0,0,0,1,2,0,0,0,0,0,0,0,1,0.0,24,18:17,4,0,0,0,
283,2020-02-14,47,26-259,MTL,@,PIT,L,0,0,0,-1,0,0,0,0,0,0,0,0,2,0.0,19,16:24,6,0,0,0,
284,2020-02-15,48,26-260,MTL,,DAL,L-OT,1,0,1,0,2,1,0,0,0,0,0,0,2,50.0,24,17:53,2,1,1,0,100.0
285,2020-02-18,49,26-263,MTL,@,DET,L,0,0,0,-2,2,0,0,0,0,0,0,0,0,,20,14:20,1,0,0,0,
286,2020-02-20,50,26-265,MTL,@,WSH,W,0,0,0,-3,0,0,0,0,0,0,0,0,1,0.0,22,14:45,2,1,0,0,
287,2020-02-22,51,26-267,MTL,@,OTT,W,0,0,0,0,0,0,0,0,0,0,0,0,2,0.0,21,14:36,2,0,0,0,
288,2020-02-25,52,26-270,MTL,,VAN,L-OT,0,0,0,-1,0,0,0,0,0,0,0,0,2,0.0,21,15:11,2,0,1,1,50.0
289,2020-02-27,53,26-272,MTL,,NYR,L,0,0,0,0,0,0,0,0,0,0,0,0,3,0.0,23,16:45,0,1,0,0,
290,2020-02-29,54,26-274,MTL,,CAR,W,0,0,0,-1,0,0,0,0,0,0,0,0,0,,22,16:34,3,0,0,0,
291,2020-03-03,55,26-277,MTL,@,NYI,W,1,1,2,2,0,0,0,1,0,0,0,1,1,100.0,21,18:36,2,0,1,0,100.0
292,2020-03-05,56,26-279,MTL,@,TBL,L,0,0,0,0,0,0,0,0,0,0,0,0,3,0.0,22,18:45,0,0,1,0,100.0
293,2020-03-07,57,26-281,MTL,@,FLA,L,0,0,0,-1,0,0,0,0,0,0,0,0,0,,22,15:44,2,0,0,1,0.0
294,2020-03-10,58,26-284,MTL,,NSH,L,0,0,0,-1,4,0,0,0,0,0,0,0,4,0.0,23,17:58,2,0,0,1,0.0
