,date_game,game_season,age,team_id,game_location,opp_id,game_result,goals,assists,points,plus_minus,pen_min,goals_ev,goals_pp,goals_sh,goals_gw,assists_ev,assists_pp,assists_sh,shots,shot_pct,shifts,time_on_ice,hits_all,blocks_all,faceoff_wins_all,faceoff_losses_all,faceoff_percentage_all
0,2018-10-30,1,22-173,PHI,@,ANA,W,0,0,0,0,0,0,0,0,0,0,0,0,1,0.0,9,5:44,4,0,0,0,
1,2018-11-01,2,22-175,PHI,@,LAK,W,0,0,0,0,0,0,0,0,0,0,0,0,0,,11,8:01,2,0,0,0,
2,2018-11-03,3,22-177,PHI,@,SJS,L-OT,0,0,0,0,0,0,0,0,0,0,0,0,0,,9,5:44,1,0,0,0,
3,2018-11-05,4,22-179,PHI,@,ARI,W,0,0,0,0,0,0,0,0,0,0,0,0,0,,6,4:13,0,0,0,0,
4,2018-11-08,5,22-182,PHI,,ARI,W,0,0,0,1,0,0,0,0,0,0,0,0,1,0.0,7,4:10,1,0,0,0,
5,2018-11-10,6,22-184,PHI,,CHI,W,0,0,0,0,0,0,0,0,0,0,0,0,0,,6,4:59,2,0,0,0,
6,2018-11-13,7,22-187,PHI,,FLA,L,0,0,0,0,0,0,0,0,0,0,0,0,0,,8,6:41,3,0,0,0,
7,2018-11-15,8,22-189,PHI,,NJD,L,0,0,0,0,0,0,0,0,0,0,0,0,0,,9,5:36,1,0,0,0,
8,2018-11-17,9,22-191,PHI,,TBL,L-OT,0,0,0,0,0,0,0,0,0,0,0,0,0,,7,5:10,0,0,0,0,
9,2019-12-15,1,23-219,PHI,@,WPG,L,0,1,1,0,0,0,0,0,0,1,0,0,1,0.0,19,13:07,3,1,0,1,0.0
10,2019-12-17,2,23-221,PHI,,ANA,W,0,0,0,0,2,0,0,0,0,0,0,0,2,0.0,23,14:27,2,0,0,0,
11,2019-12-19,3,23-223,PHI,,BUF,W,0,0,0,0,0,0,0,0,0,0,0,0,3,0.0,17,13:26,1,1,0,0,
12,2019-12-21,4,23-225,PHI,@,OTT,W,0,1,1,1,0,0,0,0,0,1,0,0,3,0.0,22,15:18,6,3,1,1,50.0
13,2019-12-23,5,23-227,PHI,,NYR,W,1,0,1,0,0,0,1,0,0,0,0,0,2,50.0,15,7:57,0,0,0,0,
14,2019-12-28,6,23-232,PHI,@,SJS,L,0,0,0,-3,0,0,0,0,0,0,0,0,4,0.0,18,10:28,4,0,0,0,
15,2019-12-29,7,23-233,PHI,@,ANA,W,0,0,0,0,2,0,0,0,0,0,0,0,2,0.0,16,9:26,4,0,0,0,
16,2019-12-31,8,23-235,PHI,@,LAK,L,0,0,0,-1,0,0,0,0,0,0,0,0,2,0.0,17,12:03,0,0,0,0,
17,2020-01-04,9,23-239,PHI,@,ARI,L,0,0,0,1,0,0,0,0,0,0,0,0,2,0.0,22,14:14,2,0,0,0,
18,2020-01-07,10,23-242,PHI,@,CAR,L-OT,1,0,1,0,0,1,0,0,0,0,0,0,1,100.0,23,14:59,3,0,0,0,
19,2020-01-08,11,23-243,PHI,,WSH,W,0,0,0,-1,0,0,0,0,0,0,0,0,3,0.0,14,8:24,0,0,0,0,
20,2020-01-11,12,23-246,PHI,,TBL,L,0,0,0,-1,0,0,0,0,0,0,0,0,0,,17,11:59,3,2,0,0,
21,2020-01-13,13,23-248,PHI,,BOS,W,0,0,0,-1,0,0,0,0,0,0,0,0,1,0.0,15,8:45,3,0,0,0,
22,2020-01-15,14,23-250,PHI,@,STL,W,0,0,0,-1,2,0,0,0,0,0,0,0,0,,17,11:05,2,1,0,0,
23,2020-01-16,15,23-251,PHI,,MTL,L,0,0,0,0,2,0,0,0,0,0,0,0,0,,18,13:13,3,0,0,0,
24,2020-01-18,16,23-253,PHI,,LAK,W,0,0,0,0,0,0,0,0,0,0,0,0,0,,19,12:27,4,1,0,0,
25,2020-01-21,17,23-256,PHI,,PIT,W,0,0,0,0,0,0,0,0,0,0,0,0,0,,12,8:17,2,0,0,0,
26,2020-01-31,18,23-266,PHI,@,PIT,L-OT,0,1,1,1,0,0,0,0,0,1,0,0,1,0.0,14,7:47,7,0,0,0,
27,2020-02-01,19,23-267,PHI,,COL,W,0,0,0,-1,2,0,0,0,0,0,0,0,0,,14,9:05,4,1,0,0,
28,2020-02-03,20,23-269,PHI,@,DET,W,0,0,0,0,0,0,0,0,0,0,0,0,0,,16,11:20,0,0,0,0,
29,2020-02-06,21,23-272,PHI,,NJD,L,0,0,0,-1,0,0,0,0,0,0,0,0,2,0.0,15,11:29,1,0,0,0,
30,2020-02-08,22,23-274,PHI,@,WSH,W,1,1,2,2,5,1,0,0,0,1,0,0,1,100.0,16,8:11,3,0,0,0,
31,2020-02-10,23,23-276,PHI,,FLA,W,0,0,0,0,2,0,0,0,0,0,0,0,0,,14,8:15,2,0,0,0,
32,2020-02-11,24,23-277,PHI,@,NYI,L,0,0,0,0,0,0,0,0,0,0,0,0,0,,14,10:28,2,0,0,0,
33,2020-02-13,25,23-279,PHI,@,FLA,W,1,0,1,1,0,1,0,0,1,0,0,0,2,50.0,17,12:25,0,0,0,0,
34,2020-02-15,26,23-281,PHI,@,TBL,L,0,0,0,0,0,0,0,0,0,0,0,0,0,,14,6:33,0,1,0,0,
35,2020-02-18,27,23-284,PHI,,CBJ,W,0,1,1,1,2,0,0,0,0,1,0,0,0,,19,10:56,2,2,0,0,
36,2020-02-20,28,23-286,PHI,@,CBJ,W,1,0,1,1,0,1,0,0,0,0,0,0,2,50.0,16,12:11,4,0,0,0,
37,2020-02-22,29,23-288,PHI,,WPG,W,0,0,0,0,0,0,0,0,0,0,0,0,1,0.0,13,9:28,2,0,0,0,
38,2020-02-25,30,23-291,PHI,,SJS,W,1,0,1,-1,0,0,1,0,0,0,0,0,2,50.0,16,12:41,1,1,0,0,
39,2020-02-28,31,23-294,PHI,,NYR,W,0,1,1,1,0,0,0,0,0,1,0,0,2,0.0,20,13:32,3,0,0,0,
40,2020-03-01,32,23-296,PHI,@,NYR,W,0,1,1,0,0,0,0,0,0,0,1,0,2,0.0,18,10:56,3,0,0,0,
41,2020-03-04,33,23-299,PHI,@,WSH,W,0,1,1,1,0,0,0,0,0,1,0,0,2,0.0,19,12:55,3,0,0,0,
42,2020-03-05,34,23-300,PHI,,CAR,W,1,0,1,2,0,1,0,0,0,0,0,0,1,100.0,22,14:30,0,1,0,0,
43,2020-03-07,35,23-302,PHI,,BUF,W,0,0,0,0,0,0,0,0,0,0,0,0,2,0.0,16,11:40,0,0,0,0,
44,2020-03-10,36,23-305,PHI,,BOS,L,0,0,0,0,0,0,0,0,0,0,0,0,2,0.0,18,12:29,3,1,0,0,
