,date_game,game_season,age,team_id,game_location,opp_id,game_result,goals,assists,points,plus_minus,pen_min,goals_ev,goals_pp,goals_sh,goals_gw,assists_ev,assists_pp,assists_sh,shots,shot_pct,shifts,time_on_ice,hits_all,blocks_all,faceoff_wins_all,faceoff_losses_all,faceoff_percentage_all
0,2008-10-10,1,18-087,ATL,,WSH,W,0,0,0,0,9,0,0,0,0,,,,1,0.0,20,12:58,2,0,0,0,
1,2008-10-11,2,18-088,ATL,@,FLA,L-OT,0,0,0,0,2,0,0,0,0,,,,1,0.0,18,13:28,1,1,0,0,
2,2008-10-16,3,18-093,ATL,,NJD,L,0,0,0,0,0,0,0,0,0,,,,2,0.0,16,16:17,0,1,0,0,
3,2008-10-18,4,18-095,ATL,,BUF,W,0,0,0,1,0,0,0,0,0,,,,2,0.0,16,12:27,0,0,0,0,
4,2008-10-21,5,18-098,ATL,@,TBL,L-OT,0,0,0,1,2,0,0,0,0,,,,1,0.0,17,13:38,1,2,0,0,
5,2008-10-24,6,18-101,ATL,@,DET,L,0,0,0,-2,0,0,0,0,0,,,,2,0.0,21,14:06,0,0,0,0,
6,2008-10-25,7,18-102,ATL,@,BOS,L,0,0,0,-2,0,0,0,0,0,,,,1,0.0,21,16:41,0,2,0,0,
7,2008-10-28,8,18-105,ATL,,PHI,L,0,0,0,0,0,0,0,0,0,,,,0,,1,0:52,1,0,0,0,
8,2008-12-31,9,18-169,ATL,@,CAR,L,0,0,0,-1,0,0,0,0,0,,,,1,0.0,14,13:15,2,0,0,0,
9,2009-01-14,10,18-183,ATL,,OTT,L,0,0,0,0,0,0,0,0,0,,,,3,0.0,21,17:12,2,0,0,0,
10,2009-01-16,11,18-185,ATL,,TOR,W,0,0,0,0,2,0,0,0,0,,,,3,0.0,18,15:46,2,0,0,0,
11,2009-01-17,12,18-186,ATL,@,NSH,W,1,1,2,4,0,1,0,0,0,,,,2,50.0,26,21:26,4,0,0,0,
12,2009-01-20,13,18-189,ATL,,MTL,W,1,1,2,1,0,1,0,0,0,,,,3,33.3,17,19:13,2,3,0,0,
13,2009-01-21,14,18-190,ATL,@,PHI,L,0,0,0,1,0,0,0,0,0,,,,1,0.0,18,15:26,3,0,0,0,
14,2009-01-27,15,18-196,ATL,@,DAL,L,0,0,0,0,0,0,0,0,0,,,,2,0.0,17,17:53,2,0,0,0,
15,2009-01-29,16,18-198,ATL,,NYI,L,1,0,1,0,0,1,0,0,0,,,,1,100.0,19,16:17,0,1,0,0,
16,2009-01-31,17,18-200,ATL,@,CAR,L,0,0,0,-1,0,0,0,0,0,,,,1,0.0,22,16:47,2,1,0,0,
17,2009-02-03,18,18-203,ATL,@,NYR,W,0,0,0,0,0,0,0,0,0,,,,0,,22,15:36,1,1,0,0,
18,2009-02-06,19,18-206,ATL,,NJD,L,0,0,0,-1,0,0,0,0,0,,,,4,0.0,18,18:43,0,1,0,0,
19,2009-02-10,20,18-210,ATL,@,TBL,W,0,0,0,0,4,0,0,0,0,,,,1,0.0,17,14:03,1,0,0,0,
20,2009-02-11,21,18-211,ATL,,CHI,L,0,0,0,0,0,0,0,0,0,,,,2,0.0,19,17:45,3,0,0,0,
21,2009-02-15,22,18-215,ATL,@,ANA,W,0,0,0,1,0,0,0,0,0,,,,0,,25,20:10,1,0,0,0,
22,2009-02-16,23,18-216,ATL,@,LAK,W,0,3,3,2,0,0,0,0,0,,,,1,0.0,26,19:36,1,3,0,0,
23,2009-02-19,24,18-219,ATL,@,PHX,L-SO,0,0,0,-1,0,0,0,0,0,,,,0,,24,19:13,3,1,0,0,
24,2009-02-21,25,18-221,ATL,@,SJS,L,0,0,0,0,0,0,0,0,0,,,,1,0.0,18,17:14,3,2,0,0,
25,2009-02-24,26,18-224,ATL,,COL,W,0,0,0,1,0,0,0,0,0,,,,1,0.0,18,17:17,3,3,0,0,
26,2009-02-26,27,18-226,ATL,@,WSH,L,0,0,0,0,2,0,0,0,0,,,,1,0.0,19,14:02,3,3,0,0,
27,2009-02-28,28,18-228,ATL,,CAR,W,0,0,0,1,0,0,0,0,0,,,,2,0.0,20,16:07,1,0,0,0,
28,2009-03-03,29,18-231,ATL,,FLA,L,0,0,0,-1,0,0,0,0,0,,,,0,,21,20:25,1,3,0,0,
29,2009-03-06,30,18-234,ATL,,MTL,W,0,0,0,0,5,0,0,0,0,,,,3,0.0,21,16:38,1,1,0,0,
30,2009-03-08,31,18-236,ATL,,CGY,W,0,0,0,2,0,0,0,0,0,,,,1,0.0,25,21:57,1,0,0,0,
31,2009-03-10,32,18-238,ATL,@,COL,W,1,0,1,2,0,1,0,0,1,,,,4,25.0,24,19:08,0,0,0,0,
32,2009-03-12,33,18-240,ATL,@,EDM,W,1,0,1,-1,0,0,1,0,0,,,,4,25.0,30,22:16,1,3,0,0,
33,2009-03-14,34,18-242,ATL,@,BUF,W,0,1,1,1,0,0,0,0,0,,,,6,0.0,28,28:32,1,0,0,0,
34,2009-03-16,35,18-244,ATL,,WSH,W,0,1,1,0,2,0,0,0,0,,,,4,0.0,26,25:12,0,2,0,0,
35,2009-03-17,36,18-245,ATL,@,PIT,L,0,0,0,0,0,0,0,0,0,,,,2,0.0,16,15:16,0,1,0,0,
36,2009-03-20,37,18-248,ATL,,DET,L,0,1,1,-2,0,0,0,0,0,,,,2,0.0,29,20:39,2,2,0,0,
37,2009-03-21,38,18-249,ATL,@,TBL,W,0,0,0,0,0,0,0,0,0,,,,3,0.0,25,22:26,1,1,0,0,
38,2009-03-24,39,18-252,ATL,@,MTL,L,1,0,1,0,4,1,0,0,0,,,,3,33.3,25,18:34,2,2,0,0,
39,2009-03-26,40,18-254,ATL,,NYR,W,0,0,0,0,0,0,0,0,0,,,,0,,31,28:01,1,1,0,0,
40,2009-03-28,41,18-256,ATL,,OTT,W,0,0,0,1,2,0,0,0,0,,,,3,0.0,25,17:13,1,1,0,0,
41,2009-04-01,42,18-260,ATL,,BUF,W,1,0,1,2,4,1,0,0,0,,,,3,33.3,31,22:20,3,0,0,0,
42,2009-04-03,43,18-262,ATL,@,FLA,W,0,0,0,1,0,0,0,0,0,,,,1,0.0,29,22:02,2,1,0,0,
43,2009-04-05,44,18-264,ATL,@,WSH,L,0,0,0,1,0,0,0,0,0,,,,2,0.0,23,19:48,4,4,0,0,
44,2009-04-07,45,18-266,ATL,,WSH,L,0,1,1,-2,0,0,0,0,0,,,,2,0.0,23,21:51,1,2,0,0,
45,2009-04-09,46,18-268,ATL,,FLA,L,2,0,2,1,4,0,1,1,0,,,,3,66.7,27,21:22,0,1,0,0,
46,2009-04-11,47,18-270,ATL,,TBL,W,0,1,1,1,5,0,0,0,0,,,,4,0.0,20,23:57,1,0,0,0,
47,2009-10-03,1,19-080,ATL,,TBL,W,1,0,1,1,0,1,0,0,0,,,,3,33.3,28,20:38,2,1,0,0,
48,2009-10-08,2,19-085,ATL,@,STL,W,0,0,0,-1,2,0,0,0,0,,,,1,0.0,28,22:47,3,0,0,0,
49,2009-10-10,3,19-087,ATL,@,OTT,L,0,0,0,-1,0,0,0,0,0,,,,2,0.0,25,23:00,5,1,0,0,
50,2009-10-16,4,19-093,ATL,@,NJD,W,0,1,1,-1,4,0,0,0,0,,,,0,,25,18:58,1,3,0,0,
51,2009-10-17,5,19-094,ATL,@,BUF,W,0,0,0,0,6,0,0,0,0,,,,3,0.0,27,20:05,1,0,0,0,
52,2009-10-20,6,19-097,ATL,@,MTL,L-SO,0,0,0,0,0,0,0,0,0,,,,3,0.0,27,23:45,1,6,0,0,
53,2009-10-22,7,19-099,ATL,,WSH,L,1,0,1,0,0,0,0,1,0,,,,1,100.0,26,22:36,0,1,0,0,
54,2009-10-24,8,19-101,ATL,,SJS,L,0,0,0,-1,0,0,0,0,0,,,,5,0.0,25,22:58,0,2,0,0,
55,2009-10-29,9,19-106,ATL,,WSH,L,2,0,2,0,0,1,1,0,0,,,,5,40.0,25,24:57,2,2,0,0,
56,2009-10-31,10,19-108,ATL,@,OTT,W,1,0,1,1,0,1,0,0,0,,,,2,50.0,26,24:27,2,4,0,0,
57,2009-11-03,11,19-111,ATL,@,MTL,W,0,0,0,0,0,0,0,0,0,,,,2,0.0,27,24:04,2,1,0,0,
58,2009-11-05,12,19-113,ATL,,CBJ,L,0,1,1,-2,0,0,0,0,0,,,,3,0.0,24,25:24,1,1,0,0,
59,2009-11-07,13,19-115,ATL,@,NYI,L,1,0,1,0,2,1,0,0,0,,,,2,50.0,26,25:34,6,2,0,0,
60,2009-11-08,14,19-116,ATL,,STL,W,0,0,0,0,2,0,0,0,0,,,,2,0.0,30,27:56,3,2,0,0,
61,2009-11-12,15,19-120,ATL,@,NYR,W,0,0,0,0,7,0,0,0,0,,,,0,,24,21:03,3,1,0,0,
62,2009-11-13,16,19-121,ATL,,LAK,W,1,0,1,4,0,1,0,0,0,,,,3,33.3,26,24:15,2,3,0,0,
63,2009-11-15,17,19-123,ATL,,EDM,W,1,0,1,-1,2,0,1,0,0,,,,2,50.0,25,24:19,3,1,0,0,
64,2009-11-19,18,19-127,ATL,,BOS,L-SO,0,0,0,-1,0,0,0,0,0,,,,3,0.0,29,29:13,4,2,0,0,
65,2009-11-21,19,19-129,ATL,,PIT,L,0,1,1,2,2,0,0,0,0,,,,5,0.0,26,24:38,5,2,0,0,
66,2009-11-22,20,19-130,ATL,,TBL,L-OT,0,0,0,-1,0,0,0,0,0,,,,1,0.0,27,24:59,2,2,0,0,
67,2009-11-25,21,19-133,ATL,@,DET,W,0,0,0,1,0,0,0,0,0,,,,2,0.0,26,21:00,1,0,0,0,
68,2009-11-27,22,19-135,ATL,@,CAR,W,0,1,1,-2,0,0,0,0,0,,,,3,0.0,23,19:14,5,3,0,0,
69,2009-11-28,23,19-136,ATL,,PHI,W,0,0,0,0,0,0,0,0,0,,,,0,,26,22:10,3,2,0,0,
70,2009-11-30,24,19-138,ATL,,FLA,W,0,0,0,1,0,0,0,0,0,,,,1,0.0,29,22:57,1,2,0,0,
71,2009-12-03,25,19-141,ATL,,NYI,L,0,0,0,-1,0,0,0,0,0,,,,4,0.0,24,24:11,4,3,0,0,
72,2009-12-05,26,19-143,ATL,@,FLA,W,0,0,0,0,0,0,0,0,0,,,,2,0.0,28,24:10,0,2,0,0,
73,2009-12-07,27,19-145,ATL,@,TOR,L,0,0,0,0,0,0,0,0,0,,,,1,0.0,25,22:56,5,2,0,0,
74,2009-12-09,28,19-147,ATL,@,CGY,L,0,0,0,-1,0,0,0,0,0,,,,2,0.0,27,23:04,1,2,0,0,
75,2009-12-10,29,19-148,ATL,@,VAN,L,0,1,1,-2,0,0,0,0,0,,,,1,0.0,24,18:58,0,2,0,0,
76,2009-12-12,30,19-150,ATL,,MTL,W,0,0,0,0,5,0,0,0,0,,,,3,0.0,26,19:25,6,1,0,0,
77,2009-12-14,31,19-152,ATL,@,NYR,W,0,0,0,0,2,0,0,0,0,,,,1,0.0,32,26:33,5,1,0,0,
78,2009-12-16,32,19-154,ATL,@,FLA,L,0,0,0,-2,0,0,0,0,0,,,,0,,27,21:23,3,1,0,0,
79,2009-12-17,33,19-155,ATL,,DAL,W,0,0,0,-1,0,0,0,0,0,,,,0,,32,21:17,1,3,0,0,
80,2009-12-19,34,19-157,ATL,,NJD,L,0,0,0,-1,0,0,0,0,0,,,,1,0.0,27,17:51,3,0,0,0,
81,2009-12-21,35,19-159,ATL,,MTL,L-OT,0,0,0,0,2,0,0,0,0,,,,3,0.0,27,20:11,3,1,0,0,
82,2009-12-23,36,19-161,ATL,@,BOS,L,0,1,1,1,0,0,0,0,0,,,,0,,24,18:51,3,0,0,0,
83,2009-12-26,37,19-164,ATL,@,TBL,L,0,2,2,0,0,0,0,0,0,,,,1,0.0,27,20:50,1,4,0,0,
84,2009-12-28,38,19-166,ATL,@,NJD,L,0,0,0,0,0,0,0,0,0,,,,2,0.0,23,20:43,1,1,0,0,
85,2009-12-30,39,19-168,ATL,@,BOS,L,0,0,0,-2,0,0,0,0,0,,,,1,0.0,25,20:18,3,1,0,0,
86,2010-01-01,40,19-170,ATL,@,BUF,L-OT,0,1,1,0,0,0,0,0,0,,,,2,0.0,29,23:03,0,1,0,0,
87,2010-01-02,41,19-171,ATL,@,NYI,L-SO,0,0,0,-2,0,0,0,0,0,,,,0,,26,22:51,5,1,0,0,
88,2010-01-05,42,19-174,ATL,@,PIT,L,0,0,0,0,0,0,0,0,0,,,,3,0.0,28,24:30,2,0,0,0,
89,2010-01-07,43,19-176,ATL,,NYR,W,0,0,0,0,0,0,0,0,0,,,,2,0.0,32,23:32,1,2,0,0,
90,2010-01-09,44,19-178,ATL,,WSH,L,0,0,0,-1,0,0,0,0,0,,,,4,0.0,25,22:39,3,2,0,0,
91,2010-01-12,45,19-181,ATL,,OTT,W,0,0,0,1,0,0,0,0,0,,,,2,0.0,28,26:50,3,1,0,0,
92,2010-01-14,46,19-183,ATL,,BUF,L-OT,0,0,0,0,4,0,0,0,0,,,,3,0.0,30,20:36,0,0,0,0,
93,2010-01-16,47,19-185,ATL,@,CAR,W,1,1,2,4,0,1,0,0,0,,,,4,25.0,32,22:22,3,0,0,0,
94,2010-01-18,48,19-187,ATL,@,FLA,L,0,0,0,0,2,0,0,0,0,,,,1,0.0,21,21:08,2,1,0,0,
95,2010-01-19,49,19-188,ATL,,TOR,W,0,1,1,-1,0,0,0,0,0,,,,1,0.0,23,22:37,1,1,0,0,
96,2010-01-21,50,19-190,ATL,,CAR,L,0,0,0,-1,0,0,0,0,0,,,,0,,25,21:40,8,0,0,0,
97,2010-01-23,51,19-192,ATL,@,TBL,L-SO,0,0,0,0,0,0,0,0,0,,,,3,0.0,29,25:18,0,0,0,0,
98,2010-01-26,52,19-195,ATL,,ANA,W,0,0,0,0,0,0,0,0,0,,,,3,0.0,23,24:08,2,4,0,0,
99,2010-01-28,53,19-197,ATL,@,PHI,W,0,0,0,1,0,0,0,0,0,,,,0,,29,21:31,1,3,0,0,
100,2010-01-30,54,19-199,ATL,@,NSH,L,0,0,0,-3,0,0,0,0,0,,,,1,0.0,27,20:56,4,3,0,0,
101,2010-02-02,55,19-202,ATL,,TBL,L,0,0,0,-1,2,0,0,0,0,,,,3,0.0,24,20:17,2,0,0,0,
102,2010-02-05,56,19-205,ATL,@,WSH,L,0,0,0,-1,0,0,0,0,0,,,,5,0.0,26,22:35,3,2,0,0,
103,2010-02-06,57,19-206,ATL,,FLA,W,0,0,0,1,7,0,0,0,0,,,,3,0.0,23,17:15,1,3,0,0,
104,2010-02-10,58,19-210,ATL,@,COL,L-OT,0,0,0,1,0,0,0,0,0,,,,1,0.0,23,17:22,1,0,0,0,
105,2010-02-12,59,19-212,ATL,@,MIN,W,0,0,0,0,0,0,0,0,0,,,,2,0.0,21,15:51,1,1,0,0,
106,2010-02-13,60,19-213,ATL,@,CHI,L-SO,0,0,0,-2,0,0,0,0,0,,,,1,0.0,20,14:31,3,1,0,0,
107,2010-03-02,61,19-230,ATL,,FLA,W,0,0,0,1,0,0,0,0,0,,,,5,0.0,24,18:32,5,0,0,0,
108,2010-03-04,62,19-232,ATL,,NYI,W,0,1,1,1,0,0,0,0,0,,,,2,0.0,20,18:32,4,3,0,0,
109,2010-03-06,63,19-234,ATL,@,TBL,L,0,0,0,0,0,0,0,0,0,,,,1,0.0,20,18:39,2,1,0,0,
110,2010-03-07,64,19-235,ATL,,CAR,L,0,0,0,-1,2,0,0,0,0,,,,2,0.0,22,17:45,3,2,0,0,
111,2010-03-09,65,19-237,ATL,,NSH,L,0,0,0,0,0,0,0,0,0,,,,2,0.0,19,18:11,1,0,0,0,
112,2010-03-11,66,19-239,ATL,@,CBJ,L,0,0,0,0,2,0,0,0,0,,,,3,0.0,23,22:16,4,2,0,0,
113,2010-03-12,67,19-240,ATL,,NYR,L,0,0,0,-1,0,0,0,0,0,,,,2,0.0,24,22:04,3,0,0,0,
114,2010-03-16,68,19-244,ATL,,BUF,W,0,0,0,1,0,0,0,0,0,,,,1,0.0,21,18:30,5,0,0,0,
115,2010-03-18,69,19-246,ATL,,OTT,W,0,0,0,1,0,0,0,0,0,,,,0,,25,18:46,1,1,0,0,
116,2010-03-20,70,19-248,ATL,,PHI,W,0,0,0,-1,0,0,0,0,0,,,,3,0.0,25,20:08,2,2,0,0,
117,2010-03-21,71,19-249,ATL,@,PHI,W,0,0,0,0,0,0,0,0,0,,,,1,0.0,23,16:17,4,0,0,0,
118,2010-03-23,72,19-251,ATL,,BOS,L,0,0,0,-2,0,0,0,0,0,,,,0,,24,18:13,1,1,0,0,
119,2010-03-25,73,19-253,ATL,,TOR,L-OT,1,0,1,0,4,0,1,0,0,,,,1,100.0,14,12:17,1,1,0,0,
120,2010-03-27,74,19-255,ATL,@,CAR,W,0,1,1,1,0,0,0,0,0,,,,2,0.0,26,20:00,2,3,0,0,
121,2010-03-29,75,19-257,ATL,,CAR,L,0,0,0,-1,0,0,0,0,0,,,,1,0.0,21,19:24,3,4,0,0,
122,2010-03-30,76,19-258,ATL,@,TOR,W,0,0,0,0,0,0,0,0,0,,,,1,0.0,19,18:22,2,1,0,0,
123,2010-04-01,77,19-260,ATL,@,WSH,L,0,0,0,-1,0,0,0,0,0,,,,0,,26,23:26,1,0,0,0,
124,2010-04-03,78,19-262,ATL,@,PIT,L-OT,0,0,0,0,2,0,0,0,0,,,,4,0.0,22,17:48,5,1,0,0,
125,2010-04-06,79,19-265,ATL,,NJD,L,0,0,0,-2,0,0,0,0,0,,,,1,0.0,20,22:36,1,1,0,0,
126,2010-04-09,80,19-268,ATL,@,WSH,L,0,0,0,-1,0,0,0,0,0,,,,2,0.0,23,19:29,2,4,0,0,
127,2010-04-10,81,19-269,ATL,,PIT,W,0,0,0,1,0,0,0,0,0,,,,1,0.0,26,19:47,1,3,0,0,
128,2010-10-08,1,20-085,ATL,,WSH,W,0,0,0,0,2,0,0,0,0,,,,1,0.0,28,25:09,1,2,0,0,
129,2010-10-09,2,20-086,ATL,@,TBL,L,0,0,0,0,0,0,0,0,0,,,,2,0.0,24,25:07,1,2,0,0,
130,2010-10-12,3,20-089,ATL,@,LAK,L,0,0,0,-1,0,0,0,0,0,,,,2,0.0,29,21:58,5,0,0,0,
131,2010-10-29,4,20-106,ATL,,BUF,W,0,0,0,0,2,0,0,0,0,,,,2,0.0,23,19:10,2,1,0,0,
132,2010-10-30,5,20-107,ATL,@,STL,L-SO,0,0,0,-1,4,0,0,0,0,,,,0,,31,21:18,1,0,0,0,
133,2010-11-03,6,20-111,ATL,@,FLA,W,0,1,1,0,0,0,0,0,0,,,,2,0.0,27,21:28,2,1,0,0,
134,2010-11-04,7,20-112,ATL,,CBJ,L,0,0,0,-2,0,0,0,0,0,,,,2,0.0,26,21:29,1,1,0,0,
135,2010-11-06,8,20-114,ATL,,CHI,L-SO,0,1,1,0,0,0,0,0,0,,,,2,0.0,32,23:09,2,3,0,0,
136,2010-11-09,9,20-117,ATL,@,OTT,L,0,0,0,-2,0,0,0,0,0,,,,1,0.0,24,20:53,1,0,0,0,
137,2010-11-11,10,20-119,ATL,,MIN,W,0,0,0,0,2,0,0,0,0,,,,6,0.0,24,21:24,0,1,0,0,
138,2010-11-13,11,20-121,ATL,,PIT,L,0,0,0,-2,0,0,0,0,0,,,,2,0.0,24,19:24,2,1,0,0,
139,2010-11-14,12,20-122,ATL,@,WSH,L,0,0,0,-1,0,0,0,0,0,,,,0,,27,23:26,3,1,0,0,
140,2010-11-17,13,20-125,ATL,,FLA,L,1,0,1,-1,0,1,0,0,0,,,,3,33.3,29,27:05,0,3,0,0,
141,2010-11-19,14,20-127,ATL,,WSH,W,0,0,0,2,0,0,0,0,0,,,,1,0.0,21,22:07,2,4,0,0,
142,2010-11-21,15,20-129,ATL,,NYI,W,0,0,0,0,2,0,0,0,0,,,,2,0.0,28,20:40,2,1,0,0,
143,2010-11-24,16,20-132,ATL,,DET,W,0,0,0,1,2,0,0,0,0,,,,1,0.0,22,17:44,3,1,0,0,
144,2010-11-26,17,20-134,ATL,,MTL,W,0,0,0,0,5,0,0,0,0,,,,1,0.0,22,18:46,1,1,0,0,
145,2010-11-28,18,20-136,ATL,,BOS,W,0,0,0,0,0,0,0,0,0,,,,2,0.0,23,18:55,3,0,0,0,
146,2010-11-30,19,20-138,ATL,@,COL,W,0,1,1,1,0,0,0,0,0,,,,3,0.0,25,19:16,2,0,0,0,
147,2010-12-02,20,20-140,ATL,@,PIT,L,0,0,0,1,0,0,0,0,0,,,,0,,27,18:16,0,1,0,0,
148,2010-12-04,21,20-142,ATL,@,WSH,W,0,0,0,0,0,0,0,0,0,,,,3,0.0,27,21:46,1,3,0,0,
149,2010-12-06,22,20-144,ATL,,NSH,W,1,0,1,-1,0,1,0,0,1,,,,4,25.0,22,21:46,1,3,0,0,
150,2010-12-10,23,20-148,ATL,,COL,L,0,0,0,0,0,0,0,0,0,,,,1,0.0,26,19:24,3,2,0,0,
151,2010-12-11,24,20-149,ATL,@,NYI,W,0,0,0,1,0,0,0,0,0,,,,3,0.0,24,20:35,0,,,,
152,2010-12-13,25,20-151,ATL,@,OTT,W,0,0,0,0,0,0,0,0,0,,,,3,0.0,26,24:21,0,3,0,0,
153,2010-12-15,26,20-153,ATL,@,TBL,L-SO,0,0,0,-1,2,0,0,0,0,,,,2,0.0,31,23:33,1,2,0,0,
154,2010-12-16,27,20-154,ATL,,CAR,L-SO,0,0,0,-2,0,0,0,0,0,,,,4,0.0,25,22:29,0,4,0,0,
155,2010-12-18,28,20-156,ATL,,NJD,W,0,0,0,1,0,0,0,0,0,,,,2,0.0,23,20:21,0,3,0,0,
156,2010-12-20,29,20-158,ATL,@,TOR,W,0,0,0,1,0,0,0,0,0,,,,0,,26,20:23,0,3,0,0,
157,2010-12-21,30,20-159,ATL,,STL,L,0,0,0,0,0,0,0,0,0,,,,2,0.0,21,17:20,1,1,0,0,
158,2010-12-26,31,20-164,ATL,,TBL,L-OT,1,0,1,1,0,1,0,0,0,,,,1,100.0,28,24:26,2,1,0,0,
159,2010-12-28,32,20-166,ATL,@,PIT,L,0,0,0,-3,0,0,0,0,0,,,,2,0.0,28,18:43,2,0,0,0,
160,2010-12-30,33,20-168,ATL,,BOS,W,0,0,0,0,0,0,0,0,0,,,,2,0.0,25,20:30,2,2,0,0,
161,2011-01-02,34,20-171,ATL,@,MTL,W,0,1,1,-1,0,0,0,0,0,,,,1,0.0,26,22:16,3,0,0,0,
162,2011-01-05,35,20-174,ATL,@,FLA,W,0,1,1,1,0,0,0,0,0,,,,3,0.0,31,22:15,5,0,0,0,
163,2011-01-07,36,20-176,ATL,,TOR,L,0,0,0,-2,0,0,0,0,0,,,,2,0.0,25,20:23,0,0,0,0,
164,2011-01-09,37,20-178,ATL,@,CAR,L-OT,0,0,0,1,0,0,0,0,0,,,,2,0.0,24,20:06,4,1,0,0,
165,2011-01-14,38,20-183,ATL,,PHI,L,0,0,0,-2,0,0,0,0,0,,,,1,0.0,24,19:56,2,1,0,0,
166,2011-01-15,39,20-184,ATL,@,DAL,L,0,0,0,-1,0,0,0,0,0,,,,1,0.0,26,21:46,2,0,0,0,
167,2011-01-23,40,20-192,ATL,@,TBL,L,0,0,0,-1,0,0,0,0,0,,,,2,0.0,29,23:40,0,2,0,0,
168,2011-01-26,41,20-195,ATL,,WSH,W,0,0,0,1,0,0,0,0,0,,,,2,0.0,27,21:49,2,3,0,0,
169,2011-02-01,42,20-201,ATL,,NYI,L,0,0,0,-2,0,0,0,0,0,,,,0,,27,22:18,0,0,0,0,
170,2011-02-03,43,20-203,ATL,,CGY,L,0,0,0,-2,0,0,0,0,0,,,,3,0.0,27,23:06,2,0,0,0,
171,2011-02-05,44,20-205,ATL,@,CAR,L-OT,1,0,1,0,0,1,0,0,0,,,,3,33.3,29,24:52,3,0,0,0,
172,2011-02-07,45,20-207,ATL,@,TOR,L,0,2,2,1,0,0,0,0,0,,,,1,0.0,28,25:41,2,2,0,0,
173,2011-02-11,46,20-211,ATL,,NYR,W,0,0,0,0,0,0,0,0,0,,,,7,0.0,24,21:35,1,1,0,0,
174,2011-02-13,47,20-213,ATL,,CAR,L,0,0,0,-1,0,0,0,0,0,,,,2,0.0,23,23:24,3,1,0,0,
175,2011-02-17,48,20-217,ATL,@,PHX,L,0,0,0,-1,0,0,0,0,0,,,,0,,24,20:14,3,0,0,0,
176,2011-02-19,49,20-219,ATL,@,EDM,L,0,1,1,1,2,0,0,0,0,,,,5,0.0,27,22:16,1,0,0,0,
177,2011-02-23,50,20-223,ATL,@,BUF,L,0,0,0,0,0,0,0,0,0,,,,3,0.0,29,23:04,1,1,0,0,
178,2011-02-25,51,20-225,ATL,,FLA,L-SO,0,0,0,1,2,0,0,0,0,,,,5,0.0,31,24:58,1,3,0,0,
179,2011-02-27,52,20-227,ATL,,TOR,W,0,1,1,1,0,0,0,0,0,,,,5,0.0,28,23:46,2,1,0,0,
180,2011-03-01,53,20-229,ATL,,MTL,L,0,0,0,-1,0,0,0,0,0,,,,2,0.0,27,23:22,2,1,0,0,
181,2011-03-03,54,20-231,ATL,,OTT,L,0,0,0,-1,0,0,0,0,0,,,,4,0.0,24,22:27,2,0,0,0,
182,2011-03-05,55,20-233,ATL,,FLA,W,0,0,0,-1,0,0,0,0,0,,,,2,0.0,28,22:44,5,1,0,0,
183,2011-03-09,56,20-237,ATL,@,CAR,W,0,1,1,-1,0,0,0,0,0,,,,1,0.0,37,28:56,0,2,0,0,
184,2011-03-11,57,20-239,ATL,,NJD,L-OT,0,0,0,0,0,0,0,0,0,,,,3,0.0,29,26:17,4,1,0,0,
185,2011-03-12,58,20-240,ATL,@,PHI,W,1,0,1,2,0,1,0,0,0,,,,4,25.0,32,27:34,0,3,0,0,
186,2011-03-15,59,20-243,ATL,@,NJD,L,0,0,0,-1,0,0,0,0,0,,,,3,0.0,27,25:27,1,0,0,0,
187,2011-03-17,60,20-245,ATL,,PHI,W,0,0,0,-1,0,0,0,0,0,,,,3,0.0,35,29:10,0,0,0,0,
188,2011-03-19,61,20-247,ATL,@,BUF,L,0,0,0,-3,2,0,0,0,0,,,,0,,29,23:23,0,1,0,0,
189,2011-03-24,62,20-252,ATL,@,NYI,W,0,0,0,-1,0,0,0,0,0,,,,2,0.0,29,23:16,0,3,0,0,
190,2011-03-25,63,20-253,ATL,,VAN,L,0,0,0,0,0,0,0,0,0,,,,2,0.0,27,22:52,0,2,0,0,
191,2011-03-27,64,20-255,ATL,,OTT,W,0,1,1,0,0,0,0,0,0,,,,5,0.0,27,20:52,4,1,0,0,
192,2011-03-29,65,20-257,ATL,@,MTL,L,0,0,0,-2,2,0,0,0,0,,,,0,,28,23:37,1,2,0,0,
193,2011-03-31,66,20-259,ATL,@,PHI,W,0,0,0,0,0,0,0,0,0,,,,3,0.0,29,23:03,0,1,0,0,
194,2011-04-02,67,20-261,ATL,@,BOS,L,0,1,1,-2,0,0,0,0,0,,,,2,0.0,26,23:35,1,1,0,0,
195,2011-04-05,68,20-264,ATL,@,NSH,L,0,0,0,1,0,0,0,0,0,,,,2,0.0,26,23:41,2,0,0,0,
196,2011-04-07,69,20-266,ATL,@,NYR,W,0,0,0,1,0,0,0,0,0,,,,1,0.0,29,22:56,3,1,0,0,
197,2011-04-08,70,20-267,ATL,,CAR,L,0,0,0,-1,0,0,0,0,0,,,,2,0.0,26,21:26,2,2,0,0,
198,2011-04-10,71,20-269,ATL,,PIT,L,0,0,0,-2,0,0,0,0,0,,,,2,0.0,26,26:16,0,0,0,0,
199,2011-10-09,1,21-086,WPG,,MTL,L,0,0,0,-1,2,0,0,0,0,,,,3,0.0,24,22:58,0,0,0,0,
200,2011-10-13,2,21-090,WPG,@,CHI,L,0,0,0,-2,0,0,0,0,0,,,,0,,23,18:26,1,0,0,0,
201,2011-10-15,3,21-092,WPG,@,PHX,L,0,0,0,0,0,0,0,0,0,,,,0,,22,19:25,5,4,0,0,
202,2011-10-17,4,21-094,WPG,,PIT,W,0,0,0,1,0,0,0,0,0,,,,6,0.0,24,22:59,2,0,0,0,
203,2011-10-19,5,21-096,WPG,@,TOR,L-SO,0,0,0,-1,2,0,0,0,0,,,,1,0.0,27,22:17,3,1,0,0,
204,2011-10-20,6,21-097,WPG,@,OTT,L,0,0,0,-1,2,0,0,0,0,,,,1,0.0,26,21:21,4,0,0,0,
205,2011-10-22,7,21-099,WPG,,CAR,W,0,2,2,1,2,0,0,0,0,,,,1,0.0,24,20:56,3,1,0,0,
206,2011-10-24,8,21-101,WPG,,NYR,L,0,0,0,0,0,0,0,0,0,,,,1,0.0,23,22:14,4,2,0,0,
207,2011-10-27,9,21-104,WPG,@,PHI,W,0,0,0,-3,2,0,0,0,0,,,,3,0.0,28,21:10,2,4,0,0,
208,2011-10-29,10,21-106,WPG,@,TBL,L,0,0,0,0,0,0,0,0,0,,,,2,0.0,25,21:59,0,1,0,0,
209,2011-10-31,11,21-108,WPG,@,FLA,W,0,2,2,2,2,0,0,0,0,,,,1,0.0,30,26:42,3,2,0,0,
210,2011-11-03,12,21-111,WPG,@,NYI,W,0,0,0,1,0,0,0,0,0,,,,1,0.0,25,22:54,2,4,0,0,
211,2011-11-05,13,21-113,WPG,@,NJD,L-OT,0,0,0,-1,0,0,0,0,0,,,,1,0.0,28,26:25,4,1,0,0,
212,2011-11-06,14,21-114,WPG,@,NYR,L,0,0,0,-1,0,0,0,0,0,,,,1,0.0,29,29:47,1,0,0,0,
213,2011-11-08,15,21-116,WPG,@,BUF,L-OT,0,0,0,1,4,0,0,0,0,,,,3,0.0,34,28:50,0,3,0,0,
214,2011-11-10,16,21-118,WPG,,FLA,L,0,1,1,-1,0,0,0,0,0,,,,1,0.0,28,24:22,2,1,0,0,
215,2011-11-12,17,21-120,WPG,@,CBJ,L,0,0,0,0,2,0,0,0,0,,,,1,0.0,31,25:41,1,2,0,0,
216,2011-11-14,18,21-122,WPG,,TBL,W,0,0,0,2,4,0,0,0,0,,,,1,0.0,27,21:38,0,1,0,0,
217,2011-11-17,19,21-125,WPG,,WSH,W,0,0,0,-1,0,0,0,0,0,,,,1,0.0,33,27:29,1,0,0,0,
218,2011-11-19,20,21-127,WPG,,PHI,W,0,0,0,0,0,0,0,0,0,,,,1,0.0,27,31:00,1,0,0,0,
219,2011-11-23,21,21-131,WPG,@,WSH,L-OT,0,1,1,2,0,0,0,0,0,,,,3,0.0,32,27:02,7,2,0,0,
220,2011-11-25,22,21-133,WPG,@,CAR,W,0,2,2,3,2,0,0,0,0,,,,3,0.0,32,24:12,1,3,0,0,
221,2011-11-26,23,21-134,WPG,@,BOS,L,0,0,0,-1,4,0,0,0,0,,,,5,0.0,27,25:28,2,1,0,0,
222,2011-11-29,24,21-137,WPG,,OTT,L,0,1,1,0,0,0,0,0,0,,,,3,0.0,31,26:38,1,0,0,0,
223,2011-12-01,25,21-139,WPG,,PHX,W,0,0,0,1,0,0,0,0,0,,,,3,0.0,27,26:41,0,0,0,0,
224,2011-12-03,26,21-141,WPG,,NJD,W,0,1,1,1,0,0,0,0,0,,,,2,0.0,29,25:47,3,1,0,0,
225,2011-12-06,27,21-144,WPG,,BOS,W,0,0,0,-1,2,0,0,0,0,,,,1,0.0,24,23:31,0,3,0,0,
226,2011-12-09,28,21-147,WPG,,CAR,W,0,0,0,-1,0,0,0,0,0,,,,1,0.0,27,24:52,2,3,0,0,
227,2011-12-10,29,21-148,WPG,@,DET,L,0,0,0,-4,0,0,0,0,0,,,,2,0.0,26,26:04,5,2,0,0,
228,2011-12-13,30,21-151,WPG,,MIN,W,1,0,1,2,15,1,0,0,0,,,,1,100.0,27,21:48,1,2,0,0,
229,2011-12-15,31,21-153,WPG,,WSH,L,0,0,0,-1,0,0,0,0,0,,,,4,0.0,25,23:31,2,0,0,0,
230,2011-12-17,32,21-155,WPG,,ANA,W,1,2,3,2,0,1,0,0,0,,,,3,33.3,25,21:51,0,1,0,0,
231,2011-12-20,33,21-158,WPG,,NYI,L-SO,0,0,0,-1,0,0,0,0,0,,,,1,0.0,24,22:15,1,2,0,0,
232,2011-12-22,34,21-160,WPG,,MTL,W,0,1,1,1,0,0,0,0,0,,,,2,0.0,25,23:02,0,3,0,0,
233,2011-12-23,35,21-161,WPG,,PIT,L,0,0,0,-2,0,0,0,0,0,,,,1,0.0,24,19:18,1,4,0,0,
234,2011-12-27,36,21-165,WPG,@,COL,W,0,0,0,1,0,0,0,0,0,,,,1,0.0,27,22:56,0,2,0,0,
235,2011-12-29,37,21-167,WPG,,LAK,W,0,0,0,0,2,0,0,0,0,,,,1,0.0,28,22:58,3,2,0,0,
236,2011-12-31,38,21-169,WPG,,TOR,W,1,0,1,0,0,0,1,0,0,,,,2,50.0,30,23:14,6,1,0,0,
237,2012-01-04,39,21-173,WPG,@,MTL,L,0,1,1,-2,0,0,0,0,0,,,,4,0.0,27,22:06,0,3,0,0,
238,2012-01-05,40,21-174,WPG,@,TOR,L,0,0,0,-2,0,0,0,0,0,,,,2,0.0,26,23:18,5,2,0,0,
239,2012-01-07,41,21-176,WPG,@,BUF,W,0,0,0,0,0,0,0,0,0,,,,3,0.0,30,29:04,1,6,0,0,
240,2012-01-10,42,21-179,WPG,@,BOS,L,0,2,2,1,0,0,0,0,0,,,,0,,13,12:16,0,0,0,0,
241,2012-01-21,43,21-190,WPG,,FLA,L-SO,0,0,0,0,0,0,0,0,0,,,,9,0.0,31,25:19,3,1,0,0,
242,2012-01-23,44,21-192,WPG,@,CAR,L,0,0,0,-1,0,0,0,0,0,,,,6,0.0,25,26:00,0,1,0,0,
243,2012-01-24,45,21-193,WPG,@,NYR,L,0,0,0,-3,0,0,0,0,0,,,,3,0.0,23,24:03,1,4,0,0,
244,2012-01-31,46,21-200,WPG,@,PHI,W,0,0,0,0,0,0,0,0,0,,,,4,0.0,31,26:07,1,2,0,0,
245,2012-02-02,47,21-202,WPG,@,TBL,W,0,0,0,1,0,0,0,0,0,,,,3,0.0,25,22:52,0,1,0,0,
246,2012-02-03,48,21-203,WPG,@,FLA,L,0,0,0,0,0,0,0,0,0,,,,1,0.0,24,20:29,2,1,0,0,
247,2012-02-05,49,21-205,WPG,@,MTL,L,0,0,0,0,0,0,0,0,0,,,,1,0.0,25,24:14,1,4,0,0,
248,2012-02-07,50,21-207,WPG,,TOR,W,0,1,1,2,0,0,0,0,0,,,,4,0.0,23,21:23,0,0,0,0,
249,2012-02-09,51,21-209,WPG,@,WSH,W,0,0,0,0,2,0,0,0,0,,,,1,0.0,23,19:51,1,2,0,0,
250,2012-02-11,52,21-211,WPG,@,PIT,L,0,1,1,0,0,0,0,0,0,,,,1,0.0,26,20:41,1,0,0,0,
251,2012-02-14,53,21-214,WPG,,NYI,L,0,0,0,-1,2,0,0,0,0,,,,1,0.0,23,18:28,0,1,0,0,
252,2012-03-01,54,21-230,WPG,,FLA,W,0,1,1,0,0,0,0,0,0,,,,1,0.0,24,22:12,3,3,0,0,
253,2012-03-18,55,21-247,WPG,,CAR,L,0,0,0,1,15,0,0,0,0,,,,1,0.0,12,11:07,2,0,0,0,
254,2012-03-20,56,21-249,WPG,@,PIT,L,0,0,0,-1,0,0,0,0,0,,,,1,0.0,24,20:09,1,1,0,0,
255,2012-03-23,57,21-252,WPG,@,WSH,W,0,0,0,1,0,0,0,0,0,,,,6,0.0,27,24:25,1,2,0,0,
256,2012-03-24,58,21-253,WPG,@,NSH,L,0,0,0,0,0,0,0,0,0,,,,3,0.0,25,23:39,0,1,0,0,
257,2012-03-26,59,21-255,WPG,,OTT,L,0,1,1,-1,0,0,0,0,0,,,,10,0.0,28,24:21,6,1,0,0,
258,2012-03-28,60,21-257,WPG,,NYR,L,0,0,0,1,0,0,0,0,0,,,,3,0.0,26,21:00,2,1,0,0,
259,2012-03-30,61,21-259,WPG,@,CAR,W,0,3,3,2,5,0,0,0,0,,,,5,0.0,28,23:03,2,0,0,0,
260,2012-03-31,62,21-260,WPG,@,TBL,L-OT,0,0,0,0,0,0,0,0,0,,,,1,0.0,28,21:51,3,5,0,0,
261,2012-04-03,63,21-263,WPG,@,FLA,W,1,1,2,1,0,1,0,0,0,,,,1,100.0,29,27:50,4,2,0,0,
262,2012-04-05,64,21-265,WPG,@,NYI,L,1,1,2,0,0,1,0,0,0,,,,3,33.3,24,23:19,2,1,0,0,
263,2012-04-07,65,21-267,WPG,,TBL,L-OT,0,0,0,0,0,0,0,0,0,,,,3,0.0,26,26:45,1,5,0,0,
264,2013-02-15,1,22-215,WPG,,PIT,L,0,0,0,0,0,0,0,0,0,,,,1,0.0,26,25:38,3,3,0,0,
265,2013-02-17,2,22-217,WPG,,BOS,L,0,1,1,1,0,0,0,0,0,,,,2,0.0,25,23:37,4,1,0,0,
266,2013-02-19,3,22-219,WPG,@,BUF,W,0,0,0,0,0,0,0,0,0,,,,1,0.0,27,23:30,0,0,0,0,
267,2013-02-21,4,22-221,WPG,@,CAR,W,0,0,0,-1,0,0,0,0,0,,,,3,0.0,30,23:59,3,2,0,0,
268,2013-02-23,5,22-223,WPG,@,PHI,L,0,0,0,0,0,0,0,0,0,,,,7,0.0,33,25:25,1,1,0,0,
269,2013-02-24,6,22-224,WPG,@,NJD,W,1,0,1,1,0,1,0,0,0,,,,3,33.3,30,22:19,2,0,0,0,
270,2013-02-26,7,22-226,WPG,@,NYR,W,0,0,0,-2,0,0,0,0,0,,,,5,0.0,27,24:58,2,2,0,0,
271,2013-02-28,8,22-228,WPG,,NJD,W,0,1,1,2,0,0,0,0,0,,,,1,0.0,29,26:10,1,2,0,0,
272,2013-03-02,9,22-230,WPG,,WSH,L,0,0,0,-1,2,0,0,0,0,,,,4,0.0,22,20:26,2,0,0,0,
273,2013-03-05,10,22-233,WPG,@,FLA,L,0,0,0,-2,0,0,0,0,0,,,,2,0.0,23,20:21,2,0,0,0,
274,2013-03-07,11,22-235,WPG,@,TBL,W,0,0,0,-1,0,0,0,0,0,,,,2,0.0,31,26:34,0,1,0,0,
275,2013-03-08,12,22-236,WPG,@,FLA,W,0,0,0,0,2,0,0,0,0,,,,4,0.0,29,23:43,5,0,0,0,
276,2013-03-10,13,22-238,WPG,@,NJD,L-SO,0,0,0,1,0,0,0,0,0,,,,3,0.0,27,23:10,6,0,0,0,
277,2013-03-12,14,22-240,WPG,,TOR,W,0,0,0,0,0,0,0,0,0,,,,2,0.0,24,21:43,4,2,0,0,
278,2013-03-14,15,22-242,WPG,,NYR,W,0,0,0,1,0,0,0,0,0,,,,4,0.0,25,22:30,4,1,0,0,
279,2013-03-16,16,22-244,WPG,@,TOR,W,0,1,1,0,17,0,0,0,0,,,,3,0.0,21,19:28,1,2,0,0,
280,2013-03-17,17,22-245,WPG,@,OTT,L,1,0,1,0,0,1,0,0,0,,,,4,25.0,23,21:47,4,1,0,0,
281,2013-03-19,18,22-247,WPG,,BOS,W,0,1,1,0,0,0,0,0,0,,,,3,0.0,26,23:58,3,2,0,0,
282,2013-03-21,19,22-249,WPG,,WSH,L,0,0,0,-1,0,0,0,0,0,,,,2,0.0,25,23:38,4,3,0,0,
283,2013-03-22,20,22-250,WPG,,WSH,L,0,0,0,-2,0,0,0,0,0,,,,1,0.0,22,21:43,2,0,0,0,
284,2013-03-24,21,22-252,WPG,,TBL,W,0,0,0,-1,4,0,0,0,0,,,,1,0.0,29,22:25,5,2,0,0,
285,2013-03-26,22,22-254,WPG,@,CAR,W,0,0,0,3,0,0,0,0,0,,,,2,0.0,29,23:07,1,2,0,0,
286,2013-03-28,23,22-256,WPG,@,PIT,L,0,0,0,-3,0,0,0,0,0,,,,1,0.0,21,20:23,1,2,0,0,
287,2013-03-30,24,22-258,WPG,,CAR,L,0,0,0,-1,0,0,0,0,0,,,,9,0.0,28,23:29,0,2,0,0,
288,2013-04-01,25,22-260,WPG,@,NYR,L,1,0,1,-1,0,1,0,0,0,,,,3,33.3,25,25:02,0,3,0,0,
289,2013-04-02,26,22-261,WPG,@,NYI,L,0,0,0,-1,0,0,0,0,0,,,,0,,27,27:02,1,1,0,0,
290,2013-04-04,27,22-263,WPG,@,MTL,L,0,0,0,0,0,0,0,0,0,,,,1,0.0,28,23:01,2,3,0,0,
291,2013-04-06,28,22-265,WPG,,PHI,W,0,0,0,1,2,0,0,0,0,,,,0,,26,25:32,1,4,0,0,
292,2013-04-09,29,22-268,WPG,,BUF,W,0,0,0,0,0,0,0,0,0,,,,1,0.0,27,24:04,2,3,0,0,
293,2013-04-11,30,22-270,WPG,,FLA,W,0,2,2,0,0,0,0,0,0,,,,1,0.0,23,19:34,4,0,0,0,
294,2013-04-16,31,22-275,WPG,,TBL,W,0,2,2,0,0,0,0,0,0,,,,4,0.0,29,24:12,2,1,0,0,
295,2013-04-18,32,22-277,WPG,,CAR,W,1,1,2,1,0,1,0,0,0,,,,2,50.0,27,22:05,2,3,0,0,
296,2013-04-20,33,22-279,WPG,,NYI,L-SO,1,0,1,1,2,1,0,0,0,,,,3,33.3,25,18:32,5,1,0,0,
297,2013-10-01,1,23-078,WPG,@,EDM,W,0,1,1,2,0,0,0,0,0,,,,2,0.0,28,22:13,0,0,0,0,
298,2013-10-04,2,23-081,WPG,,LAK,W,0,0,0,1,0,0,0,0,0,,,,3,0.0,25,20:20,2,1,0,0,
299,2013-10-06,3,23-083,WPG,,ANA,L,0,0,0,-1,2,0,0,0,0,,,,0,,28,21:18,0,3,0,0,
300,2013-10-10,4,23-087,WPG,@,MIN,L,0,0,0,-1,0,0,0,0,0,,,,1,0.0,26,20:03,0,0,0,0,
301,2013-10-11,5,23-088,WPG,,DAL,L,0,0,0,0,0,0,0,0,0,,,,3,0.0,25,20:58,4,0,0,0,
302,2013-10-13,6,23-090,WPG,,NJD,W,0,0,0,2,2,0,0,0,0,,,,2,0.0,25,21:31,7,3,0,0,
303,2013-10-15,7,23-092,WPG,,MTL,L,0,0,0,-1,2,0,0,0,0,,,,4,0.0,24,21:48,2,1,0,0,
304,2013-10-18,8,23-095,WPG,,STL,W,0,0,0,0,0,0,0,0,0,,,,3,0.0,28,27:55,3,6,0,0,
305,2013-10-20,9,23-097,WPG,,NSH,L,0,0,0,-1,2,0,0,0,0,,,,1,0.0,28,20:30,2,1,0,0,
306,2013-10-22,10,23-099,WPG,,WSH,L-SO,0,1,1,2,0,0,0,0,0,,,,5,0.0,34,26:33,2,1,0,0,
307,2013-10-24,11,23-101,WPG,@,NSH,L-OT,0,1,1,1,0,0,0,0,0,,,,2,0.0,27,22:35,1,2,0,0,
308,2013-10-26,12,23-103,WPG,@,DAL,W,0,0,0,0,0,0,0,0,0,,,,4,0.0,32,25:02,1,0,0,0,
309,2013-10-27,13,23-104,WPG,@,COL,L,0,0,0,0,0,0,0,0,0,,,,1,0.0,26,22:29,0,3,0,0,
310,2013-10-29,14,23-106,WPG,@,STL,L,0,0,0,0,0,0,0,0,0,,,,2,0.0,25,23:19,1,1,0,0,
311,2013-11-02,15,23-110,WPG,,CHI,L,0,0,0,-1,0,0,0,0,0,,,,0,,26,25:12,2,2,0,0,
312,2013-11-04,16,23-112,WPG,,DET,W,0,0,0,2,0,0,0,0,0,,,,6,0.0,31,23:45,1,2,0,0,
313,2013-11-06,17,23-114,WPG,@,CHI,L,0,0,0,0,0,0,0,0,0,,,,1,0.0,24,22:24,1,1,0,0,
314,2013-11-08,18,23-116,WPG,,NSH,W,0,0,0,2,4,0,0,0,0,,,,3,0.0,26,23:07,3,2,0,0,
315,2013-11-10,19,23-118,WPG,,SJS,W,0,0,0,0,2,0,0,0,0,,,,6,0.0,32,28:22,3,2,0,0,
316,2013-11-12,20,23-120,WPG,@,DET,W,1,0,1,1,0,1,0,0,0,,,,1,100.0,28,27:52,4,1,0,0,
317,2013-11-15,21,23-123,WPG,,PHI,W,0,0,0,0,0,0,0,0,0,,,,4,0.0,15,12:32,0,0,0,0,
318,2013-12-20,22,23-158,WPG,,FLA,W,0,1,1,1,0,0,0,0,0,,,,1,0.0,25,17:44,1,0,0,0,
319,2013-12-22,23,23-160,WPG,@,VAN,L,0,0,0,0,0,0,0,0,0,,,,1,0.0,26,21:10,4,3,0,0,
320,2013-12-23,24,23-161,WPG,@,EDM,L,0,0,0,-2,15,0,0,0,0,,,,0,,23,18:04,1,0,0,0,
321,2013-12-29,25,23-167,WPG,@,COL,W,0,0,0,-1,0,0,0,0,0,,,,1,0.0,23,19:07,0,1,0,0,
322,2013-12-31,26,23-169,WPG,,BUF,W,0,0,0,0,0,0,0,0,0,,,,1,0.0,21,18:33,2,1,0,0,
323,2014-01-02,27,23-171,WPG,@,OTT,L,0,0,0,0,0,0,0,0,0,,,,3,0.0,22,19:32,1,0,0,0,
324,2014-01-04,28,23-173,WPG,@,BOS,L,0,0,0,-1,0,0,0,0,0,,,,5,0.0,25,22:25,6,2,0,0,
325,2014-01-05,29,23-174,WPG,@,PIT,L,0,1,1,2,0,0,0,0,0,,,,2,0.0,26,22:18,2,2,0,0,
326,2014-01-07,30,23-176,WPG,,TBL,L,0,0,0,-2,0,0,0,0,0,,,,3,0.0,30,23:39,1,2,0,0,
327,2014-01-11,31,23-180,WPG,,CBJ,L,0,0,0,-2,0,0,0,0,0,,,,4,0.0,25,22:11,0,0,0,0,
328,2014-01-13,32,23-182,WPG,,PHX,W,0,0,0,1,0,0,0,0,0,,,,4,0.0,26,24:00,2,1,0,0,
329,2014-01-16,33,23-185,WPG,@,CGY,W,0,0,0,1,2,0,0,0,0,,,,3,0.0,26,21:34,2,1,0,0,
330,2014-01-18,34,23-187,WPG,,EDM,W,0,0,0,0,0,0,0,0,0,,,,4,0.0,29,25:41,0,1,0,0,
331,2014-01-21,35,23-190,WPG,@,ANA,W,0,0,0,1,0,0,0,0,0,,,,0,,31,25:56,2,1,0,0,
332,2014-01-23,36,23-192,WPG,@,SJS,L,0,0,0,0,0,0,0,0,0,,,,1,0.0,28,22:13,0,2,0,0,
333,2014-01-25,37,23-194,WPG,,TOR,W,1,0,1,-1,2,1,0,0,0,,,,1,100.0,36,24:15,2,1,0,0,
334,2014-01-26,38,23-195,WPG,@,CHI,W,0,0,0,2,0,0,0,0,0,,,,3,0.0,34,26:16,2,0,0,0,
335,2014-01-28,39,23-197,WPG,,NSH,L,0,0,0,-1,0,0,0,0,0,,,,4,0.0,29,26:34,3,0,0,0,
336,2014-01-31,40,23-200,WPG,,VAN,W,1,0,1,0,0,1,0,0,0,,,,3,33.3,25,24:37,1,1,0,0,
337,2014-02-02,41,23-202,WPG,@,MTL,W,0,0,0,1,0,0,0,0,0,,,,6,0.0,30,27:30,3,3,0,0,
338,2014-02-04,42,23-204,WPG,@,CAR,W,0,0,0,0,2,0,0,0,0,,,,3,0.0,29,25:01,2,2,0,0,
339,2014-02-06,43,23-206,WPG,@,WSH,L,0,0,0,-1,0,0,0,0,0,,,,4,0.0,29,24:56,2,4,0,0,
340,2014-02-08,44,23-208,WPG,@,STL,L-SO,0,1,1,0,0,0,0,0,0,,,,1,0.0,33,28:35,1,1,0,0,
341,2014-02-27,45,23-227,WPG,,PHX,W,0,0,0,0,7,0,0,0,0,,,,1,0.0,31,23:42,1,2,0,0,
342,2014-03-01,46,23-229,WPG,@,NSH,W,0,1,1,1,0,0,0,0,0,,,,2,0.0,30,23:56,0,2,0,0,
343,2014-03-04,47,23-232,WPG,,NYI,L-OT,0,0,0,-1,0,0,0,0,0,,,,6,0.0,31,26:22,2,0,0,0,
344,2014-03-06,48,23-234,WPG,,LAK,L,0,0,0,0,0,0,0,0,0,,,,1,0.0,29,24:19,3,4,0,0,
345,2014-03-08,49,23-236,WPG,,OTT,L,0,0,0,-1,2,0,0,0,0,,,,2,0.0,30,22:38,1,0,0,0,
346,2014-03-10,50,23-238,WPG,@,COL,L-OT,0,0,0,-2,2,0,0,0,0,,,,2,0.0,38,27:00,2,1,0,0,
347,2014-03-12,51,23-240,WPG,,VAN,L-SO,0,0,0,-1,0,0,0,0,0,,,,5,0.0,33,23:02,1,3,0,0,
348,2014-03-14,52,23-242,WPG,,NYR,L,0,0,0,-1,2,0,0,0,0,,,,2,0.0,29,21:07,1,2,0,0,
349,2014-03-16,53,23-244,WPG,,DAL,W,0,0,0,2,0,0,0,0,0,,,,1,0.0,28,22:00,2,0,0,0,
350,2014-03-17,54,23-245,WPG,@,STL,L,0,1,1,0,0,0,0,0,0,,,,0,,30,22:24,0,0,0,0,
351,2014-03-22,55,23-250,WPG,,CAR,L,0,0,0,0,0,0,0,0,0,,,,0,,15,11:52,2,0,0,0,
352,2014-10-09,1,24-086,WPG,@,ARI,W,0,2,2,3,0,0,0,0,0,2,0,0,2,0.0,25,21:43,2,1,0,0,
353,2014-10-11,2,24-088,WPG,@,SJS,L,0,0,0,-2,4,0,0,0,0,0,0,0,4,0.0,30,23:11,1,3,0,0,
354,2014-10-12,3,24-089,WPG,@,LAK,L,0,0,0,0,2,0,0,0,0,0,0,0,3,0.0,33,21:52,2,1,0,0,
355,2014-10-17,4,24-094,WPG,,NSH,L,0,0,0,0,4,0,0,0,0,0,0,0,1,0.0,24,18:17,2,0,0,0,
356,2014-10-19,5,24-096,WPG,,CGY,L,0,0,0,-1,0,0,0,0,0,0,0,0,0,,29,24:25,1,1,0,0,
357,2014-10-21,6,24-098,WPG,,CAR,W,0,0,0,1,2,0,0,0,0,0,0,0,2,0.0,28,22:26,0,2,0,0,
358,2014-10-24,7,24-101,WPG,,TBL,L,0,0,0,-1,2,0,0,0,0,0,0,0,2,0.0,27,21:26,2,2,0,0,
359,2014-10-26,8,24-103,WPG,,COL,W,0,1,1,1,4,0,0,0,0,1,0,0,2,0.0,28,24:30,4,0,0,0,
360,2014-10-30,9,24-107,WPG,@,NJD,L-SO,0,1,1,1,0,0,0,0,0,1,0,0,1,0.0,29,23:09,3,0,0,0,
361,2014-11-01,10,24-109,WPG,@,NYR,W,0,0,0,0,0,0,0,0,0,0,0,0,5,0.0,32,24:10,2,2,0,0,
362,2014-11-02,11,24-110,WPG,@,CHI,W,0,1,1,1,0,0,0,0,0,1,0,0,0,,31,25:28,2,3,0,0,
363,2014-11-04,12,24-112,WPG,,NSH,W,0,0,0,-1,0,0,0,0,0,0,0,0,1,0.0,29,18:50,2,2,0,0,
364,2014-11-06,13,24-114,WPG,,PIT,L-SO,0,1,1,2,2,0,0,0,0,1,0,0,4,0.0,29,22:16,3,1,0,0,
365,2014-11-08,14,24-116,WPG,@,OTT,W,0,0,0,0,0,0,0,0,0,0,0,0,3,0.0,33,25:48,3,0,0,0,
366,2014-11-11,15,24-119,WPG,@,MTL,L,0,0,0,-1,0,0,0,0,0,0,0,0,3,0.0,30,23:03,1,1,0,0,
367,2014-11-13,16,24-121,WPG,@,CAR,W,0,1,1,1,2,0,0,0,0,1,0,0,1,0.0,28,23:17,3,3,0,0,
368,2014-11-15,17,24-123,WPG,@,NSH,L,0,0,0,-1,0,0,0,0,0,0,0,0,3,0.0,27,23:39,1,2,0,0,
369,2014-11-16,18,24-124,WPG,@,MIN,L-OT,0,0,0,-1,0,0,0,0,0,0,0,0,0,,28,25:24,1,0,0,0,
370,2014-11-18,19,24-126,WPG,,NJD,W,0,1,1,1,0,0,0,0,0,1,0,0,2,0.0,22,21:50,5,1,0,0,
371,2014-11-20,20,24-128,WPG,,DET,L,0,0,0,-2,0,0,0,0,0,0,0,0,2,0.0,28,20:11,2,2,0,0,
372,2014-11-23,21,24-131,WPG,,STL,L,0,0,0,0,0,0,0,0,0,0,0,0,2,0.0,28,21:16,4,2,0,0,
373,2014-11-25,22,24-133,WPG,@,CBJ,W,0,0,0,0,0,0,0,0,0,0,0,0,1,0.0,31,21:54,2,0,0,0,
374,2014-11-26,23,24-134,WPG,@,BUF,W,0,0,0,0,2,0,0,0,0,0,0,0,1,0.0,26,22:52,3,1,0,0,
375,2014-11-28,24,24-136,WPG,@,BOS,L-OT,0,0,0,-2,2,0,0,0,0,0,0,0,2,0.0,32,23:58,2,2,0,0,
376,2014-12-03,25,24-141,WPG,,EDM,W,0,0,0,0,0,0,0,0,0,0,0,0,3,0.0,28,24:42,1,1,0,0,
377,2015-01-08,26,24-177,WPG,@,ARI,L,0,0,0,0,0,0,0,0,0,0,0,0,2,0.0,23,19:29,3,0,0,0,
378,2015-01-10,27,24-179,WPG,@,LAK,W,1,0,1,0,0,1,0,0,0,0,0,0,1,100.0,31,23:41,6,1,0,0,
379,2015-01-11,28,24-180,WPG,@,ANA,L-SO,1,0,1,2,0,1,0,0,0,0,0,0,2,50.0,29,18:44,1,0,0,0,
380,2015-01-13,29,24-182,WPG,,FLA,W,0,1,1,5,0,0,0,0,0,1,0,0,0,,25,19:45,3,0,0,0,
381,2015-01-15,30,24-184,WPG,@,DAL,W,0,0,0,0,0,0,0,0,0,0,0,0,3,0.0,30,21:41,4,2,0,0,
382,2015-01-16,31,24-185,WPG,@,CHI,W,1,1,2,0,0,1,0,0,0,0,1,0,2,50.0,26,21:30,3,2,0,0,
383,2015-01-18,32,24-187,WPG,,ARI,W,0,0,0,1,2,0,0,0,0,0,0,0,3,0.0,31,23:58,2,1,0,0,
384,2015-01-21,33,24-190,WPG,,CBJ,W,0,0,0,0,2,0,0,0,0,0,0,0,1,0.0,24,21:28,2,0,0,0,
385,2015-01-27,34,24-196,WPG,@,PIT,L,0,0,0,1,0,0,0,0,0,0,0,0,2,0.0,26,21:58,4,2,0,0,
386,2015-01-29,35,24-198,WPG,@,PHI,L,0,0,0,-1,2,0,0,0,0,0,0,0,1,0.0,22,19:43,5,1,0,0,
387,2015-01-31,36,24-200,WPG,,DAL,L,0,0,0,-1,4,0,0,0,0,0,0,0,0,,14,9:34,0,0,0,0,
388,2015-02-02,37,24-202,WPG,@,CGY,L,0,0,0,-1,0,0,0,0,0,0,0,0,1,0.0,24,16:24,2,1,0,0,
389,2015-02-03,38,24-203,WPG,@,VAN,L-OT,0,0,0,-1,4,0,0,0,0,0,0,0,2,0.0,35,27:51,4,3,0,0,
390,2015-02-06,39,24-206,WPG,,CHI,L-OT,0,0,0,-2,0,0,0,0,0,0,0,0,3,0.0,32,27:13,7,0,0,0,
391,2015-02-08,40,24-208,WPG,,COL,W,0,0,0,-2,0,0,0,0,0,0,0,0,1,0.0,25,22:22,2,1,0,0,
392,2015-02-10,41,24-210,WPG,,MIN,W,0,0,0,1,0,0,0,0,0,0,0,0,0,,30,23:57,4,0,0,0,
393,2015-02-15,42,24-215,BUF,,PHI,L,0,0,0,0,0,0,0,0,0,0,0,0,0,,29,24:49,11,2,0,0,
394,2015-02-17,43,24-217,BUF,@,NJD,L-SO,0,0,0,0,2,0,0,0,0,0,0,0,2,0.0,36,29:14,4,1,0,0,
395,2015-02-19,44,24-219,BUF,@,PHI,W,0,0,0,1,0,0,0,0,0,0,0,0,4,0.0,32,32:23,6,7,0,0,
396,2015-02-20,45,24-220,BUF,,NYR,L,0,0,0,-1,12,0,0,0,0,0,0,0,1,0.0,29,26:05,3,3,0,0,
397,2015-02-22,46,24-222,BUF,,NSH,L-SO,0,0,0,1,6,0,0,0,0,0,0,0,0,,30,28:07,2,3,0,0,
398,2015-02-24,47,24-224,BUF,@,CBJ,W,0,1,1,-1,2,0,0,0,0,1,0,0,0,,29,28:11,4,4,0,0,
399,2015-02-26,48,24-226,BUF,,VAN,W,0,0,0,3,0,0,0,0,0,0,0,0,1,0.0,23,21:00,2,1,0,0,
400,2015-02-28,49,24-228,BUF,@,FLA,L,0,1,1,-1,2,0,0,0,0,1,0,0,1,0.0,32,27:35,1,3,0,0,
401,2015-03-03,50,24-231,BUF,@,TBL,L,0,0,0,0,0,0,0,0,0,0,0,0,7,0.0,27,26:54,5,2,0,0,
402,2015-03-06,51,24-234,BUF,@,OTT,L,0,1,1,0,2,0,0,0,0,1,0,0,3,0.0,32,25:16,2,0,0,0,
403,2015-03-07,52,24-235,BUF,@,WSH,L,0,1,1,0,2,0,0,0,0,1,0,0,0,,23,20:20,1,2,0,0,
404,2015-03-11,53,24-239,BUF,@,TOR,L-SO,0,0,0,1,2,0,0,0,0,0,0,0,4,0.0,38,30:53,6,0,0,0,
405,2015-03-26,54,24-254,BUF,,ARI,L-OT,0,0,0,-2,0,0,0,0,0,0,0,0,6,0.0,30,29:10,3,2,0,0,
406,2015-03-28,55,24-256,BUF,@,COL,L,0,0,0,-3,2,0,0,0,0,0,0,0,3,0.0,28,23:04,6,0,0,0,
407,2015-03-30,56,24-258,BUF,@,ARI,W,0,0,0,1,2,0,0,0,0,0,0,0,2,0.0,27,24:00,4,3,0,0,
408,2015-04-01,57,24-260,BUF,,TOR,W,0,0,0,-2,0,0,0,0,0,0,0,0,5,0.0,28,30:30,3,2,0,0,
409,2015-04-03,58,24-262,BUF,,CHI,L,0,0,0,0,2,0,0,0,0,0,0,0,3,0.0,31,28:44,5,1,0,0,
410,2015-04-04,59,24-263,BUF,@,NYI,L,0,0,0,-1,0,0,0,0,0,0,0,0,4,0.0,23,28:59,5,3,0,0,
411,2015-04-06,60,24-265,BUF,,CAR,W,0,2,2,1,0,0,0,0,0,2,0,0,1,0.0,27,25:41,3,1,0,0,
412,2015-04-10,61,24-269,BUF,@,CBJ,L,0,1,1,-3,2,0,0,0,0,0,1,0,1,0.0,28,25:06,1,2,0,0,
413,2015-04-11,62,24-270,BUF,,PIT,L,0,0,0,-1,0,0,0,0,0,0,0,0,3,0.0,29,23:41,6,1,0,0,
414,2015-11-17,1,25-125,BUF,,DAL,L,0,0,0,-2,0,0,0,0,0,0,0,0,2,0.0,26,21:03,2,2,0,0,
415,2015-11-19,2,25-127,BUF,@,STL,L-SO,0,0,0,0,0,0,0,0,0,0,0,0,0,,29,23:43,5,1,0,0,
416,2015-11-21,3,25-129,BUF,@,DAL,L,0,0,0,0,2,0,0,0,0,0,0,0,5,0.0,28,21:10,0,4,0,0,
417,2015-11-23,4,25-131,BUF,,STL,L,0,0,0,-1,0,0,0,0,0,0,0,0,0,,27,21:43,3,1,0,0,
418,2015-11-25,5,25-133,BUF,,NSH,L,0,1,1,-1,0,0,0,0,0,1,0,0,2,0.0,26,21:45,2,0,0,0,
419,2015-11-27,6,25-135,BUF,,CAR,W,0,0,0,1,2,0,0,0,0,0,0,0,0,,24,21:35,1,1,0,0,
420,2015-11-28,7,25-136,BUF,@,NSH,W,0,0,0,2,0,0,0,0,0,0,0,0,0,,25,19:03,0,3,0,0,
421,2015-12-01,8,25-139,BUF,@,DET,L-SO,1,0,1,-1,0,1,0,0,0,0,0,0,3,33.3,29,20:34,3,2,0,0,
422,2015-12-04,9,25-142,BUF,,ARI,W,0,0,0,1,0,0,0,0,0,0,0,0,2,0.0,26,21:23,0,2,0,0,
423,2015-12-06,10,25-144,BUF,@,EDM,L,0,1,1,-2,0,0,0,0,0,0,1,0,4,0.0,26,21:19,0,3,0,0,
424,2015-12-07,11,25-145,BUF,@,VAN,L,0,0,0,-1,2,0,0,0,0,0,0,0,2,0.0,26,20:48,1,0,0,0,
425,2015-12-10,12,25-148,BUF,@,CGY,L,0,1,1,0,0,0,0,0,0,1,0,0,1,0.0,28,22:31,2,1,0,0,
426,2015-12-12,13,25-150,BUF,,LAK,W,0,0,0,0,0,0,0,0,0,0,0,0,0,,33,23:58,1,2,0,0,
427,2015-12-14,14,25-152,BUF,@,DET,W,0,0,0,1,0,0,0,0,0,0,0,0,3,0.0,27,20:52,0,0,0,0,
428,2015-12-15,15,25-153,BUF,,NJD,L,0,0,0,-2,0,0,0,0,0,0,0,0,1,0.0,24,23:06,5,2,0,0,
429,2015-12-17,16,25-155,BUF,,ANA,W,0,0,0,2,0,0,0,0,0,0,0,0,0,,24,20:02,1,0,0,0,
430,2015-12-19,17,25-157,BUF,,CHI,L-SO,0,0,0,1,0,0,0,0,0,0,0,0,0,,25,20:46,2,0,0,0,
431,2015-12-26,18,25-164,BUF,@,BOS,W,0,1,1,1,0,0,0,0,0,1,0,0,1,0.0,27,18:19,2,0,0,0,
432,2015-12-28,19,25-166,BUF,,WSH,L,0,0,0,0,0,0,0,0,0,0,0,0,5,0.0,26,20:38,0,1,0,0,
433,2015-12-30,20,25-168,BUF,@,WSH,L,0,0,0,-4,2,0,0,0,0,0,0,0,0,,31,22:17,2,3,0,0,
434,2015-12-31,21,25-169,BUF,,NYI,L,0,0,0,0,0,0,0,0,0,0,0,0,0,,26,24:06,1,2,0,0,
435,2016-01-02,22,25-171,BUF,,DET,L,0,0,0,-1,0,0,0,0,0,0,0,0,2,0.0,26,21:13,6,2,0,0,
436,2016-01-05,23,25-174,BUF,,FLA,L,0,0,0,-2,0,0,0,0,0,0,0,0,2,0.0,30,22:04,1,1,0,0,
437,2016-01-08,24,25-177,BUF,@,CHI,L,0,0,0,-2,0,0,0,0,0,0,0,0,1,0.0,33,23:54,4,0,0,0,
438,2016-01-10,25,25-179,BUF,@,WPG,W,0,0,0,0,0,0,0,0,0,0,0,0,2,0.0,33,23:23,4,2,0,0,
439,2016-01-12,26,25-181,BUF,@,MIN,W,0,0,0,1,0,0,0,0,0,0,0,0,2,0.0,28,21:26,2,1,0,0,
440,2016-01-15,27,25-184,BUF,,BOS,L,0,0,0,-3,0,0,0,0,0,0,0,0,3,0.0,30,23:32,0,0,0,0,
441,2016-01-16,28,25-185,BUF,,WSH,W,0,2,2,2,2,0,0,0,0,1,1,0,0,,24,21:29,1,2,0,0,
442,2016-01-18,29,25-187,BUF,@,ARI,W,0,0,0,0,17,0,0,0,0,0,0,0,0,,33,26:16,2,1,0,0,
443,2016-01-20,30,25-189,BUF,@,COL,L,0,0,0,-2,0,0,0,0,0,0,0,0,0,,32,24:18,0,1,0,0,
444,2016-01-22,31,25-191,BUF,,DET,L,0,0,0,-2,0,0,0,0,0,0,0,0,1,0.0,27,28:15,1,3,0,0,
445,2016-01-25,32,25-194,BUF,@,NYR,L,0,1,1,-3,0,0,0,0,0,1,0,0,3,0.0,26,25:16,0,2,0,0,
446,2016-01-26,33,25-195,BUF,@,OTT,W,0,0,0,1,7,0,0,0,0,0,0,0,0,,21,16:46,1,2,0,0,
447,2016-02-03,34,25-203,BUF,@,MTL,W,0,0,0,0,0,0,0,0,0,0,0,0,3,0.0,28,22:40,3,1,0,0,
448,2016-02-04,35,25-204,BUF,,BOS,L-SO,0,0,0,1,0,0,0,0,0,0,0,0,1,0.0,29,23:41,2,1,0,0,
449,2016-02-06,36,25-206,BUF,@,BOS,L-OT,0,0,0,0,0,0,0,0,0,0,0,0,1,0.0,32,24:14,1,1,0,0,
450,2016-02-09,37,25-209,BUF,,FLA,L,0,0,0,-3,0,0,0,0,0,0,0,0,4,0.0,26,20:34,1,0,0,0,
451,2016-02-11,38,25-211,BUF,@,PHI,L,0,0,0,-2,2,0,0,0,0,0,0,0,1,0.0,29,21:51,3,3,0,0,
452,2016-02-12,39,25-212,BUF,,MTL,W,0,1,1,-1,2,0,0,0,0,1,0,0,3,0.0,35,21:22,2,1,0,0,
453,2016-02-14,40,25-214,BUF,,COL,W,0,0,0,0,0,0,0,0,0,0,0,0,1,0.0,27,19:29,1,0,0,0,
454,2016-02-16,41,25-216,BUF,@,OTT,L-SO,0,0,0,0,0,0,0,0,0,0,0,0,4,0.0,29,23:07,0,2,0,0,
455,2016-02-19,42,25-219,BUF,@,CBJ,W,0,0,0,1,0,0,0,0,0,0,0,0,1,0.0,25,21:06,1,1,0,0,
456,2016-02-21,43,25-221,BUF,,PIT,L,2,1,3,0,0,1,1,0,0,0,1,0,3,66.7,31,22:50,1,2,0,0,
457,2016-02-24,44,25-224,BUF,@,ANA,L,0,0,0,0,0,0,0,0,0,0,0,0,1,0.0,31,23:03,1,2,0,0,
458,2016-02-26,45,25-226,BUF,@,SJS,W,1,1,2,3,0,1,0,0,1,1,0,0,1,100.0,29,22:13,1,3,0,0,
459,2016-02-27,46,25-227,BUF,@,LAK,L,0,0,0,0,2,0,0,0,0,0,0,0,0,,27,22:40,1,2,0,0,
460,2016-03-01,47,25-230,BUF,,EDM,L-OT,0,0,0,-1,0,0,0,0,0,0,0,0,5,0.0,29,23:19,0,1,0,0,
461,2016-03-03,48,25-232,BUF,,CGY,W,0,2,2,1,0,0,0,0,0,1,0,1,4,0.0,28,25:53,0,1,0,0,
462,2016-03-05,49,25-234,BUF,,MIN,L-SO,0,0,0,0,0,0,0,0,0,0,0,0,3,0.0,32,27:38,2,2,0,0,
463,2016-03-07,50,25-236,BUF,@,TOR,W,0,0,0,-1,2,0,0,0,0,0,0,0,2,0.0,27,21:59,0,1,0,0,
464,2016-03-08,51,25-237,BUF,,NYR,L,0,1,1,1,2,0,0,0,0,1,0,0,5,0.0,32,24:41,0,1,0,0,
465,2016-03-10,52,25-239,BUF,@,MTL,L,0,1,1,2,2,0,0,0,0,1,0,0,5,0.0,35,23:03,2,1,0,0,
466,2016-03-12,53,25-241,BUF,,CAR,W,0,0,0,2,0,0,0,0,0,0,0,0,1,0.0,30,26:17,1,2,0,0,
467,2016-03-16,54,25-245,BUF,,MTL,L-OT,1,0,1,-2,14,0,1,0,0,0,0,0,8,12.5,27,21:20,0,2,0,0,
468,2016-03-18,55,25-247,BUF,,OTT,W,1,0,1,2,4,1,0,0,0,0,0,0,3,33.3,30,24:10,0,1,0,0,
469,2016-03-19,56,25-248,BUF,@,TOR,L,0,0,0,-3,2,0,0,0,0,0,0,0,4,0.0,31,25:00,3,1,0,0,
470,2016-03-22,57,25-251,BUF,@,CAR,W,0,0,0,1,2,0,0,0,0,0,0,0,1,0.0,32,25:46,1,2,0,0,
471,2016-03-26,58,25-255,BUF,,WPG,W,0,0,0,-1,0,0,0,0,0,0,0,0,3,0.0,26,22:11,1,2,0,0,
472,2016-03-28,59,25-257,BUF,@,DET,L,0,0,0,-1,0,0,0,0,0,0,0,0,0,,29,23:17,0,2,0,0,
473,2016-03-29,60,25-258,BUF,@,PIT,L-SO,1,1,2,1,0,0,1,0,0,1,0,0,4,25.0,31,24:26,1,2,0,0,
474,2016-03-31,61,25-260,BUF,,TOR,W,0,1,1,2,0,0,0,0,0,1,0,0,0,,31,23:08,0,4,0,0,
475,2016-04-02,62,25-262,BUF,@,NYR,W,0,1,1,2,0,0,0,0,0,1,0,0,1,0.0,30,23:04,2,6,0,0,
476,2016-04-05,63,25-265,BUF,@,NJD,W,0,0,0,1,0,0,0,0,0,0,0,0,1,0.0,34,24:09,0,1,0,0,
477,2016-04-08,64,25-268,BUF,,CBJ,L,0,0,0,0,0,0,0,0,0,0,0,0,0,,5,3:31,0,0,0,0,
478,2016-10-13,1,26-090,BUF,,MTL,L,0,0,0,-1,0,0,0,0,0,0,0,0,3,0.0,29,22:21,1,2,0,1,0.0
479,2016-10-16,2,26-093,BUF,@,EDM,W,0,0,0,3,0,0,0,0,0,0,0,0,0,,28,19:02,0,1,0,0,
480,2016-10-18,3,26-095,BUF,@,CGY,L-OT,0,0,0,-1,0,0,0,0,0,0,0,0,0,,28,19:54,0,1,0,0,
481,2016-10-20,4,26-097,BUF,@,VAN,L,0,0,0,-1,2,0,0,0,0,0,0,0,1,0.0,25,18:52,1,4,0,0,
482,2016-10-25,5,26-102,BUF,@,PHI,L-SO,0,0,0,0,0,0,0,0,0,0,0,0,2,0.0,32,22:23,1,3,0,0,
483,2016-10-27,6,26-104,BUF,,MIN,L,0,0,0,-1,2,0,0,0,0,0,0,0,6,0.0,29,21:40,1,1,0,0,
484,2016-10-29,7,26-106,BUF,,FLA,W,0,0,0,0,0,0,0,0,0,0,0,0,0,,28,19:33,0,1,0,0,
485,2016-10-30,8,26-107,BUF,@,WPG,W,0,0,0,-1,2,0,0,0,0,0,0,0,1,0.0,29,21:24,1,2,0,0,
486,2016-11-01,9,26-109,BUF,@,MIN,W,0,0,0,0,0,0,0,0,0,0,0,0,0,,9,5:45,1,0,0,0,
487,2016-12-17,10,26-155,BUF,@,CAR,L-SO,0,0,0,-1,0,0,0,0,0,0,0,0,1,0.0,22,21:17,3,3,0,0,
488,2016-12-20,11,26-158,BUF,@,FLA,L-SO,0,0,0,-1,2,0,0,0,0,0,0,0,1,0.0,30,22:08,4,0,0,0,
489,2016-12-22,12,26-160,BUF,,CAR,L,0,0,0,-1,5,0,0,0,0,0,0,0,0,,24,19:03,4,0,0,0,
490,2016-12-23,13,26-161,BUF,@,NYI,L,0,1,1,-1,0,0,0,0,0,1,0,0,0,,24,20:58,2,1,0,0,
491,2016-12-27,14,26-165,BUF,@,DET,W,0,1,1,0,0,0,0,0,0,1,0,0,0,,21,22:19,4,6,0,0,
492,2016-12-29,15,26-167,BUF,,BOS,L,0,0,0,0,0,0,0,0,0,0,0,0,0,,27,19:29,1,4,0,0,
493,2016-12-31,16,26-169,BUF,@,BOS,L,0,0,0,-2,0,0,0,0,0,0,0,0,0,,29,23:54,1,1,0,0,
494,2017-01-03,17,26-172,BUF,@,NYR,W,0,0,0,0,0,0,0,0,0,0,0,0,2,0.0,27,22:08,1,4,0,0,
495,2017-01-05,18,26-174,BUF,@,CHI,L-OT,0,0,0,-1,2,0,0,0,0,0,0,0,0,,23,18:09,4,3,0,0,
496,2017-01-07,19,26-176,BUF,,WPG,W,0,0,0,0,0,0,0,0,0,0,0,0,1,0.0,23,19:59,0,2,0,0,
497,2017-01-10,20,26-179,BUF,,PHI,W,0,1,1,1,0,0,0,0,0,1,0,0,0,,26,22:31,0,1,0,0,
498,2017-01-12,21,26-181,BUF,@,TBL,L,0,0,0,0,0,0,0,0,0,0,0,0,1,0.0,26,19:44,2,0,0,0,
499,2017-01-13,22,26-182,BUF,@,CAR,L,0,0,0,-2,0,0,0,0,0,0,0,0,5,0.0,27,22:53,3,1,0,0,
500,2017-01-16,23,26-185,BUF,,DAL,W,0,0,0,1,0,0,0,0,0,0,0,0,0,,26,21:40,0,3,0,0,
501,2017-01-17,24,26-186,BUF,@,TOR,L,0,0,0,-1,2,0,0,0,0,0,0,0,2,0.0,24,22:25,2,3,0,0,
502,2017-01-20,25,26-189,BUF,,DET,W,0,0,0,1,2,0,0,0,0,0,0,0,2,0.0,31,29:51,0,4,0,0,
503,2017-01-21,26,26-190,BUF,@,MTL,W,1,0,1,1,0,1,0,0,1,0,0,0,5,20.0,27,25:12,1,2,0,0,
504,2017-01-24,27,26-193,BUF,@,NSH,W,0,1,1,2,0,0,0,0,0,1,0,0,2,0.0,32,23:18,1,0,0,0,
505,2017-01-26,28,26-195,BUF,@,DAL,L,0,0,0,-2,2,0,0,0,0,0,0,0,3,0.0,30,21:25,0,1,0,0,
506,2017-01-31,29,26-200,BUF,@,MTL,L,0,0,0,-5,0,0,0,0,0,0,0,0,0,,23,17:34,0,2,0,0,
507,2017-02-02,30,26-202,BUF,,NYR,L-OT,0,0,0,0,0,0,0,0,0,0,0,0,0,,8,5:33,0,0,0,0,
508,2017-02-14,31,26-214,BUF,@,OTT,W,0,0,0,0,2,0,0,0,0,0,0,0,0,,24,16:39,0,1,0,0,
509,2017-02-16,32,26-216,BUF,,COL,W,0,0,0,1,0,0,0,0,0,0,0,0,3,0.0,19,16:03,0,4,0,0,
510,2017-02-18,33,26-218,BUF,,STL,W,0,1,1,1,0,0,0,0,0,1,0,0,2,0.0,21,16:48,0,0,0,0,
511,2017-02-19,34,26-219,BUF,,CHI,L,0,0,0,0,0,0,0,0,0,0,0,0,1,0.0,23,21:12,1,1,0,0,
512,2017-02-25,35,26-225,BUF,@,COL,L,0,0,0,1,2,0,0,0,0,0,0,0,0,,24,19:46,0,2,0,0,
513,2017-02-26,36,26-226,BUF,@,ARI,L,0,0,0,-1,0,0,0,0,0,0,0,0,2,0.0,26,18:40,1,1,0,0,
514,2017-02-28,37,26-228,BUF,,NSH,L-OT,0,1,1,-1,0,0,0,0,0,1,0,0,0,,22,18:08,3,0,0,0,
515,2017-03-02,38,26-230,BUF,,ARI,W,0,0,0,-2,0,0,0,0,0,0,0,0,1,0.0,19,17:49,0,0,0,0,
516,2017-03-04,39,26-232,BUF,,TBL,L-SO,0,0,0,-1,0,0,0,0,0,0,0,0,1,0.0,27,22:36,0,0,0,0,
517,2017-03-05,40,26-233,BUF,@,PIT,L,0,0,0,-2,0,0,0,0,0,0,0,0,1,0.0,22,15:48,0,3,0,0,
518,2017-03-07,41,26-235,BUF,,PHI,L,0,0,0,0,0,0,0,0,0,0,0,0,1,0.0,29,22:30,2,2,0,0,
519,2017-03-10,42,26-238,BUF,@,CBJ,L,0,0,0,0,0,0,0,0,0,0,0,0,1,0.0,26,19:12,0,3,0,0,
520,2017-03-11,43,26-239,BUF,,CBJ,W,0,1,1,0,14,0,0,0,0,0,1,0,3,0.0,17,13:41,0,4,0,0,
521,2017-03-14,44,26-242,BUF,@,SJS,L,0,0,0,0,0,0,0,0,0,0,0,0,1,0.0,23,16:22,2,1,0,0,
522,2017-03-16,45,26-244,BUF,@,LAK,L,0,0,0,-1,0,0,0,0,0,0,0,0,1,0.0,24,17:52,5,3,0,0,
523,2017-03-17,46,26-245,BUF,@,ANA,W,0,0,0,-1,5,0,0,0,0,0,0,0,1,0.0,31,23:27,1,1,0,0,
524,2017-03-20,47,26-248,BUF,@,DET,W,0,0,0,0,0,0,0,0,0,0,0,0,2,0.0,29,19:32,0,1,0,0,
525,2017-03-21,48,26-249,BUF,,PIT,L,0,0,0,0,0,0,0,0,0,0,0,0,0,,38,33:29,2,5,0,0,
526,2017-03-25,49,26-253,BUF,,TOR,W,0,1,1,2,0,0,0,0,0,1,0,0,3,0.0,29,21:24,0,3,0,0,
527,2017-03-27,50,26-255,BUF,,FLA,W,1,0,1,1,0,1,0,0,0,0,0,0,2,50.0,29,24:17,2,1,0,0,
528,2017-03-28,51,26-256,BUF,@,CBJ,L,0,0,0,0,0,0,0,0,0,0,0,0,2,0.0,29,21:17,0,0,0,0,
529,2017-04-02,52,26-261,BUF,,NYI,L,0,0,0,-1,0,0,0,0,0,0,0,0,1,0.0,24,17:51,0,2,0,0,
530,2017-04-03,53,26-262,BUF,,TOR,L,0,0,0,0,0,0,0,0,0,0,0,0,1,0.0,29,19:01,1,1,0,0,
531,2017-04-05,54,26-264,BUF,,MTL,W,0,0,0,0,0,0,0,0,0,0,0,0,0,,27,20:38,0,1,0,0,
532,2017-04-08,55,26-267,BUF,@,FLA,L,0,0,0,-1,2,0,0,0,0,0,0,0,2,0.0,22,17:57,0,0,0,0,
533,2017-04-09,56,26-268,BUF,@,TBL,L,0,1,1,1,0,0,0,0,0,1,0,0,3,0.0,24,20:30,0,1,0,0,
534,2017-12-01,1,27-139,BUF,,PIT,L,0,0,0,0,0,0,0,0,0,0,0,0,4,0.0,24,20:48,2,0,0,0,
535,2017-12-02,2,27-140,BUF,@,PIT,L,0,0,0,0,5,0,0,0,0,0,0,0,2,0.0,27,17:34,1,1,0,0,
536,2017-12-05,3,27-143,BUF,@,COL,W,0,0,0,0,4,0,0,0,0,0,0,0,3,0.0,25,18:40,3,2,0,0,
537,2017-12-08,4,27-146,BUF,@,CHI,L-OT,0,0,0,-1,0,0,0,0,0,0,0,0,1,0.0,25,19:13,0,5,0,0,
538,2017-12-10,5,27-148,BUF,@,STL,L-OT,0,0,0,-1,0,0,0,0,0,0,0,0,0,,24,17:53,1,2,0,0,
539,2017-12-12,6,27-150,BUF,,OTT,W,0,0,0,0,0,0,0,0,0,0,0,0,2,0.0,27,20:00,0,0,0,0,
540,2017-12-14,7,27-152,BUF,@,PHI,L,0,0,0,-1,0,0,0,0,0,0,0,0,2,0.0,28,22:01,0,2,0,0,
541,2017-12-15,8,27-153,BUF,,CAR,L-OT,0,0,0,-1,0,0,0,0,0,0,0,0,0,,25,18:35,2,0,0,0,
542,2017-12-19,9,27-157,BUF,,BOS,L,0,0,0,0,5,0,0,0,0,0,0,0,3,0.0,24,17:45,2,2,0,0,
543,2017-12-22,10,27-160,BUF,,PHI,W,0,0,0,0,0,0,0,0,0,0,0,0,2,0.0,22,18:36,0,0,0,0,
544,2017-12-23,11,27-161,BUF,@,CAR,L,0,0,0,0,2,0,0,0,0,0,0,0,1,0.0,23,17:13,1,2,0,0,
545,2017-12-27,12,27-165,BUF,@,NYI,L-OT,0,0,0,-1,0,0,0,0,0,0,0,0,1,0.0,23,18:04,2,1,0,0,
546,2017-12-29,13,27-167,BUF,@,NJD,W,0,0,0,1,0,0,0,0,0,0,0,0,1,0.0,27,21:41,1,1,0,0,
547,2018-01-01,14,27-170,BUF,,NYR,L-OT,0,0,0,-1,4,0,0,0,0,0,0,0,1,0.0,31,19:44,2,0,0,0,
548,2018-01-04,15,27-173,BUF,@,MIN,L,0,1,1,-1,0,0,0,0,0,1,0,0,3,0.0,32,25:32,3,1,0,0,
549,2018-01-05,16,27-174,BUF,@,WPG,L,0,0,0,0,0,0,0,0,0,0,0,0,1,0.0,25,16:28,0,3,0,0,
550,2018-01-07,17,27-176,BUF,@,PHI,L,0,0,0,0,0,0,0,0,0,0,0,0,0,,24,16:57,0,1,0,0,
551,2018-01-09,18,27-178,BUF,,WPG,L,0,0,0,-3,0,0,0,0,0,0,0,0,2,0.0,22,18:05,2,0,0,0,
552,2018-10-16,1,28-093,BUF,@,VEG,L,0,0,0,0,0,0,0,0,0,0,0,0,0,,24,16:09,4,4,0,0,
553,2018-10-18,2,28-095,BUF,@,SJS,L,0,0,0,-1,7,0,0,0,0,0,0,0,0,,26,18:20,5,8,0,0,
554,2018-10-20,3,28-097,BUF,@,LAK,W,1,0,1,3,5,1,0,0,0,0,0,0,2,50.0,22,14:58,0,1,0,0,
555,2018-10-21,4,28-098,BUF,@,ANA,W,0,1,1,1,5,0,0,0,0,1,0,0,1,0.0,18,15:04,0,2,0,0,
556,2018-10-25,5,28-102,BUF,,MTL,W,0,0,0,-2,0,0,0,0,0,0,0,0,1,0.0,24,18:59,2,1,0,0,
557,2018-10-27,6,28-104,BUF,@,CBJ,L-OT,0,0,0,0,0,0,0,0,0,0,0,0,0,,27,20:39,0,1,0,0,
558,2018-10-30,7,28-107,BUF,,CGY,L-OT,0,0,0,0,2,0,0,0,0,0,0,0,2,0.0,26,22:47,1,1,0,0,
559,2018-11-01,8,28-109,BUF,@,OTT,L,0,0,0,0,0,0,0,0,0,0,0,0,3,0.0,24,19:57,4,2,0,0,
560,2018-11-03,9,28-111,BUF,,OTT,W,0,0,0,2,0,0,0,0,0,0,0,0,2,0.0,28,25:40,1,1,0,0,
561,2018-11-04,10,28-112,BUF,@,NYR,L,0,0,0,0,2,0,0,0,0,0,0,0,1,0.0,25,18:52,0,0,0,0,
562,2018-11-08,11,28-116,BUF,@,MTL,W,0,0,0,-1,0,0,0,0,0,0,0,0,2,0.0,29,20:38,0,3,0,0,
563,2018-11-10,12,28-118,BUF,,VAN,W,0,0,0,-2,0,0,0,0,0,0,0,0,2,0.0,27,26:36,0,0,0,0,
564,2018-11-13,13,28-121,BUF,,TBL,W,0,0,0,0,0,0,0,0,0,0,0,0,0,,23,24:07,1,3,0,0,
565,2018-11-16,14,28-124,BUF,@,WPG,W,0,0,0,0,0,0,0,0,0,0,0,0,0,,23,20:17,0,2,0,0,
566,2018-11-17,15,28-125,BUF,@,MIN,W,0,0,0,0,2,0,0,0,0,0,0,0,2,0.0,26,22:29,1,0,0,0,
567,2018-11-19,16,28-127,BUF,@,PIT,W,1,1,2,0,2,1,0,0,0,1,0,0,5,20.0,27,19:35,0,0,0,0,
568,2018-11-21,17,28-129,BUF,,PHI,W,0,0,0,1,0,0,0,0,0,0,0,0,0,,25,22:11,1,1,0,0,
569,2018-11-23,18,28-131,BUF,,MTL,W,0,1,1,1,2,0,0,0,0,1,0,0,3,0.0,24,19:01,1,1,0,0,
570,2018-11-24,19,28-132,BUF,@,DET,W,0,1,1,-1,0,0,0,0,0,0,1,0,2,0.0,30,24:56,3,1,0,0,
571,2018-11-27,20,28-135,BUF,,SJS,W,0,0,0,0,0,0,0,0,0,0,0,0,2,0.0,26,24:28,2,4,0,0,
572,2018-11-29,21,28-137,BUF,@,TBL,L,0,1,1,-1,2,0,0,0,0,1,0,0,1,0.0,27,25:05,1,1,0,0,
573,2018-11-30,22,28-138,BUF,@,FLA,L-OT,0,0,0,0,0,0,0,0,0,0,0,0,0,,29,23:46,0,3,0,0,
574,2018-12-03,23,28-141,BUF,@,NSH,L,0,0,0,0,0,0,0,0,0,0,0,0,1,0.0,18,14:56,3,1,0,0,
575,2018-12-04,24,28-142,BUF,,TOR,L-OT,0,0,0,-2,0,0,0,0,0,0,0,0,3,0.0,29,26:34,3,4,0,0,
576,2018-12-08,25,28-146,BUF,,PHI,L,0,0,0,-1,0,0,0,0,0,0,0,0,1,0.0,25,25:56,0,1,0,0,
577,2018-12-11,26,28-149,BUF,,LAK,W,0,0,0,-2,5,0,0,0,0,0,0,0,2,0.0,22,21:53,2,1,0,0,
578,2018-12-13,27,28-151,BUF,,ARI,W,0,0,0,1,0,0,0,0,0,0,0,0,0,,22,25:10,2,4,0,0,
579,2018-12-15,28,28-153,BUF,@,WSH,L-SO,0,0,0,0,2,0,0,0,0,0,0,0,1,0.0,29,29:03,0,5,0,0,
580,2018-12-16,29,28-154,BUF,@,BOS,W,0,0,0,2,0,0,0,0,0,0,0,0,0,,27,24:20,4,2,0,0,
581,2018-12-18,30,28-156,BUF,,FLA,L,0,0,0,0,0,0,0,0,0,0,0,0,3,0.0,28,23:02,0,2,0,0,
582,2018-12-21,31,28-159,BUF,@,WSH,L,0,0,0,-1,0,0,0,0,0,0,0,0,2,0.0,20,21:15,0,0,0,0,
583,2018-12-22,32,28-160,BUF,,ANA,W,0,0,0,1,2,0,0,0,0,0,0,0,2,0.0,24,20:13,1,0,0,0,
584,2018-12-27,33,28-165,BUF,@,STL,L,0,0,0,-1,0,0,0,0,0,0,0,0,3,0.0,22,21:13,2,3,0,0,
585,2018-12-29,34,28-167,BUF,,BOS,L-OT,0,0,0,0,2,0,0,0,0,0,0,0,1,0.0,24,22:25,1,3,0,0,
586,2018-12-31,35,28-169,BUF,,NYI,L,0,0,0,-1,2,0,0,0,0,0,0,0,1,0.0,25,23:24,0,0,0,0,
587,2019-01-03,36,28-172,BUF,,FLA,W,0,1,1,2,0,0,0,0,0,1,0,0,3,0.0,21,20:17,2,1,0,0,
588,2019-01-05,37,28-174,BUF,@,BOS,L,0,0,0,0,0,0,0,0,0,0,0,0,0,,22,22:18,2,3,0,0,
589,2019-01-08,38,28-177,BUF,,NJD,W,0,1,1,2,0,0,0,0,0,1,0,0,0,,22,21:57,0,1,0,0,
590,2019-01-11,39,28-180,BUF,@,CAR,L,0,0,0,-1,0,0,0,0,0,0,0,0,3,0.0,24,19:33,0,1,0,0,
591,2019-01-12,40,28-181,BUF,,TBL,L,0,0,0,0,0,0,0,0,0,0,0,0,0,,20,18:10,3,1,0,0,
592,2019-01-14,41,28-183,BUF,@,EDM,L,0,0,0,-1,0,0,0,0,0,0,0,0,2,0.0,25,19:56,0,1,0,0,
593,2019-01-16,42,28-185,BUF,@,CGY,W,0,0,0,1,0,0,0,0,0,0,0,0,1,0.0,22,20:46,0,3,0,0,
594,2019-01-18,43,28-187,BUF,@,VAN,L,0,0,0,0,0,0,0,0,0,0,0,0,1,0.0,25,23:41,2,0,0,0,
595,2019-01-29,44,28-198,BUF,@,CBJ,W,0,2,2,4,0,0,0,0,0,2,0,0,2,0.0,25,21:28,0,1,0,0,
596,2019-01-30,45,28-199,BUF,@,DAL,L,0,0,0,-1,0,0,0,0,0,0,0,0,3,0.0,23,22:36,3,1,0,0,
597,2019-02-01,46,28-201,BUF,,CHI,L,0,1,1,-3,0,0,0,0,0,1,0,0,1,0.0,24,22:32,1,0,0,0,
598,2019-02-05,47,28-205,BUF,,MIN,W,0,0,0,-3,0,0,0,0,0,0,0,0,0,,23,20:12,1,1,0,0,
599,2019-02-07,48,28-207,BUF,,CAR,L-OT,0,1,1,1,0,0,0,0,0,1,0,0,1,0.0,25,20:34,0,3,0,0,
600,2019-02-09,49,28-209,BUF,,DET,W,0,0,0,0,0,0,0,0,0,0,0,0,1,0.0,23,22:39,2,2,0,0,
601,2019-02-15,50,28-215,BUF,,NYR,L,0,0,0,-1,0,0,0,0,0,0,0,0,1,0.0,24,20:53,0,2,0,0,
602,2019-02-17,51,28-217,BUF,@,NJD,L,0,1,1,0,0,0,0,0,0,1,0,0,0,,22,20:58,2,2,0,0,
603,2019-02-19,52,28-219,BUF,@,FLA,L,0,0,0,0,0,0,0,0,0,0,0,0,0,,29,22:14,1,2,0,0,
604,2019-02-21,53,28-221,BUF,@,TBL,L-SO,0,1,1,0,2,0,0,0,0,1,0,0,0,,26,22:54,1,4,0,0,
605,2019-02-23,54,28-223,BUF,,WSH,W,0,0,0,1,0,0,0,0,0,0,0,0,2,0.0,23,20:08,0,0,0,0,
606,2019-02-25,55,28-225,BUF,@,TOR,L,0,0,0,0,0,0,0,0,0,0,0,0,3,0.0,26,23:32,3,3,0,0,
607,2019-02-26,56,28-226,BUF,@,PHI,L,0,0,0,0,4,0,0,0,0,0,0,0,3,0.0,21,22:27,1,1,0,0,
608,2019-03-01,57,28-229,BUF,,PIT,W,0,0,0,2,0,0,0,0,0,0,0,0,1,0.0,25,21:24,0,1,0,0,
609,2019-03-02,58,28-230,BUF,@,TOR,L,0,0,0,-1,0,0,0,0,0,0,0,0,4,0.0,24,22:35,4,3,0,0,
610,2019-03-07,59,28-235,BUF,@,CHI,L-SO,1,1,2,1,0,0,0,1,0,1,0,0,5,20.0,23,25:18,1,1,0,0,
611,2019-03-09,60,28-237,BUF,@,COL,L,0,0,0,0,0,0,0,0,0,0,0,0,0,,24,24:15,4,4,0,0,
612,2019-03-12,61,28-240,BUF,,DAL,L,0,0,0,-1,2,0,0,0,0,0,0,0,0,,17,13:32,1,0,0,0,
613,2019-03-16,62,28-244,BUF,@,CAR,L,0,0,0,-1,2,0,0,0,0,0,0,0,1,0.0,21,20:57,0,2,0,0,
614,2019-03-17,63,28-245,BUF,,STL,W,0,1,1,0,0,0,0,0,0,1,0,0,2,0.0,24,22:11,0,3,0,0,
615,2019-03-20,64,28-248,BUF,,TOR,L,0,1,1,0,0,0,0,0,0,1,0,0,1,0.0,26,22:31,2,2,0,0,
616,2019-03-23,65,28-251,BUF,@,MTL,L,0,0,0,-2,0,0,0,0,0,0,0,0,1,0.0,20,19:18,2,1,0,0,
617,2019-11-24,1,29-132,BUF,@,FLA,W,0,1,1,1,0,0,0,0,0,1,0,0,3,0.0,23,22:03,1,2,0,0,
618,2019-11-25,2,29-133,BUF,@,TBL,L,0,0,0,1,0,0,0,0,0,0,0,0,0,,21,18:45,3,2,0,0,
619,2019-11-27,3,29-135,BUF,,CGY,L-OT,0,0,0,0,0,0,0,0,0,0,0,0,0,,21,16:35,1,0,0,0,
620,2019-11-29,4,29-137,BUF,,TOR,W,0,1,1,1,0,0,0,0,0,1,0,0,1,0.0,23,19:23,1,1,0,0,
621,2019-11-30,5,29-138,BUF,@,TOR,L-OT,0,0,0,0,0,0,0,0,0,0,0,0,2,0.0,19,18:06,0,0,0,0,
622,2019-12-02,6,29-140,BUF,,NJD,W,0,0,0,2,0,0,0,0,0,0,0,0,1,0.0,21,18:57,0,0,0,0,
623,2019-12-05,7,29-143,BUF,@,CGY,L,0,0,0,-2,0,0,0,0,0,0,0,0,0,,17,14:34,0,2,0,0,
624,2019-12-07,8,29-145,BUF,@,VAN,L-OT,0,0,0,-1,0,0,0,0,0,0,0,0,2,0.0,27,22:27,1,2,0,0,
625,2019-12-08,9,29-146,BUF,@,EDM,W,0,0,0,1,4,0,0,0,0,0,0,0,0,,24,17:55,2,2,0,0,
626,2019-12-10,10,29-148,BUF,,STL,W,0,1,1,-1,0,0,0,0,0,1,0,0,0,,22,18:48,2,1,0,0,
627,2019-12-21,11,29-159,BUF,,LAK,W,0,0,0,0,0,0,0,0,0,0,0,0,1,0.0,20,18:04,0,0,0,0,
628,2019-12-23,12,29-161,BUF,@,OTT,L,0,0,0,0,2,0,0,0,0,0,0,0,1,0.0,16,10:53,2,4,0,0,
629,2020-01-02,13,29-171,BUF,,EDM,W,0,1,1,1,0,0,0,0,0,1,0,0,1,0.0,16,13:53,1,1,0,0,
630,2020-01-04,14,29-173,BUF,,FLA,W,0,0,0,0,0,0,0,0,0,0,0,0,0,,14,13:14,1,1,0,0,
631,2020-01-09,15,29-178,BUF,@,STL,L,0,0,0,0,0,0,0,0,0,0,0,0,1,0.0,19,15:13,1,2,0,0,
632,2020-01-12,16,29-181,BUF,@,DET,W,1,0,1,1,4,1,0,0,0,0,0,0,1,100.0,18,14:49,1,0,0,0,
633,2020-01-16,17,29-185,BUF,@,DAL,W,0,0,0,0,0,0,0,0,0,0,0,0,0,,20,14:08,3,0,0,0,
634,2020-01-18,18,29-187,BUF,@,NSH,L,0,0,0,-1,0,0,0,0,0,0,0,0,2,0.0,16,14:48,0,0,0,0,
635,2020-02-04,19,29-204,BUF,,COL,L,0,0,0,-3,0,0,0,0,0,0,0,0,2,0.0,20,17:09,2,1,0,0,
636,2020-02-25,20,29-225,TBL,,TOR,L,0,0,0,-2,0,0,0,0,0,0,0,0,2,0.0,15,14:24,3,0,0,0,
637,2020-02-27,21,29-227,TBL,,CHI,L,0,0,0,-2,10,0,0,0,0,0,0,0,0,,19,14:28,0,1,0,0,
638,2020-02-29,22,29-229,TBL,,CGY,W,0,1,1,2,0,0,0,0,0,0,0,1,3,0.0,16,15:40,0,0,0,0,
639,2020-03-03,23,29-232,TBL,,BOS,L,0,0,0,-2,0,0,0,0,0,0,0,0,1,0.0,23,16:12,1,1,0,0,
640,2020-03-05,24,29-234,TBL,,MTL,W,0,0,0,1,2,0,0,0,0,0,0,0,2,0.0,20,17:12,1,0,0,0,
641,2020-03-07,25,29-236,TBL,@,BOS,W,0,1,1,2,0,0,0,0,0,1,0,0,1,0.0,26,22:02,2,3,0,0,
642,2020-03-08,26,29-237,TBL,@,DET,L-SO,0,0,0,0,0,0,0,0,0,0,0,0,1,0.0,20,14:45,0,0,0,0,
643,2020-03-10,27,29-239,TBL,@,TOR,L,0,0,0,1,0,0,0,0,0,0,0,0,1,0.0,17,14:34,1,1,0,0,
