,date_game,game_season,age,team_id,game_location,opp_id,game_result,goals,assists,points,plus_minus,pen_min,goals_ev,goals_pp,goals_sh,goals_gw,assists_ev,assists_pp,assists_sh,shots,shot_pct,shifts,time_on_ice,hits_all,blocks_all,faceoff_wins_all,faceoff_losses_all,faceoff_percentage_all
0,2007-11-21,1,22-150,VAN,@,MIN,W,0,0,0,0,5,0,0,0,0,,,,1,0.0,11,7:10,1,0,0,0,
1,2007-11-29,2,22-158,VAN,,CBJ,W,0,0,0,0,7,0,0,0,0,,,,1,0.0,6,3:41,1,0,0,0,
2,2007-12-02,3,22-161,VAN,@,MIN,L,1,0,1,0,0,1,0,0,0,,,,2,50.0,8,5:53,1,0,0,0,
3,2007-12-10,4,22-169,VAN,@,LAK,L,0,0,0,0,5,0,0,0,0,,,,0,,9,5:27,2,0,0,0,
4,2007-12-12,5,22-171,VAN,@,ANA,W,0,0,0,0,4,0,0,0,0,,,,1,0.0,8,4:54,1,0,0,0,
5,2007-12-13,6,22-172,VAN,@,SJS,L,0,0,0,-1,0,0,0,0,0,,,,0,,13,10:02,5,0,0,0,
6,2007-12-15,7,22-174,VAN,@,EDM,L-SO,0,0,0,0,2,0,0,0,0,,,,2,0.0,12,6:44,2,0,0,0,
7,2007-12-18,8,22-177,VAN,,NJD,W,0,0,0,1,7,0,0,0,0,,,,0,,14,7:43,0,0,0,0,
8,2007-12-20,9,22-179,VAN,,DAL,W,0,0,0,0,0,0,0,0,0,,,,0,,8,7:35,2,0,0,0,
9,2007-12-27,10,22-186,VAN,,CGY,W,0,0,0,0,7,0,0,0,0,,,,0,,12,7:48,2,1,0,0,
10,2007-12-30,11,22-189,VAN,,ANA,W,0,0,0,0,7,0,0,0,0,,,,0,,9,5:54,3,0,0,0,
11,2007-12-31,12,22-190,VAN,@,CGY,L,0,0,0,-1,2,0,0,0,0,,,,0,,8,5:21,1,0,0,0,
12,2008-01-03,13,22-193,VAN,,NYR,W,0,0,0,0,5,0,0,0,0,,,,0,,7,2:43,3,0,0,0,
13,2008-01-08,14,22-198,VAN,,NYI,W,0,0,0,-1,0,0,0,0,0,,,,0,,9,6:13,4,0,0,0,
14,2008-01-11,15,22-201,VAN,,PHX,L,0,0,0,0,0,0,0,0,0,,,,0,,9,5:42,5,0,0,0,
15,2008-01-13,16,22-203,VAN,@,STL,W,0,0,0,0,0,0,0,0,0,,,,0,,10,7:17,2,0,0,0,
16,2008-01-15,17,22-205,VAN,@,CBJ,L,0,0,0,0,0,0,0,0,0,,,,1,0.0,8,5:55,4,0,0,0,
17,2008-01-31,18,22-221,VAN,@,TBL,L,0,0,0,0,2,0,0,0,0,,,,1,0.0,14,9:02,3,0,0,0,
18,2008-02-01,19,22-222,VAN,@,FLA,L-SO,0,0,0,0,2,0,0,0,0,,,,0,,9,4:56,2,0,0,0,
19,2008-10-19,1,23-117,VAN,@,CHI,L,0,0,0,0,7,0,0,0,0,,,,1,0.0,9,3:16,0,0,0,0,
20,2008-10-21,2,23-119,VAN,@,CBJ,L,0,0,0,0,5,0,0,0,0,,,,0,,7,3:37,0,0,0,0,
21,2008-10-30,3,23-128,VAN,@,LAK,W,0,0,0,0,0,0,0,0,0,,,,0,,10,7:26,0,,,,
22,2008-10-31,4,23-129,VAN,@,ANA,W,0,0,0,-1,8,0,0,0,0,,,,0,,7,3:39,0,0,0,0,
23,2008-11-02,5,23-131,VAN,,DET,L,0,0,0,0,5,0,0,0,0,,,,0,,6,5:08,1,0,0,0,
24,2008-11-04,6,23-133,VAN,,NSH,W,0,0,0,0,0,0,0,0,0,,,,0,,9,5:44,2,0,0,1,0.0
25,2008-11-06,7,23-135,VAN,,PHX,W,0,0,0,0,5,0,0,0,0,,,,0,,8,5:39,2,1,0,0,
26,2008-11-08,8,23-137,VAN,,MIN,W,0,0,0,0,2,0,0,0,0,,,,1,0.0,12,8:27,1,1,0,0,
27,2008-11-12,9,23-141,VAN,,COL,L-SO,0,0,0,0,0,0,0,0,0,,,,1,0.0,12,9:21,4,0,0,0,
28,2008-11-27,10,23-156,VAN,,CGY,L,0,1,1,0,5,0,0,0,0,,,,0,,10,4:41,2,0,0,0,
29,2008-12-01,11,23-160,VAN,@,CBJ,L,0,0,0,0,5,0,0,0,0,,,,2,0.0,8,5:18,4,0,0,0,
30,2008-12-04,12,23-163,VAN,@,DET,L,0,0,0,-1,0,0,0,0,0,,,,0,,10,7:57,0,0,0,0,
31,2008-12-14,13,23-173,VAN,,FLA,W,0,0,0,0,5,0,0,0,0,,,,0,,9,5:04,0,0,0,0,
32,2008-12-17,14,23-176,VAN,,EDM,W,0,0,0,0,17,0,0,0,0,,,,0,,3,1:58,0,0,0,0,
33,2008-12-22,15,23-181,VAN,,ANA,W,0,0,0,0,5,0,0,0,0,,,,0,,10,6:54,3,0,0,0,
34,2008-12-26,16,23-185,VAN,,EDM,L,0,0,0,-1,5,0,0,0,0,,,,0,,3,1:25,1,0,0,0,
35,2008-12-28,17,23-187,VAN,,OTT,W,0,0,0,0,2,0,0,0,0,,,,0,,12,8:08,7,1,0,0,
36,2008-12-30,18,23-189,VAN,,PHI,L,0,0,0,-1,0,0,0,0,0,,,,0,,11,8:55,2,0,0,0,
37,2009-01-02,19,23-192,VAN,@,ATL,L-SO,0,0,0,0,9,0,0,0,0,,,,1,0.0,13,4:53,0,0,0,1,0.0
38,2009-01-31,20,23-221,VAN,,MIN,L-OT,0,0,0,-1,0,0,0,0,0,,,,0,,3,2:13,1,0,0,0,
39,2009-02-05,21,23-226,ANA,@,NSH,L,0,0,0,0,0,0,0,0,0,,,,2,0.0,15,11:38,4,0,0,0,
40,2009-02-07,22,23-228,ANA,@,CGY,W,0,0,0,0,2,0,0,0,0,,,,0,,10,6:33,0,0,0,0,
41,2009-02-11,23,23-232,ANA,,CGY,W,0,0,0,0,5,0,0,0,0,,,,0,,7,3:27,0,0,0,0,
42,2009-02-15,24,23-236,ANA,,ATL,L,0,0,0,-1,5,0,0,0,0,,,,1,0.0,7,4:48,1,0,0,0,
43,2009-02-18,25,23-239,ANA,,LAK,L,0,0,0,0,5,0,0,0,0,,,,0,,8,5:42,3,0,0,0,
44,2009-02-20,26,23-241,ANA,@,DET,L,0,0,0,0,0,0,0,0,0,,,,1,0.0,16,9:26,4,0,0,0,
45,2009-02-21,27,23-242,ANA,@,CBJ,W,0,0,0,0,0,0,0,0,0,,,,1,0.0,21,12:18,7,1,0,1,0.0
46,2009-02-24,28,23-245,ANA,@,BUF,W,1,0,1,1,0,1,0,0,1,,,,3,33.3,19,13:04,2,0,0,0,
47,2009-02-26,29,23-247,ANA,@,BOS,L,0,0,0,-1,17,0,0,0,0,,,,1,0.0,15,10:12,1,0,0,1,0.0
48,2009-02-28,30,23-249,ANA,@,DAL,W,0,0,0,0,0,0,0,0,0,,,,0,,17,11:16,4,0,0,1,0.0
49,2009-03-03,31,23-252,ANA,@,CHI,L-OT,0,0,0,0,0,0,0,0,0,,,,6,0.0,20,14:32,2,1,0,0,
50,2009-03-06,32,23-255,ANA,,DAL,L,0,0,0,-1,0,0,0,0,0,,,,3,0.0,18,13:09,1,0,0,0,
51,2009-03-08,33,23-257,ANA,,MIN,L,0,0,0,1,0,0,0,0,0,,,,3,0.0,22,17:59,2,2,0,0,
52,2009-03-11,34,23-260,ANA,,VAN,W,0,0,0,-1,0,0,0,0,0,,,,3,0.0,21,14:42,1,0,0,0,
53,2009-03-15,35,23-264,ANA,,SJS,L,0,0,0,0,0,0,0,0,0,,,,2,0.0,16,11:39,0,2,0,0,
54,2009-03-18,36,23-267,ANA,,NSH,W,0,0,0,0,5,0,0,0,0,,,,0,,14,10:34,6,0,0,0,
55,2009-03-19,37,23-268,ANA,@,PHX,W,0,0,0,-1,0,0,0,0,0,,,,0,,11,7:56,1,0,0,0,
56,2009-03-22,38,23-271,ANA,,PHX,W,0,1,1,1,5,0,0,0,0,,,,2,0.0,15,9:34,1,0,0,0,
57,2009-03-24,39,23-273,ANA,@,NSH,W,0,0,0,0,0,0,0,0,0,,,,2,0.0,9,7:58,2,1,0,0,
58,2009-03-25,40,23-274,ANA,@,COL,W,0,0,0,1,2,0,0,0,0,,,,1,0.0,17,13:24,1,0,0,0,
59,2009-03-27,41,23-276,ANA,,EDM,L,0,0,0,-2,2,0,0,0,0,,,,3,0.0,12,6:17,1,0,0,0,
60,2009-03-29,42,23-278,ANA,,COL,W,0,0,0,0,5,0,0,0,0,,,,0,,14,10:31,1,1,0,0,
61,2009-03-31,43,23-280,ANA,@,EDM,W,0,0,0,0,0,0,0,0,0,,,,0,,15,11:53,1,1,0,0,
62,2009-04-02,44,23-282,ANA,@,VAN,W,0,0,0,1,5,0,0,0,0,,,,0,,13,8:10,2,0,0,0,
63,2009-04-04,45,23-284,ANA,@,SJS,W,1,0,1,1,0,1,0,0,1,,,,1,100.0,16,10:02,5,0,0,0,
64,2009-04-05,46,23-285,ANA,,SJS,L,0,0,0,0,2,0,0,0,0,,,,0,,15,10:04,2,0,0,1,0.0
65,2009-04-10,47,23-290,ANA,,DAL,W,0,0,0,0,0,0,0,0,0,,,,2,0.0,9,6:16,0,0,0,0,
66,2009-04-11,48,23-291,ANA,@,PHX,L-SO,0,0,0,-1,0,0,0,0,0,,,,1,0.0,11,7:54,0,0,0,0,
67,2009-10-03,1,24-101,ANA,,SJS,L,0,0,0,0,10,0,0,0,0,,,,0,,13,10:38,3,0,0,1,0.0
68,2009-10-06,2,24-104,ANA,@,MIN,L-OT,0,0,0,-1,2,0,0,0,0,,,,1,0.0,24,13:56,1,0,0,0,
69,2009-10-08,3,24-106,ANA,@,BOS,W,0,0,0,0,2,0,0,0,0,,,,0,,9,8:49,1,1,0,0,
70,2009-10-10,4,24-108,ANA,@,PHI,W,0,0,0,0,0,0,0,0,0,,,,1,0.0,11,8:13,1,1,0,0,
71,2009-10-11,5,24-109,ANA,@,NYR,L,0,0,0,0,0,0,0,0,0,,,,2,0.0,10,8:09,4,0,0,0,
72,2009-10-14,6,24-112,ANA,,MIN,W,0,1,1,1,0,0,0,0,0,,,,2,0.0,7,5:09,1,0,0,0,
73,2009-10-17,7,24-115,ANA,,STL,L,0,0,0,0,5,0,0,0,0,,,,2,0.0,12,9:10,1,0,0,1,0.0
74,2009-10-21,8,24-119,ANA,,DAL,L,0,0,0,0,5,0,0,0,0,,,,0,,5,3:15,0,0,0,0,
75,2009-10-24,9,24-122,ANA,,CBJ,L,0,0,0,0,0,0,0,0,0,,,,2,0.0,11,7:15,2,0,0,0,
76,2009-10-26,10,24-124,ANA,,TOR,L,0,0,0,0,2,0,0,0,0,,,,2,0.0,14,8:40,0,0,0,0,
77,2009-10-30,11,24-128,ANA,,VAN,W,1,0,1,2,0,0,0,1,1,,,,3,33.3,19,14:50,2,0,0,0,
78,2009-10-31,12,24-129,ANA,@,PHX,L-SO,0,0,0,0,0,0,0,0,0,,,,1,0.0,14,9:17,2,0,0,0,
79,2009-11-03,13,24-132,ANA,,PIT,L,0,0,0,-1,0,0,0,0,0,,,,0,,16,12:16,1,1,0,0,
80,2009-11-05,14,24-134,ANA,,NSH,W,0,0,0,0,0,0,0,0,0,,,,2,0.0,18,14:59,1,0,0,0,
81,2009-11-07,15,24-136,ANA,,PHX,W,1,0,1,0,0,1,0,0,1,,,,2,50.0,18,11:22,5,0,0,0,
82,2009-11-11,16,24-140,ANA,@,NJD,L,0,0,0,-1,0,0,0,0,0,,,,1,0.0,18,10:26,4,0,0,0,
83,2009-11-13,17,24-142,ANA,@,CBJ,L-SO,0,0,0,0,0,0,0,0,0,,,,1,0.0,21,13:57,2,1,0,0,
84,2009-11-14,18,24-143,ANA,@,DET,L,0,0,0,-1,0,0,0,0,0,,,,0,,18,10:50,2,0,0,0,
85,2009-11-16,19,24-145,ANA,@,PIT,L,0,0,0,0,0,0,0,0,0,,,,3,0.0,16,9:12,1,0,0,0,
86,2009-11-19,20,24-148,ANA,,TBL,W,0,0,0,0,5,0,0,0,0,,,,1,0.0,13,8:11,2,0,0,0,
87,2009-11-21,21,24-150,ANA,,SJS,L,0,0,0,0,0,0,0,0,0,,,,1,0.0,10,4:45,0,0,0,0,
88,2009-11-23,22,24-152,ANA,,CGY,W,0,0,0,0,0,0,0,0,0,,,,0,,8,3:57,0,1,0,0,
89,2009-11-25,23,24-154,ANA,,CAR,W,0,0,0,0,0,0,0,0,0,,,,0,,5,4:40,0,1,0,0,
90,2009-11-27,24,24-156,ANA,,CHI,W,0,0,0,0,2,0,0,0,0,,,,2,0.0,14,10:12,4,1,0,1,0.0
91,2009-11-29,25,24-158,ANA,,PHX,L-OT,0,0,0,0,0,0,0,0,0,,,,1,0.0,13,7:10,1,0,0,0,
92,2009-12-01,26,24-160,ANA,,LAK,L,0,0,0,0,0,0,0,0,0,,,,2,0.0,15,9:36,2,1,0,2,0.0
93,2009-12-03,27,24-162,ANA,@,DAL,L,0,0,0,0,0,0,0,0,0,,,,1,0.0,15,11:51,3,0,0,0,
94,2009-12-04,28,24-163,ANA,@,MIN,L-SO,0,0,0,0,0,0,0,0,0,,,,0,,10,7:28,2,0,0,0,
95,2009-12-06,29,24-165,ANA,,OTT,L-SO,0,0,0,-1,0,0,0,0,0,,,,2,0.0,9,6:48,3,1,0,0,
96,2009-12-08,30,24-167,ANA,,DAL,W,0,0,0,0,2,0,0,0,0,,,,2,0.0,15,7:13,4,1,0,0,
97,2009-12-11,31,24-170,ANA,@,DET,L-OT,0,0,0,0,0,0,0,0,0,,,,1,0.0,15,10:48,2,0,0,0,
98,2009-12-12,32,24-171,ANA,@,CBJ,W,0,0,0,0,5,0,0,0,0,,,,0,,7,3:50,0,0,0,0,
99,2009-12-16,33,24-175,ANA,@,VAN,W,0,0,0,0,0,0,0,0,0,,,,1,0.0,11,9:11,1,0,0,0,
100,2009-12-17,34,24-176,ANA,@,SJS,L,0,0,0,0,0,0,0,0,0,,,,0,,13,9:25,2,0,0,0,
101,2009-12-19,35,24-178,ANA,,PHX,W,1,0,1,1,0,1,0,0,0,,,,2,50.0,9,6:46,0,0,0,0,
102,2009-12-22,36,24-181,ANA,@,COL,W,0,0,0,-1,0,0,0,0,0,,,,1,0.0,10,6:59,2,0,0,0,
103,2009-12-23,37,24-182,ANA,@,PHX,L,0,0,0,-1,0,0,0,0,0,,,,2,0.0,15,11:03,2,0,0,0,
104,2009-12-26,38,24-185,ANA,@,SJS,L,0,0,0,1,0,0,0,0,0,,,,0,,20,14:08,4,0,0,0,
105,2009-12-29,39,24-188,ANA,,MIN,W,0,0,0,0,0,0,0,0,0,,,,2,0.0,10,6:24,1,0,0,0,
106,2009-12-31,40,24-190,ANA,@,DAL,L,1,0,1,1,5,1,0,0,0,,,,1,100.0,15,9:43,4,0,0,1,0.0
107,2010-01-02,41,24-192,ANA,@,NSH,L,1,0,1,1,0,1,0,0,0,,,,3,33.3,10,8:41,0,0,0,0,
108,2010-01-03,42,24-193,ANA,@,CHI,L,0,0,0,1,0,0,0,0,0,,,,1,0.0,19,12:42,2,0,0,0,
109,2010-01-05,43,24-195,ANA,,DET,W,0,0,0,0,0,0,0,0,0,,,,1,0.0,12,8:23,0,0,0,0,
110,2010-01-07,44,24-197,ANA,,STL,W,0,0,0,0,0,0,0,0,0,,,,0,,11,8:20,3,0,0,0,
111,2010-01-09,45,24-199,ANA,@,NSH,W,0,0,0,1,0,0,0,0,0,,,,1,0.0,17,11:01,1,0,0,0,
112,2010-01-10,46,24-200,ANA,@,CHI,W,0,0,0,0,4,0,0,0,0,,,,0,,14,7:24,0,2,0,0,
113,2010-01-13,47,24-203,ANA,,BOS,W,0,0,0,0,0,0,0,0,0,,,,0,,10,9:48,2,0,0,0,
114,2010-01-14,48,24-204,ANA,@,LAK,L,0,0,0,-1,2,0,0,0,0,,,,1,0.0,9,6:32,1,0,0,0,
115,2010-01-17,49,24-207,ANA,,CGY,W,0,0,0,1,0,0,0,0,0,,,,1,0.0,8,4:06,1,0,0,0,
116,2010-01-19,50,24-209,ANA,,BUF,W,1,0,1,1,0,1,0,0,0,,,,1,100.0,8,5:54,2,0,0,0,
117,2010-01-23,51,24-213,ANA,@,STL,W,0,0,0,0,0,0,0,0,0,,,,0,,9,6:01,1,1,0,0,
118,2010-01-26,52,24-216,ANA,@,ATL,L,0,0,0,0,5,0,0,0,0,,,,0,,7,4:44,2,0,0,0,
119,2010-01-27,53,24-217,ANA,@,WSH,L,0,0,0,0,5,0,0,0,0,,,,2,0.0,12,7:21,1,0,0,1,0.0
120,2010-02-01,54,24-222,ANA,@,FLA,W,0,0,0,0,0,0,0,0,0,,,,2,0.0,10,7:51,4,0,0,0,
121,2010-02-03,55,24-224,ANA,,DET,W,0,0,0,0,0,0,0,0,0,,,,0,,7,5:28,1,0,0,0,
122,2010-02-13,56,24-234,ANA,@,CGY,L,0,0,0,-1,0,0,0,0,0,,,,0,,13,8:24,2,0,0,0,
123,2010-02-14,57,24-235,ANA,@,EDM,W,0,0,0,1,5,0,0,0,0,,,,0,,8,3:52,1,0,0,0,
124,2010-03-03,58,24-252,ANA,,COL,L,0,0,0,0,2,0,0,0,0,,,,0,,5,2:12,0,0,0,0,
125,2010-03-07,59,24-256,ANA,,MTL,L-SO,0,0,0,0,0,0,0,0,0,,,,0,,12,7:21,2,0,0,0,
126,2010-03-09,60,24-258,ANA,,CBJ,L,0,0,0,0,5,0,0,0,0,,,,1,0.0,12,6:40,1,0,0,0,
127,2010-03-12,61,24-261,ANA,,NSH,L,0,0,0,0,2,0,0,0,0,,,,1,0.0,12,7:37,1,0,0,0,
128,2010-03-14,62,24-263,ANA,,SJS,W,0,0,0,0,2,0,0,0,0,,,,1,0.0,9,4:59,3,0,0,0,
129,2010-03-17,63,24-266,ANA,,CHI,W,0,0,0,0,0,0,0,0,0,,,,3,0.0,10,8:33,0,0,0,0,
130,2010-03-21,64,24-270,ANA,,COL,W,0,0,0,0,0,0,0,0,0,,,,0,,8,6:51,0,0,0,0,
131,2010-03-23,65,24-272,ANA,@,CGY,L,0,0,0,0,0,0,0,0,0,,,,1,0.0,7,5:05,1,0,0,0,
132,2010-03-24,66,24-273,ANA,@,VAN,L,0,0,0,0,0,0,0,0,0,,,,1,0.0,12,8:32,4,1,0,0,
133,2010-03-26,67,24-275,ANA,@,EDM,W,0,0,0,-1,15,0,0,0,0,,,,2,0.0,14,7:26,1,0,0,0,
134,2010-03-29,68,24-278,ANA,,DAL,W,0,0,0,1,0,0,0,0,0,,,,1,0.0,10,9:28,4,0,0,0,
135,2010-03-31,69,24-280,ANA,@,COL,W,0,0,0,0,5,0,0,0,0,,,,0,,14,8:41,2,1,0,0,
136,2010-04-02,70,24-282,ANA,,VAN,L-SO,0,0,0,0,0,0,0,0,0,,,,1,0.0,7,4:08,1,0,0,0,
137,2010-04-03,71,24-283,ANA,@,LAK,W,0,0,0,0,2,0,0,0,0,,,,0,,11,6:48,3,0,0,0,
138,2010-04-06,72,24-286,ANA,,LAK,L-SO,0,0,0,0,0,0,0,0,0,,,,0,,10,8:41,0,1,0,0,
139,2010-04-08,73,24-288,ANA,@,DAL,L-SO,0,0,0,0,0,0,0,0,0,,,,1,0.0,12,10:19,2,1,0,0,
140,2010-04-09,74,24-289,ANA,@,STL,L,0,0,0,-1,5,0,0,0,0,,,,3,0.0,20,12:51,1,0,0,0,
141,2010-04-11,75,24-291,ANA,,EDM,W,0,0,0,-1,2,0,0,0,0,,,,6,0.0,18,13:12,1,0,0,0,
142,2010-10-07,1,25-105,TOR,,MTL,W,0,0,0,1,0,0,0,0,0,,,,0,,7,4:50,2,0,0,0,
143,2010-10-09,2,25-107,TOR,,OTT,W,0,0,0,0,5,0,0,0,0,,,,0,,14,9:24,2,0,0,1,0.0
144,2010-10-13,3,25-111,TOR,@,PIT,W,0,1,1,2,0,0,0,0,0,,,,1,0.0,12,8:44,1,1,0,0,
145,2010-10-15,4,25-113,TOR,@,NYR,W,0,0,0,-1,7,0,0,0,0,,,,2,0.0,11,7:51,2,0,0,0,
146,2010-10-18,5,25-116,TOR,,NYI,L-OT,0,0,0,0,5,0,0,0,0,,,,0,,10,6:52,2,0,0,0,
147,2010-10-21,6,25-119,TOR,,NYR,L,0,0,0,0,0,0,0,0,0,,,,0,,14,10:18,1,1,0,2,0.0
148,2010-10-23,7,25-121,TOR,@,PHI,L,0,0,0,0,5,0,0,0,0,,,,0,,15,10:57,2,2,1,0,100.0
149,2010-10-26,8,25-124,TOR,,FLA,W,0,0,0,0,0,0,0,0,0,,,,1,0.0,19,14:35,5,2,0,0,
150,2010-10-28,9,25-126,TOR,@,BOS,L,0,0,0,0,0,0,0,0,0,,,,0,,16,11:59,1,0,0,0,
151,2010-10-30,10,25-128,TOR,,NYR,L,0,0,0,0,0,0,0,0,0,,,,1,0.0,12,7:40,4,0,0,0,
152,2010-11-02,11,25-131,TOR,,OTT,L,0,0,0,0,0,0,0,0,0,,,,1,0.0,14,10:40,1,0,0,0,
153,2010-11-03,12,25-132,TOR,@,WSH,L-SO,1,0,1,1,0,1,0,0,0,,,,7,14.3,19,13:03,1,2,0,0,
154,2010-11-06,13,25-135,TOR,,BUF,L-SO,0,0,0,-1,4,0,0,0,0,,,,2,0.0,21,14:42,4,3,0,1,0.0
155,2010-11-09,14,25-138,TOR,@,TBL,L,0,0,0,0,5,0,0,0,0,,,,1,0.0,16,12:29,4,1,0,0,
156,2010-11-10,15,25-139,TOR,@,FLA,L,0,0,0,-2,0,0,0,0,0,,,,3,0.0,18,12:47,1,0,0,0,
157,2010-11-13,16,25-142,TOR,,VAN,L,0,0,0,0,5,0,0,0,0,,,,0,,9,6:06,2,0,0,0,
158,2010-11-16,17,25-145,TOR,,NSH,W,0,0,0,0,0,0,0,0,0,,,,0,,12,7:59,2,1,0,1,0.0
159,2010-11-18,18,25-147,TOR,,NJD,W,0,0,0,0,0,0,0,0,0,,,,1,0.0,11,8:41,0,1,0,1,0.0
160,2010-11-20,19,25-149,TOR,@,MTL,L,0,0,0,0,0,0,0,0,0,,,,1,0.0,16,12:14,2,1,0,1,0.0
161,2010-11-22,20,25-151,TOR,,DAL,W,0,0,0,0,0,0,0,0,0,,,,1,0.0,12,7:24,2,0,0,0,
162,2010-11-27,21,25-156,TOR,@,OTT,L,0,0,0,0,0,0,0,0,0,,,,3,0.0,15,10:54,4,1,0,0,
163,2010-11-30,22,25-159,TOR,,TBL,L-OT,0,0,0,0,0,0,0,0,0,,,,0,,15,9:37,2,3,0,0,
164,2011-01-13,23,25-203,TOR,@,PHX,L,0,1,1,0,0,0,0,0,0,,,,3,0.0,21,13:45,5,0,0,0,
165,2011-01-22,24,25-212,TOR,,WSH,L,0,0,0,1,5,0,0,0,0,,,,1,0.0,14,8:34,4,0,0,0,
166,2011-01-24,25,25-214,TOR,@,CAR,L,1,1,2,2,0,0,1,0,0,,,,2,50.0,19,10:47,3,0,0,0,
167,2011-01-25,26,25-215,TOR,@,TBL,L,0,0,0,0,0,0,0,0,0,,,,2,0.0,21,13:22,2,2,0,0,
168,2011-02-01,27,25-222,TOR,,FLA,W,0,0,0,0,0,0,0,0,0,,,,0,,7,4:55,1,0,0,0,
169,2011-02-22,28,25-243,TOR,,NYI,W,0,0,0,0,10,0,0,0,0,,,,0,,12,8:10,3,0,0,0,
170,2011-02-24,29,25-245,TOR,@,MTL,W,0,0,0,0,0,0,0,0,0,,,,0,,14,7:56,2,0,0,0,
171,2011-02-26,30,25-247,TOR,,PIT,L-SO,0,1,1,0,0,0,0,0,0,,,,2,0.0,18,15:14,3,0,0,0,
172,2011-02-27,31,25-248,TOR,@,ATL,L-OT,0,0,0,0,0,0,0,0,0,,,,1,0.0,18,13:16,1,0,0,0,
173,2011-03-02,32,25-251,TOR,,PIT,W,0,0,0,0,0,0,0,0,0,,,,0,,13,9:48,0,0,0,0,
174,2011-03-03,33,25-252,TOR,@,PHI,W,0,0,0,-1,0,0,0,0,0,,,,1,0.0,10,6:57,0,0,0,0,
175,2011-03-05,34,25-254,TOR,,CHI,L,0,0,0,0,0,0,0,0,0,,,,4,0.0,14,9:56,6,0,0,0,
176,2011-03-08,35,25-257,TOR,@,NYI,L-OT,0,0,0,0,2,0,0,0,0,,,,1,0.0,12,8:45,2,0,0,0,
177,2011-03-10,36,25-259,TOR,,PHI,L,0,1,1,1,2,0,0,0,0,,,,1,0.0,14,8:43,2,0,0,0,
178,2011-03-12,37,25-261,TOR,,BUF,W,0,0,0,0,0,0,0,0,0,,,,2,0.0,14,10:12,3,0,0,0,
179,2011-03-14,38,25-263,TOR,,TBL,L,0,0,0,-1,0,0,0,0,0,,,,0,,17,11:40,5,0,0,0,
180,2011-03-16,39,25-265,TOR,@,CAR,W,0,0,0,0,0,0,0,0,0,,,,1,0.0,15,11:28,2,1,0,1,0.0
181,2011-03-17,40,25-266,TOR,@,FLA,L,0,0,0,0,5,0,0,0,0,,,,1,0.0,13,10:34,2,1,0,0,
182,2011-03-19,41,25-268,TOR,,BOS,W,1,0,1,2,2,1,0,0,0,,,,2,50.0,16,9:03,1,1,1,0,100.0
183,2011-03-22,42,25-271,TOR,@,MIN,W,0,0,0,0,0,0,0,0,0,,,,1,0.0,16,10:52,1,0,0,0,
184,2011-03-24,43,25-273,TOR,@,COL,W,0,0,0,0,0,0,0,0,0,,,,2,0.0,19,13:20,0,0,0,0,
185,2011-03-26,44,25-275,TOR,@,DET,L,0,0,0,0,0,0,0,0,0,,,,0,,11,7:01,2,0,0,0,
186,2011-03-29,45,25-278,TOR,,BUF,W,0,0,0,0,0,0,0,0,0,,,,1,0.0,13,7:58,1,0,0,0,
187,2011-03-31,46,25-280,TOR,@,BOS,W,0,0,0,-1,0,0,0,0,0,,,,2,0.0,16,11:37,2,0,0,0,
188,2011-04-02,47,25-282,TOR,@,OTT,W,0,0,0,0,0,0,0,0,0,,,,0,,17,13:15,2,1,1,0,100.0
189,2011-04-05,48,25-285,TOR,,WSH,L-SO,0,0,0,-1,0,0,0,0,0,,,,2,0.0,12,8:43,1,1,1,3,25.0
190,2011-04-06,49,25-286,TOR,@,NJD,L,0,0,0,0,0,0,0,0,0,,,,1,0.0,18,10:55,0,1,0,0,
191,2011-04-09,50,25-289,TOR,,MTL,L,0,0,0,-1,7,0,0,0,0,,,,1,0.0,13,8:10,2,0,0,0,
192,2011-10-06,1,26-104,TOR,,MTL,W,0,1,1,1,0,0,0,0,0,,,,0,,14,9:12,2,0,0,0,
193,2011-10-08,2,26-106,TOR,,OTT,W,0,1,1,1,5,0,0,0,0,,,,2,0.0,12,6:45,0,1,0,0,
194,2011-10-15,3,26-113,TOR,,CGY,W,0,0,0,0,7,0,0,0,0,,,,0,,12,6:51,0,0,0,0,
195,2011-10-17,4,26-115,TOR,,COL,L-OT,0,0,0,0,0,0,0,0,0,,,,2,0.0,12,9:00,0,0,0,0,
196,2011-10-19,5,26-117,TOR,,WPG,W,0,0,0,0,0,0,0,0,0,,,,1,0.0,18,13:06,1,0,0,0,
197,2011-10-20,6,26-118,TOR,@,BOS,L,0,0,0,0,2,0,0,0,0,,,,1,0.0,20,11:55,4,0,0,1,0.0
198,2011-10-22,7,26-120,TOR,@,MTL,W,0,0,0,0,2,0,0,0,0,,,,0,,15,9:03,2,0,0,0,
199,2011-10-24,8,26-122,TOR,@,PHI,L,0,0,0,0,0,0,0,0,0,,,,0,,13,7:50,1,0,0,0,
200,2011-10-27,9,26-125,TOR,@,NYR,W,1,0,1,1,5,1,0,0,0,,,,2,50.0,16,10:40,2,0,0,0,
201,2011-10-29,10,26-127,TOR,,PIT,W,0,0,0,0,0,0,0,0,0,,,,3,0.0,18,14:27,2,1,0,0,
202,2011-10-30,11,26-128,TOR,@,OTT,L,0,0,0,-1,0,0,0,0,0,,,,1,0.0,14,10:05,3,2,0,0,
203,2011-11-02,12,26-131,TOR,@,NJD,W,0,0,0,0,5,0,0,0,0,,,,1,0.0,15,11:11,1,1,0,0,
204,2011-11-03,13,26-132,TOR,@,CBJ,W,0,0,0,0,0,0,0,0,0,,,,2,0.0,16,11:24,0,0,0,0,
205,2011-11-05,14,26-134,TOR,,BOS,L,0,0,0,-1,0,0,0,0,0,,,,0,,19,13:20,5,0,0,0,
206,2011-11-08,15,26-137,TOR,,FLA,L,0,0,0,-1,0,0,0,0,0,,,,2,0.0,9,6:44,0,0,0,0,
207,2011-11-10,16,26-139,TOR,@,STL,W,0,0,0,0,0,0,0,0,0,,,,1,0.0,12,8:54,3,0,0,0,
208,2011-11-12,17,26-141,TOR,,OTT,L,0,0,0,0,5,0,0,0,0,,,,1,0.0,11,7:34,2,0,0,0,
209,2011-11-15,18,26-144,TOR,,PHX,L-SO,0,0,0,0,0,0,0,0,0,,,,1,0.0,12,7:37,1,1,0,0,
210,2012-01-07,19,26-197,TOR,,DET,W,0,0,0,0,0,0,0,0,0,,,,0,,18,12:11,3,0,0,0,
211,2012-01-10,20,26-200,TOR,,BUF,W,0,0,0,0,0,0,0,0,0,,,,2,0.0,19,14:16,5,1,0,0,
212,2012-01-13,21,26-203,TOR,@,BUF,L,0,0,0,0,2,0,0,0,0,,,,1,0.0,15,8:12,2,1,0,0,
213,2012-01-14,22,26-204,TOR,,NYR,L,0,0,0,0,0,0,0,0,0,,,,1,0.0,15,11:04,4,1,0,0,
214,2012-01-17,23,26-207,TOR,,OTT,L,0,0,0,0,5,0,0,0,0,,,,4,0.0,13,7:38,1,0,0,0,
215,2012-01-19,24,26-209,TOR,,MIN,W,0,0,0,1,0,0,0,0,0,,,,1,0.0,13,11:13,3,0,0,0,
216,2012-01-21,25,26-211,TOR,,MTL,L,0,0,0,0,0,0,0,0,0,,,,2,0.0,11,7:02,0,0,0,0,
217,2012-01-23,26,26-213,TOR,,NYI,W,0,0,0,0,0,0,0,0,0,,,,0,,15,11:06,2,2,0,0,
218,2012-01-24,27,26-214,TOR,@,NYI,W,0,0,0,0,0,0,0,0,0,,,,1,0.0,14,10:25,9,1,0,0,
219,2012-01-31,28,26-221,TOR,@,PIT,L-SO,0,0,0,0,0,0,0,0,0,,,,2,0.0,15,10:45,2,0,0,0,
220,2012-02-01,29,26-222,TOR,,PIT,W,0,0,0,0,0,0,0,0,0,,,,3,0.0,12,10:37,3,2,0,0,
221,2012-02-04,30,26-225,TOR,@,OTT,W,0,0,0,0,0,0,0,0,0,,,,1,0.0,15,10:56,1,0,0,0,
222,2012-02-06,31,26-227,TOR,,EDM,W,0,0,0,-1,0,0,0,0,0,,,,0,,16,11:41,4,2,0,0,
223,2012-02-07,32,26-228,TOR,@,WPG,L,0,0,0,0,0,0,0,0,0,,,,1,0.0,11,9:14,1,0,0,0,
224,2012-02-09,33,26-230,TOR,@,PHI,L,0,0,0,-1,5,0,0,0,0,,,,0,,11,6:20,4,1,0,0,
225,2012-02-11,34,26-232,TOR,,MTL,L,0,0,0,-2,2,0,0,0,0,,,,2,0.0,15,10:01,7,0,0,0,
226,2012-02-14,35,26-235,TOR,@,CGY,L,0,0,0,0,0,0,0,0,0,,,,1,0.0,11,8:51,3,0,0,0,
227,2012-02-15,36,26-236,TOR,@,EDM,W,0,0,0,-2,5,0,0,0,0,,,,0,,13,8:40,1,0,0,0,
228,2012-02-18,37,26-239,TOR,@,VAN,L,0,0,0,0,0,0,0,0,0,,,,0,,13,10:56,4,0,0,0,
229,2012-02-21,38,26-242,TOR,,NJD,L-OT,0,0,0,-1,0,0,0,0,0,,,,2,0.0,7,5:00,2,0,0,0,
230,2012-02-23,39,26-244,TOR,,SJS,L,0,0,0,0,5,0,0,0,0,,,,0,,8,4:43,3,0,0,0,
231,2012-02-25,40,26-246,TOR,,WSH,L,0,0,0,1,0,0,0,0,0,,,,0,,9,6:05,3,0,0,0,
232,2012-02-28,41,26-249,TOR,,FLA,L,0,0,0,0,0,0,0,0,0,,,,3,0.0,9,6:10,4,0,0,0,
233,2012-02-29,42,26-250,TOR,@,CHI,L,1,0,1,0,0,1,0,0,0,,,,2,50.0,13,8:02,2,0,0,0,
234,2012-03-03,43,26-253,TOR,@,MTL,W,0,0,0,0,5,0,0,0,0,,,,1,0.0,7,4:25,1,0,0,0,
235,2012-03-07,44,26-257,TOR,@,PIT,L,0,0,0,0,0,0,0,0,0,,,,0,,1,0:35,0,0,0,0,
236,2012-03-27,45,26-277,TOR,,CAR,L,0,0,0,0,0,0,0,0,0,,,,2,0.0,15,10:34,3,0,0,0,
237,2012-03-29,46,26-279,TOR,,PHI,L,0,0,0,0,12,0,0,0,0,,,,0,,13,8:42,3,0,0,0,
238,2012-03-31,47,26-281,TOR,,BUF,W,0,0,0,-3,2,0,0,0,0,,,,1,0.0,20,12:53,3,3,0,0,
239,2012-04-03,48,26-284,TOR,@,BUF,L-OT,0,0,0,0,0,0,0,0,0,,,,0,,23,15:07,3,2,0,0,
240,2012-04-05,49,26-286,TOR,,TBL,W,0,0,0,0,0,0,0,0,0,,,,3,0.0,14,9:11,3,1,0,0,
241,2012-04-07,50,26-288,TOR,@,MTL,L,0,0,0,0,0,0,0,0,0,,,,0,,8,5:37,2,1,0,0,
242,2013-01-19,1,27-209,TOR,@,MTL,W,0,0,0,0,5,0,0,0,0,,,,0,,8,4:33,1,0,0,0,
243,2013-01-21,2,27-211,TOR,,BUF,L,0,0,0,0,10,0,0,0,0,,,,1,0.0,7,4:28,1,0,0,0,
244,2013-01-23,3,27-213,TOR,@,PIT,W,0,0,0,0,0,0,0,0,0,,,,0,,8,6:27,2,0,0,0,
245,2013-01-26,4,27-216,TOR,@,NYR,L,0,0,0,0,5,0,0,0,0,,,,0,,7,3:37,0,0,0,1,0.0
246,2013-01-29,5,27-219,TOR,@,BUF,W,0,0,0,0,9,0,0,0,0,,,,0,,5,3:00,0,0,0,0,
247,2013-02-16,6,27-237,TOR,,OTT,W,0,0,0,1,0,0,0,0,0,,,,0,,9,5:27,4,0,0,0,
248,2013-02-18,7,27-239,TOR,@,FLA,W,0,0,0,0,0,0,0,0,0,,,,0,,10,7:43,4,0,0,0,
249,2013-02-19,8,27-240,TOR,@,TBL,L,0,0,0,-1,17,0,0,0,0,,,,0,,9,4:11,1,0,0,0,
250,2013-02-21,9,27-242,TOR,,BUF,W,0,0,0,0,2,0,0,0,0,,,,1,0.0,9,5:27,3,0,0,0,
251,2013-02-23,10,27-244,TOR,@,OTT,L,0,0,0,0,0,0,0,0,0,,,,0,,12,5:20,3,0,0,0,
252,2013-02-25,11,27-246,TOR,@,PHI,W,0,0,0,0,7,0,0,0,0,,,,0,,9,3:23,1,1,0,0,
253,2013-02-27,12,27-248,TOR,,MTL,L,0,1,1,1,15,0,0,0,0,,,,0,,5,2:15,2,0,0,0,
254,2013-03-05,13,27-254,EDM,@,CBJ,L-SO,0,0,0,-1,0,0,0,0,0,,,,1,0.0,15,11:10,4,1,0,0,
255,2013-03-07,14,27-256,EDM,@,DET,L,0,0,0,0,5,0,0,0,0,,,,0,,13,11:14,5,1,0,0,
256,2013-03-08,15,27-257,EDM,@,NSH,L,0,0,0,0,5,0,0,0,0,,,,1,0.0,17,10:18,0,0,0,0,
257,2013-03-10,16,27-259,EDM,@,CHI,W,1,0,1,1,0,1,0,0,0,,,,1,100.0,14,9:58,2,1,0,1,0.0
258,2013-03-12,17,27-261,EDM,@,COL,W,0,0,0,0,0,0,0,0,0,,,,1,0.0,18,12:26,0,0,1,0,100.0
259,2013-03-15,18,27-264,EDM,,DET,L-OT,0,0,0,0,7,0,0,0,0,,,,1,0.0,13,10:49,3,1,1,0,100.0
260,2013-03-17,19,27-266,EDM,,NSH,W,0,0,0,0,0,0,0,0,0,,,,0,,12,7:59,2,0,0,0,
261,2013-03-20,20,27-269,EDM,,SJS,L-SO,0,0,0,-1,0,0,0,0,0,,,,2,0.0,12,6:49,2,1,0,1,0.0
262,2013-03-23,21,27-272,EDM,,STL,L,0,0,0,-1,0,0,0,0,0,,,,1,0.0,11,8:29,3,1,0,0,
263,2013-03-25,22,27-274,EDM,@,NSH,L,0,0,0,-2,0,0,0,0,0,,,,0,,11,8:24,1,0,0,0,
264,2013-03-26,23,27-275,EDM,@,STL,W,0,0,0,0,5,0,0,0,0,,,,0,,16,11:56,5,0,0,0,
265,2013-03-28,24,27-277,EDM,,CBJ,W,0,0,0,0,5,0,0,0,0,,,,0,,14,7:50,5,0,0,0,
266,2013-03-30,25,27-279,EDM,,VAN,W,0,0,0,1,10,0,0,0,0,,,,0,,14,11:15,2,1,1,0,100.0
267,2013-04-01,26,27-281,EDM,,CGY,W,0,0,0,-1,2,0,0,0,0,,,,1,0.0,17,13:35,2,0,1,0,100.0
268,2013-04-03,27,27-283,EDM,@,CGY,W,0,0,0,0,5,0,0,0,0,,,,1,0.0,12,10:12,2,0,0,0,
269,2013-04-04,28,27-284,EDM,@,VAN,L,0,0,0,-1,0,0,0,0,0,,,,0,,8,5:47,2,0,0,0,
270,2013-04-06,29,27-286,EDM,@,LAK,L,0,0,0,0,2,0,0,0,0,,,,0,,9,5:07,2,0,0,0,
271,2013-04-08,30,27-288,EDM,@,ANA,L,0,0,0,0,0,0,0,0,0,,,,0,,6,3:52,0,1,0,0,
272,2013-04-10,31,27-290,EDM,,PHX,L,0,0,0,0,0,0,0,0,0,,,,0,,6,4:18,2,0,0,0,
273,2013-04-13,32,27-293,EDM,,CGY,L,0,0,0,-1,0,0,0,0,0,,,,0,,10,7:08,4,0,0,0,
274,2013-04-16,33,27-296,EDM,,MIN,L,0,0,0,-2,0,0,0,0,0,,,,0,,10,6:29,2,0,1,0,100.0
275,2013-04-19,34,27-299,EDM,@,COL,W,0,0,0,0,0,0,0,0,0,,,,1,0.0,10,7:15,3,0,0,0,
276,2013-04-21,35,27-301,EDM,,ANA,L,0,0,0,0,2,0,0,0,0,,,,0,,10,5:48,3,1,0,0,
277,2013-04-22,36,27-302,EDM,,ANA,L,0,0,0,0,0,0,0,0,0,,,,1,0.0,10,7:11,4,0,0,0,
278,2013-04-24,37,27-304,EDM,,CHI,L,0,0,0,0,0,0,0,0,0,,,,2,0.0,15,10:31,2,0,0,0,
279,2013-04-26,38,27-306,EDM,@,MIN,W,0,0,0,0,5,0,0,0,0,,,,2,0.0,16,10:46,1,0,0,0,
280,2013-04-27,39,27-307,EDM,,VAN,W,0,0,0,0,0,0,0,0,0,,,,0,,14,10:50,2,3,0,0,
281,2013-10-01,1,28-099,EDM,,WPG,L,0,0,0,1,0,0,0,0,0,,,,1,0.0,9,5:12,3,0,0,0,
282,2013-10-05,2,28-103,EDM,@,VAN,L,0,0,0,0,12,0,0,0,0,,,,0,,11,7:02,5,1,0,0,
283,2013-10-07,3,28-105,EDM,,NJD,W,0,0,0,0,5,0,0,0,0,,,,0,,8,5:14,3,0,0,0,
284,2013-10-10,4,28-108,EDM,,MTL,L,0,0,0,0,0,0,0,0,0,,,,0,,9,5:32,5,0,0,0,
285,2013-10-12,5,28-110,EDM,@,TOR,L-OT,0,0,0,0,0,0,0,0,0,,,,0,,7,5:31,1,0,0,0,
286,2013-10-14,6,28-112,EDM,@,WSH,L,0,0,0,0,2,0,0,0,0,,,,0,,13,8:27,6,0,0,0,
287,2013-10-15,7,28-113,EDM,@,PIT,L,0,0,0,0,0,0,0,0,0,,,,0,,7,4:47,1,1,0,0,
288,2013-10-19,8,28-117,EDM,@,OTT,W,0,0,0,0,0,0,0,0,0,,,,0,,7,4:49,1,1,0,0,
289,2013-10-24,9,28-122,SJS,@,BOS,L,0,0,0,0,0,0,0,0,0,,,,0,,11,7:14,1,0,0,0,
290,2013-10-27,10,28-125,SJS,@,OTT,W,0,0,0,1,2,0,0,0,0,,,,1,0.0,17,10:52,1,0,1,0,100.0
291,2013-10-30,11,28-128,SJS,@,LAK,L-OT,0,0,0,-1,5,0,0,0,0,,,,2,0.0,10,8:02,2,1,0,0,
292,2013-11-05,12,28-134,SJS,,BUF,L-SO,0,0,0,-1,7,0,0,0,0,,,,1,0.0,9,4:52,4,0,0,0,
293,2013-11-07,13,28-136,SJS,,VAN,L,1,0,1,1,0,1,0,0,0,,,,2,50.0,16,9:59,4,0,0,0,
294,2013-11-10,14,28-139,SJS,@,WPG,L-SO,0,0,0,-1,0,0,0,0,0,,,,0,,8,5:08,2,1,0,0,
295,2013-11-15,15,28-144,SJS,@,EDM,W,0,0,0,0,0,0,0,0,0,,,,0,,9,5:10,1,1,0,0,
296,2013-11-21,16,28-150,SJS,,TBL,W,0,0,0,0,0,0,0,0,0,,,,0,,12,9:45,3,0,0,0,
297,2013-11-23,17,28-152,SJS,,NJD,W,0,0,0,0,0,0,0,0,0,,,,2,0.0,11,6:39,4,0,0,0,
298,2013-11-27,18,28-156,SJS,,LAK,W,0,0,0,0,0,0,0,0,0,,,,0,,11,7:06,6,1,0,0,
299,2013-11-29,19,28-158,SJS,,STL,W,0,0,0,0,0,0,0,0,0,,,,0,,7,3:17,2,0,1,0,100.0
300,2013-11-30,20,28-159,SJS,,ANA,W,0,1,1,0,5,0,0,0,0,,,,1,0.0,11,6:53,2,1,0,1,0.0
301,2013-12-03,21,28-162,SJS,@,TOR,W,1,0,1,1,0,1,0,0,0,,,,4,25.0,14,8:47,1,0,0,0,
302,2013-12-17,22,28-176,SJS,@,STL,W,0,0,0,-1,0,0,0,0,0,,,,1,0.0,12,7:41,1,0,0,0,
303,2013-12-19,23,28-178,SJS,@,LAK,L,0,0,0,-1,0,0,0,0,0,,,,0,,15,9:19,3,0,0,0,
304,2013-12-21,24,28-180,SJS,,DAL,W,0,0,0,-1,2,0,0,0,0,,,,0,,13,6:18,3,0,0,0,
305,2013-12-23,25,28-182,SJS,,COL,W,0,0,0,0,5,0,0,0,0,,,,1,0.0,13,7:29,2,0,0,0,
306,2013-12-27,26,28-186,SJS,@,PHX,W,0,0,0,0,0,0,0,0,0,,,,1,0.0,16,10:59,3,0,0,0,
307,2013-12-29,27,28-188,SJS,,ANA,W,0,1,1,0,0,0,0,0,0,,,,2,0.0,17,11:59,5,1,0,0,
308,2013-12-31,28,28-190,SJS,@,ANA,L,0,0,0,-1,5,0,0,0,0,,,,1,0.0,16,10:42,0,0,0,0,
309,2014-01-02,29,28-192,SJS,,EDM,W,0,0,0,0,0,0,0,0,0,,,,2,0.0,15,9:08,3,1,0,0,
310,2014-01-04,30,28-194,SJS,@,COL,L,0,0,0,-2,0,0,0,0,0,,,,1,0.0,10,5:43,0,0,0,0,
311,2014-01-05,31,28-195,SJS,@,CHI,W,0,0,0,-1,0,0,0,0,0,,,,0,,17,8:09,2,0,0,0,
312,2014-01-07,32,28-197,SJS,@,NSH,L,0,0,0,0,2,0,0,0,0,,,,3,0.0,17,9:05,5,0,0,0,
313,2014-01-09,33,28-199,SJS,,DET,W,0,0,0,-1,0,0,0,0,0,,,,0,,12,7:51,0,0,0,0,
314,2014-01-11,34,28-201,SJS,,BOS,L,0,0,0,0,5,0,0,0,0,,,,0,,10,5:14,4,0,0,0,
315,2014-01-14,35,28-204,SJS,@,WSH,W,0,0,0,0,5,0,0,0,0,,,,0,,10,5:10,1,0,0,0,
316,2014-01-23,36,28-213,SJS,,WPG,W,0,0,0,0,2,0,0,0,0,,,,0,,9,4:09,1,0,0,0,
317,2014-01-25,37,28-215,SJS,,MIN,W,0,0,0,-1,5,0,0,0,0,,,,1,0.0,6,3:57,3,0,0,0,
318,2014-01-27,38,28-217,SJS,,LAK,L,0,0,0,0,0,0,0,0,0,,,,0,,8,5:03,5,0,0,0,
319,2014-01-29,39,28-219,SJS,@,EDM,L,0,0,0,0,5,0,0,0,0,,,,1,0.0,9,4:31,2,0,0,0,
320,2014-02-01,40,28-222,SJS,,CHI,W,0,0,0,0,2,0,0,0,0,,,,0,,9,4:58,4,0,0,0,
321,2014-02-03,41,28-224,SJS,,PHI,L,0,0,0,-1,0,0,0,0,0,,,,1,0.0,16,10:09,2,0,0,0,
322,2014-02-05,42,28-226,SJS,,DAL,W,0,0,0,0,0,0,0,0,0,,,,1,0.0,18,9:44,4,1,0,0,
323,2014-02-07,43,28-228,SJS,,CBJ,W,0,0,0,0,0,0,0,0,0,,,,0,,12,7:42,5,0,0,0,
324,2014-02-27,44,28-248,SJS,@,PHI,W,0,1,1,1,0,0,0,0,0,,,,3,0.0,16,9:00,2,1,0,0,
325,2014-02-28,45,28-249,SJS,@,BUF,L,0,0,0,0,0,0,0,0,0,,,,4,0.0,16,10:35,2,0,0,0,
326,2014-03-11,46,28-260,SJS,,TOR,W,0,0,0,0,5,0,0,0,0,,,,1,0.0,14,7:39,4,0,0,0,
327,2014-03-13,47,28-262,SJS,@,CBJ,W,0,0,0,-1,2,0,0,0,0,,,,0,,12,6:08,1,0,0,0,
328,2014-03-20,48,28-269,SJS,,ANA,W,0,0,0,0,0,0,0,0,0,,,,0,,11,6:58,3,2,0,0,
329,2014-03-22,49,28-271,SJS,,WSH,L-SO,0,0,0,0,2,0,0,0,0,,,,1,0.0,11,6:29,2,0,0,0,
330,2014-03-25,50,28-274,SJS,@,EDM,W,0,0,0,0,0,0,0,0,0,,,,1,0.0,15,11:14,1,1,0,0,
331,2014-03-27,51,28-276,SJS,,WPG,L,0,0,0,0,0,0,0,0,0,,,,1,0.0,11,6:41,2,0,0,0,
332,2014-03-29,52,28-278,SJS,@,COL,L,0,0,0,0,0,0,0,0,0,,,,2,0.0,9,5:31,0,0,0,0,
333,2014-04-01,53,28-281,SJS,,EDM,W,0,0,0,1,7,0,0,0,0,,,,1,0.0,9,5:02,3,0,0,0,
334,2014-04-03,54,28-283,SJS,,LAK,W,0,0,0,0,0,0,0,0,0,,,,0,,12,8:13,4,0,0,0,
335,2014-04-05,55,28-285,SJS,,NSH,L,0,0,0,0,2,0,0,0,0,,,,0,,10,6:38,4,0,0,0,
336,2014-04-09,56,28-289,SJS,@,ANA,L,0,0,0,-1,0,0,0,0,0,,,,1,0.0,10,5:02,2,0,0,0,
337,2014-10-08,1,29-106,SJS,@,LAK,W,0,0,0,0,7,0,0,0,0,0,0,0,1,0.0,16,11:08,2,1,0,0,
338,2014-10-11,2,29-109,SJS,,WPG,W,0,0,0,0,0,0,0,0,0,0,0,0,1,0.0,8,4:36,2,2,0,0,
339,2014-11-29,3,29-158,SJS,,ANA,W,0,0,0,0,6,0,0,0,0,0,0,0,3,0.0,15,7:45,6,0,0,0,
340,2014-12-02,4,29-161,SJS,,PHI,W,0,0,0,0,0,0,0,0,0,0,0,0,0,,11,6:01,4,1,1,0,100.0
341,2014-12-04,5,29-163,SJS,,BOS,W,0,0,0,-1,0,0,0,0,0,0,0,0,0,,13,8:49,4,0,1,2,33.3
342,2014-12-06,6,29-165,SJS,@,CGY,W,0,0,0,1,0,0,0,0,0,0,0,0,2,0.0,17,10:24,3,1,1,0,100.0
343,2014-12-07,7,29-166,SJS,@,EDM,L,0,0,0,0,0,0,0,0,0,0,0,0,0,,16,9:46,2,0,0,0,
344,2014-12-09,8,29-168,SJS,,EDM,W,0,0,0,0,0,0,0,0,0,0,0,0,1,0.0,9,5:44,7,1,1,1,50.0
345,2015-04-03,9,29-283,SJS,,ARI,W,0,0,0,0,0,0,0,0,0,0,0,0,0,,12,8:12,3,0,0,0,
346,2015-04-04,10,29-284,SJS,@,ARI,L,0,0,0,0,0,0,0,0,0,0,0,0,1,0.0,8,3:46,2,0,0,0,
347,2015-04-06,11,29-286,SJS,,DAL,L,0,0,0,0,7,0,0,0,0,0,0,0,0,,15,10:50,4,0,0,0,
348,2015-04-11,12,29-291,SJS,@,LAK,L,0,0,0,0,2,0,0,0,0,0,0,0,2,0.0,18,11:26,3,1,0,0,
349,2015-10-07,1,30-105,SJS,@,LAK,W,0,0,0,0,9,0,0,0,0,0,0,0,1,0.0,16,8:26,0,0,0,0,
350,2015-10-10,2,30-108,SJS,,ANA,W,0,0,0,0,0,0,0,0,0,0,0,0,2,0.0,18,10:38,8,0,0,0,
351,2015-10-13,3,30-111,SJS,@,WSH,W,1,0,1,2,0,1,0,0,0,0,0,0,1,100.0,14,9:24,3,1,0,0,
352,2015-10-16,4,30-114,SJS,@,NJD,W,0,0,0,0,2,0,0,0,0,0,0,0,1,0.0,12,7:28,1,0,0,0,
353,2015-10-17,5,30-115,SJS,@,NYI,L,0,0,0,0,0,0,0,0,0,0,0,0,0,,15,10:12,1,2,0,0,
354,2015-10-19,6,30-117,SJS,@,NYR,L,0,0,0,0,0,0,0,0,0,0,0,0,0,,16,10:44,3,0,0,0,
355,2015-10-22,7,30-120,SJS,,LAK,L,0,0,0,0,2,0,0,0,0,0,0,0,1,0.0,16,9:08,4,0,1,0,100.0
356,2015-10-24,8,30-122,SJS,,CAR,W,0,0,0,0,0,0,0,0,0,0,0,0,0,,13,8:25,4,0,0,0,
357,2015-10-28,9,30-126,SJS,,NSH,L,0,0,0,0,4,0,0,0,0,0,0,0,1,0.0,12,8:35,5,1,0,0,
358,2015-10-31,10,30-129,SJS,@,DAL,L,0,0,0,-1,0,0,0,0,0,0,0,0,0,,15,9:17,2,0,0,0,
359,2015-11-01,11,30-130,SJS,@,COL,W,0,0,0,0,5,0,0,0,0,0,0,0,0,,12,6:31,1,0,0,0,
360,2015-11-03,12,30-132,SJS,,CBJ,L,0,0,0,-1,5,0,0,0,0,0,0,0,1,0.0,7,5:15,1,0,0,0,
361,2015-11-07,13,30-136,SJS,,ANA,L,0,0,0,0,0,0,0,0,0,0,0,0,0,,14,8:31,8,2,0,0,
362,2015-11-10,14,30-139,SJS,,NYI,L,0,0,0,0,0,0,0,0,0,0,0,0,1,0.0,11,5:53,3,0,0,0,
363,2015-11-13,15,30-142,SJS,@,DET,W,0,0,0,1,0,0,0,0,0,0,0,0,0,,12,6:51,2,0,1,0,100.0
364,2015-11-14,16,30-143,SJS,@,BUF,W,0,0,0,0,0,0,0,0,0,0,0,0,0,,13,9:19,2,0,0,0,
365,2015-11-17,17,30-146,SJS,@,BOS,W,0,0,0,-1,0,0,0,0,0,0,0,0,1,0.0,10,5:09,5,0,0,1,0.0
366,2015-11-19,18,30-148,SJS,@,PHI,W,0,0,0,0,0,0,0,0,0,0,0,0,0,,8,5:17,3,0,0,0,
367,2015-11-21,19,30-150,SJS,@,PIT,W,0,0,0,0,2,0,0,0,0,0,0,0,3,0.0,11,5:23,1,0,0,0,
368,2015-11-22,20,30-151,SJS,@,CBJ,W,0,0,0,-1,5,0,0,0,0,0,0,0,1,0.0,9,4:56,0,1,0,0,
369,2015-11-25,21,30-154,SJS,,CHI,L,0,0,0,-1,0,0,0,0,0,0,0,0,2,0.0,13,9:35,2,1,0,0,
370,2015-11-28,22,30-157,SJS,,CGY,W,0,0,0,0,0,0,0,0,0,0,0,0,2,0.0,15,9:39,1,0,0,0,
371,2015-12-01,23,30-160,SJS,,PIT,L,0,0,0,-1,0,0,0,0,0,0,0,0,1,0.0,13,10:24,4,1,0,0,
372,2015-12-04,24,30-163,SJS,@,ANA,L,0,0,0,-1,0,0,0,0,0,0,0,0,1,0.0,10,6:06,1,0,0,0,
373,2015-12-05,25,30-164,SJS,,TBL,L,0,0,0,0,0,0,0,0,0,0,0,0,1,0.0,11,7:55,6,0,0,0,
374,2015-12-09,26,30-168,SJS,@,EDM,L-OT,0,0,0,0,5,0,0,0,0,0,0,0,3,0.0,9,6:00,3,1,0,0,
375,2015-12-12,27,30-171,SJS,,MIN,L,0,0,0,0,2,0,0,0,0,0,0,0,1,0.0,14,7:00,7,0,0,0,
376,2015-12-15,28,30-174,SJS,@,MTL,W,0,0,0,0,0,0,0,0,0,0,0,0,0,,12,6:12,4,0,0,0,
377,2015-12-17,29,30-176,SJS,@,TOR,W,0,0,0,0,0,0,0,0,0,0,0,0,0,,10,5:54,1,0,0,0,
378,2015-12-20,30,30-179,SJS,@,CHI,L-OT,0,0,0,0,5,0,0,0,0,0,0,0,1,0.0,7,5:52,3,0,0,0,
379,2015-12-22,31,30-181,SJS,@,LAK,W,0,0,0,0,2,0,0,0,0,0,0,0,1,0.0,11,5:03,1,0,0,0,
380,2015-12-28,32,30-187,SJS,,COL,L,0,1,1,1,0,0,0,0,0,1,0,0,1,0.0,13,7:18,4,0,0,0,
381,2016-01-07,33,30-197,SJS,,DET,L,0,0,0,0,0,0,0,0,0,0,0,0,0,,7,5:13,4,0,0,0,
382,2016-01-09,34,30-199,SJS,,TOR,W,0,0,0,1,0,0,0,0,0,0,0,0,0,,16,11:05,5,2,0,0,
383,2016-01-11,35,30-201,SJS,@,CGY,W,0,0,0,0,4,0,0,0,0,0,0,0,0,,8,4:33,0,0,0,0,
384,2016-01-12,36,30-202,SJS,@,WPG,W,0,0,0,0,5,0,0,0,0,0,0,0,1,0.0,9,7:16,2,0,0,0,
385,2016-01-14,37,30-204,SJS,,EDM,W,0,0,0,0,0,0,0,0,0,0,0,0,0,,8,4:59,1,1,0,0,
386,2016-01-16,38,30-206,SJS,,DAL,W,0,0,0,0,0,0,0,0,0,0,0,0,1,0.0,8,5:09,6,1,0,0,
387,2016-01-18,39,30-208,SJS,,OTT,L-SO,0,0,0,-1,0,0,0,0,0,0,0,0,2,0.0,8,5:00,3,0,0,0,
388,2016-01-21,40,30-211,SJS,@,ARI,W,0,1,1,1,0,0,0,0,0,1,0,0,1,0.0,11,6:04,1,0,0,0,
389,2016-01-23,41,30-213,SJS,,MIN,W,0,0,0,0,0,0,0,0,0,0,0,0,0,,6,3:18,0,0,0,0,
390,2016-01-24,42,30-214,SJS,,LAK,L-OT,0,0,0,0,2,0,0,0,0,0,0,0,3,0.0,10,6:11,3,0,0,0,
391,2016-02-19,43,30-240,SJS,@,CAR,L,0,0,0,-1,4,0,0,0,0,0,0,0,0,,14,9:07,1,3,0,0,
392,2016-02-22,44,30-243,SJS,@,STL,W,0,0,0,0,0,0,0,0,0,0,0,0,1,0.0,13,7:27,0,0,0,0,
393,2016-02-29,45,30-250,MTL,@,SJS,L,0,0,0,-1,0,0,0,0,0,0,0,0,0,,18,11:30,3,1,0,0,
394,2016-03-03,46,30-253,MTL,@,LAK,L,0,0,0,-1,2,0,0,0,0,0,0,0,1,0.0,14,9:10,5,0,0,0,
395,2016-03-08,47,30-258,MTL,,DAL,W,0,0,0,1,0,0,0,0,0,0,0,0,0,,15,10:04,9,0,0,0,
396,2016-03-10,48,30-260,MTL,,BUF,W,0,0,0,0,5,0,0,0,0,0,0,0,0,,14,8:29,4,1,0,0,
397,2016-03-12,49,30-262,MTL,,MIN,L,0,0,0,0,0,0,0,0,0,0,0,0,3,0.0,17,9:05,2,0,0,0,
398,2016-03-15,50,30-265,MTL,,FLA,L,0,0,0,0,5,0,0,0,0,0,0,0,1,0.0,13,8:42,6,0,0,0,
399,2016-03-16,51,30-266,MTL,@,BUF,W,0,0,0,0,4,0,0,0,0,0,0,0,0,,16,9:09,1,1,0,0,
400,2016-03-19,52,30-269,MTL,@,OTT,L,0,0,0,0,5,0,0,0,0,0,0,0,2,0.0,18,13:04,6,0,0,0,
401,2016-03-20,53,30-270,MTL,,CGY,L,0,0,0,0,2,0,0,0,0,0,0,0,1,0.0,15,10:06,3,1,0,0,
402,2016-03-22,54,30-272,MTL,,ANA,W,1,1,2,1,0,1,0,0,0,1,0,0,2,50.0,15,7:42,5,0,0,0,
403,2016-03-24,55,30-274,MTL,@,DET,L,0,0,0,-1,0,0,0,0,0,0,0,0,1,0.0,14,8:53,5,0,1,0,100.0
404,2016-03-26,56,30-276,MTL,,NYR,L,0,0,0,0,0,0,0,0,0,0,0,0,2,0.0,13,10:00,2,2,0,0,
405,2016-03-29,57,30-279,MTL,,DET,W,0,0,0,0,4,0,0,0,0,0,0,0,1,0.0,11,7:59,2,2,0,0,
406,2016-04-07,58,30-288,MTL,@,CAR,W,0,0,0,-1,0,0,0,0,0,0,0,0,0,,17,11:14,3,0,0,0,
