,date_game,game_season,age,team_id,game_location,opp_id,game_result,goals,assists,points,plus_minus,pen_min,goals_ev,goals_pp,goals_sh,goals_gw,assists_ev,assists_pp,assists_sh,shots,shot_pct,shifts,time_on_ice,hits_all,blocks_all,faceoff_wins_all,faceoff_losses_all,faceoff_percentage_all
0,2012-03-31,1,21-273,TBL,,WPG,W,0,0,0,0,0,0,0,0,0,,,,2,0.0,18,13:33,0,0,0,0,
1,2012-04-02,2,21-275,TBL,,WSH,W,0,0,0,0,0,0,0,0,0,,,,5,0.0,15,11:45,0,1,0,0,
2,2012-04-04,3,21-277,TBL,@,MTL,L,0,0,0,1,0,0,0,0,0,,,,3,0.0,20,14:56,1,2,0,0,
3,2012-04-05,4,21-278,TBL,@,TOR,L-OT,0,0,0,-1,0,0,0,0,0,,,,1,0.0,20,15:11,1,0,0,0,
4,2012-04-07,5,21-280,TBL,@,WPG,W,0,1,1,2,0,0,0,0,0,,,,2,0.0,20,13:52,0,0,0,0,
5,2013-11-12,1,23-133,TBL,@,MTL,W,0,0,0,0,0,0,0,0,0,,,,2,0.0,21,14:37,1,0,0,0,
6,2013-11-14,2,23-135,TBL,,ANA,W,0,1,1,1,0,0,0,0,0,,,,4,0.0,18,14:25,1,1,0,0,
7,2013-11-16,3,23-137,TBL,@,PHX,L,1,0,1,-1,0,1,0,0,0,,,,2,50.0,19,16:07,1,1,0,0,
8,2013-11-19,4,23-140,TBL,@,LAK,L,0,0,0,-2,0,0,0,0,0,,,,0,,16,13:04,0,2,0,0,
9,2013-11-21,5,23-142,TBL,@,SJS,L,0,0,0,-1,0,0,0,0,0,,,,1,0.0,18,14:23,1,0,0,0,
10,2013-11-22,6,23-143,TBL,@,ANA,L-OT,0,0,0,0,0,0,0,0,0,,,,6,0.0,15,13:22,2,1,0,0,
11,2013-11-25,7,23-146,TBL,,NYR,W,0,0,0,2,0,0,0,0,0,,,,2,0.0,20,16:45,3,0,0,0,
12,2013-11-27,8,23-148,TBL,,PHI,W,0,0,0,-1,0,0,0,0,0,,,,3,0.0,19,17:08,0,1,0,0,
13,2013-11-29,9,23-150,TBL,,PIT,L,0,0,0,0,0,0,0,0,0,,,,4,0.0,18,15:10,3,1,0,1,0.0
14,2013-12-03,10,23-154,TBL,@,CBJ,L,0,0,0,0,0,0,0,0,0,,,,1,0.0,16,14:27,1,0,0,0,
15,2013-12-05,11,23-156,TBL,,OTT,W,0,0,0,0,0,0,0,0,0,,,,0,,18,14:04,3,0,0,0,
16,2013-12-07,12,23-158,TBL,,WPG,L-OT,0,0,0,0,0,0,0,0,0,,,,1,0.0,18,11:27,1,0,0,0,
17,2013-12-10,13,23-161,TBL,@,WSH,L-SO,0,1,1,0,0,0,0,0,0,,,,2,0.0,18,11:02,1,0,0,2,0.0
18,2013-12-12,14,23-163,TBL,,DET,W,0,1,1,1,0,0,0,0,0,,,,0,,17,12:41,1,0,0,1,0.0
19,2013-12-14,15,23-165,TBL,@,NJD,L,0,0,0,-1,0,0,0,0,0,,,,4,0.0,20,11:50,1,0,1,1,50.0
20,2013-12-15,16,23-166,TBL,@,DET,W,1,0,1,1,0,1,0,0,0,,,,2,50.0,23,13:41,2,1,1,0,100.0
21,2013-12-17,17,23-168,TBL,@,NYI,W,0,1,1,1,0,0,0,0,0,,,,2,0.0,23,17:37,0,0,1,1,50.0
22,2013-12-19,18,23-170,TBL,,NSH,W,0,0,0,-1,0,0,0,0,0,,,,1,0.0,18,12:33,1,0,0,0,
23,2013-12-21,19,23-172,TBL,,CAR,W,0,0,0,0,0,0,0,0,0,,,,2,0.0,18,12:40,2,0,0,0,
24,2013-12-23,20,23-174,TBL,@,FLA,W,2,0,2,2,0,2,0,0,0,,,,6,33.3,20,16:41,0,0,0,0,
25,2013-12-28,21,23-179,TBL,,MTL,L-SO,0,0,0,0,0,0,0,0,0,,,,2,0.0,22,16:17,1,0,0,0,
26,2013-12-29,22,23-180,TBL,,NYR,L,0,0,0,0,0,0,0,0,0,,,,1,0.0,19,14:45,2,1,0,0,
27,2014-01-01,23,23-183,TBL,@,VAN,W,0,0,0,0,0,0,0,0,0,,,,1,0.0,18,13:11,2,0,0,0,
28,2014-01-03,24,23-185,TBL,@,CGY,W,0,0,0,0,0,0,0,0,0,,,,1,0.0,21,14:12,0,2,0,0,
29,2014-01-05,25,23-187,TBL,@,EDM,L,0,0,0,-1,0,0,0,0,0,,,,1,0.0,20,14:13,5,0,0,0,
30,2014-01-11,26,23-193,TBL,@,PHI,W,0,0,0,0,0,0,0,0,0,,,,3,0.0,18,12:49,1,0,0,0,
31,2014-01-13,27,23-195,TBL,@,CBJ,L,0,0,0,0,0,0,0,0,0,,,,0,,15,11:10,0,1,0,0,
32,2014-01-14,28,23-196,TBL,@,NYR,W,0,1,1,1,0,0,0,0,0,,,,0,,16,9:59,1,0,0,0,
33,2014-01-16,29,23-198,TBL,,NYI,L-SO,0,0,0,0,0,0,0,0,0,,,,2,0.0,21,13:21,0,2,1,0,100.0
34,2014-01-18,30,23-200,TBL,,SJS,L,0,1,1,0,0,0,0,0,0,,,,2,0.0,17,12:28,2,2,2,0,100.0
35,2014-01-19,31,23-201,TBL,@,CAR,W,0,0,0,0,0,0,0,0,0,,,,3,0.0,18,13:05,1,0,0,0,
36,2014-01-23,32,23-205,TBL,,OTT,W,0,0,0,0,0,0,0,0,0,,,,4,0.0,17,11:44,1,0,0,0,
37,2014-01-25,33,23-207,TBL,,COL,W,0,1,1,1,0,0,0,0,0,,,,1,0.0,16,12:46,0,0,0,0,
38,2014-01-28,34,23-210,TBL,@,TOR,L,0,0,0,0,0,0,0,0,0,,,,5,0.0,15,10:16,1,1,0,0,
39,2014-01-30,35,23-212,TBL,@,OTT,L,0,0,0,0,0,0,0,0,0,,,,0,,16,11:11,1,1,1,0,100.0
40,2014-02-01,36,23-214,TBL,@,MTL,W,0,1,1,1,0,0,0,0,0,,,,2,0.0,20,13:41,3,0,0,0,
41,2014-02-04,37,23-217,TBL,@,MIN,L,0,0,0,-1,0,0,0,0,0,,,,2,0.0,19,13:16,1,1,0,0,
42,2014-02-06,38,23-219,TBL,,TOR,L,0,0,0,0,2,0,0,0,0,,,,5,0.0,18,12:57,0,1,0,1,0.0
43,2014-02-08,39,23-221,TBL,,DET,W,0,1,1,1,0,0,0,0,0,,,,5,0.0,20,14:57,0,0,0,1,0.0
44,2014-02-27,40,23-240,TBL,@,NSH,L,0,0,0,0,2,0,0,0,0,,,,0,,14,8:49,1,1,0,0,
45,2014-03-01,41,23-242,TBL,@,DAL,W,0,0,0,-1,0,0,0,0,0,,,,2,0.0,21,14:35,0,0,0,0,
46,2014-03-02,42,23-243,TBL,@,COL,L,0,0,0,-1,0,0,0,0,0,,,,3,0.0,19,13:06,0,0,0,0,
47,2014-03-04,43,23-245,TBL,@,STL,L,0,0,0,0,0,0,0,0,0,,,,1,0.0,17,10:53,2,0,0,0,
48,2014-03-06,44,23-247,TBL,,BUF,L,0,0,0,-1,0,0,0,0,0,,,,2,0.0,15,9:42,1,0,0,0,
49,2014-03-08,45,23-249,TBL,,BOS,L-SO,0,0,0,-1,0,0,0,0,0,,,,2,0.0,18,13:17,1,1,0,1,0.0
50,2014-03-10,46,23-251,TBL,,PHX,L-SO,0,0,0,-1,0,0,0,0,0,,,,0,,18,13:55,2,0,0,1,0.0
51,2014-03-13,47,23-254,TBL,,FLA,W,0,0,0,-2,0,0,0,0,0,,,,1,0.0,15,12:13,1,0,0,1,0.0
52,2014-03-15,48,23-256,TBL,,NJD,W,0,1,1,1,2,0,0,0,0,,,,4,0.0,15,8:54,0,0,0,0,
53,2014-03-17,49,23-258,TBL,,VAN,W,0,1,1,0,0,0,0,0,0,,,,2,0.0,13,9:46,1,0,0,0,
54,2014-03-19,50,23-260,TBL,@,TOR,W,0,0,0,-1,0,0,0,0,0,,,,2,0.0,15,10:35,0,0,0,0,
55,2014-03-20,51,23-261,TBL,@,OTT,W,0,1,1,1,0,0,0,0,0,,,,0,,15,11:28,0,2,0,0,
56,2014-03-22,52,23-263,TBL,@,PIT,L-OT,0,0,0,-1,0,0,0,0,0,,,,0,,16,11:27,4,0,0,1,0.0
57,2014-03-24,53,23-265,TBL,,OTT,L-SO,0,1,1,-1,0,0,0,0,0,,,,1,0.0,16,9:05,1,1,0,0,
58,2014-03-27,54,23-268,TBL,,NYI,W,0,0,0,0,0,0,0,0,0,,,,1,0.0,17,15:05,1,0,0,0,
59,2014-03-29,55,23-270,TBL,@,BUF,W,0,1,1,1,0,0,0,0,0,,,,1,0.0,20,14:46,1,0,0,0,
60,2014-03-30,56,23-271,TBL,@,DET,L,0,0,0,-2,0,0,0,0,0,,,,2,0.0,21,15:21,1,2,0,0,
61,2014-04-01,57,23-273,TBL,,MTL,W,0,1,1,-1,0,0,0,0,0,,,,0,,17,10:40,1,0,0,1,0.0
62,2014-04-03,58,23-275,TBL,,CGY,L,0,0,0,-1,0,0,0,0,0,,,,1,0.0,19,13:41,1,1,0,0,
63,2014-04-05,59,23-277,TBL,,DAL,L,0,0,0,-1,0,0,0,0,0,,,,0,,16,11:58,2,1,0,1,0.0
64,2014-04-08,60,23-280,TBL,,TOR,W,0,0,0,0,0,0,0,0,0,,,,2,0.0,20,13:43,0,1,0,0,
65,2014-04-10,61,23-282,TBL,,PHI,W,0,0,0,-1,0,0,0,0,0,,,,0,,17,11:51,1,0,0,0,
66,2014-04-11,62,23-283,TBL,,CBJ,W,0,0,0,1,0,0,0,0,0,,,,0,,15,11:26,1,2,0,1,0.0
67,2014-04-13,63,23-285,TBL,@,WSH,W,0,0,0,0,0,0,0,0,0,,,,1,0.0,21,14:50,0,0,0,0,
68,2014-10-09,1,24-099,TBL,,FLA,W,0,0,0,0,0,0,0,0,0,0,0,0,0,,16,12:06,2,0,0,0,
69,2014-10-11,2,24-101,TBL,,OTT,L-SO,0,0,0,-1,0,0,0,0,0,0,0,0,5,0.0,19,13:08,0,0,1,0,100.0
70,2014-10-13,3,24-103,TBL,,MTL,W,0,0,0,0,0,0,0,0,0,0,0,0,1,0.0,21,13:45,0,0,1,2,33.3
71,2014-10-14,4,24-104,TBL,,NJD,L,0,0,0,0,0,0,0,0,0,0,0,0,0,,14,12:14,0,0,0,1,0.0
72,2014-10-18,5,24-108,TBL,@,VAN,W,0,0,0,0,0,0,0,0,0,0,0,0,1,0.0,19,13:03,1,0,1,1,50.0
73,2014-10-20,6,24-110,TBL,@,EDM,L,0,0,0,0,2,0,0,0,0,0,0,0,1,0.0,20,12:42,0,0,0,1,0.0
74,2014-10-21,7,24-111,TBL,@,CGY,W,0,0,0,0,5,0,0,0,0,0,0,0,2,0.0,18,14:30,2,0,0,0,
75,2014-10-24,8,24-114,TBL,@,WPG,W,0,0,0,0,0,0,0,0,0,0,0,0,0,,2,1:14,0,0,0,0,
76,2014-10-28,9,24-118,TBL,,ARI,W,0,1,1,2,0,0,0,0,0,1,0,0,1,0.0,18,14:37,0,1,0,0,
77,2014-10-30,10,24-120,TBL,,PHI,W,0,0,0,-2,0,0,0,0,0,0,0,0,1,0.0,15,13:04,2,0,0,0,
78,2014-11-01,11,24-122,TBL,,WSH,W,0,0,0,-1,0,0,0,0,0,0,0,0,2,0.0,18,14:19,3,1,0,0,
79,2014-11-06,12,24-127,TBL,,CGY,W,0,0,0,0,0,0,0,0,0,0,0,0,0,,16,13:29,0,0,0,0,
80,2014-11-08,13,24-129,TBL,@,CBJ,W,1,1,2,2,0,1,0,0,0,1,0,0,3,33.3,19,15:27,1,2,0,0,
81,2014-11-09,14,24-130,TBL,@,DET,W,0,0,0,0,0,0,0,0,0,0,0,0,2,0.0,18,12:42,0,2,0,0,
82,2014-11-11,15,24-132,TBL,@,CHI,L-SO,0,0,0,0,4,0,0,0,0,0,0,0,3,0.0,19,11:52,0,0,0,0,
83,2014-11-13,16,24-134,TBL,,SJS,L,0,0,0,-1,0,0,0,0,0,0,0,0,1,0.0,13,8:50,1,0,0,0,
84,2014-11-15,17,24-136,TBL,,NYI,W,0,0,0,-1,0,0,0,0,0,0,0,0,0,,13,11:40,1,0,0,0,
85,2014-11-18,18,24-139,TBL,@,NYI,L,0,0,0,0,2,0,0,0,0,0,0,0,1,0.0,20,13:10,2,1,0,1,0.0
86,2014-11-22,19,24-143,TBL,,MIN,W,0,0,0,-1,0,0,0,0,0,0,0,0,2,0.0,13,9:59,1,1,0,0,
87,2014-12-02,20,24-153,TBL,@,BUF,L-SO,0,0,0,0,0,0,0,0,0,0,0,0,3,0.0,15,11:17,0,0,0,0,
88,2014-12-09,21,24-160,TBL,,WSH,L,0,1,1,1,2,0,0,0,0,1,0,0,1,0.0,15,11:32,1,0,0,0,
89,2014-12-11,22,24-162,TBL,,CAR,W,0,0,0,0,0,0,0,0,0,0,0,0,0,,16,10:12,0,0,0,0,
90,2014-12-13,23,24-164,TBL,@,WSH,L,0,0,0,-3,0,0,0,0,0,0,0,0,1,0.0,13,8:51,1,1,0,0,
91,2014-12-15,24,24-166,TBL,@,PIT,L,0,0,0,0,2,0,0,0,0,0,0,0,0,,16,11:47,2,0,0,0,
92,2014-12-16,25,24-167,TBL,@,PHI,W,0,0,0,1,0,0,0,0,0,0,0,0,1,0.0,16,8:13,0,0,0,0,
93,2014-12-19,26,24-170,TBL,@,NJD,L-SO,0,0,0,0,0,0,0,0,0,0,0,0,1,0.0,11,6:46,1,0,0,0,
94,2014-12-27,27,24-178,TBL,,CAR,W,0,0,0,0,0,0,0,0,0,0,0,0,1,0.0,12,8:47,0,1,0,0,
95,2015-01-06,28,24-188,TBL,@,MTL,W,1,0,1,-1,0,1,0,0,0,0,0,0,2,50.0,13,8:05,1,0,0,0,
96,2015-01-13,29,24-195,TBL,@,BOS,L,0,0,0,-1,4,0,0,0,0,0,0,0,0,,16,11:20,3,1,0,0,
97,2015-01-15,30,24-197,TBL,,EDM,W,0,0,0,1,0,0,0,0,0,0,0,0,0,,10,8:12,0,0,0,0,
98,2015-01-29,31,24-211,TBL,,DET,W,0,0,0,0,0,0,0,0,0,0,0,0,3,0.0,10,7:57,0,0,0,0,
99,2015-02-05,32,24-218,TBL,@,DAL,W,0,0,0,-1,0,0,0,0,0,0,0,0,1,0.0,10,8:00,0,0,0,0,
100,2015-02-08,33,24-221,TBL,,ANA,W,0,0,0,1,0,0,0,0,0,0,0,0,0,,9,6:13,2,1,0,0,
101,2015-02-10,34,24-223,TBL,@,NSH,L-OT,0,0,0,-1,0,0,0,0,0,0,0,0,1,0.0,9,6:13,1,0,0,0,
102,2015-02-15,35,24-228,TBL,@,SJS,W,0,0,0,0,0,0,0,0,0,0,0,0,1,0.0,13,9:04,0,0,1,0,100.0
103,2015-02-18,36,24-231,TBL,@,ANA,W,0,0,0,1,0,0,0,0,0,0,0,0,5,0.0,15,11:36,1,2,0,0,
104,2015-02-21,37,24-234,TBL,@,ARI,W,0,0,0,0,0,0,0,0,0,0,0,0,0,,11,10:47,2,1,0,0,
105,2015-02-27,38,24-240,TBL,,CHI,W,0,0,0,1,0,0,0,0,0,0,0,0,0,,12,9:01,2,0,0,0,
106,2015-03-03,39,24-244,TBL,,BUF,W,0,0,0,0,0,0,0,0,0,0,0,0,0,,12,9:35,0,0,0,0,
107,2015-03-12,40,24-253,TBL,@,BOS,L-SO,0,0,0,0,0,0,0,0,0,0,0,0,2,0.0,12,8:56,0,1,0,0,
108,2015-03-14,41,24-255,TBL,,WPG,L,0,0,0,0,2,0,0,0,0,0,0,0,2,0.0,17,11:12,0,0,1,1,50.0
109,2015-03-16,42,24-257,TBL,,MTL,W,0,0,0,0,2,0,0,0,0,0,0,0,1,0.0,16,10:41,1,0,1,0,100.0
110,2015-03-20,43,24-261,TBL,,DET,W,0,0,0,0,0,0,0,0,0,0,0,0,2,0.0,19,12:08,1,0,0,0,
111,2015-03-22,44,24-263,TBL,,BOS,W,1,1,2,2,0,1,0,0,0,1,0,0,2,50.0,15,10:33,1,0,0,0,
112,2015-03-24,45,24-265,TBL,,FLA,W,0,1,1,1,0,0,0,0,0,1,0,0,3,0.0,15,10:31,0,0,0,0,
113,2015-03-26,46,24-267,TBL,,NSH,L,0,1,1,0,0,0,0,0,0,1,0,0,0,,13,8:15,0,0,0,0,
114,2015-03-30,47,24-271,TBL,@,MTL,W,0,0,0,0,0,0,0,0,0,0,0,0,3,0.0,11,9:21,2,1,0,0,
115,2015-03-31,48,24-272,TBL,@,TOR,L,0,0,0,0,5,0,0,0,0,0,0,0,3,0.0,12,10:18,2,1,0,0,
116,2015-04-02,49,24-274,TBL,@,OTT,L-OT,0,0,0,0,0,0,0,0,0,0,0,0,1,0.0,10,8:24,0,0,0,0,
117,2015-04-04,50,24-276,TBL,@,FLA,W,0,0,0,0,0,0,0,0,0,0,0,0,1,0.0,18,14:11,1,1,0,0,
118,2015-04-09,51,24-281,TBL,,NJD,W,0,0,0,0,0,0,0,0,0,0,0,0,3,0.0,15,9:41,2,2,0,0,
119,2015-04-11,52,24-283,TBL,,BOS,W,0,0,0,-1,0,0,0,0,0,0,0,0,4,0.0,14,12:03,1,0,0,0,
120,2015-10-08,1,25-098,TBL,,PHI,W,0,0,0,0,0,0,0,0,0,0,0,0,2,0.0,11,8:42,1,0,0,0,
121,2015-10-10,2,25-100,TBL,@,BUF,W,1,0,1,1,0,1,0,0,0,0,0,0,2,50.0,14,11:44,0,0,0,0,
122,2015-10-12,3,25-102,TBL,@,BOS,W,0,1,1,2,0,0,0,0,0,1,0,0,2,0.0,17,12:57,1,0,0,0,
123,2015-10-13,4,25-103,TBL,@,DET,L,0,0,0,0,0,0,0,0,0,0,0,0,1,0.0,12,10:36,0,0,0,0,
124,2015-10-15,5,25-105,TBL,,DAL,L,0,0,0,-1,0,0,0,0,0,0,0,0,3,0.0,18,10:43,4,0,0,0,
125,2015-10-17,6,25-107,TBL,,BUF,W,0,0,0,1,0,0,0,0,0,0,0,0,0,,17,11:24,2,0,0,0,
126,2015-10-23,7,25-113,TBL,@,WPG,W,0,0,0,0,0,0,0,0,0,0,0,0,1,0.0,14,11:44,3,0,0,0,
127,2015-10-27,8,25-117,TBL,@,STL,L,0,0,0,0,0,0,0,0,0,0,0,0,0,,12,8:17,3,0,1,0,100.0
128,2015-10-29,9,25-119,TBL,,COL,L,0,0,0,-1,0,0,0,0,0,0,0,0,0,,12,7:28,1,1,0,0,
129,2015-10-31,10,25-121,TBL,,BOS,L,0,0,0,0,0,0,0,0,0,0,0,0,1,0.0,7,6:54,1,0,0,0,
130,2015-11-01,11,25-122,TBL,@,CAR,W,1,0,1,1,0,1,0,0,0,0,0,0,2,50.0,12,9:25,0,0,0,0,
131,2015-11-03,12,25-124,TBL,@,DET,L,0,0,0,0,0,0,0,0,0,0,0,0,2,0.0,12,7:39,1,0,2,0,100.0
132,2015-11-05,13,25-126,TBL,@,BUF,W,0,0,0,-1,0,0,0,0,0,0,0,0,1,0.0,14,10:30,1,0,0,0,
133,2015-11-07,14,25-128,TBL,@,MIN,L,0,0,0,0,0,0,0,0,0,0,0,0,2,0.0,13,8:42,3,0,1,0,100.0
134,2015-11-10,15,25-131,TBL,,BUF,L,0,0,0,0,0,0,0,0,0,0,0,0,1,0.0,14,10:28,3,1,1,0,100.0
135,2015-11-12,16,25-133,TBL,,CGY,W,0,0,0,0,0,0,0,0,0,0,0,0,1,0.0,14,10:04,0,0,0,0,
136,2015-11-14,17,25-135,TBL,,FLA,L-SO,0,2,2,2,12,0,0,0,0,2,0,0,0,,12,8:46,1,0,1,0,100.0
137,2015-11-16,18,25-137,TBL,@,FLA,L,0,0,0,-1,0,0,0,0,0,0,0,0,5,0.0,19,15:33,0,1,1,1,50.0
138,2015-11-19,19,25-140,TBL,,NYR,W,0,1,1,1,2,0,0,0,0,0,0,1,0,,20,14:56,5,0,0,1,0.0
139,2015-11-21,20,25-142,TBL,,ANA,W,0,1,1,1,2,0,0,0,0,1,0,0,1,0.0,22,16:25,2,0,0,0,
140,2015-11-25,21,25-146,TBL,,LAK,W,0,0,0,0,0,0,0,0,0,0,0,0,6,0.0,22,15:45,0,2,0,0,
141,2015-11-27,22,25-148,TBL,@,WSH,L,0,1,1,1,0,0,0,0,0,1,0,0,4,0.0,21,15:23,0,0,0,2,0.0
142,2015-11-28,23,25-149,TBL,,NYI,L,0,0,0,0,0,0,0,0,0,0,0,0,0,,18,13:20,0,0,0,1,0.0
143,2015-12-02,24,25-153,TBL,@,ANA,W,0,0,0,0,2,0,0,0,0,0,0,0,2,0.0,22,15:11,2,1,0,0,
144,2015-12-05,25,25-156,TBL,@,SJS,W,0,2,2,2,0,0,0,0,0,2,0,0,1,0.0,20,16:35,1,1,0,0,
145,2015-12-06,26,25-157,TBL,@,LAK,L,0,0,0,1,2,0,0,0,0,0,0,0,0,,19,12:58,2,0,1,1,50.0
146,2015-12-10,27,25-161,TBL,,OTT,W,1,1,2,2,0,1,0,0,0,1,0,0,7,14.3,20,14:40,0,1,1,1,50.0
147,2015-12-12,28,25-163,TBL,,WSH,L,0,0,0,-1,5,0,0,0,0,0,0,0,3,0.0,23,18:39,2,1,2,0,100.0
148,2015-12-14,29,25-165,TBL,@,CBJ,W,0,0,0,0,0,0,0,0,0,0,0,0,3,0.0,24,18:16,1,2,0,1,0.0
149,2015-12-15,30,25-166,TBL,@,TOR,W,0,0,0,1,0,0,0,0,0,0,0,0,2,0.0,25,17:26,3,3,1,1,50.0
150,2015-12-18,31,25-169,TBL,@,WSH,L,0,0,0,-1,0,0,0,0,0,0,0,0,1,0.0,19,14:44,1,1,1,0,100.0
151,2015-12-26,32,25-177,TBL,,CBJ,W,0,0,0,1,0,0,0,0,0,0,0,0,1,0.0,21,17:03,0,0,0,2,0.0
152,2015-12-28,33,25-179,TBL,,MTL,L-SO,0,0,0,1,0,0,0,0,0,0,0,0,1,0.0,23,18:23,2,1,0,1,0.0
153,2015-12-30,34,25-181,TBL,,NYR,L,0,0,0,0,0,0,0,0,0,0,0,0,0,,20,13:24,0,2,0,0,
154,2016-01-02,35,25-184,TBL,,MIN,W,0,0,0,-1,0,0,0,0,0,0,0,0,2,0.0,22,14:54,0,0,1,0,100.0
155,2016-01-05,36,25-187,TBL,@,CGY,L,0,0,0,-2,0,0,0,0,0,0,0,0,1,0.0,15,12:28,0,1,0,0,
156,2016-01-08,37,25-190,TBL,@,EDM,W,0,0,0,0,0,0,0,0,0,0,0,0,1,0.0,12,10:54,1,2,0,0,
157,2016-01-09,38,25-191,TBL,@,VAN,W,0,0,0,0,0,0,0,0,0,0,0,0,1,0.0,14,9:44,1,1,0,0,
158,2016-01-12,39,25-194,TBL,@,COL,W,0,0,0,0,0,0,0,0,0,0,0,0,2,0.0,16,13:04,0,0,0,1,0.0
159,2016-01-15,40,25-197,TBL,,PIT,W,0,0,0,-1,0,0,0,0,0,0,0,0,2,0.0,14,8:36,2,0,0,0,
160,2016-01-17,41,25-199,TBL,,FLA,W,0,0,0,1,0,0,0,0,0,0,0,0,2,0.0,18,15:44,1,1,1,1,50.0
161,2016-01-19,42,25-201,TBL,,EDM,W,0,1,1,1,0,0,0,0,0,0,0,1,1,0.0,18,13:37,1,1,0,0,
162,2016-01-21,43,25-203,TBL,,CHI,W,0,0,0,1,0,0,0,0,0,0,0,0,2,0.0,18,14:47,0,0,1,0,100.0
163,2016-01-23,44,25-205,TBL,@,FLA,L,1,0,1,-1,0,1,0,0,0,0,0,0,5,20.0,19,14:42,1,0,0,2,0.0
164,2016-01-27,45,25-209,TBL,,TOR,W,0,0,0,0,0,0,0,0,0,0,0,0,2,0.0,19,10:39,0,1,0,1,0.0
165,2016-02-03,46,25-216,TBL,,DET,W,1,0,1,1,0,1,0,0,0,0,0,0,3,33.3,16,15:07,2,0,0,0,
166,2016-02-05,47,25-218,TBL,,PIT,W,0,0,0,0,0,0,0,0,0,0,0,0,2,0.0,21,15:28,1,0,0,0,
167,2016-02-08,48,25-221,TBL,@,OTT,L,1,0,1,1,0,1,0,0,0,0,0,0,5,20.0,18,17:03,1,0,0,0,
168,2016-02-09,49,25-222,TBL,@,MTL,L,0,0,0,1,0,0,0,0,0,0,0,0,1,0.0,17,14:46,0,0,0,0,
169,2016-02-12,50,25-225,TBL,,NSH,W,1,0,1,0,0,1,0,0,0,0,0,0,4,25.0,24,15:48,0,0,0,0,
170,2016-02-14,51,25-227,TBL,,STL,L,0,0,0,0,0,0,0,0,0,0,0,0,2,0.0,19,11:32,1,0,0,0,
171,2016-02-16,52,25-229,TBL,,SJS,L,0,1,1,1,0,0,0,0,0,1,0,0,2,0.0,17,13:34,1,1,0,0,
172,2016-02-18,53,25-231,TBL,,WPG,W,0,1,1,1,9,0,0,0,0,1,0,0,0,,20,14:20,1,0,0,0,
173,2016-02-20,54,25-233,TBL,@,PIT,W,0,0,0,0,2,0,0,0,0,0,0,0,1,0.0,20,15:47,5,1,0,2,0.0
174,2016-02-21,55,25-234,TBL,@,CAR,W,1,0,1,1,0,1,0,0,0,0,0,0,2,50.0,20,14:43,1,0,0,0,
175,2016-02-23,56,25-236,TBL,,ARI,W,0,0,0,-1,0,0,0,0,0,0,0,0,0,,19,15:12,2,0,0,0,
176,2016-02-26,57,25-239,TBL,@,NJD,W,0,0,0,0,0,0,0,0,0,0,0,0,2,0.0,18,14:34,0,0,0,0,
177,2016-02-28,58,25-241,TBL,@,BOS,W,0,0,0,0,2,0,0,0,0,0,0,0,2,0.0,21,15:50,2,1,0,0,
178,2016-02-29,59,25-242,TBL,@,TOR,W,0,0,0,0,5,0,0,0,0,0,0,0,2,0.0,20,17:09,1,2,0,0,
179,2016-03-03,60,25-245,TBL,@,OTT,W,0,1,1,1,0,0,0,0,0,1,0,0,1,0.0,22,15:54,1,0,0,0,
180,2016-03-05,61,25-247,TBL,,CAR,W,0,0,0,0,0,0,0,0,0,0,0,0,2,0.0,18,13:59,1,0,0,0,
181,2016-03-07,62,25-249,TBL,@,PHI,L,0,0,0,0,0,0,0,0,0,0,0,0,1,0.0,17,13:18,0,2,0,0,
182,2016-03-08,63,25-250,TBL,,BOS,L-OT,0,0,0,-1,0,0,0,0,0,0,0,0,4,0.0,22,15:05,2,0,0,0,
183,2016-03-11,64,25-253,TBL,,PHI,L,0,0,0,0,2,0,0,0,0,0,0,0,2,0.0,18,11:22,1,0,0,0,
184,2016-03-13,65,25-255,TBL,@,CBJ,W,0,0,0,0,0,0,0,0,0,0,0,0,1,0.0,20,15:20,0,0,0,0,
185,2016-03-15,66,25-257,TBL,@,TOR,L,0,0,0,0,0,0,0,0,0,0,0,0,1,0.0,19,12:46,0,1,0,1,0.0
186,2016-03-17,67,25-259,TBL,@,DAL,L,0,0,0,-1,0,0,0,0,0,0,0,0,1,0.0,18,13:06,4,0,0,1,0.0
187,2016-03-19,68,25-261,TBL,@,ARI,W,0,0,0,0,5,0,0,0,0,0,0,0,4,0.0,20,14:23,3,2,2,0,100.0
188,2016-03-22,69,25-264,TBL,,DET,W,0,1,1,1,5,0,0,0,0,1,0,0,2,0.0,17,15:16,1,0,0,1,0.0
189,2016-03-25,70,25-267,TBL,,NYI,W,0,0,0,2,0,0,0,0,0,0,0,0,2,0.0,21,15:07,0,0,0,0,
190,2016-03-26,71,25-268,TBL,,FLA,L,0,0,0,-1,0,0,0,0,0,0,0,0,2,0.0,15,12:17,2,1,0,0,
191,2016-03-28,72,25-270,TBL,,TOR,W,0,0,0,0,0,0,0,0,0,0,0,0,1,0.0,19,13:04,2,1,0,1,0.0
192,2016-03-31,73,25-273,TBL,,MTL,L,0,0,0,0,0,0,0,0,0,0,0,0,2,0.0,15,12:54,3,0,0,0,
193,2016-04-02,74,25-275,TBL,,NJD,W,0,0,0,0,0,0,0,0,0,0,0,0,4,0.0,14,11:10,2,0,3,0,100.0
194,2016-04-04,75,25-277,TBL,@,NYI,L,0,0,0,0,2,0,0,0,0,0,0,0,1,0.0,16,12:46,4,1,0,2,0.0
195,2016-04-05,76,25-278,TBL,@,NYR,L,0,0,0,-1,2,0,0,0,0,0,0,0,2,0.0,17,10:40,1,0,0,0,
196,2016-04-07,77,25-280,TBL,@,NJD,W,0,0,0,1,0,0,0,0,0,0,0,0,0,,18,12:29,1,0,0,0,
197,2016-04-09,78,25-282,TBL,@,MTL,L,0,0,0,0,0,0,0,0,0,0,0,0,0,,21,16:29,4,2,2,2,50.0
198,2016-10-13,1,26-103,TBL,,DET,W,0,0,0,0,0,0,0,0,0,0,0,0,0,,14,7:48,2,0,0,0,
199,2016-10-15,2,26-105,TBL,,NJD,W,0,0,0,0,2,0,0,0,0,0,0,0,1,0.0,14,11:35,3,0,0,0,
200,2016-10-18,3,26-108,TBL,,FLA,W,0,0,0,0,2,0,0,0,0,0,0,0,1,0.0,16,9:59,1,0,0,0,
201,2016-10-20,4,26-110,TBL,,COL,L,0,0,0,0,0,0,0,0,0,0,0,0,2,0.0,14,9:44,0,0,0,0,
202,2016-10-22,5,26-112,TBL,@,OTT,W,0,0,0,-1,2,0,0,0,0,0,0,0,2,0.0,17,9:33,0,1,0,0,
203,2016-10-25,6,26-115,TBL,@,TOR,W,0,0,0,-1,0,0,0,0,0,0,0,0,1,0.0,16,11:26,2,0,0,0,
204,2016-10-27,7,26-117,TBL,@,MTL,L,0,0,0,0,0,0,0,0,0,0,0,0,0,,19,13:43,0,0,0,0,
205,2016-10-29,8,26-119,TBL,@,NJD,L,0,0,0,-1,0,0,0,0,0,0,0,0,0,,14,8:30,1,0,0,1,0.0
206,2016-11-01,9,26-122,TBL,@,NYI,W,1,0,1,0,0,0,0,1,0,0,0,0,3,33.3,16,11:36,0,0,0,0,
207,2016-11-03,10,26-124,TBL,,BOS,L-SO,0,0,0,-2,4,0,0,0,0,0,0,0,0,,10,6:44,2,1,0,0,
208,2016-11-05,11,26-126,TBL,,NJD,W,0,1,1,1,0,0,0,0,0,1,0,0,1,0.0,14,10:29,0,1,0,0,
209,2016-11-07,12,26-128,TBL,@,FLA,L,0,0,0,0,2,0,0,0,0,0,0,0,2,0.0,15,10:40,1,0,0,0,
210,2016-11-10,13,26-131,TBL,,NYI,W,0,0,0,0,0,0,0,0,0,0,0,0,1,0.0,15,11:52,3,0,0,0,
211,2016-11-12,14,26-133,TBL,,SJS,L,0,0,0,0,0,0,0,0,0,0,0,0,1,0.0,15,9:09,1,0,0,0,
212,2016-11-14,15,26-135,TBL,@,NYI,W,1,0,1,1,5,1,0,0,1,0,0,0,1,100.0,19,12:20,3,1,0,0,
213,2016-11-15,16,26-136,TBL,@,DET,W,0,0,0,0,0,0,0,0,0,0,0,0,0,,16,11:08,0,0,0,0,
214,2016-11-17,17,26-138,TBL,@,BUF,W,0,0,0,0,0,0,0,0,0,0,0,0,2,0.0,19,11:54,3,1,0,0,
215,2016-11-19,18,26-140,TBL,@,PHI,W,0,0,0,0,5,0,0,0,0,0,0,0,2,0.0,21,15:14,2,2,0,0,
216,2016-11-21,19,26-142,TBL,@,NSH,L,0,0,0,-1,12,0,0,0,0,0,0,0,0,,15,10:37,4,0,0,0,
217,2016-11-29,20,26-150,TBL,@,CBJ,L,0,0,0,-1,0,0,0,0,0,0,0,0,2,0.0,15,12:23,1,0,0,0,
218,2016-12-01,21,26-152,TBL,@,STL,L,0,0,0,0,0,0,0,0,0,0,0,0,1,0.0,14,9:13,1,0,0,0,
219,2016-12-04,22,26-155,TBL,@,CAR,L-OT,0,0,0,0,0,0,0,0,0,0,0,0,1,0.0,10,8:46,1,0,0,0,
220,2016-12-08,23,26-159,TBL,,VAN,L,0,0,0,-1,0,0,0,0,0,0,0,0,0,,14,11:51,3,0,0,0,
221,2016-12-14,24,26-165,TBL,@,CGY,W,0,0,0,0,0,0,0,0,0,0,0,0,1,0.0,17,13:12,1,2,0,1,0.0
222,2016-12-16,25,26-167,TBL,@,VAN,L,0,0,0,0,0,0,0,0,0,0,0,0,0,,14,9:25,5,2,0,0,
223,2016-12-17,26,26-168,TBL,@,EDM,L-SO,0,0,0,0,2,0,0,0,0,0,0,0,4,0.0,17,10:16,0,1,0,0,
224,2016-12-20,27,26-171,TBL,,DET,W,0,0,0,0,7,0,0,0,0,0,0,0,1,0.0,18,13:14,3,0,0,0,
225,2016-12-22,28,26-173,TBL,,STL,W,0,1,1,1,0,0,0,0,0,1,0,0,2,0.0,20,13:03,1,1,3,4,42.9
226,2016-12-23,29,26-174,TBL,@,WSH,L,0,0,0,-1,0,0,0,0,0,0,0,0,2,0.0,23,17:19,1,1,3,4,42.9
227,2016-12-28,30,26-179,TBL,,MTL,W,0,0,0,0,0,0,0,0,0,0,0,0,2,0.0,15,9:48,4,0,0,5,0.0
228,2016-12-29,31,26-180,TBL,,TOR,L-OT,0,0,0,0,0,0,0,0,0,0,0,0,0,,15,9:02,0,0,2,5,28.6
229,2016-12-31,32,26-182,TBL,,CAR,W,0,0,0,0,0,0,0,0,0,0,0,0,1,0.0,13,9:13,0,0,0,0,
230,2017-01-03,33,26-185,TBL,,WPG,L,0,0,0,-1,0,0,0,0,0,0,0,0,1,0.0,14,11:08,6,1,3,3,50.0
231,2017-01-05,34,26-187,TBL,,NSH,L,0,0,0,0,7,0,0,0,0,0,0,0,0,,15,10:36,4,1,0,1,0.0
232,2017-01-07,35,26-189,TBL,@,PHI,L,0,0,0,0,0,0,0,0,0,0,0,0,1,0.0,16,8:53,1,0,0,1,0.0
233,2017-01-24,36,26-206,TBL,@,CHI,W,0,0,0,2,0,0,0,0,0,0,0,0,0,,15,10:10,3,1,0,0,
234,2017-01-26,37,26-208,TBL,@,FLA,L-OT,0,0,0,0,2,0,0,0,0,0,0,0,1,0.0,12,9:10,3,0,0,0,
235,2017-01-31,38,26-213,TBL,,BOS,L,0,0,0,0,0,0,0,0,0,0,0,0,0,,17,10:55,3,0,0,0,
236,2017-02-02,39,26-215,TBL,,OTT,L,0,0,0,-1,0,0,0,0,0,0,0,0,2,0.0,11,7:50,0,0,0,0,
237,2017-02-04,40,26-217,TBL,,ANA,W,0,0,0,0,5,0,0,0,0,0,0,0,0,,12,6:47,1,0,0,0,
238,2017-02-07,41,26-220,TBL,,LAK,W,0,1,1,1,0,0,0,0,0,1,0,0,1,0.0,16,12:39,1,0,0,0,
239,2017-02-10,42,26-223,TBL,@,MIN,L-SO,0,0,0,0,0,0,0,0,0,0,0,0,2,0.0,13,8:26,1,0,0,0,
240,2017-02-11,43,26-224,TBL,@,WPG,W,0,0,0,0,0,0,0,0,0,0,0,0,2,0.0,18,11:56,0,0,0,0,
241,2017-02-18,44,26-231,TBL,@,DAL,L-OT,0,0,0,-1,0,0,0,0,0,0,0,0,1,0.0,17,11:36,2,0,0,0,
242,2017-02-19,45,26-232,TBL,@,COL,W,0,0,0,0,2,0,0,0,0,0,0,0,0,,17,9:55,0,0,0,0,
243,2017-02-21,46,26-234,TBL,,EDM,W,0,0,0,0,0,0,0,0,0,0,0,0,2,0.0,11,8:23,1,0,0,0,
244,2017-02-23,47,26-236,TBL,,CGY,L,0,0,0,-1,0,0,0,0,0,0,0,0,0,,12,8:16,1,0,0,0,
245,2017-02-27,48,26-240,TBL,,OTT,W,0,0,0,0,0,0,0,0,0,0,0,0,3,0.0,16,10:03,1,1,0,0,
246,2017-03-01,49,26-242,TBL,,CAR,W,0,0,0,0,0,0,0,0,0,0,0,0,1,0.0,11,9:04,2,0,0,0,
247,2017-03-03,50,26-244,TBL,@,PIT,L,0,0,0,0,0,0,0,0,0,0,0,0,1,0.0,13,9:36,5,0,0,0,
248,2017-03-04,51,26-245,TBL,@,BUF,W,0,0,0,0,0,0,0,0,0,0,0,0,1,0.0,14,8:12,0,0,1,0,100.0
249,2017-03-11,52,26-252,TBL,,FLA,W,0,0,0,-1,5,0,0,0,0,0,0,0,1,0.0,13,10:15,1,1,0,0,
250,2017-03-13,53,26-254,TBL,@,NYR,W,0,0,0,1,0,0,0,0,0,0,0,0,0,,17,10:13,2,0,0,0,
251,2017-03-14,54,26-255,TBL,@,OTT,W,0,0,0,0,0,0,0,0,0,0,0,0,1,0.0,17,11:47,3,2,0,0,
252,2017-03-16,55,26-257,TBL,,TOR,L,0,0,0,-1,0,0,0,0,0,0,0,0,0,,17,11:36,4,0,0,0,
253,2017-03-18,56,26-259,TBL,,WSH,L,0,0,0,0,2,0,0,0,0,0,0,0,2,0.0,15,9:05,1,0,0,0,
254,2017-03-21,57,26-262,TBL,,ARI,L,0,0,0,0,0,0,0,0,0,0,0,0,2,0.0,12,9:28,0,0,0,0,
255,2017-03-23,58,26-264,TBL,@,BOS,W,0,0,0,0,0,0,0,0,0,0,0,0,0,,15,9:36,1,1,0,1,0.0
256,2017-03-24,59,26-265,TBL,@,DET,W,0,0,0,0,0,0,0,0,0,0,0,0,0,,13,7:42,2,1,0,0,
257,2017-03-27,60,26-268,TBL,,CHI,W,0,0,0,0,0,0,0,0,0,0,0,0,1,0.0,16,11:34,1,0,0,0,
258,2017-03-30,61,26-271,TBL,,DET,W,1,0,1,1,5,1,0,0,0,0,0,0,3,33.3,15,9:36,3,0,0,0,
259,2017-04-01,62,26-273,TBL,,MTL,L-OT,0,0,0,0,0,0,0,0,0,0,0,0,1,0.0,16,11:29,1,1,0,0,
260,2017-04-02,63,26-274,TBL,,DAL,W,0,0,0,0,0,0,0,0,0,0,0,0,0,,7,4:57,0,0,0,0,
261,2017-04-09,64,26-281,TBL,,BUF,W,0,0,0,0,2,0,0,0,0,0,0,0,0,,15,12:05,0,1,0,0,
262,2017-10-07,1,27-097,TBL,@,FLA,L,0,0,0,0,0,0,0,0,0,0,0,0,0,,8,6:06,2,1,0,0,
263,2017-10-24,2,27-114,TBL,@,CAR,W,0,1,1,1,0,0,0,0,0,1,0,0,1,0.0,18,11:01,5,1,5,5,50.0
264,2017-10-26,3,27-116,TBL,,DET,W,0,0,0,0,2,0,0,0,0,0,0,0,1,0.0,14,11:05,2,0,4,3,57.1
265,2017-10-28,4,27-118,TBL,,ANA,L,0,1,1,0,0,0,0,0,0,1,0,0,4,0.0,16,10:52,2,3,5,7,41.7
266,2017-10-30,5,27-120,TBL,@,FLA,W,0,0,0,-1,0,0,0,0,0,0,0,0,0,,14,9:58,0,0,1,1,50.0
267,2017-11-02,6,27-123,TBL,,NYR,L-OT,0,0,0,0,5,0,0,0,0,0,0,0,1,0.0,7,5:14,1,0,1,1,50.0
268,2017-11-04,7,27-125,TBL,,CBJ,W,0,1,1,0,0,0,0,0,0,1,0,0,1,0.0,11,9:41,1,0,1,1,50.0
269,2017-11-08,8,27-129,TBL,@,SJS,W,0,0,0,1,0,0,0,0,0,0,0,0,0,,19,15:08,5,1,4,5,44.4
270,2017-11-09,9,27-130,TBL,@,LAK,W,0,0,0,0,0,0,0,0,0,0,0,0,2,0.0,16,13:18,1,0,0,0,
271,2017-11-12,10,27-133,TBL,@,ANA,W,1,0,1,1,0,1,0,0,1,0,0,0,1,100.0,17,12:34,1,1,5,4,55.6
272,2017-11-16,11,27-137,TBL,,DAL,W,0,0,0,-1,0,0,0,0,0,0,0,0,0,,15,9:25,3,2,4,8,33.3
273,2017-11-18,12,27-139,TBL,,NYI,L,0,0,0,-1,0,0,0,0,0,0,0,0,0,,16,11:37,2,1,6,5,54.5
274,2017-11-22,13,27-143,TBL,,CHI,W,0,0,0,0,0,0,0,0,0,0,0,0,0,,10,7:11,1,0,0,0,
275,2017-11-29,14,27-150,TBL,@,BOS,L,0,0,0,-1,0,0,0,0,0,0,0,0,0,,8,4:31,1,1,0,2,0.0
276,2017-12-02,15,27-153,TBL,,SJS,W,0,0,0,0,0,0,0,0,0,0,0,0,1,0.0,17,12:32,4,2,7,9,43.8
277,2017-12-12,16,27-163,TBL,@,STL,W,0,0,0,0,0,0,0,0,0,0,0,0,2,0.0,12,8:13,1,0,1,1,50.0
278,2017-12-19,17,27-170,TBL,@,VEG,L,0,0,0,0,0,0,0,0,0,0,0,0,1,0.0,14,9:10,4,0,1,3,25.0
279,2017-12-21,18,27-172,TBL,,OTT,W,0,0,0,0,5,0,0,0,0,0,0,0,0,,11,7:54,2,0,1,1,50.0
280,2017-12-23,19,27-174,TBL,,MIN,W,0,0,0,0,0,0,0,0,0,0,0,0,1,0.0,10,6:27,0,0,1,0,100.0
281,2017-12-28,20,27-179,TBL,,MTL,W,0,0,0,0,0,0,0,0,0,0,0,0,0,,9,7:45,0,0,0,2,0.0
282,2017-12-31,21,27-182,TBL,@,CBJ,W,0,0,0,0,0,0,0,0,0,0,0,0,0,,14,7:59,1,0,2,4,33.3
283,2018-01-02,22,27-184,TBL,@,TOR,W,0,0,0,1,0,0,0,0,0,0,0,0,0,,14,7:58,0,0,0,3,0.0
284,2018-01-09,23,27-191,TBL,,CAR,W,0,0,0,0,0,0,0,0,0,0,0,0,1,0.0,15,9:38,1,0,1,0,100.0
285,2018-01-11,24,27-193,TBL,,CGY,L,0,0,0,-1,0,0,0,0,0,0,0,0,1,0.0,15,9:35,1,1,1,1,50.0
286,2018-01-15,25,27-197,ANA,@,COL,L,0,1,1,0,0,0,0,0,0,1,0,0,1,0.0,15,9:40,3,0,0,0,
287,2018-01-17,26,27-199,ANA,,PIT,W,0,0,0,0,0,0,0,0,0,0,0,0,1,0.0,19,12:26,1,1,0,0,
288,2018-01-19,27,27-201,ANA,,LAK,W,0,0,0,0,0,0,0,0,0,0,0,0,1,0.0,11,7:22,0,0,0,0,
289,2018-01-21,28,27-203,ANA,,SJS,L,0,0,0,0,0,0,0,0,0,0,0,0,0,,13,9:06,3,0,0,0,
290,2018-01-23,29,27-205,ANA,,NYR,W,1,0,1,1,0,1,0,0,0,0,0,0,1,100.0,22,12:55,1,0,0,0,
291,2018-01-25,30,27-207,ANA,,WPG,W,0,1,1,1,0,0,0,0,0,1,0,0,2,0.0,19,14:06,4,2,0,0,
292,2018-01-30,31,27-212,ANA,@,BOS,W,0,0,0,0,0,0,0,0,0,0,0,0,1,0.0,19,12:38,1,1,0,0,
293,2018-02-01,32,27-214,ANA,@,OTT,L-OT,0,0,0,0,0,0,0,0,0,0,0,0,1,0.0,21,12:57,3,0,0,0,
294,2018-02-03,33,27-216,ANA,@,MTL,L,0,0,0,0,0,0,0,0,0,0,0,0,3,0.0,11,7:25,3,0,0,0,
295,2018-02-05,34,27-218,ANA,@,TOR,L,0,0,0,-1,0,0,0,0,0,0,0,0,1,0.0,12,8:36,2,1,0,0,
296,2018-02-06,35,27-219,ANA,@,BUF,W,0,0,0,0,2,0,0,0,0,0,0,0,1,0.0,10,8:00,0,0,0,0,
297,2018-02-09,36,27-222,ANA,,EDM,W,0,0,0,-1,0,0,0,0,0,0,0,0,1,0.0,12,9:19,2,0,0,0,
298,2018-02-11,37,27-224,ANA,,SJS,L-SO,0,0,0,0,5,0,0,0,0,0,0,0,1,0.0,13,9:22,1,1,0,0,
299,2018-02-13,38,27-226,ANA,@,DET,L,0,0,0,0,0,0,0,0,0,0,0,0,0,,11,7:38,1,0,0,0,
300,2018-02-17,39,27-230,ANA,@,MIN,W,0,0,0,0,5,0,0,0,0,0,0,0,0,,6,4:34,0,1,0,0,
301,2018-02-21,40,27-234,ANA,,DAL,W,0,0,0,0,0,0,0,0,0,0,0,0,0,,10,6:42,1,1,0,0,
302,2018-02-24,41,27-237,ANA,@,ARI,L,0,0,0,-1,0,0,0,0,0,0,0,0,1,0.0,10,6:29,0,0,0,0,
303,2018-02-25,42,27-238,ANA,,EDM,L-SO,0,0,0,-2,0,0,0,0,0,0,0,0,2,0.0,15,12:00,1,0,0,0,
304,2018-03-09,43,27-250,ANA,@,DAL,L,0,0,0,0,0,0,0,0,0,0,0,0,1,0.0,11,6:38,0,1,0,0,
305,2018-03-30,44,27-271,ANA,,LAK,W,0,0,0,-1,0,0,0,0,0,0,0,0,1,0.0,9,8:21,3,0,0,0,
306,2018-04-01,45,27-273,ANA,,COL,W,0,0,0,0,0,0,0,0,0,0,0,0,1,0.0,5,2:09,0,0,0,0,
307,2018-04-04,46,27-276,ANA,,MIN,W,0,0,0,0,0,0,0,0,0,0,0,0,1,0.0,11,5:38,0,0,0,0,
308,2018-04-06,47,27-278,ANA,,DAL,W,0,0,0,0,0,0,0,0,0,0,0,0,0,,11,7:27,0,,,,
309,2018-10-11,1,28-101,MIN,,CHI,W,0,0,0,0,0,0,0,0,0,0,0,0,2,0.0,9,6:44,4,0,0,0,
310,2018-10-13,2,28-103,MIN,,CAR,L-OT,0,0,0,0,4,0,0,0,0,0,0,0,1,0.0,10,6:27,0,0,0,0,
311,2018-10-15,3,28-105,MIN,@,NSH,L,0,0,0,0,0,0,0,0,0,0,0,0,0,,8,6:57,2,0,0,0,
312,2018-10-16,4,28-106,MIN,,ARI,W,0,0,0,0,2,0,0,0,0,0,0,0,1,0.0,11,7:05,2,1,0,1,0.0
313,2018-10-19,5,28-109,MIN,@,DAL,W,0,0,0,0,0,0,0,0,0,0,0,0,1,0.0,12,11:00,0,0,0,1,0.0
314,2018-10-20,6,28-110,MIN,,TBL,W,0,1,1,1,2,0,0,0,0,1,0,0,1,0.0,8,5:28,1,0,1,0,100.0
315,2018-10-25,7,28-115,MIN,,LAK,W,0,0,0,-1,0,0,0,0,0,0,0,0,0,,11,7:33,1,0,0,1,0.0
316,2018-10-27,8,28-117,MIN,,COL,W,0,0,0,0,0,0,0,0,0,0,0,0,0,,11,7:29,0,,,,
317,2018-10-30,9,28-120,MIN,@,EDM,W,0,0,0,-2,0,0,0,0,0,0,0,0,2,0.0,9,6:52,1,0,0,1,0.0
318,2018-11-03,10,28-124,MIN,@,STL,W,1,0,1,2,0,1,0,0,0,0,0,0,2,50.0,14,9:44,0,0,0,0,
319,2018-11-06,11,28-127,MIN,@,SJS,L,0,0,0,0,0,0,0,0,0,0,0,0,2,0.0,16,10:53,3,1,0,0,
320,2018-11-08,12,28-129,MIN,@,LAK,W,0,0,0,0,0,0,0,0,0,0,0,0,1,0.0,14,11:17,3,0,1,0,100.0
321,2018-11-09,13,28-130,MIN,@,ANA,W,0,0,0,0,0,0,0,0,0,0,0,0,1,0.0,15,11:35,1,0,0,0,
322,2018-11-11,14,28-132,MIN,@,STL,W,0,0,0,0,0,0,0,0,0,0,0,0,1,0.0,14,11:11,4,0,1,0,100.0
323,2018-11-13,15,28-134,MIN,,WSH,L,0,0,0,-2,0,0,0,0,0,0,0,0,1,0.0,12,9:30,3,0,0,0,
324,2018-11-15,16,28-136,MIN,,VAN,W,0,1,1,1,0,0,0,0,0,1,0,0,0,,13,10:12,1,0,1,0,100.0
325,2018-11-17,17,28-138,MIN,,BUF,L,0,0,0,-1,0,0,0,0,0,0,0,0,2,0.0,12,10:02,2,0,0,0,
326,2018-11-18,18,28-139,MIN,@,CHI,L,0,0,0,0,0,0,0,0,0,0,0,0,0,,12,9:01,1,1,0,0,
327,2018-11-21,19,28-142,MIN,,OTT,W,0,0,0,0,0,0,0,0,0,0,0,0,0,,12,8:42,0,1,0,1,0.0
328,2018-11-23,20,28-144,MIN,,WPG,W,0,0,0,1,2,0,0,0,0,0,0,0,0,,12,6:15,3,0,0,0,
329,2018-11-27,21,28-148,MIN,,ARI,L,0,0,0,-3,0,0,0,0,0,0,0,0,2,0.0,11,10:02,3,0,0,0,
330,2018-11-29,22,28-150,MIN,@,CBJ,L,0,0,0,-1,0,0,0,0,0,0,0,0,1,0.0,12,10:14,2,0,0,0,
331,2018-12-01,23,28-152,MIN,,TOR,L,0,0,0,-1,0,0,0,0,0,0,0,0,1,0.0,11,9:04,5,0,0,1,0.0
332,2018-12-06,24,28-157,MIN,@,CGY,L,0,0,0,0,2,0,0,0,0,0,0,0,1,0.0,14,10:29,3,0,0,1,0.0
333,2018-12-07,25,28-158,MIN,@,EDM,L,0,1,1,1,0,0,0,0,0,1,0,0,0,,14,10:13,5,0,0,0,
334,2018-12-11,26,28-162,MIN,,MTL,W,0,0,0,-1,10,0,0,0,0,0,0,0,2,0.0,14,10:32,3,0,0,0,
335,2018-12-15,27,28-166,MIN,,CGY,L,0,0,0,0,0,0,0,0,0,0,0,0,2,0.0,12,7:03,1,1,0,0,
336,2018-12-22,28,28-173,MIN,,DAL,L-OT,0,0,0,0,0,0,0,0,0,0,0,0,2,0.0,11,8:41,2,0,0,0,
337,2018-12-27,29,28-178,MIN,@,CHI,L,0,0,0,0,0,0,0,0,0,0,0,0,1,0.0,11,8:12,2,1,0,0,
338,2019-01-03,30,28-185,MIN,@,TOR,W,0,0,0,0,0,0,0,0,0,0,0,0,1,0.0,11,8:27,1,0,0,1,0.0
339,2019-01-07,31,28-189,MIN,@,MTL,W,0,0,0,0,0,0,0,0,0,0,0,0,2,0.0,8,5:55,1,0,0,0,
340,2019-01-12,32,28-194,MIN,,DET,L,0,0,0,0,0,0,0,0,0,0,0,0,0,,14,11:34,4,0,0,2,0.0
341,2019-01-15,33,28-197,MIN,,LAK,W,0,0,0,1,0,0,0,0,0,0,0,0,2,0.0,19,15:54,2,1,0,0,
342,2019-01-17,34,28-199,MIN,,ANA,L,0,0,0,0,0,0,0,0,0,0,0,0,2,0.0,7,4:23,1,0,0,0,
343,2019-02-02,35,28-215,MIN,,CHI,L-OT,0,0,0,0,0,0,0,0,0,0,0,0,0,,8,3:54,1,0,0,0,
344,2019-02-21,36,28-234,MIN,@,NYR,W,0,0,0,1,0,0,0,0,0,0,0,0,0,,13,10:19,1,0,0,0,
345,2019-02-22,37,28-235,MIN,@,DET,W,0,0,0,0,0,0,0,0,0,0,0,0,2,0.0,14,10:08,2,0,0,0,
346,2019-02-24,38,28-237,MIN,,STL,W,0,0,0,0,0,0,0,0,0,0,0,0,0,,8,6:32,0,0,0,0,
347,2019-02-26,39,28-239,MIN,@,WPG,W,0,0,0,0,0,0,0,0,0,0,0,0,2,0.0,12,6:49,2,0,0,0,
348,2019-03-02,40,28-243,MIN,@,CGY,W,0,0,0,0,0,0,0,0,0,0,0,0,0,,12,10:07,2,0,0,1,0.0
349,2019-03-03,41,28-244,MIN,,NSH,L-SO,0,0,0,1,0,0,0,0,0,0,0,0,0,,13,9:29,0,0,0,0,
350,2019-03-05,42,28-246,MIN,@,NSH,L-SO,0,0,0,1,0,0,0,0,0,0,0,0,2,0.0,14,10:54,3,0,0,0,
351,2019-03-07,43,28-248,MIN,@,TBL,W,0,0,0,0,0,0,0,0,0,0,0,0,0,,15,13:09,3,0,0,0,
352,2019-03-08,44,28-249,MIN,@,FLA,L,1,1,2,2,0,1,0,0,0,1,0,0,2,50.0,14,11:14,0,0,0,0,
353,2019-03-11,45,28-252,MIN,,SJS,L,0,0,0,0,0,0,0,0,0,0,0,0,0,,13,9:40,0,0,0,0,
354,2019-03-14,46,28-255,MIN,,DAL,L,0,0,0,-1,0,0,0,0,0,0,0,0,0,,13,9:11,0,0,0,0,
355,2019-03-16,47,28-257,MIN,,NYR,W,1,0,1,1,0,1,0,0,0,0,0,0,2,50.0,17,9:43,1,1,0,0,
356,2019-03-17,48,28-258,MIN,,NYI,L-OT,0,0,0,0,0,0,0,0,0,0,0,0,0,,13,9:11,2,0,0,0,
357,2019-03-19,49,28-260,MIN,,COL,L,0,0,0,0,5,0,0,0,0,0,0,0,0,,13,8:07,2,2,1,0,100.0
358,2019-03-22,50,28-263,MIN,@,WSH,W,0,0,0,0,0,0,0,0,0,0,0,0,1,0.0,13,10:23,1,1,0,0,
359,2019-03-23,51,28-264,MIN,@,CAR,L,0,0,0,-1,0,0,0,0,0,0,0,0,2,0.0,15,11:42,4,0,0,1,0.0
360,2019-03-25,52,28-266,MIN,,NSH,L,0,0,0,0,0,0,0,0,0,0,0,0,0,,10,5:47,0,0,0,1,0.0
361,2019-03-29,53,28-270,MIN,@,VEG,W,0,0,0,0,0,0,0,0,0,0,0,0,1,0.0,16,12:50,3,2,0,0,
362,2019-03-31,54,28-272,MIN,@,ARI,L,0,0,0,0,0,0,0,0,0,0,0,0,4,0.0,12,7:44,3,1,0,0,
363,2019-04-02,55,28-274,MIN,,WPG,W,0,1,1,1,2,0,0,0,0,1,0,0,0,,15,11:05,2,0,0,0,
364,2019-04-04,56,28-276,MIN,,BOS,L,0,0,0,0,0,0,0,0,0,0,0,0,1,0.0,15,10:52,0,2,0,0,
