,date_game,game_season,age,team_id,game_location,opp_id,game_result,goals,assists,points,plus_minus,pen_min,goals_ev,goals_pp,goals_sh,goals_gw,assists_ev,assists_pp,assists_sh,shots,shot_pct,shifts,time_on_ice,hits_all,blocks_all,faceoff_wins_all,faceoff_losses_all,faceoff_percentage_all
0,2016-10-13,1,19-322,BOS,@,CBJ,W,0,1,1,5,0,0,0,0,0,1,0,0,2,0.0,26,17:48,0,1,0,0,
1,2016-10-15,2,19-324,BOS,@,TOR,L,0,0,0,-1,0,0,0,0,0,0,0,0,2,0.0,27,22:30,1,3,0,0,
2,2016-10-17,3,19-326,BOS,@,WPG,W,1,0,1,3,2,1,0,0,0,0,0,0,1,100.0,30,24:27,0,2,0,0,
3,2016-10-20,4,19-329,BOS,,NJD,W,0,0,0,0,0,0,0,0,0,0,0,0,1,0.0,27,22:52,1,6,0,0,
4,2016-10-22,5,19-331,BOS,,MTL,L,0,0,0,0,0,0,0,0,0,0,0,0,0,,27,22:16,5,1,0,0,
5,2016-10-25,6,19-334,BOS,,MIN,L,0,0,0,-1,2,0,0,0,0,0,0,0,1,0.0,26,21:58,1,0,0,0,
6,2016-10-26,7,19-335,BOS,@,NYR,L,0,0,0,-1,0,0,0,0,0,0,0,0,0,,28,24:30,0,8,0,0,
7,2016-10-29,8,19-338,BOS,@,DET,W,0,0,0,1,2,0,0,0,0,0,0,0,1,0.0,30,23:09,1,0,0,0,
8,2016-11-01,9,19-341,BOS,@,FLA,W,0,0,0,1,0,0,0,0,0,0,0,0,3,0.0,25,23:47,1,4,0,0,
9,2016-11-03,10,19-343,BOS,@,TBL,W,1,0,1,2,0,1,0,0,0,0,0,0,1,100.0,30,23:01,0,2,0,0,
10,2016-11-05,11,19-345,BOS,,NYR,L,0,1,1,-1,0,0,0,0,0,1,0,0,0,,26,21:26,2,1,0,0,
11,2016-11-07,12,19-347,BOS,,BUF,W,0,0,0,0,2,0,0,0,0,0,0,0,2,0.0,21,19:37,0,2,0,0,
12,2016-11-08,13,19-348,BOS,@,MTL,L,0,0,0,-1,0,0,0,0,0,0,0,0,1,0.0,25,23:40,0,0,0,0,
13,2016-11-10,14,19-350,BOS,,CBJ,W,0,0,0,3,0,0,0,0,0,0,0,0,1,0.0,28,23:12,1,1,0,0,
14,2016-11-12,15,19-352,BOS,@,ARI,W,0,0,0,1,5,0,0,0,0,0,0,0,0,,26,22:17,2,0,0,0,
15,2016-11-13,16,19-353,BOS,@,COL,W,0,0,0,0,2,0,0,0,0,0,0,0,4,0.0,24,20:37,1,2,0,0,
16,2016-11-17,17,19-357,BOS,@,MIN,L,0,0,0,0,0,0,0,0,0,0,0,0,0,,28,23:51,0,3,0,0,
17,2016-11-19,18,19-359,BOS,,WPG,W,0,0,0,0,0,0,0,0,0,0,0,0,2,0.0,25,23:52,1,0,0,0,
18,2016-11-22,19,19-362,BOS,,STL,L,0,0,0,-2,0,0,0,0,0,0,0,0,1,0.0,23,20:01,1,2,0,0,
19,2016-11-24,20,19-364,BOS,@,OTT,L,0,0,0,0,0,0,0,0,0,0,0,0,1,0.0,23,20:00,2,0,0,0,
20,2016-11-25,21,19-365,BOS,,CGY,L,0,0,0,0,0,0,0,0,0,0,0,0,1,0.0,23,20:06,1,0,0,0,
21,2016-11-27,22,20-001,BOS,,TBL,W,0,0,0,1,0,0,0,0,0,0,0,0,1,0.0,26,24:17,2,1,0,0,
22,2016-11-29,23,20-003,BOS,@,PHI,L-SO,0,1,1,1,0,0,0,0,0,1,0,0,3,0.0,29,24:07,0,1,0,0,
23,2016-12-01,24,20-005,BOS,,CAR,W,0,0,0,0,0,0,0,0,0,0,0,0,1,0.0,27,21:44,0,2,0,0,
24,2016-12-03,25,20-007,BOS,@,BUF,W,0,1,1,1,2,0,0,0,0,1,0,0,0,,26,23:33,1,2,0,0,
25,2016-12-05,26,20-009,BOS,,FLA,W,0,1,1,0,0,0,0,0,0,1,0,0,5,0.0,29,23:03,1,1,0,0,
26,2016-12-07,27,20-011,BOS,@,WSH,L-OT,0,0,0,-2,0,0,0,0,0,0,0,0,2,0.0,28,22:30,2,1,0,0,
27,2016-12-08,28,20-012,BOS,,COL,L,0,0,0,-2,0,0,0,0,0,0,0,0,1,0.0,26,22:19,4,0,0,0,
28,2016-12-10,29,20-014,BOS,,TOR,L,0,0,0,-1,0,0,0,0,0,0,0,0,0,,26,20:20,0,0,0,0,
29,2016-12-12,30,20-016,BOS,@,MTL,W,0,0,0,0,0,0,0,0,0,0,0,0,4,0.0,32,27:59,0,5,0,0,
30,2016-12-14,31,20-018,BOS,@,PIT,L-OT,0,0,0,0,0,0,0,0,0,0,0,0,1,0.0,31,23:32,1,1,0,0,
31,2016-12-15,32,20-019,BOS,,ANA,L,0,0,0,-1,0,0,0,0,0,0,0,0,1,0.0,21,18:09,1,1,0,0,
32,2016-12-18,33,20-022,BOS,,LAK,W,0,0,0,0,0,0,0,0,0,0,0,0,1,0.0,24,21:05,0,1,0,0,
33,2016-12-20,34,20-024,BOS,,NYI,L,0,1,1,1,0,0,0,0,0,1,0,0,0,,26,22:13,2,2,0,0,
34,2016-12-22,35,20-026,BOS,@,FLA,W,0,0,0,-1,0,0,0,0,0,0,0,0,0,,25,22:23,0,0,0,0,
35,2016-12-23,36,20-027,BOS,@,CAR,L-OT,0,0,0,-1,2,0,0,0,0,0,0,0,1,0.0,25,19:38,2,3,0,0,
36,2016-12-27,37,20-031,BOS,@,CBJ,L,0,0,0,-2,2,0,0,0,0,0,0,0,1,0.0,22,18:40,0,1,0,0,
37,2016-12-29,38,20-033,BOS,@,BUF,W,0,0,0,0,2,0,0,0,0,0,0,0,0,,25,20:26,2,0,0,0,
38,2016-12-31,39,20-035,BOS,,BUF,W,0,0,0,1,0,0,0,0,0,0,0,0,0,,23,19:33,2,1,0,0,
39,2017-01-02,40,20-037,BOS,@,NJD,L,0,0,0,-1,0,0,0,0,0,0,0,0,1,0.0,23,18:34,0,1,0,0,
40,2017-01-05,41,20-040,BOS,,EDM,L,0,0,0,-1,0,0,0,0,0,0,0,0,0,,25,16:00,1,0,0,0,
41,2017-01-07,42,20-042,BOS,@,FLA,W,0,0,0,2,2,0,0,0,0,0,0,0,1,0.0,21,16:20,1,1,0,0,
42,2017-01-08,43,20-043,BOS,@,CAR,L-OT,0,0,0,-1,0,0,0,0,0,0,0,0,0,,21,17:47,3,1,0,0,
43,2017-01-10,44,20-045,BOS,@,STL,W,1,0,1,2,4,1,0,0,0,0,0,0,2,50.0,29,19:57,2,3,0,0,
44,2017-01-12,45,20-047,BOS,@,NSH,L,0,0,0,-1,0,0,0,0,0,0,0,0,2,0.0,24,18:50,0,0,0,0,
45,2017-01-14,46,20-049,BOS,,PHI,W,0,0,0,1,2,0,0,0,0,0,0,0,0,,25,22:31,0,1,0,0,
46,2017-01-16,47,20-051,BOS,,NYI,L,0,0,0,-1,0,0,0,0,0,0,0,0,1,0.0,25,24:23,0,0,0,0,
47,2017-01-18,48,20-053,BOS,@,DET,L-SO,1,0,1,-2,0,0,0,1,0,0,0,0,3,33.3,30,26:15,2,0,0,0,
48,2017-01-20,49,20-055,BOS,,CHI,L,0,0,0,0,0,0,0,0,0,0,0,0,0,,26,22:10,1,3,0,0,
49,2017-01-22,50,20-057,BOS,@,PIT,L,0,0,0,-2,0,0,0,0,0,0,0,0,2,0.0,24,20:02,3,1,0,0,
50,2017-01-24,51,20-059,BOS,,DET,W,0,1,1,-2,0,0,0,0,0,1,0,0,5,0.0,25,22:35,2,0,0,0,
51,2017-01-26,52,20-061,BOS,,PIT,W,0,1,1,1,2,0,0,0,0,1,0,0,0,,15,12:25,0,2,0,0,
52,2017-01-31,53,20-066,BOS,@,TBL,W,0,0,0,-1,2,0,0,0,0,0,0,0,0,,26,20:31,1,0,0,0,
53,2017-02-01,54,20-067,BOS,@,WSH,L,0,0,0,-1,4,0,0,0,0,0,0,0,2,0.0,25,17:55,3,0,0,0,
54,2017-02-04,55,20-070,BOS,,TOR,L,0,0,0,2,0,0,0,0,0,0,0,0,0,,23,16:31,0,2,0,0,
55,2017-02-09,56,20-075,BOS,,SJS,W,0,1,1,-1,0,0,0,0,0,1,0,0,0,,25,21:28,0,4,0,0,
56,2017-02-11,57,20-077,BOS,,VAN,W,0,0,0,1,0,0,0,0,0,0,0,0,3,0.0,21,21:28,0,0,0,0,
57,2017-02-12,58,20-078,BOS,,MTL,W,0,0,0,2,2,0,0,0,0,0,0,0,0,,23,18:53,1,0,0,0,
58,2017-02-19,59,20-085,BOS,@,SJS,W,0,0,0,0,0,0,0,0,0,0,0,0,0,,32,23:19,1,1,0,0,
59,2017-02-22,60,20-088,BOS,@,ANA,L,1,0,1,0,2,1,0,0,0,0,0,0,1,100.0,26,18:33,0,4,0,0,
60,2017-02-23,61,20-089,BOS,@,LAK,W,0,0,0,1,0,0,0,0,0,0,0,0,0,,30,22:49,0,0,0,0,
61,2017-02-26,62,20-092,BOS,@,DAL,W,0,0,0,1,2,0,0,0,0,0,0,0,2,0.0,31,21:22,0,1,0,0,
62,2017-02-28,63,20-094,BOS,,ARI,W,0,0,0,1,0,0,0,0,0,0,0,0,1,0.0,31,23:43,2,3,0,0,
63,2017-03-02,64,20-096,BOS,,NYR,L,0,0,0,-2,0,0,0,0,0,0,0,0,2,0.0,23,21:58,2,0,0,0,
64,2017-03-04,65,20-098,BOS,,NJD,W,1,0,1,1,0,1,0,0,0,0,0,0,3,33.3,20,15:14,0,1,0,0,
65,2017-03-06,66,20-100,BOS,@,OTT,L,0,0,0,-2,0,0,0,0,0,0,0,0,0,,25,20:42,1,1,0,0,
66,2017-03-08,67,20-102,BOS,,DET,W,0,0,0,2,2,0,0,0,0,0,0,0,2,0.0,24,19:11,2,0,0,0,
67,2017-03-11,68,20-105,BOS,,PHI,W,0,0,0,-1,2,0,0,0,0,0,0,0,0,,19,14:11,1,1,0,0,
68,2017-03-13,69,20-107,BOS,@,VAN,W,0,0,0,3,2,0,0,0,0,0,0,0,0,,31,19:43,0,0,0,0,
69,2017-03-15,70,20-109,BOS,@,CGY,W,0,0,0,1,0,0,0,0,0,0,0,0,0,,24,20:31,1,1,0,0,
70,2017-03-16,71,20-110,BOS,@,EDM,L,0,0,0,1,0,0,0,0,0,0,0,0,0,,23,19:08,0,3,0,0,
71,2017-03-20,72,20-114,BOS,@,TOR,L,0,0,0,1,0,0,0,0,0,0,0,0,2,0.0,21,23:34,4,3,0,0,
72,2017-03-21,73,20-115,BOS,,OTT,L,0,0,0,-1,2,0,0,0,0,0,0,0,1,0.0,25,16:46,1,1,0,0,
73,2017-03-23,74,20-117,BOS,,TBL,L,0,0,0,-2,2,0,0,0,0,0,0,0,1,0.0,24,16:34,2,1,0,0,
74,2017-03-25,75,20-119,BOS,@,NYI,W,0,0,0,2,0,0,0,0,0,0,0,0,0,,29,21:54,1,1,0,0,
75,2017-03-28,76,20-122,BOS,,NSH,W,0,0,0,1,2,0,0,0,0,0,0,0,1,0.0,24,18:49,0,2,0,0,
76,2017-03-30,77,20-124,BOS,,DAL,W,0,0,0,1,0,0,0,0,0,0,0,0,1,0.0,29,23:29,2,2,0,0,
77,2017-04-01,78,20-126,BOS,,FLA,W,0,0,0,2,2,0,0,0,0,0,0,0,0,,21,17:36,1,1,0,0,
78,2017-04-02,79,20-127,BOS,@,CHI,W,0,1,1,-1,0,0,0,0,0,1,0,0,0,,28,20:11,1,2,0,0,
79,2017-04-04,80,20-129,BOS,,TBL,W,0,0,0,0,0,0,0,0,0,0,0,0,2,0.0,24,20:30,2,3,0,0,
80,2017-04-06,81,20-131,BOS,,OTT,L-SO,0,0,0,0,0,0,0,0,0,0,0,0,0,,33,28:04,2,3,0,0,
81,2017-04-08,82,20-133,BOS,,WSH,L,0,0,0,-1,0,0,0,0,0,0,0,0,0,,7,4:00,0,0,0,0,
82,2017-10-05,1,20-313,BOS,,NSH,W,0,1,1,1,0,0,0,0,0,0,0,1,2,0.0,27,20:38,0,2,0,0,
83,2017-10-09,2,20-317,BOS,,COL,L,0,0,0,-1,0,0,0,0,0,0,0,0,4,0.0,20,17:20,2,1,0,0,
84,2017-10-11,3,20-319,BOS,@,COL,L,0,0,0,0,0,0,0,0,0,0,0,0,0,,25,19:56,0,2,0,0,
85,2017-10-14,4,20-322,BOS,@,ARI,W,0,1,1,3,0,0,0,0,0,1,0,0,1,0.0,27,20:30,2,0,0,0,
86,2017-10-15,5,20-323,BOS,@,VEG,L,0,0,0,-1,0,0,0,0,0,0,0,0,0,,22,17:05,0,0,0,0,
87,2017-10-19,6,20-327,BOS,,VAN,W,0,0,0,0,0,0,0,0,0,0,0,0,4,0.0,27,19:19,1,0,0,0,
88,2017-10-21,7,20-329,BOS,,BUF,L-OT,0,0,0,-2,2,0,0,0,0,0,0,0,0,,28,21:23,0,1,0,0,
89,2017-10-26,8,20-334,BOS,,SJS,W,0,1,1,2,2,0,0,0,0,1,0,0,0,,31,19:38,1,1,0,0,
90,2017-10-28,9,20-336,BOS,,LAK,L-OT,0,0,0,-1,0,0,0,0,0,0,0,0,0,,27,18:22,0,4,0,0,
91,2017-10-30,10,20-338,BOS,@,CBJ,L-SO,0,0,0,0,0,0,0,0,0,0,0,0,2,0.0,25,20:22,1,2,0,0,
92,2017-11-02,11,20-341,BOS,,VEG,W,0,0,0,2,0,0,0,0,0,0,0,0,1,0.0,26,18:59,1,2,0,0,
93,2017-11-04,12,20-343,BOS,,WSH,L,0,0,0,0,0,0,0,0,0,0,0,0,0,,22,18:14,2,0,0,0,
94,2017-11-06,13,20-345,BOS,,MIN,W,0,0,0,2,0,0,0,0,0,0,0,0,1,0.0,21,17:11,1,1,0,0,
95,2017-11-08,14,20-347,BOS,@,NYR,L,0,0,0,1,0,0,0,0,0,0,0,0,3,0.0,21,17:16,1,0,0,0,
96,2017-11-10,15,20-349,BOS,@,TOR,L-OT,0,0,0,0,4,0,0,0,0,0,0,0,0,,26,22:23,0,3,0,0,
97,2017-11-11,16,20-350,BOS,,TOR,L,0,0,0,-2,2,0,0,0,0,0,0,0,1,0.0,15,15:17,1,0,0,0,
98,2017-11-15,17,20-354,BOS,@,ANA,L,0,1,1,0,0,0,0,0,0,1,0,0,2,0.0,23,17:31,2,0,0,0,
99,2017-11-16,18,20-355,BOS,@,LAK,W,0,0,0,0,4,0,0,0,0,0,0,0,0,,31,20:01,2,0,0,0,
100,2017-11-18,19,20-357,BOS,@,SJS,W,0,0,0,0,0,0,0,0,0,0,0,0,0,,30,23:53,2,2,0,0,
101,2017-11-22,20,20-361,BOS,@,NJD,W,0,0,0,1,0,0,0,0,0,0,0,0,0,,24,17:45,3,1,0,0,
102,2017-11-24,21,20-363,BOS,,PIT,W,0,0,0,0,0,0,0,0,0,0,0,0,0,,24,17:26,0,1,0,0,
103,2017-11-26,22,21-000,BOS,,EDM,L,0,0,0,-1,0,0,0,0,0,0,0,0,0,,21,16:38,1,1,0,0,
104,2017-11-29,23,21-003,BOS,,TBL,W,0,0,0,0,2,0,0,0,0,0,0,0,0,,23,17:04,1,0,0,0,
105,2017-12-02,24,21-006,BOS,@,PHI,W,0,0,0,1,0,0,0,0,0,0,0,0,2,0.0,27,25:41,1,4,0,0,
106,2017-12-04,25,21-008,BOS,@,NSH,L,0,0,0,0,0,0,0,0,0,0,0,0,0,,18,13:50,1,2,0,0,
107,2017-12-07,26,21-011,BOS,,ARI,W,0,0,0,-1,0,0,0,0,0,0,0,0,1,0.0,24,18:36,2,0,0,0,
108,2017-12-09,27,21-013,BOS,,NYI,W,0,0,0,0,0,0,0,0,0,0,0,0,1,0.0,24,20:11,1,1,0,0,
109,2017-12-13,28,21-017,BOS,@,DET,W,0,0,0,0,0,0,0,0,0,0,0,0,1,0.0,24,20:04,0,0,0,0,
110,2017-12-14,29,21-018,BOS,,WSH,L,0,0,0,-1,0,0,0,0,0,0,0,0,0,,21,17:15,1,1,0,0,
111,2017-12-16,30,21-020,BOS,,NYR,L-OT,0,0,0,0,0,0,0,0,0,0,0,0,1,0.0,18,16:33,0,2,0,0,
112,2017-12-18,31,21-022,BOS,,CBJ,W,0,0,0,3,2,0,0,0,0,0,0,0,2,0.0,26,18:48,1,2,0,0,
113,2017-12-19,32,21-023,BOS,@,BUF,W,0,0,0,0,0,0,0,0,0,0,0,0,0,,25,19:09,2,0,0,0,
114,2017-12-21,33,21-025,BOS,,WPG,W,0,0,0,0,0,0,0,0,0,0,0,0,0,,26,18:50,0,0,0,0,
115,2017-12-23,34,21-027,BOS,,DET,W,0,0,0,1,0,0,0,0,0,0,0,0,0,,24,22:00,1,0,0,0,
116,2017-12-27,35,21-031,BOS,,OTT,W,0,0,0,2,0,0,0,0,0,0,0,0,1,0.0,21,19:30,0,0,0,0,
117,2017-12-28,36,21-032,BOS,@,WSH,L-SO,0,0,0,-1,0,0,0,0,0,0,0,0,0,,24,19:38,1,0,0,0,
118,2017-12-30,37,21-034,BOS,@,OTT,W,0,0,0,0,0,0,0,0,0,0,0,0,3,0.0,23,16:11,1,1,0,0,
119,2018-01-02,38,21-037,BOS,@,NYI,W,0,0,0,0,2,0,0,0,0,0,0,0,1,0.0,24,19:20,2,1,0,0,
120,2018-01-06,39,21-041,BOS,,CAR,W,0,0,0,1,0,0,0,0,0,0,0,0,1,0.0,24,20:11,2,0,0,0,
121,2018-01-07,40,21-042,BOS,@,PIT,L-OT,0,1,1,-1,0,0,0,0,0,1,0,0,1,0.0,22,16:23,1,0,0,0,
122,2018-01-13,41,21-048,BOS,@,MTL,W,0,0,0,0,0,0,0,0,0,0,0,0,2,0.0,24,20:01,2,4,0,0,
123,2018-01-15,42,21-050,BOS,,DAL,L-OT,0,0,0,1,0,0,0,0,0,0,0,0,2,0.0,26,21:42,4,1,0,0,
124,2018-01-17,43,21-052,BOS,,MTL,W,0,0,0,0,2,0,0,0,0,0,0,0,0,,26,21:25,0,1,0,0,
125,2018-01-18,44,21-053,BOS,@,NYI,W,0,0,0,0,2,0,0,0,0,0,0,0,3,0.0,24,16:48,0,1,0,0,
126,2018-01-20,45,21-055,BOS,@,MTL,W,0,0,0,3,0,0,0,0,0,0,0,0,1,0.0,23,15:27,0,1,0,0,
127,2018-01-23,46,21-058,BOS,,NJD,W,0,0,0,0,2,0,0,0,0,0,0,0,0,,29,22:13,0,3,0,0,
128,2018-01-25,47,21-060,BOS,@,OTT,W,0,0,0,1,0,0,0,0,0,0,0,0,3,0.0,25,21:34,0,3,0,0,
129,2018-01-30,48,21-065,BOS,,ANA,L,0,0,0,-1,0,0,0,0,0,0,0,0,0,,24,20:25,2,1,0,0,
130,2018-02-01,49,21-067,BOS,,STL,W,0,0,0,1,0,0,0,0,0,0,0,0,0,,27,26:14,0,1,0,0,
131,2018-02-03,50,21-069,BOS,,TOR,W,0,0,0,0,2,0,0,0,0,0,0,0,0,,27,19:23,1,1,0,0,
132,2018-02-06,51,21-072,BOS,@,DET,W,0,0,0,0,0,0,0,0,0,0,0,0,0,,24,20:58,2,0,0,0,
133,2018-02-07,52,21-073,BOS,@,NYR,W,0,0,0,2,0,0,0,0,0,0,0,0,1,0.0,24,21:56,0,2,0,0,
134,2018-02-10,53,21-076,BOS,,BUF,L,0,0,0,1,0,0,0,0,0,0,0,0,3,0.0,25,19:51,4,1,0,0,
135,2018-02-11,54,21-077,BOS,@,NJD,W,0,0,0,1,0,0,0,0,0,0,0,0,1,0.0,30,21:53,0,4,1,0,100.0
136,2018-02-13,55,21-079,BOS,,CGY,W,0,0,0,-1,0,0,0,0,0,0,0,0,2,0.0,26,22:02,2,0,0,0,
137,2018-02-17,56,21-083,BOS,@,VAN,L,0,0,0,-4,5,0,0,0,0,0,0,0,0,,18,14:28,1,0,0,0,
138,2018-02-19,57,21-085,BOS,@,CGY,W,0,0,0,1,0,0,0,0,0,0,0,0,1,0.0,29,21:07,1,1,0,0,
139,2018-02-20,58,21-086,BOS,@,EDM,W,0,1,1,-1,0,0,0,0,0,1,0,0,2,0.0,23,17:59,0,0,0,0,
140,2018-02-24,59,21-090,BOS,@,TOR,L,0,0,0,-1,0,0,0,0,0,0,0,0,0,,18,13:32,1,2,0,0,
141,2018-02-27,60,21-093,BOS,,CAR,W,0,0,0,0,0,0,0,0,0,0,0,0,4,0.0,23,15:27,1,1,0,0,
142,2018-03-01,61,21-095,BOS,,PIT,W,0,0,0,-1,0,0,0,0,0,0,0,0,1,0.0,26,16:59,3,0,0,0,
143,2018-03-03,62,21-097,BOS,,MTL,W,0,0,0,0,2,0,0,0,0,0,0,0,1,0.0,27,20:04,3,0,0,0,
144,2018-03-06,63,21-100,BOS,,DET,W,0,0,0,-2,2,0,0,0,0,0,0,0,2,0.0,23,18:07,1,2,0,0,
145,2018-03-08,64,21-102,BOS,,PHI,W,0,0,0,2,0,0,0,0,0,0,0,0,1,0.0,24,18:34,1,1,0,0,
146,2018-03-10,65,21-104,BOS,,CHI,W,0,0,0,-1,0,0,0,0,0,0,0,0,1,0.0,20,16:11,2,1,0,0,
147,2018-03-11,66,21-105,BOS,@,CHI,L,0,0,0,0,0,0,0,0,0,0,0,0,0,,20,19:22,1,0,0,0,
148,2018-03-13,67,21-107,BOS,@,CAR,W,0,0,0,3,0,0,0,0,0,0,0,0,0,,27,18:48,1,1,0,0,
149,2018-03-15,68,21-109,BOS,@,FLA,L,0,0,0,0,0,0,0,0,0,0,0,0,0,,25,19:48,2,2,0,0,
150,2018-03-17,69,21-111,BOS,@,TBL,W,0,0,0,0,4,0,0,0,0,0,0,0,0,,29,20:59,2,0,0,0,
151,2018-03-19,70,21-113,BOS,,CBJ,L-OT,0,0,0,-1,0,0,0,0,0,0,0,0,2,0.0,25,19:48,3,1,0,0,
152,2018-03-21,71,21-115,BOS,@,STL,L-OT,0,0,0,-1,0,0,0,0,0,0,0,0,1,0.0,28,19:49,1,0,0,0,
153,2018-03-23,72,21-117,BOS,@,DAL,W,0,0,0,-1,2,0,0,0,0,0,0,0,1,0.0,21,17:45,2,5,0,0,
154,2018-03-25,73,21-119,BOS,@,MIN,W,0,0,0,1,2,0,0,0,0,0,0,0,3,0.0,27,19:23,2,1,0,0,
155,2018-03-27,74,21-121,BOS,@,WPG,L-SO,0,0,0,-1,0,0,0,0,0,0,0,0,1,0.0,30,23:20,0,1,0,0,
156,2018-03-29,75,21-123,BOS,,TBL,W,0,0,0,1,0,0,0,0,0,0,0,0,0,,25,23:47,2,2,0,0,
157,2018-03-31,76,21-125,BOS,,FLA,W,0,0,0,0,0,0,0,0,0,0,0,0,1,0.0,24,18:31,1,1,0,0,
158,2018-10-03,1,21-311,BOS,@,WSH,L,0,0,0,-1,0,0,0,0,0,0,0,0,1,0.0,26,17:06,0,0,0,0,
159,2018-10-04,2,21-312,BOS,@,BUF,W,0,0,0,1,0,0,0,0,0,0,0,0,0,,20,17:39,2,1,0,0,
160,2018-10-08,3,21-316,BOS,,OTT,W,0,0,0,0,0,0,0,0,0,0,0,0,2,0.0,21,18:51,2,2,0,0,
161,2018-10-11,4,21-319,BOS,,EDM,W,0,0,0,2,0,0,0,0,0,0,0,0,0,,26,20:16,4,1,0,0,
162,2018-10-13,5,21-321,BOS,,DET,W,0,2,2,1,0,0,0,0,0,2,0,0,1,0.0,23,18:51,3,1,0,0,
163,2018-10-17,6,21-325,BOS,@,CGY,L,0,0,0,0,0,0,0,0,0,0,0,0,2,0.0,22,18:29,2,0,0,0,
164,2018-10-18,7,21-326,BOS,@,EDM,L-OT,0,0,0,1,2,0,0,0,0,0,0,0,2,0.0,23,20:16,1,1,0,0,
165,2018-10-20,8,21-328,BOS,@,VAN,L-OT,0,0,0,-1,0,0,0,0,0,0,0,0,3,0.0,29,23:43,1,1,0,0,
166,2018-10-23,9,21-331,BOS,@,OTT,W,0,0,0,1,0,0,0,0,0,0,0,0,1,0.0,27,28:28,4,2,0,0,
167,2018-10-25,10,21-333,BOS,,PHI,W,0,0,0,0,0,0,0,0,0,0,0,0,1,0.0,24,23:58,1,4,0,0,
168,2018-10-27,11,21-335,BOS,,MTL,L,0,0,0,-1,2,0,0,0,0,0,0,0,3,0.0,24,19:36,2,0,0,0,
169,2018-10-30,12,21-338,BOS,@,CAR,W,0,0,0,0,2,0,0,0,0,0,0,0,0,,27,24:15,6,1,0,0,
170,2018-11-03,13,21-342,BOS,@,NSH,L,0,0,0,0,2,0,0,0,0,0,0,0,1,0.0,28,22:42,1,3,0,0,
171,2018-11-05,14,21-344,BOS,,DAL,W,0,0,0,0,0,0,0,0,0,0,0,0,1,0.0,26,21:25,4,1,0,0,
172,2018-11-08,15,21-347,BOS,,VAN,L,0,0,0,-2,0,0,0,0,0,0,0,0,0,,25,20:26,2,1,0,0,
173,2018-11-10,16,21-349,BOS,,TOR,W,0,0,0,0,2,0,0,0,0,0,0,0,0,,26,19:21,0,0,0,0,
174,2018-12-01,17,22-005,BOS,,DET,L,0,0,0,0,0,0,0,0,0,0,0,0,3,0.0,28,17:39,0,1,0,0,
175,2018-12-04,18,22-008,BOS,@,FLA,L,0,0,0,-1,2,0,0,0,0,0,0,0,2,0.0,28,22:46,2,1,0,0,
176,2018-12-06,19,22-010,BOS,@,TBL,L,0,0,0,0,0,0,0,0,0,0,0,0,1,0.0,31,19:45,3,1,0,0,
177,2018-12-08,20,22-012,BOS,,TOR,W,0,0,0,-2,5,0,0,0,0,0,0,0,3,0.0,25,19:00,2,0,0,0,
178,2018-12-09,21,22-013,BOS,@,OTT,W,0,0,0,0,0,0,0,0,0,0,0,0,3,0.0,23,21:17,4,1,0,0,
179,2018-12-11,22,22-015,BOS,,ARI,W,0,0,0,0,0,0,0,0,0,0,0,0,1,0.0,25,20:30,3,4,0,0,
180,2018-12-14,23,22-018,BOS,@,PIT,L,1,0,1,1,2,1,0,0,0,0,0,0,4,25.0,28,21:02,3,0,0,0,
181,2018-12-16,24,22-020,BOS,,BUF,L,0,0,0,0,0,0,0,0,0,0,0,0,2,0.0,26,20:17,1,1,0,0,
182,2018-12-17,25,22-021,BOS,@,MTL,W,0,0,0,1,0,0,0,0,0,0,0,0,3,0.0,28,22:32,3,0,0,0,
183,2018-12-20,26,22-024,BOS,,ANA,W,0,0,0,0,2,0,0,0,0,0,0,0,1,0.0,25,21:29,6,3,0,0,
184,2018-12-22,27,22-026,BOS,,NSH,W,0,0,0,1,0,0,0,0,0,0,0,0,1,0.0,29,23:04,2,0,0,0,
185,2018-12-23,28,22-027,BOS,@,CAR,L,0,0,0,0,0,0,0,0,0,0,0,0,1,0.0,24,20:10,4,0,0,0,
186,2018-12-27,29,22-031,BOS,,NJD,L,0,0,0,-2,0,0,0,0,0,0,0,0,4,0.0,27,20:59,1,0,0,0,
187,2018-12-29,30,22-033,BOS,@,BUF,W,0,0,0,-1,0,0,0,0,0,0,0,0,1,0.0,28,21:27,1,3,0,0,
188,2019-01-01,31,22-036,BOS,@,CHI,W,0,0,0,1,2,0,0,0,0,0,0,0,2,0.0,28,19:24,0,2,0,0,
189,2019-01-03,32,22-038,BOS,,CGY,W,0,0,0,2,0,0,0,0,0,0,0,0,1,0.0,28,22:16,3,2,0,0,
190,2019-01-05,33,22-040,BOS,,BUF,W,0,0,0,1,0,0,0,0,0,0,0,0,2,0.0,25,21:16,0,1,0,0,
191,2019-01-08,34,22-043,BOS,,MIN,W,0,0,0,0,0,0,0,0,0,0,0,0,0,,25,24:39,2,1,0,0,
192,2019-01-10,35,22-045,BOS,,WSH,L,0,0,0,-1,2,0,0,0,0,0,0,0,0,,23,18:48,2,0,0,0,
193,2019-01-12,36,22-047,BOS,@,TOR,W,0,0,0,1,0,0,0,0,0,0,0,0,2,0.0,25,23:05,3,3,0,0,
194,2019-01-14,37,22-049,BOS,,MTL,L-OT,0,0,0,0,2,0,0,0,0,0,0,0,1,0.0,23,19:11,0,2,0,0,
195,2019-01-16,38,22-051,BOS,@,PHI,L,0,0,0,1,0,0,0,0,0,0,0,0,4,0.0,20,16:35,2,0,0,0,
196,2019-01-17,39,22-052,BOS,,STL,W,0,0,0,1,0,0,0,0,0,0,0,0,0,,26,25:47,2,2,0,0,
197,2019-01-19,40,22-054,BOS,,NYR,L,0,0,0,1,0,0,0,0,0,0,0,0,2,0.0,21,16:46,0,0,0,0,
198,2019-01-29,41,22-064,BOS,,WPG,L-SO,0,0,0,0,2,0,0,0,0,0,0,0,1,0.0,25,21:25,1,1,0,0,
199,2019-01-31,42,22-066,BOS,,PHI,L-OT,0,0,0,0,0,0,0,0,0,0,0,0,2,0.0,27,24:05,1,0,0,0,
200,2019-02-03,43,22-069,BOS,@,WSH,W,0,0,0,1,0,0,0,0,0,0,0,0,0,,26,19:57,2,1,0,0,
201,2019-02-05,44,22-071,BOS,,NYI,W,0,0,0,0,2,0,0,0,0,0,0,0,0,,28,20:45,2,2,0,0,
202,2019-02-06,45,22-072,BOS,@,NYR,L-SO,0,0,0,-1,2,0,0,0,0,0,0,0,0,,27,21:37,1,0,0,0,
203,2019-02-09,46,22-075,BOS,,LAK,W,0,0,0,0,2,0,0,0,0,0,0,0,2,0.0,26,18:42,0,3,0,0,
204,2019-02-10,47,22-076,BOS,,COL,W,0,0,0,-1,0,0,0,0,0,0,0,0,1,0.0,24,16:40,1,0,0,0,
205,2019-02-12,48,22-078,BOS,,CHI,W,0,0,0,0,0,0,0,0,0,0,0,0,2,0.0,23,19:28,3,2,0,0,
206,2019-02-15,49,22-081,BOS,@,ANA,W,0,1,1,1,0,0,0,0,0,1,0,0,1,0.0,22,19:41,1,2,0,0,
207,2019-02-16,50,22-082,BOS,@,LAK,W,0,0,0,2,0,0,0,0,0,0,0,0,0,,29,21:57,2,1,0,0,
208,2019-02-18,51,22-084,BOS,@,SJS,W,0,1,1,0,0,0,0,0,0,1,0,0,2,0.0,20,16:43,1,0,0,0,
209,2019-02-20,52,22-086,BOS,@,VEG,W,0,0,0,0,0,0,0,0,0,0,0,0,0,,27,17:07,1,1,0,0,
210,2019-02-23,53,22-089,BOS,@,STL,L-SO,0,0,0,0,2,0,0,0,0,0,0,0,0,,25,20:56,2,5,0,0,
211,2019-02-26,54,22-092,BOS,,SJS,W,0,1,1,2,0,0,0,0,0,0,0,1,1,0.0,28,21:37,2,0,0,0,
212,2019-02-28,55,22-094,BOS,,TBL,W,0,0,0,3,0,0,0,0,0,0,0,0,1,0.0,24,21:19,2,3,0,0,
213,2019-03-02,56,22-096,BOS,,NJD,W,0,0,0,0,2,0,0,0,0,0,0,0,4,0.0,28,22:34,1,2,0,0,
214,2019-03-05,57,22-099,BOS,,CAR,W,0,1,1,1,0,0,0,0,0,1,0,0,9,0.0,31,26:19,3,2,0,0,
215,2019-03-07,58,22-101,BOS,,FLA,W,0,0,0,1,2,0,0,0,0,0,0,0,3,0.0,25,21:15,0,0,0,0,
216,2019-03-09,59,22-103,BOS,,OTT,W,0,0,0,0,0,0,0,0,0,0,0,0,3,0.0,25,20:33,5,2,0,0,
217,2019-03-10,60,22-104,BOS,@,PIT,L,0,0,0,-1,2,0,0,0,0,0,0,0,4,0.0,28,21:56,1,3,0,0,
218,2019-03-12,61,22-106,BOS,@,CBJ,L,0,0,0,0,2,0,0,0,0,0,0,0,1,0.0,29,23:02,1,1,0,0,
219,2019-03-14,62,22-108,BOS,@,WPG,L,0,0,0,-1,0,0,0,0,0,0,0,0,1,0.0,28,19:28,2,0,0,0,
220,2019-03-16,63,22-110,BOS,,CBJ,W,0,0,0,-1,0,0,0,0,0,0,0,0,2,0.0,24,20:18,2,0,0,0,
221,2019-03-19,64,22-113,BOS,@,NYI,W,0,0,0,3,0,0,0,0,0,0,0,0,2,0.0,28,22:06,1,0,0,0,
222,2019-03-21,65,22-115,BOS,@,NJD,W,0,0,0,3,0,0,0,0,0,0,0,0,0,,24,22:19,1,0,1,0,100.0
223,2019-03-23,66,22-117,BOS,@,FLA,W,0,0,0,1,0,0,0,0,0,0,0,0,2,0.0,26,21:45,4,2,0,0,
224,2019-03-25,67,22-119,BOS,@,TBL,L,1,0,1,0,0,1,0,0,0,0,0,0,1,100.0,23,27:00,2,0,0,0,
225,2019-03-27,68,22-121,BOS,,NYR,W,0,0,0,1,0,0,0,0,0,0,0,0,3,0.0,26,21:25,3,2,0,0,
226,2019-03-30,69,22-124,BOS,,FLA,L,0,0,0,0,0,0,0,0,0,0,0,0,0,,23,20:00,0,1,0,0,
227,2019-03-31,70,22-125,BOS,@,DET,L,0,1,1,-1,0,0,0,0,0,0,0,1,2,0.0,25,18:34,1,3,0,0,
228,2019-04-02,71,22-127,BOS,@,CBJ,W,0,0,0,2,0,0,0,0,0,0,0,0,4,0.0,23,19:46,1,1,0,0,
229,2019-04-04,72,22-129,BOS,@,MIN,W,0,1,1,2,2,0,0,0,0,1,0,0,0,,26,21:01,0,1,0,0,
230,2019-10-03,1,22-311,BOS,@,DAL,W,0,0,0,1,0,0,0,0,0,0,0,0,0,,31,19:34,0,1,0,0,
231,2019-10-05,2,22-313,BOS,@,ARI,W,0,0,0,0,0,0,0,0,0,0,0,0,2,0.0,29,20:20,0,1,0,0,
232,2019-10-08,3,22-316,BOS,@,VEG,W,0,1,1,0,0,0,0,0,0,1,0,0,1,0.0,27,22:35,2,0,0,0,
233,2019-10-10,4,22-318,BOS,@,COL,L,0,0,0,1,0,0,0,0,0,0,0,0,4,0.0,24,15:34,1,0,0,0,
234,2019-10-12,5,22-320,BOS,,NJD,W,0,0,0,0,2,0,0,0,0,0,0,0,2,0.0,28,23:08,2,0,0,0,
235,2019-10-14,6,22-322,BOS,,ANA,W,0,0,0,0,0,0,0,0,0,0,0,0,1,0.0,25,20:56,3,1,0,0,
236,2019-10-17,7,22-325,BOS,,TBL,L-SO,0,0,0,0,0,0,0,0,0,0,0,0,1,0.0,25,20:36,1,0,0,0,
237,2019-10-19,8,22-327,BOS,@,TOR,L-OT,0,0,0,-1,0,0,0,0,0,0,0,0,0,,25,18:13,1,0,0,0,
238,2019-10-22,9,22-330,BOS,,TOR,W,0,0,0,0,0,0,0,0,0,0,0,0,2,0.0,25,19:44,2,0,0,0,
239,2019-10-26,10,22-334,BOS,,STL,W,1,0,1,1,0,1,0,0,0,0,0,0,2,50.0,24,20:44,1,1,0,0,
240,2019-10-27,11,22-335,BOS,@,NYR,W,0,2,2,2,0,0,0,0,0,2,0,0,3,0.0,27,20:50,0,2,0,0,
241,2019-10-29,12,22-337,BOS,,SJS,W,1,0,1,1,0,1,0,0,0,0,0,0,2,50.0,24,20:27,3,0,0,0,
242,2019-11-02,13,22-341,BOS,,OTT,W,0,0,0,-1,0,0,0,0,0,0,0,0,0,,25,21:26,1,1,0,0,
243,2019-11-04,14,22-343,BOS,,PIT,W,0,1,1,2,2,0,0,0,0,1,0,0,1,0.0,26,18:52,5,1,0,0,
244,2019-11-05,15,22-344,BOS,@,MTL,L,0,0,0,-3,0,0,0,0,0,0,0,0,1,0.0,29,18:41,0,0,0,0,
245,2019-11-08,16,22-347,BOS,@,DET,L,0,0,0,0,0,0,0,0,0,0,0,0,1,0.0,22,16:25,1,2,0,0,
246,2019-11-10,17,22-349,BOS,,PHI,L-SO,0,0,0,0,0,0,0,0,0,0,0,0,3,0.0,20,17:11,2,1,0,0,
247,2019-11-12,18,22-351,BOS,,FLA,L-SO,0,0,0,0,0,0,0,0,0,0,0,0,1,0.0,26,21:29,1,0,0,0,
248,2019-11-15,19,22-354,BOS,@,TOR,W,0,1,1,1,0,0,0,0,0,1,0,0,2,0.0,28,19:54,1,0,0,0,
249,2019-11-16,20,22-355,BOS,,WSH,L-SO,0,0,0,0,0,0,0,0,0,0,0,0,3,0.0,23,21:20,1,3,0,0,
250,2019-11-19,21,22-358,BOS,@,NJD,W,0,0,0,0,0,0,0,0,0,0,0,0,0,,24,20:48,2,2,0,0,
251,2019-11-21,22,22-360,BOS,,BUF,W,0,0,0,-1,0,0,0,0,0,0,0,0,1,0.0,25,19:41,2,1,0,0,
252,2019-11-23,23,22-362,BOS,,MIN,W,0,0,0,0,0,0,0,0,0,0,0,0,3,0.0,27,19:15,5,5,0,0,
253,2019-11-26,24,23-000,BOS,@,MTL,W,0,1,1,4,0,0,0,0,0,1,0,0,2,0.0,28,21:21,2,3,0,0,
254,2019-11-27,25,23-001,BOS,@,OTT,W,0,0,0,0,0,0,0,0,0,0,0,0,0,,26,22:28,4,0,0,0,
255,2019-11-29,26,23-003,BOS,,NYR,W,0,1,1,1,0,0,0,0,0,1,0,0,1,0.0,27,19:25,1,0,0,0,
256,2019-12-01,27,23-005,BOS,,MTL,W,0,1,1,1,0,0,0,0,0,1,0,0,3,0.0,27,19:04,3,3,0,0,
257,2019-12-03,28,23-007,BOS,,CAR,W,0,0,0,1,0,0,0,0,0,0,0,0,4,0.0,27,22:11,5,3,0,0,
258,2019-12-05,29,23-009,BOS,,CHI,L-OT,0,0,0,-1,0,0,0,0,0,0,0,0,0,,26,18:14,3,0,0,0,
259,2019-12-07,30,23-011,BOS,,COL,L,0,0,0,-1,0,0,0,0,0,0,0,0,2,0.0,24,19:01,2,2,0,0,
260,2019-12-09,31,23-013,BOS,@,OTT,L,0,0,0,-1,2,0,0,0,0,0,0,0,1,0.0,21,14:47,1,1,0,0,
261,2019-12-11,32,23-015,BOS,@,WSH,L,0,0,0,0,0,0,0,0,0,0,0,0,2,0.0,23,18:01,1,3,0,0,
262,2019-12-12,33,23-016,BOS,@,TBL,L,0,0,0,0,0,0,0,0,0,0,0,0,2,0.0,24,19:42,1,0,0,0,
263,2019-12-14,34,23-018,BOS,@,FLA,W,0,0,0,0,0,0,0,0,0,0,0,0,0,,31,22:07,1,2,0,0,
264,2019-12-17,35,23-021,BOS,,LAK,L-OT,1,0,1,0,0,1,0,0,0,0,0,0,1,100.0,25,19:39,2,0,0,0,
265,2019-12-19,36,23-023,BOS,,NYI,L-SO,0,0,0,0,2,0,0,0,0,0,0,0,0,,24,19:23,0,2,0,0,
266,2019-12-21,37,23-025,BOS,,NSH,L-OT,0,0,0,-1,0,0,0,0,0,0,0,0,0,,23,16:56,2,1,0,0,
267,2019-12-23,38,23-027,BOS,,WSH,W,0,0,0,2,0,0,0,0,0,0,0,0,2,0.0,25,25:44,3,2,0,0,
268,2019-12-27,39,23-031,BOS,@,BUF,W,1,0,1,1,0,1,0,0,0,0,0,0,5,20.0,25,26:22,1,3,0,0,
269,2019-12-29,40,23-033,BOS,,BUF,W,0,0,0,0,0,0,0,0,0,0,0,0,4,0.0,30,25:35,1,1,0,0,
270,2019-12-31,41,23-035,BOS,@,NJD,L-SO,0,1,1,-1,0,0,0,0,0,1,0,0,2,0.0,29,27:22,2,2,0,0,
271,2020-01-02,42,23-037,BOS,,CBJ,L-OT,0,0,0,0,0,0,0,0,0,0,0,0,1,0.0,31,21:55,2,0,0,0,
272,2020-01-04,43,23-039,BOS,,EDM,L,0,0,0,0,0,0,0,0,0,0,0,0,0,,29,20:49,2,0,0,0,
273,2020-01-07,44,23-042,BOS,@,NSH,W,0,0,0,3,2,0,0,0,0,0,0,0,0,,29,21:33,1,3,0,0,
274,2020-01-09,45,23-044,BOS,,WPG,W,0,0,0,-1,0,0,0,0,0,0,0,0,2,0.0,31,23:07,5,1,0,0,
275,2020-01-11,46,23-046,BOS,@,NYI,W,0,0,0,0,0,0,0,0,0,0,0,0,2,0.0,32,26:03,2,0,0,0,
276,2020-01-13,47,23-048,BOS,@,PHI,L-SO,0,1,1,-2,0,0,0,0,0,1,0,0,1,0.0,26,20:14,0,0,0,0,
277,2020-01-14,48,23-049,BOS,@,CBJ,L,0,0,0,0,0,0,0,0,0,0,0,0,0,,25,20:43,3,0,0,0,
278,2020-01-16,49,23-051,BOS,,PIT,W,0,0,0,2,0,0,0,0,0,0,0,0,2,0.0,32,22:58,1,3,0,0,
279,2020-01-19,50,23-054,BOS,@,PIT,L,0,1,1,3,0,0,0,0,0,1,0,0,4,0.0,26,21:13,1,3,0,0,
280,2020-01-21,51,23-056,BOS,,VEG,W,0,1,1,1,2,0,0,0,0,1,0,0,5,0.0,24,21:23,4,0,0,0,
281,2020-01-31,52,23-066,BOS,@,WPG,W,0,0,0,0,19,0,0,0,0,0,0,0,1,0.0,20,16:16,4,1,0,0,
282,2020-02-01,53,23-067,BOS,@,MIN,W,0,0,0,2,0,0,0,0,0,0,0,0,1,0.0,27,20:09,1,2,0,0,
283,2020-02-04,54,23-070,BOS,,VAN,W,0,1,1,1,0,0,0,0,0,1,0,0,2,0.0,21,19:36,3,0,0,0,
284,2020-02-05,55,23-071,BOS,@,CHI,W,0,0,0,0,0,0,0,0,0,0,0,0,0,,27,22:58,5,1,0,0,
285,2020-02-09,56,23-075,BOS,@,DET,L,0,0,0,-1,0,0,0,0,0,0,0,0,4,0.0,24,17:57,4,1,0,0,
286,2020-02-12,57,23-078,BOS,,MTL,W,0,0,0,1,0,0,0,0,0,0,0,0,0,,28,21:34,1,0,0,0,
287,2020-02-15,58,23-081,BOS,,DET,W,0,0,0,0,0,0,0,0,0,0,0,0,3,0.0,25,21:18,2,0,0,0,
288,2020-02-16,59,23-082,BOS,@,NYR,W,0,0,0,2,0,0,0,0,0,0,0,0,1,0.0,29,22:02,5,1,0,0,
289,2020-02-19,60,23-085,BOS,@,EDM,W,0,0,0,0,0,0,0,0,0,0,0,0,2,0.0,26,18:07,1,3,0,0,
290,2020-02-21,61,23-087,BOS,@,CGY,W,0,1,1,-1,0,0,0,0,0,1,0,0,2,0.0,29,21:43,1,2,0,0,
291,2020-02-22,62,23-088,BOS,@,VAN,L,0,0,0,-2,0,0,0,0,0,0,0,0,2,0.0,27,19:33,1,0,0,0,
292,2020-02-25,63,23-091,BOS,,CGY,L,0,0,0,0,0,0,0,0,0,0,0,0,3,0.0,29,20:23,0,0,0,0,
293,2020-02-27,64,23-093,BOS,,DAL,W,0,0,0,-1,0,0,0,0,0,0,0,0,1,0.0,28,24:16,3,0,0,0,
294,2020-02-29,65,23-095,BOS,@,NYI,W,0,1,1,1,0,0,0,0,0,1,0,0,2,0.0,29,22:59,0,2,0,0,
295,2020-03-03,66,23-098,BOS,@,TBL,W,0,0,0,1,2,0,0,0,0,0,0,0,2,0.0,22,17:41,1,2,0,0,
296,2020-03-05,67,23-100,BOS,@,FLA,W,0,0,0,-1,0,0,0,0,0,0,0,0,1,0.0,11,10:24,1,1,0,0,
