,date_game,game_season,age,team_id,game_location,opp_id,game_result,goals,assists,points,plus_minus,pen_min,goals_ev,goals_pp,goals_sh,goals_gw,assists_ev,assists_pp,assists_sh,shots,shot_pct,shifts,time_on_ice,hits_all,blocks_all,faceoff_wins_all,faceoff_losses_all,faceoff_percentage_all
0,2007-09-30,1,24-058,ANA,,LAK,W,0,0,0,0,0,0,0,0,0,,,,2,0.0,13,10:14,3,0,6,1,85.7
1,2007-10-03,2,24-061,ANA,@,DET,L-SO,0,0,0,0,0,0,0,0,0,,,,1,0.0,13,8:36,1,0,5,6,45.5
2,2007-10-05,3,24-063,ANA,@,CBJ,L,0,0,0,0,0,0,0,0,0,,,,0,,14,9:34,0,1,6,1,85.7
3,2007-10-06,4,24-064,ANA,@,PIT,L,0,0,0,1,0,0,0,0,0,,,,0,,7,4:32,2,0,2,0,100.0
4,2007-11-15,5,24-104,ANA,@,LAK,W,0,0,0,0,0,0,0,0,0,,,,1,0.0,11,9:21,1,0,2,2,50.0
5,2007-11-17,6,24-106,ANA,@,SJS,W,0,0,0,0,0,0,0,0,0,,,,2,0.0,7,5:11,0,0,2,1,66.7
6,2007-12-18,7,24-137,ANA,@,SJS,W,0,0,0,0,7,0,0,0,0,,,,3,0.0,10,4:17,1,1,0,0,
7,2007-12-19,8,24-138,ANA,,COL,W,0,1,1,1,0,0,0,0,0,,,,4,0.0,14,8:38,0,0,0,0,
8,2007-12-22,9,24-141,ANA,@,SJS,W,0,0,0,0,2,0,0,0,0,,,,0,,9,5:35,0,0,0,0,
9,2007-12-27,10,24-146,ANA,@,EDM,W,0,0,0,0,4,0,0,0,0,,,,0,,10,6:58,1,0,1,3,25.0
10,2007-12-29,11,24-148,ANA,@,CGY,L,0,0,0,0,0,0,0,0,0,,,,0,,11,4:58,0,0,8,1,88.9
11,2007-12-30,12,24-149,ANA,@,VAN,L,0,0,0,0,0,0,0,0,0,,,,2,0.0,10,6:23,0,0,0,1,0.0
12,2008-01-02,13,24-152,ANA,,CBJ,W,0,0,0,0,0,0,0,0,0,,,,1,0.0,21,13:17,1,1,10,3,76.9
13,2008-01-04,14,24-154,ANA,,CHI,W,0,0,0,-1,0,0,0,0,0,,,,3,0.0,15,11:51,1,0,8,1,88.9
14,2008-01-05,15,24-155,ANA,@,PHX,L-SO,0,0,0,-1,0,0,0,0,0,,,,2,0.0,19,13:57,1,0,6,9,40.0
15,2008-01-07,16,24-157,ANA,,NSH,W,0,1,1,1,0,0,0,0,0,,,,4,0.0,18,14:56,1,0,10,6,62.5
16,2008-01-09,17,24-159,ANA,,TOR,W,0,0,0,0,0,0,0,0,0,,,,0,,17,12:24,0,0,8,4,66.7
17,2008-01-13,18,24-163,ANA,,SJS,W,0,0,0,0,0,0,0,0,0,,,,0,,19,12:46,1,1,3,8,27.3
18,2008-01-15,19,24-165,ANA,,DAL,W,0,1,1,1,2,0,0,0,0,,,,6,0.0,21,15:01,3,0,8,3,72.7
19,2008-01-17,20,24-167,ANA,@,NSH,W,0,0,0,0,2,0,0,0,0,,,,0,,23,13:44,5,0,8,6,57.1
20,2008-01-18,21,24-168,ANA,@,MIN,W,0,0,0,-1,2,0,0,0,0,,,,1,0.0,19,13:03,2,0,4,3,57.1
21,2008-01-20,22,24-170,ANA,@,DAL,L,0,0,0,-2,4,0,0,0,0,,,,1,0.0,18,10:16,2,0,7,2,77.8
22,2008-01-23,23,24-173,ANA,,DET,L,0,0,0,-1,0,0,0,0,0,,,,2,0.0,18,11:21,1,0,8,5,61.5
23,2008-01-24,24,24-174,ANA,@,LAK,L,0,0,0,-1,0,0,0,0,0,,,,2,0.0,20,12:32,2,1,5,4,55.6
24,2008-01-30,25,24-180,ANA,@,MIN,L,0,0,0,-2,4,0,0,0,0,,,,0,,18,11:13,3,0,8,2,80.0
25,2008-02-05,26,24-186,ANA,@,NYI,W,0,1,1,1,0,0,0,0,0,,,,1,0.0,20,12:25,1,0,7,5,58.3
26,2008-02-07,27,24-188,ANA,@,NYR,W,0,0,0,-1,5,0,0,0,0,,,,0,,27,15:30,2,2,10,8,55.6
27,2008-02-08,28,24-189,ANA,@,NJD,W,2,0,2,2,2,2,0,0,1,,,,5,40.0,20,15:55,1,0,7,7,50.0
28,2008-02-10,29,24-191,ANA,@,DET,W,1,0,1,1,2,1,0,0,0,,,,2,50.0,22,12:40,0,0,4,4,50.0
29,2008-02-12,30,24-193,ANA,@,COL,W,0,0,0,0,0,0,0,0,0,,,,4,0.0,18,9:15,1,0,10,6,62.5
30,2008-02-15,31,24-196,ANA,,DAL,L,0,0,0,0,0,0,0,0,0,,,,1,0.0,14,9:08,2,0,5,1,83.3
31,2008-02-17,32,24-198,ANA,,CGY,W,1,0,1,0,0,1,0,0,0,,,,4,25.0,20,15:24,0,0,9,6,60.0
32,2008-02-20,33,24-201,ANA,,COL,W,0,0,0,0,0,0,0,0,0,,,,0,,4,2:59,0,0,0,0,
33,2008-04-06,34,24-247,ANA,,PHX,W,0,0,0,0,0,0,0,0,0,,,,2,0.0,18,12:34,1,0,7,6,53.8
34,2008-10-12,1,25-070,ANA,,PHX,L,1,0,1,2,2,1,0,0,0,,,,1,100.0,15,10:14,2,0,3,3,50.0
35,2008-10-14,2,25-072,ANA,@,LAK,L,0,1,1,1,0,0,0,0,0,,,,0,,19,12:53,1,0,1,0,100.0
36,2008-10-15,3,25-073,ANA,,EDM,L,0,0,0,0,0,0,0,0,0,,,,2,0.0,20,14:51,2,0,6,6,50.0
37,2008-10-17,4,25-075,ANA,,SJS,W,0,1,1,0,2,0,0,0,0,,,,1,0.0,15,12:51,2,0,4,3,57.1
38,2008-10-19,5,25-077,ANA,,CAR,L,0,0,0,0,2,0,0,0,0,,,,2,0.0,18,13:19,5,1,2,5,28.6
39,2008-10-21,6,25-079,ANA,@,TOR,W,0,0,0,0,0,0,0,0,0,,,,3,0.0,20,15:23,3,1,4,9,30.8
40,2008-10-25,7,25-083,ANA,@,MTL,W,0,1,1,1,0,0,0,0,0,,,,1,0.0,11,5:38,1,0,7,3,70.0
41,2008-10-29,8,25-087,ANA,,DET,W,0,0,0,0,2,0,0,0,0,,,,0,,10,6:27,0,0,3,6,33.3
42,2008-10-31,9,25-089,ANA,,VAN,L-SO,0,0,0,1,2,0,0,0,0,,,,0,,9,4:38,0,0,3,4,42.9
43,2008-11-02,10,25-091,ANA,,CGY,W,1,0,1,1,5,1,0,0,1,,,,1,100.0,8,6:01,2,0,1,1,50.0
44,2008-11-04,11,25-093,ANA,@,LAK,W,0,0,0,0,2,0,0,0,0,,,,0,,11,6:17,0,0,4,1,80.0
45,2008-11-05,12,25-094,ANA,,STL,W,0,0,0,-1,2,0,0,0,0,,,,0,,20,11:44,2,0,0,2,0.0
46,2008-11-07,13,25-096,ANA,,DAL,L,0,1,1,1,0,0,0,0,0,,,,3,0.0,15,11:08,2,0,2,3,40.0
47,2008-11-09,14,25-098,ANA,,FLA,L,0,0,0,0,0,0,0,0,0,,,,1,0.0,9,6:16,3,0,0,1,0.0
48,2008-11-14,15,25-103,ANA,,NSH,L-OT,0,0,0,0,2,0,0,0,0,,,,1,0.0,14,8:02,0,0,4,2,66.7
49,2008-11-22,16,25-111,ANA,@,DAL,W,0,0,0,0,0,0,0,0,0,,,,0,,7,5:16,1,0,1,2,33.3
50,2008-12-07,17,25-126,ANA,,CBJ,W,1,0,1,1,15,1,0,0,0,,,,2,50.0,8,5:56,1,0,2,6,25.0
51,2008-12-10,18,25-129,ANA,,STL,W,0,0,0,1,5,0,0,0,0,,,,1,0.0,8,5:43,0,0,3,2,60.0
52,2008-12-11,19,25-130,ANA,@,SJS,L,0,0,0,0,0,0,0,0,0,,,,1,0.0,16,12:39,1,0,3,6,33.3
53,2008-12-14,20,25-133,ANA,,MIN,W,0,0,0,1,2,0,0,0,0,,,,2,0.0,12,7:35,0,0,2,3,40.0
54,2008-12-16,21,25-135,ANA,,NYR,L,0,1,1,1,0,0,0,0,0,,,,0,,11,7:38,1,0,3,2,60.0
55,2008-12-19,22,25-138,ANA,@,EDM,W,0,0,0,-1,2,0,0,0,0,,,,1,0.0,11,8:02,1,0,3,2,60.0
56,2008-12-22,23,25-141,ANA,@,VAN,L,0,0,0,0,0,0,0,0,0,,,,1,0.0,11,8:25,0,0,2,2,50.0
57,2008-12-27,24,25-146,ANA,@,DAL,L-OT,0,0,0,0,0,0,0,0,0,,,,1,0.0,8,5:04,0,0,0,3,0.0
58,2009-01-02,25,25-152,ANA,,PHI,L-SO,0,0,0,-1,0,0,0,0,0,,,,0,,7,5:13,1,0,1,4,20.0
59,2009-01-04,26,25-154,ANA,,PHX,W,0,0,0,0,0,0,0,0,0,,,,1,0.0,10,7:52,3,0,4,0,100.0
60,2009-01-06,27,25-156,ANA,,LAK,W,0,0,0,0,0,0,0,0,0,,,,0,,10,8:24,2,1,0,3,0.0
61,2009-01-08,28,25-158,ANA,@,LAK,L,0,1,1,1,0,0,0,0,0,,,,2,0.0,16,9:39,2,1,5,4,55.6
62,2009-01-09,29,25-159,ANA,,TBL,L,0,0,0,0,0,0,0,0,0,,,,0,,12,9:15,4,0,4,3,57.1
63,2009-01-11,30,25-161,ANA,,NJD,W,0,0,0,-1,0,0,0,0,0,,,,1,0.0,12,8:04,0,1,5,5,50.0
64,2009-01-14,31,25-164,ANA,,DET,L,0,0,0,0,0,0,0,0,0,,,,1,0.0,5,3:58,2,0,1,1,50.0
65,2009-01-16,32,25-166,ANA,@,PIT,L,0,0,0,-1,0,0,0,0,0,,,,0,,10,6:35,0,1,1,3,25.0
66,2009-01-17,33,25-167,ANA,@,MIN,W,0,0,0,0,0,0,0,0,0,,,,2,0.0,21,13:29,1,0,5,7,41.7
67,2009-01-20,34,25-170,ANA,@,NYR,L,0,0,0,0,0,0,0,0,0,,,,0,,20,13:53,1,0,3,10,23.1
68,2009-01-21,35,25-171,ANA,@,NYI,L,0,0,0,0,0,0,0,0,0,,,,1,0.0,12,8:40,2,0,4,3,57.1
69,2009-01-27,36,25-177,ANA,@,PHX,W,0,0,0,0,0,0,0,0,0,,,,0,,15,7:42,1,0,2,4,33.3
70,2009-01-28,37,25-178,ANA,,CHI,L,0,0,0,-1,2,0,0,0,0,,,,1,0.0,16,10:28,1,0,5,5,50.0
71,2009-01-31,38,25-181,ANA,@,COL,W,0,0,0,0,0,0,0,0,0,,,,0,,15,10:04,1,0,5,2,71.4
72,2009-02-02,39,25-183,ANA,,BUF,W,0,0,0,0,0,0,0,0,0,,,,1,0.0,22,17:57,1,0,13,5,72.2
73,2009-02-04,40,25-185,ANA,@,MIN,L,0,0,0,-1,0,0,0,0,0,,,,1,0.0,17,13:59,4,0,5,1,83.3
74,2009-02-05,41,25-186,ANA,@,NSH,L,0,0,0,-1,5,0,0,0,0,,,,1,0.0,13,10:12,2,0,2,5,28.6
75,2009-02-20,42,25-201,ANA,@,DET,L,0,0,0,0,0,0,0,0,0,,,,1,0.0,16,9:43,1,1,3,5,37.5
76,2009-02-24,43,25-205,ANA,@,BUF,W,0,0,0,-1,0,0,0,0,0,,,,0,,8,6:47,1,0,3,0,100.0
77,2009-02-26,44,25-207,ANA,@,BOS,L,0,0,0,0,0,0,0,0,0,,,,1,0.0,14,10:40,2,2,1,7,12.5
78,2009-03-08,45,25-217,ANA,,MIN,L,0,0,0,0,0,0,0,0,0,,,,1,0.0,13,7:29,1,0,0,0,
79,2009-03-11,46,25-220,ANA,,VAN,W,0,0,0,0,0,0,0,0,0,,,,0,,9,7:17,1,0,0,0,
80,2009-03-15,47,25-224,ANA,,SJS,L,0,0,0,0,0,0,0,0,0,,,,0,,10,6:51,3,0,2,0,100.0
81,2009-03-18,48,25-227,ANA,,NSH,W,0,0,0,0,0,0,0,0,0,,,,0,,14,10:35,0,0,9,4,69.2
82,2009-10-03,1,26-061,ANA,,SJS,L,0,0,0,0,0,0,0,0,0,,,,0,,15,11:34,1,1,2,1,66.7
83,2009-10-06,2,26-064,ANA,@,MIN,L-OT,0,0,0,0,0,0,0,0,0,,,,0,,9,6:23,0,0,2,4,33.3
84,2009-10-08,3,26-066,ANA,@,BOS,W,0,0,0,-1,4,0,0,0,0,,,,0,,22,13:02,2,0,4,1,80.0
85,2009-10-10,4,26-068,ANA,@,PHI,W,0,0,0,0,0,0,0,0,0,,,,2,0.0,11,7:15,2,0,1,5,16.7
86,2009-10-11,5,26-069,ANA,@,NYR,L,0,0,0,0,0,0,0,0,0,,,,1,0.0,13,8:36,1,0,3,3,50.0
87,2009-10-14,6,26-072,ANA,,MIN,W,1,0,1,1,0,1,0,0,1,,,,1,100.0,12,6:33,0,0,0,3,0.0
88,2009-10-17,7,26-075,ANA,,STL,L,0,0,0,0,0,0,0,0,0,,,,1,0.0,13,8:56,2,0,6,2,75.0
89,2009-10-30,8,26-088,ANA,,VAN,W,0,2,2,2,0,0,0,0,0,,,,3,0.0,21,15:53,3,1,9,6,60.0
90,2009-10-31,9,26-089,ANA,@,PHX,L-SO,0,0,0,-1,0,0,0,0,0,,,,1,0.0,16,9:46,2,1,2,5,28.6
91,2009-11-03,10,26-092,ANA,,PIT,L,0,0,0,-1,2,0,0,0,0,,,,2,0.0,16,11:43,2,0,2,1,66.7
92,2009-11-05,11,26-094,ANA,,NSH,W,0,0,0,0,0,0,0,0,0,,,,2,0.0,11,8:10,0,0,4,4,50.0
93,2009-11-07,12,26-096,ANA,,PHX,W,0,0,0,0,0,0,0,0,0,,,,0,,7,5:10,1,0,2,0,100.0
94,2009-11-11,13,26-100,ANA,@,NJD,L,0,0,0,0,0,0,0,0,0,,,,2,0.0,14,11:48,2,0,3,3,50.0
95,2009-12-29,14,26-148,ANA,,MIN,W,0,0,0,0,0,0,0,0,0,,,,1,0.0,21,16:55,3,0,0,1,0.0
96,2009-12-31,15,26-150,ANA,@,DAL,L,0,0,0,0,0,0,0,0,0,,,,1,0.0,18,12:50,3,0,3,2,60.0
97,2010-01-02,16,26-152,ANA,@,NSH,L,0,0,0,-1,0,0,0,0,0,,,,1,0.0,18,11:34,0,0,2,0,100.0
98,2010-01-03,17,26-153,ANA,@,CHI,L,0,0,0,-1,2,0,0,0,0,,,,0,,18,12:57,2,0,0,0,
99,2010-01-14,18,26-164,ANA,@,LAK,L,0,0,0,-1,9,0,0,0,0,,,,1,0.0,16,9:22,3,1,1,1,50.0
100,2010-01-17,19,26-167,ANA,,CGY,W,0,0,0,1,0,0,0,0,0,,,,0,,9,5:39,2,0,2,2,50.0
101,2010-01-19,20,26-169,ANA,,BUF,W,0,0,0,1,0,0,0,0,0,,,,0,,8,5:22,0,0,5,3,62.5
102,2010-01-21,21,26-171,ANA,@,SJS,L,0,0,0,0,0,0,0,0,0,,,,0,,7,4:23,0,0,2,1,66.7
103,2010-01-23,22,26-173,ANA,@,STL,W,0,0,0,1,0,0,0,0,0,,,,2,0.0,14,10:24,0,0,3,4,42.9
104,2010-01-26,23,26-176,ANA,@,ATL,L,0,0,0,0,0,0,0,0,0,,,,0,,8,6:26,0,0,3,4,42.9
105,2010-01-29,24,26-179,ANA,@,TBL,W,0,0,0,0,2,0,0,0,0,,,,0,,11,7:46,1,0,3,3,50.0
106,2010-02-01,25,26-182,ANA,@,FLA,W,0,0,0,0,0,0,0,0,0,,,,1,0.0,12,9:18,2,1,2,4,33.3
107,2010-02-03,26,26-184,ANA,,DET,W,0,0,0,0,0,0,0,0,0,,,,1,0.0,7,6:58,1,0,3,1,75.0
108,2010-02-04,27,26-185,ANA,@,LAK,L,1,0,1,1,0,1,0,0,0,,,,1,100.0,19,10:39,4,0,8,6,57.1
109,2010-02-08,28,26-189,ANA,,LAK,W,0,0,0,0,2,0,0,0,0,,,,1,0.0,14,10:38,1,0,2,2,50.0
110,2010-02-10,29,26-191,ANA,,EDM,W,0,0,0,0,0,0,0,0,0,,,,0,,11,9:19,1,0,3,4,42.9
111,2010-02-13,30,26-194,ANA,@,CGY,L,0,0,0,0,0,0,0,0,0,,,,5,0.0,19,13:02,1,0,4,8,33.3
112,2010-03-03,31,26-212,ANA,,COL,L,0,0,0,0,2,0,0,0,0,,,,1,0.0,10,3:59,1,0,2,0,100.0
113,2010-03-06,32,26-215,ANA,@,PHX,L,0,0,0,-1,0,0,0,0,0,,,,1,0.0,12,6:37,0,0,5,4,55.6
114,2010-03-17,33,26-226,ANA,,CHI,W,0,1,1,0,0,0,0,0,0,,,,0,,18,12:51,1,0,7,2,77.8
115,2010-03-19,34,26-228,ANA,,NYI,W,0,0,0,-1,2,0,0,0,0,,,,0,,5,3:17,1,0,1,2,33.3
116,2010-03-26,35,26-235,ANA,@,EDM,W,0,1,1,1,4,0,0,0,0,,,,0,,17,12:47,1,0,5,2,71.4
117,2010-04-08,36,26-248,ANA,@,DAL,L-SO,0,1,1,-1,0,0,0,0,0,,,,0,,18,13:44,3,0,3,4,42.9
118,2010-04-09,37,26-249,ANA,@,STL,L,0,0,0,-2,2,0,0,0,0,,,,3,0.0,25,19:16,0,1,7,5,58.3
119,2010-04-11,38,26-251,ANA,,EDM,W,2,0,2,3,0,2,0,0,0,,,,3,66.7,17,13:34,2,0,0,2,0.0
120,2010-10-17,1,27-075,ANA,,PHX,W,0,0,0,-1,0,0,0,0,0,,,,3,0.0,19,13:14,3,0,5,10,33.3
121,2010-10-20,2,27-078,ANA,@,CBJ,L,0,0,0,0,2,0,0,0,0,,,,1,0.0,20,12:43,2,0,4,1,80.0
122,2010-10-21,3,27-079,ANA,@,PHI,W,0,0,0,-1,0,0,0,0,0,,,,0,,17,11:25,2,0,7,3,70.0
123,2010-10-23,4,27-081,ANA,@,DET,L,1,0,1,1,0,1,0,0,0,,,,2,50.0,19,13:13,4,1,5,7,41.7
124,2010-10-26,5,27-084,ANA,@,DAL,W,0,0,0,1,2,0,0,0,0,,,,4,0.0,25,15:47,0,0,6,4,60.0
125,2010-10-29,6,27-087,ANA,,NJD,L,0,0,0,-1,0,0,0,0,0,,,,2,0.0,18,10:11,1,0,4,3,57.1
126,2010-10-30,7,27-088,ANA,@,SJS,L,0,0,0,0,7,0,0,0,0,,,,3,0.0,19,12:49,1,0,3,2,60.0
127,2010-11-03,8,27-092,ANA,,TBL,W,0,0,0,0,0,0,0,0,0,,,,0,,14,9:34,3,0,3,9,25.0
128,2010-11-05,9,27-094,ANA,,PIT,W,0,1,1,1,0,0,0,0,0,,,,0,,14,9:42,0,0,1,3,25.0
129,2010-11-07,10,27-096,ANA,,NSH,W,0,1,1,1,2,0,0,0,0,,,,2,0.0,23,13:41,2,0,13,8,61.9
130,2010-11-09,11,27-098,ANA,@,SJS,W,0,0,0,-1,0,0,0,0,0,,,,0,,18,11:05,0,1,10,8,55.6
131,2010-11-10,12,27-099,ANA,,NYI,W,0,0,0,0,9,0,0,0,0,,,,0,,18,13:20,3,0,5,8,38.5
132,2010-11-12,13,27-101,ANA,,DAL,W,0,0,0,-1,0,0,0,0,0,,,,0,,18,11:19,1,0,7,7,50.0
133,2010-11-14,14,27-103,ANA,@,CHI,L-OT,0,0,0,-1,0,0,0,0,0,,,,1,0.0,13,8:05,0,0,2,3,40.0
134,2010-11-16,15,27-105,ANA,@,DAL,L,0,0,0,0,0,0,0,0,0,,,,2,0.0,12,7:09,3,0,2,0,100.0
135,2010-11-17,16,27-106,ANA,@,MIN,L-OT,0,0,0,0,0,0,0,0,0,,,,1,0.0,13,8:29,3,0,2,3,40.0
136,2010-11-19,17,27-108,ANA,,CBJ,L,0,0,0,-1,0,0,0,0,0,,,,1,0.0,11,7:52,1,0,6,2,75.0
137,2010-11-21,18,27-110,ANA,,EDM,L,0,0,0,-1,0,0,0,0,0,,,,1,0.0,6,3:42,0,0,1,4,20.0
138,2010-11-24,19,27-113,CAR,,WSH,L,0,0,0,-1,0,0,0,0,0,,,,0,,7,4:02,3,0,2,3,40.0
139,2010-11-26,20,27-115,CAR,@,BOS,W,0,0,0,0,0,0,0,0,0,,,,3,0.0,17,12:56,1,0,5,5,50.0
140,2010-11-28,21,27-117,CAR,@,WSH,L-SO,0,0,0,-1,0,0,0,0,0,,,,0,,10,6:33,2,0,4,2,66.7
141,2010-11-29,22,27-118,CAR,,DAL,L,0,0,0,0,0,0,0,0,0,,,,1,0.0,15,10:14,3,0,6,3,66.7
142,2010-12-03,23,27-122,CAR,,COL,W,0,0,0,0,0,0,0,0,0,,,,1,0.0,14,8:35,2,0,2,2,50.0
143,2010-12-04,24,27-123,CAR,@,NSH,L,0,1,1,0,0,0,0,0,0,,,,1,0.0,16,8:53,3,0,11,4,73.3
144,2010-12-10,25,27-129,CAR,@,DAL,L-SO,0,1,1,1,0,0,0,0,0,,,,1,0.0,16,12:19,3,2,5,7,41.7
145,2010-12-11,26,27-130,CAR,@,STL,W,0,0,0,0,0,0,0,0,0,,,,0,,15,11:02,0,3,3,5,37.5
146,2010-12-15,27,27-134,CAR,@,FLA,W,0,0,0,1,0,0,0,0,0,,,,2,0.0,15,9:52,2,0,4,4,50.0
147,2010-12-16,28,27-135,CAR,@,ATL,W,0,0,0,0,0,0,0,0,0,,,,0,,12,9:03,1,0,2,6,25.0
148,2010-12-18,29,27-137,CAR,,ANA,W,0,0,0,0,0,0,0,0,0,,,,1,0.0,20,10:58,1,0,10,9,52.6
149,2010-12-20,30,27-139,CAR,@,TBL,L,0,0,0,-1,2,0,0,0,0,,,,0,,16,8:48,2,0,5,7,41.7
150,2010-12-23,31,27-142,CAR,,MTL,L,0,1,1,1,0,0,0,0,0,,,,1,0.0,11,7:42,2,1,4,0,100.0
151,2010-12-26,32,27-145,CAR,,WSH,L,0,0,0,0,0,0,0,0,0,,,,1,0.0,9,6:51,2,0,3,1,75.0
152,2010-12-28,33,27-147,CAR,@,TOR,W,0,0,0,-1,0,0,0,0,0,,,,0,,16,11:02,1,0,3,4,42.9
153,2010-12-29,34,27-148,CAR,@,OTT,W,0,0,0,0,5,0,0,0,0,,,,1,0.0,13,7:31,2,1,1,2,33.3
154,2011-01-01,35,27-151,CAR,,NJD,W,0,0,0,1,0,0,0,0,0,,,,1,0.0,14,8:17,1,0,2,2,50.0
155,2011-01-03,36,27-153,CAR,,FLA,L-OT,0,0,0,1,0,0,0,0,0,,,,1,0.0,11,7:46,4,0,2,0,100.0
156,2011-01-05,37,27-155,CAR,@,NYR,L-OT,0,0,0,0,0,0,0,0,0,,,,1,0.0,10,7:49,2,0,0,2,0.0
157,2011-01-13,38,27-163,CAR,@,BUF,L,0,0,0,-1,0,0,0,0,0,,,,1,0.0,10,6:39,0,0,4,0,100.0
158,2011-01-15,39,27-165,CAR,,TBL,W,0,0,0,0,2,0,0,0,0,,,,2,0.0,12,6:51,3,0,4,0,100.0
159,2011-01-17,40,27-167,CAR,@,BOS,L,0,0,0,0,2,0,0,0,0,,,,2,0.0,15,10:29,4,2,4,6,40.0
160,2011-01-18,41,27-168,CAR,,BOS,L,0,0,0,0,0,0,0,0,0,,,,0,,8,5:57,4,1,3,2,60.0
161,2011-01-20,42,27-170,CAR,,NYR,W,0,0,0,0,5,0,0,0,0,,,,1,0.0,12,8:18,3,0,2,7,22.2
162,2011-01-22,43,27-172,CAR,@,PIT,L,0,0,0,0,0,0,0,0,0,,,,0,,9,5:19,2,0,2,1,66.7
163,2011-01-24,44,27-174,CAR,,TOR,W,0,0,0,0,0,0,0,0,0,,,,0,,12,7:14,2,0,2,1,66.7
164,2011-01-26,45,27-176,CAR,@,NYI,W,0,0,0,0,2,0,0,0,0,,,,0,,15,9:38,4,0,4,2,66.7
165,2011-02-01,46,27-182,CAR,,BOS,L,0,0,0,0,0,0,0,0,0,,,,0,,9,6:51,1,0,0,6,0.0
166,2011-02-03,47,27-184,CAR,@,TOR,L,0,0,0,0,0,0,0,0,0,,,,1,0.0,10,6:02,3,1,1,3,25.0
167,2011-02-05,48,27-186,CAR,,ATL,W,0,0,0,0,2,0,0,0,0,,,,0,,13,7:39,1,0,2,2,50.0
168,2011-02-08,49,27-189,CAR,@,NJD,L-OT,0,0,0,0,0,0,0,0,0,,,,2,0.0,12,8:14,1,0,3,3,50.0
169,2011-02-10,50,27-191,CAR,@,PHI,L,0,0,0,0,2,0,0,0,0,,,,1,0.0,12,6:27,1,0,0,2,0.0
170,2011-03-12,51,27-221,FLA,,TBL,W,1,0,1,1,0,1,0,0,0,,,,1,100.0,17,11:47,1,0,0,2,0.0
171,2011-03-15,52,27-224,FLA,,PHI,L,0,0,0,-1,2,0,0,0,0,,,,0,,16,12:36,6,0,2,1,66.7
172,2011-03-17,53,27-226,FLA,,TOR,W,0,1,1,1,5,0,0,0,0,,,,1,0.0,16,12:05,4,1,4,3,57.1
173,2011-03-19,54,27-228,FLA,,NYI,L-SO,0,0,0,0,7,0,0,0,0,,,,2,0.0,14,9:32,6,1,1,3,25.0
174,2011-03-22,55,27-231,FLA,@,NYR,L,0,0,0,0,0,0,0,0,0,,,,0,,17,11:08,2,0,8,3,72.7
175,2011-03-23,56,27-232,FLA,@,CHI,L,0,0,0,0,0,0,0,0,0,,,,1,0.0,24,15:40,1,2,7,5,58.3
176,2011-03-25,57,27-234,FLA,@,BUF,L,0,0,0,0,0,0,0,0,0,,,,2,0.0,21,14:58,3,0,5,2,71.4
177,2011-03-27,58,27-236,FLA,@,PIT,L-SO,1,0,1,1,2,1,0,0,0,,,,1,100.0,20,11:12,5,0,6,4,60.0
178,2011-03-29,59,27-238,FLA,@,CBJ,L-SO,0,0,0,1,0,0,0,0,0,,,,1,0.0,27,20:40,2,3,8,9,47.1
179,2011-03-31,60,27-240,FLA,,OTT,L,0,0,0,0,2,0,0,0,0,,,,1,0.0,18,15:54,6,0,5,5,50.0
180,2011-04-02,61,27-242,FLA,,PIT,L,0,0,0,0,2,0,0,0,0,,,,3,0.0,22,16:58,1,2,5,8,38.5
181,2011-04-06,62,27-246,FLA,@,WSH,L,0,0,0,0,2,0,0,0,0,,,,1,0.0,16,9:31,1,0,0,3,0.0
182,2011-10-08,1,28-066,FLA,@,NYI,W,0,0,0,0,2,0,0,0,0,,,,1,0.0,17,11:39,2,0,3,5,37.5
183,2011-10-11,2,28-069,FLA,@,PIT,L,0,0,0,0,2,0,0,0,0,,,,0,,14,9:10,0,0,0,6,0.0
184,2011-10-15,3,28-073,FLA,,TBL,W,0,0,0,0,2,0,0,0,0,,,,0,,12,6:53,2,0,2,0,100.0
185,2011-10-17,4,28-075,FLA,@,TBL,W,0,0,0,-1,0,0,0,0,0,,,,1,0.0,15,9:44,2,0,4,5,44.4
186,2011-10-18,5,28-076,FLA,@,WSH,L,0,0,0,-1,0,0,0,0,0,,,,0,,14,9:55,2,0,3,0,100.0
187,2011-10-20,6,28-078,FLA,,BUF,L,0,0,0,0,0,0,0,0,0,,,,0,,12,8:26,3,0,4,4,50.0
188,2011-10-22,7,28-080,FLA,,NYI,W,0,0,0,1,0,0,0,0,0,,,,1,0.0,11,9:25,1,0,2,1,66.7
189,2011-10-27,8,28-085,NJD,@,PHX,L,0,0,0,-1,0,0,0,0,0,,,,0,,18,13:41,7,0,3,5,37.5
190,2011-10-29,9,28-087,NJD,@,DAL,L,0,0,0,0,2,0,0,0,0,,,,0,,13,9:01,4,0,0,4,0.0
191,2011-11-02,10,28-091,NJD,,TOR,L,0,0,0,-2,0,0,0,0,0,,,,0,,18,12:56,3,0,3,3,50.0
192,2011-11-03,11,28-092,NJD,@,PHI,W,0,0,0,0,0,0,0,0,0,,,,2,0.0,22,14:54,2,0,10,7,58.8
193,2011-11-05,12,28-094,NJD,,WPG,W,0,0,0,-1,0,0,0,0,0,,,,1,0.0,22,15:12,2,2,4,7,36.4
194,2011-11-08,13,28-097,NJD,,CAR,W,0,0,0,0,0,0,0,0,0,,,,1,0.0,20,16:06,1,1,5,4,55.6
195,2011-11-11,14,28-100,NJD,,WSH,L,0,0,0,0,0,0,0,0,0,,,,1,0.0,24,16:31,6,0,3,5,37.5
196,2011-11-12,15,28-101,NJD,@,WSH,W,1,0,1,1,2,1,0,0,0,,,,1,100.0,24,14:11,3,0,5,8,38.5
197,2011-11-15,16,28-104,NJD,@,BOS,L,0,0,0,-3,0,0,0,0,0,,,,1,0.0,22,14:02,4,0,8,4,66.7
198,2011-11-16,17,28-105,NJD,@,BUF,W,0,0,0,1,4,0,0,0,0,,,,0,,21,13:13,6,0,4,9,30.8
199,2011-11-19,18,28-108,NJD,@,TBL,W,1,1,2,2,2,1,0,0,0,,,,2,50.0,19,13:11,0,0,7,4,63.6
200,2011-11-21,19,28-110,NJD,@,FLA,L,0,0,0,-1,0,0,0,0,0,,,,0,,16,10:38,4,0,4,2,66.7
201,2011-11-23,20,28-112,NJD,,CBJ,W,0,0,0,0,0,0,0,0,0,,,,0,,18,13:21,0,0,3,6,33.3
202,2011-11-25,21,28-114,NJD,@,NYI,W,0,0,0,0,0,0,0,0,0,,,,1,0.0,17,13:04,3,0,1,1,50.0
203,2011-11-26,22,28-115,NJD,,NYI,L,0,0,0,0,0,0,0,0,0,,,,1,0.0,13,9:59,1,0,2,0,100.0
204,2011-11-30,23,28-119,NJD,@,COL,L,0,0,0,-1,0,0,0,0,0,,,,0,,16,13:49,2,1,2,7,22.2
205,2011-12-02,24,28-121,NJD,@,MIN,L,0,0,0,-1,0,0,0,0,0,,,,1,0.0,21,13:16,6,1,5,4,55.6
206,2011-12-03,25,28-122,NJD,@,WPG,L,0,0,0,0,0,0,0,0,0,,,,1,0.0,20,13:04,2,0,6,5,54.5
207,2011-12-06,26,28-125,NJD,@,TOR,W,0,0,0,0,0,0,0,0,0,,,,1,0.0,22,14:59,3,2,8,4,66.7
208,2011-12-08,27,28-127,NJD,,OTT,W,0,0,0,0,9,0,0,0,0,,,,0,,20,12:27,1,0,2,3,40.0
209,2011-12-10,28,28-129,NJD,,MTL,L,0,0,0,0,0,0,0,0,0,,,,1,0.0,16,11:28,0,0,2,6,25.0
210,2011-12-12,29,28-131,NJD,@,TBL,W,0,0,0,-2,5,0,0,0,0,,,,0,,21,13:08,1,2,6,7,46.2
211,2011-12-13,30,28-132,NJD,@,FLA,W,0,0,0,0,0,0,0,0,0,,,,0,,21,14:24,4,0,6,5,54.5
212,2011-12-16,31,28-135,NJD,,DAL,W,0,1,1,1,0,0,0,0,0,,,,1,0.0,17,11:56,0,0,3,7,30.0
213,2011-12-17,32,28-136,NJD,@,MTL,W,0,0,0,-1,0,0,0,0,0,,,,0,,9,7:29,2,1,2,1,66.7
214,2011-12-20,33,28-139,NJD,,NYR,L,0,0,0,-2,0,0,0,0,0,,,,1,0.0,19,13:18,1,0,4,3,57.1
215,2011-12-23,34,28-142,NJD,,WSH,W,0,0,0,-1,0,0,0,0,0,,,,1,0.0,14,9:02,1,0,4,2,66.7
216,2011-12-26,35,28-145,NJD,@,CAR,L,0,0,0,0,17,0,0,0,0,,,,1,0.0,5,2:13,0,0,2,1,66.7
217,2011-12-31,36,28-150,NJD,,PIT,W,0,0,0,0,2,0,0,0,0,,,,0,,11,7:25,0,0,3,2,60.0
218,2012-01-02,37,28-152,NJD,@,OTT,L-OT,0,0,0,0,0,0,0,0,0,,,,2,0.0,13,8:26,1,1,3,3,50.0
219,2012-01-04,38,28-154,NJD,,BOS,L,0,0,0,-2,0,0,0,0,0,,,,0,,21,14:47,1,1,3,3,50.0
220,2012-01-06,39,28-156,NJD,,FLA,W,0,0,0,-1,0,0,0,0,0,,,,1,0.0,15,9:07,2,1,5,4,55.6
221,2012-01-07,40,28-157,NJD,@,PIT,W,0,0,0,0,0,0,0,0,0,,,,0,,15,11:51,1,2,4,4,50.0
222,2012-01-10,41,28-160,NJD,@,CGY,L,0,0,0,0,0,0,0,0,0,,,,1,0.0,18,10:54,0,1,6,3,66.7
223,2012-01-11,42,28-161,NJD,@,EDM,W,0,0,0,1,2,0,0,0,0,,,,0,,21,12:22,0,0,5,4,55.6
224,2012-01-14,43,28-164,NJD,@,WPG,W,0,0,0,0,7,0,0,0,0,,,,0,,15,10:40,1,0,3,4,42.9
225,2012-01-17,44,28-167,NJD,,WPG,W,0,0,0,0,0,0,0,0,0,,,,1,0.0,18,12:28,1,2,1,0,100.0
226,2012-01-19,45,28-169,NJD,,BOS,L,0,0,0,0,0,0,0,0,0,,,,0,,12,7:52,0,0,2,0,100.0
227,2012-01-21,46,28-171,NJD,,PHI,L,0,0,0,0,0,0,0,0,0,,,,2,0.0,12,7:31,1,0,2,3,40.0
228,2012-01-24,47,28-174,NJD,,BUF,L-SO,0,0,0,0,0,0,0,0,0,,,,0,,17,11:28,1,0,0,1,0.0
229,2012-01-31,48,28-181,NJD,,NYR,W,0,0,0,-2,0,0,0,0,0,,,,2,0.0,14,8:37,1,1,4,1,80.0
230,2012-02-02,49,28-183,NJD,,MTL,W,0,0,0,0,2,0,0,0,0,,,,0,,9,4:42,1,0,4,1,80.0
231,2012-02-24,50,28-205,NJD,,VAN,L,0,0,0,0,0,0,0,0,0,,,,0,,9,5:50,0,,,,
232,2012-02-26,51,28-207,NJD,,TBL,L,0,0,0,0,0,0,0,0,0,,,,1,0.0,7,4:29,0,0,0,0,
233,2012-02-27,52,28-208,NJD,@,NYR,L,0,0,0,0,0,0,0,0,0,,,,0,,13,7:12,2,0,0,0,
234,2012-03-01,53,28-211,NJD,@,BOS,L-OT,0,0,0,1,2,0,0,0,0,,,,2,0.0,9,7:04,1,1,0,3,0.0
235,2012-03-02,54,28-212,NJD,@,WSH,W,0,0,0,0,0,0,0,0,0,,,,0,,15,9:53,2,1,1,1,50.0
236,2012-03-04,55,28-214,NJD,@,NYI,L,0,0,0,-1,2,0,0,0,0,,,,1,0.0,8,4:25,0,0,1,0,100.0
237,2012-03-06,56,28-216,NJD,,NYR,W,1,0,1,1,5,1,0,0,0,,,,4,25.0,14,8:05,1,0,4,2,66.7
238,2012-03-08,57,28-218,NJD,,NYI,W,0,1,1,1,0,0,0,0,0,,,,2,0.0,16,11:26,2,0,6,3,66.7
239,2012-03-10,58,28-220,NJD,@,NYI,W,0,0,0,0,2,0,0,0,0,,,,0,,11,7:08,1,0,1,4,20.0
240,2012-03-11,59,28-221,NJD,,PHI,W,0,0,0,0,0,0,0,0,0,,,,0,,10,6:16,2,0,1,3,25.0
241,2012-03-13,60,28-223,NJD,@,PHI,L,0,0,0,0,0,0,0,0,0,,,,1,0.0,15,11:32,2,0,4,4,50.0
242,2012-03-15,61,28-225,NJD,,COL,W,0,0,0,0,0,0,0,0,0,,,,1,0.0,10,6:14,2,1,1,1,50.0
243,2012-03-17,62,28-227,NJD,,PIT,L,0,0,0,0,10,0,0,0,0,,,,0,,11,8:43,1,0,1,6,14.3
244,2012-03-19,63,28-229,NJD,@,NYR,L,0,0,0,0,5,0,0,0,0,,,,0,,9,6:44,1,1,3,2,60.0
245,2012-03-20,64,28-230,NJD,@,OTT,W,0,0,0,0,0,0,0,0,0,,,,1,0.0,10,8:00,0,0,4,2,66.7
246,2012-03-23,65,28-233,NJD,,TOR,L-SO,0,0,0,-1,0,0,0,0,0,,,,0,,9,9:40,1,0,4,0,100.0
247,2012-03-25,66,28-235,NJD,@,PIT,L,0,0,0,0,2,0,0,0,0,,,,1,0.0,14,9:06,1,0,0,1,0.0
248,2012-03-27,67,28-237,NJD,,CHI,W,0,0,0,0,0,0,0,0,0,,,,1,0.0,10,5:26,2,0,3,0,100.0
249,2012-03-29,68,28-239,NJD,,TBL,W,0,1,1,1,0,0,0,0,0,,,,1,0.0,14,9:19,0,0,0,0,
250,2012-03-31,69,28-241,NJD,@,CAR,W,1,0,1,1,2,1,0,0,0,,,,1,100.0,15,12:05,0,1,0,0,
251,2012-04-03,70,28-244,NJD,,NYI,W,0,0,0,0,0,0,0,0,0,,,,1,0.0,12,9:11,0,0,0,2,0.0
252,2012-04-05,71,28-246,NJD,@,DET,W,0,0,0,0,0,0,0,0,0,,,,1,0.0,17,12:36,1,0,3,5,37.5
253,2012-04-07,72,28-248,NJD,,OTT,W,0,0,0,0,0,0,0,0,0,,,,0,,17,11:08,0,1,1,0,100.0
254,2013-01-19,1,29-169,NJD,@,NYI,W,0,0,0,0,0,0,0,0,0,,,,3,0.0,22,15:04,0,0,1,0,100.0
255,2013-01-22,2,29-172,NJD,,PHI,W,0,0,0,0,0,0,0,0,0,,,,0,,15,11:05,0,1,2,0,100.0
256,2013-01-25,3,29-175,NJD,,WSH,W,0,0,0,0,2,0,0,0,0,,,,1,0.0,14,9:14,2,0,0,1,0.0
257,2013-01-27,4,29-177,NJD,@,MTL,L-OT,0,0,0,-1,0,0,0,0,0,,,,0,,16,10:20,0,0,2,0,100.0
258,2013-01-29,5,29-179,NJD,@,BOS,L-SO,0,0,0,0,0,0,0,0,0,,,,3,0.0,20,14:58,2,0,0,1,0.0
259,2013-01-31,6,29-181,NJD,,NYI,L-OT,1,1,2,2,0,1,0,0,0,,,,2,50.0,17,12:25,1,1,1,1,50.0
260,2013-02-02,7,29-183,NJD,@,PIT,L,0,1,1,-1,2,0,0,0,0,,,,0,,21,13:56,1,0,1,0,100.0
261,2013-02-03,8,29-184,NJD,@,NYI,W,0,1,1,1,0,0,0,0,0,,,,1,0.0,14,10:10,0,0,1,1,50.0
262,2013-02-05,9,29-186,NJD,,NYR,W,0,0,0,-1,0,0,0,0,0,,,,0,,20,12:50,0,0,0,1,0.0
263,2013-02-07,10,29-188,NJD,,TBL,W,0,0,0,-1,0,0,0,0,0,,,,1,0.0,19,12:07,2,0,1,0,100.0
264,2013-02-09,11,29-190,NJD,,PIT,W,0,0,0,0,2,0,0,0,0,,,,1,0.0,16,9:59,1,0,0,0,
265,2013-02-10,12,29-191,NJD,@,PIT,W,0,0,0,0,5,0,0,0,0,,,,1,0.0,20,13:24,0,1,0,0,
266,2013-02-12,13,29-193,NJD,,CAR,L,1,0,1,0,0,1,0,0,0,,,,4,25.0,19,13:40,1,0,0,1,0.0
267,2013-02-15,14,29-196,NJD,,PHI,W,0,0,0,-1,0,0,0,0,0,,,,0,,22,14:31,1,0,0,0,
268,2013-02-16,15,29-197,NJD,@,NYI,L,0,0,0,0,0,0,0,0,0,,,,3,0.0,21,14:36,2,1,1,1,50.0
269,2013-02-18,16,29-199,NJD,,OTT,L-SO,0,0,0,1,0,0,0,0,0,,,,0,,14,8:50,2,0,0,1,0.0
270,2013-03-02,17,29-211,NJD,@,BUF,L-SO,0,1,1,0,2,0,0,0,0,,,,1,0.0,18,12:10,1,0,0,3,0.0
271,2013-03-04,18,29-213,NJD,@,TOR,L,0,2,2,2,0,0,0,0,0,,,,0,,15,9:26,3,0,1,0,100.0
272,2013-03-05,19,29-214,NJD,,TBL,L,0,1,1,-1,0,0,0,0,0,,,,3,0.0,24,17:40,1,0,0,0,
273,2013-03-07,20,29-216,NJD,,BUF,W,0,0,0,0,0,0,0,0,0,,,,1,0.0,17,12:44,0,0,3,2,60.0
274,2013-03-09,21,29-218,NJD,@,CAR,L,0,0,0,-2,0,0,0,0,0,,,,4,0.0,21,13:43,0,0,0,4,0.0
275,2013-03-10,22,29-219,NJD,,WPG,W,1,0,1,0,0,1,0,0,0,,,,3,33.3,21,13:10,0,0,2,1,66.7
276,2013-03-13,23,29-222,NJD,,PHI,W,0,0,0,-1,2,0,0,0,0,,,,6,0.0,21,13:02,0,0,0,0,
277,2013-03-15,24,29-224,NJD,@,PHI,L-SO,0,0,0,1,0,0,0,0,0,,,,1,0.0,22,15:46,2,0,1,1,50.0
278,2013-03-16,25,29-225,NJD,,MTL,L,0,0,0,-1,0,0,0,0,0,,,,1,0.0,21,14:41,2,1,1,0,100.0
279,2013-03-19,26,29-228,NJD,,NYR,L,0,0,0,0,2,0,0,0,0,,,,0,,24,15:49,3,0,0,1,0.0
280,2013-03-21,27,29-230,NJD,@,CAR,W,0,0,0,0,2,0,0,0,0,,,,5,0.0,23,17:06,2,3,0,0,
281,2013-03-23,28,29-232,NJD,,FLA,W,0,0,0,0,0,0,0,0,0,,,,1,0.0,19,14:21,0,2,1,1,50.0
282,2013-03-25,29,29-234,NJD,@,OTT,L-SO,0,0,0,0,0,0,0,0,0,,,,1,0.0,25,18:55,1,1,1,2,33.3
283,2013-03-29,30,29-238,NJD,@,TBL,L-SO,1,0,1,-1,0,0,0,1,0,,,,1,100.0,18,13:01,0,0,2,0,100.0
284,2013-03-30,31,29-239,NJD,@,FLA,L-OT,0,1,1,0,0,0,0,0,0,,,,0,,19,15:59,2,3,0,2,0.0
285,2013-04-01,32,29-241,NJD,,NYI,L,0,0,0,0,0,0,0,0,0,,,,1,0.0,19,11:56,1,0,0,0,
286,2013-04-04,33,29-244,NJD,@,BOS,L,0,0,0,0,0,0,0,0,0,,,,0,,18,13:25,1,0,1,0,100.0
287,2013-04-06,34,29-246,NJD,,TOR,L,0,0,0,-1,0,0,0,0,0,,,,0,,16,10:59,1,0,3,5,37.5
288,2013-04-07,35,29-247,NJD,@,BUF,L-SO,0,0,0,0,0,0,0,0,0,,,,0,,15,10:09,1,0,1,1,50.0
289,2013-04-10,36,29-250,NJD,,BOS,L,0,0,0,1,0,0,0,0,0,,,,1,0.0,15,9:58,1,0,1,0,100.0
290,2013-04-12,37,29-252,NJD,,OTT,L,0,0,0,0,0,0,0,0,0,,,,1,0.0,21,13:41,1,0,1,4,20.0
291,2013-04-15,38,29-255,NJD,@,TOR,L,0,0,0,0,0,0,0,0,0,,,,3,0.0,17,12:03,0,1,5,2,71.4
292,2013-04-18,39,29-258,NJD,@,PHI,W,1,0,1,1,0,1,0,0,1,,,,2,50.0,22,13:44,2,0,1,0,100.0
293,2013-04-20,40,29-260,NJD,,FLA,W,1,1,2,2,2,1,0,0,0,,,,3,33.3,19,12:52,1,0,0,0,
294,2013-04-21,41,29-261,NJD,@,NYR,L,0,0,0,0,6,0,0,0,0,,,,0,,19,13:49,2,0,3,1,75.0
295,2013-04-23,42,29-263,NJD,,MTL,W,0,0,0,0,0,0,0,0,0,,,,1,0.0,16,11:44,5,0,3,1,75.0
296,2013-04-25,43,29-265,NJD,,PIT,W,0,0,0,0,2,0,0,0,0,,,,1,0.0,19,13:14,0,0,0,0,
297,2013-04-27,44,29-267,NJD,@,NYR,L,0,0,0,-1,2,0,0,0,0,,,,2,0.0,16,12:03,2,0,2,1,66.7
298,2013-10-03,1,30-061,NJD,@,PIT,L,0,0,0,-2,0,0,0,0,0,,,,1,0.0,19,10:55,0,1,0,1,0.0
299,2013-10-04,2,30-062,NJD,,NYI,L-SO,0,0,0,-1,2,0,0,0,0,,,,2,0.0,13,9:49,0,0,0,0,
300,2013-10-07,3,30-065,NJD,@,EDM,L-SO,0,0,0,-1,0,0,0,0,0,,,,2,0.0,15,10:16,1,2,2,1,66.7
301,2013-10-17,4,30-075,NJD,@,OTT,L,0,0,0,1,0,0,0,0,0,,,,2,0.0,19,12:14,2,1,0,2,0.0
302,2013-10-19,5,30-077,NJD,,NYR,W,0,0,0,0,0,0,0,0,0,,,,0,,20,14:35,4,0,2,1,66.7
303,2013-10-22,6,30-080,NJD,@,CBJ,L,0,0,0,0,0,0,0,0,0,,,,0,,16,13:16,0,1,0,1,0.0
304,2013-10-24,7,30-082,NJD,,VAN,L-SO,0,0,0,-2,0,0,0,0,0,,,,0,,18,12:34,1,0,0,2,0.0
305,2013-10-26,8,30-084,NJD,@,BOS,W,0,0,0,0,0,0,0,0,0,,,,2,0.0,16,11:47,1,0,0,1,0.0
306,2013-10-29,9,30-087,NJD,,TBL,W,0,0,0,0,2,0,0,0,0,,,,1,0.0,17,12:09,0,1,0,2,0.0
307,2013-11-02,10,30-091,NJD,,PHI,L,0,0,0,-1,0,0,0,0,0,,,,1,0.0,15,10:15,2,0,0,0,
308,2013-11-03,11,30-092,NJD,@,MIN,L,0,0,0,-1,0,0,0,0,0,,,,0,,18,14:10,0,1,0,0,
309,2013-11-07,12,30-096,NJD,@,PHI,W,0,1,1,1,2,0,0,0,0,,,,0,,15,9:01,4,0,0,0,
310,2013-11-08,13,30-097,NJD,@,TOR,L-SO,0,0,0,0,2,0,0,0,0,,,,3,0.0,18,10:47,2,0,0,0,
311,2013-11-10,14,30-099,NJD,,NSH,W,0,1,1,1,4,0,0,0,0,,,,1,0.0,19,11:02,2,0,1,0,100.0
312,2013-11-12,15,30-101,NJD,@,NYR,W,2,0,2,2,0,2,0,0,0,,,,3,66.7,22,14:22,2,0,0,0,
313,2013-11-15,16,30-104,NJD,,LAK,L,0,0,0,0,0,0,0,0,0,,,,1,0.0,15,9:53,0,0,1,1,50.0
314,2013-11-16,17,30-105,NJD,,PIT,W,0,0,0,0,0,0,0,0,0,,,,1,0.0,16,9:14,0,0,0,0,
315,2013-11-20,18,30-109,NJD,@,ANA,W,0,0,0,-1,0,0,0,0,0,,,,0,,15,8:51,1,0,0,0,
316,2013-11-21,19,30-110,NJD,@,LAK,W,1,0,1,1,2,1,0,0,0,,,,3,33.3,23,12:09,2,0,0,0,
317,2013-11-23,20,30-112,NJD,@,SJS,L,0,0,0,0,0,0,0,0,0,,,,1,0.0,19,13:39,2,1,0,0,
318,2013-11-25,21,30-114,NJD,,WPG,L,0,0,0,0,0,0,0,0,0,,,,0,,17,11:39,1,0,0,0,
319,2013-11-27,22,30-116,NJD,,CAR,L,0,0,0,-1,0,0,0,0,0,,,,0,,17,15:04,0,0,0,2,0.0
320,2013-11-29,23,30-118,NJD,@,CAR,W,0,0,0,-1,0,0,0,0,0,,,,1,0.0,17,12:29,1,0,1,1,50.0
321,2013-11-30,24,30-119,NJD,,BUF,W,0,0,0,0,5,0,0,0,0,,,,0,,1,0:12,0,0,0,0,
322,2014-01-03,25,30-153,NJD,,CHI,L,0,0,0,0,0,0,0,0,0,,,,2,0.0,19,13:18,1,0,0,0,
323,2014-01-04,26,30-154,NJD,@,BUF,L,0,0,0,0,0,0,0,0,0,,,,0,,17,13:21,0,0,1,0,100.0
324,2014-01-07,27,30-157,NJD,,PHI,L-OT,0,0,0,0,2,0,0,0,0,,,,1,0.0,19,12:26,0,0,0,0,
325,2014-01-09,28,30-159,NJD,,DAL,W,0,0,0,0,0,0,0,0,0,,,,3,0.0,20,16:04,0,4,0,0,
326,2014-01-11,29,30-161,NJD,,FLA,W,0,0,0,0,0,0,0,0,0,,,,1,0.0,20,14:35,2,1,0,1,0.0
327,2014-01-12,30,30-162,NJD,@,TOR,L-SO,0,0,0,0,0,0,0,0,0,,,,3,0.0,17,12:43,2,1,1,0,100.0
328,2014-01-14,31,30-164,NJD,@,MTL,W,0,0,0,0,0,0,0,0,0,,,,1,0.0,19,13:03,2,0,0,0,
329,2014-01-16,32,30-166,NJD,@,COL,L-SO,0,0,0,0,0,0,0,0,0,,,,1,0.0,14,11:44,0,2,0,0,
330,2014-01-18,33,30-168,NJD,@,PHX,L,0,0,0,-1,0,0,0,0,0,,,,2,0.0,14,9:34,1,0,0,0,
331,2014-01-21,34,30-171,NJD,,STL,W,1,0,1,1,0,1,0,0,1,,,,2,50.0,19,14:13,2,2,0,1,0.0
332,2014-01-24,35,30-174,NJD,,WSH,W,0,0,0,0,0,0,0,0,0,,,,0,,12,9:23,4,1,0,0,
333,2014-01-26,36,30-176,NJD,,NYR,L,0,0,0,-1,0,0,0,0,0,,,,0,,18,12:25,1,0,0,0,
334,2014-01-28,37,30-178,NJD,@,STL,L,0,0,0,0,0,0,0,0,0,,,,1,0.0,16,11:20,1,0,0,0,
335,2014-01-30,38,30-180,NJD,@,DAL,W,0,0,0,0,0,0,0,0,0,,,,3,0.0,18,10:42,3,0,0,0,
336,2014-01-31,39,30-181,NJD,@,NSH,L-OT,0,0,0,0,0,0,0,0,0,,,,1,0.0,17,10:14,1,0,1,0,100.0
337,2014-02-03,40,30-184,NJD,,COL,L-OT,1,0,1,1,0,1,0,0,0,,,,2,50.0,12,9:26,1,0,0,0,
338,2014-02-07,41,30-188,NJD,,EDM,W,0,0,0,0,0,0,0,0,0,,,,0,,11,8:24,1,0,0,0,
339,2014-02-08,42,30-189,NJD,@,WSH,L,0,0,0,0,2,0,0,0,0,,,,0,,15,9:21,1,0,0,0,
340,2014-02-27,43,30-208,NJD,,CBJ,W,0,0,0,0,2,0,0,0,0,,,,1,0.0,17,11:12,1,0,0,0,
341,2014-03-01,44,30-210,NJD,@,NYI,W,0,0,0,0,2,0,0,0,0,,,,0,,18,11:03,2,0,0,0,
342,2014-03-02,45,30-211,NJD,,SJS,L,0,0,0,0,0,0,0,0,0,,,,0,,15,10:41,0,1,0,0,
343,2014-03-04,46,30-213,NJD,,DET,W,0,0,0,0,0,0,0,0,0,,,,1,0.0,18,10:59,0,0,0,0,
344,2014-03-07,47,30-216,NJD,@,DET,L,0,0,0,0,0,0,0,0,0,,,,1,0.0,17,11:27,1,0,0,1,0.0
345,2014-03-08,48,30-217,NJD,,CAR,W,0,0,0,0,0,0,0,0,0,,,,0,,13,10:42,1,0,0,0,
346,2014-03-11,49,30-220,NJD,@,PHI,W,0,0,0,0,0,0,0,0,0,,,,1,0.0,12,7:42,1,0,0,0,
347,2014-03-14,50,30-223,NJD,@,FLA,L,0,0,0,0,0,0,0,0,0,,,,3,0.0,15,11:40,2,0,0,0,
348,2014-03-22,51,30-231,NJD,,NYR,L,0,0,0,0,0,0,0,0,0,,,,0,,15,7:42,0,0,0,0,
349,2014-03-23,52,30-232,NJD,,TOR,W,0,0,0,0,0,0,0,0,0,,,,1,0.0,16,9:54,2,0,2,1,66.7
350,2014-03-27,53,30-236,NJD,,PHX,L-SO,0,0,0,-1,0,0,0,0,0,,,,0,,8,4:52,2,0,1,0,100.0
351,2014-03-29,54,30-238,NJD,@,NYI,L-SO,0,0,0,0,2,0,0,0,0,,,,0,,12,8:06,1,0,0,0,
352,2014-03-31,55,30-240,NJD,,FLA,W,0,1,1,1,0,0,0,0,0,,,,1,0.0,18,13:16,2,0,0,0,
353,2014-04-01,56,30-241,NJD,@,BUF,L-SO,0,0,0,0,0,0,0,0,0,,,,1,0.0,13,7:15,0,0,0,0,
354,2014-04-04,57,30-244,NJD,,WSH,W,1,0,1,0,0,1,0,0,1,,,,3,33.3,19,12:53,1,0,0,0,
355,2014-04-05,58,30-245,NJD,@,CAR,W,0,0,0,-1,0,0,0,0,0,,,,2,0.0,26,18:58,1,3,1,0,100.0
356,2014-04-07,59,30-247,NJD,,CGY,L,0,0,0,0,6,0,0,0,0,,,,2,0.0,18,10:13,1,0,0,0,
357,2014-04-10,60,30-250,NJD,@,OTT,L-SO,0,0,0,-1,0,0,0,0,0,,,,1,0.0,18,13:07,3,1,0,1,0.0
358,2014-04-11,61,30-251,NJD,,NYI,L-SO,1,0,1,1,0,1,0,0,0,,,,1,100.0,19,13:49,0,0,0,0,
359,2014-04-13,62,30-253,NJD,,BOS,W,0,0,0,0,0,0,0,0,0,,,,2,0.0,18,14:14,0,0,2,0,100.0
360,2014-10-09,1,31-067,MIN,,COL,W,0,0,0,0,6,0,0,0,0,0,0,0,2,0.0,19,11:01,2,0,1,0,100.0
361,2014-10-11,2,31-069,MIN,@,COL,W,0,0,0,0,2,0,0,0,0,0,0,0,0,,15,7:43,2,0,0,0,
362,2014-10-17,3,31-075,MIN,@,ANA,L,0,1,1,0,0,0,0,0,0,1,0,0,0,,13,7:22,0,0,5,2,71.4
363,2014-10-19,4,31-077,MIN,@,LAK,L,0,1,1,0,0,0,0,0,0,1,0,0,0,,12,7:23,2,0,2,4,33.3
364,2014-10-23,5,31-081,MIN,,ARI,W,0,0,0,0,0,0,0,0,0,0,0,0,0,,13,10:04,3,1,3,7,30.0
365,2014-10-25,6,31-083,MIN,,TBL,W,0,1,1,1,2,0,0,0,0,1,0,0,0,,17,13:26,1,1,3,5,37.5
366,2014-10-27,7,31-085,MIN,@,NYR,L,0,1,1,0,0,0,0,0,0,1,0,0,0,,14,9:10,2,0,2,2,50.0
367,2014-10-28,8,31-086,MIN,@,BOS,W,0,1,1,1,0,0,0,0,0,1,0,0,0,,14,9:31,4,1,2,6,25.0
368,2014-10-30,9,31-088,MIN,,SJS,W,0,0,0,0,0,0,0,0,0,0,0,0,3,0.0,10,7:04,1,1,2,2,50.0
369,2014-11-04,10,31-093,MIN,,PIT,L,0,0,0,0,4,0,0,0,0,0,0,0,4,0.0,9,6:59,0,0,0,0,
370,2014-11-06,11,31-095,MIN,@,OTT,L,0,0,0,-1,0,0,0,0,0,0,0,0,2,0.0,13,8:25,1,0,0,1,0.0
371,2014-11-08,12,31-097,MIN,@,MTL,L,0,0,0,0,0,0,0,0,0,0,0,0,1,0.0,15,10:22,0,0,0,0,
372,2014-11-11,13,31-100,MIN,@,NJD,L,1,0,1,1,0,0,0,1,0,0,0,0,1,100.0,15,10:29,1,0,0,0,
373,2014-11-13,14,31-102,MIN,,BUF,W,1,1,2,2,0,1,0,0,0,1,0,0,1,100.0,16,9:17,2,0,0,0,
374,2014-11-15,15,31-104,MIN,@,DAL,W,0,1,1,1,0,0,0,0,0,1,0,0,0,,16,14:17,3,2,1,0,100.0
375,2014-11-16,16,31-105,MIN,,WPG,W,0,0,0,-1,4,0,0,0,0,0,0,0,0,,13,8:15,1,0,1,2,33.3
376,2014-11-20,17,31-109,MIN,@,PHI,W,0,0,0,0,2,0,0,0,0,0,0,0,1,0.0,14,9:59,2,1,0,0,
377,2014-11-22,18,31-111,MIN,@,TBL,L,0,0,0,0,2,0,0,0,0,0,0,0,0,,16,8:22,2,0,0,0,
378,2014-11-24,19,31-113,MIN,@,FLA,W,0,0,0,0,0,0,0,0,0,0,0,0,0,,14,9:24,2,2,0,0,
379,2014-11-26,20,31-115,MIN,,LAK,L,0,0,0,-1,0,0,0,0,0,0,0,0,1,0.0,13,9:00,0,1,0,0,
380,2014-11-28,21,31-117,MIN,@,DAL,W,0,0,0,0,0,0,0,0,0,0,0,0,0,,15,9:24,0,0,0,1,0.0
381,2014-11-29,22,31-118,MIN,,STL,L-SO,0,0,0,-1,0,0,0,0,0,0,0,0,1,0.0,15,9:08,1,1,1,1,50.0
382,2014-12-03,23,31-122,MIN,,MTL,W,0,0,0,0,0,0,0,0,0,0,0,0,0,,14,9:19,3,0,0,0,
383,2014-12-05,24,31-124,MIN,,ANA,L,0,0,0,0,0,0,0,0,0,0,0,0,2,0.0,14,9:51,0,0,0,0,
384,2014-12-09,25,31-128,MIN,,NYI,W,0,1,1,1,0,0,0,0,0,1,0,0,1,0.0,19,10:03,2,0,1,0,100.0
385,2014-12-11,26,31-130,MIN,@,SJS,L,0,0,0,0,2,0,0,0,0,0,0,0,0,,15,11:22,3,2,0,0,
386,2014-12-20,27,31-139,MIN,,NSH,L-OT,0,0,0,-2,2,0,0,0,0,0,0,0,0,,14,8:51,0,2,0,1,0.0
387,2014-12-23,28,31-142,MIN,,PHI,L,0,0,0,-1,2,0,0,0,0,0,0,0,1,0.0,16,10:00,0,0,0,0,
388,2014-12-27,29,31-146,MIN,,WPG,L-OT,0,0,0,0,4,0,0,0,0,0,0,0,0,,18,8:11,2,2,0,0,
389,2014-12-29,30,31-148,MIN,@,WPG,W,1,0,1,1,0,1,0,0,0,0,0,0,1,100.0,17,12:41,1,2,0,0,
390,2014-12-31,31,31-150,MIN,@,CBJ,L,0,0,0,0,0,0,0,0,0,0,0,0,2,0.0,18,11:21,3,0,1,0,100.0
391,2015-01-02,32,31-152,MIN,,TOR,W,0,0,0,0,2,0,0,0,0,0,0,0,1,0.0,17,10:12,3,0,0,1,0.0
392,2015-01-03,33,31-153,MIN,@,DAL,L,0,0,0,0,7,0,0,0,0,0,0,0,0,,15,10:07,1,2,1,3,25.0
393,2015-01-06,34,31-156,MIN,,SJS,L-OT,0,0,0,0,0,0,0,0,0,0,0,0,0,,12,9:57,0,1,0,0,
394,2015-01-08,35,31-158,MIN,,CHI,L,0,0,0,0,0,0,0,0,0,0,0,0,2,0.0,17,9:19,1,0,0,1,0.0
395,2015-01-10,36,31-160,MIN,,NSH,L,0,0,0,0,5,0,0,0,0,0,0,0,0,,11,8:51,3,0,0,0,
396,2015-01-11,37,31-161,MIN,@,CHI,L,0,0,0,0,2,0,0,0,0,0,0,0,3,0.0,18,12:05,2,1,0,0,
397,2015-01-13,38,31-163,MIN,@,PIT,L,0,0,0,0,0,0,0,0,0,0,0,0,2,0.0,18,14:05,2,0,0,0,
398,2015-01-15,39,31-165,MIN,@,BUF,W,0,1,1,1,0,0,0,0,0,1,0,0,0,,16,12:46,0,0,1,0,100.0
399,2015-01-17,40,31-167,MIN,,ARI,W,0,0,0,0,0,0,0,0,0,0,0,0,2,0.0,14,9:14,0,1,0,0,
400,2015-01-19,41,31-169,MIN,,CBJ,L,0,0,0,0,0,0,0,0,0,0,0,0,2,0.0,14,11:02,1,0,2,0,100.0
401,2015-01-20,42,31-170,MIN,@,DET,L-SO,0,1,1,1,0,0,0,0,0,1,0,0,3,0.0,15,12:06,1,0,0,0,
402,2015-01-27,43,31-177,MIN,@,EDM,W,0,0,0,1,0,0,0,0,0,0,0,0,0,,18,11:59,1,1,0,0,
403,2015-01-29,44,31-179,MIN,@,CGY,W,0,0,0,0,0,0,0,0,0,0,0,0,1,0.0,15,12:44,1,1,0,0,
404,2015-02-01,45,31-182,MIN,@,VAN,W,0,0,0,0,5,0,0,0,0,0,0,0,1,0.0,21,11:49,3,0,0,0,
405,2015-02-03,46,31-184,MIN,,CHI,W,0,0,0,0,0,0,0,0,0,0,0,0,1,0.0,17,12:28,3,0,0,0,
406,2015-02-07,47,31-188,MIN,,COL,W,0,0,0,0,0,0,0,0,0,0,0,0,1,0.0,19,13:41,2,0,0,1,0.0
407,2015-02-09,48,31-190,MIN,,VAN,W,0,0,0,0,0,0,0,0,0,0,0,0,1,0.0,2,1:34,0,0,0,0,
408,2015-03-28,49,31-237,MIN,,LAK,W,0,0,0,-1,0,0,0,0,0,0,0,0,1,0.0,14,12:12,1,2,0,0,
409,2015-04-02,50,31-242,MIN,,NYR,L,0,0,0,0,2,0,0,0,0,0,0,0,1,0.0,15,8:58,1,0,0,0,
410,2015-04-04,51,31-244,MIN,,DET,L-SO,0,0,0,0,0,0,0,0,0,0,0,0,1,0.0,12,9:34,3,2,0,0,
411,2015-04-06,52,31-246,MIN,,WPG,L,0,0,0,0,0,0,0,0,0,0,0,0,0,,11,8:14,0,0,0,0,
412,2015-04-09,53,31-249,MIN,@,NSH,W,0,0,0,0,0,0,0,0,0,0,0,0,0,,16,14:08,2,0,0,0,
413,2015-10-08,1,32-066,MIN,@,COL,W,0,0,0,0,0,0,0,0,0,0,0,0,3,0.0,14,10:28,1,0,0,0,
414,2015-10-10,2,32-068,MIN,,STL,W,0,0,0,-1,2,0,0,0,0,0,0,0,1,0.0,13,8:42,0,0,1,1,50.0
415,2015-10-15,3,32-073,MIN,@,ARI,W,0,0,0,0,2,0,0,0,0,0,0,0,1,0.0,18,13:03,0,0,1,0,100.0
416,2015-10-16,4,32-074,MIN,@,LAK,L-OT,0,0,0,0,0,0,0,0,0,0,0,0,1,0.0,14,9:18,3,0,0,0,
417,2015-10-18,5,32-076,MIN,@,ANA,L,0,0,0,0,0,0,0,0,0,0,0,0,1,0.0,15,11:25,1,2,0,0,
418,2015-10-22,6,32-080,MIN,,CBJ,W,0,0,0,0,0,0,0,0,0,0,0,0,1,0.0,15,10:39,0,0,0,0,
419,2015-10-24,7,32-082,MIN,,ANA,W,1,0,1,1,0,0,0,1,0,0,0,0,1,100.0,17,11:18,2,1,0,1,0.0
420,2015-10-25,8,32-083,MIN,@,WPG,L,0,0,0,0,0,0,0,0,0,0,0,0,0,,15,9:42,1,0,0,0,
421,2015-10-27,9,32-085,MIN,,EDM,W,0,0,0,-1,0,0,0,0,0,0,0,0,0,,15,9:19,1,0,0,0,
422,2015-10-30,10,32-088,MIN,,CHI,W,1,0,1,1,0,1,0,0,0,0,0,0,1,100.0,17,11:48,1,1,0,0,
423,2015-10-31,11,32-089,MIN,@,STL,L-OT,0,0,0,0,7,0,0,0,0,0,0,0,1,0.0,14,10:33,1,0,0,0,
424,2015-11-05,12,32-094,MIN,,NSH,L,0,0,0,0,2,0,0,0,0,0,0,0,0,,16,11:46,2,1,0,0,
425,2015-11-07,13,32-096,MIN,,TBL,W,0,0,0,0,0,0,0,0,0,0,0,0,1,0.0,14,11:47,2,0,2,0,100.0
426,2015-11-10,14,32-099,MIN,,WPG,W,0,0,0,1,0,0,0,0,0,0,0,0,0,,19,11:22,1,0,2,2,50.0
427,2015-11-12,15,32-101,MIN,@,CAR,W,0,0,0,-1,0,0,0,0,0,0,0,0,0,,20,15:15,4,1,0,0,
428,2015-11-14,16,32-103,MIN,@,DAL,L-OT,0,0,0,0,0,0,0,0,0,0,0,0,4,0.0,23,13:41,0,2,0,0,
429,2015-11-17,17,32-106,MIN,@,PIT,L,0,0,0,0,2,0,0,0,0,0,0,0,0,,19,13:41,3,0,2,1,66.7
430,2015-11-19,18,32-108,MIN,@,BOS,L,0,1,1,0,2,0,0,0,0,1,0,0,1,0.0,19,15:18,2,0,0,0,
431,2015-11-21,19,32-110,MIN,,NSH,W,0,0,0,1,0,0,0,0,0,0,0,0,2,0.0,18,14:03,3,0,0,0,
432,2015-11-25,20,32-114,MIN,,VAN,L,0,0,0,0,2,0,0,0,0,0,0,0,2,0.0,19,12:09,1,3,0,0,
433,2015-11-27,21,32-116,MIN,,WPG,L,1,0,1,0,2,1,0,0,0,0,0,0,2,50.0,14,10:53,1,0,3,1,75.0
434,2015-12-01,22,32-120,MIN,@,CHI,W,0,0,0,0,0,0,0,0,0,0,0,0,0,,14,9:16,3,0,0,0,
435,2015-12-03,23,32-122,MIN,,TOR,W,0,0,0,0,0,0,0,0,0,0,0,0,2,0.0,14,10:42,2,0,0,0,
436,2015-12-05,24,32-124,MIN,,COL,W,0,0,0,0,0,0,0,0,0,0,0,0,0,,14,10:02,1,0,0,1,0.0
437,2015-12-07,25,32-126,MIN,@,COL,L-OT,0,0,0,0,0,0,0,0,0,0,0,0,0,,16,11:55,1,2,0,1,0.0
438,2015-12-11,26,32-130,MIN,@,ARI,L-OT,0,0,0,0,0,0,0,0,0,0,0,0,0,,16,11:27,2,0,1,1,50.0
439,2015-12-12,27,32-131,MIN,@,SJS,W,0,0,0,0,0,0,0,0,0,0,0,0,1,0.0,15,10:47,0,2,2,2,50.0
440,2015-12-15,28,32-134,MIN,,VAN,W,0,0,0,-1,0,0,0,0,0,0,0,0,1,0.0,21,14:19,2,0,0,0,
441,2015-12-17,29,32-136,MIN,,NYR,W,0,1,1,1,0,0,0,0,0,1,0,0,2,0.0,16,10:08,2,0,0,0,
442,2015-12-19,30,32-138,MIN,@,NSH,L,0,0,0,0,2,0,0,0,0,0,0,0,0,,15,11:09,1,2,1,3,25.0
443,2015-12-21,31,32-140,MIN,,DAL,L,0,0,0,-1,0,0,0,0,0,0,0,0,1,0.0,14,9:42,0,1,0,0,
444,2015-12-22,32,32-141,MIN,,MTL,W,0,0,0,0,0,0,0,0,0,0,0,0,0,,14,9:31,0,2,0,0,
445,2015-12-28,33,32-147,MIN,,DET,W,0,0,0,0,0,0,0,0,0,0,0,0,0,,16,11:57,2,0,0,0,
446,2015-12-31,34,32-150,MIN,@,STL,W,0,0,0,0,2,0,0,0,0,0,0,0,4,0.0,18,15:02,3,0,0,0,
447,2016-01-02,35,32-152,MIN,@,TBL,L-SO,0,0,0,0,0,0,0,0,0,0,0,0,1,0.0,15,11:54,2,0,0,0,
448,2016-01-03,36,32-153,MIN,@,FLA,L,0,0,0,0,0,0,0,0,0,0,0,0,0,,9,5:14,0,0,0,0,
449,2016-01-07,37,32-157,MIN,,PHI,L-OT,0,0,0,-1,2,0,0,0,0,0,0,0,2,0.0,17,10:30,2,0,0,0,
450,2016-01-09,38,32-159,MIN,@,DAL,W,1,0,1,1,4,1,0,0,0,0,0,0,1,100.0,18,12:15,3,1,0,0,
451,2016-01-10,39,32-160,MIN,,NJD,L,0,0,0,0,5,0,0,0,0,0,0,0,1,0.0,14,6:20,1,1,0,0,
452,2016-02-02,40,32-183,MIN,@,NYI,L,0,0,0,-1,0,0,0,0,0,0,0,0,0,,14,9:28,1,0,0,0,
453,2016-02-04,41,32-185,MIN,@,NYR,L,1,0,1,0,0,1,0,0,0,0,0,0,2,50.0,14,8:28,1,1,0,1,0.0
454,2016-02-06,42,32-187,MIN,@,STL,L,0,0,0,0,0,0,0,0,0,0,0,0,1,0.0,15,12:30,2,0,0,0,
455,2016-02-09,43,32-190,MIN,,DAL,L-OT,0,0,0,-1,0,0,0,0,0,0,0,0,0,,20,10:50,1,0,0,0,
456,2016-02-11,44,32-192,MIN,,WSH,L,0,0,0,0,0,0,0,0,0,0,0,0,1,0.0,18,11:01,1,1,0,1,0.0
457,2016-02-13,45,32-194,MIN,,BOS,L,0,0,0,0,0,0,0,0,0,0,0,0,1,0.0,14,9:30,3,0,1,0,100.0
458,2016-02-15,46,32-196,MIN,@,VAN,W,0,0,0,0,2,0,0,0,0,0,0,0,0,,20,12:49,3,1,1,0,100.0
459,2016-02-17,47,32-198,MIN,@,CGY,W,0,0,0,0,0,0,0,0,0,0,0,0,0,,20,14:42,1,4,0,0,
460,2016-02-18,48,32-199,MIN,@,EDM,W,0,0,0,0,0,0,0,0,0,0,0,0,1,0.0,19,13:16,2,1,1,0,100.0
461,2016-02-21,49,32-202,MIN,,CHI,W,1,1,2,1,4,1,0,0,0,1,0,0,6,16.7,24,14:14,0,1,0,1,0.0
462,2016-02-23,50,32-204,MIN,,NYI,L,0,0,0,0,0,0,0,0,0,0,0,0,1,0.0,17,11:54,0,1,0,0,
463,2016-02-25,51,32-206,MIN,@,PHI,L,0,0,0,-1,2,0,0,0,0,0,0,0,0,,16,10:54,2,1,0,0,
464,2016-02-26,52,32-207,MIN,@,WSH,L,0,0,0,0,0,0,0,0,0,0,0,0,3,0.0,21,15:01,6,1,0,0,
465,2016-02-28,53,32-209,MIN,,FLA,W,0,0,0,0,0,0,0,0,0,0,0,0,2,0.0,17,9:33,1,0,1,0,100.0
466,2016-03-01,54,32-211,MIN,,COL,W,0,0,0,0,0,0,0,0,0,0,0,0,0,,14,10:31,0,2,0,0,
467,2016-03-05,55,32-215,MIN,@,BUF,W,0,1,1,1,0,0,0,0,0,1,0,0,1,0.0,12,9:09,2,1,0,0,
468,2016-03-06,56,32-216,MIN,,STL,L,0,0,0,-2,0,0,0,0,0,0,0,0,1,0.0,14,9:08,0,0,2,0,100.0
469,2016-03-12,57,32-222,MIN,@,MTL,W,0,0,0,0,0,0,0,0,0,0,0,0,0,,18,10:27,0,0,0,0,
470,2016-03-15,58,32-225,MIN,@,OTT,L-OT,1,0,1,1,2,1,0,0,0,0,0,0,2,50.0,14,10:26,2,0,0,0,
471,2016-03-19,59,32-229,MIN,,CAR,W,0,0,0,-1,0,0,0,0,0,0,0,0,0,,7,5:15,1,0,0,0,
472,2016-04-09,60,32-250,MIN,,CGY,L,0,1,1,0,2,0,0,0,0,1,0,0,1,0.0,17,11:01,1,0,0,0,
