,date_game,game_season,age,team_id,game_location,opp_id,game_result,goals,assists,points,plus_minus,pen_min,goals_ev,goals_pp,goals_sh,goals_gw,assists_ev,assists_pp,assists_sh,shots,shot_pct,shifts,time_on_ice,hits_all,blocks_all,faceoff_wins_all,faceoff_losses_all,faceoff_percentage_all
0,2013-04-03,1,22-184,DAL,@,ANA,L,0,0,0,0,0,0,0,0,0,,,,2,0.0,19,13:38,3,0,0,0,
1,2013-04-05,2,22-186,DAL,@,ANA,W,1,0,1,1,0,1,0,0,0,,,,3,33.3,20,13:58,0,1,5,1,83.3
2,2013-04-07,3,22-188,DAL,@,SJS,W,2,0,2,0,0,2,0,0,0,,,,3,66.7,24,17:57,3,0,0,7,0.0
3,2013-04-09,4,22-190,DAL,,LAK,W,0,1,1,1,0,0,0,0,0,,,,0,,21,13:56,2,0,0,2,0.0
4,2013-04-12,5,22-193,DAL,@,NSH,W,2,0,2,2,0,2,0,0,0,,,,4,50.0,22,17:20,2,0,0,0,
5,2013-04-13,6,22-194,DAL,,SJS,W,1,0,1,0,0,0,1,0,1,,,,1,100.0,24,16:38,0,1,0,2,0.0
6,2013-04-15,7,22-196,DAL,@,CHI,L,0,0,0,-1,0,0,0,0,0,,,,0,,6,5:07,0,0,0,1,0.0
7,2013-10-03,1,23-002,DAL,,FLA,L,1,0,1,-2,2,1,0,0,0,,,,3,33.3,27,16:24,1,0,0,1,0.0
8,2013-10-05,2,23-004,DAL,,WSH,W,1,0,1,1,0,1,0,0,1,,,,3,33.3,20,14:02,0,0,0,1,0.0
9,2013-10-11,3,23-010,DAL,@,WPG,W,1,1,2,0,0,0,1,0,0,,,,4,25.0,20,13:44,1,0,0,0,
10,2013-10-12,4,23-011,DAL,@,MIN,L,0,1,1,0,2,0,0,0,0,,,,1,0.0,23,16:04,0,1,0,1,0.0
11,2013-10-15,5,23-014,DAL,@,COL,L,0,0,0,-1,0,0,0,0,0,,,,6,0.0,25,17:36,2,1,1,1,50.0
12,2013-10-17,6,23-016,DAL,,SJS,W,0,1,1,2,0,0,0,0,0,,,,6,0.0,26,18:58,2,2,1,2,33.3
13,2013-10-19,7,23-018,DAL,@,LAK,L,0,0,0,-2,0,0,0,0,0,,,,2,0.0,24,19:09,5,1,2,1,66.7
14,2013-10-20,8,23-019,DAL,@,ANA,L,0,0,0,-2,0,0,0,0,0,,,,3,0.0,26,19:00,1,0,1,1,50.0
15,2013-10-24,9,23-023,DAL,,CGY,W,2,1,3,2,2,2,0,0,1,,,,5,40.0,22,13:37,0,1,1,1,50.0
16,2013-10-26,10,23-025,DAL,,WPG,L-SO,0,0,0,0,0,0,0,0,0,,,,0,,28,20:01,4,0,0,1,0.0
17,2013-10-28,11,23-027,DAL,@,BUF,W,0,0,0,-1,0,0,0,0,0,,,,3,0.0,22,16:18,0,0,1,0,100.0
18,2013-10-29,12,23-028,DAL,@,MTL,L,0,0,0,1,0,0,0,0,0,,,,5,0.0,24,19:54,1,0,0,1,0.0
19,2013-11-01,13,23-031,DAL,,COL,L-OT,0,0,0,-2,5,0,0,0,0,,,,3,0.0,24,16:26,1,0,0,1,0.0
20,2013-11-03,14,23-033,DAL,@,OTT,W,0,1,1,1,4,0,0,0,0,,,,4,0.0,27,17:49,0,0,0,1,0.0
21,2013-11-05,15,23-035,DAL,@,BOS,W,0,0,0,0,0,0,0,0,0,,,,2,0.0,25,19:50,1,1,0,0,
22,2013-11-07,16,23-037,DAL,@,DET,W,0,1,1,0,0,0,0,0,0,,,,1,0.0,25,19:05,0,0,1,0,100.0
23,2013-11-09,17,23-039,DAL,,CHI,L,0,0,0,-2,0,0,0,0,0,,,,0,,25,18:29,0,1,3,2,60.0
24,2013-11-13,18,23-043,DAL,@,EDM,W,0,0,0,1,0,0,0,0,0,,,,1,0.0,21,18:01,0,0,0,1,0.0
25,2013-11-14,19,23-044,DAL,@,CGY,W,0,0,0,0,2,0,0,0,0,,,,1,0.0,22,16:27,0,0,0,1,0.0
26,2013-11-17,20,23-047,DAL,@,VAN,W,0,1,1,1,0,0,0,0,0,,,,0,,22,16:03,1,0,0,0,
27,2013-11-21,21,23-051,DAL,,NYR,L,1,0,1,0,0,1,0,0,0,,,,2,50.0,22,16:00,1,0,2,2,50.0
28,2013-11-23,22,23-053,DAL,@,STL,L,0,0,0,-2,0,0,0,0,0,,,,1,0.0,23,13:51,0,1,3,1,75.0
29,2013-11-26,23,23-056,DAL,,ANA,W,1,0,1,2,0,1,0,0,0,,,,1,100.0,19,13:58,0,0,0,2,0.0
30,2013-11-29,24,23-059,DAL,,CHI,L-SO,0,0,0,0,0,0,0,0,0,,,,1,0.0,22,16:29,0,0,1,1,50.0
31,2013-12-01,25,23-061,DAL,,EDM,L-SO,0,0,0,-2,0,0,0,0,0,,,,2,0.0,26,18:25,2,1,2,3,40.0
32,2013-12-03,26,23-063,DAL,@,CHI,W,1,0,1,-1,0,0,1,0,0,,,,1,100.0,27,15:05,2,2,0,1,0.0
33,2013-12-05,27,23-065,DAL,@,TOR,L-OT,0,0,0,-1,0,0,0,0,0,,,,3,0.0,24,17:14,3,0,1,1,50.0
34,2013-12-07,28,23-067,DAL,,PHI,W,0,0,0,0,0,0,0,0,0,,,,1,0.0,14,12:14,0,0,1,1,50.0
35,2013-12-10,29,23-070,DAL,,CHI,L,0,0,0,-1,0,0,0,0,0,,,,1,0.0,20,16:36,4,0,0,1,0.0
36,2013-12-12,30,23-072,DAL,@,NSH,L,0,1,1,1,0,0,0,0,0,,,,3,0.0,25,20:09,0,0,2,2,50.0
37,2013-12-14,31,23-074,DAL,@,WPG,W,0,0,0,-1,0,0,0,0,0,,,,2,0.0,21,16:52,0,0,0,2,0.0
38,2013-12-16,32,23-076,DAL,@,COL,L,0,0,0,-4,2,0,0,0,0,,,,1,0.0,21,13:18,0,0,0,1,0.0
39,2013-12-17,33,23-077,DAL,,COL,W,0,2,2,1,7,0,0,0,0,,,,1,0.0,18,11:36,0,0,1,0,100.0
40,2013-12-19,34,23-079,DAL,,VAN,W,0,0,0,0,0,0,0,0,0,,,,0,,16,12:14,0,0,2,0,100.0
41,2013-12-21,35,23-081,DAL,@,SJS,L-SO,0,1,1,1,0,0,0,0,0,,,,3,0.0,25,15:48,0,1,1,1,50.0
42,2013-12-29,36,23-089,DAL,,STL,L-OT,0,0,0,-1,0,0,0,0,0,,,,1,0.0,23,16:27,1,0,1,0,100.0
43,2013-12-31,37,23-091,DAL,,LAK,W,0,2,2,-1,0,0,0,0,0,,,,2,0.0,21,15:49,2,0,0,0,
44,2014-01-02,38,23-093,DAL,,MTL,L,0,0,0,0,0,0,0,0,0,,,,0,,19,16:30,1,0,0,0,
45,2014-01-04,39,23-095,DAL,,DET,L,0,0,0,-2,0,0,0,0,0,,,,2,0.0,18,16:59,0,0,2,0,100.0
46,2014-01-06,40,23-097,DAL,@,NYI,L,0,1,1,-1,2,0,0,0,0,,,,2,0.0,20,13:41,1,1,0,0,
47,2014-01-09,41,23-100,DAL,@,NJD,L,0,0,0,0,0,0,0,0,0,,,,2,0.0,18,14:37,1,0,2,2,50.0
48,2014-01-10,42,23-101,DAL,@,NYR,L,0,0,0,-1,0,0,0,0,0,,,,1,0.0,24,15:41,5,0,0,0,
49,2014-01-12,43,23-103,DAL,,NYI,L,0,1,1,1,0,0,0,0,0,,,,3,0.0,18,12:07,2,0,1,0,100.0
50,2014-01-14,44,23-105,DAL,,EDM,W,0,0,0,0,0,0,0,0,0,,,,0,,18,11:58,1,0,2,0,100.0
51,2014-01-16,45,23-107,DAL,,BOS,L,0,0,0,-3,0,0,0,0,0,,,,1,0.0,18,14:40,3,0,1,3,25.0
52,2014-01-18,46,23-109,DAL,@,MIN,L-OT,1,0,1,0,0,0,1,0,0,,,,2,50.0,21,15:48,2,0,1,1,50.0
53,2014-01-20,47,23-111,DAL,@,NSH,L,0,0,0,-2,0,0,0,0,0,,,,0,,18,14:47,0,0,0,1,0.0
54,2014-01-21,48,23-112,DAL,,MIN,W,0,0,0,0,0,0,0,0,0,,,,4,0.0,18,14:26,3,0,1,1,50.0
55,2014-01-23,49,23-114,DAL,,TOR,W,0,0,0,0,0,0,0,0,0,,,,1,0.0,18,13:32,1,0,0,0,
56,2014-01-25,50,23-116,DAL,,PIT,W,0,0,0,1,0,0,0,0,0,,,,0,,15,11:42,1,1,0,0,
57,2014-01-27,51,23-118,DAL,,COL,L,0,0,0,-1,0,0,0,0,0,,,,1,0.0,15,13:07,1,0,0,0,
58,2014-01-30,52,23-121,DAL,,NJD,L-OT,0,1,1,0,0,0,0,0,0,,,,0,,12,10:48,0,0,1,0,100.0
59,2014-02-01,53,23-123,DAL,@,ANA,W,0,0,0,0,0,0,0,0,0,,,,1,0.0,13,11:54,2,0,1,0,100.0
60,2014-02-04,54,23-126,DAL,@,PHX,W,0,0,0,0,0,0,0,0,0,,,,2,0.0,14,10:58,0,0,0,0,
61,2014-02-05,55,23-127,DAL,@,SJS,L-OT,0,0,0,0,0,0,0,0,0,,,,0,,19,12:23,0,0,3,2,60.0
62,2014-02-08,56,23-130,DAL,,PHX,W,0,0,0,1,0,0,0,0,0,,,,0,,16,13:25,0,0,0,2,0.0
63,2014-02-27,57,23-149,DAL,,CAR,W,0,0,0,0,0,0,0,0,0,,,,3,0.0,19,13:53,0,0,0,1,0.0
64,2014-03-01,58,23-151,DAL,,TBL,L,0,0,0,-1,4,0,0,0,0,,,,2,0.0,24,16:48,2,1,3,2,60.0
65,2014-03-03,59,23-153,DAL,,BUF,W,1,0,1,-1,0,0,1,0,1,,,,7,14.3,20,15:03,2,0,1,0,100.0
66,2014-03-04,60,23-154,DAL,@,CBJ,L,0,0,0,0,0,0,0,0,0,,,,2,0.0,21,16:45,2,0,0,1,0.0
67,2014-03-06,61,23-156,DAL,,VAN,W,0,1,1,0,0,0,0,0,0,,,,0,,18,15:27,1,0,1,1,50.0
68,2014-03-08,62,23-158,DAL,,MIN,W,1,0,1,0,0,0,1,0,0,,,,5,20.0,23,17:44,0,1,3,3,50.0
69,2014-03-14,63,23-164,DAL,,CGY,L-SO,0,0,0,-1,0,0,0,0,0,,,,3,0.0,17,11:09,0,1,1,0,100.0
70,2014-03-16,64,23-166,DAL,@,WPG,L,1,0,1,0,0,1,0,0,0,,,,1,100.0,18,12:31,0,0,0,1,0.0
71,2014-03-18,65,23-168,DAL,@,PIT,L,0,0,0,-2,0,0,0,0,0,,,,1,0.0,20,14:23,0,1,2,0,100.0
72,2014-03-20,66,23-170,DAL,@,PHI,L,0,1,1,0,0,0,0,0,0,,,,1,0.0,26,19:15,1,1,0,1,0.0
73,2014-03-22,67,23-172,DAL,,OTT,W,0,0,0,0,0,0,0,0,0,,,,2,0.0,15,11:40,0,0,0,0,
74,2014-03-24,68,23-174,DAL,,WPG,W,0,1,1,0,0,0,0,0,0,,,,2,0.0,16,10:37,0,0,2,1,66.7
75,2014-03-25,69,23-175,DAL,@,CHI,L,0,0,0,0,0,0,0,0,0,,,,1,0.0,22,13:46,1,0,1,1,50.0
76,2014-03-28,70,23-178,DAL,,NSH,W,1,0,1,0,0,0,1,0,1,,,,2,50.0,19,13:27,1,0,0,0,
77,2014-03-29,71,23-179,DAL,@,STL,W,0,0,0,0,0,0,0,0,0,,,,2,0.0,14,11:53,0,0,0,3,0.0
78,2014-04-01,72,23-182,DAL,@,WSH,W,0,3,3,3,2,0,0,0,0,,,,0,,16,10:11,1,0,1,0,100.0
79,2014-04-03,73,23-184,DAL,@,CAR,L,0,0,0,0,2,0,0,0,0,,,,2,0.0,20,14:58,3,0,0,0,
80,2014-04-05,74,23-186,DAL,@,TBL,W,0,0,0,0,0,0,0,0,0,,,,0,,16,12:12,0,0,0,0,
81,2014-04-06,75,23-187,DAL,@,FLA,L,0,0,0,0,0,0,0,0,0,,,,3,0.0,20,18:05,1,0,3,1,75.0
82,2014-04-08,76,23-189,DAL,,NSH,W,0,0,0,1,0,0,0,0,0,,,,1,0.0,13,10:25,0,0,0,1,0.0
83,2014-04-09,77,23-190,DAL,,CBJ,L,0,0,0,0,0,0,0,0,0,,,,1,0.0,19,15:33,0,,,,
84,2014-04-11,78,23-192,DAL,,STL,W,0,0,0,0,0,0,0,0,0,,,,1,0.0,18,14:15,0,1,1,1,50.0
85,2014-04-13,79,23-194,DAL,@,PHX,L,0,0,0,-1,2,0,0,0,0,,,,1,0.0,20,15:56,1,0,2,2,50.0
86,2014-10-09,1,24-008,OTT,@,NSH,L,1,0,1,-1,0,0,1,0,0,0,0,0,3,33.3,23,15:39,0,0,0,0,
87,2014-10-11,2,24-010,OTT,@,TBL,W,0,1,1,0,2,0,0,0,0,1,0,0,2,0.0,25,16:55,1,0,0,0,
88,2014-10-13,3,24-012,OTT,@,FLA,W,0,0,0,0,2,0,0,0,0,0,0,0,0,,22,13:50,2,0,0,0,
89,2014-10-16,4,24-015,OTT,,COL,W,0,0,0,-1,0,0,0,0,0,0,0,0,0,,22,15:01,2,1,0,0,
90,2014-10-18,5,24-017,OTT,,CBJ,W,0,0,0,-1,0,0,0,0,0,0,0,0,1,0.0,22,15:36,0,1,0,0,
91,2014-10-25,6,24-024,OTT,,NJD,L-OT,1,0,1,0,0,0,1,0,0,0,0,0,5,20.0,25,16:53,0,1,0,0,
92,2014-10-26,7,24-025,OTT,@,CHI,L,0,1,1,0,2,0,0,0,0,0,0,1,2,0.0,26,14:22,2,0,0,0,
93,2014-10-28,8,24-027,OTT,@,CBJ,W,1,0,1,-1,0,0,1,0,0,0,0,0,1,100.0,27,15:33,1,0,0,1,0.0
94,2014-10-30,9,24-029,OTT,,CHI,L-SO,0,1,1,0,0,0,0,0,0,1,0,0,0,,22,14:53,0,0,0,0,
95,2014-11-01,10,24-031,OTT,@,BOS,L,0,1,1,1,2,0,0,0,0,1,0,0,1,0.0,24,13:34,1,2,0,1,0.0
96,2014-11-06,11,24-036,OTT,,MIN,W,0,0,0,0,0,0,0,0,0,0,0,0,0,,25,16:58,1,1,0,1,0.0
97,2014-11-11,12,24-041,OTT,@,VAN,L-OT,0,1,1,-1,0,0,0,0,0,1,0,0,0,,25,17:51,4,0,0,0,
98,2014-11-13,13,24-043,OTT,@,EDM,W,1,0,1,1,0,1,0,0,0,0,0,0,3,33.3,24,17:19,0,0,0,0,
99,2014-11-15,14,24-045,OTT,@,CGY,L,0,0,0,0,2,0,0,0,0,0,0,0,1,0.0,23,18:47,2,1,0,0,
100,2014-11-20,15,24-050,OTT,,NSH,W,1,0,1,0,0,1,0,0,0,0,0,0,4,25.0,25,17:10,1,0,0,0,
101,2014-11-22,16,24-052,OTT,,STL,L,0,0,0,-1,0,0,0,0,0,0,0,0,3,0.0,23,17:27,1,1,0,3,0.0
102,2014-11-24,17,24-054,OTT,@,DET,L,0,0,0,0,2,0,0,0,0,0,0,0,0,,28,17:21,2,0,0,0,
103,2014-11-25,18,24-055,OTT,@,STL,W,1,0,1,1,0,1,0,0,0,0,0,0,1,100.0,24,15:59,1,0,1,0,100.0
104,2014-11-28,19,24-058,OTT,@,FLA,L,0,0,0,-2,0,0,0,0,0,0,0,0,0,,28,18:48,2,2,0,0,
105,2014-11-29,20,24-059,OTT,@,TBL,L,0,0,0,0,0,0,0,0,0,0,0,0,0,,22,13:52,0,1,0,1,0.0
106,2014-12-02,21,24-062,OTT,@,NYI,L-OT,0,1,1,1,2,0,0,0,0,1,0,0,1,0.0,19,13:05,2,0,0,0,
107,2014-12-04,22,24-064,OTT,,NYI,L,0,0,0,0,2,0,0,0,0,0,0,0,0,,19,13:36,0,0,0,0,
108,2014-12-06,23,24-066,OTT,@,PIT,L,0,0,0,-1,17,0,0,0,0,0,0,0,1,0.0,16,10:43,0,0,0,0,
109,2014-12-07,24,24-067,OTT,,VAN,W,0,1,1,-1,2,0,0,0,0,0,1,0,5,0.0,23,18:03,1,0,0,0,
110,2014-12-11,25,24-071,OTT,,LAK,L,0,0,0,0,0,0,0,0,0,0,0,0,1,0.0,23,15:42,4,0,0,0,
111,2014-12-13,26,24-073,OTT,@,BOS,W,0,0,0,-1,0,0,0,0,0,0,0,0,0,,23,16:33,1,0,0,2,0.0
112,2014-12-15,27,24-075,OTT,@,BUF,L-SO,1,1,2,1,2,1,0,0,0,1,0,0,2,50.0,25,16:05,1,0,0,0,
113,2014-12-17,28,24-077,OTT,@,NJD,W,0,0,0,0,2,0,0,0,0,0,0,0,1,0.0,23,13:13,0,2,0,0,
114,2014-12-19,29,24-079,OTT,,ANA,W,0,0,0,0,2,0,0,0,0,0,0,0,0,,20,13:58,2,0,0,0,
115,2014-12-20,30,24-080,OTT,@,MTL,L,0,0,0,0,0,0,0,0,0,0,0,0,5,0.0,20,15:54,7,0,0,0,
116,2014-12-22,31,24-082,OTT,@,WSH,L,0,0,0,-1,0,0,0,0,0,0,0,0,0,,25,15:15,1,0,0,0,
117,2014-12-27,32,24-087,OTT,,DET,L-OT,0,0,0,-1,2,0,0,0,0,0,0,0,3,0.0,19,13:15,1,1,0,0,
118,2014-12-29,33,24-089,OTT,,BUF,W,0,0,0,-1,0,0,0,0,0,0,0,0,0,,23,15:00,3,0,0,0,
119,2015-01-03,34,24-094,OTT,@,BOS,W,0,0,0,1,0,0,0,0,0,0,0,0,3,0.0,22,13:46,5,0,0,0,
120,2015-01-04,35,24-095,OTT,,TBL,L,0,0,0,0,2,0,0,0,0,0,0,0,1,0.0,20,14:55,1,0,0,0,
121,2015-01-06,36,24-097,OTT,@,PHI,L-SO,0,0,0,0,0,0,0,0,0,0,0,0,2,0.0,28,17:43,2,0,1,1,50.0
122,2015-01-08,37,24-099,OTT,@,COL,L,0,0,0,-1,0,0,0,0,0,0,0,0,2,0.0,22,15:06,2,0,0,1,0.0
123,2015-01-10,38,24-101,OTT,@,ARI,W,0,0,0,0,0,0,0,0,0,0,0,0,1,0.0,24,16:43,0,0,0,0,
124,2015-01-13,39,24-104,OTT,@,DAL,L,0,1,1,-1,0,0,0,0,0,0,1,0,3,0.0,23,16:17,1,1,1,0,100.0
125,2015-01-15,40,24-106,OTT,,MTL,W,0,0,0,0,0,0,0,0,0,0,0,0,1,0.0,16,12:01,2,0,0,0,
126,2015-01-17,41,24-108,OTT,,CAR,L,0,0,0,0,0,0,0,0,0,0,0,0,1,0.0,20,15:00,0,0,0,0,
127,2015-01-20,42,24-111,OTT,@,NYR,L-OT,0,1,1,0,0,0,0,0,0,0,1,0,1,0.0,19,13:33,0,0,0,0,
128,2015-01-21,43,24-112,OTT,,TOR,W,0,0,0,2,2,0,0,0,0,0,0,0,0,,19,13:47,1,0,0,0,
129,2015-01-29,44,24-120,OTT,,DAL,L,1,0,1,0,0,1,0,0,0,0,0,0,3,33.3,15,11:33,1,0,0,0,
130,2015-02-07,45,24-129,OTT,,CBJ,L,0,0,0,0,2,0,0,0,0,0,0,0,0,,13,10:40,1,0,0,0,
131,2015-02-10,46,24-132,OTT,@,BUF,W,0,0,0,0,0,0,0,0,0,0,0,0,0,,15,9:27,1,0,0,0,
132,2015-02-12,47,24-134,OTT,,PIT,L-SO,0,0,0,-1,0,0,0,0,0,0,0,0,4,0.0,20,15:11,1,0,0,0,
133,2015-02-14,48,24-136,OTT,,EDM,W,1,1,2,2,0,1,0,0,0,1,0,0,4,25.0,18,13:16,1,1,0,0,
134,2015-02-16,49,24-138,OTT,,CAR,L,0,0,0,-1,0,0,0,0,0,0,0,0,0,,18,13:07,1,0,0,0,
135,2015-02-18,50,24-140,OTT,,MTL,W,0,0,0,0,0,0,0,0,0,0,0,0,1,0.0,16,10:43,1,0,0,1,0.0
136,2015-02-21,51,24-143,OTT,,FLA,W,0,1,1,1,2,0,0,0,0,1,0,0,1,0.0,19,13:54,1,0,0,1,0.0
137,2015-02-25,52,24-147,OTT,@,ANA,W,0,0,0,0,2,0,0,0,0,0,0,0,0,,18,11:03,0,0,0,0,
138,2015-02-26,53,24-148,OTT,@,LAK,W,0,0,0,0,0,0,0,0,0,0,0,0,2,0.0,12,9:56,1,0,0,0,
139,2015-02-28,54,24-150,OTT,@,SJS,W,0,0,0,-1,0,0,0,0,0,0,0,0,0,,16,12:30,2,0,0,0,
140,2015-03-03,55,24-153,OTT,@,MIN,L-SO,0,0,0,0,0,0,0,0,0,0,0,0,1,0.0,17,13:34,0,0,0,0,
141,2015-03-04,56,24-154,OTT,@,WPG,W,0,0,0,0,0,0,0,0,0,0,0,0,1,0.0,19,13:39,0,0,0,0,
142,2015-03-06,57,24-156,OTT,,BUF,W,0,0,0,0,0,0,0,0,0,0,0,0,0,,15,10:38,2,0,0,0,
143,2015-03-08,58,24-158,OTT,,CGY,W,1,0,1,1,0,1,0,0,0,0,0,0,2,50.0,15,9:59,0,0,0,1,0.0
144,2015-03-10,59,24-160,OTT,,BOS,L,0,0,0,0,2,0,0,0,0,0,0,0,1,0.0,11,8:23,2,0,0,1,0.0
145,2015-03-12,60,24-162,OTT,@,MTL,W,0,1,1,2,4,0,0,0,0,1,0,0,0,,11,7:36,0,0,0,0,
146,2015-03-13,61,24-163,OTT,@,NYI,W,0,0,0,0,0,0,0,0,0,0,0,0,0,,12,5:58,0,0,0,0,
147,2015-03-15,62,24-165,OTT,,PHI,W,0,0,0,0,2,0,0,0,0,0,0,0,1,0.0,11,7:25,1,0,0,0,
148,2015-03-17,63,24-167,OTT,@,CAR,W,0,0,0,0,0,0,0,0,0,0,0,0,2,0.0,13,6:33,0,0,0,0,
149,2015-03-19,64,24-169,OTT,,BOS,W,0,1,1,1,0,0,0,0,0,1,0,0,2,0.0,11,8:17,2,0,0,1,0.0
150,2015-03-21,65,24-171,OTT,,TOR,W,0,1,1,0,0,0,0,0,0,1,0,0,1,0.0,17,13:40,0,0,0,0,
151,2015-03-23,66,24-173,OTT,,SJS,W,1,0,1,1,0,1,0,0,1,0,0,0,4,25.0,20,14:01,1,1,0,1,0.0
152,2015-03-26,67,24-176,OTT,,NYR,L,0,0,0,-1,0,0,0,0,0,0,0,0,0,,22,13:20,1,1,0,1,0.0
153,2015-03-28,68,24-178,OTT,@,TOR,L-OT,0,0,0,0,0,0,0,0,0,0,0,0,1,0.0,17,10:17,0,0,0,0,
154,2015-03-29,69,24-179,OTT,,FLA,L,0,0,0,0,4,0,0,0,0,0,0,0,2,0.0,14,7:49,3,0,0,0,
155,2015-03-31,70,24-181,OTT,@,DET,W,0,0,0,0,2,0,0,0,0,0,0,0,2,0.0,13,8:31,2,0,0,0,
156,2015-04-02,71,24-183,OTT,,TBL,W,0,0,0,0,0,0,0,0,0,0,0,0,2,0.0,14,9:55,1,0,0,0,
157,2015-04-04,72,24-185,OTT,,WSH,W,0,0,0,-1,0,0,0,0,0,0,0,0,1,0.0,17,11:10,1,2,0,0,
158,2015-04-05,73,24-186,OTT,@,TOR,L-SO,0,0,0,0,0,0,0,0,0,0,0,0,1,0.0,16,11:49,1,0,0,0,
159,2015-04-07,74,24-188,OTT,,PIT,W,0,0,0,0,0,0,0,0,0,0,0,0,4,0.0,12,8:03,2,0,0,0,
160,2015-04-09,75,24-190,OTT,@,NYR,W,0,0,0,0,0,0,0,0,0,0,0,0,1,0.0,13,9:01,0,0,0,0,
161,2015-04-11,76,24-192,OTT,@,PHI,W,0,0,0,0,0,0,0,0,0,0,0,0,0,,15,12:37,3,0,0,0,
162,2015-10-08,1,25-007,OTT,@,BUF,W,0,0,0,0,0,0,0,0,0,0,0,0,0,,18,9:57,1,1,0,0,
163,2015-10-10,2,25-009,OTT,@,TOR,W,1,0,1,0,4,0,1,0,0,0,0,0,3,33.3,19,10:59,1,0,0,0,
164,2015-10-11,3,25-010,OTT,,MTL,L,0,0,0,0,2,0,0,0,0,0,0,0,0,,20,11:47,0,1,0,0,
165,2015-10-14,4,25-013,OTT,@,CBJ,W,0,0,0,0,2,0,0,0,0,0,0,0,1,0.0,21,13:22,1,0,0,0,
166,2015-10-15,5,25-014,OTT,@,PIT,L,0,0,0,-1,0,0,0,0,0,0,0,0,0,,18,12:58,1,0,0,0,
167,2015-10-17,6,25-016,OTT,,NSH,L-SO,0,0,0,0,0,0,0,0,0,0,0,0,4,0.0,23,16:01,4,0,0,0,
168,2015-10-22,7,25-021,OTT,,NJD,L-SO,0,0,0,0,0,0,0,0,0,0,0,0,1,0.0,18,12:59,0,0,0,0,
169,2015-10-24,8,25-023,OTT,,ARI,L,0,0,0,0,0,0,0,0,0,0,0,0,2,0.0,23,16:21,0,0,0,1,0.0
170,2015-10-28,9,25-027,OTT,,CGY,W,0,1,1,0,0,0,0,0,0,1,0,0,3,0.0,29,19:35,0,1,0,0,
171,2015-10-30,10,25-029,OTT,@,DET,W,0,0,0,0,0,0,0,0,0,0,0,0,2,0.0,23,15:07,0,0,0,0,
172,2015-10-31,11,25-030,OTT,,DET,L,0,0,0,0,2,0,0,0,0,0,0,0,0,,22,14:21,1,1,0,0,
173,2015-11-03,12,25-033,OTT,@,MTL,W,0,0,0,0,0,0,0,0,0,0,0,0,3,0.0,24,18:43,4,1,0,0,
174,2015-11-05,13,25-035,OTT,,WPG,W,0,0,0,1,0,0,0,0,0,0,0,0,2,0.0,25,14:31,0,0,0,0,
175,2015-11-07,14,25-037,OTT,@,CAR,L-OT,1,0,1,-1,2,0,1,0,0,0,0,0,1,100.0,23,13:04,1,2,0,0,
176,2015-11-10,15,25-040,OTT,@,NSH,L,0,0,0,-1,0,0,0,0,0,0,0,0,1,0.0,22,14:26,0,0,0,0,
177,2015-11-12,16,25-042,OTT,,VAN,W,0,0,0,-1,0,0,0,0,0,0,0,0,0,,20,14:23,0,1,0,0,
178,2015-11-14,17,25-044,OTT,,NYR,L-SO,0,0,0,0,0,0,0,0,0,0,0,0,0,,26,16:59,1,1,0,0,
179,2015-11-16,18,25-046,OTT,,DET,L-OT,0,0,0,0,2,0,0,0,0,0,0,0,1,0.0,20,15:02,1,0,0,0,
180,2015-11-19,19,25-049,OTT,,CBJ,W,0,0,0,1,0,0,0,0,0,0,0,0,2,0.0,19,13:57,0,0,0,0,
181,2015-11-21,20,25-051,OTT,,PHI,W,0,0,0,0,5,0,0,0,0,0,0,0,0,,19,13:47,3,0,0,0,
182,2015-11-24,21,25-054,OTT,@,DAL,W,0,1,1,0,0,0,0,0,0,1,0,0,0,,22,15:23,0,0,0,0,
183,2015-11-25,22,25-055,OTT,@,COL,W,0,0,0,-1,0,0,0,0,0,0,0,0,2,0.0,23,13:45,1,1,0,0,
184,2015-11-28,23,25-058,OTT,@,ARI,L,0,0,0,-1,2,0,0,0,0,0,0,0,0,,17,11:25,2,0,0,0,
185,2015-12-01,24,25-061,OTT,,PHI,L,0,0,0,-1,0,0,0,0,0,0,0,0,1,0.0,19,12:46,4,0,0,0,
186,2015-12-03,25,25-063,OTT,,CHI,W,0,0,0,0,0,0,0,0,0,0,0,0,4,0.0,15,10:57,4,0,0,0,
187,2015-12-05,26,25-065,OTT,,NYI,W,0,0,0,1,0,0,0,0,0,0,0,0,0,,22,16:06,5,0,0,0,
188,2015-12-06,27,25-066,OTT,@,NYR,L,0,0,0,0,0,0,0,0,0,0,0,0,1,0.0,17,13:17,2,0,0,0,
189,2015-12-08,28,25-068,OTT,@,FLA,W,0,0,0,0,2,0,0,0,0,0,0,0,2,0.0,23,15:44,1,0,0,0,
190,2015-12-10,29,25-070,OTT,@,TBL,L,0,0,0,0,2,0,0,0,0,0,0,0,3,0.0,17,10:39,1,0,0,0,
191,2015-12-12,30,25-072,OTT,@,MTL,L,0,1,1,0,0,0,0,0,0,1,0,0,1,0.0,19,13:00,6,1,0,0,
192,2015-12-14,31,25-074,OTT,,LAK,W,0,0,0,0,0,0,0,0,0,0,0,0,2,0.0,24,18:23,2,0,0,0,
193,2015-12-16,32,25-076,OTT,@,WSH,L,0,0,0,0,0,0,0,0,0,0,0,0,1,0.0,18,12:18,3,1,0,0,
194,2015-12-18,33,25-078,OTT,,SJS,W,0,0,0,1,0,0,0,0,0,0,0,0,1,0.0,26,16:02,2,0,0,0,
195,2015-12-20,34,25-080,OTT,@,TBL,L,0,0,0,-1,0,0,0,0,0,0,0,0,2,0.0,23,15:15,1,0,0,0,
196,2015-12-22,35,25-082,OTT,@,FLA,L-SO,0,0,0,-1,0,0,0,0,0,0,0,0,2,0.0,27,19:59,1,1,0,0,
197,2015-12-27,36,25-087,OTT,,BOS,W,0,0,0,0,0,0,0,0,0,0,0,0,1,0.0,18,12:30,1,0,0,0,
198,2015-12-29,37,25-089,OTT,@,BOS,L,0,0,0,-1,0,0,0,0,0,0,0,0,3,0.0,21,12:25,0,0,0,0,
199,2015-12-30,38,25-090,OTT,,NJD,L,0,0,0,0,0,0,0,0,0,0,0,0,1,0.0,18,11:43,1,0,0,0,
200,2016-01-03,39,25-094,OTT,@,CHI,L,0,0,0,0,0,0,0,0,0,0,0,0,4,0.0,18,12:07,3,0,0,0,
201,2016-01-04,40,25-095,OTT,@,STL,W,0,0,0,0,2,0,0,0,0,0,0,0,1,0.0,20,13:38,3,0,0,0,
202,2016-01-16,41,25-107,OTT,@,LAK,W,1,0,1,3,0,1,0,0,0,0,0,0,2,50.0,18,12:44,1,1,0,0,
203,2016-01-18,42,25-109,OTT,@,SJS,W,0,0,0,-1,0,0,0,0,0,0,0,0,1,0.0,24,15:46,1,3,0,0,
204,2016-01-21,43,25-112,OTT,@,NJD,L,0,0,0,-1,0,0,0,0,0,0,0,0,0,,19,12:22,1,1,0,0,
205,2016-01-24,44,25-115,OTT,,NYR,W,0,0,0,1,0,0,0,0,0,0,0,0,0,,19,12:39,2,0,0,0,
206,2016-01-26,45,25-117,OTT,,BUF,L,0,0,0,-1,0,0,0,0,0,0,0,0,0,,15,11:47,0,0,0,0,
207,2016-02-02,46,25-124,OTT,@,PIT,L,0,0,0,1,0,0,0,0,0,0,0,0,0,,23,14:34,1,0,0,0,
208,2016-02-04,47,25-126,OTT,,EDM,L,0,0,0,-1,0,0,0,0,0,0,0,0,1,0.0,21,13:52,1,0,0,0,
209,2016-02-06,48,25-128,OTT,,TOR,W,0,1,1,2,0,0,0,0,0,1,0,0,1,0.0,23,14:27,3,1,0,0,
210,2016-02-08,49,25-130,OTT,,TBL,W,0,0,0,1,2,0,0,0,0,0,0,0,0,,19,13:49,1,0,0,0,
211,2016-02-10,50,25-132,OTT,@,DET,L,0,0,0,0,2,0,0,0,0,0,0,0,0,,15,8:51,2,0,0,0,
212,2016-02-11,51,25-133,OTT,,COL,L,0,0,0,0,0,0,0,0,0,0,0,0,0,,16,9:53,0,0,0,0,
213,2016-02-13,52,25-135,OTT,@,CBJ,L,0,0,0,0,5,0,0,0,0,0,0,0,1,0.0,14,7:16,1,0,0,0,
214,2016-02-16,53,25-138,OTT,,BUF,W,0,0,0,1,0,0,0,0,0,0,0,0,0,,16,12:30,2,0,1,0,100.0
215,2016-02-18,54,25-140,OTT,,CAR,W,1,0,1,1,0,1,0,0,0,0,0,0,2,50.0,16,10:55,0,1,0,0,
216,2016-02-20,55,25-142,OTT,,DET,W,0,0,0,0,0,0,0,0,0,0,0,0,0,,11,7:12,0,0,0,0,
217,2016-02-23,56,25-145,OTT,@,EDM,W,1,0,1,1,0,1,0,0,0,0,0,0,2,50.0,17,11:41,0,0,0,0,
218,2016-02-25,57,25-147,OTT,@,VAN,L,0,0,0,0,0,0,0,0,0,0,0,0,0,,15,10:34,1,0,0,0,
219,2016-02-27,58,25-149,OTT,@,CGY,W,0,1,1,1,0,0,0,0,0,1,0,0,0,,20,10:38,0,0,1,0,100.0
220,2016-03-01,59,25-152,OTT,,STL,L-SO,0,0,0,1,0,0,0,0,0,0,0,0,0,,15,9:55,2,1,0,0,
221,2016-03-03,60,25-154,OTT,,TBL,L,0,0,0,0,0,0,0,0,0,0,0,0,2,0.0,16,12:16,0,0,0,0,
222,2016-03-05,61,25-156,OTT,@,TOR,W,0,1,1,1,0,0,0,0,0,1,0,0,0,,22,13:51,1,1,0,0,
223,2016-03-06,62,25-157,OTT,,DAL,L,0,0,0,0,0,0,0,0,0,0,0,0,1,0.0,20,13:50,1,0,0,0,
224,2016-03-08,63,25-159,OTT,@,CAR,L-SO,0,0,0,-1,0,0,0,0,0,0,0,0,0,,22,14:56,0,0,0,0,
225,2016-03-10,64,25-161,OTT,@,FLA,L,0,0,0,-1,0,0,0,0,0,0,0,0,1,0.0,20,13:05,2,0,0,0,
226,2016-03-12,65,25-163,OTT,,TOR,W,0,0,0,1,2,0,0,0,0,0,0,0,0,,23,12:46,0,2,0,0,
227,2016-03-15,66,25-166,OTT,,MIN,W,0,0,0,-1,0,0,0,0,0,0,0,0,0,,18,13:12,4,0,0,0,
228,2016-03-18,67,25-169,OTT,@,BUF,L,1,0,1,0,5,1,0,0,0,0,0,0,1,100.0,19,12:16,2,0,1,0,100.0
229,2016-03-19,68,25-170,OTT,,MTL,W,1,0,1,2,0,0,0,1,0,0,0,0,1,100.0,23,16:32,0,0,0,0,
230,2016-03-22,69,25-173,OTT,,WSH,L,0,0,0,0,0,0,0,0,0,0,0,0,1,0.0,17,14:22,4,0,0,0,
231,2016-03-23,70,25-174,OTT,@,NYI,L,0,0,0,-1,0,0,0,0,0,0,0,0,6,0.0,24,14:11,2,0,0,1,0.0
232,2016-03-26,71,25-177,OTT,,ANA,L-OT,0,0,0,0,0,0,0,0,0,0,0,0,1,0.0,24,17:12,2,0,0,0,
233,2016-03-30,72,25-181,OTT,@,WPG,W,1,0,1,1,0,1,0,0,1,0,0,0,1,100.0,21,14:45,1,1,0,0,
234,2016-03-31,73,25-182,OTT,@,MIN,W,0,0,0,-1,0,0,0,0,0,0,0,0,1,0.0,23,15:24,0,0,0,0,
235,2016-04-02,74,25-184,OTT,@,PHI,L,0,0,0,0,2,0,0,0,0,0,0,0,2,0.0,25,16:03,2,1,0,0,
236,2016-04-05,75,25-187,OTT,,PIT,L,0,0,0,-1,0,0,0,0,0,0,0,0,1,0.0,25,17:04,0,0,0,0,
237,2016-04-07,76,25-189,OTT,,FLA,W,0,0,0,-1,0,0,0,0,0,0,0,0,0,,18,16:05,0,2,0,0,
238,2016-04-09,77,25-191,OTT,@,BOS,W,0,0,0,1,0,0,0,0,0,0,0,0,1,0.0,24,15:09,1,0,0,0,
239,2016-10-12,1,26-011,CGY,@,EDM,L,1,0,1,1,0,1,0,0,0,0,0,0,2,50.0,12,8:13,2,0,0,0,
240,2016-10-14,2,26-013,CGY,,EDM,L,0,0,0,0,0,0,0,0,0,0,0,0,2,0.0,16,7:59,1,0,0,0,
241,2016-10-15,3,26-014,CGY,@,VAN,L-SO,0,0,0,0,2,0,0,0,0,0,0,0,3,0.0,14,9:03,1,0,0,1,0.0
242,2016-10-18,4,26-017,CGY,,BUF,W,0,0,0,1,0,0,0,0,0,0,0,0,2,0.0,20,12:38,2,0,0,0,
243,2016-10-20,5,26-019,CGY,,CAR,L,0,0,0,0,4,0,0,0,0,0,0,0,1,0.0,17,11:28,1,0,0,1,0.0
244,2016-10-22,6,26-021,CGY,,STL,L,0,0,0,-1,0,0,0,0,0,0,0,0,0,,17,11:16,1,0,0,1,0.0
245,2016-10-24,7,26-023,CGY,@,CHI,W,0,0,0,0,2,0,0,0,0,0,0,0,2,0.0,25,17:30,2,1,0,0,
246,2016-10-25,8,26-024,CGY,@,STL,W,0,0,0,0,0,0,0,0,0,0,0,0,0,,19,15:00,0,0,0,0,
247,2016-10-28,9,26-027,CGY,,OTT,W,0,2,2,3,0,0,0,0,0,2,0,0,2,0.0,24,14:31,0,1,0,0,
248,2016-10-30,10,26-029,CGY,,WSH,L,0,0,0,0,0,0,0,0,0,0,0,0,0,,20,13:44,1,0,0,0,
249,2016-11-01,11,26-031,CGY,@,CHI,L,0,0,0,-1,0,0,0,0,0,0,0,0,1,0.0,22,11:56,3,0,0,1,0.0
250,2016-11-03,12,26-033,CGY,@,SJS,W,0,0,0,-1,2,0,0,0,0,0,0,0,1,0.0,21,13:56,4,0,0,1,0.0
251,2016-11-05,13,26-035,CGY,@,LAK,L,0,0,0,-1,0,0,0,0,0,0,0,0,1,0.0,20,13:04,0,0,0,0,
252,2016-11-06,14,26-036,CGY,@,ANA,L,1,0,1,0,0,1,0,0,0,0,0,0,2,50.0,19,13:11,0,0,0,2,0.0
253,2016-11-10,15,26-040,CGY,,DAL,L,0,0,0,0,4,0,0,0,0,0,0,0,3,0.0,26,16:42,1,0,0,1,0.0
254,2016-11-12,16,26-042,CGY,,NYR,L,0,0,0,0,0,0,0,0,0,0,0,0,2,0.0,25,19:33,0,0,0,1,0.0
255,2016-11-15,17,26-045,CGY,@,MIN,W,0,0,0,0,0,0,0,0,0,0,0,0,2,0.0,22,14:15,1,1,0,0,
256,2016-11-16,18,26-046,CGY,,ARI,W,0,0,0,0,0,0,0,0,0,0,0,0,1,0.0,18,12:35,0,0,0,1,0.0
257,2016-11-18,19,26-048,CGY,,CHI,L,0,0,0,0,0,0,0,0,0,0,0,0,0,,16,10:09,2,0,0,0,
258,2016-11-20,20,26-050,CGY,@,DET,W,0,0,0,1,0,0,0,0,0,0,0,0,3,0.0,17,13:47,0,0,0,1,0.0
259,2016-11-21,21,26-051,CGY,@,BUF,L,0,0,0,0,0,0,0,0,0,0,0,0,0,,18,14:39,2,0,0,0,
260,2016-11-23,22,26-053,CGY,@,CBJ,W,0,0,0,0,0,0,0,0,0,0,0,0,1,0.0,17,13:12,1,0,0,0,
261,2016-11-25,23,26-055,CGY,@,BOS,W,1,0,1,2,0,1,0,0,1,0,0,0,1,100.0,22,14:29,0,0,0,0,
262,2016-11-27,24,26-057,CGY,@,PHI,L,1,0,1,0,0,0,0,1,0,0,0,0,4,25.0,20,13:47,2,0,0,0,
263,2016-11-28,25,26-058,CGY,@,NYI,L-OT,0,0,0,-1,0,0,0,0,0,0,0,0,1,0.0,21,14:28,0,0,0,0,
264,2016-11-30,26,26-060,CGY,,TOR,W,0,1,1,1,0,0,0,0,0,1,0,0,0,,18,13:57,1,0,0,0,
265,2016-12-02,27,26-062,CGY,,MIN,W,0,0,0,-1,0,0,0,0,0,0,0,0,0,,18,12:19,2,0,0,0,
266,2016-12-04,28,26-064,CGY,,ANA,W,1,2,3,0,5,1,0,0,0,1,1,0,1,100.0,20,14:19,0,0,0,0,
267,2016-12-06,29,26-066,CGY,@,DAL,W,0,1,1,1,0,0,0,0,0,1,0,0,1,0.0,23,15:38,1,0,0,2,0.0
268,2016-12-08,30,26-068,CGY,@,ARI,W,0,0,0,-1,2,0,0,0,0,0,0,0,2,0.0,20,14:34,0,0,1,0,100.0
269,2016-12-10,31,26-070,CGY,,WPG,W,0,0,0,0,0,0,0,0,0,0,0,0,1,0.0,21,15:15,1,0,0,1,0.0
270,2016-12-14,32,26-074,CGY,,TBL,L,0,0,0,0,0,0,0,0,0,0,0,0,1,0.0,17,14:06,0,0,0,1,0.0
271,2016-12-16,33,26-076,CGY,,CBJ,L,0,0,0,0,0,0,0,0,0,0,0,0,2,0.0,18,14:28,1,0,0,0,
272,2016-12-19,34,26-079,CGY,@,ARI,W,0,0,0,-1,0,0,0,0,0,0,0,0,0,,21,12:37,2,0,0,0,
273,2016-12-20,35,26-080,CGY,@,SJS,L,0,0,0,0,0,0,0,0,0,0,0,0,1,0.0,17,13:22,2,0,0,0,
274,2016-12-23,36,26-083,CGY,,VAN,W,0,0,0,0,0,0,0,0,0,0,0,0,0,,19,14:18,1,0,0,0,
275,2016-12-27,37,26-087,CGY,@,COL,W,0,0,0,2,0,0,0,0,0,0,0,0,1,0.0,20,16:14,0,0,0,0,
276,2016-12-29,38,26-089,CGY,,ANA,L,0,0,0,-1,2,0,0,0,0,0,0,0,1,0.0,19,18:02,0,0,0,0,
277,2016-12-31,39,26-091,CGY,,ARI,W,0,0,0,0,0,0,0,0,0,0,0,0,1,0.0,22,19:37,0,1,0,0,
278,2017-01-04,40,26-095,CGY,,COL,W,1,1,2,0,0,1,0,0,0,0,1,0,3,33.3,19,18:07,0,0,0,0,
279,2017-01-06,41,26-097,CGY,@,VAN,L,0,0,0,-2,0,0,0,0,0,0,0,0,3,0.0,21,16:09,1,1,0,0,
280,2017-01-07,42,26-098,CGY,,VAN,W,1,0,1,1,0,1,0,0,0,0,0,0,2,50.0,20,16:53,2,1,0,0,
281,2017-01-09,43,26-100,CGY,@,WPG,L,0,0,0,0,0,0,0,0,0,0,0,0,1,0.0,22,17:07,0,1,0,0,
282,2017-01-11,44,26-102,CGY,,SJS,W,0,0,0,0,0,0,0,0,0,0,0,0,1,0.0,21,15:55,0,1,0,0,
283,2017-01-13,45,26-104,CGY,,NJD,L,0,0,0,-1,0,0,0,0,0,0,0,0,1,0.0,19,15:55,0,0,1,0,100.0
284,2017-01-14,46,26-105,CGY,@,EDM,L-SO,0,0,0,0,0,0,0,0,0,0,0,0,1,0.0,18,14:36,2,0,0,0,
285,2017-01-17,47,26-108,CGY,,FLA,W,0,0,0,0,0,0,0,0,0,0,0,0,2,0.0,17,14:03,0,1,0,0,
286,2017-01-19,48,26-110,CGY,,NSH,L,0,0,0,0,0,0,0,0,0,0,0,0,2,0.0,16,11:33,1,1,1,0,100.0
287,2017-01-21,49,26-112,CGY,,EDM,L,0,0,0,-2,0,0,0,0,0,0,0,0,2,0.0,19,15:04,0,0,0,1,0.0
288,2017-01-23,50,26-114,CGY,@,TOR,L,0,0,0,0,2,0,0,0,0,0,0,0,3,0.0,14,12:57,5,0,0,0,
289,2017-01-24,51,26-115,CGY,@,MTL,L,0,0,0,0,0,0,0,0,0,0,0,0,1,0.0,16,12:40,4,0,0,0,
290,2017-01-26,52,26-117,CGY,@,OTT,W,0,0,0,-1,0,0,0,0,0,0,0,0,1,0.0,19,11:32,4,0,0,2,0.0
291,2017-02-01,53,26-123,CGY,,MIN,W,1,0,1,0,0,1,0,0,0,0,0,0,1,100.0,19,14:09,1,2,0,0,
292,2017-02-03,54,26-125,CGY,@,NJD,W,0,0,0,0,0,0,0,0,0,0,0,0,0,,19,13:58,1,0,0,0,
293,2017-02-05,55,26-127,CGY,@,NYR,L,0,0,0,-3,0,0,0,0,0,0,0,0,3,0.0,19,14:45,0,0,0,1,0.0
294,2017-02-07,56,26-129,CGY,@,PIT,W,0,0,0,0,0,0,0,0,0,0,0,0,1,0.0,19,12:43,2,0,0,0,
295,2017-02-13,57,26-135,CGY,,ARI,L,0,0,0,0,0,0,0,0,0,0,0,0,2,0.0,19,15:11,0,0,0,0,
296,2017-02-15,58,26-137,CGY,,PHI,W,0,0,0,-1,15,0,0,0,0,0,0,0,1,0.0,3,1:45,0,0,0,0,
297,2017-02-21,59,26-143,CGY,@,NSH,W,0,0,0,-1,0,0,0,0,0,0,0,0,1,0.0,14,10:40,0,1,0,1,0.0
298,2017-02-23,60,26-145,CGY,@,TBL,W,0,0,0,0,0,0,0,0,0,0,0,0,2,0.0,16,13:00,0,0,0,0,
299,2017-02-24,61,26-146,CGY,@,FLA,W,0,0,0,0,0,0,0,0,0,0,0,0,1,0.0,16,9:48,1,0,0,0,
300,2017-02-26,62,26-148,CGY,@,CAR,W,0,0,0,0,2,0,0,0,0,0,0,0,0,,16,11:56,0,1,1,0,100.0
301,2017-02-28,63,26-150,CGY,,LAK,W,0,0,0,0,0,0,0,0,0,0,0,0,0,,16,11:22,1,1,0,0,
302,2017-03-03,64,26-153,CGY,,DET,W,0,0,0,0,0,0,0,0,0,0,0,0,0,,17,12:07,0,1,1,0,100.0
303,2017-03-05,65,26-155,CGY,,NYI,W,0,1,1,0,0,0,0,0,0,1,0,0,2,0.0,16,10:31,0,0,1,0,100.0
304,2017-03-09,66,26-159,CGY,,MTL,W,0,0,0,0,0,0,0,0,0,0,0,0,2,0.0,17,12:43,1,0,0,1,0.0
305,2017-03-11,67,26-161,CGY,@,WPG,W,1,0,1,1,0,1,0,0,0,0,0,0,1,100.0,19,10:51,1,0,0,0,
306,2017-03-13,68,26-163,CGY,,PIT,W,0,1,1,1,0,0,0,0,0,1,0,0,1,0.0,18,10:05,0,0,1,0,100.0
307,2017-03-15,69,26-165,CGY,,BOS,L,1,0,1,0,0,1,0,0,0,0,0,0,1,100.0,17,10:32,0,0,0,0,
308,2017-03-17,70,26-167,CGY,,DAL,W,0,0,0,0,0,0,0,0,0,0,0,0,2,0.0,16,11:41,0,0,0,0,
309,2017-03-19,71,26-169,CGY,,LAK,W,0,1,1,1,0,0,0,0,0,1,0,0,0,,17,12:15,3,0,0,0,
310,2017-03-21,72,26-171,CGY,@,WSH,L,0,1,1,1,0,0,0,0,0,1,0,0,1,0.0,22,16:32,0,0,0,0,
311,2017-03-23,73,26-173,CGY,@,NSH,L,0,0,0,0,0,0,0,0,0,0,0,0,0,,17,10:54,0,1,0,0,
312,2017-03-25,74,26-175,CGY,@,STL,W,0,0,0,-1,0,0,0,0,0,0,0,0,1,0.0,15,11:37,1,0,0,0,
313,2017-03-27,75,26-177,CGY,,COL,W,0,0,0,0,0,0,0,0,0,0,0,0,1,0.0,17,14:10,0,1,0,0,
314,2017-03-29,76,26-179,CGY,,LAK,L,0,0,0,-2,4,0,0,0,0,0,0,0,1,0.0,21,11:29,1,0,0,0,
315,2017-03-31,77,26-181,CGY,,SJS,W,1,1,2,3,0,1,0,0,0,1,0,0,2,50.0,21,13:12,0,0,0,0,
316,2017-04-02,78,26-183,CGY,,ANA,L,0,0,0,-1,0,0,0,0,0,0,0,0,0,,18,11:38,0,0,0,0,
317,2017-04-04,79,26-185,CGY,@,ANA,L,0,0,0,-1,0,0,0,0,0,0,0,0,0,,16,13:37,3,0,0,0,
318,2017-04-06,80,26-187,CGY,@,LAK,W,1,0,1,0,0,1,0,0,0,0,0,0,2,50.0,20,14:22,1,0,0,1,0.0
319,2017-04-08,81,26-189,CGY,@,SJS,L,0,0,0,-1,0,0,0,0,0,0,0,0,3,0.0,18,14:34,0,0,0,0,
320,2017-10-05,1,27-004,WSH,@,OTT,W,0,0,0,-1,0,0,0,0,0,0,0,0,2,0.0,17,11:45,0,0,1,2,33.3
321,2017-10-07,2,27-006,WSH,,MTL,W,0,0,0,0,0,0,0,0,0,0,0,0,1,0.0,17,12:38,1,0,0,0,
322,2017-10-09,3,27-008,WSH,@,TBL,L-OT,0,0,0,0,0,0,0,0,0,0,0,0,0,,19,15:32,1,1,1,1,50.0
323,2017-10-11,4,27-010,WSH,,PIT,L,0,0,0,1,2,0,0,0,0,0,0,0,0,,16,11:29,0,0,1,0,100.0
324,2017-10-13,5,27-012,WSH,@,NJD,W,0,0,0,0,0,0,0,0,0,0,0,0,3,0.0,22,13:28,3,0,1,1,50.0
325,2017-10-14,6,27-013,WSH,@,PHI,L,0,0,0,-2,0,0,0,0,0,0,0,0,0,,17,13:04,0,0,1,0,100.0
326,2017-10-20,7,27-019,WSH,@,DET,W,0,1,1,1,0,0,0,0,0,0,0,1,1,0.0,16,9:56,1,0,0,2,0.0
327,2017-10-21,8,27-020,WSH,,FLA,L,0,0,0,0,0,0,0,0,0,0,0,0,1,0.0,12,9:24,0,0,1,0,100.0
328,2017-10-26,9,27-025,WSH,@,VAN,L,0,0,0,-1,0,0,0,0,0,0,0,0,1,0.0,23,17:36,1,1,0,1,0.0
329,2017-10-28,10,27-027,WSH,@,EDM,W,0,0,0,0,0,0,0,0,0,0,0,0,0,,17,11:54,2,0,1,0,100.0
330,2017-10-29,11,27-028,WSH,@,CGY,L,0,0,0,-1,0,0,0,0,0,0,0,0,2,0.0,15,10:57,1,0,0,0,
331,2017-11-02,12,27-032,WSH,,NYI,W,1,0,1,1,0,1,0,0,0,0,0,0,2,50.0,16,13:13,0,3,0,0,
332,2017-11-04,13,27-034,WSH,@,BOS,W,0,0,0,0,0,0,0,0,0,0,0,0,2,0.0,18,13:37,0,0,0,0,
333,2017-11-06,14,27-036,WSH,,ARI,W,0,0,0,0,0,0,0,0,0,0,0,0,4,0.0,17,13:16,0,0,0,4,0.0
334,2017-11-07,15,27-037,WSH,@,BUF,L,0,0,0,-1,0,0,0,0,0,0,0,0,0,,19,13:35,0,0,0,1,0.0
335,2017-11-10,16,27-040,WSH,,PIT,W,0,0,0,1,0,0,0,0,0,0,0,0,2,0.0,16,12:42,2,0,0,0,
336,2017-11-12,17,27-042,WSH,,EDM,W,0,0,0,-1,0,0,0,0,0,0,0,0,1,0.0,13,7:31,0,0,0,1,0.0
337,2017-11-14,18,27-044,WSH,@,NSH,L,1,0,1,-1,0,1,0,0,0,0,0,0,1,100.0,18,10:10,1,1,0,1,0.0
338,2017-11-16,19,27-046,WSH,@,COL,L,0,0,0,0,4,0,0,0,0,0,0,0,0,,19,12:42,0,0,0,0,
339,2017-11-18,20,27-048,WSH,,MIN,W,0,0,0,0,0,0,0,0,0,0,0,0,0,,18,12:03,0,1,0,0,
340,2017-11-20,21,27-050,WSH,,CGY,L,0,0,0,-1,2,0,0,0,0,0,0,0,4,0.0,16,13:00,1,1,1,0,100.0
341,2017-11-22,22,27-052,WSH,,OTT,W,1,1,2,2,0,1,0,0,0,1,0,0,1,100.0,17,12:53,0,1,1,1,50.0
342,2017-11-24,23,27-054,WSH,,TBL,W,0,0,0,1,0,0,0,0,0,0,0,0,0,,18,13:42,1,3,0,0,
343,2017-11-25,24,27-055,WSH,@,TOR,W,0,0,0,-1,0,0,0,0,0,0,0,0,1,0.0,18,14:29,2,0,0,1,0.0
344,2017-11-30,25,27-060,WSH,,LAK,L,0,0,0,-2,0,0,0,0,0,0,0,0,0,,16,13:45,1,0,0,0,
345,2017-12-02,26,27-062,WSH,,CBJ,W,1,0,1,0,0,1,0,0,0,0,0,0,1,100.0,15,12:01,2,0,0,0,
346,2017-12-04,27,27-064,WSH,,SJS,W,0,0,0,1,5,0,0,0,0,0,0,0,0,,17,12:43,1,0,0,1,0.0
347,2017-12-06,28,27-066,WSH,,CHI,W,0,0,0,1,0,0,0,0,0,0,0,0,1,0.0,20,16:11,2,0,1,1,50.0
348,2017-12-08,29,27-068,WSH,,NYR,W,0,0,0,-2,2,0,0,0,0,0,0,0,0,,20,12:48,0,0,1,0,100.0
349,2017-12-11,30,27-071,WSH,@,NYI,L,0,0,0,-1,0,0,0,0,0,0,0,0,1,0.0,14,11:40,1,0,0,0,
350,2017-12-12,31,27-072,WSH,,COL,W,0,0,0,0,0,0,0,0,0,0,0,0,1,0.0,17,14:18,0,4,0,2,0.0
351,2017-12-14,32,27-074,WSH,@,BOS,W,2,0,2,2,0,1,0,1,1,0,0,0,3,66.7,17,12:46,0,2,0,1,0.0
352,2017-12-16,33,27-076,WSH,,ANA,W,0,0,0,0,0,0,0,0,0,0,0,0,2,0.0,21,16:47,2,2,0,0,
353,2017-12-19,34,27-079,WSH,@,DAL,W,0,0,0,0,0,0,0,0,0,0,0,0,1,0.0,17,12:44,3,1,0,0,
354,2017-12-22,35,27-082,WSH,@,ARI,L-OT,0,0,0,0,2,0,0,0,0,0,0,0,0,,18,11:22,1,0,0,0,
355,2017-12-27,36,27-087,WSH,@,NYR,L-SO,0,0,0,0,0,0,0,0,0,0,0,0,2,0.0,16,12:32,2,0,0,0,
356,2017-12-28,37,27-088,WSH,,BOS,W,0,0,0,-1,0,0,0,0,0,0,0,0,1,0.0,14,9:24,0,1,0,1,0.0
357,2017-12-30,38,27-090,WSH,,NJD,W,0,0,0,0,0,0,0,0,0,0,0,0,3,0.0,16,14:52,2,2,0,1,0.0
358,2018-01-02,39,27-093,WSH,@,CAR,W,1,0,1,1,0,1,0,0,0,0,0,0,1,100.0,17,13:11,2,0,0,0,
359,2018-01-07,40,27-098,WSH,,STL,W,0,0,0,0,0,0,0,0,0,0,0,0,0,,16,11:27,1,0,0,0,
360,2018-01-11,41,27-102,WSH,,CAR,L,0,0,0,0,0,0,0,0,0,0,0,0,0,,12,8:46,1,1,0,1,0.0
361,2018-01-12,42,27-103,WSH,@,CAR,W,0,0,0,0,0,0,0,0,0,0,0,0,1,0.0,15,11:33,1,0,0,0,
362,2018-01-18,43,27-109,WSH,@,NJD,L-OT,0,1,1,0,2,0,0,0,0,1,0,0,1,0.0,13,9:33,0,0,0,1,0.0
363,2018-01-19,44,27-110,WSH,,MTL,L,0,0,0,1,0,0,0,0,0,0,0,0,0,,14,11:09,0,0,0,0,
364,2018-01-25,45,27-116,WSH,@,FLA,W,0,0,0,0,0,0,0,0,0,0,0,0,0,,16,11:56,0,0,0,0,
365,2018-01-31,46,27-122,WSH,,PHI,W,0,0,0,1,5,0,0,0,0,0,0,0,0,,11,7:04,0,0,0,1,0.0
366,2018-02-02,47,27-124,WSH,@,PIT,L,0,0,0,0,0,0,0,0,0,0,0,0,1,0.0,10,8:33,2,0,0,1,0.0
367,2018-02-09,48,27-131,WSH,,CBJ,W,0,0,0,0,0,0,0,0,0,0,0,0,0,,10,9:05,0,1,0,0,
368,2018-02-13,49,27-135,WSH,@,WPG,L-OT,0,1,1,0,0,0,0,0,0,1,0,0,0,,15,10:09,3,0,0,0,
369,2018-02-17,50,27-139,WSH,@,CHI,L,0,0,0,0,0,0,0,0,0,0,0,0,0,,17,14:37,2,0,0,0,
370,2018-02-24,51,27-146,WSH,,BUF,W,0,1,1,2,0,0,0,0,0,1,0,0,1,0.0,13,9:38,1,0,0,3,0.0
371,2018-02-26,52,27-148,WSH,@,CBJ,L,0,0,0,-1,0,0,0,0,0,0,0,0,0,,10,7:26,0,0,0,0,
372,2018-03-08,53,27-158,WSH,@,LAK,L,0,0,0,-1,0,0,0,0,0,0,0,0,0,,10,7:47,5,0,0,0,
373,2018-03-16,54,27-166,WSH,,NYI,W,1,2,3,2,0,0,1,0,1,2,0,0,2,50.0,17,14:18,0,0,0,0,
374,2018-03-18,55,27-168,WSH,@,PHI,L,0,0,0,-1,0,0,0,0,0,0,0,0,1,0.0,14,10:51,1,0,0,0,
375,2018-03-24,56,27-174,WSH,@,MTL,W,0,1,1,1,0,0,0,0,0,1,0,0,1,0.0,17,12:42,2,1,0,0,
376,2018-03-26,57,27-176,WSH,@,NYR,W,0,1,1,0,0,0,0,0,0,0,0,1,0,,12,10:11,0,1,0,0,
377,2018-03-28,58,27-178,WSH,,NYR,W,0,0,0,0,0,0,0,0,0,0,0,0,1,0.0,10,6:36,1,0,0,0,
378,2018-04-02,59,27-183,WSH,@,STL,W,1,0,1,1,0,1,0,0,0,0,0,0,3,33.3,17,11:51,0,0,0,0,
379,2018-04-05,60,27-186,WSH,,NSH,L,0,0,0,0,0,0,0,0,0,0,0,0,1,0.0,7,4:10,1,1,0,0,
380,2018-04-07,61,27-188,WSH,,NJD,W,0,0,0,0,2,0,0,0,0,0,0,0,0,,14,10:40,0,0,0,0,
381,2018-10-20,1,28-019,EDM,,NSH,L,0,0,0,0,0,0,0,0,0,0,0,0,0,,10,7:28,0,1,0,0,
382,2018-10-23,2,28-022,EDM,,PIT,L-OT,2,0,2,1,0,2,0,0,0,0,0,0,2,100.0,15,10:00,3,1,0,0,
383,2018-10-25,3,28-024,EDM,,WSH,W,1,0,1,2,0,1,0,0,0,0,0,0,1,100.0,22,17:39,3,0,0,1,0.0
384,2018-10-27,4,28-026,EDM,@,NSH,W,0,0,0,1,0,0,0,0,0,0,0,0,0,,17,13:41,1,1,0,0,
385,2018-10-28,5,28-027,EDM,@,CHI,W,0,0,0,0,0,0,0,0,0,0,0,0,1,0.0,12,11:16,1,0,0,0,
386,2018-10-30,6,28-029,EDM,,MIN,L,1,0,1,1,0,1,0,0,0,0,0,0,2,50.0,19,13:54,0,1,0,0,
387,2018-11-01,7,28-031,EDM,,CHI,W,1,0,1,1,0,1,0,0,0,0,0,0,4,25.0,18,15:05,1,0,0,0,
388,2018-11-03,8,28-033,EDM,@,DET,W,1,0,1,1,0,1,0,0,0,0,0,0,3,33.3,17,15:28,2,1,0,0,
389,2018-11-05,9,28-035,EDM,@,WSH,L,0,0,0,0,0,0,0,0,0,0,0,0,1,0.0,18,17:51,0,1,0,0,
390,2018-11-08,10,28-038,EDM,@,FLA,L,0,0,0,-1,0,0,0,0,0,0,0,0,0,,16,12:44,2,0,0,0,
391,2018-11-11,11,28-041,EDM,,COL,L,0,0,0,-1,0,0,0,0,0,0,0,0,0,,15,12:20,4,0,0,0,
392,2018-11-13,12,28-043,EDM,,MTL,W,0,1,1,1,4,0,0,0,0,1,0,0,2,0.0,18,12:11,1,0,0,0,
393,2018-11-17,13,28-047,EDM,@,CGY,L,1,0,1,0,0,0,0,1,0,0,0,0,1,100.0,25,16:21,1,0,1,3,25.0
394,2018-11-18,14,28-048,EDM,,VEG,L,1,0,1,-1,0,0,1,0,0,0,0,0,2,50.0,20,13:55,1,0,1,0,100.0
395,2018-11-20,15,28-050,EDM,@,SJS,W,0,0,0,-1,0,0,0,0,0,0,0,0,0,,19,12:50,0,3,0,1,0.0
396,2018-11-23,16,28-053,EDM,@,ANA,L-OT,0,1,1,0,0,0,0,0,0,0,1,0,2,0.0,15,17:22,4,0,1,1,50.0
397,2018-11-25,17,28-055,EDM,@,LAK,L,2,0,2,0,0,1,1,0,0,0,0,0,3,66.7,23,16:24,1,0,0,1,0.0
398,2018-11-27,18,28-057,EDM,,DAL,W,0,0,0,0,2,0,0,0,0,0,0,0,2,0.0,23,17:06,3,0,0,0,
399,2018-11-29,19,28-059,EDM,,LAK,W,1,0,1,0,0,0,1,0,0,0,0,0,5,20.0,27,21:25,0,0,0,0,
400,2018-12-01,20,28-061,EDM,,VEG,W,0,0,0,0,0,0,0,0,0,0,0,0,1,0.0,22,18:58,0,0,0,0,
401,2018-12-03,21,28-063,EDM,@,DAL,L,0,0,0,-1,4,0,0,0,0,0,0,0,1,0.0,22,17:07,1,1,1,0,100.0
402,2018-12-05,22,28-065,EDM,@,STL,W,0,0,0,0,0,0,0,0,0,0,0,0,3,0.0,25,21:17,0,0,0,0,
403,2018-12-07,23,28-067,EDM,,MIN,W,1,0,1,4,0,1,0,0,0,0,0,0,1,100.0,23,19:36,0,2,0,0,
404,2018-12-09,24,28-069,EDM,,CGY,W,0,1,1,1,0,0,0,0,0,1,0,0,1,0.0,25,20:58,1,0,0,0,
405,2018-12-11,25,28-071,EDM,@,COL,W,0,0,0,0,2,0,0,0,0,0,0,0,1,0.0,23,19:11,0,1,0,0,
406,2018-12-13,26,28-073,EDM,@,WPG,L-OT,1,1,2,0,0,0,1,0,0,1,0,0,4,25.0,30,19:20,0,1,0,0,
407,2018-12-14,27,28-074,EDM,,PHI,W,1,0,1,1,0,1,0,0,0,0,0,0,3,33.3,24,18:00,3,0,0,0,
408,2018-12-16,28,28-076,EDM,@,VAN,L,1,0,1,0,0,1,0,0,0,0,0,0,1,100.0,28,18:55,1,0,0,0,
409,2018-12-18,29,28-078,EDM,,STL,L,0,0,0,-1,0,0,0,0,0,0,0,0,1,0.0,27,20:33,2,0,0,0,
410,2018-12-22,30,28-082,EDM,,TBL,L,1,0,1,-2,2,0,1,0,0,0,0,0,2,50.0,23,17:17,2,0,0,0,
411,2018-12-27,31,28-087,EDM,,VAN,L,0,0,0,0,0,0,0,0,0,0,0,0,0,,5,3:44,0,0,0,0,
412,2019-01-05,32,28-096,EDM,@,LAK,L,0,0,0,0,2,0,0,0,0,0,0,0,0,,19,17:22,2,0,0,1,0.0
413,2019-01-06,33,28-097,EDM,@,ANA,W,0,0,0,0,0,0,0,0,0,0,0,0,1,0.0,22,15:09,0,2,1,0,100.0
414,2019-01-08,34,28-099,EDM,@,SJS,L,1,0,1,-2,0,0,1,0,0,0,0,0,2,50.0,20,16:01,0,0,0,0,
415,2019-01-10,35,28-101,EDM,,FLA,W,0,1,1,1,0,0,0,0,0,1,0,0,1,0.0,29,23:42,1,1,0,1,0.0
416,2019-01-12,36,28-103,EDM,,ARI,L,0,0,0,-1,2,0,0,0,0,0,0,0,2,0.0,26,18:38,2,1,1,0,100.0
417,2019-01-14,37,28-105,EDM,,BUF,W,0,0,0,1,0,0,0,0,0,0,0,0,0,,25,15:45,0,0,0,0,
418,2019-01-16,38,28-107,EDM,@,VAN,W,0,0,0,0,0,0,0,0,0,0,0,0,2,0.0,28,22:20,0,0,0,0,
419,2019-01-19,39,28-110,EDM,,CGY,L,0,0,0,-1,0,0,0,0,0,0,0,0,2,0.0,22,19:29,1,0,0,0,
420,2019-01-20,40,28-111,EDM,,CAR,L,0,1,1,1,2,0,0,0,0,0,1,0,1,0.0,21,15:48,0,0,0,0,
421,2019-01-22,41,28-113,EDM,,DET,L,0,1,1,1,0,0,0,0,0,1,0,0,2,0.0,27,20:15,3,0,0,0,
422,2019-02-02,42,28-124,EDM,@,PHI,L-OT,0,0,0,1,0,0,0,0,0,0,0,0,3,0.0,17,14:30,1,0,0,0,
423,2019-02-03,43,28-125,EDM,@,MTL,L-OT,0,1,1,-3,0,0,0,0,0,0,1,0,2,0.0,25,19:36,1,1,0,1,0.0
424,2019-02-05,44,28-127,EDM,,CHI,L,0,0,0,-2,0,0,0,0,0,0,0,0,1,0.0,20,17:32,1,1,0,0,
425,2019-02-07,45,28-129,EDM,@,MIN,W,0,1,1,0,0,0,0,0,0,0,1,0,1,0.0,27,19:25,3,1,0,0,
426,2019-02-09,46,28-131,EDM,,SJS,L,0,1,1,-1,0,0,0,0,0,0,1,0,2,0.0,26,17:27,1,0,0,0,
427,2019-02-13,47,28-135,EDM,@,PIT,L,0,0,0,-1,0,0,0,0,0,0,0,0,1,0.0,22,17:12,3,0,0,0,
428,2019-02-15,48,28-137,EDM,@,CAR,L,0,0,0,-1,0,0,0,0,0,0,0,0,8,0.0,26,21:26,0,0,0,0,
429,2019-02-16,49,28-138,EDM,@,NYI,L,0,0,0,-1,0,0,0,0,0,0,0,0,0,,23,19:52,1,0,0,0,
430,2019-02-19,50,28-141,EDM,,ARI,L-SO,0,0,0,0,0,0,0,0,0,0,0,0,1,0.0,24,20:43,1,0,0,0,
431,2019-02-21,51,28-143,EDM,,NYI,W,0,0,0,0,0,0,0,0,0,0,0,0,3,0.0,25,23:14,0,0,0,0,
432,2019-02-23,52,28-145,EDM,,ANA,W,0,0,0,1,0,0,0,0,0,0,0,0,1,0.0,26,20:15,1,1,1,0,100.0
433,2019-02-25,53,28-147,EDM,@,NSH,L-SO,0,1,1,1,0,0,0,0,0,0,1,0,2,0.0,27,21:19,0,1,0,0,
434,2019-02-27,54,28-149,EDM,@,TOR,L,0,0,0,-1,2,0,0,0,0,0,0,0,0,,19,15:34,1,0,0,0,
435,2019-02-28,55,28-150,EDM,@,OTT,W,0,0,0,0,2,0,0,0,0,0,0,0,1,0.0,20,17:36,2,0,0,0,
436,2019-03-02,56,28-152,EDM,@,CBJ,W,1,0,1,1,0,1,0,0,0,0,0,0,2,50.0,24,16:49,0,0,0,0,
437,2019-03-04,57,28-154,EDM,@,BUF,W,0,0,0,1,2,0,0,0,0,0,0,0,3,0.0,25,19:43,2,1,0,0,
438,2019-03-07,58,28-157,EDM,,VAN,W,1,0,1,1,0,1,0,0,0,0,0,0,3,33.3,21,18:06,4,0,0,0,
439,2019-03-09,59,28-159,EDM,,TOR,L,0,0,0,0,0,0,0,0,0,0,0,0,1,0.0,17,17:42,1,2,0,0,
440,2019-03-11,60,28-161,EDM,,NYR,W,0,1,1,-1,0,0,0,0,0,0,1,0,0,,18,16:36,1,0,0,0,
441,2019-03-13,61,28-163,EDM,,NJD,L,1,0,1,-2,2,0,1,0,0,0,0,0,3,33.3,17,14:48,0,0,0,1,0.0
442,2019-03-16,62,28-166,EDM,@,ARI,W,0,1,1,1,0,0,0,0,0,0,0,1,1,0.0,22,18:20,2,0,0,0,
443,2019-03-17,63,28-167,EDM,@,VEG,L,0,0,0,-2,0,0,0,0,0,0,0,0,4,0.0,23,16:30,3,0,0,0,
444,2019-03-19,64,28-169,EDM,@,STL,L,0,0,0,-1,2,0,0,0,0,0,0,0,1,0.0,18,13:13,1,2,0,0,
445,2019-03-21,65,28-171,EDM,,CBJ,W,0,0,0,0,0,0,0,0,0,0,0,0,3,0.0,23,18:11,0,0,0,2,0.0
446,2019-03-23,66,28-173,EDM,,OTT,L-OT,1,0,1,1,2,1,0,0,0,0,0,0,2,50.0,22,15:43,1,0,0,0,
447,2019-03-26,67,28-176,EDM,,LAK,W,0,2,2,2,0,0,0,0,0,2,0,0,2,0.0,19,13:58,0,1,0,1,0.0
448,2019-03-28,68,28-178,EDM,,DAL,L-SO,0,0,0,1,0,0,0,0,0,0,0,0,3,0.0,25,20:47,2,2,0,0,
449,2019-03-30,69,28-180,EDM,,ANA,L,0,0,0,0,0,0,0,0,0,0,0,0,0,,19,13:30,2,0,0,1,0.0
450,2019-04-01,70,28-182,EDM,@,VEG,L,0,0,0,-1,0,0,0,0,0,0,0,0,1,0.0,19,14:46,1,0,0,0,
451,2019-04-02,71,28-183,EDM,@,COL,L,0,0,0,-1,0,0,0,0,0,0,0,0,2,0.0,21,15:47,0,0,0,0,
452,2019-04-04,72,28-185,EDM,,SJS,L,0,0,0,-1,0,0,0,0,0,0,0,0,2,0.0,22,17:20,1,0,0,0,
453,2019-04-06,73,28-187,EDM,@,CGY,W,1,1,2,1,0,0,1,0,1,1,0,0,1,100.0,25,16:55,1,0,0,0,
454,2019-10-02,1,29-001,EDM,,VAN,W,0,0,0,0,0,0,0,0,0,0,0,0,2,0.0,14,10:41,1,0,0,0,
455,2019-10-12,2,29-011,EDM,@,NYR,W,0,0,0,0,0,0,0,0,0,0,0,0,2,0.0,15,11:55,0,0,0,0,
456,2019-10-14,3,29-013,EDM,@,CHI,L,0,0,0,-1,0,0,0,0,0,0,0,0,2,0.0,17,10:54,0,1,0,0,
457,2019-10-16,4,29-015,EDM,,PHI,W,0,0,0,1,0,0,0,0,0,0,0,0,0,,15,11:35,0,0,0,0,
458,2019-10-18,5,29-017,EDM,,DET,W,0,1,1,0,0,0,0,0,0,1,0,0,3,0.0,19,17:18,2,1,0,0,
459,2019-10-20,6,29-019,EDM,@,WPG,L-SO,0,0,0,0,0,0,0,0,0,0,0,0,0,,16,13:45,1,0,0,1,0.0
460,2019-10-22,7,29-021,EDM,@,MIN,L,0,0,0,0,0,0,0,0,0,0,0,0,0,,15,10:28,0,0,0,0,
461,2019-10-24,8,29-023,EDM,,WSH,W,0,1,1,-1,0,0,0,0,0,1,0,0,2,0.0,16,14:04,1,0,0,0,
462,2019-10-27,9,29-026,EDM,,FLA,L,0,0,0,1,0,0,0,0,0,0,0,0,0,,18,16:24,0,1,0,1,0.0
463,2019-10-29,10,29-028,EDM,@,DET,L,0,0,0,-1,0,0,0,0,0,0,0,0,0,,18,12:08,2,0,0,1,0.0
464,2019-10-30,11,29-029,EDM,@,CBJ,W,0,1,1,1,0,0,0,0,0,1,0,0,2,0.0,17,14:29,1,0,0,0,
465,2019-11-02,12,29-032,EDM,@,PIT,W,0,0,0,0,0,0,0,0,0,0,0,0,2,0.0,14,12:09,6,1,0,0,
466,2019-11-04,13,29-034,EDM,,ARI,L-OT,0,0,0,0,0,0,0,0,0,0,0,0,1,0.0,14,12:47,0,0,0,0,
467,2019-11-06,14,29-036,EDM,,STL,L,0,0,0,-2,2,0,0,0,0,0,0,0,3,0.0,15,13:23,0,1,0,0,
468,2019-11-08,15,29-038,EDM,,NJD,W,1,1,2,1,2,0,1,0,0,1,0,0,5,20.0,17,13:54,0,0,0,0,
469,2019-11-10,16,29-040,EDM,@,ANA,W,0,0,0,1,2,0,0,0,0,0,0,0,2,0.0,19,14:23,2,1,0,0,
470,2019-11-12,17,29-042,EDM,@,SJS,L,0,0,0,-1,0,0,0,0,0,0,0,0,0,,17,13:41,0,1,0,0,
471,2019-11-14,18,29-044,EDM,,COL,W,0,0,0,0,0,0,0,0,0,0,0,0,1,0.0,17,12:52,1,0,0,0,
472,2019-11-19,19,29-049,EDM,@,SJS,W,0,0,0,1,0,0,0,0,0,0,0,0,0,,14,12:06,2,0,0,0,
473,2019-11-21,20,29-051,EDM,@,LAK,L,0,0,0,-1,12,0,0,0,0,0,0,0,2,0.0,12,8:16,0,0,0,0,
474,2019-11-23,21,29-053,EDM,@,VEG,W,0,0,0,-1,0,0,0,0,0,0,0,0,4,0.0,19,14:28,3,2,0,0,
475,2019-11-24,22,29-054,EDM,@,ARI,W,1,0,1,1,0,1,0,0,0,0,0,0,3,33.3,15,15:03,2,0,0,0,
476,2019-11-27,23,29-057,EDM,@,COL,L,0,0,0,0,0,0,0,0,0,0,0,0,1,0.0,6,4:43,0,0,0,0,
477,2019-11-30,24,29-060,EDM,,VAN,L,0,0,0,-1,0,0,0,0,0,0,0,0,1,0.0,18,16:26,0,0,0,0,
478,2019-12-01,25,29-061,EDM,@,VAN,W,0,2,2,-1,0,0,0,0,0,0,2,0,1,0.0,14,11:25,1,0,0,0,
479,2019-12-04,26,29-064,EDM,,OTT,L,0,0,0,0,0,0,0,0,0,0,0,0,0,,17,15:12,0,0,0,0,
480,2019-12-06,27,29-066,EDM,,LAK,W,1,1,2,0,0,0,1,0,1,0,1,0,2,50.0,14,9:24,1,1,0,0,
481,2019-12-08,28,29-068,EDM,,BUF,L-OT,0,0,0,1,0,0,0,0,0,0,0,0,1,0.0,13,11:08,0,0,0,0,
482,2019-12-12,29,29-072,EDM,@,MIN,L,0,0,0,-1,0,0,0,0,0,0,0,0,2,0.0,20,17:34,0,1,0,1,0.0
483,2019-12-14,30,29-074,EDM,,TOR,L,1,0,1,-1,0,0,1,0,0,0,0,0,2,50.0,15,11:43,1,0,0,0,
484,2019-12-16,31,29-076,EDM,@,DAL,W,0,1,1,0,0,0,0,0,0,0,1,0,0,,18,15:46,0,0,0,0,
485,2019-12-18,32,29-078,EDM,@,STL,L,0,0,0,0,0,0,0,0,0,0,0,0,2,0.0,16,12:14,1,0,0,0,
486,2019-12-20,33,29-080,EDM,,PIT,L,0,0,0,0,0,0,0,0,0,0,0,0,2,0.0,20,13:13,2,0,0,0,
487,2019-12-21,34,29-081,EDM,,MTL,W,0,0,0,0,0,0,0,0,0,0,0,0,3,0.0,20,13:21,0,0,0,0,
488,2019-12-23,35,29-083,EDM,@,VAN,L,0,0,0,1,0,0,0,0,0,0,0,0,1,0.0,18,14:03,0,0,0,0,
489,2019-12-27,36,29-087,EDM,,CGY,L,0,0,0,1,2,0,0,0,0,0,0,0,1,0.0,21,16:44,1,0,0,0,
490,2020-01-02,37,29-093,EDM,@,BUF,L-OT,0,0,0,0,0,0,0,0,0,0,0,0,1,0.0,12,11:25,1,0,0,0,
491,2020-01-04,38,29-095,EDM,@,BOS,W,0,0,0,1,0,0,0,0,0,0,0,0,1,0.0,15,12:31,1,0,0,0,
492,2020-01-06,39,29-097,EDM,@,TOR,W,1,1,2,1,0,1,0,0,0,0,1,0,3,33.3,13,11:51,1,0,0,0,
493,2020-01-09,40,29-100,EDM,@,MTL,W,1,0,1,1,2,1,0,0,1,0,0,0,2,50.0,16,12:08,2,0,0,0,
494,2020-01-11,41,29-102,EDM,@,CGY,L,0,0,0,-1,0,0,0,0,0,0,0,0,2,0.0,14,9:48,2,1,0,0,
495,2020-01-14,42,29-105,EDM,,NSH,W,0,1,1,0,0,0,0,0,0,0,1,0,3,0.0,14,12:25,0,0,0,0,
496,2020-01-18,43,29-109,EDM,,ARI,W,0,0,0,0,0,0,0,0,0,0,0,0,1,0.0,15,12:40,3,0,0,0,
497,2020-01-29,44,29-120,EDM,,CGY,L-SO,1,0,1,0,0,0,1,0,0,0,0,0,2,50.0,17,12:11,2,0,0,0,
498,2020-01-31,45,29-122,EDM,,STL,W,0,0,0,0,2,0,0,0,0,0,0,0,3,0.0,18,11:57,0,0,0,0,
499,2020-02-01,46,29-123,EDM,@,CGY,W,0,1,1,0,10,0,0,0,0,1,0,0,2,0.0,17,12:47,0,0,0,0,
500,2020-02-04,47,29-126,EDM,@,ARI,L,0,0,0,0,4,0,0,0,0,0,0,0,1,0.0,17,16:23,1,0,0,0,
501,2020-02-06,48,29-128,EDM,,SJS,L,0,0,0,-1,0,0,0,0,0,0,0,0,0,,14,11:57,2,0,0,0,
502,2020-02-08,49,29-130,EDM,,NSH,W,1,0,1,-1,0,0,1,0,0,0,0,0,2,50.0,18,14:19,0,0,0,0,
503,2020-02-11,50,29-133,EDM,,CHI,W,0,1,1,-1,0,0,0,0,0,0,1,0,1,0.0,13,11:19,0,0,0,0,
504,2020-02-13,51,29-135,EDM,@,TBL,L,0,0,0,-1,0,0,0,0,0,0,0,0,2,0.0,16,14:13,1,0,0,0,
505,2020-02-15,52,29-137,EDM,@,FLA,W,0,0,0,0,0,0,0,0,0,0,0,0,2,0.0,14,10:46,0,0,0,0,
506,2020-02-16,53,29-138,EDM,@,CAR,W,0,0,0,0,0,0,0,0,0,0,0,0,2,0.0,17,14:37,0,0,0,0,
507,2020-02-19,54,29-141,EDM,,BOS,L-OT,0,0,0,0,0,0,0,0,0,0,0,0,2,0.0,16,18:01,2,0,0,0,
508,2020-02-21,55,29-143,EDM,,MIN,L,0,0,0,0,2,0,0,0,0,0,0,0,0,,18,15:50,1,0,0,0,
509,2020-02-23,56,29-145,EDM,@,LAK,W,0,0,0,-1,0,0,0,0,0,0,0,0,1,0.0,19,16:53,0,0,0,0,
510,2020-02-25,57,29-147,EDM,@,ANA,L-OT,0,0,0,-1,0,0,0,0,0,0,0,0,1,0.0,17,15:39,0,1,0,0,
511,2020-02-26,58,29-148,EDM,@,VEG,L,0,0,0,0,0,0,0,0,0,0,0,0,1,0.0,18,18:09,1,1,0,0,
512,2020-02-29,59,29-151,EDM,,WPG,W,0,0,0,0,0,0,0,0,0,0,0,0,1,0.0,14,11:08,1,0,0,0,
513,2020-03-02,60,29-153,EDM,@,NSH,W,0,0,0,1,0,0,0,0,0,0,0,0,1,0.0,15,11:47,0,0,0,0,
514,2020-03-03,61,29-154,EDM,@,DAL,W,1,0,1,0,0,0,1,0,1,0,0,0,2,50.0,15,12:59,0,0,0,0,
515,2020-03-05,62,29-156,EDM,@,CHI,L,0,0,0,0,0,0,0,0,0,0,0,0,0,,16,14:02,2,1,0,0,
516,2020-03-07,63,29-158,EDM,,CBJ,W,1,1,2,2,0,1,0,0,0,1,0,0,2,50.0,13,10:21,0,0,0,0,
517,2020-03-09,64,29-160,EDM,,VEG,L-OT,1,0,1,1,2,1,0,0,0,0,0,0,1,100.0,17,11:26,2,0,0,0,
518,2020-03-11,65,29-162,EDM,,WPG,L,0,0,0,-1,0,0,0,0,0,0,0,0,0,,15,13:51,0,0,0,0,
