,date_game,game_season,age,team_id,game_location,opp_id,game_result,goals,assists,points,plus_minus,pen_min,goals_ev,goals_pp,goals_sh,goals_gw,assists_ev,assists_pp,assists_sh,shots,shot_pct,shifts,time_on_ice,hits_all,blocks_all,faceoff_wins_all,faceoff_losses_all,faceoff_percentage_all
0,2010-10-09,1,19-269,LAK,@,VAN,W,0,0,0,0,0,0,0,0,0,,,,0,,12,7:15,3,0,0,0,
1,2010-10-10,2,19-270,LAK,@,CGY,L,0,0,0,0,0,0,0,0,0,,,,0,,10,7:14,1,0,0,1,0.0
2,2010-10-20,3,19-280,LAK,,CAR,W,0,0,0,-1,0,0,0,0,0,,,,0,,9,7:14,2,1,0,0,
3,2010-10-25,4,19-285,LAK,@,MIN,W,0,0,0,-1,0,0,0,0,0,,,,0,,8,4:51,2,2,0,0,
4,2010-10-27,5,19-287,LAK,@,CHI,L,0,0,0,-1,0,0,0,0,0,,,,1,0.0,13,8:02,3,0,0,0,
5,2010-10-28,6,19-288,LAK,@,DAL,W,0,0,0,-1,5,0,0,0,0,,,,1,0.0,13,7:54,4,0,1,1,50.0
6,2010-10-30,7,19-290,LAK,,NJD,W,0,0,0,-1,0,0,0,0,0,,,,0,,10,6:32,1,0,0,0,
7,2010-11-04,8,19-295,LAK,,TBL,W,0,0,0,0,0,0,0,0,0,,,,1,0.0,9,6:21,1,0,0,0,
8,2010-11-06,9,19-297,LAK,,NSH,W,0,0,0,0,0,0,0,0,0,,,,0,,11,8:00,1,1,2,0,100.0
9,2010-11-11,10,19-302,LAK,,DAL,W,0,0,0,0,5,0,0,0,0,,,,1,0.0,7,4:50,0,0,0,0,
10,2010-11-13,11,19-304,LAK,,NYI,W,0,0,0,0,0,0,0,0,0,,,,0,,13,10:46,1,1,0,0,
11,2010-11-15,12,19-306,LAK,@,SJS,L,0,0,0,0,0,0,0,0,0,,,,1,0.0,14,9:44,1,0,0,0,
12,2010-11-17,13,19-308,LAK,,CBJ,L,0,0,0,-1,0,0,0,0,0,,,,0,,8,5:12,2,0,0,0,
13,2010-11-19,14,19-310,LAK,@,BUF,L,0,0,0,-2,0,0,0,0,0,,,,1,0.0,10,5:59,1,0,0,0,
14,2010-11-20,15,19-311,LAK,@,BOS,W,0,0,0,0,2,0,0,0,0,,,,1,0.0,15,9:37,1,0,0,0,
15,2010-11-22,16,19-313,LAK,@,OTT,L,0,0,0,-1,0,0,0,0,0,,,,0,,13,9:58,1,0,0,0,
16,2010-11-24,17,19-315,LAK,@,MTL,L,0,0,0,0,0,0,0,0,0,,,,3,0.0,13,9:55,1,0,0,0,
17,2010-11-27,18,19-318,LAK,,CHI,L,0,0,0,0,0,0,0,0,0,,,,3,0.0,13,9:30,2,0,0,0,
18,2010-11-29,19,19-320,LAK,@,ANA,L,0,0,0,0,5,0,0,0,0,,,,1,0.0,14,10:56,4,0,0,0,
19,2010-12-02,20,19-323,LAK,,FLA,W,0,1,1,0,0,0,0,0,0,,,,0,,17,10:50,6,0,0,0,
20,2010-12-04,21,19-325,LAK,,DET,W,0,0,0,-1,2,0,0,0,0,,,,0,,11,7:34,4,0,0,0,
21,2010-12-09,22,19-330,LAK,,CGY,W,1,0,1,1,7,1,0,0,0,,,,1,100.0,8,5:18,1,0,1,0,100.0
22,2010-12-11,23,19-332,LAK,,MIN,L-OT,0,0,0,0,5,0,0,0,0,,,,0,,8,4:50,1,0,0,1,0.0
23,2010-12-13,24,19-334,LAK,@,DET,W,0,1,1,1,0,0,0,0,0,,,,1,0.0,12,8:31,0,1,0,0,
24,2010-12-16,25,19-337,LAK,@,STL,L,0,1,1,1,7,0,0,0,0,,,,1,0.0,15,10:05,2,0,0,0,
25,2010-12-18,26,19-339,LAK,@,NSH,W,0,0,0,1,0,0,0,0,0,,,,0,,17,14:11,3,0,0,0,
26,2010-12-19,27,19-340,LAK,@,CHI,L,1,0,1,1,0,1,0,0,0,,,,4,25.0,21,14:51,1,0,0,0,
27,2010-12-21,28,19-342,LAK,@,COL,W,0,0,0,0,0,0,0,0,0,,,,3,0.0,18,13:01,1,0,0,0,
28,2010-12-23,29,19-344,LAK,,EDM,W,0,0,0,0,5,0,0,0,0,,,,1,0.0,18,11:01,0,0,0,0,
29,2010-12-26,30,19-347,LAK,,ANA,W,0,1,1,1,5,0,0,0,0,,,,0,,14,10:31,0,0,0,0,
30,2010-12-27,31,19-348,LAK,@,SJS,W,0,0,0,0,0,0,0,0,0,,,,1,0.0,17,14:16,2,0,0,0,
31,2010-12-29,32,19-350,LAK,@,PHX,L,0,0,0,-1,0,0,0,0,0,,,,1,0.0,16,12:26,0,0,0,0,
32,2010-12-30,33,19-351,LAK,,PHI,L,0,0,0,-3,10,0,0,0,0,,,,2,0.0,15,8:36,1,0,0,0,
33,2011-01-01,34,19-353,LAK,,SJS,L,0,0,0,0,0,0,0,0,0,,,,0,,18,15:21,7,0,0,0,
34,2011-01-03,35,19-355,LAK,,CHI,L,0,0,0,-1,0,0,0,0,0,,,,2,0.0,17,12:44,2,0,1,0,100.0
35,2011-01-06,36,19-358,LAK,,NSH,L,1,0,1,1,2,1,0,0,0,,,,2,50.0,19,15:12,2,0,0,1,0.0
36,2011-01-08,37,19-360,LAK,,CBJ,W,0,0,0,0,7,0,0,0,0,,,,0,,7,4:35,2,0,0,0,
37,2011-01-10,38,19-362,LAK,,TOR,L,0,0,0,-1,0,0,0,0,0,,,,2,0.0,15,11:43,2,0,0,0,
38,2011-01-13,39,20-000,LAK,,STL,L,0,0,0,-2,0,0,0,0,0,,,,2,0.0,16,14:09,3,0,0,0,
39,2011-01-15,40,20-002,LAK,,EDM,W,0,0,0,-1,2,0,0,0,0,,,,0,,17,10:25,1,0,0,0,
40,2011-01-17,41,20-004,LAK,@,DAL,L,0,0,0,0,2,0,0,0,0,,,,0,,17,10:11,2,0,0,0,
41,2011-01-18,42,20-005,LAK,@,STL,L,1,0,1,1,5,1,0,0,0,,,,2,50.0,12,7:34,2,0,0,1,0.0
42,2011-01-20,43,20-007,LAK,,PHX,L,0,0,0,0,0,0,0,0,0,,,,0,,15,11:31,1,0,0,0,
43,2011-01-22,44,20-009,LAK,@,PHX,W,0,0,0,0,0,0,0,0,0,,,,2,0.0,18,9:15,3,1,0,0,
44,2011-01-24,45,20-011,LAK,,BOS,W,0,0,0,0,5,0,0,0,0,,,,3,0.0,14,10:24,4,1,0,0,
45,2011-01-26,46,20-013,LAK,,SJS,W,0,0,0,-1,0,0,0,0,0,,,,0,,13,10:27,2,0,0,0,
46,2011-02-01,47,20-019,LAK,@,MIN,L-SO,0,0,0,0,0,0,0,0,0,,,,1,0.0,12,7:39,0,0,0,0,
47,2011-02-02,48,20-020,LAK,@,EDM,W,0,0,0,-1,0,0,0,0,0,,,,0,,9,6:15,0,1,0,0,
48,2011-02-05,49,20-023,LAK,@,CGY,W,0,0,0,0,0,0,0,0,0,,,,1,0.0,12,8:05,2,0,0,0,
49,2011-02-10,50,20-028,LAK,@,PIT,L-OT,0,0,0,0,0,0,0,0,0,,,,1,0.0,13,11:23,2,0,0,0,
50,2011-02-12,51,20-030,LAK,@,WSH,W,0,1,1,1,2,0,0,0,0,,,,3,0.0,16,12:08,4,0,0,0,
51,2011-02-13,52,20-031,LAK,@,PHI,W,0,0,0,0,5,0,0,0,0,,,,0,,17,8:05,2,1,0,0,
52,2011-02-16,53,20-034,LAK,@,CBJ,W,0,0,0,1,0,0,0,0,0,,,,1,0.0,19,12:59,2,0,0,0,
53,2011-02-17,54,20-035,LAK,@,NYR,L-SO,0,0,0,0,0,0,0,0,0,,,,0,,13,9:26,2,2,0,0,
54,2011-02-19,55,20-037,LAK,@,NYI,L,0,0,0,-1,5,0,0,0,0,,,,2,0.0,13,8:44,1,1,0,0,
55,2011-02-23,56,20-041,LAK,@,ANA,W,0,0,0,1,5,0,0,0,0,,,,0,,10,8:17,1,1,1,1,50.0
56,2011-02-24,57,20-042,LAK,,MIN,W,0,0,0,0,0,0,0,0,0,,,,0,,10,9:13,2,0,0,0,
57,2011-02-26,58,20-044,LAK,,COL,W,0,1,1,1,0,0,0,0,0,,,,0,,13,7:17,1,1,0,0,
58,2011-02-28,59,20-046,LAK,,DET,L,0,0,0,-1,2,0,0,0,0,,,,2,0.0,11,8:23,1,1,0,0,
59,2011-03-03,60,20-049,LAK,,PHX,W,0,0,0,0,0,0,0,0,0,,,,1,0.0,11,9:08,0,0,0,0,
60,2011-03-05,61,20-051,LAK,,VAN,L,0,0,0,0,2,0,0,0,0,,,,0,,10,5:45,0,0,0,0,
61,2011-03-07,62,20-053,LAK,,DAL,L-OT,1,0,1,1,2,1,0,0,0,,,,2,50.0,10,8:46,4,0,0,1,0.0
62,2011-03-09,63,20-055,LAK,@,DET,W,0,0,0,0,0,0,0,0,0,,,,1,0.0,10,7:31,1,0,0,0,
63,2011-03-11,64,20-057,LAK,@,CBJ,W,0,0,0,0,0,0,0,0,0,,,,0,,8,5:51,2,0,2,0,100.0
64,2011-03-13,65,20-059,LAK,@,DAL,W,0,0,0,0,2,0,0,0,0,,,,0,,11,7:36,0,0,0,0,
65,2011-03-15,66,20-061,LAK,@,NSH,W,0,0,0,-1,0,0,0,0,0,,,,0,,14,11:45,3,0,0,0,
66,2011-03-17,67,20-063,LAK,,STL,L,0,0,0,0,5,0,0,0,0,,,,0,,4,2:17,0,0,0,0,
67,2011-03-24,68,20-070,LAK,,SJS,W,0,0,0,-1,0,0,0,0,0,,,,2,0.0,12,9:09,3,0,0,0,
68,2011-03-26,69,20-072,LAK,,COL,W,0,0,0,0,0,0,0,0,0,,,,0,,14,12:14,5,0,0,0,
69,2011-03-29,70,20-075,LAK,@,EDM,W,0,0,0,1,0,0,0,0,0,,,,0,,13,11:00,0,0,0,0,
70,2011-03-31,71,20-077,LAK,@,VAN,L,1,0,1,1,15,1,0,0,0,,,,1,100.0,15,7:45,4,0,0,0,
71,2011-04-02,72,20-079,LAK,,DAL,W,0,1,1,1,0,0,0,0,0,,,,2,0.0,18,11:12,2,0,0,0,
72,2011-04-04,73,20-081,LAK,@,SJS,L,0,0,0,-2,10,0,0,0,0,,,,1,0.0,16,13:27,2,0,0,0,
73,2011-04-06,74,20-083,LAK,,PHX,W,1,0,1,1,0,1,0,0,0,,,,2,50.0,22,16:17,2,1,0,0,
74,2011-04-08,75,20-085,LAK,@,ANA,L,0,0,0,0,0,0,0,0,0,,,,1,0.0,22,11:44,1,0,0,0,
75,2011-04-09,76,20-086,LAK,,ANA,L,0,0,0,0,5,0,0,0,0,,,,1,0.0,17,13:38,2,0,0,0,
76,2011-10-07,1,20-267,LAK,,NYR,W,0,0,0,-1,5,0,0,0,0,,,,1,0.0,14,9:48,0,1,0,0,
77,2011-10-08,2,20-268,LAK,,BUF,L,0,0,0,-1,0,0,0,0,0,,,,1,0.0,10,8:20,0,0,0,0,
78,2011-10-13,3,20-273,LAK,@,NJD,L-SO,0,0,0,0,0,0,0,0,0,,,,0,,13,8:45,2,0,0,0,
79,2011-10-15,4,20-275,LAK,@,PHI,W,0,0,0,0,0,0,0,0,0,,,,0,,9,4:12,0,0,0,0,
80,2011-10-18,5,20-278,LAK,,STL,W,0,0,0,0,0,0,0,0,0,,,,1,0.0,8,6:32,4,0,0,0,
81,2011-10-20,6,20-280,LAK,@,PHX,W,1,0,1,1,0,1,0,0,0,,,,1,100.0,10,8:36,3,0,0,0,
82,2011-10-22,7,20-282,LAK,,DAL,W,0,0,0,0,0,0,0,0,0,,,,0,,11,8:15,2,0,0,0,
83,2011-10-25,8,20-285,LAK,,NJD,L,0,0,0,-1,0,0,0,0,0,,,,1,0.0,12,9:22,3,0,0,0,
84,2011-10-27,9,20-287,LAK,@,DAL,W,0,1,1,1,0,0,0,0,0,,,,0,,9,5:02,2,0,0,0,
85,2011-10-29,10,20-289,LAK,@,PHX,L-OT,0,0,0,0,0,0,0,0,0,,,,1,0.0,12,7:39,2,0,0,0,
86,2011-10-30,11,20-290,LAK,@,COL,L,0,0,0,0,0,0,0,0,0,,,,1,0.0,12,9:57,0,0,0,0,
87,2011-11-03,12,20-294,LAK,,EDM,L,0,0,0,-1,2,0,0,0,0,,,,0,,10,7:23,4,0,0,0,
88,2011-11-05,13,20-296,LAK,,PIT,L-SO,0,0,0,0,0,0,0,0,0,,,,1,0.0,8,5:38,3,0,0,0,
89,2011-11-07,14,20-298,LAK,@,SJS,L,0,0,0,-1,2,0,0,0,0,,,,1,0.0,16,10:06,2,0,0,0,
90,2011-11-08,15,20-299,LAK,,NSH,W,0,1,1,1,0,0,0,0,0,,,,1,0.0,14,10:20,4,1,0,0,
91,2011-11-10,16,20-301,LAK,,VAN,L,0,0,0,0,5,0,0,0,0,,,,0,,9,8:30,0,0,0,0,
92,2011-11-12,17,20-303,LAK,,MIN,W,0,0,0,1,2,0,0,0,0,,,,1,0.0,13,8:22,0,0,0,1,0.0
93,2011-11-16,18,20-307,LAK,,ANA,W,0,0,0,0,0,0,0,0,0,,,,1,0.0,15,9:18,0,,,,
94,2011-11-17,19,20-308,LAK,@,ANA,W,0,0,0,-1,5,0,0,0,0,,,,1,0.0,15,10:33,3,0,0,0,
95,2011-11-19,20,20-310,LAK,,DET,L,0,0,0,-1,0,0,0,0,0,,,,0,,15,9:43,2,0,0,0,
96,2011-11-22,21,20-313,LAK,@,STL,W,0,0,0,0,4,0,0,0,0,,,,3,0.0,17,11:46,3,0,0,0,
97,2011-11-23,22,20-314,LAK,@,DAL,L-OT,0,0,0,0,0,0,0,0,0,,,,1,0.0,11,8:24,4,0,0,0,
98,2011-11-26,23,20-317,LAK,,CHI,L,0,0,0,1,0,0,0,0,0,,,,3,0.0,17,13:24,1,0,0,0,
99,2011-11-28,24,20-319,LAK,,SJS,W,0,0,0,0,0,0,0,0,0,,,,0,,10,7:05,4,0,0,0,
100,2011-12-01,25,20-322,LAK,,FLA,W,0,0,0,0,0,0,0,0,0,,,,1,0.0,16,11:44,6,0,0,0,
101,2011-12-03,26,20-324,LAK,,MTL,L,0,0,0,0,0,0,0,0,0,,,,1,0.0,10,6:23,0,0,0,0,
102,2011-12-06,27,20-327,LAK,@,ANA,L,0,0,0,-1,0,0,0,0,0,,,,0,,6,5:44,3,0,0,0,
103,2011-12-08,28,20-329,LAK,,MIN,L,0,1,1,0,0,0,0,0,0,,,,1,0.0,13,10:10,2,0,0,0,
104,2011-12-10,29,20-331,LAK,,DAL,L,0,0,0,0,4,0,0,0,0,,,,1,0.0,10,5:51,3,0,0,0,
105,2011-12-13,30,20-334,LAK,@,BOS,L,0,0,0,-1,0,0,0,0,0,,,,2,0.0,15,7:39,3,0,0,0,
106,2011-12-15,31,20-336,LAK,@,CBJ,W,0,0,0,0,0,0,0,0,0,,,,0,,11,6:52,1,0,0,0,
107,2011-12-17,32,20-338,LAK,@,DET,L,0,0,0,-2,0,0,0,0,0,,,,0,,17,13:04,2,0,0,1,0.0
108,2011-12-19,33,20-340,LAK,@,TOR,W,0,0,0,0,5,0,0,0,0,,,,1,0.0,12,7:01,0,1,0,0,
109,2011-12-22,34,20-343,LAK,,ANA,W,0,0,0,0,2,0,0,0,0,,,,1,0.0,10,7:00,1,0,0,0,
110,2011-12-23,35,20-344,LAK,@,SJS,L-SO,0,0,0,0,0,0,0,0,0,,,,0,,10,7:31,2,0,0,0,
111,2011-12-26,36,20-347,LAK,,PHX,W,0,0,0,0,0,0,0,0,0,,,,1,0.0,6,6:26,3,0,0,0,
112,2011-12-28,37,20-349,LAK,@,CHI,W,0,1,1,1,0,0,0,0,0,,,,3,0.0,20,12:15,5,0,0,0,
113,2011-12-29,38,20-350,LAK,@,WPG,L-OT,0,0,0,0,0,0,0,0,0,,,,0,,12,9:31,2,0,0,0,
114,2011-12-31,39,20-352,LAK,,VAN,W,0,0,0,-1,12,0,0,0,0,,,,0,,7,5:06,3,0,0,0,
115,2012-01-02,40,20-354,LAK,,COL,L-SO,0,0,0,-1,2,0,0,0,0,,,,1,0.0,15,9:54,2,0,0,0,
116,2012-01-05,41,20-357,LAK,,PHX,W,0,0,0,0,0,0,0,0,0,,,,1,0.0,12,11:10,7,1,0,0,
117,2012-01-07,42,20-359,LAK,,CBJ,L,0,0,0,-1,4,0,0,0,0,,,,2,0.0,24,13:30,2,0,0,1,0.0
118,2012-01-09,43,20-361,LAK,,WSH,W,1,1,2,2,2,1,0,0,0,,,,3,33.3,18,9:13,1,0,0,0,
119,2012-01-12,44,20-364,LAK,,DAL,L-SO,0,0,0,-1,0,0,0,0,0,,,,0,,16,10:09,6,1,0,0,
120,2012-01-14,45,21-001,LAK,@,CGY,W,0,0,0,0,0,0,0,0,0,,,,0,,17,12:06,1,1,0,0,
121,2012-01-15,46,21-002,LAK,@,EDM,L-OT,0,0,0,0,10,0,0,0,0,,,,0,,13,10:14,1,0,0,0,
122,2012-01-17,47,21-004,LAK,@,VAN,W,0,0,0,0,0,0,0,0,0,,,,3,0.0,10,5:44,0,0,0,0,
123,2012-01-19,48,21-006,LAK,,CGY,L-SO,0,0,0,0,5,0,0,0,0,,,,2,0.0,14,7:57,3,0,0,0,
124,2012-01-21,49,21-008,LAK,,COL,L,0,0,0,0,0,0,0,0,0,,,,0,,11,7:14,1,0,0,0,
125,2012-01-23,50,21-010,LAK,,OTT,W,1,1,2,2,7,1,0,0,1,,,,3,33.3,15,8:37,0,0,0,0,
126,2012-02-01,51,21-019,LAK,,CBJ,W,0,0,0,0,0,0,0,0,0,,,,0,,14,13:06,6,0,0,1,0.0
127,2012-02-03,52,21-021,LAK,@,STL,L,0,0,0,0,0,0,0,0,0,,,,3,0.0,21,15:56,3,0,0,0,
128,2012-02-04,53,21-022,LAK,@,CAR,L,0,0,0,-1,5,0,0,0,0,,,,2,0.0,18,11:36,5,0,0,0,
129,2012-02-07,54,21-025,LAK,@,TBL,W,1,0,1,1,2,1,0,0,1,,,,1,100.0,20,13:28,0,0,0,0,
130,2012-02-09,55,21-027,LAK,@,FLA,L,0,0,0,0,0,0,0,0,0,,,,1,0.0,21,15:07,5,0,0,0,
131,2012-02-11,56,21-029,LAK,@,NYI,L-OT,0,0,0,0,0,0,0,0,0,,,,1,0.0,20,17:22,4,1,0,0,
132,2012-02-12,57,21-030,LAK,@,DAL,W,0,0,0,0,0,0,0,0,0,,,,0,,19,15:36,2,0,0,0,
133,2012-02-16,58,21-034,LAK,,PHX,L,0,0,0,0,0,0,0,0,0,,,,1,0.0,17,14:30,4,1,0,0,
134,2012-02-18,59,21-036,LAK,,CGY,L,0,0,0,0,0,0,0,0,0,,,,0,,15,12:34,4,0,0,0,
135,2012-02-21,60,21-039,LAK,@,PHX,L-SO,0,0,0,0,12,0,0,0,0,,,,1,0.0,14,9:48,1,0,0,0,
136,2012-02-22,61,21-040,LAK,@,COL,L,0,0,0,-1,2,0,0,0,0,,,,0,,11,8:02,0,0,0,0,
137,2012-02-25,62,21-043,LAK,,CHI,W,0,0,0,0,0,0,0,0,0,,,,2,0.0,14,9:33,3,0,0,0,
138,2012-02-27,63,21-045,LAK,@,NSH,L,0,0,0,-1,0,0,0,0,0,,,,2,0.0,10,6:12,0,0,0,0,
139,2012-03-03,64,21-050,LAK,,ANA,W,0,0,0,0,0,0,0,0,0,,,,0,,12,10:09,1,0,0,0,
140,2012-03-06,65,21-053,LAK,@,NSH,W,0,0,0,1,2,0,0,0,0,,,,3,0.0,13,9:23,1,1,0,1,0.0
141,2012-03-08,66,21-055,LAK,@,CBJ,L,0,0,0,-1,0,0,0,0,0,,,,3,0.0,16,10:47,2,0,0,0,
142,2012-03-09,67,21-056,LAK,@,DET,L,0,0,0,0,0,0,0,0,0,,,,0,,8,5:56,1,0,0,0,
143,2012-03-11,68,21-058,LAK,@,CHI,W,0,0,0,0,5,0,0,0,0,,,,0,,10,7:14,2,0,0,0,
144,2012-03-13,69,21-060,LAK,,DET,W,0,0,0,0,0,0,0,0,0,,,,0,,13,9:21,2,0,0,0,
145,2012-03-16,70,21-063,LAK,@,ANA,W,0,0,0,1,0,0,0,0,0,,,,0,,12,8:25,3,0,1,0,100.0
146,2012-03-17,71,21-064,LAK,,NSH,W,1,0,1,1,0,1,0,0,0,,,,3,33.3,14,10:38,4,0,0,0,
147,2012-03-20,72,21-067,LAK,,SJS,W,0,0,0,0,0,0,0,0,0,,,,1,0.0,14,9:58,3,0,0,0,
148,2012-03-22,73,21-069,LAK,,STL,W,0,0,0,0,5,0,0,0,0,,,,4,0.0,12,8:18,1,0,0,0,
149,2012-03-24,74,21-071,LAK,,BOS,L,0,1,1,1,0,0,0,0,0,,,,3,0.0,15,9:12,1,0,0,0,
150,2012-03-26,75,21-073,LAK,@,VAN,L,0,0,0,-1,2,0,0,0,0,,,,2,0.0,14,7:52,2,0,0,0,
151,2012-03-28,76,21-075,LAK,@,CGY,W,0,0,0,0,0,0,0,0,0,,,,0,,15,10:07,2,0,0,1,0.0
152,2012-03-30,77,21-077,LAK,@,EDM,W,0,0,0,0,0,0,0,0,0,,,,2,0.0,16,11:21,1,0,0,0,
153,2012-03-31,78,21-078,LAK,@,MIN,L-SO,0,0,0,0,0,0,0,0,0,,,,1,0.0,16,10:42,3,0,0,0,
154,2012-04-02,79,21-080,LAK,,EDM,W,0,0,0,0,0,0,0,0,0,,,,2,0.0,12,9:05,0,0,0,0,
155,2012-04-05,80,21-083,LAK,,SJS,L-SO,0,0,0,0,10,0,0,0,0,,,,2,0.0,12,7:42,3,0,0,1,0.0
156,2012-04-07,81,21-085,LAK,@,SJS,L-OT,0,0,0,0,0,0,0,0,0,,,,1,0.0,11,7:54,1,0,0,0,
157,2013-01-19,1,22-006,LAK,,CHI,L,0,2,2,2,0,0,0,0,0,,,,1,0.0,13,8:52,7,1,0,1,0.0
158,2013-01-22,2,22-009,LAK,@,COL,L,1,0,1,1,0,1,0,0,0,,,,3,33.3,17,9:30,2,0,0,0,
159,2013-01-24,3,22-011,LAK,@,EDM,L-OT,0,1,1,1,0,0,0,0,0,,,,0,,17,9:51,4,0,0,0,
160,2013-01-26,4,22-013,LAK,@,PHX,W,0,1,1,2,5,0,0,0,0,,,,1,0.0,20,11:47,3,0,0,0,
161,2013-01-28,5,22-015,LAK,,VAN,W,0,0,0,-1,0,0,0,0,0,,,,0,,21,14:25,4,1,0,0,
162,2013-01-31,6,22-018,LAK,,NSH,L-SO,0,0,0,-1,0,0,0,0,0,,,,1,0.0,20,15:05,5,0,0,0,
163,2013-02-02,7,22-020,LAK,@,ANA,L,0,0,0,-3,0,0,0,0,0,,,,0,,14,10:05,3,0,0,1,0.0
164,2013-02-05,8,22-023,LAK,@,CBJ,W,0,0,0,-1,0,0,0,0,0,,,,0,,17,10:48,1,0,0,1,0.0
165,2013-02-07,9,22-025,LAK,@,NSH,L,0,0,0,-1,7,0,0,0,0,,,,1,0.0,17,10:43,1,0,0,0,
166,2013-02-10,10,22-028,LAK,@,DET,L,0,1,1,0,0,0,0,0,0,,,,4,0.0,18,13:40,4,1,0,0,
167,2013-02-11,11,22-029,LAK,@,STL,W,0,0,0,1,0,0,0,0,0,,,,0,,20,13:50,6,1,1,0,100.0
168,2013-02-15,12,22-033,LAK,,CBJ,W,1,0,1,0,0,1,0,0,0,,,,1,100.0,16,10:52,2,1,0,0,
169,2013-02-17,13,22-035,LAK,@,CHI,L,0,0,0,0,2,0,0,0,0,,,,1,0.0,20,12:46,1,0,0,0,
170,2013-02-19,14,22-037,LAK,@,EDM,W,0,0,0,1,0,0,0,0,0,,,,1,0.0,17,13:04,3,0,0,0,
171,2013-02-20,15,22-038,LAK,@,CGY,W,0,1,1,1,0,0,0,0,0,,,,1,0.0,15,8:11,1,0,0,0,
172,2013-02-23,16,22-041,LAK,,COL,W,0,0,0,0,0,0,0,0,0,,,,2,0.0,15,10:39,4,1,0,0,
173,2013-02-25,17,22-043,LAK,,ANA,W,0,0,0,0,0,0,0,0,0,,,,0,,15,9:09,5,0,0,0,
174,2013-02-27,18,22-045,LAK,,DET,W,0,0,0,0,0,0,0,0,0,,,,1,0.0,13,11:05,2,0,0,1,0.0
175,2013-03-02,19,22-048,LAK,@,VAN,L,0,0,0,-2,0,0,0,0,0,,,,1,0.0,13,10:16,4,1,0,0,
176,2013-03-04,20,22-050,LAK,,NSH,W,0,0,0,0,0,0,0,0,0,,,,0,,16,11:19,3,0,0,0,
177,2013-03-05,21,22-051,LAK,,STL,W,0,0,0,-1,5,0,0,0,0,,,,0,,14,7:48,3,0,0,1,0.0
178,2013-03-07,22,22-053,LAK,,DAL,L,0,0,0,0,0,0,0,0,0,,,,1,0.0,13,10:38,3,0,0,0,
179,2013-03-09,23,22-055,LAK,,CGY,W,0,0,0,1,5,0,0,0,0,,,,0,,16,10:22,3,0,0,1,0.0
180,2013-03-11,24,22-057,LAK,,CGY,W,0,0,0,-1,2,0,0,0,0,,,,0,,11,7:54,3,0,0,1,0.0
181,2013-03-12,25,22-058,LAK,@,PHX,L,0,0,0,-1,0,0,0,0,0,,,,2,0.0,11,6:32,6,0,0,0,
182,2013-03-14,26,22-060,LAK,@,SJS,L,0,0,0,0,0,0,0,0,0,,,,1,0.0,15,11:17,6,0,0,1,0.0
183,2013-03-16,27,22-062,LAK,,SJS,W,2,0,2,2,7,2,0,0,0,,,,2,100.0,14,10:03,3,2,0,0,
184,2013-03-18,28,22-064,LAK,,PHX,W,0,0,0,0,4,0,0,0,0,,,,2,0.0,13,9:46,4,0,0,0,
185,2013-03-19,29,22-065,LAK,,PHX,W,0,0,0,0,0,0,0,0,0,,,,2,0.0,10,7:23,8,1,0,0,
186,2013-03-21,30,22-067,LAK,,DAL,L,0,0,0,0,0,0,0,0,0,,,,1,0.0,14,10:21,5,0,0,0,
187,2013-03-23,31,22-069,LAK,,VAN,L,0,0,0,0,2,0,0,0,0,,,,0,,14,8:31,3,0,0,0,
188,2013-03-25,32,22-071,LAK,@,CHI,W,0,0,0,0,0,0,0,0,0,,,,2,0.0,20,13:39,1,0,0,0,
189,2013-03-28,33,22-074,LAK,@,STL,W,0,0,0,-1,2,0,0,0,0,,,,0,,13,8:27,1,0,0,0,
190,2013-03-30,34,22-076,LAK,@,MIN,L-SO,0,0,0,-1,0,0,0,0,0,,,,2,0.0,12,8:17,0,0,0,0,
191,2013-03-31,35,22-077,LAK,@,DAL,W,0,1,1,1,0,0,0,0,0,,,,2,0.0,15,8:24,0,0,0,0,
192,2013-04-02,36,22-079,LAK,@,PHX,L,0,0,0,-1,0,0,0,0,0,,,,1,0.0,15,9:33,4,0,0,0,
193,2013-04-04,37,22-081,LAK,,MIN,W,0,0,0,1,0,0,0,0,0,,,,0,,18,13:37,3,0,0,0,
194,2013-04-06,38,22-083,LAK,,EDM,W,0,0,0,1,4,0,0,0,0,,,,0,,18,11:31,6,0,0,0,
195,2013-04-07,39,22-084,LAK,@,ANA,L-SO,0,0,0,0,2,0,0,0,0,,,,0,,17,12:08,5,0,0,0,
196,2013-04-09,40,22-086,LAK,@,DAL,L,0,0,0,0,2,0,0,0,0,,,,2,0.0,18,11:37,2,1,0,0,
197,2013-04-11,41,22-088,LAK,,COL,W,0,0,0,-1,0,0,0,0,0,,,,1,0.0,11,8:29,2,0,0,0,
198,2013-04-13,42,22-090,LAK,,ANA,W,0,0,0,0,0,0,0,0,0,,,,2,0.0,13,9:18,2,0,0,0,
199,2013-04-16,43,22-093,LAK,@,SJS,L-SO,0,0,0,0,0,0,0,0,0,,,,2,0.0,13,9:24,2,1,0,0,
200,2013-04-18,44,22-095,LAK,,CBJ,W,1,0,1,1,0,1,0,0,1,,,,3,33.3,13,9:50,2,0,0,0,
201,2013-04-21,45,22-098,LAK,,DAL,W,0,0,0,0,2,0,0,0,0,,,,2,0.0,15,7:44,3,0,0,0,
202,2013-04-23,46,22-100,LAK,@,MIN,L,0,0,0,0,0,0,0,0,0,,,,1,0.0,16,10:29,2,0,0,0,
203,2013-04-24,47,22-101,LAK,@,DET,L,1,0,1,0,0,1,0,0,0,,,,3,33.3,19,14:11,5,0,0,0,
204,2013-04-27,48,22-104,LAK,,SJS,W,1,0,1,1,0,1,0,0,0,,,,3,33.3,23,15:56,3,0,0,0,
205,2013-10-03,1,22-263,LAK,@,MIN,W,0,0,0,0,9,0,0,0,0,,,,0,,12,8:21,1,0,0,0,
206,2013-10-04,2,22-264,LAK,@,WPG,L,0,0,0,0,0,0,0,0,0,,,,2,0.0,17,10:03,2,1,0,0,
207,2013-10-07,3,22-267,LAK,,NYR,L,0,0,0,-1,5,0,0,0,0,,,,0,,17,11:18,4,0,0,0,
208,2013-10-09,4,22-269,LAK,,OTT,W,0,0,0,-1,0,0,0,0,0,,,,1,0.0,16,10:18,2,0,0,0,
209,2013-10-11,5,22-271,LAK,@,CAR,W,0,0,0,0,0,0,0,0,0,,,,1,0.0,18,10:48,2,1,0,0,
210,2013-10-13,6,22-273,LAK,@,FLA,W,0,0,0,0,0,0,0,0,0,,,,0,,16,12:37,4,0,0,0,
211,2013-10-15,7,22-275,LAK,@,TBL,L,0,0,0,1,0,0,0,0,0,,,,1,0.0,12,7:36,4,0,0,1,0.0
212,2013-10-17,8,22-277,LAK,@,NSH,W,0,0,0,1,0,0,0,0,0,,,,0,,12,8:23,1,0,0,0,
213,2013-10-19,9,22-279,LAK,,DAL,W,1,0,1,1,2,1,0,0,0,,,,3,33.3,15,9:30,3,0,0,0,
214,2013-10-21,10,22-281,LAK,,CGY,L,0,0,0,0,2,0,0,0,0,,,,1,0.0,13,9:16,3,0,0,0,
215,2013-10-27,11,22-287,LAK,,EDM,W,0,0,0,0,5,0,0,0,0,,,,3,0.0,14,8:22,5,1,0,1,0.0
216,2013-10-29,12,22-289,LAK,@,PHX,L,0,0,0,0,0,0,0,0,0,,,,2,0.0,19,13:04,3,0,1,0,100.0
217,2013-10-30,13,22-290,LAK,,SJS,W,0,0,0,1,7,0,0,0,0,,,,1,0.0,14,10:04,4,0,0,0,
218,2013-11-02,14,22-293,LAK,,NSH,L,0,0,0,0,2,0,0,0,0,,,,1,0.0,11,7:43,2,0,0,0,
219,2013-11-07,15,22-298,LAK,,BUF,W,0,0,0,0,0,0,0,0,0,,,,2,0.0,18,13:51,5,0,1,0,100.0
220,2013-11-09,16,22-300,LAK,,VAN,W,0,0,0,0,0,0,0,0,0,,,,1,0.0,5,4:35,3,0,0,0,
221,2013-11-23,17,22-314,LAK,,COL,L-OT,0,0,0,0,0,0,0,0,0,,,,0,,16,11:36,5,0,0,0,
222,2013-11-25,18,22-316,LAK,@,VAN,W,1,0,1,1,0,1,0,0,0,,,,3,33.3,20,12:40,1,0,0,0,
223,2013-11-27,19,22-318,LAK,@,SJS,L-SO,0,0,0,0,2,0,0,0,0,,,,1,0.0,11,7:02,3,0,0,0,
224,2013-11-30,20,22-321,LAK,,CGY,L,0,0,0,0,2,0,0,0,0,,,,2,0.0,19,12:51,1,0,0,0,
225,2013-12-02,21,22-323,LAK,,STL,W,0,0,0,1,0,0,0,0,0,,,,0,,13,8:23,0,0,0,0,
226,2013-12-03,22,22-324,LAK,@,ANA,W,0,0,0,0,2,0,0,0,0,,,,1,0.0,12,7:37,1,0,0,0,
227,2013-12-10,23,22-331,LAK,@,MTL,W,0,2,2,2,2,0,0,0,0,,,,2,0.0,15,11:08,3,1,0,0,
228,2013-12-11,24,22-332,LAK,@,TOR,W,1,0,1,1,0,1,0,0,0,,,,1,100.0,19,14:37,2,0,0,0,
229,2013-12-14,25,22-335,LAK,@,OTT,W,0,0,0,0,0,0,0,0,0,,,,0,,18,13:42,6,0,1,0,100.0
230,2013-12-15,26,22-336,LAK,@,CHI,L,0,0,0,0,2,0,0,0,0,,,,2,0.0,15,10:21,3,0,0,0,
231,2013-12-19,27,22-340,LAK,,SJS,W,0,0,0,0,0,0,0,0,0,,,,2,0.0,17,12:02,4,1,0,0,
232,2013-12-21,28,22-342,LAK,,COL,W,0,0,0,0,0,0,0,0,0,,,,1,0.0,14,7:55,1,0,0,0,
233,2013-12-23,29,22-344,LAK,,DAL,L,0,0,0,-1,0,0,0,0,0,,,,1,0.0,17,12:09,3,0,0,0,
234,2013-12-28,30,22-349,LAK,@,NSH,L,0,0,0,0,7,0,0,0,0,,,,0,,12,7:59,1,0,0,0,
235,2013-12-30,31,22-351,LAK,@,CHI,L,0,0,0,0,0,0,0,0,0,,,,0,,10,8:58,5,0,0,0,
236,2013-12-31,32,22-352,LAK,@,DAL,L,0,0,0,0,2,0,0,0,0,,,,0,,12,8:27,2,0,1,0,100.0
237,2014-01-02,33,22-354,LAK,@,STL,L,0,0,0,-1,0,0,0,0,0,,,,1,0.0,15,11:17,2,0,0,0,
238,2014-01-04,34,22-356,LAK,,VAN,W,0,0,0,0,0,0,0,0,0,,,,1,0.0,9,5:19,0,1,0,0,
239,2014-01-07,35,22-359,LAK,,MIN,L-SO,0,0,0,0,0,0,0,0,0,,,,0,,11,7:53,7,0,0,1,0.0
240,2014-01-09,36,22-361,LAK,,BOS,W,0,0,0,0,5,0,0,0,0,,,,0,,12,9:35,2,0,0,0,
241,2014-01-11,37,22-363,LAK,,DET,L,0,0,0,-1,2,0,0,0,0,,,,2,0.0,14,9:06,3,0,0,0,
242,2014-01-13,38,23-000,LAK,,VAN,W,0,0,0,0,0,0,0,0,0,,,,0,,16,14:38,3,0,0,0,
243,2014-01-16,39,23-003,LAK,@,STL,W,0,0,0,1,0,0,0,0,0,,,,0,,14,9:49,2,1,0,0,
244,2014-01-18,40,23-005,LAK,@,DET,L-SO,0,0,0,0,0,0,0,0,0,,,,0,,11,7:52,2,0,0,0,
245,2014-01-20,41,23-007,LAK,@,BOS,L,0,0,0,0,0,0,0,0,0,,,,1,0.0,13,13:03,2,0,0,0,
246,2014-01-23,42,23-010,LAK,@,ANA,L,0,0,0,-1,0,0,0,0,0,,,,0,,9,7:01,1,0,2,0,100.0
247,2014-01-25,43,23-012,LAK,,ANA,L,0,0,0,0,5,0,0,0,0,,,,0,,14,8:07,6,0,0,0,
248,2014-01-27,44,23-014,LAK,@,SJS,W,0,0,0,0,0,0,0,0,0,,,,0,,13,10:05,2,0,0,0,
249,2014-01-28,45,23-015,LAK,@,PHX,L,0,0,0,0,0,0,0,0,0,,,,2,0.0,20,14:52,4,1,0,0,
250,2014-01-30,46,23-017,LAK,,PIT,L,0,0,0,-1,0,0,0,0,0,,,,1,0.0,20,15:50,4,0,0,0,
251,2014-02-01,47,23-019,LAK,,PHI,L,0,0,0,0,0,0,0,0,0,,,,2,0.0,11,9:14,2,0,0,1,0.0
252,2014-02-03,48,23-021,LAK,,CHI,L,0,0,0,0,0,0,0,0,0,,,,1,0.0,8,6:23,1,1,0,0,
253,2014-02-06,49,23-024,LAK,,CBJ,W,0,0,0,0,0,0,0,0,0,,,,0,,13,8:11,5,0,0,0,
254,2014-02-27,50,23-045,LAK,@,CGY,W,0,0,0,0,0,0,0,0,0,,,,1,0.0,13,8:09,1,1,0,0,
255,2014-03-01,51,23-047,LAK,,CAR,W,0,0,0,0,2,0,0,0,0,,,,1,0.0,15,11:30,2,0,0,0,
256,2014-03-03,52,23-049,LAK,,MTL,W,0,0,0,0,5,0,0,0,0,,,,0,,14,7:25,2,0,0,0,
257,2014-03-06,53,23-052,LAK,@,WPG,W,0,0,0,1,0,0,0,0,0,,,,4,0.0,16,10:19,3,0,0,0,
258,2014-03-09,54,23-055,LAK,@,EDM,W,0,0,0,2,0,0,0,0,0,,,,3,0.0,17,11:32,1,0,0,0,
259,2014-03-10,55,23-056,LAK,@,CGY,W,0,1,1,1,0,0,0,0,0,,,,0,,18,12:07,0,0,0,1,0.0
260,2014-03-13,56,23-059,LAK,,TOR,L,0,0,0,0,0,0,0,0,0,,,,3,0.0,17,11:44,2,0,0,0,
261,2014-03-15,57,23-061,LAK,,ANA,L,0,0,0,0,0,0,0,0,0,,,,3,0.0,13,8:12,3,1,0,1,0.0
262,2014-03-17,58,23-063,LAK,,PHX,L,0,0,0,-1,2,0,0,0,0,,,,1,0.0,15,9:53,4,0,0,0,
263,2014-03-20,59,23-066,LAK,,WSH,W,0,0,0,0,5,0,0,0,0,,,,1,0.0,14,10:42,3,0,0,0,
264,2014-03-22,60,23-068,LAK,,FLA,W,0,1,1,2,0,0,0,0,0,,,,0,,17,13:22,5,0,0,0,
265,2014-03-24,61,23-070,LAK,@,PHI,W,0,0,0,-1,2,0,0,0,0,,,,1,0.0,14,9:12,4,0,0,0,
266,2014-03-25,62,23-071,LAK,@,WSH,W,0,0,0,0,0,0,0,0,0,,,,2,0.0,11,8:28,2,0,0,0,
267,2014-03-27,63,23-073,LAK,@,PIT,W,0,0,0,0,2,0,0,0,0,,,,0,,13,8:12,1,0,0,0,
268,2014-03-29,64,23-075,LAK,,WPG,W,0,1,1,1,0,0,0,0,0,,,,1,0.0,12,9:50,2,0,0,0,
269,2014-03-31,65,23-077,LAK,,MIN,L,0,0,0,-1,0,0,0,0,0,,,,0,,13,9:49,2,0,0,0,
270,2014-04-02,66,23-079,LAK,,PHX,W,0,0,0,0,0,0,0,0,0,,,,0,,14,10:54,3,1,0,0,
271,2014-04-03,67,23-080,LAK,@,SJS,L,0,0,0,0,0,0,0,0,0,,,,0,,14,10:59,1,0,0,0,
272,2014-04-05,68,23-082,LAK,@,VAN,L,0,0,0,0,0,0,0,0,0,,,,1,0.0,14,9:30,3,1,0,0,
273,2014-04-09,69,23-086,LAK,@,CGY,L-SO,0,0,0,-1,0,0,0,0,0,,,,3,0.0,20,14:12,4,0,0,0,
274,2014-04-10,70,23-087,LAK,@,EDM,W,0,0,0,0,0,0,0,0,0,,,,1,0.0,16,13:07,3,0,0,0,
275,2014-04-12,71,23-089,LAK,,ANA,L-SO,0,0,0,0,0,0,0,0,0,,,,2,0.0,13,10:47,1,0,0,0,
276,2014-10-08,1,23-268,LAK,,SJS,L,0,0,0,-1,7,0,0,0,0,0,0,0,1,0.0,13,10:00,4,1,0,0,
277,2014-10-11,2,23-271,LAK,@,ARI,L-OT,0,0,0,0,0,0,0,0,0,0,0,0,1,0.0,13,11:16,5,0,0,0,
278,2014-10-12,3,23-272,LAK,,WPG,W,0,0,0,-1,5,0,0,0,0,0,0,0,1,0.0,13,10:26,2,0,0,0,
279,2014-10-14,4,23-274,LAK,,EDM,W,0,0,0,0,0,0,0,0,0,0,0,0,4,0.0,16,12:47,2,0,0,0,
280,2014-10-16,5,23-276,LAK,,STL,W,0,0,0,0,0,0,0,0,0,0,0,0,0,,14,11:11,1,0,0,0,
281,2014-10-19,6,23-279,LAK,,MIN,W,0,0,0,0,0,0,0,0,0,0,0,0,0,,12,8:49,2,1,0,0,
282,2014-10-23,7,23-283,LAK,,BUF,W,0,0,0,0,2,0,0,0,0,0,0,0,1,0.0,16,12:47,5,1,0,0,
283,2014-10-26,8,23-286,LAK,,CBJ,W,0,0,0,0,0,0,0,0,0,0,0,0,1,0.0,14,12:14,1,0,0,0,
284,2014-10-28,9,23-288,LAK,@,PHI,L-OT,0,1,1,0,0,0,0,0,0,1,0,0,5,0.0,21,16:18,5,0,0,0,
285,2014-10-30,10,23-290,LAK,@,PIT,L,0,0,0,-1,0,0,0,0,0,0,0,0,3,0.0,19,15:57,2,0,0,0,
286,2014-10-31,11,23-291,LAK,@,DET,L,0,0,0,1,0,0,0,0,0,0,0,0,1,0.0,16,11:32,0,0,0,0,
287,2014-11-02,12,23-293,LAK,@,CAR,L,0,0,0,0,0,0,0,0,0,0,0,0,0,,11,10:42,1,0,0,0,
288,2014-11-04,13,23-295,LAK,@,DAL,W,1,0,1,0,0,1,0,0,0,0,0,0,2,50.0,12,9:32,4,0,0,0,
289,2014-11-06,14,23-297,LAK,,NYI,L-SO,0,0,0,0,0,0,0,0,0,0,0,0,2,0.0,17,12:03,2,0,0,0,
290,2014-11-08,15,23-299,LAK,,VAN,W,0,0,0,-1,2,0,0,0,0,0,0,0,1,0.0,16,10:17,0,0,0,0,
291,2014-11-12,16,23-303,LAK,@,ANA,L-SO,0,1,1,1,0,0,0,0,0,1,0,0,0,,7,4:55,1,0,0,0,
292,2014-11-13,17,23-304,LAK,,DAL,L,0,0,0,0,5,0,0,0,0,0,0,0,3,0.0,13,8:52,2,0,0,0,
293,2014-11-15,18,23-306,LAK,,ANA,W,0,0,0,0,0,0,0,0,0,0,0,0,3,0.0,16,11:01,3,0,0,0,
294,2014-11-18,19,23-309,LAK,,FLA,W,0,0,0,-1,0,0,0,0,0,0,0,0,1,0.0,14,10:34,2,0,0,0,
295,2014-11-20,20,23-311,LAK,,CAR,W,0,0,0,1,0,0,0,0,0,0,0,0,1,0.0,14,11:38,2,1,0,0,
296,2014-11-22,21,23-313,LAK,@,DAL,L,0,2,2,2,2,0,0,0,0,2,0,0,4,0.0,16,10:45,1,1,0,0,
297,2014-11-25,22,23-316,LAK,@,NSH,L-SO,0,0,0,0,0,0,0,0,0,0,0,0,2,0.0,13,9:07,1,0,0,0,
298,2014-11-26,23,23-317,LAK,@,MIN,W,0,0,0,1,0,0,0,0,0,0,0,0,1,0.0,15,11:34,3,1,0,0,
299,2014-11-29,24,23-320,LAK,,CHI,L,0,0,0,-1,0,0,0,0,0,0,0,0,1,0.0,15,10:33,4,0,0,0,
300,2014-12-02,25,23-323,LAK,,BOS,W,0,0,0,0,0,0,0,0,0,0,0,0,1,0.0,16,10:17,1,0,0,1,0.0
301,2014-12-04,26,23-325,LAK,@,ARI,W,0,1,1,1,0,0,0,0,0,1,0,0,2,0.0,14,10:03,1,0,0,0,
302,2014-12-06,27,23-327,LAK,,PHI,L,0,0,0,0,0,0,0,0,0,0,0,0,0,,11,9:38,3,0,0,0,
303,2014-12-11,28,23-332,LAK,@,OTT,W,0,0,0,0,0,0,0,0,0,0,0,0,1,0.0,15,11:57,3,1,0,0,
304,2014-12-12,29,23-333,LAK,@,MTL,L,0,0,0,0,0,0,0,0,0,0,0,0,2,0.0,12,9:14,3,0,0,0,
305,2014-12-14,30,23-335,LAK,@,TOR,L-SO,0,1,1,1,0,0,0,0,0,1,0,0,0,,13,10:13,1,0,0,0,
306,2014-12-16,31,23-337,LAK,@,STL,L,0,0,0,0,0,0,0,0,0,0,0,0,1,0.0,15,12:47,2,0,0,0,
307,2014-12-18,32,23-339,LAK,,STL,W,0,0,0,0,2,0,0,0,0,0,0,0,0,,16,10:47,1,0,0,1,0.0
308,2014-12-20,33,23-341,LAK,,ARI,W,0,0,0,-1,2,0,0,0,0,0,0,0,2,0.0,14,9:46,4,0,0,0,
309,2014-12-22,34,23-343,LAK,,CGY,L-OT,0,0,0,1,0,0,0,0,0,0,0,0,3,0.0,18,11:37,1,0,0,0,
310,2014-12-27,35,23-348,LAK,,SJS,W,0,0,0,0,0,0,0,0,0,0,0,0,0,,17,12:10,4,0,0,0,
311,2014-12-29,36,23-350,LAK,@,CGY,L,0,0,0,0,2,0,0,0,0,0,0,0,1,0.0,12,9:35,2,0,0,0,
312,2015-01-01,37,23-353,LAK,@,VAN,W,0,0,0,1,0,0,0,0,0,0,0,0,3,0.0,14,10:50,2,0,0,0,
313,2015-01-03,38,23-355,LAK,,NSH,L-OT,0,0,0,1,2,0,0,0,0,0,0,0,0,,18,14:14,2,0,0,0,
314,2015-01-08,39,23-360,LAK,,NYR,L,0,0,0,0,0,0,0,0,0,0,0,0,1,0.0,9,7:43,1,0,0,0,
315,2015-01-10,40,23-362,LAK,,WPG,L-SO,1,0,1,0,4,1,0,0,0,0,0,0,1,100.0,11,9:43,1,0,0,0,
316,2015-01-12,41,23-364,LAK,,TOR,W,0,0,0,0,5,0,0,0,0,0,0,0,2,0.0,11,8:30,3,0,0,0,
317,2015-01-14,42,24-001,LAK,,NJD,L,0,0,0,-1,0,0,0,0,0,0,0,0,1,0.0,17,13:09,3,0,0,0,
318,2015-01-17,43,24-004,LAK,,ANA,L-SO,0,1,1,1,5,0,0,0,0,1,0,0,1,0.0,15,9:32,2,0,0,0,
319,2015-01-19,44,24-006,LAK,,CGY,L-OT,0,0,0,0,0,0,0,0,0,0,0,0,0,,14,11:07,1,0,1,0,100.0
320,2015-01-21,45,24-008,LAK,@,SJS,L,0,0,0,0,5,0,0,0,0,0,0,0,4,0.0,15,9:48,4,0,0,0,
321,2015-01-28,46,24-015,LAK,,CHI,W,0,0,0,0,0,0,0,0,0,0,0,0,2,0.0,17,13:15,3,0,0,0,
322,2015-01-31,47,24-018,LAK,@,BOS,L,0,0,0,0,0,0,0,0,0,0,0,0,1,0.0,18,13:33,2,0,0,0,
323,2015-02-03,48,24-021,LAK,@,WSH,L,0,0,0,-1,0,0,0,0,0,0,0,0,1,0.0,15,13:31,8,0,0,0,
324,2015-02-05,49,24-023,LAK,@,FLA,L,0,0,0,-1,2,0,0,0,0,0,0,0,1,0.0,16,11:29,7,0,0,0,
325,2015-02-07,50,24-025,LAK,@,TBL,W,0,0,0,0,0,0,0,0,0,0,0,0,2,0.0,12,8:16,2,0,0,0,
326,2015-02-09,51,24-027,LAK,@,CBJ,W,0,0,0,-1,7,0,0,0,0,0,0,0,6,0.0,12,7:23,4,0,0,0,
327,2015-02-12,52,24-030,LAK,,CGY,W,0,0,0,0,5,0,0,0,0,0,0,0,3,0.0,9,5:20,4,0,0,0,
328,2015-02-14,53,24-032,LAK,,WSH,W,0,0,0,0,0,0,0,0,0,0,0,0,2,0.0,11,9:08,3,1,0,0,
329,2015-02-16,54,24-034,LAK,,TBL,W,0,0,0,0,2,0,0,0,0,0,0,0,0,,13,9:44,6,0,0,0,
330,2015-02-18,55,24-036,LAK,@,COL,W,0,0,0,-1,0,0,0,0,0,0,0,0,2,0.0,11,11:58,2,0,0,0,
331,2015-02-21,56,24-039,LAK,@,SJS,W,1,0,1,1,0,1,0,0,0,0,0,0,2,50.0,13,9:01,3,0,0,0,
332,2015-02-24,57,24-042,LAK,,DET,W,0,0,0,0,0,0,0,0,0,0,0,0,0,,14,9:47,4,0,0,1,0.0
333,2015-02-26,58,24-044,LAK,,OTT,L,0,0,0,0,0,0,0,0,0,0,0,0,0,,12,9:53,3,0,0,0,
334,2015-02-27,59,24-045,LAK,@,ANA,L,0,0,0,0,0,0,0,0,0,0,0,0,1,0.0,14,10:52,2,0,0,0,
335,2015-03-01,60,24-047,LAK,@,WPG,L,0,0,0,0,10,0,0,0,0,0,0,0,0,,16,10:43,4,0,0,0,
336,2015-03-03,61,24-049,LAK,@,EDM,W,1,0,1,0,0,1,0,0,0,0,0,0,6,16.7,15,11:12,1,1,0,0,
337,2015-03-05,62,24-051,LAK,,MTL,W,0,0,0,-1,0,0,0,0,0,0,0,0,1,0.0,13,8:35,2,1,0,0,
338,2015-03-07,63,24-053,LAK,,PIT,L-OT,0,0,0,0,0,0,0,0,0,0,0,0,1,0.0,13,8:20,3,0,0,0,
339,2015-03-10,64,24-056,LAK,@,COL,W,2,0,2,3,2,2,0,0,1,0,0,0,4,50.0,16,11:05,2,1,0,0,
340,2015-03-12,65,24-058,LAK,@,VAN,W,0,0,0,1,5,0,0,0,0,0,0,0,0,,14,10:16,1,0,0,0,
341,2015-03-14,66,24-060,LAK,,NSH,L,0,0,0,-1,0,0,0,0,0,0,0,0,0,,13,10:56,0,0,0,0,
342,2015-03-16,67,24-062,LAK,,ARI,W,0,0,0,1,0,0,0,0,0,0,0,0,3,0.0,15,11:14,4,0,0,0,
343,2015-03-18,68,24-064,LAK,@,ANA,L-OT,0,0,0,1,0,0,0,0,0,0,0,0,0,,17,13:19,2,0,1,0,100.0
344,2015-03-21,69,24-067,LAK,,VAN,L,0,0,0,0,0,0,0,0,0,0,0,0,0,,11,10:33,1,0,0,0,
345,2015-03-23,70,24-069,LAK,@,NJD,W,0,0,0,0,0,0,0,0,0,0,0,0,1,0.0,14,9:55,2,0,0,0,
346,2015-03-24,71,24-070,LAK,@,NYR,W,0,1,1,0,0,0,0,0,0,1,0,0,1,0.0,14,10:58,1,1,0,0,
347,2015-03-26,72,24-072,LAK,@,NYI,W,0,0,0,0,0,0,0,0,0,0,0,0,0,,12,9:18,1,0,0,0,
348,2015-03-28,73,24-074,LAK,@,MIN,L,0,0,0,0,0,0,0,0,0,0,0,0,1,0.0,14,11:07,2,0,0,0,
349,2015-03-30,74,24-076,LAK,@,CHI,L,0,0,0,-2,0,0,0,0,0,0,0,0,0,,13,9:28,4,1,0,0,
350,2015-04-02,75,24-079,LAK,,EDM,W,0,1,1,2,2,0,0,0,0,1,0,0,1,0.0,15,12:27,5,0,0,1,0.0
351,2015-04-04,76,24-081,LAK,,COL,W,0,0,0,0,0,0,0,0,0,0,0,0,0,,13,11:08,0,0,0,0,
352,2015-04-06,77,24-083,LAK,@,VAN,L-SO,0,0,0,0,0,0,0,0,0,0,0,0,1,0.0,13,9:49,0,1,0,0,
353,2015-04-07,78,24-084,LAK,@,EDM,L,0,0,0,-1,0,0,0,0,0,0,0,0,3,0.0,15,13:35,1,0,0,0,
354,2015-04-09,79,24-086,LAK,@,CGY,L,0,0,0,1,0,0,0,0,0,0,0,0,3,0.0,18,11:19,4,0,0,0,
355,2015-04-11,80,24-088,LAK,,SJS,W,0,0,0,0,2,0,0,0,0,0,0,0,3,0.0,19,13:07,7,0,0,0,
356,2015-10-07,1,24-267,LAK,,SJS,L,0,0,0,0,5,0,0,0,0,0,0,0,0,,12,9:07,1,0,0,1,0.0
357,2015-10-09,2,24-269,LAK,,ARI,L,0,0,0,-2,0,0,0,0,0,0,0,0,1,0.0,15,10:31,2,0,0,0,
358,2015-10-13,3,24-273,LAK,,VAN,L,0,0,0,-1,2,0,0,0,0,0,0,0,0,,15,8:37,2,0,0,0,
359,2015-10-16,4,24-276,LAK,,MIN,W,0,0,0,0,2,0,0,0,0,0,0,0,0,,14,9:05,3,0,0,0,
360,2015-10-18,5,24-278,LAK,,COL,W,0,0,0,0,0,0,0,0,0,0,0,0,0,,9,6:43,0,0,0,0,
361,2015-10-22,6,24-282,LAK,@,SJS,W,0,0,0,0,0,0,0,0,0,0,0,0,1,0.0,12,7:55,2,0,0,0,
362,2015-10-23,7,24-283,LAK,,CAR,W,0,0,0,0,0,0,0,0,0,0,0,0,1,0.0,8,5:40,3,1,0,0,
363,2015-10-25,8,24-285,LAK,@,EDM,W,0,1,1,1,5,0,0,0,0,1,0,0,0,,14,9:34,3,1,0,0,
364,2015-10-27,9,24-287,LAK,@,WPG,W,0,0,0,-1,0,0,0,0,0,0,0,0,1,0.0,17,13:54,0,1,0,0,
365,2015-10-31,10,24-291,LAK,,NSH,W,0,0,0,1,0,0,0,0,0,0,0,0,0,,13,9:21,3,0,1,0,100.0
366,2015-11-02,11,24-293,LAK,@,CHI,L,0,1,1,0,0,0,0,0,0,1,0,0,2,0.0,17,12:00,2,0,0,0,
367,2015-11-03,12,24-294,LAK,@,STL,W,0,0,0,0,0,0,0,0,0,0,0,0,1,0.0,12,9:13,2,0,0,0,
368,2015-11-05,13,24-296,LAK,,CBJ,L,0,0,0,0,5,0,0,0,0,0,0,0,0,,13,9:53,2,0,0,0,
369,2015-11-07,14,24-298,LAK,,FLA,W,0,0,0,0,0,0,0,0,0,0,0,0,0,,17,11:20,2,0,0,0,
370,2015-11-10,15,24-301,LAK,,ARI,L,0,0,0,0,0,0,0,0,0,0,0,0,3,0.0,15,10:14,4,0,0,0,
371,2015-11-12,16,24-303,LAK,,NYI,W,0,0,0,0,0,0,0,0,0,0,0,0,0,,15,11:21,0,1,0,1,0.0
372,2015-11-14,17,24-305,LAK,,EDM,W,0,0,0,-1,0,0,0,0,0,0,0,0,0,,11,7:31,1,0,0,0,
373,2015-11-17,18,24-308,LAK,@,PHI,W,0,0,0,0,2,0,0,0,0,0,0,0,2,0.0,16,10:08,3,0,0,0,
374,2015-11-20,19,24-311,LAK,@,DET,L,0,0,0,-1,0,0,0,0,0,0,0,0,1,0.0,11,7:03,0,0,0,0,
375,2015-11-22,20,24-313,LAK,@,CAR,L,0,0,0,0,5,0,0,0,0,0,0,0,0,,9,5:42,2,0,0,0,
376,2015-11-23,21,24-314,LAK,@,FLA,W,0,1,1,1,0,0,0,0,0,1,0,0,0,,9,6:32,0,0,0,0,
377,2015-11-25,22,24-316,LAK,@,TBL,L-SO,0,0,0,-1,0,0,0,0,0,0,0,0,1,0.0,12,8:49,1,1,0,0,
378,2015-11-28,23,24-319,LAK,,CHI,W,0,0,0,0,0,0,0,0,0,0,0,0,1,0.0,12,8:42,0,0,0,0,
379,2015-12-01,24,24-322,LAK,,VAN,W,0,0,0,0,0,0,0,0,0,0,0,0,0,,9,7:28,2,0,0,0,
380,2015-12-05,25,24-326,LAK,,PIT,W,0,0,0,0,2,0,0,0,0,0,0,0,2,0.0,13,8:42,4,0,1,0,100.0
381,2015-12-06,26,24-327,LAK,,TBL,W,0,0,0,0,0,0,0,0,0,0,0,0,1,0.0,10,8:00,5,0,1,1,50.0
382,2016-02-04,27,25-022,LAK,,ANA,L,0,0,0,0,0,0,0,0,0,0,0,0,4,0.0,18,11:02,3,1,0,0,
383,2016-02-09,28,25-027,LAK,@,BOS,W,0,1,1,2,5,0,0,0,0,1,0,0,3,0.0,14,9:56,2,1,0,0,
384,2016-02-11,29,25-029,LAK,@,NYI,L,1,0,1,-1,0,1,0,0,0,0,0,0,5,20.0,14,9:50,1,0,0,0,
385,2016-02-14,30,25-032,LAK,@,NJD,L,0,0,0,0,0,0,0,0,0,0,0,0,0,,15,10:42,0,1,0,0,
386,2016-02-16,31,25-034,LAK,@,WSH,L,0,0,0,0,0,0,0,0,0,0,0,0,2,0.0,13,7:21,3,1,0,0,
387,2016-02-18,32,25-036,LAK,@,STL,L-OT,0,0,0,0,2,0,0,0,0,0,0,0,2,0.0,20,11:53,5,0,0,1,0.0
388,2016-02-20,33,25-038,LAK,@,NSH,W,0,0,0,0,2,0,0,0,0,0,0,0,3,0.0,16,9:07,1,1,0,0,
389,2016-02-23,34,25-041,LAK,,CGY,W,0,0,0,0,0,0,0,0,0,0,0,0,4,0.0,12,8:23,0,0,0,0,
390,2016-02-25,35,25-043,LAK,,EDM,W,0,0,0,0,0,0,0,0,0,0,0,0,1,0.0,14,11:26,2,0,0,0,
391,2016-02-27,36,25-045,LAK,,BUF,W,0,0,0,0,0,0,0,0,0,0,0,0,1,0.0,11,7:35,5,1,0,0,
392,2016-02-28,37,25-046,LAK,@,ANA,L,0,0,0,0,0,0,0,0,0,0,0,0,0,,14,11:50,0,0,0,0,
393,2016-03-03,38,25-050,LAK,,MTL,W,0,0,0,-1,0,0,0,0,0,0,0,0,4,0.0,10,7:33,2,0,0,0,
394,2016-03-05,39,25-052,LAK,,ANA,L,0,0,0,0,2,0,0,0,0,0,0,0,0,,12,8:45,3,0,0,0,
395,2016-03-07,40,25-054,LAK,,VAN,W,0,0,0,1,0,0,0,0,0,0,0,0,1,0.0,17,9:40,1,0,0,0,
396,2016-03-09,41,25-056,LAK,,WSH,W,0,0,0,0,5,0,0,0,0,0,0,0,2,0.0,12,7:15,2,0,0,0,
397,2016-03-12,42,25-059,LAK,,NJD,L-OT,0,0,0,0,0,0,0,0,0,0,0,0,0,,15,12:08,0,0,0,0,
398,2016-03-14,43,25-061,LAK,@,CHI,W,0,0,0,1,0,0,0,0,0,0,0,0,1,0.0,12,8:16,1,0,0,0,
399,2016-03-15,44,25-062,LAK,@,DAL,W,0,1,1,1,0,0,0,0,0,1,0,0,0,,18,12:56,2,0,0,0,
400,2016-03-17,45,25-064,LAK,,NYR,W,1,0,1,0,0,1,0,0,0,0,0,0,4,25.0,17,12:03,7,0,0,0,
401,2016-03-19,46,25-066,LAK,,BOS,W,0,0,0,0,0,0,0,0,0,0,0,0,2,0.0,17,12:40,3,0,0,0,
402,2016-03-21,47,25-068,LAK,@,NSH,L,0,0,0,-1,0,0,0,0,0,0,0,0,0,,15,10:55,5,0,0,0,
403,2016-03-22,48,25-069,LAK,@,MIN,L,0,0,0,-1,0,0,0,0,0,0,0,0,1,0.0,13,6:54,1,0,0,0,
404,2016-03-24,49,25-071,LAK,@,WPG,L,0,0,0,0,2,0,0,0,0,0,0,0,1,0.0,17,11:04,2,0,0,0,
405,2016-03-26,50,25-073,LAK,,EDM,W,0,0,0,0,0,0,0,0,0,0,0,0,0,,13,10:14,0,0,0,0,
406,2016-03-28,51,25-075,LAK,@,SJS,L,0,0,0,-1,5,0,0,0,0,0,0,0,2,0.0,13,9:10,3,0,0,0,
407,2016-03-31,52,25-078,LAK,,CGY,W,0,0,0,0,0,0,0,0,0,0,0,0,2,0.0,13,9:19,0,0,0,0,
408,2016-04-02,53,25-080,LAK,,DAL,L,0,0,0,0,2,0,0,0,0,0,0,0,0,,12,7:05,3,0,0,0,
409,2016-04-04,54,25-082,LAK,@,VAN,L,1,0,1,1,0,1,0,0,0,0,0,0,2,50.0,12,7:00,4,0,0,0,
410,2016-04-07,55,25-085,LAK,,ANA,W,0,1,1,1,2,0,0,0,0,1,0,0,2,0.0,16,8:30,1,0,0,0,
411,2016-04-09,56,25-087,LAK,,WPG,L-SO,0,0,0,1,0,0,0,0,0,0,0,0,1,0.0,15,9:58,0,0,0,0,
412,2016-10-12,1,25-273,LAK,@,SJS,L,0,0,0,0,2,0,0,0,0,0,0,0,3,0.0,14,11:09,5,0,0,0,
413,2016-10-14,2,25-275,LAK,,PHI,L,0,0,0,0,0,0,0,0,0,0,0,0,0,,16,10:39,6,0,0,0,
414,2016-10-20,3,25-281,LAK,@,DAL,W,0,0,0,0,0,0,0,0,0,0,0,0,2,0.0,12,7:29,0,1,0,0,
415,2016-10-22,4,25-283,LAK,,VAN,W,0,0,0,0,5,0,0,0,0,0,0,0,0,,11,8:20,1,0,0,0,
416,2016-10-25,5,25-286,LAK,,CBJ,W,0,0,0,1,0,0,0,0,0,0,0,0,3,0.0,13,10:55,4,0,0,0,
417,2016-10-27,6,25-288,LAK,,NSH,W,0,0,0,0,0,0,0,0,0,0,0,0,3,0.0,14,10:21,1,0,0,0,
418,2016-10-29,7,25-290,LAK,@,STL,L,0,0,0,-1,2,0,0,0,0,0,0,0,0,,15,9:59,3,0,0,0,
419,2016-10-30,8,25-291,LAK,@,CHI,L,0,0,0,0,2,0,0,0,0,0,0,0,4,0.0,15,12:44,3,0,0,1,0.0
420,2016-11-01,9,25-293,LAK,,ANA,L,0,0,0,0,10,0,0,0,0,0,0,0,0,,10,7:56,2,0,0,0,
421,2016-11-03,10,25-295,LAK,,PIT,W,0,1,1,1,0,0,0,0,0,1,0,0,4,0.0,15,9:37,2,0,0,0,
422,2016-11-05,11,25-297,LAK,,CGY,W,1,0,1,1,0,1,0,0,0,0,0,0,3,33.3,15,8:47,0,0,0,0,
423,2016-11-08,12,25-300,LAK,@,TOR,W,1,0,1,1,0,1,0,0,0,0,0,0,3,33.3,17,13:12,2,0,0,0,
424,2016-11-10,13,25-302,LAK,@,MTL,L,0,0,0,-1,0,0,0,0,0,0,0,0,0,,14,9:11,3,0,0,0,
425,2016-11-11,14,25-303,LAK,@,OTT,L,0,0,0,-1,0,0,0,0,0,0,0,0,2,0.0,16,11:45,2,0,0,0,
426,2016-11-13,15,25-305,LAK,@,WPG,L-SO,0,0,0,1,10,0,0,0,0,0,0,0,0,,12,8:41,1,0,0,0,
427,2016-11-15,16,25-307,LAK,@,COL,L,0,0,0,0,0,0,0,0,0,0,0,0,1,0.0,14,9:04,0,1,0,0,
428,2016-11-17,17,25-309,LAK,,EDM,W,0,1,1,0,0,0,0,0,0,1,0,0,1,0.0,16,12:41,1,0,0,0,
429,2016-11-19,18,25-311,LAK,,NJD,W,0,0,0,0,0,0,0,0,0,0,0,0,4,0.0,18,12:40,3,0,0,0,
430,2016-11-20,19,25-312,LAK,@,ANA,W,0,0,0,0,2,0,0,0,0,0,0,0,1,0.0,19,10:21,0,0,0,0,
431,2016-11-23,20,25-315,LAK,,NYI,W,0,0,0,-1,0,0,0,0,0,0,0,0,1,0.0,16,10:40,3,0,0,0,
432,2016-12-01,21,25-323,LAK,@,ARI,W,0,1,1,2,2,0,0,0,0,1,0,0,1,0.0,13,7:55,1,0,0,0,
433,2016-12-04,22,25-326,LAK,,MTL,L-SO,0,1,1,1,0,0,0,0,0,1,0,0,1,0.0,15,10:40,1,0,0,0,
434,2016-12-08,23,25-330,LAK,,CAR,L,0,0,0,-1,0,0,0,0,0,0,0,0,1,0.0,20,13:48,4,0,0,0,
435,2016-12-13,24,25-335,LAK,@,BUF,L,0,0,0,-1,0,0,0,0,0,0,0,0,4,0.0,17,11:26,4,0,0,0,
436,2016-12-15,25,25-337,LAK,@,DET,W,0,0,0,0,0,0,0,0,0,0,0,0,1,0.0,16,12:19,3,0,0,0,
437,2016-12-16,26,25-338,LAK,@,PIT,W,0,0,0,0,0,0,0,0,0,0,0,0,3,0.0,13,10:27,4,0,0,0,
438,2016-12-18,27,25-340,LAK,@,BOS,L,0,0,0,0,5,0,0,0,0,0,0,0,1,0.0,15,10:38,0,0,0,0,
439,2016-12-28,28,25-350,LAK,@,VAN,L,0,0,0,0,0,0,0,0,0,0,0,0,2,0.0,16,10:15,1,0,0,0,
440,2016-12-29,29,25-351,LAK,@,EDM,L,0,0,0,0,0,0,0,0,0,0,0,0,2,0.0,19,15:06,3,0,0,0,
441,2016-12-31,30,25-353,LAK,,SJS,W,0,0,0,-1,5,0,0,0,0,0,0,0,1,0.0,14,10:42,0,0,0,0,
442,2017-01-03,31,25-356,LAK,@,SJS,W,0,0,0,0,2,0,0,0,0,0,0,0,1,0.0,18,11:36,1,0,0,0,
443,2017-01-05,32,25-358,LAK,,DET,L,0,0,0,0,0,0,0,0,0,0,0,0,1,0.0,18,12:57,1,0,0,0,
444,2017-01-07,33,25-360,LAK,,MIN,W,0,0,0,0,0,0,0,0,0,0,0,0,3,0.0,13,10:49,1,0,0,0,
445,2017-01-09,34,25-362,LAK,,DAL,L,0,0,0,-1,0,0,0,0,0,0,0,0,2,0.0,18,14:33,5,0,0,0,
446,2017-01-12,35,25-365,LAK,,STL,W,0,0,0,0,10,0,0,0,0,0,0,0,1,0.0,12,9:22,2,0,0,0,
447,2017-01-14,36,26-001,LAK,,WPG,W,0,0,0,0,0,0,0,0,0,0,0,0,1,0.0,14,11:18,2,0,1,0,100.0
448,2017-01-16,37,26-003,LAK,,TBL,L,1,0,1,0,5,1,0,0,0,0,0,0,2,50.0,18,12:48,3,1,0,1,0.0
449,2017-01-18,38,26-005,LAK,,SJS,L,0,1,1,1,2,0,0,0,0,1,0,0,2,0.0,13,9:07,3,0,0,0,
450,2017-01-21,39,26-008,LAK,@,NYI,L,0,0,0,0,0,0,0,0,0,0,0,0,0,,14,10:08,1,0,0,0,
451,2017-01-23,40,26-010,LAK,@,NYR,L,1,0,1,-1,0,1,0,0,0,0,0,0,6,16.7,17,11:27,4,0,0,0,
452,2017-01-24,41,26-011,LAK,@,NJD,W,0,0,0,-1,0,0,0,0,0,0,0,0,0,,17,11:56,2,0,0,0,
453,2017-01-26,42,26-013,LAK,@,CAR,W,1,0,1,1,0,1,0,0,0,0,0,0,1,100.0,19,13:08,4,0,0,0,
454,2017-01-31,43,26-018,LAK,@,ARI,W,0,0,0,0,0,0,0,0,0,0,0,0,4,0.0,20,12:16,3,0,0,0,
455,2017-02-01,44,26-019,LAK,,COL,W,0,0,0,0,0,0,0,0,0,0,0,0,2,0.0,16,13:00,1,0,0,0,
456,2017-02-04,45,26-022,LAK,@,PHI,W,0,0,0,0,0,0,0,0,0,0,0,0,1,0.0,15,11:31,3,0,0,1,0.0
457,2017-02-05,46,26-023,LAK,@,WSH,L,0,0,0,-1,0,0,0,0,0,0,0,0,2,0.0,14,9:38,1,0,0,0,
458,2017-02-07,47,26-025,LAK,@,TBL,L,0,0,0,0,0,0,0,0,0,0,0,0,1,0.0,16,12:41,1,0,0,0,
459,2017-02-09,48,26-027,LAK,@,FLA,W,0,0,0,0,0,0,0,0,0,0,0,0,1,0.0,14,9:29,1,0,0,0,
460,2017-02-16,49,26-034,LAK,,ARI,L,0,0,0,-1,0,0,0,0,0,0,0,0,1,0.0,17,13:30,6,0,0,0,
461,2017-02-18,50,26-036,LAK,,FLA,L,0,0,0,0,0,0,0,0,0,0,0,0,0,,11,7:32,4,0,0,0,
462,2017-02-19,51,26-037,LAK,@,ANA,L,0,0,0,0,5,0,0,0,0,0,0,0,1,0.0,11,8:57,1,0,0,0,
463,2017-02-21,52,26-039,LAK,@,COL,W,0,0,0,0,0,0,0,0,0,0,0,0,1,0.0,14,8:47,1,0,0,0,
464,2017-02-23,53,26-041,LAK,,BOS,L,0,0,0,0,2,0,0,0,0,0,0,0,1,0.0,14,8:34,5,0,0,0,
465,2017-02-25,54,26-043,LAK,,ANA,W,0,0,0,0,0,0,0,0,0,0,0,0,2,0.0,12,9:32,3,0,0,0,
466,2017-02-27,55,26-045,LAK,@,MIN,L-OT,0,0,0,0,2,0,0,0,0,0,0,0,3,0.0,15,9:54,0,0,1,0,100.0
467,2017-02-28,56,26-046,LAK,@,CGY,L-OT,0,0,0,0,0,0,0,0,0,0,0,0,0,,15,10:15,0,0,0,0,
468,2017-03-02,57,26-048,LAK,,TOR,W,0,0,0,0,0,0,0,0,0,0,0,0,3,0.0,15,9:54,3,0,0,0,
469,2017-03-04,58,26-050,LAK,,VAN,L,0,0,0,0,0,0,0,0,0,0,0,0,3,0.0,15,11:18,0,1,0,0,
470,2017-03-09,59,26-055,LAK,,NSH,W,0,0,0,0,5,0,0,0,0,0,0,0,1,0.0,10,6:17,0,0,0,0,
471,2017-03-11,60,26-057,LAK,,WSH,W,0,0,0,0,0,0,0,0,0,0,0,0,0,,12,8:03,2,0,0,0,
472,2017-03-13,61,26-059,LAK,,STL,L,0,0,0,0,0,0,0,0,0,0,0,0,1,0.0,16,10:44,1,0,0,0,
473,2017-03-14,62,26-060,LAK,,ARI,L-SO,0,0,0,0,0,0,0,0,0,0,0,0,0,,12,8:53,4,0,0,0,
474,2017-03-16,63,26-062,LAK,,BUF,W,0,0,0,0,5,0,0,0,0,0,0,0,3,0.0,12,9:16,1,0,0,0,
475,2017-03-19,64,26-065,LAK,@,CGY,L,0,0,0,1,2,0,0,0,0,0,0,0,3,0.0,20,13:58,0,1,0,0,
476,2017-03-20,65,26-066,LAK,@,EDM,L,0,0,0,0,0,0,0,0,0,0,0,0,1,0.0,17,13:04,2,1,0,0,
477,2017-03-23,66,26-069,LAK,,WPG,W,0,0,0,0,0,0,0,0,0,0,0,0,1,0.0,16,11:11,0,0,0,0,
478,2017-03-28,67,26-074,LAK,@,EDM,L,0,0,0,-1,5,0,0,0,0,0,0,0,1,0.0,14,10:33,3,0,0,0,
479,2017-03-29,68,26-075,LAK,@,CGY,W,0,0,0,-1,0,0,0,0,0,0,0,0,5,0.0,25,13:55,2,1,0,0,
480,2017-03-31,69,26-077,LAK,@,VAN,W,0,0,0,0,2,0,0,0,0,0,0,0,3,0.0,18,12:23,0,0,0,0,
481,2017-04-02,70,26-079,LAK,,ARI,L,0,0,0,-1,0,0,0,0,0,0,0,0,0,,13,8:58,1,0,0,0,
482,2017-04-04,71,26-081,LAK,,EDM,W,0,1,1,1,0,0,0,0,0,1,0,0,4,0.0,14,10:42,2,0,0,0,
483,2017-04-08,72,26-085,LAK,,CHI,W,0,0,0,0,0,0,0,0,0,0,0,0,0,,13,9:42,3,0,0,0,
484,2017-04-09,73,26-086,LAK,@,ANA,L-OT,1,0,1,1,0,1,0,0,0,0,0,0,1,100.0,14,9:45,0,0,0,0,
485,2017-10-05,1,26-265,LAK,,PHI,W,0,1,1,1,0,0,0,0,0,1,0,0,0,,17,8:56,0,0,0,0,
486,2017-10-07,2,26-267,LAK,@,SJS,W,0,0,0,1,2,0,0,0,0,0,0,0,2,0.0,19,12:11,1,1,0,0,
487,2017-10-11,3,26-271,LAK,,CGY,L-OT,0,0,0,0,0,0,0,0,0,0,0,0,2,0.0,6,5:21,2,0,0,0,
488,2017-12-12,4,26-333,LAK,@,NJD,L,0,0,0,-1,0,0,0,0,0,0,0,0,0,,14,9:22,3,0,0,1,0.0
489,2017-12-15,5,26-336,LAK,@,NYR,L,0,0,0,0,0,0,0,0,0,0,0,0,1,0.0,18,12:26,2,1,0,0,
490,2017-12-16,6,26-337,LAK,@,NYI,L-OT,0,0,0,0,0,0,0,0,0,0,0,0,1,0.0,12,9:06,3,0,0,0,
491,2017-12-28,7,26-349,LAK,,VEG,L-OT,0,0,0,0,0,0,0,0,0,0,0,0,0,,13,10:04,4,0,0,0,
492,2017-12-30,8,26-351,LAK,@,VAN,W,1,0,1,2,0,1,0,0,0,0,0,0,2,50.0,20,13:39,1,0,0,0,
493,2018-01-02,9,26-354,LAK,@,EDM,W,0,0,0,0,2,0,0,0,0,0,0,0,4,0.0,16,11:13,4,0,0,0,
494,2018-01-04,10,26-356,LAK,@,CGY,L,0,0,0,-1,0,0,0,0,0,0,0,0,4,0.0,12,8:40,0,0,0,0,
495,2018-01-06,11,26-358,LAK,,NSH,L,0,0,0,-2,0,0,0,0,0,0,0,0,1,0.0,10,6:18,3,0,0,2,0.0
496,2018-01-13,12,27-000,LAK,,ANA,L,0,0,0,0,5,0,0,0,0,0,0,0,1,0.0,13,8:58,5,0,0,0,
497,2018-01-15,13,27-002,LAK,,SJS,L,0,0,0,-2,0,0,0,0,0,0,0,0,3,0.0,14,9:59,2,1,0,0,
498,2018-01-18,14,27-005,LAK,,PIT,L,0,0,0,0,0,0,0,0,0,0,0,0,0,,8,6:38,0,1,0,0,
499,2018-01-19,15,27-006,LAK,@,ANA,L,0,0,0,-1,0,0,0,0,0,0,0,0,2,0.0,15,12:36,3,0,0,0,
500,2018-01-21,16,27-008,LAK,,NYR,W,0,0,0,0,12,0,0,0,0,0,0,0,0,,12,8:25,4,0,0,0,
501,2018-01-23,17,27-010,LAK,@,VAN,L,0,0,0,-2,0,0,0,0,0,0,0,0,2,0.0,13,9:27,3,0,0,0,
502,2018-01-24,18,27-011,LAK,@,CGY,W,0,0,0,0,4,0,0,0,0,0,0,0,1,0.0,12,7:33,0,0,0,0,
503,2018-01-30,19,27-017,LAK,@,DAL,W,0,0,0,0,0,0,0,0,0,0,0,0,1,0.0,21,14:36,2,0,0,0,
504,2018-02-01,20,27-019,LAK,@,NSH,L,0,0,0,0,2,0,0,0,0,0,0,0,1,0.0,19,13:59,3,0,0,0,
505,2018-02-03,21,27-021,LAK,,ARI,W,0,0,0,0,0,0,0,0,0,0,0,0,2,0.0,20,14:29,4,0,0,0,
506,2018-02-07,22,27-025,LAK,,EDM,W,1,0,1,1,0,1,0,0,0,0,0,0,1,100.0,17,11:10,2,0,0,0,
507,2018-02-09,23,27-027,LAK,@,FLA,W,0,0,0,0,7,0,0,0,0,0,0,0,2,0.0,18,11:02,4,0,0,0,
508,2018-02-10,24,27-028,LAK,@,TBL,L,1,0,1,1,0,1,0,0,0,0,0,0,1,100.0,13,9:42,4,0,0,1,0.0
509,2018-02-13,25,27-031,LAK,@,CAR,L,0,1,1,1,0,0,0,0,0,1,0,0,2,0.0,18,12:10,1,0,0,0,
510,2018-02-15,26,27-033,LAK,@,PIT,L,0,0,0,0,0,0,0,0,0,0,0,0,1,0.0,16,10:45,1,0,0,0,
511,2018-02-17,27,27-035,LAK,@,BUF,W,0,0,0,0,0,0,0,0,0,0,0,0,1,0.0,17,14:25,3,1,0,2,0.0
512,2018-02-19,28,27-037,LAK,@,CHI,W,0,1,1,0,0,0,0,0,0,1,0,0,4,0.0,18,11:50,2,0,0,0,
513,2018-02-20,29,27-038,LAK,@,WPG,W,0,0,0,0,0,0,0,0,0,0,0,0,0,,17,11:40,1,0,1,0,100.0
514,2018-02-24,30,27-042,LAK,,EDM,L,0,0,0,1,0,0,0,0,0,0,0,0,0,,15,10:47,4,0,0,0,
515,2018-02-26,31,27-044,LAK,,VEG,W,0,0,0,0,2,0,0,0,0,0,0,0,1,0.0,12,8:20,2,0,0,0,
516,2018-02-27,32,27-045,LAK,@,VEG,W,1,0,1,1,0,1,0,0,0,0,0,0,3,33.3,13,7:39,1,0,0,0,
517,2018-03-01,33,27-047,LAK,,CBJ,W,0,0,0,-1,0,0,0,0,0,0,0,0,2,0.0,15,8:55,2,0,0,0,
518,2018-03-03,34,27-049,LAK,,CHI,L,0,0,0,0,0,0,0,0,0,0,0,0,3,0.0,15,11:12,3,1,0,0,
519,2018-03-08,35,27-054,LAK,,WSH,W,1,0,1,1,4,1,0,0,0,0,0,0,2,50.0,16,12:46,2,1,0,0,
520,2018-03-10,36,27-056,LAK,,STL,L,0,0,0,-1,0,0,0,0,0,0,0,0,2,0.0,18,11:24,7,0,0,0,
521,2018-03-12,37,27-058,LAK,,VAN,W,0,0,0,0,0,0,0,0,0,0,0,0,4,0.0,15,11:31,2,1,0,0,
522,2018-03-13,38,27-059,LAK,@,ARI,L-SO,0,0,0,-1,0,0,0,0,0,0,0,0,1,0.0,18,13:10,6,0,0,0,
523,2018-03-15,39,27-061,LAK,,DET,W,0,0,0,0,2,0,0,0,0,0,0,0,0,,11,7:55,3,0,0,0,
524,2018-03-17,40,27-063,LAK,,NJD,L,0,0,0,0,0,0,0,0,0,0,0,0,2,0.0,13,7:02,2,0,0,0,
525,2018-03-19,41,27-065,LAK,@,MIN,W,0,0,0,-2,0,0,0,0,0,0,0,0,3,0.0,13,10:03,2,0,0,1,0.0
526,2018-03-20,42,27-066,LAK,@,WPG,L-OT,0,0,0,0,0,0,0,0,0,0,0,0,1,0.0,13,10:35,1,0,0,1,0.0
527,2018-03-22,43,27-068,LAK,@,COL,W,0,0,0,0,2,0,0,0,0,0,0,0,2,0.0,19,10:50,2,0,0,0,
528,2018-03-24,44,27-070,LAK,@,EDM,L,0,0,0,0,0,0,0,0,0,0,0,0,3,0.0,18,12:54,6,0,0,0,
529,2018-03-26,45,27-072,LAK,,CGY,W,0,0,0,0,0,0,0,0,0,0,0,0,1,0.0,16,11:36,1,0,0,0,
530,2018-03-29,46,27-075,LAK,,ARI,W,0,0,0,0,0,0,0,0,0,0,0,0,1,0.0,15,10:32,2,0,0,0,
531,2018-03-30,47,27-076,LAK,@,ANA,L-OT,0,0,0,0,0,0,0,0,0,0,0,0,2,0.0,17,12:07,3,0,0,0,
532,2018-04-02,48,27-079,LAK,,COL,W,1,0,1,1,0,1,0,0,0,0,0,0,3,33.3,16,8:59,3,0,0,0,
533,2018-04-05,49,27-082,LAK,,MIN,W,0,0,0,-1,4,0,0,0,0,0,0,0,2,0.0,17,11:10,3,0,0,0,
534,2018-04-07,50,27-084,LAK,,DAL,L,0,1,1,0,0,0,0,0,0,1,0,0,1,0.0,20,11:21,3,0,0,0,
535,2018-10-05,1,27-265,LAK,,SJS,L-OT,0,0,0,-1,0,0,0,0,0,0,0,0,1,0.0,11,7:47,2,0,0,0,
536,2018-10-09,2,27-269,LAK,@,WPG,L,0,0,0,0,0,0,0,0,0,0,0,0,0,,13,7:55,2,0,0,0,
537,2018-10-11,3,27-271,LAK,@,MTL,W,0,0,0,0,0,0,0,0,0,0,0,0,0,,11,8:42,6,0,0,0,
538,2018-10-13,4,27-273,LAK,@,OTT,L,0,0,0,1,0,0,0,0,0,0,0,0,1,0.0,12,9:57,4,0,0,0,
539,2018-10-15,5,27-275,LAK,@,TOR,L,0,0,0,0,2,0,0,0,0,0,0,0,0,,15,10:13,1,0,0,0,
540,2018-10-20,6,27-280,LAK,,BUF,L,0,0,0,-1,5,0,0,0,0,0,0,0,0,,10,6:41,1,0,0,0,
541,2018-10-23,7,27-283,LAK,@,DAL,L,0,0,0,-1,0,0,0,0,0,0,0,0,1,0.0,13,9:17,1,0,0,0,
542,2018-10-25,8,27-285,LAK,@,MIN,L,1,0,1,1,7,1,0,0,0,0,0,0,2,50.0,12,8:42,2,0,0,0,
543,2018-10-28,9,27-288,LAK,,NYR,W,0,0,0,0,7,0,0,0,0,0,0,0,0,,10,5:16,1,0,0,1,0.0
544,2018-11-01,10,27-292,LAK,,PHI,L,0,0,0,0,2,0,0,0,0,0,0,0,0,,15,10:01,2,0,0,0,
545,2018-11-03,11,27-294,LAK,,CBJ,W,0,0,0,0,0,0,0,0,0,0,0,0,5,0.0,14,9:35,1,0,0,0,
546,2018-11-06,12,27-297,LAK,,ANA,W,1,0,1,1,0,1,0,0,1,0,0,0,3,33.3,17,10:01,0,0,0,0,
547,2018-11-08,13,27-299,LAK,,MIN,L,0,0,0,0,0,0,0,0,0,0,0,0,1,0.0,10,7:39,0,1,0,0,
548,2018-11-10,14,27-301,LAK,,CGY,L,0,0,0,0,2,0,0,0,0,0,0,0,3,0.0,16,10:49,0,1,0,0,
549,2018-11-13,15,27-304,LAK,,TOR,L,0,0,0,1,0,0,0,0,0,0,0,0,3,0.0,17,12:12,0,0,0,0,
550,2018-11-16,16,27-307,LAK,@,CHI,W,0,0,0,0,0,0,0,0,0,0,0,0,1,0.0,12,7:43,0,0,0,0,
551,2018-11-17,17,27-308,LAK,@,NSH,L,0,0,0,0,0,0,0,0,0,0,0,0,0,,10,5:25,0,,,,
552,2018-11-19,18,27-310,LAK,@,STL,W,0,0,0,0,0,0,0,0,0,0,0,0,2,0.0,11,7:24,1,0,0,0,
553,2018-11-21,19,27-312,LAK,,COL,L,1,0,1,0,2,1,0,0,0,0,0,0,3,33.3,20,14:16,3,0,0,0,
554,2018-11-24,20,27-315,LAK,,VAN,L,0,0,0,0,2,0,0,0,0,0,0,0,1,0.0,16,10:34,2,0,0,0,
555,2018-11-25,21,27-316,LAK,,EDM,W,0,0,0,0,0,0,0,0,0,0,0,0,3,0.0,20,12:42,3,0,0,0,
556,2018-11-27,22,27-318,LAK,@,VAN,W,0,0,0,0,0,0,0,0,0,0,0,0,0,,23,14:19,4,0,0,0,
557,2018-11-29,23,27-320,LAK,@,EDM,L,0,0,0,-1,0,0,0,0,0,0,0,0,1,0.0,22,13:49,2,0,0,0,
558,2018-11-30,24,27-321,LAK,@,CGY,L,0,0,0,0,0,0,0,0,0,0,0,0,0,,19,16:14,2,2,0,0,
559,2018-12-02,25,27-323,LAK,,CAR,W,1,0,1,1,2,1,0,0,0,0,0,0,3,33.3,23,14:32,0,2,0,0,
560,2018-12-04,26,27-325,LAK,,ARI,L,0,0,0,0,0,0,0,0,0,0,0,0,1,0.0,16,9:32,1,0,0,0,
561,2018-12-06,27,27-327,LAK,,NJD,L,1,0,1,0,0,1,0,0,0,0,0,0,4,25.0,15,7:30,1,0,0,0,
562,2018-12-08,28,27-329,LAK,,VEG,W,0,0,0,0,0,0,0,0,0,0,0,0,2,0.0,9,5:48,0,0,0,0,
563,2018-12-27,29,27-348,LAK,,ARI,W,0,1,1,1,0,0,0,0,0,1,0,0,1,0.0,15,11:21,1,0,0,0,
564,2018-12-29,30,27-350,LAK,,VEG,L,0,0,0,-1,0,0,0,0,0,0,0,0,1,0.0,10,6:43,2,1,0,0,
565,2018-12-31,31,27-352,LAK,@,COL,W,0,0,0,0,4,0,0,0,0,0,0,0,0,,12,6:17,1,0,0,0,
566,2019-01-01,32,27-353,LAK,@,VEG,L,0,0,0,0,0,0,0,0,0,0,0,0,0,,9,8:18,2,1,0,0,
567,2019-01-05,33,27-357,LAK,,EDM,W,1,0,1,1,0,1,0,0,1,0,0,0,1,100.0,15,9:57,1,0,0,0,
568,2019-01-07,34,27-359,LAK,@,SJS,L,0,0,0,0,0,0,0,0,0,0,0,0,3,0.0,13,6:54,1,0,0,0,
569,2019-01-10,35,27-362,LAK,,OTT,L,1,0,1,1,0,1,0,0,0,0,0,0,2,50.0,13,7:51,0,0,0,0,
570,2019-01-12,36,27-364,LAK,,PIT,W,0,0,0,0,0,0,0,0,0,0,0,0,2,0.0,9,5:57,0,0,0,0,
571,2019-01-15,37,28-002,LAK,@,MIN,L-SO,0,0,0,0,0,0,0,0,0,0,0,0,1,0.0,12,8:45,3,1,0,1,0.0
572,2019-01-17,38,28-004,LAK,@,DAL,W,0,0,0,0,0,0,0,0,0,0,0,0,0,,11,7:51,0,0,0,0,
573,2019-01-19,39,28-006,LAK,@,COL,L,0,0,0,-1,0,0,0,0,0,0,0,0,4,0.0,15,10:53,0,0,0,0,
574,2019-01-21,40,28-008,LAK,,STL,W,0,0,0,0,0,0,0,0,0,0,0,0,3,0.0,12,9:10,2,1,0,0,
575,2019-02-02,41,28-020,LAK,@,NYI,L,0,0,0,0,0,0,0,0,0,0,0,0,2,0.0,14,10:36,0,0,0,0,
576,2019-02-04,42,28-022,LAK,@,NYR,W,0,0,0,0,0,0,0,0,0,0,0,0,2,0.0,16,11:07,4,1,2,0,100.0
577,2019-02-05,43,28-023,LAK,@,NJD,W,0,0,0,0,2,0,0,0,0,0,0,0,1,0.0,15,10:13,3,0,1,0,100.0
578,2019-02-07,44,28-025,LAK,@,PHI,W,0,1,1,1,2,0,0,0,0,1,0,0,3,0.0,17,12:11,1,3,0,0,
579,2019-02-09,45,28-027,LAK,@,BOS,L-OT,0,0,0,0,0,0,0,0,0,0,0,0,1,0.0,14,9:52,0,0,0,0,
580,2019-02-11,46,28-029,LAK,@,WSH,L,0,2,2,2,0,0,0,0,0,2,0,0,1,0.0,15,10:04,1,0,0,0,
581,2019-02-14,47,28-032,LAK,,VAN,L-SO,0,2,2,2,0,0,0,0,0,2,0,0,3,0.0,14,10:00,2,0,0,0,
582,2019-02-16,48,28-034,LAK,,BOS,L,0,0,0,-1,0,0,0,0,0,0,0,0,1,0.0,15,10:19,3,0,0,0,
583,2019-02-18,49,28-036,LAK,,WSH,L,0,0,0,0,2,0,0,0,0,0,0,0,3,0.0,16,10:19,3,0,0,0,
584,2019-02-21,50,28-039,LAK,@,NSH,L,0,0,0,1,0,0,0,0,0,0,0,0,1,0.0,13,9:19,2,0,0,0,
585,2019-02-23,51,28-041,LAK,@,FLA,L,0,0,0,-1,0,0,0,0,0,0,0,0,0,,15,11:24,3,0,0,1,0.0
586,2019-02-25,52,28-043,LAK,@,TBL,L-SO,0,0,0,1,2,0,0,0,0,0,0,0,2,0.0,14,7:46,1,0,0,0,
587,2019-02-26,53,28-044,LAK,@,CAR,L,0,0,0,-1,10,0,0,0,0,0,0,0,2,0.0,20,14:14,3,1,0,0,
588,2019-02-28,54,28-046,LAK,,DAL,L-OT,0,0,0,0,0,0,0,0,0,0,0,0,1,0.0,16,10:21,3,0,0,0,
589,2019-03-02,55,28-048,LAK,,CHI,W,0,0,0,-1,0,0,0,0,0,0,0,0,1,0.0,16,11:52,3,3,0,0,
590,2019-03-05,56,28-051,LAK,,MTL,L,0,0,0,-1,0,0,0,0,0,0,0,0,1,0.0,17,10:13,2,0,0,0,
591,2019-03-07,57,28-053,LAK,,STL,L,0,0,0,-1,0,0,0,0,0,0,0,0,2,0.0,17,11:07,2,2,0,1,0.0
592,2019-03-09,58,28-055,LAK,@,ARI,L,0,0,0,-1,2,0,0,0,0,0,0,0,1,0.0,16,13:29,4,1,0,0,
593,2019-03-10,59,28-056,LAK,@,ANA,W,1,0,1,0,2,1,0,0,0,0,0,0,4,25.0,19,13:24,1,0,0,0,
594,2019-03-14,60,28-060,LAK,,NSH,L,0,0,0,1,0,0,0,0,0,0,0,0,1,0.0,15,10:52,2,0,0,0,
595,2019-03-16,61,28-062,LAK,,FLA,L,0,0,0,-1,0,0,0,0,0,0,0,0,0,,15,12:26,4,0,0,0,
596,2019-03-18,62,28-064,LAK,,WPG,L,0,0,0,0,5,0,0,0,0,0,0,0,1,0.0,13,10:38,1,0,0,1,0.0
597,2019-03-21,63,28-067,LAK,,SJS,W,0,0,0,0,0,0,0,0,0,0,0,0,3,0.0,18,14:10,3,1,0,0,
598,2019-03-23,64,28-069,LAK,,ANA,W,1,0,1,0,0,0,1,0,0,0,0,0,3,33.3,21,16:09,0,0,0,0,
599,2019-03-25,65,28-071,LAK,@,CGY,W,0,1,1,1,0,0,0,0,0,1,0,0,1,0.0,15,11:14,0,0,0,0,
600,2019-03-26,66,28-072,LAK,@,EDM,L,0,0,0,-1,5,0,0,0,0,0,0,0,1,0.0,22,14:43,1,0,0,0,
601,2019-03-28,67,28-074,LAK,@,VAN,L-SO,0,0,0,-1,0,0,0,0,0,0,0,0,1,0.0,20,16:22,1,1,0,0,
602,2019-03-30,68,28-076,LAK,,CHI,W,0,1,1,1,2,0,0,0,0,1,0,0,4,0.0,21,17:08,0,0,0,0,
603,2019-04-01,69,28-078,LAK,,CGY,L,1,0,1,0,0,1,0,0,0,0,0,0,4,25.0,18,13:08,1,1,0,0,
604,2019-04-02,70,28-079,LAK,@,ARI,W,1,1,2,2,17,1,0,0,0,1,0,0,1,100.0,14,8:59,2,0,0,0,
605,2019-04-05,71,28-082,LAK,@,ANA,L,0,0,0,-2,10,0,0,0,0,0,0,0,4,0.0,18,14:00,4,0,0,0,
606,2019-04-06,72,28-083,LAK,,VEG,W,0,1,1,2,0,0,0,0,0,1,0,0,0,,17,12:53,0,0,0,0,
607,2019-10-05,1,28-265,LAK,@,EDM,L,0,2,2,2,0,0,0,0,0,2,0,0,1,0.0,14,7:26,0,0,0,0,
608,2019-10-08,2,28-268,LAK,@,CGY,W,0,0,0,-1,0,0,0,0,0,0,0,0,2,0.0,24,13:40,2,0,0,0,
609,2019-10-09,3,28-269,LAK,@,VAN,L,0,0,0,0,0,0,0,0,0,0,0,0,3,0.0,19,11:12,0,1,0,0,
610,2019-10-12,4,28-272,LAK,,NSH,W,1,0,1,1,0,1,0,0,0,0,0,0,4,25.0,17,11:23,2,1,0,1,0.0
611,2019-10-13,5,28-273,LAK,,VEG,L,0,0,0,1,0,0,0,0,0,0,0,0,0,,20,11:55,4,0,0,0,
612,2019-10-15,6,28-275,LAK,,CAR,L,0,0,0,0,0,0,0,0,0,0,0,0,1,0.0,12,7:57,0,0,0,0,
613,2019-10-17,7,28-277,LAK,,BUF,L,0,0,0,0,0,0,0,0,0,0,0,0,3,0.0,16,9:23,2,0,0,0,
614,2019-10-19,8,28-279,LAK,,CGY,W,0,0,0,0,2,0,0,0,0,0,0,0,2,0.0,19,11:21,1,0,0,0,
615,2019-10-22,9,28-282,LAK,@,WPG,W,0,1,1,0,0,0,0,0,0,1,0,0,3,0.0,16,10:37,0,0,0,1,0.0
616,2019-10-24,10,28-284,LAK,@,STL,L,0,0,0,0,2,0,0,0,0,0,0,0,1,0.0,14,10:38,0,0,0,0,
617,2019-10-26,11,28-286,LAK,@,MIN,L,0,0,0,-2,0,0,0,0,0,0,0,0,1,0.0,17,12:24,1,0,0,0,
618,2019-10-27,12,28-287,LAK,@,CHI,L,0,0,0,0,2,0,0,0,0,0,0,0,1,0.0,17,12:50,4,0,0,0,
619,2019-10-30,13,28-290,LAK,,VAN,L,0,0,0,0,5,0,0,0,0,0,0,0,2,0.0,17,9:59,2,0,0,0,
620,2019-11-02,14,28-293,LAK,,CHI,W,1,0,1,2,0,1,0,0,0,0,0,0,2,50.0,17,12:11,0,0,0,0,
621,2019-11-05,15,28-296,LAK,@,TOR,L,0,0,0,-2,0,0,0,0,0,0,0,0,0,,17,11:19,2,0,0,0,
622,2019-11-07,16,28-298,LAK,@,OTT,L-OT,0,0,0,0,0,0,0,0,0,0,0,0,1,0.0,16,10:22,3,0,0,0,
623,2019-11-09,17,28-300,LAK,@,MTL,L,0,0,0,0,4,0,0,0,0,0,0,0,0,,16,10:37,2,1,0,0,
624,2019-11-12,18,28-303,LAK,,MIN,W,0,0,0,0,2,0,0,0,0,0,0,0,0,,18,9:56,1,0,0,0,
625,2019-11-14,19,28-305,LAK,,DET,W,0,0,0,0,0,0,0,0,0,0,0,0,2,0.0,13,9:36,3,0,0,0,
626,2019-11-16,20,28-307,LAK,,VEG,W,0,1,1,1,0,0,0,0,0,1,0,0,3,0.0,18,11:01,1,1,0,0,
627,2019-11-18,21,28-309,LAK,@,ARI,L,0,0,0,-1,0,0,0,0,0,0,0,0,0,,17,12:51,3,0,0,0,
628,2019-11-21,22,28-312,LAK,,EDM,W,0,0,0,1,0,0,0,0,0,0,0,0,0,,15,10:58,3,0,0,0,
629,2019-11-23,23,28-314,LAK,,ARI,L,0,0,0,1,0,0,0,0,0,0,0,0,1,0.0,14,9:42,1,0,0,0,
630,2019-11-25,24,28-316,LAK,,SJS,L-OT,0,0,0,-1,0,0,0,0,0,0,0,0,1,0.0,15,9:49,4,0,0,0,
631,2019-11-27,25,28-318,LAK,,NYI,W,0,0,0,0,0,0,0,0,0,0,0,0,0,,17,11:49,0,0,1,0,100.0
632,2019-11-29,26,28-320,LAK,@,SJS,L,1,0,1,0,2,1,0,0,0,0,0,0,3,33.3,16,12:13,3,2,1,0,100.0
633,2019-11-30,27,28-321,LAK,,WPG,W,0,0,0,1,0,0,0,0,0,0,0,0,4,0.0,16,9:22,0,0,0,0,
634,2019-12-02,28,28-323,LAK,@,ANA,L,0,0,0,1,0,0,0,0,0,0,0,0,2,0.0,17,13:34,3,0,0,0,
635,2019-12-04,29,28-325,LAK,,WSH,L,0,0,0,-1,0,0,0,0,0,0,0,0,0,,13,11:13,2,1,0,0,
636,2019-12-07,30,28-328,LAK,@,CGY,L,0,0,0,-2,15,0,0,0,0,0,0,0,3,0.0,11,6:46,0,0,0,0,
637,2019-12-10,31,28-331,LAK,,NYR,W,0,0,0,0,0,0,0,0,0,0,0,0,1,0.0,19,13:44,2,0,0,0,
638,2019-12-12,32,28-333,LAK,@,ANA,W,0,0,0,0,0,0,0,0,0,0,0,0,1,0.0,19,15:58,2,0,0,0,
639,2019-12-14,33,28-335,LAK,@,PIT,L-SO,1,0,1,1,2,1,0,0,0,0,0,0,2,50.0,19,12:01,4,0,0,0,
640,2019-12-15,34,28-336,LAK,@,DET,W,0,1,1,0,0,0,0,0,0,1,0,0,3,0.0,18,13:03,1,0,0,0,
641,2019-12-17,35,28-338,LAK,@,BOS,W,0,0,0,-1,2,0,0,0,0,0,0,0,1,0.0,16,10:50,0,0,0,0,
642,2019-12-19,36,28-340,LAK,@,CBJ,L-OT,0,1,1,1,0,0,0,0,0,1,0,0,1,0.0,18,11:38,0,1,0,0,
643,2019-12-21,37,28-342,LAK,@,BUF,L,0,0,0,0,0,0,0,0,0,0,0,0,0,,18,13:45,0,0,0,0,
644,2019-12-23,38,28-344,LAK,,STL,L,0,0,0,-1,0,0,0,0,0,0,0,0,2,0.0,16,10:42,2,0,0,0,
645,2019-12-27,39,28-348,LAK,@,SJS,W,0,0,0,0,0,0,0,0,0,0,0,0,2,0.0,17,10:53,2,0,0,0,
646,2019-12-28,40,28-349,LAK,@,VAN,L,0,0,0,-1,0,0,0,0,0,0,0,0,3,0.0,14,10:11,1,0,0,0,
647,2019-12-31,41,28-352,LAK,,PHI,W,1,0,1,1,0,1,0,0,0,0,0,0,2,50.0,19,11:52,1,0,0,0,
648,2020-01-04,42,28-356,LAK,,NSH,L,0,0,0,-2,5,0,0,0,0,0,0,0,1,0.0,21,15:09,1,0,1,0,100.0
649,2020-01-06,43,28-358,LAK,,CBJ,L,0,1,1,0,0,0,0,0,0,1,0,0,3,0.0,18,12:08,0,0,0,0,
650,2020-01-08,44,28-360,LAK,,DAL,L,0,0,0,-1,0,0,0,0,0,0,0,0,2,0.0,18,11:49,1,0,1,0,100.0
651,2020-01-09,45,28-361,LAK,@,VEG,W,0,0,0,-1,0,0,0,0,0,0,0,0,1,0.0,18,10:45,3,2,0,1,0.0
652,2020-01-11,46,28-363,LAK,@,CAR,L,0,0,0,-1,0,0,0,0,0,0,0,0,0,,19,12:36,2,0,0,0,
653,2020-01-14,47,29-001,LAK,@,TBL,L-SO,1,1,2,1,2,1,0,0,0,1,0,0,6,16.7,22,15:38,3,0,0,0,
654,2020-01-16,48,29-003,LAK,@,FLA,L,0,0,0,0,0,0,0,0,0,0,0,0,1,0.0,19,14:33,4,1,0,0,
655,2020-01-18,49,29-005,LAK,@,PHI,L,0,0,0,-1,0,0,0,0,0,0,0,0,3,0.0,20,15:03,4,1,1,0,100.0
656,2020-01-29,50,29-016,LAK,,TBL,L,0,0,0,-1,0,0,0,0,0,0,0,0,3,0.0,16,12:06,4,0,0,0,
657,2020-01-30,51,29-017,LAK,@,ARI,W,0,0,0,0,0,0,0,0,0,0,0,0,2,0.0,19,13:20,4,0,0,0,
658,2020-02-01,52,29-019,LAK,,ANA,L,0,0,0,-1,0,0,0,0,0,0,0,0,0,,18,12:17,0,0,0,0,
659,2020-02-04,53,29-022,LAK,@,WSH,L,0,0,0,0,0,0,0,0,0,0,0,0,3,0.0,21,15:17,0,0,1,0,100.0
660,2020-02-07,54,29-025,TOR,,ANA,W,0,0,0,0,4,0,0,0,0,0,0,0,2,0.0,19,12:03,3,0,0,0,
661,2020-02-08,55,29-026,TOR,@,MTL,L-OT,0,0,0,0,0,0,0,0,0,0,0,0,1,0.0,16,9:47,2,0,0,0,
662,2020-02-11,56,29-029,TOR,,ARI,W,0,0,0,0,2,0,0,0,0,0,0,0,3,0.0,11,9:05,3,0,0,0,
663,2020-02-13,57,29-031,TOR,,DAL,L,0,0,0,0,5,0,0,0,0,0,0,0,1,0.0,11,8:07,0,0,0,0,
664,2020-02-15,58,29-033,TOR,@,OTT,W,0,0,0,-1,0,0,0,0,0,0,0,0,0,,12,9:29,5,0,0,0,
665,2020-02-16,59,29-034,TOR,@,BUF,L,0,1,1,1,0,0,0,0,0,1,0,0,1,0.0,13,8:19,2,0,0,0,
666,2020-02-18,60,29-036,TOR,@,PIT,L,1,0,1,0,0,1,0,0,0,0,0,0,2,50.0,16,11:35,5,0,0,0,
667,2020-02-20,61,29-038,TOR,,PIT,W,0,0,0,0,0,0,0,0,0,0,0,0,1,0.0,15,10:05,2,1,0,0,
668,2020-02-22,62,29-040,TOR,,CAR,L,0,0,0,0,7,0,0,0,0,0,0,0,2,0.0,13,9:12,1,0,0,0,
669,2020-02-25,63,29-043,TOR,@,TBL,W,0,0,0,1,0,0,0,0,0,0,0,0,0,,12,8:46,3,1,0,0,
670,2020-02-27,64,29-045,TOR,@,FLA,W,0,1,1,0,0,0,0,0,0,1,0,0,2,0.0,15,9:15,2,0,0,0,
671,2020-02-29,65,29-047,TOR,,VAN,W,0,0,0,-1,0,0,0,0,0,0,0,0,1,0.0,15,9:54,2,0,0,0,
672,2020-03-03,66,29-050,TOR,@,SJS,L,0,0,0,0,0,0,0,0,0,0,0,0,3,0.0,14,10:14,6,1,0,0,
673,2020-03-05,67,29-052,TOR,@,LAK,L-SO,0,0,0,0,0,0,0,0,0,0,0,0,0,,15,11:36,5,0,0,1,0.0
674,2020-03-06,68,29-053,TOR,@,ANA,L,0,0,0,-1,5,0,0,0,0,0,0,0,0,,9,6:36,2,0,0,0,
675,2020-03-10,69,29-057,TOR,,TBL,W,0,0,0,0,0,0,0,0,0,0,0,0,2,0.0,11,8:47,0,0,0,0,
