,date_game,game_season,age,team_id,game_location,opp_id,game_result,goals,assists,points,plus_minus,pen_min,goals_ev,goals_pp,goals_sh,goals_gw,assists_ev,assists_pp,assists_sh,shots,shot_pct,shifts,time_on_ice,hits_all,blocks_all,faceoff_wins_all,faceoff_losses_all,faceoff_percentage_all
0,2007-10-28,1,19-344,MIN,@,COL,L,0,0,0,0,0,0,0,0,0,,,,0,,16,7:03,0,0,1,0,100.0
1,2007-10-30,2,19-346,MIN,,PIT,L,0,0,0,0,0,0,0,0,0,,,,0,,15,7:07,4,1,0,0,
2,2008-10-16,1,20-333,MIN,@,FLA,W,0,0,0,-1,0,0,0,0,0,,,,0,,22,13:50,4,0,0,0,
3,2008-10-18,2,20-335,MIN,@,TBL,W,0,0,0,0,0,0,0,0,0,,,,0,,23,15:37,2,2,0,0,
4,2008-10-23,3,20-340,MIN,,BUF,L-OT,0,0,0,0,0,0,0,0,0,,,,2,0.0,22,14:26,7,0,1,1,50.0
5,2008-10-25,4,20-342,MIN,,CBJ,W,0,0,0,0,0,0,0,0,0,,,,0,,8,6:31,3,0,0,0,
6,2008-10-27,5,20-344,MIN,,CHI,W,0,0,0,-1,0,0,0,0,0,,,,1,0.0,15,10:20,2,0,0,0,
7,2008-10-29,6,20-346,MIN,@,DAL,L,0,0,0,-1,0,0,0,0,0,,,,0,,15,10:12,4,1,0,0,
8,2008-10-30,7,20-347,MIN,,MTL,L,0,0,0,-1,0,0,0,0,0,,,,0,,11,5:13,3,0,0,0,
9,2008-11-01,8,20-349,MIN,@,PHX,W,0,0,0,0,0,0,0,0,0,,,,3,0.0,19,10:32,4,2,0,0,
10,2008-11-04,9,20-352,MIN,@,SJS,L,0,0,0,0,0,0,0,0,0,,,,1,0.0,17,12:58,4,0,0,0,
11,2008-11-06,10,20-354,MIN,@,COL,W,0,0,0,0,2,0,0,0,0,,,,0,,19,9:48,4,0,0,0,
12,2008-11-08,11,20-356,MIN,@,VAN,L,0,0,0,0,0,0,0,0,0,,,,0,,18,11:59,2,2,0,0,
13,2008-11-13,12,20-361,MIN,,PHX,W,0,0,0,0,7,0,0,0,0,,,,1,0.0,11,5:57,2,1,0,0,
14,2008-11-15,13,20-363,MIN,,CBJ,W,0,0,0,0,0,0,0,0,0,,,,1,0.0,12,7:40,5,0,0,0,
15,2008-11-18,14,21-000,MIN,@,PIT,W,0,0,0,0,0,0,0,0,0,,,,1,0.0,11,6:16,5,0,0,0,
16,2008-11-20,15,21-002,MIN,,VAN,L,0,0,0,0,0,0,0,0,0,,,,3,0.0,13,9:34,8,0,0,0,
17,2008-11-22,16,21-004,MIN,,STL,L,0,0,0,0,0,0,0,0,0,,,,0,,9,6:11,1,0,0,0,
18,2008-11-24,17,21-006,MIN,,WSH,W,2,0,2,1,0,1,1,0,0,,,,2,100.0,12,10:14,4,0,0,0,
19,2008-11-26,18,21-008,MIN,,DAL,L,0,0,0,-1,0,0,0,0,0,,,,0,,15,8:37,3,0,0,0,
20,2008-11-28,19,21-010,MIN,,TBL,W,0,0,0,1,0,0,0,0,0,,,,1,0.0,12,6:28,0,0,0,0,
21,2008-12-03,20,21-015,MIN,,STL,W,0,0,0,0,0,0,0,0,0,,,,1,0.0,16,9:16,1,2,0,0,
22,2008-12-05,21,21-017,MIN,,VAN,L,0,0,0,0,0,0,0,0,0,,,,1,0.0,21,16:36,5,1,0,0,
23,2008-12-06,22,21-018,MIN,@,NSH,L,0,0,0,0,0,0,0,0,0,,,,3,0.0,16,9:35,4,0,0,0,
24,2008-12-11,23,21-023,MIN,@,PHX,L,0,0,0,0,2,0,0,0,0,,,,2,0.0,17,10:29,3,0,0,0,
25,2008-12-13,24,21-025,MIN,@,LAK,L,0,0,0,0,2,0,0,0,0,,,,3,0.0,14,8:50,2,2,0,0,
26,2008-12-14,25,21-026,MIN,@,ANA,L,0,0,0,0,2,0,0,0,0,,,,1,0.0,19,11:38,6,0,0,0,
27,2008-12-17,26,21-029,MIN,,CGY,L-OT,0,0,0,-1,0,0,0,0,0,,,,1,0.0,25,15:10,6,0,0,1,0.0
28,2008-12-19,27,21-031,MIN,,NYI,W,0,0,0,0,0,0,0,0,0,,,,4,0.0,19,13:00,8,1,0,0,
29,2008-12-20,28,21-032,MIN,@,STL,L,0,0,0,-1,5,0,0,0,0,,,,0,,17,11:08,7,0,0,0,
30,2008-12-23,29,21-035,MIN,,CAR,W,1,0,1,1,0,1,0,0,0,,,,1,100.0,24,14:47,6,0,0,0,
31,2008-12-28,30,21-040,MIN,,CHI,L,1,0,1,0,0,1,0,0,0,,,,3,33.3,21,13:35,4,0,0,0,
32,2008-12-29,31,21-041,MIN,@,CGY,L,0,0,0,0,2,0,0,0,0,,,,1,0.0,23,13:12,3,0,1,0,100.0
33,2008-12-31,32,21-043,MIN,,SJS,W,0,0,0,0,0,0,0,0,0,,,,2,0.0,24,16:14,5,2,0,0,
34,2009-01-03,33,21-046,MIN,,DET,L-SO,0,1,1,1,0,0,0,0,0,,,,2,0.0,25,16:17,3,0,0,0,
35,2009-01-04,34,21-047,MIN,@,COL,W,0,0,0,0,2,0,0,0,0,,,,3,0.0,23,12:15,0,1,0,0,
36,2009-01-06,35,21-049,MIN,@,BOS,W,0,0,0,0,0,0,0,0,0,,,,1,0.0,23,13:24,2,1,0,0,
37,2009-01-08,36,21-051,MIN,@,PHI,L,0,1,1,1,0,0,0,0,0,,,,1,0.0,15,8:50,5,0,0,0,
38,2009-01-10,37,21-053,MIN,@,CBJ,L,0,0,0,0,0,0,0,0,0,,,,1,0.0,18,10:47,6,0,0,0,
39,2009-01-13,38,21-056,MIN,,PHX,W,1,1,2,0,0,1,0,0,0,,,,5,20.0,26,15:46,4,1,0,0,
40,2009-01-15,39,21-058,MIN,,EDM,W,1,0,1,0,0,1,0,0,1,,,,1,100.0,21,14:11,5,0,0,0,
41,2009-01-17,40,21-060,MIN,,ANA,L,0,0,0,0,0,0,0,0,0,,,,3,0.0,23,13:52,8,0,0,0,
42,2009-01-19,41,21-062,MIN,@,CHI,W,1,0,1,1,0,1,0,0,0,,,,3,33.3,23,15:06,2,1,0,1,0.0
43,2009-01-20,42,21-063,MIN,,LAK,L,0,0,0,0,0,0,0,0,0,,,,1,0.0,16,9:41,2,0,0,0,
44,2009-01-27,43,21-070,MIN,,TOR,W,1,0,1,1,5,1,0,0,0,,,,4,25.0,20,14:10,9,0,0,0,
45,2009-01-30,44,21-073,MIN,@,EDM,L,0,0,0,0,5,0,0,0,0,,,,0,,18,11:59,4,0,0,0,
46,2009-01-31,45,21-074,MIN,@,VAN,W,0,0,0,0,15,0,0,0,0,,,,0,,11,7:48,3,0,0,0,
47,2009-02-04,46,21-078,MIN,,ANA,W,0,0,0,1,0,0,0,0,0,,,,4,0.0,28,19:30,9,0,0,0,
48,2009-02-06,47,21-080,MIN,,NSH,L,0,0,0,-1,2,0,0,0,0,,,,3,0.0,21,13:10,5,0,0,1,0.0
49,2009-02-08,48,21-082,MIN,,EDM,W,0,0,0,0,2,0,0,0,0,,,,2,0.0,26,14:53,7,2,0,0,
50,2009-02-11,49,21-085,MIN,,COL,W,0,0,0,0,0,0,0,0,0,,,,2,0.0,24,15:26,7,0,0,0,
51,2009-02-12,50,21-086,MIN,@,DET,L,0,0,0,0,0,0,0,0,0,,,,0,,22,13:34,1,0,0,0,
52,2009-02-14,51,21-088,MIN,,OTT,L,0,0,0,-1,0,0,0,0,0,,,,2,0.0,26,15:21,9,1,0,0,
53,2009-02-19,52,21-093,MIN,,CGY,L-OT,0,0,0,0,0,0,0,0,0,,,,2,0.0,24,14:56,6,1,0,0,
54,2009-02-21,53,21-095,MIN,,DET,W,0,0,0,0,0,0,0,0,0,,,,1,0.0,28,16:56,6,1,0,0,
55,2009-02-22,54,21-096,MIN,@,CHI,W,0,0,0,-1,0,0,0,0,0,,,,3,0.0,26,16:28,2,0,0,1,0.0
56,2009-02-24,55,21-098,MIN,,LAK,L-SO,0,0,0,0,0,0,0,0,0,,,,0,,28,15:16,5,0,0,1,0.0
57,2009-02-27,56,21-101,MIN,@,CGY,L,0,0,0,-2,2,0,0,0,0,,,,1,0.0,22,14:00,2,0,0,0,
58,2009-02-28,57,21-102,MIN,@,EDM,L,0,0,0,0,0,0,0,0,0,,,,2,0.0,25,14:26,4,1,0,0,
59,2009-03-03,58,21-105,MIN,@,VAN,L,0,0,0,-2,0,0,0,0,0,,,,3,0.0,23,14:31,4,1,0,0,
60,2009-03-05,59,21-107,MIN,@,SJS,W,0,0,0,-1,2,0,0,0,0,,,,1,0.0,24,14:06,6,1,0,2,0.0
61,2009-03-07,60,21-109,MIN,@,LAK,L,0,0,0,0,0,0,0,0,0,,,,4,0.0,22,12:26,5,0,0,0,
62,2009-03-08,61,21-110,MIN,@,ANA,W,0,1,1,0,0,0,0,0,0,,,,1,0.0,27,17:41,4,0,0,0,
63,2009-03-10,62,21-112,MIN,,SJS,L-OT,0,1,1,0,0,0,0,0,0,,,,2,0.0,27,15:04,10,1,0,0,
64,2009-03-12,63,21-114,MIN,@,COL,L-SO,0,0,0,0,2,0,0,0,0,,,,1,0.0,23,14:44,3,0,0,0,
65,2009-03-14,64,21-116,MIN,@,DAL,L-OT,0,0,0,0,0,0,0,0,0,,,,3,0.0,27,15:57,7,1,0,0,
66,2009-03-15,65,21-117,MIN,@,STL,L,0,0,0,0,4,0,0,0,0,,,,2,0.0,25,14:52,4,0,0,0,
67,2009-03-17,66,21-119,MIN,,COL,W,0,0,0,2,0,0,0,0,0,,,,2,0.0,23,15:43,4,0,0,0,
68,2009-03-20,67,21-122,MIN,@,NJD,L,0,0,0,-2,0,0,0,0,0,,,,3,0.0,20,13:17,7,0,0,0,
69,2009-03-22,68,21-124,MIN,,EDM,W,0,0,0,1,0,0,0,0,0,,,,3,0.0,25,17:44,5,1,0,0,
70,2009-03-24,69,21-126,MIN,@,NYR,L,0,0,0,0,5,0,0,0,0,,,,2,0.0,19,13:12,8,1,0,0,
71,2009-03-25,70,21-127,MIN,@,NYI,W,0,0,0,0,2,0,0,0,0,,,,2,0.0,24,14:54,7,1,0,1,0.0
72,2009-03-28,71,21-130,MIN,@,CGY,L,0,1,1,1,4,0,0,0,0,,,,3,0.0,23,14:36,6,1,0,0,
73,2009-03-29,72,21-131,MIN,@,EDM,W,0,0,0,0,0,0,0,0,0,,,,2,0.0,20,14:30,4,1,0,0,
74,2009-03-31,73,21-133,MIN,,VAN,L-OT,0,0,0,0,0,0,0,0,0,,,,1,0.0,24,14:59,6,0,0,2,0.0
75,2009-04-03,74,21-136,MIN,,CGY,W,1,0,1,1,0,1,0,0,0,,,,2,50.0,24,16:15,5,0,0,1,0.0
76,2009-04-05,75,21-138,MIN,@,DET,L,1,1,2,1,2,1,0,0,0,,,,3,33.3,23,17:55,2,0,0,0,
77,2009-04-07,76,21-140,MIN,,DAL,W,0,0,0,-1,0,0,0,0,0,,,,8,0.0,24,16:38,6,2,0,1,0.0
78,2009-04-10,77,21-143,MIN,,NSH,W,1,0,1,0,0,1,0,0,0,,,,2,50.0,31,17:35,4,1,0,2,0.0
79,2009-04-11,78,21-144,MIN,@,CBJ,W,0,0,0,-1,0,0,0,0,0,,,,0,,23,13:50,6,1,0,0,
80,2009-10-03,1,21-319,MIN,@,CBJ,L,0,0,0,0,0,0,0,0,0,,,,2,0.0,26,15:17,5,0,0,0,
81,2009-10-06,2,21-322,MIN,,ANA,W,0,0,0,0,0,0,0,0,0,,,,2,0.0,31,17:43,5,0,0,0,
82,2009-10-08,3,21-324,MIN,@,LAK,L,0,0,0,-1,2,0,0,0,0,,,,4,0.0,25,17:44,5,1,0,0,
83,2009-10-10,4,21-326,MIN,@,SJS,L,0,0,0,0,0,0,0,0,0,,,,1,0.0,5,2:33,1,0,0,0,
84,2009-10-24,5,21-340,MIN,,CAR,W,1,0,1,1,0,1,0,0,1,,,,2,50.0,20,11:53,4,0,0,0,
85,2009-10-26,6,21-342,MIN,@,CHI,L,0,0,0,0,2,0,0,0,0,,,,1,0.0,18,13:40,5,1,0,0,
86,2009-10-28,7,21-344,MIN,,NSH,L,1,0,1,1,0,1,0,0,0,,,,1,100.0,24,20:10,3,0,0,0,
87,2009-10-30,8,21-346,MIN,,NYR,W,0,0,0,0,0,0,0,0,0,,,,1,0.0,22,14:01,9,0,0,1,0.0
88,2009-10-31,9,21-347,MIN,@,PIT,W,0,0,0,0,0,0,0,0,0,,,,0,,19,12:22,5,0,0,0,
89,2009-11-05,10,21-352,MIN,,VAN,L,0,1,1,2,0,0,0,0,0,,,,1,0.0,21,17:10,5,1,0,0,
90,2009-11-07,11,21-354,MIN,,DAL,W,1,0,1,1,0,0,0,1,0,,,,6,16.7,20,12:26,3,1,0,0,
91,2009-11-10,12,21-357,MIN,@,TOR,W,0,0,0,-1,0,0,0,0,0,,,,3,0.0,19,16:32,0,0,0,0,
92,2009-11-12,13,21-359,MIN,@,TBL,L-SO,0,0,0,-1,0,0,0,0,0,,,,3,0.0,22,13:04,1,0,0,0,
93,2009-11-13,14,21-360,MIN,@,WSH,L,1,0,1,0,0,1,0,0,0,,,,3,33.3,21,13:40,5,1,0,1,0.0
94,2009-11-15,15,21-362,MIN,@,CAR,L-SO,0,0,0,0,2,0,0,0,0,,,,0,,26,18:14,4,0,0,0,
95,2009-11-18,16,22-000,MIN,,PHX,L,0,0,0,-1,0,0,0,0,0,,,,1,0.0,18,15:02,8,0,0,1,0.0
96,2009-11-20,17,22-002,MIN,,NYI,W,0,0,0,0,0,0,0,0,0,,,,0,,24,17:17,3,2,0,0,
97,2009-11-25,18,22-007,MIN,,BOS,L-SO,0,0,0,-1,4,0,0,0,0,,,,3,0.0,27,19:11,6,0,0,2,0.0
98,2009-11-27,19,22-009,MIN,,COL,W,0,0,0,-1,0,0,0,0,0,,,,4,0.0,24,17:45,5,0,0,0,
99,2009-11-28,20,22-010,MIN,@,COL,W,0,0,0,0,0,0,0,0,0,,,,1,0.0,23,16:43,5,0,0,0,
100,2009-12-02,21,22-014,MIN,,NSH,W,1,0,1,0,0,1,0,0,0,,,,1,100.0,19,13:22,7,0,0,0,
101,2009-12-04,22,22-016,MIN,,ANA,W,0,0,0,0,0,0,0,0,0,,,,1,0.0,24,15:15,4,0,0,0,
102,2009-12-09,23,22-021,MIN,@,COL,W,0,0,0,0,0,0,0,0,0,,,,0,,20,14:24,5,0,0,0,
103,2009-12-11,24,22-023,MIN,@,CGY,W,0,0,0,-1,0,0,0,0,0,,,,3,0.0,23,13:31,1,1,0,0,
104,2009-12-12,25,22-024,MIN,@,VAN,L,0,0,0,0,0,0,0,0,0,,,,3,0.0,22,13:46,4,0,0,0,
105,2009-12-15,26,22-027,MIN,,CBJ,W,0,0,0,0,0,0,0,0,0,,,,2,0.0,17,12:30,5,0,0,0,
106,2009-12-17,27,22-029,MIN,@,MTL,W,1,0,1,0,0,1,0,0,0,,,,1,100.0,22,16:27,10,0,0,0,
107,2009-12-19,28,22-031,MIN,@,OTT,L,0,0,0,-1,0,0,0,0,0,,,,1,0.0,19,18:13,3,0,0,0,
108,2009-12-21,29,22-033,MIN,,COL,L,1,0,1,-1,2,0,0,1,0,,,,5,20.0,22,14:16,7,0,0,0,
109,2009-12-23,30,22-035,MIN,,EDM,W,0,1,1,0,2,0,0,0,0,,,,1,0.0,21,15:09,4,0,0,0,
110,2009-12-26,31,22-038,MIN,,STL,W,0,0,0,-2,0,0,0,0,0,,,,1,0.0,18,13:03,4,0,0,0,
111,2009-12-28,32,22-040,MIN,@,LAK,W,0,2,2,2,0,0,0,0,0,,,,1,0.0,20,14:19,6,0,0,0,
112,2009-12-29,33,22-041,MIN,@,ANA,L,0,0,0,0,0,0,0,0,0,,,,1,0.0,21,14:41,2,0,0,0,
113,2009-12-31,34,22-043,MIN,,LAK,L,0,0,0,-3,4,0,0,0,0,,,,4,0.0,20,14:55,5,1,0,0,
114,2010-01-02,35,22-045,MIN,,NJD,L,0,0,0,0,0,0,0,0,0,,,,1,0.0,17,10:19,4,0,0,0,
115,2010-01-05,36,22-048,MIN,@,CHI,L,0,0,0,-1,0,0,0,0,0,,,,2,0.0,19,12:35,5,0,0,0,
116,2010-01-06,37,22-049,MIN,,CGY,W,1,0,1,2,0,1,0,0,0,,,,4,25.0,22,15:09,2,0,0,0,
117,2010-01-09,38,22-052,MIN,,CHI,W,0,0,0,0,0,0,0,0,0,,,,3,0.0,19,14:48,9,1,0,0,
118,2010-01-11,39,22-054,MIN,,PIT,W,1,0,1,1,0,1,0,0,0,,,,1,100.0,21,12:20,3,0,0,0,
119,2010-01-13,40,22-056,MIN,,VAN,W,0,0,0,1,0,0,0,0,0,,,,1,0.0,24,15:37,5,1,0,0,
120,2010-01-14,41,22-057,MIN,@,STL,L,0,0,0,0,2,0,0,0,0,,,,2,0.0,21,14:44,3,0,0,0,
121,2010-01-16,42,22-059,MIN,@,PHX,L,0,0,0,0,0,0,0,0,0,,,,1,0.0,20,13:57,3,3,0,0,
122,2010-01-18,43,22-061,MIN,@,DAL,L,0,0,0,0,0,0,0,0,0,,,,1,0.0,20,12:10,4,0,0,1,0.0
123,2010-01-21,44,22-064,MIN,,DET,L-SO,0,0,0,-1,2,0,0,0,0,,,,2,0.0,22,15:37,8,0,0,0,
124,2010-01-23,45,22-066,MIN,,CBJ,W,0,0,0,2,0,0,0,0,0,,,,1,0.0,23,16:54,9,0,0,0,
125,2010-01-27,46,22-070,MIN,,DET,W,0,0,0,0,2,0,0,0,0,,,,0,,19,13:06,4,1,0,0,
126,2010-01-28,47,22-071,MIN,@,COL,W,0,0,0,0,0,0,0,0,0,,,,1,0.0,21,15:59,1,0,0,0,
127,2010-01-30,48,22-073,MIN,@,SJS,L,1,0,1,0,0,0,1,0,0,,,,3,33.3,26,14:55,7,0,1,0,100.0
128,2010-02-02,49,22-076,MIN,@,DAL,L,0,0,0,0,10,0,0,0,0,,,,4,0.0,14,9:57,6,0,0,0,
129,2010-02-04,50,22-078,MIN,,EDM,W,0,0,0,0,0,0,0,0,0,,,,0,,22,16:21,5,0,0,0,
130,2010-02-06,51,22-080,MIN,,PHI,W,1,0,1,0,0,1,0,0,0,,,,6,16.7,24,14:58,2,0,1,0,100.0
131,2010-02-10,52,22-084,MIN,,PHX,L,0,0,0,0,0,0,0,0,0,,,,2,0.0,17,14:58,9,1,0,0,
132,2010-02-12,53,22-086,MIN,,ATL,L,0,1,1,1,0,0,0,0,0,,,,5,0.0,26,13:38,5,0,0,0,
133,2010-02-14,54,22-088,MIN,,VAN,W,1,1,2,1,0,1,0,0,0,,,,2,50.0,22,12:38,4,1,0,0,
134,2010-03-03,55,22-105,MIN,@,CGY,W,0,0,0,0,0,0,0,0,0,,,,0,,17,11:18,2,1,0,0,
135,2010-03-05,56,22-107,MIN,@,EDM,L-SO,0,0,0,0,0,0,0,0,0,,,,0,,20,13:36,2,1,0,0,
136,2010-03-07,57,22-109,MIN,,CGY,L,0,0,0,-1,0,0,0,0,0,,,,0,,5,2:14,0,,,,
137,2010-03-11,58,22-113,MIN,@,DET,L,0,0,0,-1,0,0,0,0,0,,,,0,,19,11:44,1,0,0,0,
138,2010-03-12,59,22-114,MIN,@,BUF,W,0,0,0,0,0,0,0,0,0,,,,2,0.0,19,12:27,3,1,0,0,
139,2010-03-14,60,22-116,MIN,,STL,W,0,0,0,0,0,0,0,0,0,,,,1,0.0,23,13:58,3,1,0,0,
140,2010-03-16,61,22-118,MIN,,EDM,W,0,1,1,1,4,0,0,0,0,,,,0,,19,12:25,3,0,0,0,
141,2010-03-18,62,22-120,MIN,@,NSH,L,0,0,0,-1,0,0,0,0,0,,,,1,0.0,16,12:39,2,0,0,0,
142,2010-03-19,63,22-121,MIN,@,CBJ,L,0,0,0,-1,0,0,0,0,0,,,,0,,18,11:00,4,0,0,0,
143,2010-03-21,64,22-123,MIN,,CGY,W,0,0,0,1,0,0,0,0,0,,,,2,0.0,18,14:40,2,2,0,0,
144,2010-03-23,65,22-125,MIN,,SJS,L,0,0,0,-2,2,0,0,0,0,,,,1,0.0,19,13:19,1,1,0,0,
145,2010-03-25,66,22-127,MIN,@,PHI,W,0,0,0,0,0,0,0,0,0,,,,3,0.0,19,15:04,4,0,0,0,
146,2010-03-26,67,22-128,MIN,@,DET,L,0,0,0,-2,6,0,0,0,0,,,,2,0.0,18,11:42,3,0,0,0,
147,2010-03-29,68,22-131,MIN,,LAK,W,0,0,0,0,0,0,0,0,0,,,,4,0.0,22,15:47,5,1,0,0,
148,2010-03-31,69,22-133,MIN,,CHI,L,0,0,0,-1,0,0,0,0,0,,,,2,0.0,21,16:27,7,0,0,0,
149,2010-04-02,70,22-135,MIN,,SJS,L,1,0,1,0,0,1,0,0,0,,,,2,50.0,22,15:25,10,1,0,0,
150,2010-04-04,71,22-137,MIN,@,VAN,L-OT,0,0,0,0,0,0,0,0,0,,,,3,0.0,20,15:00,1,0,0,0,
151,2010-04-05,72,22-138,MIN,@,EDM,L,0,0,0,0,0,0,0,0,0,,,,4,0.0,20,16:03,3,2,1,0,100.0
152,2010-04-08,73,22-141,MIN,@,CGY,W,0,0,0,0,6,0,0,0,0,,,,2,0.0,19,15:03,4,1,0,1,0.0
153,2010-04-10,74,22-143,MIN,,DAL,L-SO,0,1,1,0,0,0,0,0,0,,,,1,0.0,26,19:51,6,0,0,0,
154,2010-10-07,1,22-323,MIN,,CAR,L,0,0,0,0,0,0,0,0,0,,,,3,0.0,23,15:55,7,0,0,0,
155,2010-10-08,2,22-324,MIN,@,CAR,L-SO,0,0,0,0,0,0,0,0,0,,,,1,0.0,22,16:59,2,0,0,0,
156,2010-10-14,3,22-330,MIN,,EDM,W,0,0,0,0,2,0,0,0,0,,,,4,0.0,19,13:29,4,1,0,0,
157,2010-10-16,4,22-332,MIN,,CBJ,L,1,0,1,0,0,1,0,0,0,,,,1,100.0,18,15:48,6,0,2,1,66.7
158,2010-10-19,5,22-335,MIN,,VAN,W,1,0,1,0,2,0,1,0,1,,,,6,16.7,23,17:32,4,0,0,0,
159,2010-10-21,6,22-337,MIN,@,EDM,W,0,0,0,0,2,0,0,0,0,,,,2,0.0,20,14:26,3,0,0,0,
160,2010-10-22,7,22-338,MIN,@,VAN,L,0,0,0,-1,2,0,0,0,0,,,,2,0.0,24,13:03,4,1,0,0,
161,2010-10-25,8,22-341,MIN,,LAK,L-SO,0,0,0,1,0,0,0,0,0,,,,1,0.0,28,16:37,4,0,0,0,
162,2010-10-28,9,22-344,MIN,,WSH,W,0,0,0,-1,0,0,0,0,0,,,,2,0.0,26,18:44,4,0,0,0,
163,2010-10-30,10,22-346,MIN,,CHI,L,0,0,0,-1,0,0,0,0,0,,,,2,0.0,21,18:17,5,0,0,0,
164,2010-11-02,11,22-349,MIN,,SJS,W,0,0,0,0,0,0,0,0,0,,,,0,,28,20:23,3,0,1,1,50.0
165,2010-11-05,12,22-352,MIN,,CGY,W,1,0,1,1,0,1,0,0,0,,,,2,50.0,20,17:18,8,5,0,0,
166,2010-11-06,13,22-353,MIN,@,CBJ,W,1,0,1,0,2,1,0,0,1,,,,3,33.3,26,17:58,8,0,0,0,
167,2010-11-11,14,22-358,MIN,@,ATL,L,0,0,0,-1,2,0,0,0,0,,,,4,0.0,22,16:41,5,0,0,0,
168,2010-11-12,15,22-359,MIN,@,FLA,L,1,0,1,0,2,0,1,0,0,,,,2,50.0,21,16:22,4,0,0,0,
169,2010-11-14,16,22-361,MIN,@,TBL,W,1,0,1,0,2,0,1,0,0,,,,1,100.0,11,6:33,0,0,0,0,
170,2010-11-17,17,22-364,MIN,,ANA,W,0,0,0,0,0,0,0,0,0,,,,4,0.0,18,16:41,0,0,0,0,
171,2010-11-19,18,23-001,MIN,@,DET,W,1,0,1,1,0,1,0,0,0,,,,3,33.3,21,17:45,5,0,0,0,
172,2010-11-20,19,23-002,MIN,,NYR,L,0,0,0,-1,0,0,0,0,0,,,,4,0.0,20,15:57,6,0,0,0,
173,2010-11-24,20,23-006,MIN,,PHI,L,0,0,0,0,0,0,0,0,0,,,,0,,25,19:29,12,0,0,0,
174,2010-11-26,21,23-008,MIN,,NSH,W,0,1,1,1,0,0,0,0,0,,,,1,0.0,18,13:48,5,1,0,0,
175,2010-11-27,22,23-009,MIN,@,COL,L,0,1,1,-1,0,0,0,0,0,,,,3,0.0,23,15:40,5,0,0,0,
176,2010-11-29,23,23-011,MIN,@,CGY,L,0,0,0,-2,2,0,0,0,0,,,,3,0.0,21,15:33,3,1,0,0,
177,2010-12-01,24,23-013,MIN,,PHX,L,0,0,0,0,0,0,0,0,0,,,,1,0.0,20,16:50,6,0,0,0,
178,2010-12-03,25,23-015,MIN,,CGY,L-SO,0,0,0,0,0,0,0,0,0,,,,2,0.0,23,17:01,6,0,0,0,
179,2010-12-04,26,23-016,MIN,@,DAL,L-OT,0,1,1,0,0,0,0,0,0,,,,3,0.0,24,16:31,6,0,0,0,
180,2010-12-09,27,23-021,MIN,@,PHX,W,0,0,0,-1,2,0,0,0,0,,,,2,0.0,19,13:03,4,1,0,0,
181,2010-12-11,28,23-023,MIN,@,LAK,W,1,0,1,1,0,1,0,0,0,,,,2,50.0,24,16:36,6,1,0,0,
182,2010-12-12,29,23-024,MIN,@,ANA,L,0,0,0,0,2,0,0,0,0,,,,2,0.0,22,16:26,2,1,0,1,0.0
183,2010-12-16,30,23-028,MIN,,OTT,L,0,0,0,0,0,0,0,0,0,,,,1,0.0,18,13:58,7,0,0,0,
184,2010-12-18,31,23-030,MIN,@,CGY,W,0,0,0,0,0,0,0,0,0,,,,1,0.0,22,15:40,3,0,0,0,
185,2010-12-20,32,23-032,MIN,,CGY,W,1,1,2,0,0,1,0,0,0,,,,4,25.0,22,15:18,4,1,0,0,
186,2010-12-23,33,23-035,MIN,@,COL,W,0,1,1,1,0,0,0,0,0,,,,7,0.0,21,13:53,5,0,0,0,
187,2010-12-26,34,23-038,MIN,,DET,L,0,0,0,-1,0,0,0,0,0,,,,1,0.0,21,16:29,5,0,0,0,
188,2010-12-27,35,23-039,MIN,@,CBJ,L-SO,1,0,1,1,0,1,0,0,0,,,,2,50.0,21,16:05,4,0,0,0,
189,2010-12-29,36,23-041,MIN,,SJS,W,0,0,0,0,0,0,0,0,0,,,,1,0.0,18,13:28,0,0,0,0,
190,2011-01-02,37,23-045,MIN,,PHX,W,0,0,0,2,2,0,0,0,0,,,,2,0.0,21,14:17,7,0,0,0,
191,2011-01-04,38,23-047,MIN,@,NJD,W,1,0,1,1,0,1,0,0,0,,,,2,50.0,22,15:30,6,0,0,0,
192,2011-01-06,39,23-049,MIN,@,BOS,W,1,1,2,2,0,1,0,0,1,,,,3,33.3,24,14:43,8,1,0,1,0.0
193,2011-01-08,40,23-051,MIN,@,PIT,W,1,0,1,1,2,1,0,0,0,,,,2,50.0,19,15:39,7,1,0,0,
194,2011-01-09,41,23-052,MIN,,DAL,L,0,0,0,-1,2,0,0,0,0,,,,4,0.0,21,16:23,9,0,0,0,
195,2011-01-11,42,23-054,MIN,@,NSH,L,0,0,0,-1,0,0,0,0,0,,,,2,0.0,19,14:46,2,0,0,0,
196,2011-01-14,43,23-057,MIN,,COL,L,0,0,0,-1,0,0,0,0,0,,,,1,0.0,21,16:27,2,0,0,0,
197,2011-01-16,44,23-059,MIN,,VAN,W,0,0,0,0,0,0,0,0,0,,,,3,0.0,23,15:59,6,0,0,0,
198,2011-01-18,45,23-061,MIN,@,EDM,W,0,0,0,1,2,0,0,0,0,,,,7,0.0,19,13:21,2,1,0,0,
199,2011-01-19,46,23-062,MIN,@,CGY,W,1,1,2,3,0,1,0,0,0,,,,5,20.0,22,15:54,3,2,0,0,
200,2011-01-22,47,23-065,MIN,@,SJS,L,0,1,1,0,0,0,0,0,0,,,,3,0.0,22,15:41,3,0,0,0,
201,2011-01-25,48,23-068,MIN,@,CHI,W,0,0,0,1,0,0,0,0,0,,,,6,0.0,24,16:22,3,1,0,0,
202,2011-02-01,49,23-075,MIN,,LAK,W,0,0,0,0,0,0,0,0,0,,,,1,0.0,22,14:58,4,0,0,0,
203,2011-02-03,50,23-077,MIN,@,COL,W,0,1,1,-1,0,0,0,0,0,,,,2,0.0,23,16:35,5,0,0,1,0.0
204,2011-02-05,51,23-079,MIN,@,PHX,L,0,0,0,0,0,0,0,0,0,,,,3,0.0,20,16:04,2,3,0,0,
205,2011-02-09,52,23-083,MIN,,COL,W,0,1,1,-1,2,0,0,0,0,,,,1,0.0,20,13:05,4,0,0,0,
206,2011-02-11,53,23-085,MIN,@,STL,W,2,0,2,2,0,2,0,0,0,,,,3,66.7,23,18:24,7,0,0,0,
207,2011-02-12,54,23-086,MIN,,STL,W,1,0,1,1,0,1,0,0,0,,,,4,25.0,21,16:27,5,0,0,0,
208,2011-02-15,55,23-089,MIN,,VAN,L,1,0,1,-1,0,0,1,0,0,,,,5,20.0,23,16:04,5,0,0,0,
209,2011-02-16,56,23-090,MIN,@,CHI,L,0,0,0,0,4,0,0,0,0,,,,3,0.0,26,18:38,4,0,0,0,
210,2011-02-18,57,23-092,MIN,,ANA,W,0,1,1,1,0,0,0,0,0,,,,5,0.0,26,16:18,5,1,0,0,
211,2011-02-20,58,23-094,MIN,,DET,L-SO,0,0,0,-1,0,0,0,0,0,,,,2,0.0,29,17:23,2,0,0,0,
212,2011-02-22,59,23-096,MIN,,EDM,W,0,1,1,1,0,0,0,0,0,,,,3,0.0,21,16:44,6,1,0,0,
213,2011-02-24,60,23-098,MIN,@,LAK,L,0,0,0,-1,0,0,0,0,0,,,,2,0.0,20,16:04,9,0,0,1,0.0
214,2011-02-25,61,23-099,MIN,@,ANA,W,0,0,0,-2,0,0,0,0,0,,,,2,0.0,23,16:52,4,0,0,0,
215,2011-02-28,62,23-102,MIN,,CHI,L,0,1,1,0,0,0,0,0,0,,,,1,0.0,27,18:42,4,0,0,0,
216,2011-03-02,63,23-104,MIN,@,NYI,L,0,0,0,-1,12,0,0,0,0,,,,1,0.0,18,13:55,3,0,0,0,
217,2011-03-03,64,23-105,MIN,@,NYR,W,0,0,0,0,2,0,0,0,0,,,,2,0.0,22,14:24,6,1,0,1,0.0
218,2011-03-14,65,23-116,MIN,@,VAN,L,0,0,0,-2,0,0,0,0,0,,,,2,0.0,21,16:11,7,0,0,1,0.0
219,2011-03-17,66,23-119,MIN,@,SJS,L,0,0,0,-1,0,0,0,0,0,,,,1,0.0,20,13:40,2,3,0,0,
220,2011-03-19,67,23-121,MIN,,CBJ,L-OT,1,0,1,-1,0,1,0,0,0,,,,4,25.0,21,15:02,4,0,0,0,
221,2011-03-20,68,23-122,MIN,,MTL,L,0,0,0,-4,12,0,0,0,0,,,,1,0.0,18,13:49,5,0,0,0,
222,2011-03-22,69,23-124,MIN,,TOR,L,0,0,0,0,0,0,0,0,0,,,,3,0.0,21,14:46,4,0,0,0,
223,2011-03-26,70,23-128,MIN,,STL,L,0,0,0,-1,2,0,0,0,0,,,,2,0.0,19,14:20,0,1,0,0,
224,2011-03-29,71,23-131,MIN,@,STL,W,0,0,0,0,0,0,0,0,0,,,,4,0.0,22,15:49,4,0,0,0,
225,2011-03-31,72,23-133,MIN,,EDM,W,0,0,0,1,0,0,0,0,0,,,,2,0.0,21,15:33,2,1,0,0,
226,2011-04-02,73,23-135,MIN,,TBL,L,0,1,1,1,0,0,0,0,0,,,,5,0.0,25,19:25,2,0,0,0,
227,2011-04-03,74,23-136,MIN,@,DET,L,0,0,0,-1,0,0,0,0,0,,,,2,0.0,22,18:15,1,1,0,0,
228,2011-04-08,75,23-141,MIN,@,EDM,W,0,0,0,0,15,0,0,0,0,,,,1,0.0,15,12:56,3,0,0,0,
229,2011-04-10,76,23-143,MIN,,DAL,W,0,1,1,1,0,0,0,0,0,,,,1,0.0,23,16:44,4,1,0,0,
230,2011-10-08,1,23-324,MIN,,CBJ,W,0,0,0,0,2,0,0,0,0,,,,1,0.0,25,15:06,1,2,0,0,
231,2011-10-10,2,23-326,MIN,@,NYI,L,0,0,0,0,0,0,0,0,0,,,,1,0.0,21,18:00,3,1,0,0,
232,2011-10-11,3,23-327,MIN,@,OTT,L-SO,0,0,0,0,2,0,0,0,0,,,,2,0.0,26,15:16,4,1,0,0,
233,2011-10-13,4,23-329,MIN,,EDM,W,0,0,0,0,0,0,0,0,0,,,,0,,22,18:21,5,0,0,0,
234,2011-10-15,5,23-331,MIN,,DET,L-OT,1,0,1,0,0,1,0,0,0,,,,3,33.3,23,15:38,1,0,0,2,0.0
235,2011-10-18,6,23-334,MIN,,PIT,L,1,0,1,0,0,0,0,1,0,,,,2,50.0,23,18:08,8,0,0,1,0.0
236,2011-10-20,7,23-336,MIN,@,EDM,W,0,0,0,0,0,0,0,0,0,,,,4,0.0,22,17:04,1,0,0,0,
237,2011-10-22,8,23-338,MIN,@,VAN,L-OT,0,0,0,-1,0,0,0,0,0,,,,1,0.0,23,16:35,6,1,0,0,
238,2011-10-27,9,23-343,MIN,,ANA,L,0,0,0,0,0,0,0,0,0,,,,1,0.0,20,17:42,7,0,0,0,
239,2011-10-29,10,23-345,MIN,,DET,W,0,0,0,0,0,0,0,0,0,,,,2,0.0,18,14:19,5,0,0,0,
240,2011-11-01,11,23-348,MIN,@,DET,W,0,0,0,1,0,0,0,0,0,,,,1,0.0,18,17:00,1,1,0,0,
241,2011-11-03,12,23-350,MIN,,VAN,W,0,0,0,0,12,0,0,0,0,,,,3,0.0,21,16:15,6,0,0,0,
242,2011-11-05,13,23-352,MIN,,STL,W,0,0,0,-1,0,0,0,0,0,,,,1,0.0,21,13:29,1,0,0,0,
243,2011-11-10,14,23-357,MIN,@,SJS,L,0,0,0,-1,2,0,0,0,0,,,,3,0.0,18,12:12,3,0,0,0,
244,2011-11-12,15,23-359,MIN,@,LAK,L,1,0,1,-1,2,0,1,0,0,,,,2,50.0,22,14:25,6,0,0,0,
245,2011-11-13,16,23-360,MIN,@,ANA,W,0,1,1,2,0,0,0,0,0,,,,2,0.0,24,15:26,4,0,0,0,
246,2011-11-15,17,23-362,MIN,@,CBJ,W,1,0,1,1,10,1,0,0,1,,,,4,25.0,19,12:17,2,0,0,0,
247,2011-11-17,18,23-364,MIN,,COL,W,0,0,0,0,0,0,0,0,0,,,,1,0.0,24,17:43,5,1,1,0,100.0
248,2011-11-19,19,24-001,MIN,,STL,W,0,1,1,0,2,0,0,0,0,,,,7,0.0,25,18:10,6,0,0,0,
249,2011-11-23,20,24-005,MIN,,NSH,W,1,0,1,1,4,0,0,1,1,,,,4,25.0,24,17:15,4,1,0,0,
250,2011-11-25,21,24-007,MIN,,EDM,L,0,0,0,1,0,0,0,0,0,,,,6,0.0,25,20:26,5,0,0,1,0.0
251,2011-11-27,22,24-009,MIN,,CGY,L,1,0,1,-1,2,0,1,0,0,,,,2,50.0,21,15:20,4,0,0,0,
252,2011-11-28,23,24-010,MIN,,TBL,W,1,1,2,2,0,0,0,1,0,,,,3,33.3,23,17:13,3,0,0,0,
253,2011-11-30,24,24-012,MIN,@,EDM,W,0,0,0,0,0,0,0,0,0,,,,1,0.0,12,7:38,3,0,0,0,
254,2011-12-04,25,24-016,MIN,@,ANA,W,1,1,2,2,0,0,0,1,0,,,,4,25.0,25,15:13,2,0,0,0,
255,2011-12-06,26,24-018,MIN,@,SJS,W,0,0,0,0,0,0,0,0,0,,,,2,0.0,26,19:48,10,2,0,0,
256,2011-12-13,27,24-025,MIN,@,WPG,L,0,0,0,0,0,0,0,0,0,,,,3,0.0,25,19:18,6,1,0,0,
257,2011-12-14,28,24-026,MIN,,CHI,L-SO,0,2,2,0,0,0,0,0,0,,,,1,0.0,25,18:40,4,1,1,0,100.0
258,2011-12-17,29,24-029,MIN,,NYI,L-SO,1,0,1,1,0,1,0,0,0,,,,1,100.0,30,20:12,7,0,0,0,
259,2011-12-19,30,24-031,MIN,@,VAN,L,0,0,0,0,0,0,0,0,0,,,,2,0.0,23,16:02,5,0,0,0,
260,2011-12-20,31,24-032,MIN,@,CGY,L,0,0,0,0,0,0,0,0,0,,,,2,0.0,25,15:13,6,0,0,1,0.0
261,2011-12-22,32,24-034,MIN,@,EDM,L,0,0,0,-1,0,0,0,0,0,,,,2,0.0,26,19:06,3,0,0,0,
262,2011-12-26,33,24-038,MIN,,COL,L,1,0,1,0,0,1,0,0,0,,,,2,50.0,26,19:09,2,0,0,0,
263,2011-12-28,34,24-040,MIN,@,NSH,L-SO,0,0,0,1,0,0,0,0,0,,,,1,0.0,26,18:10,6,0,0,0,
264,2011-12-29,35,24-041,MIN,,EDM,W,0,0,0,2,4,0,0,0,0,,,,1,0.0,26,15:57,3,1,0,0,
265,2011-12-31,36,24-043,MIN,,PHX,L,0,0,0,-1,0,0,0,0,0,,,,5,0.0,27,19:00,1,0,0,0,
266,2012-01-04,37,24-047,MIN,@,VAN,L,0,0,0,-1,0,0,0,0,0,,,,5,0.0,20,17:45,5,1,0,0,
267,2012-01-07,38,24-050,MIN,@,CGY,L,0,0,0,0,2,0,0,0,0,,,,2,0.0,21,12:35,0,0,0,0,
268,2012-01-10,39,24-053,MIN,,SJS,W,1,1,2,2,2,1,0,0,0,,,,4,25.0,26,18:21,1,0,0,0,
269,2012-01-12,40,24-055,MIN,@,CHI,L,0,0,0,-1,2,0,0,0,0,,,,1,0.0,19,11:32,5,0,0,0,
270,2012-01-14,41,24-057,MIN,@,STL,L-SO,0,0,0,-1,0,0,0,0,0,,,,2,0.0,27,19:21,6,1,0,0,
271,2012-01-17,42,24-060,MIN,@,PHI,L,0,0,0,-1,8,0,0,0,0,,,,1,0.0,19,12:05,4,0,0,0,
272,2012-01-19,43,24-062,MIN,@,TOR,L,0,0,0,-1,2,0,0,0,0,,,,1,0.0,21,15:33,6,1,0,0,
273,2012-01-21,44,24-064,MIN,,DAL,W,1,0,1,0,0,1,0,0,0,,,,4,25.0,26,17:45,4,0,0,0,
274,2012-01-24,45,24-067,MIN,@,COL,W,0,0,0,-1,0,0,0,0,0,,,,0,,24,16:49,3,0,0,0,
275,2012-01-31,46,24-074,MIN,,NSH,L,1,0,1,-1,2,1,0,0,0,,,,2,50.0,25,16:29,3,0,0,0,
276,2012-02-02,47,24-076,MIN,@,COL,W,0,0,0,0,0,0,0,0,0,,,,2,0.0,26,18:19,3,0,0,0,
277,2012-02-04,48,24-078,MIN,@,DAL,L-SO,0,0,0,0,2,0,0,0,0,,,,2,0.0,27,18:24,1,1,0,0,
278,2012-02-07,49,24-081,MIN,@,CBJ,L,0,0,0,1,2,0,0,0,0,,,,2,0.0,23,17:19,1,0,0,0,
279,2012-02-09,50,24-083,MIN,,VAN,L,0,0,0,-1,15,0,0,0,0,,,,3,0.0,23,16:54,5,0,0,1,0.0
280,2012-02-11,51,24-085,MIN,,CBJ,L,0,0,0,0,0,0,0,0,0,,,,1,0.0,18,10:45,2,0,0,0,
281,2012-02-16,52,24-090,MIN,,WPG,L-SO,0,0,0,-2,4,0,0,0,0,,,,2,0.0,21,13:02,0,0,0,0,
282,2012-02-18,53,24-092,MIN,@,STL,L,0,0,0,-1,6,0,0,0,0,,,,0,,24,15:03,1,0,0,0,
283,2012-02-19,54,24-093,MIN,,BOS,W,0,1,1,1,0,0,0,0,0,,,,3,0.0,22,14:40,4,0,0,1,0.0
284,2012-02-23,55,24-097,MIN,@,FLA,W,0,0,0,-1,0,0,0,0,0,,,,3,0.0,24,16:22,6,1,0,0,
285,2012-02-24,56,24-098,MIN,@,DAL,L,0,0,0,-1,0,0,0,0,0,,,,1,0.0,23,16:09,2,0,0,0,
286,2012-02-26,57,24-100,MIN,,SJS,W,1,0,1,1,0,1,0,0,0,,,,3,33.3,23,16:47,1,0,2,0,100.0
287,2012-02-28,58,24-102,MIN,,LAK,L,0,0,0,0,2,0,0,0,0,,,,4,0.0,23,17:36,7,1,1,1,50.0
288,2012-03-01,59,24-104,MIN,@,MTL,L-SO,0,0,0,0,2,0,0,0,0,,,,0,,28,18:15,5,1,0,1,0.0
289,2012-03-02,60,24-105,MIN,@,DET,L,0,0,0,-1,2,0,0,0,0,,,,0,,15,9:19,4,1,0,0,
290,2012-03-04,61,24-107,MIN,,COL,L,0,0,0,-1,0,0,0,0,0,,,,1,0.0,20,14:42,4,3,0,0,
291,2012-03-13,62,24-116,MIN,,DAL,L,0,0,0,0,0,0,0,0,0,,,,2,0.0,21,16:05,3,1,0,0,
292,2012-03-17,63,24-120,MIN,,CAR,L,0,1,1,-1,0,0,0,0,0,,,,0,,24,17:55,8,1,0,0,
293,2012-03-19,64,24-122,MIN,,VAN,W,0,1,1,1,0,0,0,0,0,,,,4,0.0,25,17:30,3,1,0,0,
294,2012-03-22,65,24-125,MIN,,CGY,W,0,0,0,0,0,0,0,0,0,,,,1,0.0,23,17:48,4,1,0,0,
295,2012-03-24,66,24-127,MIN,@,BUF,L,0,0,0,0,0,0,0,0,0,,,,1,0.0,24,17:14,4,0,0,0,
296,2012-03-25,67,24-128,MIN,@,WSH,L,0,0,0,0,2,0,0,0,0,,,,2,0.0,21,16:18,3,1,0,0,
297,2012-03-27,68,24-130,MIN,,NYR,L,0,1,1,-1,0,0,0,0,0,,,,2,0.0,20,16:12,2,0,0,0,
298,2012-03-29,69,24-132,MIN,,FLA,W,0,1,1,1,0,0,0,0,0,,,,4,0.0,25,14:51,5,0,0,0,
299,2012-03-31,70,24-134,MIN,,LAK,W,0,0,0,-1,0,0,0,0,0,,,,2,0.0,29,17:44,4,1,0,0,
300,2012-04-01,71,24-135,MIN,@,CHI,W,0,0,0,0,0,0,0,0,0,,,,0,,31,20:17,5,0,0,0,
301,2012-04-03,72,24-137,MIN,@,NSH,L-SO,0,0,0,0,0,0,0,0,0,,,,3,0.0,27,16:54,5,0,0,1,0.0
302,2012-04-05,73,24-139,MIN,,CHI,W,1,0,1,0,4,0,1,0,0,,,,4,25.0,25,17:03,6,0,0,0,
303,2012-04-07,74,24-141,MIN,,PHX,L,0,0,0,0,2,0,0,0,0,,,,4,0.0,22,15:55,4,1,0,0,
304,2013-01-19,1,25-062,MIN,,COL,W,0,1,1,1,2,0,0,0,0,,,,4,0.0,22,12:41,4,2,0,0,
305,2013-01-20,2,25-063,MIN,,DAL,W,0,0,0,0,0,0,0,0,0,,,,5,0.0,24,15:29,5,0,0,0,
306,2013-01-22,3,25-065,MIN,,NSH,L,0,0,0,0,2,0,0,0,0,,,,2,0.0,23,13:48,7,0,0,0,
307,2013-01-25,4,25-068,MIN,@,DET,L,0,0,0,0,2,0,0,0,0,,,,0,,23,12:10,1,0,0,0,
308,2013-01-27,5,25-070,MIN,@,STL,L-OT,0,0,0,0,0,0,0,0,0,,,,1,0.0,18,13:01,2,2,0,0,
309,2013-01-29,6,25-072,MIN,,CBJ,W,0,0,0,0,0,0,0,0,0,,,,0,,22,15:42,2,0,0,0,
310,2013-01-30,7,25-073,MIN,,CHI,W,1,0,1,1,0,1,0,0,0,,,,2,50.0,23,15:00,3,0,0,0,
311,2013-02-01,8,25-075,MIN,@,ANA,L,0,0,0,-1,0,0,0,0,0,,,,5,0.0,20,12:21,4,1,0,0,
312,2013-02-04,9,25-078,MIN,@,PHX,L,0,0,0,-1,0,0,0,0,0,,,,2,0.0,19,14:01,2,0,0,0,
313,2013-02-07,10,25-081,MIN,,VAN,L,0,0,0,-1,0,0,0,0,0,,,,2,0.0,27,14:54,1,0,0,0,
314,2013-02-09,11,25-083,MIN,,NSH,W,1,0,1,1,0,1,0,0,0,,,,2,50.0,18,10:32,3,0,0,0,
315,2013-02-11,12,25-085,MIN,@,CGY,W,0,0,0,0,0,0,0,0,0,,,,2,0.0,22,15:35,4,0,0,0,
316,2013-02-12,13,25-086,MIN,@,VAN,L,0,0,0,-1,0,0,0,0,0,,,,2,0.0,20,15:18,4,0,0,0,
317,2013-02-14,14,25-088,MIN,,COL,L-SO,0,0,0,0,0,0,0,0,0,,,,0,,8,5:43,1,0,0,0,
318,2013-02-17,15,25-091,MIN,,DET,W,0,0,0,0,0,0,0,0,0,,,,3,0.0,23,16:06,3,1,0,0,
319,2013-02-21,16,25-095,MIN,@,EDM,W,0,1,1,1,0,0,0,0,0,,,,2,0.0,24,14:40,3,1,0,0,
320,2013-03-09,17,25-111,MIN,@,NSH,W,0,0,0,0,0,0,0,0,0,,,,1,0.0,21,12:59,8,0,1,1,50.0
321,2013-03-10,18,25-112,MIN,,VAN,W,0,0,0,-2,2,0,0,0,0,,,,1,0.0,20,11:40,2,2,0,0,
322,2013-03-12,19,25-114,MIN,,ANA,L,0,0,0,-1,0,0,0,0,0,,,,3,0.0,16,11:16,1,0,0,0,
323,2013-03-14,20,25-116,MIN,,COL,W,0,0,0,0,5,0,0,0,0,,,,1,0.0,20,12:08,3,0,0,0,
324,2013-03-16,21,25-118,MIN,@,COL,W,1,0,1,-3,2,1,0,0,0,,,,4,25.0,27,18:23,5,1,0,0,
325,2013-03-18,22,25-120,MIN,@,VAN,W,0,0,0,0,0,0,0,0,0,,,,2,0.0,27,14:01,2,0,0,0,
326,2013-03-20,23,25-122,MIN,@,DET,W,0,0,0,-1,4,0,0,0,0,,,,0,,17,12:49,2,0,0,0,
327,2013-03-23,24,25-125,MIN,,SJS,W,0,0,0,0,2,0,0,0,0,,,,2,0.0,22,13:12,5,2,0,0,
328,2013-03-25,25,25-127,MIN,@,DAL,W,0,2,2,2,0,0,0,0,0,,,,5,0.0,17,10:38,3,0,0,0,
329,2013-03-27,26,25-129,MIN,,PHX,W,0,0,0,0,0,0,0,0,0,,,,1,0.0,22,13:50,4,1,0,0,
330,2013-03-29,27,25-131,MIN,@,DAL,L,0,1,1,0,2,0,0,0,0,,,,2,0.0,24,15:42,5,0,0,0,
331,2013-03-30,28,25-132,MIN,,LAK,W,0,0,0,-1,2,0,0,0,0,,,,4,0.0,22,15:04,4,0,0,0,
332,2013-04-01,29,25-134,MIN,,STL,L,0,0,0,0,0,0,0,0,0,,,,3,0.0,18,14:15,2,1,0,0,
333,2013-04-03,30,25-136,MIN,@,SJS,L,0,0,0,-1,2,0,0,0,0,,,,2,0.0,18,11:21,6,0,0,0,
334,2013-04-04,31,25-137,MIN,@,LAK,L,0,0,0,0,0,0,0,0,0,,,,0,,19,14:00,4,0,0,0,
335,2013-04-07,32,25-140,MIN,@,CBJ,W,0,0,0,0,0,0,0,0,0,,,,2,0.0,24,17:48,3,1,0,0,
336,2013-04-09,33,25-142,MIN,,CHI,L,0,0,0,0,0,0,0,0,0,,,,2,0.0,22,14:58,6,1,0,0,
337,2013-04-11,34,25-144,MIN,,STL,L,0,0,0,0,0,0,0,0,0,,,,1,0.0,22,14:09,3,0,0,0,
338,2013-04-13,35,25-146,MIN,,CBJ,L-SO,0,0,0,-1,0,0,0,0,0,,,,3,0.0,25,14:41,3,0,0,0,
339,2013-04-15,36,25-148,MIN,@,CGY,W,0,0,0,0,0,0,0,0,0,,,,0,,20,14:16,3,0,0,0,
340,2013-04-16,37,25-149,MIN,@,EDM,W,0,0,0,1,0,0,0,0,0,,,,2,0.0,19,13:07,4,0,0,0,
341,2013-04-18,38,25-151,MIN,@,SJS,L,0,0,0,0,0,0,0,0,0,,,,2,0.0,20,11:17,8,0,0,0,
342,2013-04-21,39,25-154,MIN,,CGY,L,0,0,0,0,0,0,0,0,0,,,,3,0.0,16,12:17,3,1,0,0,
343,2013-04-23,40,25-156,MIN,,LAK,W,1,0,1,1,0,1,0,0,1,,,,1,100.0,26,14:17,6,0,0,0,
344,2013-04-26,41,25-159,MIN,,EDM,L,0,0,0,0,0,0,0,0,0,,,,4,0.0,23,15:19,6,0,0,0,
345,2013-04-27,42,25-160,MIN,@,COL,W,0,1,1,1,0,0,0,0,0,,,,2,0.0,23,16:23,5,0,0,0,
346,2013-10-11,1,25-327,NYI,@,CHI,L,0,0,0,-1,0,0,0,0,0,,,,0,,15,8:35,2,0,0,0,
347,2013-10-12,2,25-328,NYI,@,NSH,L,0,0,0,-1,0,0,0,0,0,,,,0,,13,9:27,1,0,0,0,
348,2013-10-15,3,25-331,NYI,,BUF,L-SO,0,0,0,0,0,0,0,0,0,,,,1,0.0,16,10:12,8,0,0,1,0.0
349,2013-10-17,4,25-333,NYI,,EDM,W,0,0,0,0,0,0,0,0,0,,,,0,,16,11:29,5,0,0,0,
350,2013-10-19,5,25-335,NYI,,CAR,L,0,0,0,-1,0,0,0,0,0,,,,3,0.0,14,8:29,1,0,0,1,0.0
351,2013-10-22,6,25-338,NYI,,VAN,L-OT,0,1,1,1,0,0,0,0,0,,,,2,0.0,17,11:59,7,0,1,0,100.0
352,2013-10-25,7,25-341,NYI,@,PIT,W,0,0,0,0,0,0,0,0,0,,,,2,0.0,14,12:28,4,0,0,0,
353,2013-10-26,8,25-342,NYI,,PHI,L,0,0,0,0,0,0,0,0,0,,,,3,0.0,20,14:24,2,1,1,0,100.0
354,2013-10-29,9,25-345,NYI,,NYR,L,1,0,1,0,2,1,0,0,0,,,,3,33.3,17,11:41,2,0,0,0,
355,2013-11-01,10,25-348,NYI,@,OTT,W,0,0,0,0,2,0,0,0,0,,,,2,0.0,18,12:10,6,0,0,0,
356,2013-11-02,11,25-349,NYI,,BOS,W,0,0,0,0,2,0,0,0,0,,,,4,0.0,19,12:42,6,1,0,0,
357,2013-11-05,12,25-352,NYI,@,WSH,L,0,0,0,0,4,0,0,0,0,,,,3,0.0,18,11:45,2,0,0,1,0.0
358,2013-11-12,13,25-359,NYI,,NSH,W,0,0,0,0,0,0,0,0,0,,,,2,0.0,18,15:09,3,0,0,0,
359,2013-11-14,14,25-361,NYI,,LAK,L,0,1,1,0,2,0,0,0,0,,,,3,0.0,19,14:01,4,2,0,0,
360,2013-11-16,15,25-363,NYI,,DET,W,1,0,1,1,0,1,0,0,0,,,,2,50.0,14,10:13,2,0,0,0,
361,2013-11-19,16,26-001,NYI,@,TOR,L,0,0,0,0,0,0,0,0,0,,,,3,0.0,18,15:01,2,0,0,0,
362,2013-11-22,17,26-004,NYI,@,PIT,L,0,0,0,-1,0,0,0,0,0,,,,3,0.0,22,15:04,4,1,1,0,100.0
363,2013-11-23,18,26-005,NYI,@,PHI,L,0,0,0,-1,0,0,0,0,0,,,,3,0.0,19,12:32,3,0,0,1,0.0
364,2013-11-27,19,26-009,NYI,,WPG,L,0,0,0,-1,0,0,0,0,0,,,,3,0.0,19,13:42,6,0,0,1,0.0
365,2013-11-29,20,26-011,NYI,,DET,L,0,0,0,0,0,0,0,0,0,,,,2,0.0,18,14:18,5,0,1,0,100.0
366,2013-11-30,21,26-012,NYI,,WSH,L-OT,1,0,1,0,0,0,0,1,0,,,,4,25.0,20,14:45,4,0,0,0,
367,2013-12-03,22,26-015,NYI,,PIT,L-OT,0,0,0,0,2,0,0,0,0,,,,2,0.0,16,11:52,3,1,0,0,
368,2013-12-05,23,26-017,NYI,@,STL,L,0,0,0,0,0,0,0,0,0,,,,1,0.0,20,14:28,2,0,0,1,0.0
369,2013-12-07,24,26-019,NYI,@,LAK,L,0,0,0,-1,6,0,0,0,0,,,,2,0.0,21,12:57,2,0,0,1,0.0
370,2013-12-09,25,26-021,NYI,@,ANA,L,0,0,0,0,2,0,0,0,0,,,,3,0.0,19,13:39,1,0,0,0,
371,2013-12-10,26,26-022,NYI,@,SJS,W,0,0,0,0,0,0,0,0,0,,,,1,0.0,26,18:10,6,0,0,0,
372,2013-12-12,27,26-024,NYI,@,PHX,L,0,0,0,0,0,0,0,0,0,,,,1,0.0,26,18:19,3,0,0,0,
373,2013-12-14,28,26-026,NYI,,MTL,L-OT,0,0,0,0,0,0,0,0,0,,,,2,0.0,20,14:37,6,1,0,0,
374,2013-12-17,29,26-029,NYI,,TBL,L-SO,0,0,0,0,2,0,0,0,0,,,,3,0.0,21,15:01,3,0,0,0,
375,2013-12-20,30,26-032,NYI,@,NYR,W,1,0,1,1,2,0,0,1,0,,,,1,100.0,21,14:40,2,0,0,0,
376,2013-12-21,31,26-033,NYI,,ANA,L,0,0,0,-1,0,0,0,0,0,,,,1,0.0,24,17:45,4,0,0,0,
377,2013-12-23,32,26-035,NYI,@,DET,W,0,0,0,0,0,0,0,0,0,,,,1,0.0,18,12:12,3,0,0,0,
378,2013-12-28,33,26-040,NYI,,NJD,L,0,0,0,-1,2,0,0,0,0,,,,1,0.0,21,14:36,6,0,0,0,
379,2013-12-29,34,26-041,NYI,@,MIN,W,1,0,1,-1,2,1,0,0,0,,,,2,50.0,24,17:44,1,1,0,0,
380,2013-12-31,35,26-043,NYI,@,BOS,W,0,0,0,0,2,0,0,0,0,,,,2,0.0,23,13:57,5,0,0,0,
381,2014-01-02,36,26-045,NYI,,CHI,W,0,0,0,0,0,0,0,0,0,,,,0,,21,15:44,3,0,0,0,
382,2014-01-04,37,26-047,NYI,,CAR,L,0,0,0,0,0,0,0,0,0,,,,4,0.0,20,15:46,1,0,0,0,
383,2014-01-06,38,26-049,NYI,,DAL,W,0,0,0,0,0,0,0,0,0,,,,3,0.0,21,14:55,5,0,0,0,
384,2014-01-07,39,26-050,NYI,@,TOR,W,1,0,1,1,0,1,0,0,0,,,,4,25.0,24,14:45,4,0,0,0,
385,2014-01-10,40,26-053,NYI,@,COL,W,0,0,0,0,0,0,0,0,0,,,,1,0.0,20,16:01,3,0,0,1,0.0
386,2014-01-12,41,26-055,NYI,@,DAL,W,0,0,0,0,0,0,0,0,0,,,,1,0.0,17,10:23,2,0,0,0,
387,2014-01-14,42,26-057,NYI,@,FLA,L,0,0,0,-1,0,0,0,0,0,,,,1,0.0,22,11:15,4,0,0,0,
388,2014-01-16,43,26-059,NYI,@,TBL,W,0,0,0,0,0,0,0,0,0,,,,3,0.0,22,13:22,6,1,0,0,
389,2014-01-18,44,26-061,NYI,@,PHI,L,1,0,1,0,0,0,0,1,0,,,,5,20.0,26,16:45,3,0,0,0,
390,2014-01-20,45,26-063,NYI,,PHI,W,0,1,1,1,0,0,0,0,0,,,,3,0.0,25,19:07,7,0,0,0,
391,2014-01-21,46,26-064,NYI,@,NYR,W,0,0,0,1,0,0,0,0,0,,,,3,0.0,21,13:10,1,0,0,0,
392,2014-01-23,47,26-066,NYI,,PIT,L,0,0,0,-1,0,0,0,0,0,,,,3,0.0,20,13:33,4,1,0,0,
393,2014-01-25,48,26-068,NYI,,STL,L-SO,0,0,0,0,0,0,0,0,0,,,,3,0.0,21,13:02,0,0,1,0,100.0
394,2014-01-27,49,26-070,NYI,,BOS,L,0,0,0,-1,0,0,0,0,0,,,,2,0.0,25,18:14,6,1,0,0,
395,2014-01-29,50,26-072,NYI,,NYR,L,0,1,1,0,0,0,0,0,0,,,,2,0.0,21,13:46,2,0,0,0,
396,2014-01-31,51,26-074,NYI,@,NYR,L,0,0,0,-1,0,0,0,0,0,,,,3,0.0,18,11:16,2,0,0,0,
397,2014-02-04,52,26-078,NYI,@,WSH,W,0,0,0,0,0,0,0,0,0,,,,3,0.0,26,16:46,7,1,0,0,
398,2014-02-06,53,26-080,NYI,,CGY,L,0,0,0,-1,0,0,0,0,0,,,,2,0.0,21,14:44,3,1,0,0,
399,2014-02-08,54,26-082,NYI,,COL,L,0,0,0,-2,0,0,0,0,0,,,,2,0.0,24,18:38,3,0,0,0,
400,2014-02-27,55,26-101,NYI,,TOR,W,0,0,0,0,0,0,0,0,0,,,,2,0.0,26,15:12,1,0,1,0,100.0
401,2014-03-01,56,26-103,NYI,,NJD,L,0,0,0,0,2,0,0,0,0,,,,2,0.0,19,10:49,6,0,0,0,
402,2014-03-02,57,26-104,NYI,,FLA,L,0,1,1,0,2,0,0,0,0,,,,2,0.0,18,13:19,3,0,0,0,
403,2014-03-04,58,26-106,NYI,@,WPG,W,0,1,1,1,0,0,0,0,0,,,,3,0.0,26,17:09,4,0,0,1,0.0
404,2014-03-06,59,26-108,NYI,@,EDM,L-OT,0,1,1,2,0,0,0,0,0,,,,1,0.0,23,13:59,5,0,0,0,
405,2014-03-07,60,26-109,NYI,@,CGY,L,0,0,0,0,0,0,0,0,0,,,,2,0.0,24,13:43,3,0,0,0,
406,2014-03-10,61,26-112,NYI,@,VAN,W,1,0,1,0,0,1,0,0,0,,,,4,25.0,23,14:44,2,0,0,0,
407,2014-03-14,62,26-116,NYI,,SJS,L,0,0,0,0,0,0,0,0,0,,,,5,0.0,21,16:42,3,0,0,0,
408,2014-03-15,63,26-117,NYI,,BUF,W,1,0,1,1,2,1,0,0,0,,,,4,25.0,28,18:17,4,0,0,0,
409,2014-03-18,64,26-120,NYI,,MIN,L,0,0,0,-1,0,0,0,0,0,,,,3,0.0,25,19:26,4,0,0,0,
410,2014-03-23,65,26-125,NYI,,CBJ,W,1,0,1,1,2,1,0,0,1,,,,4,25.0,28,18:54,2,0,0,0,
411,2014-03-25,66,26-127,NYI,@,CAR,W,1,0,1,0,0,1,0,0,0,,,,2,50.0,30,18:51,6,1,0,0,
412,2014-03-27,67,26-129,NYI,@,TBL,L-SO,0,0,0,-1,10,0,0,0,0,,,,2,0.0,27,16:08,0,0,0,0,
413,2014-03-29,68,26-131,NYI,,NJD,W,0,0,0,-1,0,0,0,0,0,,,,0,,28,18:25,9,0,0,0,
414,2014-04-01,69,26-134,NYI,,FLA,W,0,0,0,0,0,0,0,0,0,,,,6,0.0,26,15:37,7,0,0,0,
415,2014-04-02,70,26-135,NYI,@,OTT,W,0,0,0,0,0,0,0,0,0,,,,3,0.0,25,17:07,3,0,0,0,
416,2014-04-05,71,26-138,NYI,,WSH,L-SO,1,0,1,1,0,1,0,0,0,,,,7,14.3,27,18:04,5,0,0,0,
417,2014-04-06,72,26-139,NYI,@,CBJ,L,0,0,0,-1,0,0,0,0,0,,,,0,,24,13:41,9,0,0,0,
418,2014-04-08,73,26-141,NYI,,OTT,L,0,0,0,0,0,0,0,0,0,,,,1,0.0,7,4:50,2,0,1,0,100.0
419,2014-10-10,1,26-326,NYI,@,CAR,W,0,0,0,0,0,0,0,0,0,0,0,0,1,0.0,24,14:23,4,1,0,0,
420,2014-10-11,2,26-327,NYI,,CAR,W,0,0,0,0,0,0,0,0,0,0,0,0,4,0.0,20,12:04,4,0,0,0,
421,2014-10-14,3,26-330,NYI,@,NYR,W,0,0,0,0,0,0,0,0,0,0,0,0,1,0.0,23,12:46,1,0,0,0,
422,2014-10-16,4,26-332,NYI,,SJS,W,0,1,1,1,0,0,0,0,0,1,0,0,4,0.0,23,14:34,2,0,0,0,
423,2014-10-18,5,26-334,NYI,@,PIT,L,0,0,0,0,0,0,0,0,0,0,0,0,2,0.0,20,10:07,3,1,0,0,
424,2014-10-21,6,26-337,NYI,,TOR,L,0,0,0,0,12,0,0,0,0,0,0,0,2,0.0,20,10:36,3,0,0,0,
425,2014-10-23,7,26-339,NYI,@,BOS,W,1,0,1,-1,0,1,0,0,1,0,0,0,1,100.0,21,14:27,4,1,0,0,
426,2014-10-25,8,26-341,NYI,,DAL,W,0,0,0,0,0,0,0,0,0,0,0,0,2,0.0,27,14:27,7,0,0,0,
427,2014-10-28,9,26-344,NYI,,WPG,L,0,0,0,0,2,0,0,0,0,0,0,0,1,0.0,19,11:53,6,0,0,0,
428,2014-10-30,10,26-346,NYI,@,COL,L,0,0,0,-1,2,0,0,0,0,0,0,0,2,0.0,15,12:06,5,0,0,0,
429,2014-11-01,11,26-348,NYI,@,SJS,L,0,0,0,0,0,0,0,0,0,0,0,0,1,0.0,22,12:04,11,0,0,0,
430,2014-11-05,12,26-352,NYI,@,ANA,W,0,0,0,0,0,0,0,0,0,0,0,0,1,0.0,24,16:30,2,0,1,0,100.0
431,2014-11-06,13,26-353,NYI,@,LAK,W,0,0,0,0,0,0,0,0,0,0,0,0,3,0.0,27,16:31,5,0,0,0,
432,2014-11-08,14,26-355,NYI,@,ARI,W,0,0,0,0,2,0,0,0,0,0,0,0,2,0.0,23,14:29,3,1,0,0,
433,2014-11-11,15,26-358,NYI,,COL,W,0,0,0,0,0,0,0,0,0,0,0,0,4,0.0,23,14:57,6,0,0,0,
434,2014-11-14,16,26-361,NYI,@,FLA,W,0,0,0,0,0,0,0,0,0,0,0,0,2,0.0,18,12:12,4,1,0,0,
435,2014-11-18,17,27-000,NYI,,TBL,W,1,0,1,1,0,0,0,1,0,0,0,0,3,33.3,22,14:02,6,0,0,0,
436,2014-11-21,18,27-003,NYI,@,PIT,W,0,0,0,0,0,0,0,0,0,0,0,0,1,0.0,21,13:46,5,0,0,0,
437,2014-11-22,19,27-004,NYI,,PIT,W,0,1,1,1,0,0,0,0,0,1,0,0,2,0.0,21,11:33,2,0,0,0,
438,2014-11-24,20,27-006,NYI,,PHI,W,0,0,0,0,0,0,0,0,0,0,0,0,1,0.0,19,12:21,7,0,0,0,
439,2014-11-26,21,27-008,NYI,,WSH,W,0,1,1,0,0,0,0,0,0,0,1,0,1,0.0,18,12:01,8,0,0,0,
440,2014-11-28,22,27-010,NYI,@,WSH,L,0,0,0,0,0,0,0,0,0,0,0,0,3,0.0,17,11:21,4,0,0,0,
441,2014-11-29,23,27-011,NYI,,NJD,W,1,0,1,1,2,1,0,0,1,0,0,0,3,33.3,22,10:29,1,0,0,1,0.0
442,2014-12-02,24,27-014,NYI,,OTT,W,0,0,0,0,0,0,0,0,0,0,0,0,1,0.0,10,5:48,4,0,0,0,
443,2014-12-06,25,27-018,NYI,,STL,L,0,0,0,0,0,0,0,0,0,0,0,0,2,0.0,18,11:10,3,0,0,0,
444,2014-12-09,26,27-021,NYI,@,MIN,L,0,0,0,0,0,0,0,0,0,0,0,0,1,0.0,17,10:24,2,1,0,0,
445,2014-12-11,27,27-023,NYI,@,STL,L,0,0,0,1,4,0,0,0,0,0,0,0,3,0.0,22,15:12,4,2,1,0,100.0
446,2014-12-13,28,27-025,NYI,,CHI,W,1,0,1,2,0,1,0,0,0,0,0,0,4,25.0,16,12:21,6,0,0,0,
447,2014-12-15,29,27-027,NYI,,NJD,W,0,0,0,0,0,0,0,0,0,0,0,0,2,0.0,18,12:40,3,1,0,0,
448,2014-12-19,30,27-031,NYI,@,DET,W,0,0,0,0,4,0,0,0,0,0,0,0,2,0.0,18,13:30,1,1,0,0,
449,2014-12-20,31,27-032,NYI,,TBL,W,0,1,1,1,0,0,0,0,0,1,0,0,1,0.0,16,11:46,3,0,0,0,
450,2014-12-23,32,27-035,NYI,,MTL,L,0,0,0,-1,4,0,0,0,0,0,0,0,0,,16,10:37,5,0,0,0,
451,2014-12-27,33,27-039,NYI,@,BUF,L-SO,0,0,0,-1,2,0,0,0,0,0,0,0,1,0.0,20,13:57,3,0,0,0,
452,2014-12-29,34,27-041,NYI,,WSH,W,0,0,0,-1,0,0,0,0,0,0,0,0,0,,19,11:23,7,1,1,0,100.0
453,2014-12-31,35,27-043,NYI,@,WPG,W,0,0,0,-1,2,0,0,0,0,0,0,0,3,0.0,19,13:17,4,2,0,0,
454,2015-01-02,36,27-045,NYI,@,CGY,W,0,0,0,0,0,0,0,0,0,0,0,0,2,0.0,21,12:09,3,0,0,0,
455,2015-01-04,37,27-047,NYI,@,EDM,L,0,0,0,-1,0,0,0,0,0,0,0,0,0,,20,13:03,7,1,1,0,100.0
456,2015-01-06,38,27-049,NYI,@,VAN,L,0,0,0,1,0,0,0,0,0,0,0,0,0,,12,8:00,1,0,0,0,
457,2015-01-10,39,27-053,NYI,@,CBJ,W,0,1,1,1,0,0,0,0,0,1,0,0,0,,20,12:27,4,1,0,0,
458,2015-01-13,40,27-056,NYI,@,NYR,W,0,0,0,0,0,0,0,0,0,0,0,0,2,0.0,21,14:00,3,1,0,0,
459,2015-01-16,41,27-059,NYI,,PIT,W,0,0,0,0,2,0,0,0,0,0,0,0,0,,23,12:45,7,0,0,0,
460,2015-01-17,42,27-060,NYI,@,MTL,L,0,0,0,0,0,0,0,0,0,0,0,0,2,0.0,18,12:29,8,0,0,0,
461,2015-01-19,43,27-062,NYI,,PHI,W,0,0,0,-1,0,0,0,0,0,0,0,0,0,,25,13:27,10,1,0,0,
462,2015-01-27,44,27-070,NYI,,NYR,W,0,1,1,1,2,0,0,0,0,1,0,0,1,0.0,21,14:41,8,0,0,0,
463,2015-01-29,45,27-072,NYI,,BOS,L,0,1,1,1,0,0,0,0,0,1,0,0,0,,17,12:53,3,2,0,0,
464,2015-01-31,46,27-074,NYI,@,DET,L,0,0,0,-2,0,0,0,0,0,0,0,0,0,,20,10:19,4,0,0,0,
465,2015-02-03,47,27-077,NYI,,FLA,L,0,0,0,-2,2,0,0,0,0,0,0,0,2,0.0,20,10:10,4,0,0,0,
466,2015-02-05,48,27-079,NYI,@,PHI,W,1,0,1,1,0,1,0,0,0,0,0,0,2,50.0,22,14:35,6,0,0,0,
467,2015-02-07,49,27-081,NYI,@,BOS,L,0,0,0,0,0,0,0,0,0,0,0,0,0,,10,6:54,4,0,0,0,
468,2015-02-12,50,27-086,NYI,,TOR,W,0,0,0,0,0,0,0,0,0,0,0,0,2,0.0,16,11:21,6,0,0,0,
469,2015-02-14,51,27-088,NYI,,CBJ,W,0,0,0,-1,0,0,0,0,0,0,0,0,1,0.0,22,16:11,4,1,0,0,
470,2015-02-16,52,27-090,NYI,,NYR,L,0,0,0,-1,0,0,0,0,0,0,0,0,1,0.0,17,11:23,6,1,0,0,
471,2015-02-17,53,27-091,NYI,@,CAR,W,0,0,0,-1,0,0,0,0,0,0,0,0,1,0.0,19,13:30,3,0,0,0,
472,2015-02-19,54,27-093,NYI,,NSH,W,0,0,0,0,2,0,0,0,0,0,0,0,1,0.0,19,12:01,5,1,0,1,0.0
473,2015-02-21,55,27-095,NYI,@,WSH,L-SO,0,0,0,-1,0,0,0,0,0,0,0,0,1,0.0,24,16:11,6,1,0,0,
474,2015-02-22,56,27-096,NYI,,VAN,L,0,0,0,0,0,0,0,0,0,0,0,0,1,0.0,18,13:56,6,0,0,0,
475,2015-02-24,57,27-098,NYI,,ARI,W,0,0,0,-1,4,0,0,0,0,0,0,0,1,0.0,20,15:25,7,0,0,0,
476,2015-02-27,58,27-101,NYI,,CGY,W,1,0,1,1,0,1,0,0,1,0,0,0,4,25.0,19,12:55,3,0,0,0,
477,2015-02-28,59,27-102,NYI,,CAR,L,0,1,1,1,0,0,0,0,0,1,0,0,2,0.0,23,14:01,5,2,0,0,
478,2015-03-03,60,27-105,NYI,@,DAL,L-OT,0,0,0,-1,2,0,0,0,0,0,0,0,0,,23,13:12,3,2,0,0,
479,2015-03-05,61,27-107,NYI,@,NSH,W,0,0,0,1,0,0,0,0,0,0,0,0,2,0.0,23,16:45,1,1,0,0,
480,2015-03-07,62,27-109,NYI,@,FLA,L-SO,0,0,0,0,2,0,0,0,0,0,0,0,3,0.0,20,12:47,3,0,1,1,50.0
481,2015-03-09,63,27-111,NYI,@,TOR,W,0,0,0,1,2,0,0,0,0,0,0,0,2,0.0,22,12:56,2,0,0,0,
482,2015-03-10,64,27-112,NYI,,NYR,L,0,0,0,-1,0,0,0,0,0,0,0,0,0,,20,12:35,3,0,1,0,100.0
483,2015-03-13,65,27-115,NYI,,OTT,L,0,0,0,0,0,0,0,0,0,0,0,0,5,0.0,21,13:50,4,0,0,0,
484,2015-03-14,66,27-116,NYI,,MTL,L,0,0,0,0,0,0,0,0,0,0,0,0,4,0.0,19,14:00,4,0,0,0,
485,2015-03-17,67,27-119,NYI,@,CHI,L,0,0,0,0,0,0,0,0,0,0,0,0,5,0.0,19,12:24,7,0,0,0,
486,2015-03-21,68,27-123,NYI,@,NJD,W,0,0,0,0,0,0,0,0,0,0,0,0,1,0.0,18,11:02,8,0,0,0,
487,2015-03-24,69,27-126,NYI,,MIN,L-SO,0,0,0,0,0,0,0,0,0,0,0,0,2,0.0,20,11:26,5,0,0,0,
488,2015-03-26,70,27-128,NYI,,LAK,L,0,0,0,0,0,0,0,0,0,0,0,0,2,0.0,19,12:24,6,0,0,0,
489,2015-03-28,71,27-130,NYI,,ANA,L,0,0,0,1,0,0,0,0,0,0,0,0,0,,16,10:19,4,0,0,0,
490,2015-03-29,72,27-131,NYI,,DET,W,1,0,1,1,2,0,0,1,1,0,0,0,2,50.0,22,14:19,2,0,0,0,
491,2015-04-02,73,27-135,NYI,@,CBJ,L-SO,0,0,0,-1,0,0,0,0,0,0,0,0,0,,19,9:43,2,0,0,0,
492,2015-04-04,74,27-137,NYI,,BUF,W,0,0,0,1,2,0,0,0,0,0,0,0,0,,21,13:15,3,1,0,0,
493,2015-04-10,75,27-143,NYI,@,PIT,W,0,1,1,2,0,0,0,0,0,0,0,1,1,0.0,29,15:42,7,1,0,0,
494,2015-04-11,76,27-144,NYI,,CBJ,L-SO,0,0,0,-1,2,0,0,0,0,0,0,0,2,0.0,20,14:11,8,1,0,0,
495,2015-10-09,1,27-325,NYI,,CHI,L-OT,0,0,0,0,0,0,0,0,0,0,0,0,1,0.0,22,12:12,3,2,0,0,
496,2015-10-10,2,27-326,NYI,@,CHI,L,1,0,1,1,0,0,0,1,0,0,0,0,3,33.3,20,13:41,4,0,0,0,
497,2015-10-12,3,27-328,NYI,,WPG,W,0,0,0,0,0,0,0,0,0,0,0,0,0,,18,11:53,4,1,0,0,
498,2015-10-15,4,27-331,NYI,,NSH,W,0,0,0,0,0,0,0,0,0,0,0,0,0,,22,11:02,5,0,0,0,
499,2015-10-17,5,27-333,NYI,,SJS,W,0,0,0,-1,0,0,0,0,0,0,0,0,1,0.0,18,11:25,2,0,0,0,
500,2015-10-20,6,27-336,NYI,@,CBJ,W,1,0,1,1,0,1,0,0,0,0,0,0,1,100.0,23,14:10,5,0,0,0,
501,2015-10-23,7,27-339,NYI,,BOS,L,0,0,0,0,2,0,0,0,0,0,0,0,1,0.0,18,10:38,1,0,0,0,
502,2015-10-24,8,27-340,NYI,@,STL,W,0,0,0,0,0,0,0,0,0,0,0,0,1,0.0,20,12:28,3,0,0,0,
503,2015-10-26,9,27-342,NYI,,CGY,W,1,0,1,1,0,1,0,0,0,0,0,0,3,33.3,19,11:27,0,0,1,0,100.0
504,2015-10-29,10,27-345,NYI,,CAR,L-OT,0,0,0,0,0,0,0,0,0,0,0,0,0,,18,12:58,6,1,0,0,
505,2015-10-31,11,27-347,NYI,@,NJD,L-SO,0,0,0,0,2,0,0,0,0,0,0,0,0,,20,10:45,1,0,0,0,
506,2015-11-01,12,27-348,NYI,,BUF,L,0,1,1,0,0,0,0,0,0,1,0,0,0,,15,10:37,6,0,0,0,
507,2015-11-03,13,27-350,NYI,,NJD,W,0,0,0,1,0,0,0,0,0,0,0,0,1,0.0,23,13:33,9,0,0,0,
508,2015-11-05,14,27-352,NYI,@,MTL,L,0,0,0,-1,0,0,0,0,0,0,0,0,0,,18,11:38,9,2,0,0,
509,2015-11-08,15,27-355,NYI,,BOS,L,0,0,0,0,0,0,0,0,0,0,0,0,2,0.0,16,9:39,3,0,0,0,
510,2015-11-10,16,27-357,NYI,@,SJS,W,0,0,0,0,0,0,0,0,0,0,0,0,1,0.0,22,12:49,7,0,0,0,
511,2015-11-12,17,27-359,NYI,@,LAK,L,0,0,0,0,0,0,0,0,0,0,0,0,1,0.0,16,10:23,7,2,0,0,
512,2015-11-13,18,27-360,NYI,@,ANA,W,1,0,1,1,0,1,0,0,1,0,0,0,1,100.0,16,10:39,4,0,0,0,
513,2015-11-16,19,27-363,NYI,,ARI,W,0,0,0,-1,0,0,0,0,0,0,0,0,2,0.0,22,13:51,5,1,0,0,
514,2015-11-20,20,28-002,NYI,,MTL,L,0,0,0,-1,2,0,0,0,0,0,0,0,0,,15,7:22,6,0,0,0,
515,2015-11-22,21,28-004,NYI,@,MTL,L,0,0,0,0,0,0,0,0,0,0,0,0,1,0.0,18,10:43,2,1,0,0,
516,2015-11-25,22,28-007,NYI,,PHI,W,0,1,1,1,0,0,0,0,0,0,0,1,3,0.0,21,11:19,1,0,0,0,
517,2015-11-27,23,28-009,NYI,@,FLA,L-SO,0,0,0,0,0,0,0,0,0,0,0,0,1,0.0,15,11:52,3,0,0,0,
518,2015-11-28,24,28-010,NYI,@,TBL,W,1,0,1,1,0,1,0,0,0,0,0,0,2,50.0,21,12:43,5,1,0,0,
519,2015-11-30,25,28-012,NYI,,COL,W,1,0,1,1,0,1,0,0,0,0,0,0,4,25.0,22,11:32,8,0,0,0,
520,2015-12-02,26,28-014,NYI,,NYR,W,0,0,0,0,0,0,0,0,0,0,0,0,0,,21,13:02,7,2,0,0,
521,2015-12-04,27,28-016,NYI,,STL,W,0,0,0,-1,0,0,0,0,0,0,0,0,0,,20,11:09,3,0,0,0,
522,2015-12-05,28,28-017,NYI,@,OTT,L-OT,0,0,0,0,2,0,0,0,0,0,0,0,1,0.0,20,14:07,5,0,0,0,
523,2015-12-08,29,28-020,NYI,@,PHI,W,0,0,0,0,0,0,0,0,0,0,0,0,0,,13,8:16,1,1,0,0,
524,2015-12-13,30,28-025,NYI,,NJD,W,0,0,0,1,0,0,0,0,0,0,0,0,0,,19,13:44,6,0,0,0,
525,2015-12-15,31,28-027,NYI,,FLA,L,0,0,0,-1,0,0,0,0,0,0,0,0,1,0.0,20,10:35,6,0,0,0,
526,2015-12-17,32,28-029,NYI,@,COL,L,0,0,0,0,0,0,0,0,0,0,0,0,1,0.0,15,9:56,4,0,0,0,
527,2015-12-19,33,28-031,NYI,@,ARI,L,0,0,0,0,2,0,0,0,0,0,0,0,0,,19,12:27,6,0,0,0,
528,2015-12-21,34,28-033,NYI,,ANA,W,1,0,1,1,0,1,0,0,0,0,0,0,1,100.0,18,10:43,1,0,0,0,
529,2015-12-27,35,28-039,NYI,,TOR,L,0,0,0,0,0,0,0,0,0,0,0,0,1,0.0,16,9:54,6,0,0,0,
530,2015-12-29,36,28-041,NYI,@,TOR,W,0,1,1,0,0,0,0,0,0,1,0,0,1,0.0,20,11:08,2,1,0,0,
531,2015-12-31,37,28-043,NYI,@,BUF,W,0,0,0,0,0,0,0,0,0,0,0,0,1,0.0,20,11:37,4,0,0,0,
532,2016-01-02,38,28-045,NYI,@,PIT,L,0,0,0,0,0,0,0,0,0,0,0,0,1,0.0,5,1:45,1,0,0,0,
533,2016-01-03,39,28-046,NYI,,DAL,W,2,0,2,2,0,1,0,1,1,0,0,0,3,66.7,19,12:05,4,0,0,0,
534,2016-01-07,40,28-050,NYI,,WSH,L,0,0,0,0,0,0,0,0,0,0,0,0,0,,17,11:59,6,0,0,0,
535,2016-01-09,41,28-052,NYI,@,PHI,L,0,0,0,0,0,0,0,0,0,0,0,0,0,,21,13:41,6,0,0,0,
536,2016-01-12,42,28-055,NYI,,CBJ,W,0,0,0,0,0,0,0,0,0,0,0,0,0,,21,13:04,2,0,0,0,
537,2016-01-14,43,28-057,NYI,,NYR,W,0,0,0,0,2,0,0,0,0,0,0,0,2,0.0,20,10:44,3,0,0,0,
538,2016-01-17,44,28-060,NYI,,VAN,L-SO,0,0,0,0,0,0,0,0,0,0,0,0,0,,20,12:12,4,0,0,0,
539,2016-01-22,45,28-065,NYI,@,OTT,W,1,0,1,1,0,1,0,0,0,0,0,0,1,100.0,18,10:55,1,0,0,0,
540,2016-01-25,46,28-068,NYI,,DET,L,0,0,0,0,0,0,0,0,0,0,0,0,2,0.0,15,10:55,3,1,0,0,
541,2016-02-02,47,28-076,NYI,,MIN,W,0,0,0,0,0,0,0,0,0,0,0,0,1,0.0,23,12:46,5,1,0,0,
542,2016-02-04,48,28-078,NYI,@,WSH,L,0,0,0,0,0,0,0,0,0,0,0,0,0,,16,11:26,3,0,0,0,
543,2016-02-06,49,28-080,NYI,@,DET,L,0,0,0,-1,0,0,0,0,0,0,0,0,1,0.0,18,12:14,3,0,0,0,
544,2016-02-07,50,28-081,NYI,,EDM,W,1,1,2,0,0,1,0,0,0,1,0,0,2,50.0,19,12:17,1,1,0,0,
545,2016-02-09,51,28-083,NYI,@,CBJ,W,0,0,0,0,0,0,0,0,0,0,0,0,2,0.0,18,10:37,1,0,0,0,
546,2016-02-11,52,28-085,NYI,,LAK,W,0,1,1,2,0,0,0,0,0,1,0,0,2,0.0,20,12:41,4,0,0,0,
547,2016-02-15,53,28-089,NYI,,DET,W,0,1,1,0,0,0,0,0,0,1,0,0,2,0.0,20,11:04,1,0,0,1,0.0
548,2016-02-18,54,28-092,NYI,,WSH,L-OT,0,0,0,0,2,0,0,0,0,0,0,0,1,0.0,17,11:32,2,1,0,0,
549,2016-02-19,55,28-093,NYI,@,NJD,W,0,0,0,1,0,0,0,0,0,0,0,0,1,0.0,17,10:59,3,1,0,0,
550,2016-02-23,56,28-097,NYI,@,MIN,W,0,0,0,0,0,0,0,0,0,0,0,0,1,0.0,24,14:12,3,1,0,0,
551,2016-02-25,57,28-099,NYI,@,CGY,W,0,0,0,0,0,0,0,0,0,0,0,0,0,,23,14:09,4,1,0,0,
552,2016-02-28,58,28-102,NYI,@,EDM,L,0,1,1,0,0,0,0,0,0,1,0,0,3,0.0,17,11:04,3,0,0,0,
553,2016-03-01,59,28-104,NYI,@,VAN,W,0,0,0,0,0,0,0,0,0,0,0,0,1,0.0,18,11:39,4,1,0,0,
554,2016-03-03,60,28-106,NYI,@,WPG,W,0,0,0,-1,0,0,0,0,0,0,0,0,0,,22,14:17,2,1,0,0,
555,2016-03-06,61,28-109,NYI,@,NYR,W,1,0,1,0,0,1,0,0,1,0,0,0,1,100.0,23,13:32,3,1,0,0,
556,2016-03-08,62,28-111,NYI,,PIT,W,0,0,0,0,0,0,0,0,0,0,0,0,1,0.0,20,13:46,4,1,0,0,
557,2016-03-09,63,28-112,NYI,@,TOR,L-SO,0,0,0,0,0,0,0,0,0,0,0,0,1,0.0,23,15:32,5,0,0,0,
558,2016-03-12,64,28-115,NYI,@,BOS,L,0,0,0,0,0,0,0,0,0,0,0,0,2,0.0,18,11:38,4,0,0,1,0.0
559,2016-03-14,65,28-117,NYI,,FLA,W,1,0,1,1,0,1,0,0,1,0,0,0,1,100.0,19,14:39,5,1,0,0,
560,2016-03-15,66,28-118,NYI,@,PIT,L-SO,0,0,0,-1,0,0,0,0,0,0,0,0,0,,20,12:40,9,0,0,0,
561,2016-03-17,67,28-120,NYI,@,NSH,L,0,0,0,-1,2,0,0,0,0,0,0,0,0,,20,12:35,2,0,0,0,
562,2016-03-19,68,28-122,NYI,@,DAL,L,0,0,0,0,2,0,0,0,0,0,0,0,2,0.0,20,12:15,2,0,0,0,
563,2016-03-21,69,28-124,NYI,,PHI,L,0,0,0,0,2,0,0,0,0,0,0,0,0,,22,13:18,2,0,0,0,
564,2016-03-23,70,28-126,NYI,,OTT,W,0,0,0,1,0,0,0,0,0,0,0,0,1,0.0,19,13:31,2,0,0,0,
565,2016-03-25,71,28-128,NYI,@,TBL,L,0,0,0,-2,0,0,0,0,0,0,0,0,0,,18,11:53,4,2,0,0,
566,2016-03-26,72,28-129,NYI,@,CAR,W,2,0,2,2,0,2,0,0,1,0,0,0,2,100.0,24,14:04,1,1,0,0,
567,2016-03-29,73,28-132,NYI,,CAR,W,0,0,0,0,0,0,0,0,0,0,0,0,1,0.0,21,12:33,4,0,0,0,
568,2016-03-31,74,28-134,NYI,,CBJ,W,0,0,0,0,0,0,0,0,0,0,0,0,3,0.0,22,12:19,2,0,0,0,
569,2016-04-02,75,28-136,NYI,,PIT,L,0,0,0,0,2,0,0,0,0,0,0,0,1,0.0,20,10:56,5,1,0,0,
570,2016-04-04,76,28-138,NYI,,TBL,W,0,1,1,0,0,0,0,0,0,1,0,0,1,0.0,20,12:28,5,3,0,0,
571,2016-04-10,77,28-144,NYI,,PHI,L,0,0,0,-1,0,0,0,0,0,0,0,0,0,,17,13:39,0,0,0,0,
572,2016-10-13,1,28-330,NYI,@,NYR,L,1,0,1,2,0,1,0,0,0,0,0,0,2,50.0,26,14:53,5,1,0,0,
573,2016-10-15,2,28-332,NYI,@,WSH,L,0,0,0,0,0,0,0,0,0,0,0,0,1,0.0,28,15:38,5,2,0,0,
574,2016-10-16,3,28-333,NYI,,ANA,W,0,2,2,0,4,0,0,0,0,2,0,0,2,0.0,27,16:01,3,0,0,0,
575,2016-10-18,4,28-335,NYI,,SJS,L,0,0,0,0,0,0,0,0,0,0,0,0,2,0.0,28,16:57,3,0,0,0,
576,2016-10-21,5,28-338,NYI,,ARI,W,0,1,1,0,0,0,0,0,0,1,0,0,1,0.0,24,15:50,4,0,1,0,100.0
577,2016-10-23,6,28-340,NYI,,MIN,W,0,0,0,-1,2,0,0,0,0,0,0,0,3,0.0,23,17:32,6,1,0,0,
578,2016-10-26,7,28-343,NYI,,MTL,L,0,0,0,0,0,0,0,0,0,0,0,0,1,0.0,21,16:27,4,0,0,0,
579,2016-10-27,8,28-344,NYI,@,PIT,L,0,0,0,-1,2,0,0,0,0,0,0,0,0,,21,12:19,2,0,0,1,0.0
580,2016-10-30,9,28-347,NYI,,TOR,W,0,1,1,2,0,0,0,0,0,1,0,0,3,0.0,22,15:30,0,0,0,0,
581,2016-11-01,10,28-349,NYI,,TBL,L,0,0,0,-1,0,0,0,0,0,0,0,0,1,0.0,22,14:57,2,0,0,1,0.0
582,2016-11-03,11,28-351,NYI,,PHI,L-SO,0,0,0,0,0,0,0,0,0,0,0,0,2,0.0,20,14:37,5,1,0,0,
583,2016-11-05,12,28-353,NYI,,EDM,L-SO,0,1,1,1,0,0,0,0,0,1,0,0,4,0.0,24,19:40,3,0,0,0,
584,2016-11-07,13,28-355,NYI,,VAN,W,1,0,1,1,0,1,0,0,1,0,0,0,2,50.0,21,14:52,6,2,0,0,
585,2016-11-10,14,28-358,NYI,@,TBL,L,0,0,0,-1,0,0,0,0,0,0,0,0,2,0.0,24,19:08,5,0,0,0,
586,2016-11-12,15,28-360,NYI,@,FLA,L-OT,0,0,0,-2,0,0,0,0,0,0,0,0,0,,28,17:14,3,2,0,0,
587,2016-11-14,16,28-362,NYI,,TBL,L,0,0,0,-1,0,0,0,0,0,0,0,0,1,0.0,24,20:24,8,0,0,0,
588,2016-11-18,17,29-000,NYI,,PIT,L-OT,0,0,0,0,0,0,0,0,0,0,0,0,1,0.0,23,14:24,3,0,0,0,
589,2016-11-22,18,29-004,NYI,@,ANA,W,0,0,0,0,0,0,0,0,0,0,0,0,1,0.0,13,6:37,1,0,0,0,
590,2016-11-25,19,29-007,NYI,@,SJS,L,0,0,0,-1,0,0,0,0,0,0,0,0,4,0.0,23,14:38,4,0,0,0,
591,2016-11-28,20,29-010,NYI,,CGY,W,0,0,0,0,2,0,0,0,0,0,0,0,2,0.0,20,15:13,3,0,0,0,
592,2016-11-30,21,29-012,NYI,,PIT,W,0,0,0,2,0,0,0,0,0,0,0,0,2,0.0,26,14:44,3,1,0,0,
593,2016-12-01,22,29-013,NYI,@,WSH,W,0,0,0,0,0,0,0,0,0,0,0,0,0,,23,15:20,1,0,0,0,
594,2016-12-04,23,29-016,NYI,,DET,L-OT,0,1,1,1,0,0,0,0,0,1,0,0,0,,20,12:47,2,0,0,0,
595,2016-12-06,24,29-018,NYI,,NYR,W,0,1,1,1,0,0,0,0,0,1,0,0,2,0.0,25,15:34,3,0,0,0,
596,2016-12-08,25,29-020,NYI,,STL,W,0,0,0,1,0,0,0,0,0,0,0,0,4,0.0,20,14:30,5,0,0,0,
597,2016-12-10,26,29-022,NYI,@,CBJ,L,0,0,0,0,0,0,0,0,0,0,0,0,1,0.0,21,14:00,0,0,0,0,
598,2016-12-13,27,29-025,NYI,,WSH,L,0,1,1,2,2,0,0,0,0,1,0,0,3,0.0,23,12:33,4,0,0,0,
599,2016-12-15,28,29-027,NYI,,CHI,L,0,0,0,0,0,0,0,0,0,0,0,0,2,0.0,19,11:34,4,1,1,0,100.0
600,2016-12-16,29,29-028,NYI,@,BUF,L-OT,0,1,1,1,2,0,0,0,0,1,0,0,1,0.0,24,11:51,3,1,0,0,
601,2016-12-18,30,29-030,NYI,,OTT,L,0,0,0,-1,2,0,0,0,0,0,0,0,0,,19,11:19,6,0,0,0,
602,2016-12-20,31,29-032,NYI,@,BOS,W,0,0,0,1,0,0,0,0,0,0,0,0,2,0.0,20,11:22,6,1,0,0,
603,2016-12-23,32,29-035,NYI,,BUF,W,0,1,1,1,0,0,0,0,0,1,0,0,1,0.0,21,15:31,3,0,0,0,
604,2016-12-27,33,29-039,NYI,,WSH,W,1,0,1,0,0,1,0,0,0,0,0,0,4,25.0,18,13:59,4,1,0,0,
605,2016-12-29,34,29-041,NYI,@,MIN,L,0,0,0,-1,0,0,0,0,0,0,0,0,1,0.0,21,13:50,6,0,0,0,
606,2016-12-31,35,29-043,NYI,@,WPG,W,0,1,1,0,0,0,0,0,0,0,1,0,1,0.0,23,11:50,2,1,0,0,
607,2017-01-06,36,29-049,NYI,@,COL,L-OT,0,0,0,0,0,0,0,0,0,0,0,0,2,0.0,25,15:20,0,0,0,0,
608,2017-01-07,37,29-050,NYI,@,ARI,L-SO,0,0,0,-1,0,0,0,0,0,0,0,0,2,0.0,22,14:45,2,0,0,0,
609,2017-01-11,38,29-054,NYI,,FLA,L,0,1,1,0,0,0,0,0,0,1,0,0,3,0.0,21,14:35,3,0,0,0,
610,2017-01-13,39,29-056,NYI,@,FLA,W,0,0,0,0,0,0,0,0,0,0,0,0,4,0.0,26,17:54,1,0,0,0,
611,2017-01-14,40,29-057,NYI,@,CAR,L,0,0,0,0,0,0,0,0,0,0,0,0,0,,20,16:11,4,0,0,0,
612,2017-01-22,41,29-065,NYI,,PHI,L-OT,0,0,0,0,2,0,0,0,0,0,0,0,1,0.0,23,17:07,3,0,0,1,0.0
613,2017-01-24,42,29-067,NYI,,CBJ,W,0,0,0,-1,0,0,0,0,0,0,0,0,3,0.0,20,14:57,5,0,0,0,
614,2017-01-26,43,29-069,NYI,,MTL,W,0,0,0,0,0,0,0,0,0,0,0,0,1,0.0,11,8:59,5,0,0,0,
615,2017-02-03,44,29-077,NYI,@,DET,L,0,0,0,-1,0,0,0,0,0,0,0,0,1,0.0,9,5:46,0,0,0,0,
616,2017-02-21,45,29-095,NYI,@,DET,W,0,0,0,0,0,0,0,0,0,0,0,0,0,,14,9:14,2,1,0,0,
617,2017-03-02,46,29-104,NYI,@,DAL,W,0,0,0,0,0,0,0,0,0,0,0,0,0,,19,12:41,4,1,0,0,
618,2017-03-03,47,29-105,NYI,@,CHI,L-SO,0,0,0,-1,0,0,0,0,0,0,0,0,1,0.0,21,12:53,5,0,0,0,
619,2017-03-05,48,29-107,NYI,@,CGY,L,0,0,0,-1,0,0,0,0,0,0,0,0,2,0.0,18,10:48,2,1,0,0,
620,2017-03-07,49,29-109,NYI,@,EDM,W,0,0,0,0,2,0,0,0,0,0,0,0,1,0.0,21,14:56,5,1,0,0,
621,2017-03-09,50,29-111,NYI,@,VAN,W,0,0,0,-1,0,0,0,0,0,0,0,0,3,0.0,19,11:40,4,1,0,0,
622,2017-03-11,51,29-113,NYI,@,STL,L,0,1,1,0,0,0,0,0,0,1,0,0,3,0.0,17,11:42,7,0,0,0,
623,2017-03-13,52,29-115,NYI,,CAR,L,0,1,1,0,4,0,0,0,0,1,0,0,1,0.0,20,12:10,3,0,0,0,
624,2017-03-14,53,29-116,NYI,@,CAR,W,0,1,1,1,2,0,0,0,0,1,0,0,4,0.0,22,13:47,5,1,0,0,
625,2017-03-16,54,29-118,NYI,,WPG,L,0,0,0,-1,0,0,0,0,0,0,0,0,0,,18,13:00,2,0,0,0,
626,2017-03-18,55,29-120,NYI,,CBJ,L-OT,0,0,0,-1,0,0,0,0,0,0,0,0,2,0.0,17,11:32,3,0,0,0,
627,2017-03-22,56,29-124,NYI,@,NYR,W,0,0,0,0,0,0,0,0,0,0,0,0,4,0.0,27,14:11,1,1,0,0,
628,2017-03-24,57,29-126,NYI,@,PIT,W,0,0,0,-1,0,0,0,0,0,0,0,0,2,0.0,21,13:48,6,1,0,0,
629,2017-03-25,58,29-127,NYI,,BOS,L,0,0,0,0,0,0,0,0,0,0,0,0,0,,20,14:02,1,0,0,0,
630,2017-03-27,59,29-129,NYI,,NSH,L,0,0,0,0,0,0,0,0,0,0,0,0,2,0.0,21,14:22,4,0,0,0,
631,2017-03-30,60,29-132,NYI,@,PHI,L,1,0,1,2,2,1,0,0,0,0,0,0,3,33.3,17,11:00,4,0,0,0,
632,2017-03-31,61,29-133,NYI,,NJD,W,0,0,0,0,0,0,0,0,0,0,0,0,1,0.0,20,11:56,2,0,0,0,
633,2017-04-02,62,29-135,NYI,@,BUF,W,1,0,1,0,0,1,0,0,0,0,0,0,2,50.0,23,16:01,2,0,0,0,
634,2017-04-04,63,29-137,NYI,@,NSH,W,0,0,0,1,0,0,0,0,0,0,0,0,1,0.0,18,11:39,2,1,0,0,
635,2017-04-06,64,29-139,NYI,@,CAR,W,0,0,0,0,0,0,0,0,0,0,0,0,1,0.0,21,14:08,4,0,0,0,
636,2017-04-08,65,29-141,NYI,@,NJD,W,0,0,0,1,0,0,0,0,0,0,0,0,2,0.0,20,12:17,2,0,1,2,33.3
637,2017-04-09,66,29-142,NYI,,OTT,W,0,0,0,0,0,0,0,0,0,0,0,0,4,0.0,19,16:53,2,1,0,0,
638,2017-10-06,1,29-322,NYI,@,CBJ,L,0,0,0,-1,2,0,0,0,0,0,0,0,1,0.0,17,10:45,4,0,0,0,
639,2017-10-14,2,29-330,NYI,@,SJS,W,1,0,1,1,0,1,0,0,0,0,0,0,2,50.0,19,10:57,4,0,0,1,0.0
640,2017-10-15,3,29-331,NYI,@,LAK,L,0,1,1,1,0,0,0,0,0,1,0,0,0,,16,10:58,6,0,0,2,0.0
641,2017-10-19,4,29-335,NYI,@,NYR,W,0,0,0,0,0,0,0,0,0,0,0,0,1,0.0,20,13:54,2,0,0,0,
642,2017-10-21,5,29-337,NYI,,SJS,W,0,1,1,1,0,0,0,0,0,1,0,0,0,,17,13:31,4,1,0,1,0.0
643,2017-10-24,6,29-340,NYI,,ARI,W,0,0,0,-1,0,0,0,0,0,0,0,0,2,0.0,21,14:08,3,0,1,0,100.0
644,2017-10-26,7,29-342,NYI,@,MIN,L,0,1,1,0,0,0,0,0,0,1,0,0,1,0.0,20,13:11,2,0,0,0,
645,2017-10-28,8,29-344,NYI,@,NSH,W,0,0,0,0,0,0,0,0,0,0,0,0,1,0.0,19,11:50,1,2,0,0,
646,2017-10-30,9,29-346,NYI,,VEG,W,1,0,1,2,0,1,0,0,1,0,0,0,2,50.0,17,13:11,5,1,0,0,
647,2017-11-02,10,29-349,NYI,@,WSH,L,0,0,0,-2,0,0,0,0,0,0,0,0,1,0.0,21,11:20,1,1,0,0,
648,2017-11-05,11,29-352,NYI,,COL,W,0,0,0,1,0,0,0,0,0,0,0,0,2,0.0,16,11:54,2,0,0,0,
649,2017-11-07,12,29-354,NYI,,EDM,L-OT,0,0,0,0,0,0,0,0,0,0,0,0,2,0.0,19,13:10,2,0,1,0,100.0
650,2017-11-10,13,29-357,NYI,@,DAL,L,0,0,0,0,0,0,0,0,0,0,0,0,0,,19,14:22,1,2,0,0,
651,2017-11-11,14,29-358,NYI,@,STL,W,0,0,0,2,0,0,0,0,0,0,0,0,4,0.0,18,12:53,4,0,0,0,
652,2017-11-16,15,29-363,NYI,,CAR,W,1,1,2,2,2,0,0,1,0,1,0,0,4,25.0,19,12:36,4,0,0,0,
653,2017-11-22,16,30-004,NYI,,PHI,W,0,0,0,0,0,0,0,0,0,0,0,0,1,0.0,19,13:13,4,0,2,0,100.0
654,2017-11-24,17,30-006,NYI,@,PHI,W,1,0,1,0,0,1,0,0,0,0,0,0,2,50.0,17,12:03,6,0,0,0,
655,2017-11-25,18,30-007,NYI,@,OTT,W,0,0,0,0,2,0,0,0,0,0,0,0,1,0.0,22,15:05,3,1,0,0,
656,2017-11-28,19,30-010,NYI,,VAN,W,0,0,0,0,0,0,0,0,0,0,0,0,1,0.0,18,14:14,5,1,0,0,
657,2017-12-01,20,30-013,NYI,,OTT,L,0,1,1,2,0,0,0,0,0,1,0,0,2,0.0,20,12:21,3,0,0,1,0.0
658,2017-12-04,21,30-016,NYI,@,FLA,W,0,0,0,0,14,0,0,0,0,0,0,0,0,,15,10:36,4,0,1,0,100.0
659,2017-12-05,22,30-017,NYI,@,TBL,L,0,0,0,0,0,0,0,0,0,0,0,0,2,0.0,19,12:48,5,2,0,0,
660,2017-12-07,23,30-019,NYI,@,PIT,L-OT,0,0,0,0,0,0,0,0,0,0,0,0,0,,14,8:37,2,1,0,0,
661,2017-12-09,24,30-021,NYI,@,BOS,L,0,0,0,0,0,0,0,0,0,0,0,0,0,,15,8:33,1,2,0,0,
662,2017-12-11,25,30-023,NYI,,WSH,W,0,1,1,1,0,0,0,0,0,1,0,0,1,0.0,19,15:07,3,0,0,0,
663,2017-12-13,26,30-025,NYI,,DAL,L,0,0,0,-1,0,0,0,0,0,0,0,0,4,0.0,15,11:53,2,1,0,0,
664,2017-12-14,27,30-026,NYI,@,CBJ,L,0,0,0,0,0,0,0,0,0,0,0,0,0,,20,12:32,1,1,0,0,
665,2017-12-16,28,30-028,NYI,,LAK,W,0,0,0,-1,2,0,0,0,0,0,0,0,2,0.0,19,10:57,3,0,0,0,
666,2017-12-19,29,30-031,NYI,,DET,L,0,0,0,-1,0,0,0,0,0,0,0,0,3,0.0,20,14:47,4,0,0,0,
667,2017-12-21,30,30-033,NYI,,ANA,L-OT,0,0,0,0,0,0,0,0,0,0,0,0,0,,22,15:57,8,0,0,0,
668,2017-12-23,31,30-035,NYI,,WPG,W,0,0,0,-1,0,0,0,0,0,0,0,0,1,0.0,22,14:01,6,0,0,1,0.0
669,2017-12-27,32,30-039,NYI,,BUF,W,0,1,1,0,2,0,0,0,0,1,0,0,2,0.0,20,11:39,4,1,0,0,
670,2017-12-29,33,30-041,NYI,@,WPG,L,0,0,0,0,0,0,0,0,0,0,0,0,2,0.0,22,13:14,1,2,0,0,
671,2017-12-31,34,30-043,NYI,@,COL,L,0,0,0,-1,0,0,0,0,0,0,0,0,1,0.0,21,14:48,3,1,0,0,
672,2018-01-02,35,30-045,NYI,,BOS,L,0,0,0,-1,0,0,0,0,0,0,0,0,0,,15,12:05,3,1,0,0,
673,2018-01-04,36,30-047,NYI,@,PHI,L,2,0,2,3,12,2,0,0,0,0,0,0,2,100.0,21,14:30,3,1,0,0,
674,2018-01-05,37,30-048,NYI,,PIT,L,0,0,0,-1,0,0,0,0,0,0,0,0,1,0.0,17,13:19,1,1,0,0,
675,2018-01-07,38,30-050,NYI,,NJD,W,1,0,1,-1,0,1,0,0,0,0,0,0,3,33.3,21,15:05,2,1,0,0,
676,2018-01-13,39,30-056,NYI,@,NYR,W,1,0,1,0,0,1,0,0,0,0,0,0,3,33.3,20,15:02,4,4,0,1,0.0
677,2018-01-15,40,30-058,NYI,@,MTL,W,0,0,0,1,0,0,0,0,0,0,0,0,2,0.0,17,11:14,4,0,0,1,0.0
678,2018-01-16,41,30-059,NYI,,NJD,L,0,0,0,0,0,0,0,0,0,0,0,0,3,0.0,15,16:06,2,0,0,0,
679,2018-01-18,42,30-061,NYI,,BOS,L,0,0,0,-2,0,0,0,0,0,0,0,0,1,0.0,17,11:23,4,0,0,0,
680,2018-01-20,43,30-063,NYI,@,CHI,W,0,0,0,-1,0,0,0,0,0,0,0,0,3,0.0,21,13:34,3,1,0,0,
681,2018-01-22,44,30-065,NYI,@,ARI,L-OT,0,0,0,-1,0,0,0,0,0,0,0,0,2,0.0,19,14:48,3,1,0,0,
682,2018-01-25,45,30-068,NYI,@,VEG,W,0,1,1,1,0,0,0,0,0,1,0,0,5,0.0,18,12:08,1,2,0,0,
683,2018-01-30,46,30-073,NYI,,FLA,L,0,0,0,-3,0,0,0,0,0,0,0,0,2,0.0,15,12:31,3,1,0,0,
684,2018-01-31,47,30-074,NYI,@,TOR,L,0,0,0,0,0,0,0,0,0,0,0,0,2,0.0,17,13:03,2,0,0,0,
685,2018-02-03,48,30-077,NYI,,CBJ,W,0,0,0,-1,0,0,0,0,0,0,0,0,0,,19,14:12,5,1,0,0,
686,2018-02-05,49,30-079,NYI,,NSH,L-OT,0,0,0,1,0,0,0,0,0,0,0,0,0,,17,12:45,1,0,0,0,
687,2018-02-08,50,30-082,NYI,@,BUF,L,0,1,1,1,0,0,0,0,0,1,0,0,2,0.0,16,13:18,5,0,0,1,0.0
688,2018-02-09,51,30-083,NYI,,DET,W,0,0,0,0,0,0,0,0,0,0,0,0,1,0.0,15,12:19,3,0,0,0,
689,2018-02-11,52,30-085,NYI,,CGY,L,0,0,0,0,0,0,0,0,0,0,0,0,0,,15,9:57,2,0,0,0,
690,2018-02-13,53,30-087,NYI,,CBJ,L,0,0,0,-1,0,0,0,0,0,0,0,0,3,0.0,19,14:13,5,0,0,1,0.0
691,2018-02-15,54,30-089,NYI,,NYR,W,0,0,0,1,0,0,0,0,0,0,0,0,1,0.0,22,13:10,1,1,0,0,
692,2018-02-16,55,30-090,NYI,@,CAR,W,0,0,0,0,0,0,0,0,0,0,0,0,0,,19,14:52,3,4,0,1,0.0
693,2018-02-19,56,30-093,NYI,,MIN,L,0,0,0,1,0,0,0,0,0,0,0,0,0,,17,10:43,5,0,0,0,
694,2018-02-22,57,30-096,NYI,@,TOR,L-SO,0,0,0,0,0,0,0,0,0,0,0,0,1,0.0,23,15:28,4,0,0,0,
695,2018-02-24,58,30-098,NYI,@,NJD,L,0,0,0,0,0,0,0,0,0,0,0,0,2,0.0,16,10:25,3,0,0,0,
696,2018-02-28,59,30-102,NYI,@,MTL,L,0,0,0,-1,2,0,0,0,0,0,0,0,1,0.0,13,11:23,7,2,0,0,
697,2018-03-02,60,30-104,NYI,,MTL,L,0,0,0,-2,0,0,0,0,0,0,0,0,0,,18,13:26,5,0,0,0,
698,2018-03-03,61,30-105,NYI,@,PIT,L-OT,0,0,0,0,2,0,0,0,0,0,0,0,0,,16,14:33,3,2,0,0,
699,2018-03-05,62,30-107,NYI,@,VAN,L-OT,0,0,0,0,0,0,0,0,0,0,0,0,1,0.0,17,13:44,3,0,0,0,
700,2018-03-08,63,30-110,NYI,@,EDM,L-SO,0,0,0,-1,7,0,0,0,0,0,0,0,0,,18,13:02,5,1,0,0,
701,2018-03-11,64,30-113,NYI,@,CGY,W,0,0,0,2,0,0,0,0,0,0,0,0,0,,21,12:45,2,2,0,0,
702,2018-03-15,65,30-117,NYI,,WSH,L,0,0,0,-2,2,0,0,0,0,0,0,0,2,0.0,16,12:18,1,1,0,0,
703,2018-03-16,66,30-118,NYI,@,WSH,L,0,0,0,0,2,0,0,0,0,0,0,0,1,0.0,14,6:50,2,0,0,1,0.0
704,2018-03-18,67,30-120,NYI,,CAR,L,0,0,0,-1,0,0,0,0,0,0,0,0,2,0.0,15,11:08,2,0,1,0,100.0
705,2018-03-22,68,30-124,NYI,,TBL,L,0,0,0,-3,0,0,0,0,0,0,0,0,1,0.0,17,11:47,2,1,0,0,
706,2018-03-24,69,30-126,NYI,,CHI,L,0,0,0,0,0,0,0,0,0,0,0,0,2,0.0,14,11:42,0,0,0,0,
707,2018-03-26,70,30-128,NYI,,FLA,L,0,0,0,0,0,0,0,0,0,0,0,0,0,,15,14:35,2,2,0,0,
708,2018-03-27,71,30-129,NYI,@,OTT,W,0,0,0,0,2,0,0,0,0,0,0,0,0,,17,13:46,3,0,0,0,
709,2018-03-30,72,30-132,NYI,,TOR,L,0,0,0,0,0,0,0,0,0,0,0,0,2,0.0,17,14:22,1,3,0,0,
710,2018-03-31,73,30-133,NYI,@,NJD,L,0,0,0,-1,0,0,0,0,0,0,0,0,0,,8,8:06,0,0,0,1,0.0
711,2018-04-03,74,30-136,NYI,,PHI,W,0,0,0,0,0,0,0,0,0,0,0,0,0,,15,13:24,2,0,1,0,100.0
712,2018-04-05,75,30-138,NYI,,NYR,W,0,0,0,0,0,0,0,0,0,0,0,0,1,0.0,18,15:13,1,0,0,0,
713,2018-04-07,76,30-140,NYI,@,DET,W,0,1,1,1,0,0,0,0,0,1,0,0,1,0.0,15,12:38,0,0,0,0,
714,2018-10-04,1,30-320,NYI,@,CAR,W,0,0,0,-1,0,0,0,0,0,0,0,0,1,0.0,24,14:15,2,1,0,1,0.0
715,2018-10-06,2,30-322,NYI,,NSH,L,0,0,0,0,0,0,0,0,0,0,0,0,0,,17,12:17,2,1,0,2,0.0
716,2018-10-08,3,30-324,NYI,,SJS,W,0,0,0,2,2,0,0,0,0,0,0,0,0,,24,14:02,5,1,0,2,0.0
717,2018-10-13,4,30-329,NYI,@,NSH,L,0,0,0,-1,0,0,0,0,0,0,0,0,1,0.0,17,12:32,2,0,1,0,100.0
718,2018-10-17,5,30-333,NYI,@,ANA,L,0,0,0,0,0,0,0,0,0,0,0,0,2,0.0,21,16:19,1,1,2,0,100.0
719,2018-10-18,6,30-334,NYI,@,LAK,W,0,1,1,2,0,0,0,0,0,1,0,0,3,0.0,21,15:55,0,2,0,0,
720,2018-10-20,7,30-336,NYI,@,SJS,L,0,0,0,-1,12,0,0,0,0,0,0,0,0,,17,11:50,4,0,0,1,0.0
721,2018-10-24,8,30-340,NYI,,FLA,L-OT,0,0,0,0,0,0,0,0,0,0,0,0,2,0.0,23,13:17,1,0,0,1,0.0
722,2018-10-27,9,30-343,NYI,@,PHI,W,0,0,0,0,0,0,0,0,0,0,0,0,0,,11,6:22,5,0,1,1,50.0
723,2018-11-01,10,30-348,NYI,,PIT,W,0,0,0,0,0,0,0,0,0,0,0,0,1,0.0,15,10:50,2,0,0,0,
724,2018-11-03,11,30-350,NYI,,NJD,W,0,0,0,0,2,0,0,0,0,0,0,0,1,0.0,19,13:13,3,0,0,1,0.0
725,2018-11-05,12,30-352,NYI,,MTL,L-SO,0,1,1,0,0,0,0,0,0,1,0,0,0,,18,14:15,3,0,0,1,0.0
726,2018-11-08,13,30-355,NYI,@,TBL,L,0,0,0,0,0,0,0,0,0,0,0,0,2,0.0,22,12:21,3,0,0,0,
727,2018-11-10,14,30-357,NYI,@,FLA,L,0,0,0,-1,0,0,0,0,0,0,0,0,1,0.0,15,12:16,0,0,2,0,100.0
728,2018-11-13,15,30-360,NYI,,VAN,W,1,0,1,-1,10,0,1,0,0,0,0,0,3,33.3,19,16:22,1,0,1,0,100.0
729,2018-11-15,16,30-362,NYI,,NYR,W,1,0,1,-1,0,1,0,0,0,0,0,0,1,100.0,21,14:01,2,0,1,0,100.0
730,2018-11-18,17,31-000,NYI,,DAL,L,0,0,0,-1,0,0,0,0,0,0,0,0,0,,19,13:57,3,0,2,1,66.7
731,2018-11-23,18,31-005,NYI,@,NJD,W,0,0,0,-1,0,0,0,0,0,0,0,0,0,,13,10:47,2,0,0,0,
732,2018-11-24,19,31-006,NYI,,CAR,W,0,0,0,0,0,0,0,0,0,0,0,0,1,0.0,16,11:54,5,2,2,0,100.0
733,2018-11-26,20,31-008,NYI,,WSH,L,0,0,0,-1,0,0,0,0,0,0,0,0,1,0.0,18,13:36,2,0,0,0,
734,2018-11-29,21,31-011,NYI,@,BOS,L-SO,0,0,0,0,0,0,0,0,0,0,0,0,1,0.0,20,14:39,3,0,0,2,0.0
735,2018-12-01,22,31-013,NYI,,CBJ,W,0,0,0,0,0,0,0,0,0,0,0,0,1,0.0,21,17:02,6,0,1,0,100.0
736,2018-12-04,23,31-016,NYI,,WPG,L,0,0,0,0,0,0,0,0,0,0,0,0,4,0.0,20,14:34,1,0,0,0,
737,2018-12-06,24,31-018,NYI,@,PIT,L,0,0,0,-1,2,0,0,0,0,0,0,0,2,0.0,20,14:10,3,0,0,0,
738,2018-12-08,25,31-020,NYI,@,DET,W,0,1,1,2,2,0,0,0,0,1,0,0,0,,25,16:43,6,0,0,0,
739,2018-12-10,26,31-022,NYI,,PIT,L-SO,0,0,0,0,2,0,0,0,0,0,0,0,2,0.0,21,16:46,3,0,0,0,
740,2018-12-12,27,31-024,NYI,,VEG,L,0,0,0,0,0,0,0,0,0,0,0,0,0,,18,12:42,3,2,0,0,
741,2018-12-15,28,31-027,NYI,,DET,W,0,1,1,0,2,0,0,0,0,1,0,0,0,,14,9:21,3,1,0,0,
742,2018-12-17,29,31-029,NYI,@,COL,W,0,0,0,0,0,0,0,0,0,0,0,0,0,,24,15:26,2,1,0,0,
743,2018-12-18,30,31-030,NYI,@,ARI,W,0,0,0,-1,2,0,0,0,0,0,0,0,1,0.0,19,12:00,2,1,0,0,
744,2018-12-20,31,31-032,NYI,@,VEG,L,0,0,0,0,0,0,0,0,0,0,0,0,2,0.0,16,11:31,4,0,0,0,
745,2018-12-23,32,31-035,NYI,@,DAL,W,0,0,0,0,0,0,0,0,0,0,0,0,0,,4,3:16,1,1,0,0,
746,2018-12-29,33,31-041,NYI,@,TOR,W,0,0,0,0,0,0,0,0,0,0,0,0,1,0.0,24,14:24,2,2,0,2,0.0
747,2018-12-31,34,31-043,NYI,@,BUF,W,0,0,0,1,0,0,0,0,0,0,0,0,2,0.0,21,16:32,3,1,0,0,
748,2019-01-03,35,31-046,NYI,,CHI,W,0,0,0,-1,0,0,0,0,0,0,0,0,2,0.0,20,12:46,3,1,0,0,
749,2019-01-05,36,31-048,NYI,@,STL,W,0,1,1,2,0,0,0,0,0,1,0,0,1,0.0,23,13:55,3,0,0,0,
750,2019-01-08,37,31-051,NYI,,CAR,L,0,0,0,0,0,0,0,0,0,0,0,0,1,0.0,23,16:59,4,1,0,0,
751,2019-01-10,38,31-053,NYI,@,NYR,W,0,1,1,1,0,0,0,0,0,1,0,0,1,0.0,19,13:03,2,0,0,0,
752,2019-01-12,39,31-055,NYI,,NYR,L,0,0,0,0,0,0,0,0,0,0,0,0,0,,22,13:37,2,0,0,0,
753,2019-01-13,40,31-056,NYI,,TBL,W,1,1,2,1,0,1,0,0,1,1,0,0,2,50.0,23,14:23,0,1,0,0,
754,2019-01-15,41,31-058,NYI,,STL,W,0,0,0,0,0,0,0,0,0,0,0,0,4,0.0,21,17:44,6,2,0,0,
755,2019-01-17,42,31-060,NYI,,NJD,W,0,0,0,0,0,0,0,0,0,0,0,0,1,0.0,25,14:41,2,1,0,0,
756,2019-01-18,43,31-061,NYI,@,WSH,W,1,0,1,1,0,1,0,0,0,0,0,0,2,50.0,25,15:57,1,0,0,0,
757,2019-01-20,44,31-063,NYI,,ANA,W,2,0,2,1,0,1,1,0,1,0,0,0,3,66.7,26,16:17,2,1,0,0,
758,2019-01-22,45,31-065,NYI,@,CHI,L-SO,0,0,0,0,2,0,0,0,0,0,0,0,0,,20,13:39,3,0,0,0,
759,2019-02-01,46,31-075,NYI,,TBL,L-SO,0,0,0,0,0,0,0,0,0,0,0,0,0,,20,16:11,5,1,0,0,
760,2019-02-02,47,31-076,NYI,,LAK,W,0,1,1,2,0,0,0,0,0,1,0,0,2,0.0,23,17:18,5,0,0,0,
761,2019-02-05,48,31-079,NYI,@,BOS,L,0,0,0,-1,0,0,0,0,0,0,0,0,2,0.0,21,14:02,3,0,0,0,
762,2019-02-07,49,31-081,NYI,@,NJD,W,0,0,0,0,0,0,0,0,0,0,0,0,0,,11,7:16,4,0,0,0,
763,2019-02-12,50,31-086,NYI,@,BUF,L,0,1,1,1,0,0,0,0,0,1,0,0,2,0.0,19,14:38,2,0,0,0,
764,2019-02-14,51,31-088,NYI,@,CBJ,W,0,1,1,1,0,0,0,0,0,1,0,0,2,0.0,21,14:13,3,0,0,0,
765,2019-02-16,52,31-090,NYI,,EDM,W,0,0,0,1,0,0,0,0,0,0,0,0,1,0.0,22,14:16,2,0,0,0,
766,2019-02-20,53,31-094,NYI,@,CGY,L,0,0,0,0,2,0,0,0,0,0,0,0,0,,17,12:49,3,1,0,0,
767,2019-02-21,54,31-095,NYI,@,EDM,L-OT,1,0,1,0,0,0,1,0,0,0,0,0,1,100.0,20,16:21,1,3,0,0,
768,2019-02-23,55,31-097,NYI,@,VAN,W,1,0,1,2,0,1,0,0,0,0,0,0,2,50.0,22,16:29,5,0,0,0,
769,2019-02-26,56,31-100,NYI,,CGY,L,0,0,0,-1,2,0,0,0,0,0,0,0,0,,20,11:46,0,1,0,0,
770,2019-02-28,57,31-102,NYI,,TOR,W,0,2,2,2,0,0,0,0,0,1,0,1,1,0.0,23,14:44,4,1,0,0,
771,2019-03-01,58,31-103,NYI,,WSH,L,0,0,0,0,0,0,0,0,0,0,0,0,6,0.0,17,12:30,6,3,0,0,
772,2019-03-03,59,31-105,NYI,,PHI,L,0,0,0,0,0,0,0,0,0,0,0,0,2,0.0,12,7:40,2,1,0,0,
773,2019-03-11,60,31-113,NYI,,CBJ,W,0,1,1,1,0,0,0,0,0,1,0,0,1,0.0,21,16:33,1,1,0,0,
774,2019-03-14,61,31-116,NYI,,MTL,W,0,0,0,0,0,0,0,0,0,0,0,0,2,0.0,21,14:35,3,0,0,0,
775,2019-03-16,62,31-118,NYI,@,DET,L,0,0,0,-1,2,0,0,0,0,0,0,0,1,0.0,16,10:19,6,0,0,0,
776,2019-03-17,63,31-119,NYI,@,MIN,W,0,0,0,0,0,0,0,0,0,0,0,0,2,0.0,22,13:50,0,0,1,1,50.0
777,2019-03-19,64,31-121,NYI,,BOS,L,0,0,0,-1,0,0,0,0,0,0,0,0,0,,14,9:39,2,0,0,0,
778,2019-03-21,65,31-123,NYI,@,MTL,L,0,0,0,0,0,0,0,0,0,0,0,0,0,,22,14:02,3,0,0,0,
779,2019-03-23,66,31-125,NYI,@,PHI,W,0,0,0,-1,0,0,0,0,0,0,0,0,2,0.0,21,15:24,5,1,0,0,
780,2019-03-24,67,31-126,NYI,,ARI,W,0,0,0,0,0,0,0,0,0,0,0,0,1,0.0,20,17:12,5,1,1,0,100.0
781,2019-03-26,68,31-128,NYI,@,CBJ,L,0,0,0,-1,0,0,0,0,0,0,0,0,1,0.0,22,15:25,3,0,0,0,
782,2019-03-28,69,31-130,NYI,@,WPG,W,0,0,0,-1,0,0,0,0,0,0,0,0,5,0.0,24,18:13,2,2,0,1,0.0
783,2019-03-30,70,31-132,NYI,,BUF,W,0,1,1,1,0,0,0,0,0,1,0,0,0,,22,16:39,3,0,0,1,0.0
784,2019-04-01,71,31-134,NYI,,TOR,L,0,0,0,0,0,0,0,0,0,0,0,0,3,0.0,24,18:26,2,0,0,1,0.0
785,2019-04-04,72,31-137,NYI,@,FLA,W,0,0,0,0,0,0,0,0,0,0,0,0,3,0.0,23,20:26,5,0,0,0,
786,2019-04-06,73,31-139,NYI,@,WSH,W,0,1,1,1,0,0,0,0,0,1,0,0,0,,21,16:36,6,0,0,0,
787,2019-10-04,1,31-320,NYI,,WSH,L,0,0,0,0,0,0,0,0,0,0,0,0,1,0.0,19,13:22,2,0,0,0,
788,2019-10-06,2,31-322,NYI,,WPG,W,0,0,0,0,0,0,0,0,0,0,0,0,1,0.0,19,13:06,3,2,0,0,
789,2019-10-08,3,31-324,NYI,,EDM,L,0,0,0,1,0,0,0,0,0,0,0,0,0,,22,12:10,1,2,0,0,
790,2019-10-11,4,31-327,NYI,@,CAR,L,0,0,0,-1,0,0,0,0,0,0,0,0,0,,17,11:14,4,1,0,0,
791,2019-10-12,5,31-328,NYI,,FLA,W,0,0,0,0,0,0,0,0,0,0,0,0,3,0.0,25,16:16,1,1,0,0,
792,2019-10-14,6,31-330,NYI,,STL,W,0,0,0,0,0,0,0,0,0,0,0,0,3,0.0,13,9:11,3,1,0,0,
793,2019-10-17,7,31-333,NYI,@,WPG,W,0,0,0,1,0,0,0,0,0,0,0,0,0,,22,13:50,0,0,0,0,
794,2019-10-19,8,31-335,NYI,@,CBJ,W,0,0,0,0,0,0,0,0,0,0,0,0,0,,19,13:13,2,4,0,0,
795,2019-10-24,9,31-340,NYI,,ARI,W,0,0,0,1,0,0,0,0,0,0,0,0,1,0.0,24,15:25,3,0,0,0,
796,2019-10-25,10,31-341,NYI,@,OTT,W,0,1,1,2,14,0,0,0,0,1,0,0,0,,22,12:34,3,2,0,0,
797,2019-10-27,11,31-343,NYI,,PHI,W,0,1,1,1,0,0,0,0,0,1,0,0,1,0.0,27,16:06,9,2,0,0,
798,2019-11-01,12,31-348,NYI,,TBL,W,0,0,0,-1,2,0,0,0,0,0,0,0,1,0.0,24,16:22,6,0,1,0,100.0
799,2019-11-02,13,31-349,NYI,@,BUF,W,0,0,0,0,0,0,0,0,0,0,0,0,4,0.0,25,16:51,4,0,0,0,
800,2019-11-05,14,31-352,NYI,,OTT,W,1,1,2,2,0,1,0,0,0,0,0,1,2,50.0,23,16:48,4,2,0,0,
801,2019-11-07,15,31-354,NYI,,PIT,L-OT,1,0,1,2,0,0,0,1,0,0,0,0,1,100.0,25,16:32,3,2,0,0,
802,2019-11-09,16,31-356,NYI,,FLA,W,0,0,0,0,0,0,0,0,0,0,0,0,4,0.0,22,17:02,5,0,0,0,
803,2019-11-13,17,31-360,NYI,,TOR,W,0,1,1,1,0,0,0,0,0,1,0,0,0,,20,16:27,5,1,0,1,0.0
804,2019-11-16,18,31-363,NYI,@,PHI,W,0,0,0,0,0,0,0,0,0,0,0,0,2,0.0,17,15:26,2,0,1,1,50.0
805,2019-11-19,19,32-001,NYI,@,PIT,W,0,0,0,-1,0,0,0,0,0,0,0,0,1,0.0,21,14:22,3,1,0,0,
806,2019-11-21,20,32-003,NYI,,PIT,W,0,0,0,0,0,0,0,0,0,0,0,0,0,,13,9:45,5,3,0,0,
807,2019-11-23,21,32-005,NYI,@,SJS,L-OT,0,0,0,1,0,0,0,0,0,0,0,0,0,,21,12:33,6,0,0,1,0.0
808,2019-11-25,22,32-007,NYI,@,ANA,L,0,0,0,0,0,0,0,0,0,0,0,0,1,0.0,23,14:50,3,0,1,0,100.0
809,2019-11-27,23,32-009,NYI,@,LAK,L,0,0,0,0,2,0,0,0,0,0,0,0,0,,21,14:06,3,1,0,0,
810,2019-11-30,24,32-012,NYI,,CBJ,W,0,0,0,0,0,0,0,0,0,0,0,0,0,,22,17:30,6,1,0,0,
811,2019-12-02,25,32-014,NYI,@,DET,W,0,0,0,0,0,0,0,0,0,0,0,0,1,0.0,19,13:59,4,0,1,1,50.0
812,2019-12-03,26,32-015,NYI,@,MTL,L,0,0,0,0,0,0,0,0,0,0,0,0,1,0.0,3,2:02,0,1,0,0,
813,2019-12-05,27,32-017,NYI,,VEG,W,1,0,1,1,0,1,0,0,0,0,0,0,1,100.0,20,12:31,5,2,0,0,
814,2019-12-07,28,32-019,NYI,@,DAL,L,0,0,0,-1,0,0,0,0,0,0,0,0,2,0.0,19,12:01,3,1,0,0,
815,2019-12-09,29,32-021,NYI,@,TBL,W,0,0,0,0,2,0,0,0,0,0,0,0,0,,22,15:49,3,0,0,1,0.0
816,2019-12-12,30,32-024,NYI,@,FLA,W,0,0,0,0,0,0,0,0,0,0,0,0,2,0.0,20,16:53,0,2,0,0,
817,2019-12-14,31,32-026,NYI,,BUF,W,0,0,0,0,0,0,0,0,0,0,0,0,1,0.0,21,15:44,4,2,0,0,
818,2019-12-17,32,32-029,NYI,,NSH,L,0,0,0,-2,0,0,0,0,0,0,0,0,0,,22,14:36,3,1,0,0,
819,2019-12-19,33,32-031,NYI,@,BOS,W,0,0,0,0,0,0,0,0,0,0,0,0,0,,21,11:52,8,1,0,0,
820,2020-02-29,34,32-103,NYI,,BOS,L,0,0,0,0,2,0,0,0,0,0,0,0,0,,15,10:08,0,0,0,0,
821,2020-03-03,35,32-106,NYI,,MTL,L,0,0,0,0,0,0,0,0,0,0,0,0,0,,18,11:00,6,0,0,0,
822,2020-03-05,36,32-108,NYI,@,OTT,L,0,0,0,0,0,0,0,0,0,0,0,0,0,,12,5:55,2,0,0,0,
823,2020-03-10,37,32-113,NYI,@,VAN,L-SO,0,0,0,-1,0,0,0,0,0,0,0,0,1,0.0,16,9:12,3,2,0,0,
