,date_game,game_season,age,team_id,game_location,opp_id,game_result,goals,assists,points,plus_minus,pen_min,goals_ev,goals_pp,goals_sh,goals_gw,assists_ev,assists_pp,assists_sh,shots,shot_pct,shifts,time_on_ice,hits_all,blocks_all,faceoff_wins_all,faceoff_losses_all,faceoff_percentage_all
0,2014-11-22,1,21-271,CHI,@,EDM,W,0,0,0,0,0,0,0,0,0,0,0,0,0,,16,11:13,3,0,4,5,44.4
1,2014-11-23,2,21-272,CHI,@,VAN,L,0,0,0,0,0,0,0,0,0,0,0,0,2,0.0,13,7:47,0,0,2,9,18.2
2,2015-12-19,1,22-298,CHI,@,BUF,W,0,0,0,-1,0,0,0,0,0,0,0,0,1,0.0,20,11:20,0,0,7,4,63.6
3,2015-12-20,2,22-299,CHI,,SJS,W,0,1,1,1,0,0,0,0,0,1,0,0,1,0.0,23,11:55,1,0,7,8,46.7
4,2015-12-22,3,22-301,CHI,@,DAL,L,0,0,0,-1,0,0,0,0,0,0,0,0,2,0.0,21,14:59,1,0,3,7,30.0
5,2015-12-27,4,22-306,CHI,,CAR,L,0,0,0,-1,0,0,0,0,0,0,0,0,4,0.0,16,10:54,2,0,4,6,40.0
6,2015-12-29,5,22-308,CHI,@,ARI,W,0,1,1,0,0,0,0,0,0,1,0,0,1,0.0,22,12:10,1,1,8,11,42.1
7,2015-12-31,6,22-310,CHI,@,COL,W,0,1,1,0,0,0,0,0,0,1,0,0,4,0.0,22,14:34,1,0,8,8,50.0
8,2016-01-03,7,22-313,CHI,,OTT,W,0,1,1,1,0,0,0,0,0,1,0,0,0,,23,14:43,2,1,2,5,28.6
9,2016-01-05,8,22-315,CHI,@,PIT,W,0,0,0,0,0,0,0,0,0,0,0,0,1,0.0,23,15:22,0,2,5,12,29.4
10,2016-01-06,9,22-316,CHI,,PIT,W,0,0,0,1,0,0,0,0,0,0,0,0,1,0.0,20,14:05,1,0,8,3,72.7
11,2016-01-08,10,22-318,CHI,,BUF,W,1,0,1,0,0,1,0,0,1,0,0,0,3,33.3,19,13:09,2,1,5,9,35.7
12,2016-01-10,11,22-320,CHI,,COL,W,0,0,0,-1,0,0,0,0,0,0,0,0,0,,19,12:33,0,0,5,4,55.6
13,2016-01-12,12,22-322,CHI,,NSH,W,0,0,0,-1,0,0,0,0,0,0,0,0,2,0.0,18,11:54,0,1,3,6,33.3
14,2016-01-14,13,22-324,CHI,@,MTL,W,0,0,0,0,0,0,0,0,0,0,0,0,1,0.0,20,14:09,3,1,9,8,52.9
15,2016-01-15,14,22-325,CHI,@,TOR,W,0,0,0,0,0,0,0,0,0,0,0,0,1,0.0,16,11:37,1,0,5,7,41.7
16,2016-01-17,15,22-327,CHI,,MTL,W,0,0,0,0,0,0,0,0,0,0,0,0,1,0.0,21,15:32,1,2,7,3,70.0
17,2016-01-19,16,22-329,CHI,@,NSH,W,0,0,0,1,0,0,0,0,0,0,0,0,0,,20,13:23,0,0,5,4,55.6
18,2016-01-21,17,22-331,CHI,@,TBL,L,0,0,0,0,0,0,0,0,0,0,0,0,4,0.0,15,11:30,0,0,3,6,33.3
19,2016-01-22,18,22-332,CHI,@,FLA,L,0,0,0,0,0,0,0,0,0,0,0,0,0,,21,15:34,2,2,6,8,42.9
20,2016-01-24,19,22-334,CHI,,STL,W,0,0,0,0,0,0,0,0,0,0,0,0,2,0.0,22,12:26,3,0,5,6,45.5
21,2016-01-26,20,22-336,CHI,@,CAR,L,0,0,0,0,0,0,0,0,0,0,0,0,3,0.0,17,11:18,1,0,7,8,46.7
22,2016-02-02,21,22-343,CHI,@,COL,W,0,0,0,1,0,0,0,0,0,0,0,0,2,0.0,24,14:34,2,1,10,4,71.4
23,2016-02-04,22,22-345,CHI,@,ARI,W,0,0,0,-1,2,0,0,0,0,0,0,0,1,0.0,16,10:38,1,1,5,5,50.0
24,2016-02-06,23,22-347,CHI,@,DAL,W,0,0,0,-1,0,0,0,0,0,0,0,0,1,0.0,16,11:32,0,0,5,5,50.0
25,2016-02-09,24,22-350,CHI,,SJS,L,0,0,0,0,0,0,0,0,0,0,0,0,0,,16,10:22,0,2,5,5,50.0
26,2016-02-11,25,22-352,CHI,,DAL,L,0,0,0,0,0,0,0,0,0,0,0,0,4,0.0,18,13:15,1,1,3,10,23.1
27,2016-02-13,26,22-354,CHI,,ANA,L-OT,0,0,0,0,0,0,0,0,0,0,0,0,2,0.0,19,12:19,3,1,4,13,23.5
28,2016-02-15,27,22-356,CHI,,TOR,W,0,0,0,-1,0,0,0,0,0,0,0,0,4,0.0,18,13:45,1,0,6,9,40.0
29,2016-02-17,28,22-358,CHI,@,NYR,W,0,0,0,1,0,0,0,0,0,0,0,0,1,0.0,20,16:01,1,0,6,11,35.3
30,2016-02-21,29,22-362,CHI,@,MIN,L,0,0,0,-1,4,0,0,0,0,0,0,0,1,0.0,16,10:26,1,0,5,6,45.5
31,2016-02-25,30,23-001,CHI,,NSH,L,0,0,0,0,0,0,0,0,0,0,0,0,0,,15,9:26,1,0,2,5,28.6
32,2016-02-27,31,23-003,MTL,,TOR,W,0,0,0,-1,0,0,0,0,0,0,0,0,1,0.0,25,14:17,1,0,15,4,78.9
33,2016-02-29,32,23-005,MTL,@,SJS,L,0,1,1,-2,0,0,0,0,0,1,0,0,0,,21,13:04,2,0,8,6,57.1
34,2016-03-02,33,23-007,MTL,@,ANA,L-SO,0,0,0,0,0,0,0,0,0,0,0,0,0,,20,11:30,1,0,7,2,77.8
35,2016-03-03,34,23-008,MTL,@,LAK,L,0,0,0,0,0,0,0,0,0,0,0,0,1,0.0,19,13:14,0,1,6,3,66.7
36,2016-03-05,35,23-010,MTL,@,WPG,L,0,0,0,-1,0,0,0,0,0,0,0,0,2,0.0,18,13:00,0,0,3,3,50.0
37,2016-03-08,36,23-013,MTL,,DAL,W,1,0,1,1,0,1,0,0,0,0,0,0,2,50.0,20,14:52,3,1,9,3,75.0
38,2016-03-10,37,23-015,MTL,,BUF,W,0,0,0,0,0,0,0,0,0,0,0,0,0,,18,11:32,0,0,5,4,55.6
39,2016-03-12,38,23-017,MTL,,MIN,L,0,0,0,-1,2,0,0,0,0,0,0,0,2,0.0,20,10:38,0,2,4,4,50.0
40,2016-03-15,39,23-020,MTL,,FLA,L,0,0,0,0,0,0,0,0,0,0,0,0,1,0.0,20,13:15,0,0,2,7,22.2
41,2016-03-16,40,23-021,MTL,@,BUF,W,0,0,0,0,0,0,0,0,0,0,0,0,0,,15,8:37,0,0,4,3,57.1
42,2016-03-19,41,23-024,MTL,@,OTT,L,0,0,0,0,0,0,0,0,0,0,0,0,2,0.0,19,14:29,1,0,6,8,42.9
43,2016-03-20,42,23-025,MTL,,CGY,L,0,1,1,0,0,0,0,0,0,1,0,0,0,,22,13:01,0,1,3,1,75.0
44,2016-03-22,43,23-027,MTL,,ANA,W,0,0,0,0,0,0,0,0,0,0,0,0,1,0.0,22,13:44,0,0,0,4,0.0
45,2016-03-24,44,23-029,MTL,@,DET,L,0,0,0,0,4,0,0,0,0,0,0,0,1,0.0,18,11:48,0,0,3,4,42.9
46,2016-03-26,45,23-031,MTL,,NYR,L,1,0,1,1,0,1,0,0,0,0,0,0,1,100.0,20,12:30,0,0,2,1,66.7
47,2016-03-29,46,23-034,MTL,,DET,W,0,0,0,0,0,0,0,0,0,0,0,0,2,0.0,15,11:45,0,3,0,2,0.0
48,2016-03-31,47,23-036,MTL,@,TBL,W,1,0,1,2,2,1,0,0,0,0,0,0,3,33.3,21,11:57,0,2,0,0,
49,2016-04-02,48,23-038,MTL,@,FLA,L,0,0,0,0,0,0,0,0,0,0,0,0,0,,18,12:02,1,1,5,4,55.6
50,2016-04-05,49,23-041,MTL,,FLA,L,0,0,0,-1,0,0,0,0,0,0,0,0,1,0.0,22,14:03,3,0,1,0,100.0
51,2016-04-07,50,23-043,MTL,@,CAR,W,0,0,0,0,0,0,0,0,0,0,0,0,0,,21,14:49,0,0,1,2,33.3
52,2016-04-09,51,23-045,MTL,,TBL,W,0,0,0,0,0,0,0,0,0,0,0,0,4,0.0,16,11:05,0,0,0,1,0.0
53,2016-10-13,1,23-232,MTL,@,BUF,W,0,1,1,1,0,0,0,0,0,1,0,0,1,0.0,22,12:06,0,1,0,6,0.0
54,2016-10-15,2,23-234,MTL,@,OTT,L-SO,0,1,1,0,0,0,0,0,0,1,0,0,0,,15,9:59,0,1,0,1,0.0
55,2016-10-18,3,23-237,MTL,,PIT,W,0,0,0,0,0,0,0,0,0,0,0,0,0,,17,10:39,0,0,5,4,55.6
56,2016-10-20,4,23-239,MTL,,ARI,W,0,0,0,0,0,0,0,0,0,0,0,0,0,,18,13:46,1,2,3,4,42.9
57,2016-10-22,5,23-241,MTL,@,BOS,W,1,0,1,2,0,1,0,0,0,0,0,0,2,50.0,22,12:37,2,2,2,3,40.0
58,2016-10-24,6,23-243,MTL,,PHI,W,0,0,0,-1,0,0,0,0,0,0,0,0,3,0.0,19,14:57,2,0,3,1,75.0
59,2016-10-26,7,23-245,MTL,@,NYI,W,1,0,1,0,0,1,0,0,0,0,0,0,3,33.3,18,13:02,0,1,2,3,40.0
60,2016-10-27,8,23-246,MTL,,TBL,W,0,0,0,1,0,0,0,0,0,0,0,0,1,0.0,19,11:43,1,0,2,0,100.0
61,2016-10-29,9,23-248,MTL,,TOR,W,0,0,0,0,0,0,0,0,0,0,0,0,2,0.0,19,12:56,1,1,2,1,66.7
62,2016-11-02,10,23-252,MTL,,VAN,W,0,1,1,1,0,0,0,0,0,1,0,0,2,0.0,20,13:38,1,1,2,1,66.7
63,2016-11-04,11,23-254,MTL,@,CBJ,L,0,0,0,0,0,0,0,0,0,0,0,0,1,0.0,22,15:03,3,0,4,1,80.0
64,2016-11-05,12,23-255,MTL,,PHI,W,1,0,1,0,0,1,0,0,0,0,0,0,1,100.0,21,14:00,1,0,3,3,50.0
65,2016-11-08,13,23-258,MTL,,BOS,W,0,0,0,-1,0,0,0,0,0,0,0,0,1,0.0,21,13:33,0,2,1,5,16.7
66,2016-11-10,14,23-260,MTL,,LAK,W,1,0,1,1,2,1,0,0,0,0,0,0,2,50.0,21,14:22,1,2,7,2,77.8
67,2016-11-12,15,23-262,MTL,,DET,W,1,1,2,2,0,1,0,0,1,1,0,0,3,33.3,20,14:20,0,4,2,4,33.3
68,2016-11-13,16,23-263,MTL,@,CHI,L,0,0,0,-2,0,0,0,0,0,0,0,0,2,0.0,21,14:49,1,0,6,5,54.5
69,2016-11-15,17,23-265,MTL,,FLA,L-OT,0,0,0,-3,0,0,0,0,0,0,0,0,1,0.0,23,14:19,0,0,8,7,53.3
70,2016-11-18,18,23-268,MTL,@,CAR,L,0,0,0,0,0,0,0,0,0,0,0,0,0,,19,14:35,1,0,4,3,57.1
71,2016-11-19,19,23-269,MTL,,TOR,W,0,0,0,0,2,0,0,0,0,0,0,0,3,0.0,22,13:42,2,1,0,1,0.0
72,2016-11-22,20,23-272,MTL,,OTT,L,0,0,0,0,0,0,0,0,0,0,0,0,0,,19,10:55,1,0,7,2,77.8
73,2016-11-24,21,23-274,MTL,,CAR,W,0,0,0,0,0,0,0,0,0,0,0,0,2,0.0,21,14:12,2,2,2,3,40.0
74,2016-11-26,22,23-276,MTL,@,DET,W,0,0,0,0,2,0,0,0,0,0,0,0,1,0.0,17,11:14,1,2,2,5,28.6
75,2016-11-29,23,23-279,MTL,@,ANA,L,0,0,0,0,0,0,0,0,0,0,0,0,2,0.0,17,9:21,0,0,4,2,66.7
76,2016-12-02,24,23-282,MTL,@,SJS,L,0,0,0,0,0,0,0,0,0,0,0,0,2,0.0,14,10:14,0,0,1,4,20.0
77,2016-12-04,25,23-284,MTL,@,LAK,W,0,0,0,0,0,0,0,0,0,0,0,0,3,0.0,17,11:34,0,0,2,1,66.7
78,2016-12-06,26,23-286,MTL,@,STL,L-OT,0,0,0,-1,0,0,0,0,0,0,0,0,3,0.0,19,11:40,0,0,6,3,66.7
79,2016-12-08,27,23-288,MTL,,NJD,W,1,1,2,1,0,1,0,0,0,1,0,0,3,33.3,21,15:24,2,1,11,4,73.3
80,2016-12-10,28,23-290,MTL,,COL,W,0,1,1,1,0,0,0,0,0,1,0,0,2,0.0,22,14:48,1,0,8,2,80.0
81,2016-12-12,29,23-292,MTL,,BOS,L-OT,0,0,0,0,0,0,0,0,0,0,0,0,0,,21,13:10,2,0,5,5,50.0
82,2016-12-16,30,23-296,MTL,,SJS,L,0,0,0,-1,0,0,0,0,0,0,0,0,0,,25,18:38,0,1,10,5,66.7
83,2016-12-17,31,23-297,MTL,@,WSH,W,0,1,1,1,0,0,0,0,0,1,0,0,3,0.0,24,17:35,0,1,6,10,37.5
84,2016-12-20,32,23-300,MTL,,ANA,W,0,0,0,-1,0,0,0,0,0,0,0,0,1,0.0,22,15:00,1,0,8,9,47.1
85,2016-12-22,33,23-302,MTL,,MIN,L,0,1,1,-1,0,0,0,0,0,0,0,1,1,0.0,25,16:55,2,1,8,11,42.1
86,2016-12-23,34,23-303,MTL,@,CBJ,L,0,0,0,0,2,0,0,0,0,0,0,0,2,0.0,24,13:45,2,0,9,10,47.4
87,2016-12-28,35,23-308,MTL,@,TBL,L-OT,0,0,0,-2,0,0,0,0,0,0,0,0,1,0.0,24,15:05,0,1,4,11,26.7
88,2016-12-29,36,23-309,MTL,@,FLA,W,1,1,2,1,0,1,0,0,1,1,0,0,4,25.0,24,16:21,0,0,11,9,55.0
89,2016-12-31,37,23-311,MTL,@,PIT,L-OT,0,0,0,-1,2,0,0,0,0,0,0,0,1,0.0,27,17:14,4,2,12,6,66.7
90,2017-01-03,38,23-314,MTL,@,NSH,W,0,0,0,-1,0,0,0,0,0,0,0,0,2,0.0,29,17:43,1,0,17,6,73.9
91,2017-01-04,39,23-315,MTL,@,DAL,W,0,2,2,2,0,0,0,0,0,2,0,0,3,0.0,31,16:30,1,0,11,12,47.8
92,2017-01-07,40,23-318,MTL,@,TOR,W,0,1,1,1,0,0,0,0,0,0,1,0,3,0.0,29,21:31,2,2,9,11,45.0
93,2017-01-09,41,23-320,MTL,,WSH,L,0,0,0,-2,0,0,0,0,0,0,0,0,1,0.0,18,17:00,2,1,8,9,47.1
94,2017-01-11,42,23-322,MTL,@,WPG,W,2,0,2,0,2,2,0,0,1,0,0,0,2,100.0,25,20:16,0,0,12,8,60.0
95,2017-01-12,43,23-323,MTL,@,MIN,L,0,0,0,0,2,0,0,0,0,0,0,0,0,,22,17:14,0,0,6,7,46.2
96,2017-01-14,44,23-325,MTL,,NYR,W,0,3,3,1,0,0,0,0,0,3,0,0,0,,27,17:54,0,1,9,3,75.0
97,2017-01-16,45,23-327,MTL,@,DET,L,0,0,0,0,0,0,0,0,0,0,0,0,0,,24,15:06,2,0,4,7,36.4
98,2017-01-18,46,23-329,MTL,,PIT,L,0,0,0,-1,0,0,0,0,0,0,0,0,0,,22,15:07,1,0,6,5,54.5
99,2017-01-20,47,23-331,MTL,@,NJD,W,0,0,0,-1,0,0,0,0,0,0,0,0,1,0.0,20,15:38,0,0,7,6,53.8
100,2017-01-21,48,23-332,MTL,,BUF,L-OT,1,0,1,1,0,1,0,0,0,0,0,0,1,100.0,26,17:33,2,0,10,5,66.7
101,2017-01-24,49,23-335,MTL,,CGY,W,0,0,0,0,2,0,0,0,0,0,0,0,2,0.0,23,16:21,0,1,8,6,57.1
102,2017-01-26,50,23-337,MTL,@,NYI,L,0,0,0,-1,0,0,0,0,0,0,0,0,4,0.0,24,16:15,0,1,5,4,55.6
103,2017-01-31,51,23-342,MTL,,BUF,W,0,2,2,3,0,0,0,0,0,2,0,0,1,0.0,25,16:56,0,2,2,8,20.0
104,2017-02-02,52,23-344,MTL,@,PHI,L,0,0,0,0,0,0,0,0,0,0,0,0,0,,21,14:36,1,0,4,4,50.0
105,2017-02-04,53,23-346,MTL,,WSH,L,0,1,1,2,0,0,0,0,0,1,0,0,2,0.0,22,16:33,1,1,6,6,50.0
106,2017-02-05,54,23-347,MTL,,EDM,L-SO,0,0,0,0,0,0,0,0,0,0,0,0,1,0.0,24,19:13,1,1,5,6,45.5
107,2017-02-07,55,23-349,MTL,@,COL,L,0,0,0,-1,0,0,0,0,0,0,0,0,1,0.0,19,14:17,0,0,5,8,38.5
108,2017-02-09,56,23-351,MTL,@,ARI,W,0,2,2,1,2,0,0,0,0,2,0,0,3,0.0,25,18:23,1,1,11,10,52.4
109,2017-02-11,57,23-353,MTL,,STL,L,0,0,0,1,0,0,0,0,0,0,0,0,3,0.0,26,19:04,1,2,14,7,66.7
110,2017-02-12,58,23-354,MTL,@,BOS,L,0,0,0,0,0,0,0,0,0,0,0,0,1,0.0,26,18:15,3,2,7,14,33.3
111,2017-02-18,59,23-360,MTL,,WPG,L,0,0,0,-2,0,0,0,0,0,0,0,0,0,,20,15:41,3,1,6,7,46.2
112,2017-02-21,60,23-363,MTL,@,NYR,W,0,0,0,-1,0,0,0,0,0,0,0,0,2,0.0,27,19:45,2,0,10,9,52.6
113,2017-02-23,61,23-365,MTL,,NYI,L,0,0,0,-1,2,0,0,0,0,0,0,0,1,0.0,23,16:59,0,0,6,9,40.0
114,2017-02-25,62,24-001,MTL,@,TOR,W,0,0,0,0,0,0,0,0,0,0,0,0,1,0.0,24,17:41,2,0,9,9,50.0
115,2017-02-27,63,24-003,MTL,@,NJD,W,0,0,0,2,2,0,0,0,0,0,0,0,1,0.0,27,19:44,3,3,8,12,40.0
116,2017-02-28,64,24-004,MTL,,CBJ,W,0,0,0,0,0,0,0,0,0,0,0,0,4,0.0,25,19:48,1,1,3,14,17.6
117,2017-03-02,65,24-006,MTL,,NSH,W,0,0,0,0,0,0,0,0,0,0,0,0,2,0.0,26,19:14,2,0,9,15,37.5
118,2017-03-04,66,24-008,MTL,@,NYR,W,0,1,1,1,0,0,0,0,0,1,0,0,1,0.0,22,17:56,0,0,11,6,64.7
119,2017-03-07,67,24-011,MTL,@,VAN,W,0,0,0,0,2,0,0,0,0,0,0,0,2,0.0,26,19:35,0,0,20,8,71.4
120,2017-03-09,68,24-013,MTL,@,CGY,L,0,0,0,-1,0,0,0,0,0,0,0,0,0,,23,18:29,1,0,14,9,60.9
121,2017-03-12,69,24-016,MTL,@,EDM,W,0,1,1,1,0,0,0,0,0,1,0,0,1,0.0,21,16:36,1,1,6,11,35.3
122,2017-03-14,70,24-018,MTL,,CHI,L,0,0,0,0,0,0,0,0,0,0,0,0,0,,19,15:23,2,0,10,3,76.9
123,2017-03-18,71,24-022,MTL,@,OTT,W,1,1,2,0,4,1,0,0,0,1,0,0,4,25.0,27,16:41,0,0,5,8,38.5
124,2017-03-19,72,24-023,MTL,,OTT,W,0,1,1,0,0,0,0,0,0,0,1,0,2,0.0,24,16:31,1,0,7,4,63.6
125,2017-03-21,73,24-025,MTL,,DET,L-OT,0,0,0,0,0,0,0,0,0,0,0,0,2,0.0,22,18:10,1,0,6,5,54.5
126,2017-03-23,74,24-027,MTL,,CAR,L,0,0,0,-2,0,0,0,0,0,0,0,0,2,0.0,18,14:23,2,0,7,7,50.0
127,2017-03-25,75,24-029,MTL,,OTT,W,0,0,0,1,0,0,0,0,0,0,0,0,0,,22,17:56,0,1,8,6,57.1
128,2017-03-28,76,24-032,MTL,,DAL,W,0,1,1,2,0,0,0,0,0,1,0,0,4,0.0,23,17:08,0,0,13,9,59.1
129,2017-03-30,77,24-034,MTL,,FLA,W,1,0,1,1,0,1,0,0,0,0,0,0,3,33.3,20,15:57,0,0,8,6,57.1
130,2017-04-01,78,24-036,MTL,@,TBL,W,1,1,2,0,0,1,0,0,0,1,0,0,2,50.0,21,16:46,0,1,10,8,55.6
131,2017-04-03,79,24-038,MTL,@,FLA,W,0,1,1,1,7,0,0,0,0,1,0,0,1,0.0,15,12:09,0,0,3,5,37.5
132,2017-04-05,80,24-040,MTL,@,BUF,L,0,0,0,0,0,0,0,0,0,0,0,0,3,0.0,16,15:55,0,0,3,4,42.9
133,2017-04-07,81,24-042,MTL,,TBL,L,0,0,0,0,0,0,0,0,0,0,0,0,3,0.0,18,13:44,1,0,8,7,53.3
134,2017-04-08,82,24-043,MTL,@,DET,W,0,0,0,0,0,0,0,0,0,0,0,0,2,0.0,20,16:55,0,0,5,8,38.5
135,2017-10-05,1,24-223,MTL,@,BUF,W,1,0,1,1,0,0,0,1,0,0,0,0,3,33.3,23,17:19,1,0,10,8,55.6
136,2017-10-07,2,24-225,MTL,@,WSH,L,0,0,0,-2,0,0,0,0,0,0,0,0,3,0.0,20,15:17,1,0,4,5,44.4
137,2017-10-08,3,24-226,MTL,@,NYR,L,0,0,0,0,0,0,0,0,0,0,0,0,0,,19,16:07,0,1,4,7,36.4
138,2017-10-10,4,24-228,MTL,,CHI,L,0,0,0,0,2,0,0,0,0,0,0,0,1,0.0,17,12:07,1,0,9,5,64.3
139,2017-10-14,5,24-232,MTL,,TOR,L-OT,0,0,0,-1,0,0,0,0,0,0,0,0,1,0.0,22,14:33,1,2,10,5,66.7
140,2017-10-17,6,24-235,MTL,@,SJS,L,0,0,0,0,2,0,0,0,0,0,0,0,0,,19,15:07,1,0,4,3,57.1
141,2017-10-18,7,24-236,MTL,@,LAK,L,0,1,1,-1,0,0,0,0,0,1,0,0,1,0.0,22,17:50,4,0,5,5,50.0
142,2017-10-20,8,24-238,MTL,@,ANA,L,0,0,0,-2,0,0,0,0,0,0,0,0,4,0.0,30,21:55,2,0,9,17,34.6
143,2017-10-24,9,24-242,MTL,,FLA,W,0,1,1,0,0,0,0,0,0,1,0,0,2,0.0,23,16:02,1,0,6,8,42.9
144,2017-10-26,10,24-244,MTL,,LAK,L,0,0,0,-1,0,0,0,0,0,0,0,0,1,0.0,24,17:23,1,0,7,8,46.7
145,2017-10-28,11,24-246,MTL,,NYR,W,2,2,4,3,0,2,0,0,1,1,1,0,6,33.3,25,19:35,3,1,12,3,80.0
146,2017-10-30,12,24-248,MTL,@,OTT,W,0,1,1,1,0,0,0,0,0,1,0,0,3,0.0,27,17:48,1,2,8,11,42.1
147,2017-11-02,13,24-251,MTL,@,MIN,L,0,1,1,-2,2,0,0,0,0,1,0,0,3,0.0,21,15:08,0,0,6,7,46.2
148,2017-11-04,14,24-253,MTL,@,WPG,W,0,0,0,0,0,0,0,0,0,0,0,0,3,0.0,24,18:00,1,0,10,3,76.9
149,2017-11-05,15,24-254,MTL,@,CHI,W,0,1,1,1,0,0,0,0,0,1,0,0,4,0.0,25,19:23,2,1,8,5,61.5
150,2017-11-07,16,24-256,MTL,,VEG,W,0,0,0,1,0,0,0,0,0,0,0,0,1,0.0,23,19:19,2,0,11,8,57.9
151,2017-11-09,17,24-258,MTL,,MIN,L,0,0,0,-2,0,0,0,0,0,0,0,0,1,0.0,24,21:52,1,2,11,6,64.7
152,2017-11-11,18,24-260,MTL,,BUF,W,0,1,1,1,0,0,0,0,0,1,0,0,1,0.0,22,17:31,1,0,8,5,61.5
153,2017-11-14,19,24-263,MTL,,CBJ,L-OT,0,0,0,-1,0,0,0,0,0,0,0,0,5,0.0,24,18:41,0,0,4,6,40.0
154,2017-11-16,20,24-265,MTL,,ARI,L,0,0,0,-2,0,0,0,0,0,0,0,0,3,0.0,24,18:33,1,1,8,6,57.1
155,2017-11-18,21,24-267,MTL,,TOR,L,0,0,0,-2,0,0,0,0,0,0,0,0,2,0.0,25,19:14,3,1,7,4,63.6
156,2017-11-21,22,24-270,MTL,@,DAL,L,0,0,0,-2,0,0,0,0,0,0,0,0,2,0.0,28,19:07,0,1,10,11,47.6
157,2017-11-22,23,24-271,MTL,@,NSH,L-SO,0,1,1,1,0,0,0,0,0,1,0,0,2,0.0,29,20:23,4,0,10,7,58.8
158,2017-11-25,24,24-274,MTL,,BUF,W,0,0,0,0,0,0,0,0,0,0,0,0,1,0.0,25,17:23,4,1,5,12,29.4
159,2017-11-27,25,24-276,MTL,,CBJ,W,0,0,0,0,2,0,0,0,0,0,0,0,2,0.0,22,14:15,0,0,6,3,66.7
160,2017-11-29,26,24-278,MTL,,OTT,W,1,0,1,1,0,1,0,0,1,0,0,0,3,33.3,27,20:04,2,2,11,7,61.1
161,2017-11-30,27,24-279,MTL,@,DET,W,0,2,2,1,2,0,0,0,0,1,1,0,0,,25,17:55,1,0,4,10,28.6
162,2017-12-02,28,24-281,MTL,,DET,W,0,1,1,1,2,0,0,0,0,1,0,0,1,0.0,23,17:15,0,0,12,8,60.0
163,2017-12-05,29,24-284,MTL,,STL,L,0,0,0,1,2,0,0,0,0,0,0,0,0,,24,18:01,1,0,6,5,54.5
164,2017-12-07,30,24-286,MTL,,CGY,L-OT,1,0,1,0,2,1,0,0,0,0,0,0,3,33.3,24,18:47,0,1,5,7,41.7
165,2017-12-09,31,24-288,MTL,,EDM,L,1,0,1,1,0,1,0,0,0,0,0,0,4,25.0,21,13:23,2,1,7,6,53.8
166,2017-12-14,32,24-293,MTL,,NJD,W,0,1,1,1,0,0,0,0,0,1,0,0,3,0.0,21,15:47,2,1,6,5,54.5
167,2017-12-16,33,24-295,MTL,@,OTT,L,0,0,0,-1,2,0,0,0,0,0,0,0,0,,19,13:18,1,3,5,8,38.5
168,2017-12-19,34,24-298,MTL,@,VAN,W,1,1,2,1,0,1,0,0,0,1,0,0,1,100.0,16,12:16,1,1,4,4,50.0
169,2017-12-22,35,24-301,MTL,@,CGY,W,0,0,0,0,0,0,0,0,0,0,0,0,2,0.0,18,10:40,0,1,4,4,50.0
170,2017-12-23,36,24-302,MTL,@,EDM,L,0,0,0,-1,0,0,0,0,0,0,0,0,1,0.0,19,12:49,1,0,4,3,57.1
171,2017-12-27,37,24-306,MTL,@,CAR,L,0,0,0,0,0,0,0,0,0,0,0,0,0,,21,17:25,3,1,7,6,53.8
172,2017-12-28,38,24-307,MTL,@,TBL,L,0,0,0,0,2,0,0,0,0,0,0,0,1,0.0,21,16:10,1,1,5,5,50.0
173,2017-12-30,39,24-309,MTL,@,FLA,L,0,0,0,0,2,0,0,0,0,0,0,0,3,0.0,21,17:23,1,0,8,8,50.0
174,2018-01-02,40,24-312,MTL,,SJS,L,0,0,0,-1,0,0,0,0,0,0,0,0,3,0.0,20,16:09,0,0,6,6,50.0
175,2018-01-04,41,24-314,MTL,,TBL,W,0,0,0,1,0,0,0,0,0,0,0,0,3,0.0,24,15:49,0,1,8,7,53.3
176,2018-01-07,42,24-317,MTL,,VAN,W,0,1,1,1,0,0,0,0,0,1,0,0,1,0.0,24,16:56,0,0,12,7,63.2
177,2018-01-13,43,24-323,MTL,,BOS,L-SO,0,1,1,0,2,0,0,0,0,1,0,0,0,,14,10:24,0,1,4,4,50.0
178,2018-02-20,44,24-361,MTL,@,PHI,L-OT,0,0,0,1,2,0,0,0,0,0,0,0,1,0.0,21,15:05,0,3,4,2,66.7
179,2018-02-22,45,24-363,MTL,,NYR,W,1,0,1,2,0,1,0,0,0,0,0,0,4,25.0,23,16:12,0,0,8,6,57.1
180,2018-02-24,46,25-000,MTL,,TBL,L-SO,0,0,0,0,2,0,0,0,0,0,0,0,0,,21,18:23,0,2,15,7,68.2
181,2018-02-26,47,25-002,MTL,,PHI,L-SO,0,0,0,0,2,0,0,0,0,0,0,0,1,0.0,23,17:19,1,4,5,8,38.5
182,2018-02-28,48,25-004,MTL,,NYI,W,0,0,0,0,2,0,0,0,0,0,0,0,1,0.0,17,16:40,2,0,8,3,72.7
183,2018-03-02,49,25-006,MTL,@,NYI,W,0,0,0,-1,0,0,0,0,0,0,0,0,2,0.0,16,16:18,1,1,8,9,47.1
184,2018-03-03,50,25-007,MTL,@,BOS,L-OT,0,0,0,0,0,0,0,0,0,0,0,0,0,,22,14:09,1,0,5,12,29.4
185,2018-03-06,51,25-010,MTL,@,NJD,L,0,1,1,1,2,0,0,0,0,1,0,0,1,0.0,22,14:25,1,0,7,9,43.8
186,2018-03-10,52,25-014,MTL,@,TBL,L-SO,0,0,0,0,0,0,0,0,0,0,0,0,0,,17,13:40,1,1,10,6,62.5
187,2018-10-03,1,25-221,MTL,@,TOR,L-OT,0,0,0,0,0,0,0,0,0,0,0,0,3,0.0,26,16:19,1,2,12,12,50.0
188,2018-10-06,2,25-224,MTL,@,PIT,W,0,1,1,1,0,0,0,0,0,1,0,0,0,,26,18:16,1,0,7,10,41.2
189,2018-10-11,3,25-229,MTL,,LAK,L,0,0,0,0,0,0,0,0,0,0,0,0,0,,22,15:12,1,0,1,12,7.7
190,2018-10-13,4,25-231,MTL,,PIT,W,0,1,1,1,0,0,0,0,0,1,0,0,1,0.0,27,19:08,1,1,15,10,60.0
191,2018-10-15,5,25-233,MTL,,DET,W,0,1,1,2,0,0,0,0,0,1,0,0,2,0.0,20,13:29,0,1,8,7,53.3
192,2018-10-17,6,25-235,MTL,,STL,W,0,0,0,1,0,0,0,0,0,0,0,0,0,,23,17:15,2,1,5,6,45.5
193,2018-10-20,7,25-238,MTL,@,OTT,L-OT,1,0,1,-1,0,1,0,0,0,0,0,0,5,20.0,27,16:15,1,0,11,14,44.0
194,2018-10-23,8,25-241,MTL,,CGY,W,0,0,0,-1,0,0,0,0,0,0,0,0,1,0.0,27,17:26,2,1,11,6,64.7
195,2018-10-25,9,25-243,MTL,@,BUF,L,0,0,0,0,0,0,0,0,0,0,0,0,0,,25,17:33,1,0,16,8,66.7
196,2018-10-27,10,25-245,MTL,@,BOS,W,0,1,1,1,0,0,0,0,0,1,0,0,1,0.0,29,18:09,0,1,16,10,61.5
197,2018-10-30,11,25-248,MTL,,DAL,L,0,0,0,1,2,0,0,0,0,0,0,0,2,0.0,26,18:13,1,0,12,9,57.1
198,2018-11-01,12,25-250,MTL,,WSH,W,0,2,2,1,0,0,0,0,0,2,0,0,2,0.0,25,16:43,0,0,10,6,62.5
199,2018-11-03,13,25-252,MTL,,TBL,L,0,0,0,-2,0,0,0,0,0,0,0,0,0,,21,17:24,0,0,11,6,64.7
200,2018-11-05,14,25-254,MTL,@,NYI,W,0,0,0,-1,0,0,0,0,0,0,0,0,1,0.0,31,20:43,2,0,14,10,58.3
201,2018-11-06,15,25-255,MTL,@,NYR,L,0,1,1,0,4,0,0,0,0,1,0,0,1,0.0,25,15:18,1,0,5,9,35.7
202,2018-11-08,16,25-257,MTL,,BUF,L-OT,0,0,0,-3,0,0,0,0,0,0,0,0,3,0.0,26,17:20,0,1,7,14,33.3
203,2018-11-10,17,25-259,MTL,,VEG,W,0,1,1,1,0,0,0,0,0,1,0,0,0,,25,17:02,0,1,8,11,42.1
204,2018-11-13,18,25-262,MTL,@,EDM,L,0,0,0,-2,0,0,0,0,0,0,0,0,4,0.0,22,17:04,1,0,8,6,57.1
205,2018-11-15,19,25-264,MTL,@,CGY,W,0,1,1,1,0,0,0,0,0,1,0,0,1,0.0,25,17:38,1,0,16,9,64.0
206,2018-11-17,20,25-266,MTL,@,VAN,W,0,1,1,1,2,0,0,0,0,0,1,0,3,0.0,28,20:37,1,4,15,19,44.1
207,2018-11-19,21,25-268,MTL,,WSH,L-OT,0,1,1,1,2,0,0,0,0,1,0,0,3,0.0,30,22:21,2,1,11,14,44.0
208,2018-11-21,22,25-270,MTL,@,NJD,L,0,0,0,-2,0,0,0,0,0,0,0,0,2,0.0,22,17:14,1,0,5,5,50.0
209,2018-11-23,23,25-272,MTL,@,BUF,L-OT,0,1,1,0,0,0,0,0,0,1,0,0,3,0.0,29,17:59,0,0,13,9,59.1
210,2018-11-24,24,25-273,MTL,,BOS,L,0,0,0,-1,0,0,0,0,0,0,0,0,0,,26,17:17,2,0,9,10,47.4
211,2018-11-27,25,25-276,MTL,,CAR,L,1,0,1,1,0,1,0,0,0,0,0,0,4,25.0,21,16:33,3,1,9,7,56.3
212,2018-12-01,26,25-280,MTL,,NYR,W,0,0,0,1,2,0,0,0,0,0,0,0,3,0.0,19,15:34,0,0,8,7,53.3
213,2018-12-02,27,25-281,MTL,,SJS,L,0,0,0,0,0,0,0,0,0,0,0,0,1,0.0,23,17:59,2,3,13,6,68.4
214,2018-12-04,28,25-283,MTL,,OTT,W,0,0,0,1,0,0,0,0,0,0,0,0,3,0.0,25,18:45,1,0,6,10,37.5
215,2018-12-06,29,25-285,MTL,@,OTT,W,0,1,1,2,0,0,0,0,0,1,0,0,1,0.0,24,15:57,1,1,7,8,46.7
216,2018-12-09,30,25-288,MTL,@,CHI,W,0,0,0,0,0,0,0,0,0,0,0,0,0,,27,19:33,0,4,8,12,40.0
217,2018-12-11,31,25-290,MTL,@,MIN,L,0,0,0,-2,0,0,0,0,0,0,0,0,1,0.0,24,19:24,1,0,9,8,52.9
218,2018-12-13,32,25-292,MTL,,CAR,W,0,2,2,2,0,0,0,0,0,2,0,0,3,0.0,24,16:49,1,0,13,11,54.2
219,2018-12-15,33,25-294,MTL,,OTT,W,0,1,1,1,0,0,0,0,0,1,0,0,0,,25,18:06,1,0,16,8,66.7
220,2018-12-17,34,25-296,MTL,,BOS,L,0,0,0,0,2,0,0,0,0,0,0,0,0,,23,16:14,0,1,8,9,47.1
221,2018-12-19,35,25-298,MTL,@,COL,L,0,0,0,-1,0,0,0,0,0,0,0,0,2,0.0,29,17:33,2,1,11,16,40.7
222,2018-12-20,36,25-299,MTL,@,ARI,W,0,1,1,1,2,0,0,0,0,1,0,0,0,,23,16:21,2,0,10,8,55.6
223,2018-12-22,37,25-301,MTL,@,VEG,W,3,0,3,0,0,3,0,0,0,0,0,0,6,50.0,26,19:23,1,0,12,11,52.2
224,2018-12-28,38,25-307,MTL,@,FLA,W,0,0,0,1,9,0,0,0,0,0,0,0,1,0.0,24,16:20,1,1,8,8,50.0
225,2018-12-29,39,25-308,MTL,@,TBL,L,0,3,3,3,0,0,0,0,0,3,0,0,2,0.0,30,19:30,0,1,11,12,47.8
226,2018-12-31,40,25-310,MTL,@,DAL,W,2,0,2,2,0,2,0,0,0,0,0,0,6,33.3,25,16:52,1,0,13,6,68.4
227,2019-01-03,41,25-313,MTL,,VAN,W,0,0,0,0,2,0,0,0,0,0,0,0,0,,30,18:50,2,2,8,10,44.4
228,2019-01-05,42,25-315,MTL,,NSH,L,0,0,0,-1,0,0,0,0,0,0,0,0,1,0.0,29,19:24,3,3,17,13,56.7
229,2019-01-07,43,25-317,MTL,,MIN,L,0,0,0,0,0,0,0,0,0,0,0,0,0,,24,19:04,1,0,11,9,55.0
230,2019-01-08,44,25-318,MTL,@,DET,W,0,1,1,1,2,0,0,0,0,1,0,0,2,0.0,26,18:04,0,0,12,6,66.7
231,2019-01-10,45,25-320,MTL,@,STL,L,0,0,0,0,2,0,0,0,0,0,0,0,3,0.0,22,14:59,1,0,8,11,42.1
232,2019-01-12,46,25-322,MTL,,COL,W,0,2,2,2,0,0,0,0,0,1,0,1,1,0.0,23,19:24,0,0,15,6,71.4
233,2019-01-14,47,25-324,MTL,@,BOS,W,0,1,1,1,0,0,0,0,0,1,0,0,0,,30,20:24,1,1,17,12,58.6
234,2019-01-15,48,25-325,MTL,,FLA,W,1,0,1,2,0,1,0,0,1,0,0,0,1,100.0,26,18:30,1,1,17,9,65.4
235,2019-01-18,49,25-328,MTL,@,CBJ,W,0,1,1,-1,0,0,0,0,0,1,0,0,3,0.0,27,18:39,0,0,10,8,55.6
236,2019-01-19,50,25-329,MTL,,PHI,L,0,0,0,-1,0,0,0,0,0,0,0,0,1,0.0,23,18:05,5,2,12,7,63.2
237,2019-01-23,51,25-333,MTL,,ARI,W,0,0,0,1,0,0,0,0,0,0,0,0,2,0.0,26,19:11,1,1,10,9,52.6
238,2019-02-02,52,25-343,MTL,,NJD,L-OT,1,0,1,0,0,1,0,0,0,0,0,0,1,100.0,20,16:24,0,1,7,7,50.0
239,2019-02-03,53,25-344,MTL,,EDM,W,0,1,1,0,0,0,0,0,0,1,0,0,1,0.0,29,21:18,1,0,15,5,75.0
240,2019-02-05,54,25-346,MTL,,ANA,W,1,0,1,3,0,1,0,0,0,0,0,0,3,33.3,20,17:24,1,1,5,8,38.5
241,2019-02-07,55,25-348,MTL,,WPG,W,1,3,4,4,0,1,0,0,0,3,0,0,2,50.0,24,17:17,0,1,12,9,57.1
242,2019-02-09,56,25-350,MTL,,TOR,L-OT,0,0,0,-1,2,0,0,0,0,0,0,0,0,,29,18:50,3,1,10,11,47.6
243,2019-02-14,57,25-355,MTL,@,NSH,L,0,0,0,-3,0,0,0,0,0,0,0,0,2,0.0,26,15:23,1,0,8,8,50.0
244,2019-02-16,58,25-357,MTL,@,TBL,L,0,0,0,-1,2,0,0,0,0,0,0,0,1,0.0,27,18:47,2,1,11,7,61.1
245,2019-02-17,59,25-358,MTL,@,FLA,L,0,0,0,-2,2,0,0,0,0,0,0,0,1,0.0,23,14:15,2,0,9,5,64.3
246,2019-02-21,60,25-362,MTL,,PHI,W,0,1,1,1,0,0,0,0,0,1,0,0,1,0.0,24,16:15,1,0,12,7,63.2
247,2019-02-23,61,25-364,MTL,@,TOR,L,0,0,0,-1,0,0,0,0,0,0,0,0,1,0.0,25,18:24,1,2,13,10,56.5
248,2019-02-25,62,26-001,MTL,@,NJD,L,0,1,1,1,0,0,0,0,0,0,0,1,0,,25,20:41,0,1,21,8,72.4
249,2019-02-26,63,26-002,MTL,@,DET,W,0,1,1,2,0,0,0,0,0,1,0,0,1,0.0,26,18:38,0,1,16,5,76.2
250,2019-03-01,64,26-005,MTL,@,NYR,W,0,0,0,1,0,0,0,0,0,0,0,0,1,0.0,22,16:15,1,0,6,7,46.2
251,2019-03-02,65,26-006,MTL,,PIT,L,0,1,1,-1,0,0,0,0,0,1,0,0,3,0.0,26,17:43,1,0,13,9,59.1
252,2019-03-05,66,26-009,MTL,@,LAK,W,0,1,1,2,0,0,0,0,0,1,0,0,2,0.0,24,17:24,1,0,8,6,57.1
253,2019-03-07,67,26-011,MTL,@,SJS,L,0,0,0,-2,0,0,0,0,0,0,0,0,2,0.0,23,16:49,1,0,4,8,33.3
254,2019-03-08,68,26-012,MTL,@,ANA,L,0,1,1,-2,0,0,0,0,0,0,1,0,0,,25,19:02,2,0,12,4,75.0
255,2019-03-12,69,26-016,MTL,,DET,W,0,0,0,0,0,0,0,0,0,0,0,0,3,0.0,22,17:31,2,0,8,6,57.1
256,2019-03-14,70,26-018,MTL,@,NYI,L,0,0,0,-1,0,0,0,0,0,0,0,0,1,0.0,24,18:21,0,1,11,9,55.0
257,2019-03-16,71,26-020,MTL,,CHI,L,0,0,0,0,0,0,0,0,0,0,0,0,2,0.0,22,17:08,1,0,6,8,42.9
258,2019-03-19,72,26-023,MTL,@,PHI,W,0,0,0,1,2,0,0,0,0,0,0,0,2,0.0,22,18:33,3,2,10,11,47.6
259,2019-03-21,73,26-025,MTL,,NYI,W,0,0,0,0,0,0,0,0,0,0,0,0,3,0.0,22,16:15,2,1,9,3,75.0
260,2019-03-23,74,26-027,MTL,,BUF,W,0,2,2,3,0,0,0,0,0,2,0,0,1,0.0,26,16:15,2,0,13,8,61.9
261,2019-03-24,75,26-028,MTL,@,CAR,L-OT,0,0,0,0,0,0,0,0,0,0,0,0,2,0.0,26,19:35,4,1,12,12,50.0
262,2019-03-26,76,26-030,MTL,,FLA,W,1,0,1,2,0,1,0,0,0,0,0,0,1,100.0,22,16:05,0,0,13,9,59.1
263,2019-03-28,77,26-032,MTL,@,CBJ,L,0,1,1,-1,0,0,0,0,0,1,0,0,0,,25,17:21,1,1,12,6,66.7
264,2019-03-30,78,26-034,MTL,@,WPG,W,0,1,1,0,0,0,0,0,0,0,1,0,2,0.0,22,16:59,2,2,12,9,57.1
265,2019-04-02,79,26-037,MTL,,TBL,W,0,1,1,0,0,0,0,0,0,1,0,0,4,0.0,21,19:06,5,3,16,5,76.2
266,2019-04-04,80,26-039,MTL,@,WSH,L,0,1,1,0,0,0,0,0,0,0,1,0,1,0.0,25,20:55,1,0,10,7,58.8
267,2019-04-06,81,26-041,MTL,,TOR,W,0,0,0,-3,0,0,0,0,0,0,0,0,3,0.0,29,17:43,0,3,23,10,69.7
268,2019-10-03,1,26-221,MTL,@,CAR,L-SO,0,0,0,0,0,0,0,0,0,0,0,0,0,,27,20:00,1,0,7,11,38.9
269,2019-10-05,2,26-223,MTL,@,TOR,W,1,0,1,1,2,1,0,0,0,0,0,0,2,50.0,29,18:54,1,0,15,10,60.0
270,2019-10-09,3,26-227,MTL,@,BUF,L-OT,0,0,0,-1,2,0,0,0,0,0,0,0,1,0.0,25,17:37,0,0,9,9,50.0
271,2019-10-10,4,26-228,MTL,,DET,L,0,1,1,-2,0,0,0,0,0,1,0,0,1,0.0,26,17:35,5,0,12,12,50.0
272,2019-10-12,5,26-230,MTL,,STL,W,1,1,2,2,0,1,0,0,0,1,0,0,2,50.0,27,18:43,3,0,8,16,33.3
273,2019-10-15,6,26-233,MTL,,TBL,L,0,0,0,0,0,0,0,0,0,0,0,0,1,0.0,27,17:40,2,1,8,4,66.7
274,2019-10-17,7,26-235,MTL,,MIN,W,0,0,0,1,0,0,0,0,0,0,0,0,2,0.0,24,15:41,2,0,12,11,52.2
275,2019-10-19,8,26-237,MTL,@,STL,W,0,1,1,0,0,0,0,0,0,1,0,0,1,0.0,22,17:08,0,0,8,8,50.0
276,2019-10-20,9,26-238,MTL,@,MIN,L,2,0,2,1,0,2,0,0,0,0,0,0,3,66.7,24,17:25,0,0,9,13,40.9
277,2019-10-24,10,26-242,MTL,,SJS,L,0,0,0,-2,0,0,0,0,0,0,0,0,1,0.0,26,16:27,1,0,10,12,45.5
278,2019-10-26,11,26-244,MTL,,TOR,W,0,0,0,0,0,0,0,0,0,0,0,0,1,0.0,25,17:59,2,1,9,12,42.9
279,2019-10-30,12,26-248,MTL,@,ARI,W,0,1,1,2,0,0,0,0,0,1,0,0,1,0.0,27,17:13,1,2,13,7,65.0
280,2019-10-31,13,26-249,MTL,@,VEG,W,1,0,1,0,0,1,0,0,0,0,0,0,2,50.0,26,16:40,2,1,8,8,50.0
281,2019-11-02,14,26-251,MTL,@,DAL,L,0,0,0,0,0,0,0,0,0,0,0,0,1,0.0,24,14:18,3,2,8,7,53.3
282,2019-11-05,15,26-254,MTL,,BOS,W,0,0,0,1,0,0,0,0,0,0,0,0,3,0.0,29,19:28,3,0,11,10,52.4
283,2019-11-07,16,26-256,MTL,@,PHI,L-OT,0,1,1,1,0,0,0,0,0,1,0,0,1,0.0,30,20:21,2,0,13,8,61.9
284,2019-11-09,17,26-258,MTL,,LAK,W,0,0,0,0,0,0,0,0,0,0,0,0,4,0.0,26,21:52,1,0,12,8,60.0
285,2019-11-12,18,26-261,MTL,,CBJ,W,0,1,1,2,0,0,0,0,0,1,0,0,1,0.0,29,22:35,0,0,20,8,71.4
286,2019-11-15,19,26-264,MTL,@,WSH,W,1,2,3,3,0,1,0,0,0,2,0,0,2,50.0,24,19:29,2,1,12,8,60.0
287,2019-11-16,20,26-265,MTL,,NJD,L-OT,0,1,1,0,2,0,0,0,0,1,0,0,0,,28,20:28,3,0,15,10,60.0
288,2019-11-19,21,26-268,MTL,@,CBJ,L,0,1,1,0,0,0,0,0,0,1,0,0,2,0.0,25,17:56,0,0,12,8,60.0
289,2019-11-20,22,26-269,MTL,,OTT,L-OT,0,1,1,0,0,0,0,0,0,0,1,0,2,0.0,22,17:46,2,0,5,7,41.7
290,2019-11-23,23,26-272,MTL,,NYR,L,0,0,0,-2,2,0,0,0,0,0,0,0,0,,22,14:39,6,0,8,9,47.1
291,2019-11-26,24,26-275,MTL,,BOS,L,0,0,0,0,0,0,0,0,0,0,0,0,1,0.0,19,16:01,3,0,8,8,50.0
292,2019-11-28,25,26-277,MTL,,NJD,L,0,1,1,-1,0,0,0,0,0,1,0,0,1,0.0,26,17:18,6,0,10,5,66.7
293,2019-11-30,26,26-279,MTL,,PHI,L-OT,0,1,1,0,0,0,0,0,0,1,0,0,1,0.0,26,17:00,3,0,9,8,52.9
294,2019-12-01,27,26-280,MTL,@,BOS,L,0,0,0,-1,0,0,0,0,0,0,0,0,1,0.0,26,17:06,0,0,12,7,63.2
295,2019-12-03,28,26-282,MTL,,NYI,W,1,1,2,2,0,1,0,0,0,1,0,0,2,50.0,26,17:19,2,2,6,10,37.5
296,2019-12-05,29,26-284,MTL,,COL,L,0,1,1,0,0,0,0,0,0,1,0,0,3,0.0,30,24:38,2,2,7,12,36.8
297,2019-12-06,30,26-285,MTL,@,NYR,W,0,1,1,1,0,0,0,0,0,1,0,0,3,0.0,25,18:56,1,1,10,3,76.9
298,2019-12-10,31,26-289,MTL,@,PIT,W,0,1,1,0,0,0,0,0,0,0,1,0,1,0.0,28,17:30,1,0,5,7,41.7
299,2019-12-11,32,26-290,MTL,,OTT,W,0,1,1,1,0,0,0,0,0,1,0,0,0,,29,22:15,2,2,11,12,47.8
300,2019-12-14,33,26-293,MTL,,DET,L,0,0,0,0,0,0,0,0,0,0,0,0,3,0.0,21,18:09,0,0,13,5,72.2
301,2019-12-17,34,26-296,MTL,@,VAN,W,0,1,1,0,0,0,0,0,0,0,1,0,1,0.0,25,20:36,2,1,12,6,66.7
302,2019-12-19,35,26-298,MTL,@,CGY,W,0,0,0,0,2,0,0,0,0,0,0,0,3,0.0,26,19:33,3,1,16,7,69.6
303,2019-12-21,36,26-300,MTL,@,EDM,L,1,0,1,-1,2,0,1,0,0,0,0,0,2,50.0,26,19:45,2,1,8,10,44.4
304,2019-12-23,37,26-302,MTL,@,WPG,W,2,0,2,3,0,2,0,0,1,0,0,0,7,28.6,27,19:23,1,1,13,5,72.2
305,2019-12-28,38,26-307,MTL,@,TBL,L,0,1,1,0,0,0,0,0,0,1,0,0,3,0.0,26,22:11,0,1,20,8,71.4
306,2019-12-29,39,26-308,MTL,@,FLA,L,0,0,0,-1,2,0,0,0,0,0,0,0,1,0.0,27,23:23,2,1,18,15,54.5
307,2019-12-31,40,26-310,MTL,@,CAR,L,0,0,0,0,0,0,0,0,0,0,0,0,4,0.0,26,20:08,3,0,8,13,38.1
308,2020-01-02,41,26-312,MTL,,TBL,L,0,0,0,-1,0,0,0,0,0,0,0,0,2,0.0,25,19:57,2,0,11,6,64.7
309,2020-01-04,42,26-314,MTL,,PIT,L-OT,0,0,0,0,2,0,0,0,0,0,0,0,2,0.0,30,20:23,2,2,15,12,55.6
310,2020-01-06,43,26-316,MTL,,WPG,L,0,0,0,1,2,0,0,0,0,0,0,0,2,0.0,22,17:49,3,0,13,6,68.4
311,2020-01-07,44,26-317,MTL,@,DET,L,0,0,0,1,0,0,0,0,0,0,0,0,1,0.0,23,19:36,2,0,6,10,37.5
312,2020-01-09,45,26-319,MTL,,EDM,L,1,0,1,1,2,1,0,0,0,0,0,0,4,25.0,25,18:55,2,0,6,9,40.0
313,2020-01-11,46,26-321,MTL,@,OTT,W,0,0,0,1,0,0,0,0,0,0,0,0,3,0.0,28,23:21,0,0,17,9,65.4
314,2020-01-13,47,26-323,MTL,,CGY,W,0,0,0,0,0,0,0,0,0,0,0,0,4,0.0,30,22:00,0,0,11,7,61.1
315,2020-01-15,48,26-325,MTL,,CHI,L,1,0,1,0,0,1,0,0,0,0,0,0,3,33.3,23,20:13,1,0,8,10,44.4
316,2020-01-16,49,26-326,MTL,@,PHI,W,0,3,3,3,2,0,0,0,0,3,0,0,2,0.0,29,21:21,3,0,12,9,57.1
317,2020-01-18,50,26-328,MTL,,VEG,W,0,1,1,-1,0,0,0,0,0,1,0,0,6,0.0,30,20:10,1,1,14,7,66.7
318,2020-01-27,51,26-337,MTL,,WSH,L,0,0,0,-2,2,0,0,0,0,0,0,0,0,,24,19:58,0,2,11,7,61.1
319,2020-01-30,52,26-340,MTL,@,BUF,W,0,1,1,1,2,0,0,0,0,1,0,0,2,0.0,28,16:55,1,1,13,11,54.2
320,2020-02-01,53,26-342,MTL,,FLA,W,0,1,1,1,0,0,0,0,0,1,0,0,3,0.0,27,18:50,1,1,12,6,66.7
321,2020-02-02,54,26-343,MTL,,CBJ,L,0,0,0,-3,2,0,0,0,0,0,0,0,0,,22,19:46,2,1,6,8,42.9
322,2020-02-04,55,26-345,MTL,@,NJD,W,0,1,1,1,0,0,0,0,0,1,0,0,0,,30,20:57,4,0,10,9,52.6
323,2020-02-06,56,26-347,MTL,,ANA,W,0,0,0,1,0,0,0,0,0,0,0,0,1,0.0,26,20:21,1,0,7,9,43.8
324,2020-02-08,57,26-349,MTL,,TOR,W,0,0,0,0,0,0,0,0,0,0,0,0,1,0.0,29,21:50,2,1,6,7,46.2
325,2020-02-10,58,26-351,MTL,,ARI,L,0,1,1,1,0,0,0,0,0,1,0,0,1,0.0,10,6:51,0,0,2,3,40.0
326,2020-02-12,59,26-353,MTL,@,BOS,L,0,0,0,-1,0,0,0,0,0,0,0,0,0,,26,18:33,2,0,8,8,50.0
327,2020-02-14,60,26-355,MTL,@,PIT,L,0,0,0,0,0,0,0,0,0,0,0,0,2,0.0,23,17:23,1,0,9,3,75.0
328,2020-02-15,61,26-356,MTL,,DAL,L-OT,0,0,0,-1,0,0,0,0,0,0,0,0,1,0.0,24,16:10,2,0,4,10,28.6
329,2020-02-18,62,26-359,MTL,@,DET,L,0,0,0,0,2,0,0,0,0,0,0,0,0,,20,15:15,1,1,4,8,33.3
330,2020-02-20,63,26-361,MTL,@,WSH,W,0,1,1,2,0,0,0,0,0,1,0,0,0,,24,17:53,0,2,12,7,63.2
331,2020-02-22,64,26-363,MTL,@,OTT,W,0,0,0,0,0,0,0,0,0,0,0,0,2,0.0,24,17:10,1,2,10,5,66.7
332,2020-02-25,65,27-001,MTL,,VAN,L-OT,0,1,1,1,0,0,0,0,0,1,0,0,4,0.0,30,20:07,3,0,7,5,58.3
333,2020-02-27,66,27-003,MTL,,NYR,L,0,1,1,1,0,0,0,0,0,1,0,0,6,0.0,25,19:37,0,0,14,10,58.3
334,2020-02-29,67,27-005,MTL,,CAR,W,1,1,2,2,2,1,0,0,0,1,0,0,1,100.0,24,20:00,0,1,12,8,60.0
335,2020-03-03,68,27-008,MTL,@,NYI,W,0,2,2,2,0,0,0,0,0,2,0,0,1,0.0,23,18:13,1,0,9,14,39.1
336,2020-03-05,69,27-010,MTL,@,TBL,L,0,0,0,-1,0,0,0,0,0,0,0,0,1,0.0,26,21:05,1,1,14,8,63.6
337,2020-03-07,70,27-012,MTL,@,FLA,L,0,0,0,-2,0,0,0,0,0,0,0,0,4,0.0,30,19:50,3,0,9,11,45.0
338,2020-03-10,71,27-015,MTL,,NSH,L,0,0,0,0,0,0,0,0,0,0,0,0,1,0.0,21,18:22,2,0,6,9,40.0
