,date_game,game_season,age,team_id,game_location,opp_id,game_result,goals,assists,points,plus_minus,pen_min,goals_ev,goals_pp,goals_sh,goals_gw,assists_ev,assists_pp,assists_sh,shots,shot_pct,shifts,time_on_ice,hits_all,blocks_all,faceoff_wins_all,faceoff_losses_all,faceoff_percentage_all
0,2014-10-09,1,18-347,EDM,,CGY,L,0,0,0,-1,0,0,0,0,0,0,0,0,1,0.0,21,14:47,0,0,7,6,53.8
1,2014-10-11,2,18-349,EDM,@,VAN,L-SO,0,0,0,1,0,0,0,0,0,0,0,0,0,,14,9:24,0,0,4,1,80.0
2,2014-10-14,3,18-352,EDM,@,LAK,L,0,0,0,-3,0,0,0,0,0,0,0,0,2,0.0,20,14:22,1,0,1,8,11.1
3,2014-10-15,4,18-353,EDM,@,ARI,L,0,1,1,-1,0,0,0,0,0,1,0,0,2,0.0,17,11:36,1,2,8,7,53.3
4,2014-10-17,5,18-355,EDM,,VAN,L,0,0,0,0,0,0,0,0,0,0,0,0,2,0.0,17,12:35,0,0,5,7,41.7
5,2014-10-20,6,18-358,EDM,,TBL,W,0,0,0,-2,0,0,0,0,0,0,0,0,1,0.0,17,14:04,0,0,4,7,36.4
6,2014-10-22,7,18-360,EDM,,WSH,W,0,1,1,1,0,0,0,0,0,0,1,0,3,0.0,18,13:39,0,0,6,6,50.0
7,2014-10-24,8,18-362,EDM,,CAR,W,1,0,1,1,0,1,0,0,1,0,0,0,4,25.0,19,15:23,0,0,5,6,45.5
8,2014-10-27,9,19-000,EDM,,MTL,W,0,0,0,0,0,0,0,0,0,0,0,0,0,,16,13:18,0,1,6,2,75.0
9,2014-10-29,10,19-002,EDM,,NSH,L,0,0,0,-1,0,0,0,0,0,0,0,0,2,0.0,19,15:22,1,0,5,3,62.5
10,2014-11-01,11,19-005,EDM,,VAN,L,0,1,1,1,0,0,0,0,0,1,0,0,0,,20,14:59,2,0,1,7,12.5
11,2014-11-04,12,19-008,EDM,@,PHI,L,0,0,0,-1,0,0,0,0,0,0,0,0,2,0.0,21,13:17,0,0,2,7,22.2
12,2014-11-06,13,19-010,EDM,@,BOS,L,0,0,0,-1,0,0,0,0,0,0,0,0,1,0.0,15,9:29,1,0,1,3,25.0
13,2014-11-07,14,19-011,EDM,@,BUF,W,0,0,0,0,0,0,0,0,0,0,0,0,2,0.0,14,10:57,0,1,5,1,83.3
14,2014-11-09,15,19-013,EDM,@,NYR,W,0,0,0,0,0,0,0,0,0,0,0,0,1,0.0,15,11:03,0,0,7,4,63.6
15,2014-11-11,16,19-015,EDM,@,NSH,L,0,0,0,0,0,0,0,0,0,0,0,0,0,,10,7:25,0,1,0,5,0.0
16,2014-11-13,17,19-017,EDM,,OTT,L-OT,1,0,1,0,0,0,1,0,0,0,0,0,1,100.0,15,9:29,1,0,1,2,33.3
17,2014-11-16,18,19-020,EDM,,ARI,L,0,0,0,0,0,0,0,0,0,0,0,0,0,,14,8:53,0,0,5,3,62.5
18,2014-11-19,19,19-023,EDM,,VAN,L,0,0,0,0,0,0,0,0,0,0,0,0,1,0.0,20,12:24,1,2,2,6,25.0
19,2014-11-21,20,19-025,EDM,,NJD,L,0,0,0,-1,0,0,0,0,0,0,0,0,2,0.0,26,16:05,0,0,3,8,27.3
20,2014-11-22,21,19-026,EDM,,CHI,L,0,0,0,-2,0,0,0,0,0,0,0,0,1,0.0,18,14:06,1,0,4,5,44.4
21,2014-11-25,22,19-029,EDM,@,DAL,L,0,0,0,-1,0,0,0,0,0,0,0,0,2,0.0,17,11:05,1,0,1,7,12.5
22,2014-11-27,23,19-031,EDM,@,NSH,L-OT,0,0,0,0,0,0,0,0,0,0,0,0,1,0.0,18,14:48,0,1,5,6,45.5
23,2014-11-28,24,19-032,EDM,@,STL,L-OT,0,1,1,-1,2,0,0,0,0,1,0,0,0,,23,13:47,0,0,2,7,22.2
24,2014-12-01,25,19-035,EDM,,ARI,L,0,0,0,0,0,0,0,0,0,0,0,0,2,0.0,19,14:05,0,0,5,3,62.5
25,2014-12-03,26,19-037,EDM,@,WPG,L-OT,0,0,0,-1,0,0,0,0,0,0,0,0,3,0.0,20,14:55,2,0,3,3,50.0
26,2014-12-07,27,19-041,EDM,,SJS,W,0,0,0,-1,0,0,0,0,0,0,0,0,2,0.0,18,14:54,3,0,2,4,33.3
27,2014-12-09,28,19-043,EDM,@,SJS,L,0,1,1,0,0,0,0,0,0,1,0,0,2,0.0,23,17:32,1,0,4,8,33.3
28,2014-12-10,29,19-044,EDM,@,ANA,L,0,0,0,0,0,0,0,0,0,0,0,0,0,,19,11:41,0,0,3,10,23.1
29,2014-12-12,30,19-046,EDM,,ANA,L,0,0,0,-1,0,0,0,0,0,0,0,0,1,0.0,13,9:43,0,0,1,3,25.0
30,2014-12-14,31,19-048,EDM,,NYR,L,0,0,0,0,0,0,0,0,0,0,0,0,1,0.0,15,11:16,1,0,1,1,50.0
31,2014-12-16,32,19-050,EDM,@,ARI,L-OT,0,0,0,0,0,0,0,0,0,0,0,0,2,0.0,16,12:35,1,0,3,7,30.0
32,2014-12-18,33,19-052,EDM,@,SJS,L,0,0,0,-1,0,0,0,0,0,0,0,0,0,,13,10:39,2,0,2,2,50.0
33,2014-12-23,34,19-057,EDM,,ARI,L,0,0,0,-1,0,0,0,0,0,0,0,0,3,0.0,19,16:55,1,0,9,6,60.0
34,2014-12-27,35,19-061,EDM,@,CGY,L,0,0,0,-2,0,0,0,0,0,0,0,0,1,0.0,18,11:54,0,0,1,7,12.5
35,2014-12-30,36,19-064,EDM,,LAK,W,0,0,0,0,2,0,0,0,0,0,0,0,1,0.0,15,12:01,0,0,2,0,100.0
36,2014-12-31,37,19-065,EDM,@,CGY,L-OT,0,2,2,1,0,0,0,0,0,2,0,0,0,,15,9:17,0,0,2,4,33.3
37,2015-10-29,1,20-002,EDM,,MTL,W,2,0,2,1,0,1,1,0,1,0,0,0,5,40.0,25,19:59,1,0,0,2,0.0
38,2015-10-31,2,20-004,EDM,,CGY,L,1,2,3,2,0,1,0,0,0,1,1,0,2,50.0,25,18:33,0,1,0,0,
39,2015-11-03,3,20-007,EDM,,PHI,W,0,2,2,1,2,0,0,0,0,1,1,0,3,0.0,23,19:54,1,0,0,0,
40,2015-11-06,4,20-010,EDM,,PIT,L,0,0,0,0,0,0,0,0,0,0,0,0,2,0.0,22,18:20,1,0,6,8,42.9
41,2015-11-08,5,20-012,EDM,@,CHI,L,0,0,0,-2,0,0,0,0,0,0,0,0,1,0.0,22,19:32,4,1,1,3,25.0
42,2015-11-11,6,20-015,EDM,@,ANA,W,1,2,3,3,0,0,1,0,0,2,0,0,1,100.0,24,18:46,0,0,1,0,100.0
43,2015-11-12,7,20-016,EDM,@,ARI,L,0,1,1,-1,2,0,0,0,0,1,0,0,0,,23,15:27,2,0,0,2,0.0
44,2015-11-14,8,20-018,EDM,@,LAK,L,1,1,2,2,0,1,0,0,0,1,0,0,1,100.0,25,19:34,0,0,9,11,45.0
45,2015-11-18,9,20-022,EDM,,CHI,L-OT,1,0,1,1,0,1,0,0,0,0,0,0,4,25.0,24,20:08,0,1,14,10,58.3
46,2015-11-20,10,20-024,EDM,,NJD,W,1,2,3,3,0,1,0,0,0,2,0,0,1,100.0,19,13:05,0,0,4,4,50.0
47,2015-11-23,11,20-027,EDM,@,WSH,L,0,0,0,0,0,0,0,0,0,0,0,0,2,0.0,24,18:46,1,2,6,8,42.9
48,2015-11-25,12,20-029,EDM,@,CAR,L,0,0,0,-1,0,0,0,0,0,0,0,0,4,0.0,25,20:23,0,0,5,9,35.7
49,2015-11-27,13,20-031,EDM,@,DET,L-OT,0,0,0,-1,0,0,0,0,0,0,0,0,2,0.0,21,16:41,1,0,7,8,46.7
50,2015-11-28,14,20-032,EDM,@,PIT,W,1,0,1,0,0,1,0,0,0,0,0,0,1,100.0,25,19:30,0,0,12,13,48.0
51,2015-11-30,15,20-034,EDM,@,TOR,L,0,0,0,0,2,0,0,0,0,0,0,0,2,0.0,22,18:37,1,0,4,6,40.0
52,2015-12-02,16,20-036,EDM,,BOS,W,0,0,0,0,0,0,0,0,0,0,0,0,5,0.0,27,21:40,0,0,8,5,61.5
53,2015-12-04,17,20-038,EDM,,DAL,W,0,1,1,0,0,0,0,0,0,1,0,0,2,0.0,25,18:40,0,0,5,8,38.5
54,2015-12-06,18,20-040,EDM,,BUF,W,0,1,1,0,0,0,0,0,0,1,0,0,2,0.0,25,18:08,0,0,13,9,59.1
55,2015-12-09,19,20-043,EDM,,SJS,W,1,1,2,1,0,1,0,0,0,1,0,0,1,100.0,26,19:25,0,1,6,8,42.9
56,2015-12-11,20,20-045,EDM,,NYR,W,0,4,4,3,0,0,0,0,0,4,0,0,3,0.0,26,18:00,0,0,7,10,41.2
57,2015-12-14,21,20-048,EDM,@,BOS,W,0,0,0,-1,0,0,0,0,0,0,0,0,1,0.0,24,16:13,1,0,4,8,33.3
58,2015-12-15,22,20-049,EDM,@,NYR,L,0,1,1,0,0,0,0,0,0,0,1,0,1,0.0,24,20:07,1,0,8,8,50.0
59,2015-12-17,23,20-051,EDM,@,CHI,L,0,0,0,-1,0,0,0,0,0,0,0,0,0,,21,15:55,1,0,6,6,50.0
60,2015-12-19,24,20-053,EDM,@,COL,L,0,1,1,0,0,0,0,0,0,1,0,0,3,0.0,26,20:26,1,0,9,12,42.9
61,2015-12-21,25,20-055,EDM,,WPG,W,0,2,2,3,0,0,0,0,0,2,0,0,1,0.0,25,16:03,0,0,11,4,73.3
62,2015-12-26,26,20-060,EDM,@,VAN,L-OT,0,0,0,0,2,0,0,0,0,0,0,0,4,0.0,30,25:58,1,0,14,13,51.9
63,2015-12-27,27,20-061,EDM,@,CGY,L,0,1,1,-1,0,0,0,0,0,1,0,0,0,,27,20:32,0,0,10,14,41.7
64,2015-12-29,28,20-063,EDM,,LAK,L,0,0,0,-2,0,0,0,0,0,0,0,0,6,0.0,25,20:00,1,1,9,7,56.3
65,2015-12-31,29,20-065,EDM,,ANA,L,0,0,0,0,0,0,0,0,0,0,0,0,1,0.0,25,20:57,0,0,13,7,65.0
66,2016-01-02,30,20-067,EDM,,ARI,W,0,1,1,1,0,0,0,0,0,1,0,0,3,0.0,26,20:03,2,0,9,10,47.4
67,2016-01-04,31,20-069,EDM,,CAR,W,0,0,0,0,0,0,0,0,0,0,0,0,4,0.0,25,20:52,1,0,6,7,46.2
68,2016-01-08,32,20-073,EDM,,TBL,L,0,0,0,-2,2,0,0,0,0,0,0,0,3,0.0,26,21:41,0,0,8,8,50.0
69,2016-01-10,33,20-075,EDM,,FLA,L,0,0,0,-2,0,0,0,0,0,0,0,0,0,,23,20:03,1,1,6,6,50.0
70,2016-01-12,34,20-077,EDM,@,ARI,L-OT,1,1,2,1,0,1,0,0,0,0,1,0,3,33.3,27,19:49,1,0,5,15,25.0
71,2016-01-14,35,20-079,EDM,@,SJS,L-SO,0,0,0,0,0,0,0,0,0,0,0,0,0,,21,17:38,0,0,7,4,63.6
72,2016-01-16,36,20-081,EDM,,CGY,W,0,0,0,1,0,0,0,0,0,0,0,0,1,0.0,21,15:20,0,0,7,10,41.2
73,2016-01-18,37,20-083,EDM,@,FLA,W,0,1,1,0,0,0,0,0,0,1,0,0,0,,27,16:33,0,0,5,6,45.5
74,2016-01-19,38,20-084,EDM,@,TBL,L,1,0,1,-2,0,1,0,0,0,0,0,0,3,33.3,24,18:22,1,0,5,7,41.7
75,2016-01-21,39,20-086,EDM,@,DAL,L,0,0,0,-2,0,0,0,0,0,0,0,0,1,0.0,24,18:38,0,0,6,14,30.0
76,2016-01-23,40,20-088,EDM,,NSH,L,1,0,1,-1,0,1,0,0,0,0,0,0,1,100.0,26,20:14,1,0,8,11,42.1
77,2016-02-02,41,20-098,EDM,,CBJ,W,1,0,1,1,0,1,0,0,0,0,0,0,1,100.0,18,12:55,0,0,11,6,64.7
78,2016-02-04,42,20-100,EDM,@,OTT,W,1,1,2,2,0,1,0,0,0,1,0,0,1,100.0,19,15:37,0,1,5,11,31.3
79,2016-02-06,43,20-102,EDM,@,MTL,L,0,0,0,-2,2,0,0,0,0,0,0,0,2,0.0,21,13:36,1,0,5,10,33.3
80,2016-02-07,44,20-103,EDM,@,NYI,L,0,0,0,-2,0,0,0,0,0,0,0,0,2,0.0,20,14:41,0,0,4,13,23.5
81,2016-02-09,45,20-105,EDM,@,NJD,L,0,0,0,0,0,0,0,0,0,0,0,0,1,0.0,20,18:07,0,0,5,8,38.5
82,2016-02-11,46,20-107,EDM,,TOR,W,0,0,0,-1,0,0,0,0,0,0,0,0,0,,20,14:30,1,0,5,4,55.6
83,2016-02-13,47,20-109,EDM,,WPG,L-SO,0,0,0,0,0,0,0,0,0,0,0,0,2,0.0,25,16:22,0,0,4,8,33.3
84,2016-02-16,48,20-112,EDM,,ANA,L,1,0,1,-2,0,0,1,0,0,0,0,0,2,50.0,26,22:10,0,1,6,8,42.9
85,2016-02-18,49,20-114,EDM,,MIN,L,0,0,0,-1,0,0,0,0,0,0,0,0,4,0.0,23,19:07,0,0,9,5,64.3
86,2016-02-20,50,20-116,EDM,,COL,L,0,1,1,1,0,0,0,0,0,1,0,0,2,0.0,24,19:10,1,0,7,7,50.0
87,2016-02-23,51,20-119,EDM,,OTT,L,0,0,0,-1,0,0,0,0,0,0,0,0,2,0.0,21,18:10,3,1,5,9,35.7
88,2016-02-25,52,20-121,EDM,@,LAK,L,0,1,1,1,0,0,0,0,0,1,0,0,3,0.0,20,18:30,2,0,6,11,35.3
89,2016-02-26,53,20-122,EDM,@,ANA,L-OT,0,0,0,-1,0,0,0,0,0,0,0,0,0,,23,17:55,1,0,4,5,44.4
90,2016-02-28,54,20-124,EDM,,NYI,W,1,0,1,1,0,1,0,0,1,0,0,0,1,100.0,21,16:00,0,0,8,7,53.3
91,2016-03-01,55,20-126,EDM,@,BUF,W,0,0,0,1,0,0,0,0,0,0,0,0,2,0.0,23,20:20,0,0,12,9,57.1
92,2016-03-03,56,20-128,EDM,@,PHI,W,0,0,0,2,0,0,0,0,0,0,0,0,2,0.0,18,13:25,0,1,7,6,53.8
93,2016-03-04,57,20-129,EDM,@,CBJ,L,1,0,1,0,0,1,0,0,0,0,0,0,4,25.0,22,16:32,0,1,10,5,66.7
94,2016-03-06,58,20-131,EDM,@,WPG,W,0,1,1,1,0,0,0,0,0,1,0,0,1,0.0,18,15:27,0,0,6,8,42.9
95,2016-03-08,59,20-133,EDM,,SJS,L,0,0,0,-1,0,0,0,0,0,0,0,0,1,0.0,20,17:17,1,1,10,7,58.8
96,2016-03-10,60,20-135,EDM,@,MIN,W,0,0,0,-1,0,0,0,0,0,0,0,0,1,0.0,20,15:31,0,1,2,9,18.2
97,2016-03-12,61,20-137,EDM,,ARI,L,0,0,0,0,2,0,0,0,0,0,0,0,0,,20,14:41,0,0,4,7,36.4
98,2016-03-14,62,20-139,EDM,,NSH,L,0,1,1,0,2,0,0,0,0,1,0,0,2,0.0,23,16:25,0,0,13,3,81.3
99,2016-03-16,63,20-141,EDM,,STL,W,1,0,1,-3,4,0,1,0,0,0,0,0,4,25.0,25,17:54,0,0,5,6,45.5
100,2016-03-18,64,20-143,EDM,,VAN,W,0,0,0,0,0,0,0,0,0,0,0,0,2,0.0,19,15:24,0,1,9,1,90.0
101,2016-03-20,65,20-145,EDM,,COL,L,0,0,0,0,0,0,0,0,0,0,0,0,0,,20,16:53,0,1,11,9,55.0
102,2016-03-22,66,20-147,EDM,@,ARI,L,0,0,0,0,0,0,0,0,0,0,0,0,4,0.0,23,19:17,1,0,10,10,50.0
103,2016-03-24,67,20-149,EDM,@,SJS,W,0,1,1,2,0,0,0,0,0,1,0,0,0,,28,17:54,2,0,9,10,47.4
104,2016-03-26,68,20-151,EDM,@,LAK,L,0,0,0,-1,0,0,0,0,0,0,0,0,0,,22,19:36,0,0,13,4,76.5
105,2016-03-28,69,20-153,EDM,,ANA,L,0,1,1,-1,0,0,0,0,0,1,0,0,0,,20,17:13,0,0,10,9,52.6
106,2016-04-02,70,20-158,EDM,,CGY,L,0,0,0,-2,0,0,0,0,0,0,0,0,1,0.0,19,16:13,0,1,7,5,58.3
107,2016-04-06,71,20-162,EDM,,VAN,W,1,0,1,0,0,0,1,0,0,0,0,0,1,100.0,20,16:57,0,0,7,10,41.2
108,2016-04-09,72,20-165,EDM,@,VAN,L-SO,0,0,0,1,0,0,0,0,0,0,0,0,5,0.0,19,17:46,0,0,9,5,64.3
109,2016-10-12,1,20-351,EDM,,CGY,W,0,1,1,-1,0,0,0,0,0,1,0,0,1,0.0,22,16:10,1,0,4,8,33.3
110,2016-10-14,2,20-353,EDM,@,CGY,W,2,1,3,0,0,1,1,0,0,0,1,0,5,40.0,23,15:24,0,1,11,6,64.7
111,2016-10-16,3,20-355,EDM,,BUF,L,0,1,1,1,0,0,0,0,0,1,0,0,6,0.0,21,17:17,1,1,7,3,70.0
112,2016-10-18,4,20-357,EDM,,CAR,W,0,1,1,0,0,0,0,0,0,1,0,0,1,0.0,22,16:29,0,0,5,7,41.7
113,2016-10-20,5,20-359,EDM,,STL,W,0,0,0,-1,0,0,0,0,0,0,0,0,1,0.0,20,14:55,0,0,7,2,77.8
114,2016-10-23,6,20-362,EDM,@,WPG,W,0,0,0,0,0,0,0,0,0,0,0,0,4,0.0,18,13:55,0,0,5,9,35.7
115,2016-10-26,7,20-365,EDM,,WSH,W,0,0,0,0,0,0,0,0,0,0,0,0,0,,21,17:43,0,0,7,7,50.0
116,2016-10-28,8,21-001,EDM,@,VAN,W,0,0,0,0,0,0,0,0,0,0,0,0,2,0.0,22,15:54,1,2,6,7,46.2
117,2016-10-30,9,21-003,EDM,,OTT,L,0,0,0,-2,0,0,0,0,0,0,0,0,1,0.0,21,20:06,0,0,12,10,54.5
118,2016-11-01,10,21-005,EDM,@,TOR,L-OT,0,0,0,0,0,0,0,0,0,0,0,0,0,,22,16:20,2,0,6,7,46.2
119,2016-11-03,11,21-007,EDM,@,NYR,L,0,0,0,1,2,0,0,0,0,0,0,0,0,,20,14:31,1,0,4,6,40.0
120,2016-11-05,12,21-009,EDM,@,NYI,W,1,0,1,-1,0,0,1,0,0,0,0,0,1,100.0,23,19:31,0,1,7,8,46.7
121,2016-11-06,13,21-010,EDM,@,DET,W,0,1,1,1,0,0,0,0,0,1,0,0,3,0.0,20,16:17,0,1,4,10,28.6
122,2016-11-08,14,21-012,EDM,@,PIT,L,0,0,0,-4,0,0,0,0,0,0,0,0,0,,18,15:01,0,0,4,5,44.4
123,2016-11-11,15,21-015,EDM,,DAL,L,0,0,0,1,0,0,0,0,0,0,0,0,1,0.0,23,18:42,0,0,9,6,60.0
124,2016-11-13,16,21-017,EDM,,NYR,L,0,0,0,-1,0,0,0,0,0,0,0,0,2,0.0,21,17:05,0,0,7,5,58.3
125,2016-11-15,17,21-019,EDM,@,ANA,L,1,0,1,0,0,1,0,0,0,0,0,0,2,50.0,21,15:25,0,1,8,6,57.1
126,2016-11-17,18,21-021,EDM,@,LAK,L,0,1,1,-1,0,0,0,0,0,1,0,0,2,0.0,21,18:24,0,0,10,13,43.5
127,2016-11-19,19,21-023,EDM,@,DAL,W,0,1,1,1,0,0,0,0,0,1,0,0,2,0.0,25,19:18,0,0,12,6,66.7
128,2016-11-21,20,21-025,EDM,,CHI,W,2,1,3,1,0,0,2,0,0,1,0,0,3,66.7,25,18:23,0,3,13,9,59.1
129,2016-11-23,21,21-027,EDM,@,COL,W,1,1,2,-1,0,0,1,0,0,0,1,0,2,50.0,24,18:01,0,0,9,9,50.0
130,2016-11-25,22,21-029,EDM,@,ARI,L-SO,0,0,0,0,0,0,0,0,0,0,0,0,3,0.0,23,18:13,0,1,7,7,50.0
131,2016-11-27,23,21-031,EDM,,ARI,L,0,1,1,1,0,0,0,0,0,1,0,0,0,,22,20:12,1,0,8,6,57.1
132,2016-11-29,24,21-033,EDM,,TOR,L,0,0,0,0,0,0,0,0,0,0,0,0,3,0.0,23,18:30,1,0,14,9,60.9
133,2016-12-01,25,21-035,EDM,@,WPG,W,2,1,3,0,0,1,1,0,0,0,1,0,8,25.0,19,15:03,0,0,5,4,55.6
134,2016-12-03,26,21-037,EDM,,ANA,W,1,0,1,1,0,1,0,0,1,0,0,0,2,50.0,23,20:19,0,0,10,6,62.5
135,2016-12-04,27,21-038,EDM,,MIN,L-OT,0,0,0,-1,0,0,0,0,0,0,0,0,2,0.0,23,20:58,0,0,8,7,53.3
136,2016-12-06,28,21-040,EDM,@,BUF,L-OT,1,0,1,-2,0,0,1,0,0,0,0,0,4,25.0,21,16:01,0,0,6,12,33.3
137,2016-12-08,29,21-042,EDM,@,PHI,L,1,2,3,0,0,1,0,0,0,1,1,0,1,100.0,25,18:23,1,0,9,5,64.3
138,2016-12-09,30,21-043,EDM,@,MIN,L-SO,1,0,1,1,0,1,0,0,0,0,0,0,4,25.0,25,18:37,1,1,9,9,50.0
139,2016-12-11,31,21-045,EDM,,WPG,W,0,0,0,1,0,0,0,0,0,0,0,0,3,0.0,26,20:33,0,0,9,10,47.4
140,2016-12-13,32,21-047,EDM,,CBJ,L,0,0,0,0,2,0,0,0,0,0,0,0,4,0.0,19,18:27,1,0,5,4,55.6
141,2016-12-17,33,21-051,EDM,,TBL,W,1,1,2,0,2,0,1,0,0,0,1,0,2,50.0,26,20:27,0,0,7,6,53.8
142,2016-12-19,34,21-053,EDM,@,STL,W,0,2,2,1,0,0,0,0,0,2,0,0,2,0.0,24,18:36,0,0,7,13,35.0
143,2016-12-21,35,21-055,EDM,@,ARI,W,0,1,1,0,0,0,0,0,0,0,1,0,1,0.0,26,21:53,0,1,4,7,36.4
144,2016-12-23,36,21-057,EDM,@,SJS,L-OT,0,0,0,2,0,0,0,0,0,0,0,0,1,0.0,26,21:53,1,0,5,11,31.3
145,2016-12-29,37,21-063,EDM,,LAK,W,0,1,1,1,0,0,0,0,0,1,0,0,5,0.0,27,18:04,0,1,6,4,60.0
146,2016-12-31,38,21-065,EDM,,VAN,L-SO,0,1,1,0,0,0,0,0,0,0,1,0,7,0.0,26,21:40,0,0,1,7,12.5
147,2017-01-03,39,21-068,EDM,@,CBJ,L,0,0,0,0,0,0,0,0,0,0,0,0,0,,24,21:29,0,0,4,5,44.4
148,2017-01-05,40,21-070,EDM,@,BOS,W,0,1,1,3,0,0,0,0,0,1,0,0,2,0.0,26,21:07,0,0,3,6,33.3
149,2017-01-07,41,21-072,EDM,@,NJD,W,0,0,0,-1,0,0,0,0,0,0,0,0,0,,23,23:33,0,0,7,10,41.2
150,2017-01-08,42,21-073,EDM,@,OTT,L,1,0,1,2,0,1,0,0,0,0,0,0,4,25.0,22,17:45,0,0,6,7,46.2
151,2017-01-10,43,21-075,EDM,,SJS,L,0,0,0,-1,0,0,0,0,0,0,0,0,2,0.0,27,22:47,0,0,2,9,18.2
152,2017-01-12,44,21-077,EDM,,NJD,W,1,2,3,2,0,1,0,0,1,2,0,0,1,100.0,26,21:44,1,0,10,7,58.8
153,2017-01-14,45,21-079,EDM,,CGY,W,0,0,0,-1,2,0,0,0,0,0,0,0,0,,27,20:25,2,0,2,5,28.6
154,2017-01-16,46,21-081,EDM,,ARI,W,1,0,1,1,0,1,0,0,0,0,0,0,1,100.0,21,16:46,0,1,5,2,71.4
155,2017-01-18,47,21-083,EDM,,FLA,W,0,1,1,1,0,0,0,0,0,1,0,0,1,0.0,26,23:26,0,0,6,6,50.0
156,2017-01-20,48,21-085,EDM,,NSH,L-SO,0,1,1,0,0,0,0,0,0,0,1,0,2,0.0,27,23:34,2,1,6,8,42.9
157,2017-01-21,49,21-086,EDM,@,CGY,W,0,1,1,1,0,0,0,0,0,1,0,0,2,0.0,20,17:24,0,0,1,5,16.7
158,2017-01-25,50,21-090,EDM,@,ANA,W,2,0,2,2,0,2,0,0,1,0,0,0,2,100.0,22,18:25,1,0,2,5,28.6
159,2017-01-26,51,21-091,EDM,@,SJS,W,0,2,2,1,0,0,0,0,0,1,1,0,3,0.0,22,18:10,0,1,4,1,80.0
160,2017-01-31,52,21-096,EDM,,MIN,L,1,0,1,-3,0,0,1,0,0,0,0,0,2,50.0,20,17:29,0,0,5,4,55.6
161,2017-02-02,53,21-098,EDM,@,NSH,L,0,0,0,-2,0,0,0,0,0,0,0,0,1,0.0,22,20:50,4,0,9,4,69.2
162,2017-02-03,54,21-099,EDM,@,CAR,L,0,0,0,1,0,0,0,0,0,0,0,0,4,0.0,23,21:44,0,0,1,3,25.0
163,2017-02-05,55,21-101,EDM,@,MTL,W,0,0,0,0,0,0,0,0,0,0,0,0,2,0.0,26,24:22,1,2,7,10,41.2
164,2017-02-11,56,21-107,EDM,,CHI,L,0,0,0,0,0,0,0,0,0,0,0,0,4,0.0,21,17:36,0,1,7,2,77.8
165,2017-02-14,57,21-110,EDM,,ARI,W,1,2,3,1,0,0,1,0,0,1,1,0,4,25.0,23,16:42,2,1,7,10,41.2
166,2017-02-16,58,21-112,EDM,,PHI,W,1,0,1,-1,2,1,0,0,0,0,0,0,3,33.3,24,15:13,0,1,14,9,60.9
167,2017-02-18,59,21-114,EDM,@,CHI,W,0,1,1,1,2,0,0,0,0,1,0,0,0,,25,19:29,0,0,2,6,25.0
168,2017-02-21,60,21-117,EDM,@,TBL,L,0,0,0,-2,0,0,0,0,0,0,0,0,1,0.0,22,19:17,1,0,10,8,55.6
169,2017-02-22,61,21-118,EDM,@,FLA,W,0,1,1,1,0,0,0,0,0,1,0,0,1,0.0,23,21:16,2,1,7,8,46.7
170,2017-02-24,62,21-120,EDM,@,WSH,L,1,0,1,-1,0,1,0,0,0,0,0,0,1,100.0,21,19:51,0,1,0,4,0.0
171,2017-02-26,63,21-122,EDM,@,NSH,L,0,0,0,1,0,0,0,0,0,0,0,0,1,0.0,24,21:58,1,0,3,13,18.8
172,2017-02-28,64,21-124,EDM,@,STL,W,0,0,0,0,0,0,0,0,0,0,0,0,3,0.0,24,20:39,0,1,8,6,57.1
173,2017-03-04,65,21-128,EDM,,DET,W,0,1,1,1,0,0,0,0,0,1,0,0,3,0.0,22,17:12,1,0,4,6,40.0
174,2017-03-07,66,21-131,EDM,,NYI,L,0,0,0,-2,0,0,0,0,0,0,0,0,1,0.0,20,22:27,2,2,1,3,25.0
175,2017-03-10,67,21-134,EDM,,PIT,L-SO,0,1,1,-1,0,0,0,0,0,0,1,0,1,0.0,26,23:30,1,0,7,2,77.8
176,2017-03-12,68,21-136,EDM,,MTL,L,0,0,0,-3,2,0,0,0,0,0,0,0,1,0.0,25,20:38,0,1,10,2,83.3
177,2017-03-14,69,21-138,EDM,,DAL,W,0,2,2,1,2,0,0,0,0,1,1,0,3,0.0,20,17:52,0,0,1,3,25.0
178,2017-03-16,70,21-140,EDM,,BOS,W,1,2,3,2,2,1,0,0,0,1,1,0,2,50.0,22,18:29,0,1,2,2,50.0
179,2017-03-18,71,21-142,EDM,,VAN,W,0,2,2,1,0,0,0,0,0,1,1,0,1,0.0,20,18:37,2,2,2,5,28.6
180,2017-03-20,72,21-144,EDM,,LAK,W,0,2,2,1,0,0,0,0,0,1,1,0,0,,22,15:50,0,0,1,1,50.0
181,2017-03-22,73,21-146,EDM,@,ANA,L,1,1,2,0,0,1,0,0,0,1,0,0,4,25.0,20,18:39,1,0,2,1,66.7
182,2017-03-23,74,21-147,EDM,@,COL,W,1,1,2,-1,2,1,0,0,0,1,0,0,2,50.0,19,14:54,0,0,0,5,0.0
183,2017-03-25,75,21-149,EDM,,COL,W,1,0,1,0,0,1,0,0,1,0,0,0,4,25.0,19,18:23,1,0,3,2,60.0
184,2017-03-28,76,21-152,EDM,,LAK,W,0,1,1,1,0,0,0,0,0,1,0,0,0,,20,19:41,1,0,6,1,85.7
185,2017-03-30,77,21-154,EDM,,SJS,W,0,1,1,1,0,0,0,0,0,1,0,0,1,0.0,26,19:18,0,2,7,3,70.0
186,2017-04-01,78,21-156,EDM,,ANA,W,1,1,2,2,0,1,0,0,1,0,1,0,5,20.0,28,23:31,1,1,5,4,55.6
187,2017-04-04,79,21-159,EDM,@,LAK,L,0,1,1,-3,0,0,0,0,0,1,0,0,1,0.0,23,19:18,0,0,3,5,37.5
188,2017-04-06,80,21-161,EDM,@,SJS,W,0,0,0,1,0,0,0,0,0,0,0,0,1,0.0,25,21:06,1,2,1,2,33.3
189,2017-04-08,81,21-163,EDM,@,VAN,W,0,0,0,0,0,0,0,0,0,0,0,0,2,0.0,22,17:44,0,0,0,5,0.0
190,2017-04-09,82,21-164,EDM,,VAN,W,1,1,2,1,0,1,0,0,0,0,1,0,2,50.0,18,15:39,1,0,6,5,54.5
191,2017-10-04,1,21-342,EDM,,CGY,W,0,2,2,3,0,0,0,0,0,2,0,0,5,0.0,25,20:28,0,0,9,7,56.3
192,2017-10-07,2,21-345,EDM,@,VAN,L,0,0,0,-1,0,0,0,0,0,0,0,0,4,0.0,21,21:56,1,0,9,10,47.4
193,2017-10-09,3,21-347,EDM,,WPG,L,1,0,1,-2,0,1,0,0,0,0,0,0,3,33.3,22,18:19,0,1,6,10,37.5
194,2017-10-24,4,21-362,EDM,@,PIT,L-OT,0,0,0,0,0,0,0,0,0,0,0,0,1,0.0,21,16:29,1,0,4,11,26.7
195,2017-10-26,5,21-364,EDM,,DAL,W,0,3,3,3,0,0,0,0,0,3,0,0,1,0.0,29,23:50,0,0,9,10,47.4
196,2017-10-28,6,22-001,EDM,,WSH,L,0,1,1,0,0,0,0,0,0,1,0,0,3,0.0,22,22:19,0,0,12,7,63.2
197,2017-11-01,7,22-005,EDM,,PIT,L,1,0,1,0,0,1,0,0,0,0,0,0,4,25.0,25,19:18,1,1,11,6,64.7
198,2017-11-03,8,22-007,EDM,,NJD,W,1,0,1,1,0,1,0,0,0,0,0,0,5,20.0,25,18:55,0,1,13,4,76.5
199,2017-11-05,9,22-009,EDM,,DET,L,0,0,0,-1,0,0,0,0,0,0,0,0,1,0.0,20,17:08,0,0,6,9,40.0
200,2017-11-07,10,22-011,EDM,@,NYI,W,1,1,2,2,0,1,0,0,0,1,0,0,3,33.3,26,19:29,1,0,3,4,42.9
201,2017-11-09,11,22-013,EDM,@,NJD,W,1,0,1,1,0,1,0,0,1,0,0,0,4,25.0,26,20:59,2,0,11,7,61.1
202,2017-11-11,12,22-015,EDM,@,NYR,L,0,0,0,-2,0,0,0,0,0,0,0,0,1,0.0,26,22:18,1,0,8,5,61.5
203,2017-11-12,13,22-016,EDM,@,WSH,L-SO,0,0,0,0,0,0,0,0,0,0,0,0,2,0.0,27,22:58,1,0,10,11,47.6
204,2017-11-14,14,22-018,EDM,,VEG,W,0,2,2,3,0,0,0,0,0,2,0,0,1,0.0,20,18:11,0,0,6,5,54.5
205,2017-11-16,15,22-020,EDM,,STL,L,0,0,0,-2,0,0,0,0,0,0,0,0,2,0.0,23,18:52,1,0,10,4,71.4
206,2017-11-18,16,22-022,EDM,@,DAL,L,0,0,0,0,6,0,0,0,0,0,0,0,3,0.0,24,18:50,1,0,10,5,66.7
207,2017-11-21,17,22-025,EDM,@,STL,L,1,1,2,0,0,1,0,0,0,1,0,0,2,50.0,20,14:27,1,1,4,3,57.1
208,2017-11-22,18,22-026,EDM,@,DET,W,0,1,1,0,0,0,0,0,0,1,0,0,1,0.0,19,17:01,0,0,7,7,50.0
209,2017-11-24,19,22-028,EDM,@,BUF,L,0,0,0,-2,0,0,0,0,0,0,0,0,4,0.0,20,17:51,1,0,6,4,60.0
210,2017-11-26,20,22-030,EDM,@,BOS,W,1,1,2,2,0,1,0,0,0,1,0,0,1,100.0,19,16:10,0,0,7,4,63.6
211,2017-11-28,21,22-032,EDM,,ARI,W,0,0,0,0,0,0,0,0,0,0,0,0,0,,23,19:50,1,0,12,9,57.1
212,2017-11-30,22,22-034,EDM,,TOR,L,0,0,0,-1,0,0,0,0,0,0,0,0,1,0.0,19,14:48,1,1,10,7,58.8
213,2017-12-02,23,22-036,EDM,@,CGY,W,0,0,0,-1,0,0,0,0,0,0,0,0,2,0.0,23,16:21,1,0,13,10,56.5
214,2017-12-06,24,22-040,EDM,,PHI,L,1,0,1,0,2,0,0,1,0,0,0,0,3,33.3,23,18:50,0,1,7,7,50.0
215,2017-12-09,25,22-043,EDM,@,MTL,W,0,1,1,1,2,0,0,0,0,0,1,0,2,0.0,22,15:53,0,0,9,5,64.3
216,2017-12-10,26,22-044,EDM,@,TOR,L,0,0,0,-1,0,0,0,0,0,0,0,0,4,0.0,21,20:31,0,0,8,7,53.3
217,2017-12-12,27,22-046,EDM,@,CBJ,W,0,1,1,0,0,0,0,0,0,0,1,0,2,0.0,20,16:29,0,0,6,6,50.0
218,2017-12-14,28,22-048,EDM,,NSH,L,0,0,0,0,0,0,0,0,0,0,0,0,1,0.0,17,15:24,0,0,8,7,53.3
219,2017-12-16,29,22-050,EDM,@,MIN,W,0,1,1,1,0,0,0,0,0,1,0,0,5,0.0,24,20:19,2,1,8,5,61.5
220,2017-12-18,30,22-052,EDM,,SJS,W,0,2,2,1,0,0,0,0,0,2,0,0,2,0.0,21,18:06,0,1,14,7,66.7
221,2017-12-21,31,22-055,EDM,,STL,W,0,1,1,-1,0,0,0,0,0,1,0,0,2,0.0,25,17:54,0,0,10,7,58.8
222,2017-12-23,32,22-057,EDM,,MTL,W,0,3,3,2,0,0,0,0,0,2,1,0,4,0.0,21,16:15,0,0,5,5,50.0
223,2017-12-27,33,22-061,EDM,@,WPG,L,1,1,2,2,0,0,0,1,0,1,0,0,1,100.0,23,17:41,1,0,8,8,50.0
224,2017-12-29,34,22-063,EDM,,CHI,L-OT,1,0,1,0,0,1,0,0,0,0,0,0,4,25.0,19,14:21,0,0,4,11,26.7
225,2017-12-31,35,22-065,EDM,,WPG,L,0,0,0,-1,0,0,0,0,0,0,0,0,4,0.0,19,17:20,2,1,8,8,50.0
226,2018-01-02,36,22-067,EDM,,LAK,L,0,0,0,0,0,0,0,0,0,0,0,0,4,0.0,24,16:01,0,0,9,2,81.8
227,2018-01-04,37,22-069,EDM,,ANA,W,0,0,0,0,0,0,0,0,0,0,0,0,2,0.0,26,21:45,1,0,2,7,22.2
228,2018-01-06,38,22-071,EDM,@,DAL,L,1,0,1,-3,2,0,1,0,0,0,0,0,3,33.3,18,15:43,0,0,6,12,33.3
229,2018-01-07,39,22-072,EDM,@,CHI,L,0,0,0,-1,0,0,0,0,0,0,0,0,0,,23,19:04,2,1,7,5,58.3
230,2018-01-09,40,22-074,EDM,@,NSH,L,0,1,1,1,0,0,0,0,0,1,0,0,2,0.0,24,23:29,0,0,4,4,50.0
231,2018-01-12,41,22-077,EDM,@,ARI,W,0,1,1,3,0,0,0,0,0,1,0,0,1,0.0,22,21:42,0,0,3,0,100.0
232,2018-01-13,42,22-078,EDM,@,VEG,W,0,1,1,1,4,0,0,0,0,1,0,0,3,0.0,27,22:04,0,0,4,5,44.4
233,2018-01-20,43,22-085,EDM,,VAN,W,1,2,3,3,0,1,0,0,0,2,0,0,2,50.0,23,17:28,0,2,6,12,33.3
234,2018-01-23,44,22-088,EDM,,BUF,L,0,0,0,-2,0,0,0,0,0,0,0,0,3,0.0,21,17:33,1,1,13,9,59.1
235,2018-01-25,45,22-090,EDM,,CGY,W,0,1,1,0,0,0,0,0,0,1,0,0,3,0.0,30,25:33,2,0,14,12,53.8
236,2018-02-01,46,22-097,EDM,,COL,L-OT,0,2,2,1,0,0,0,0,0,2,0,0,1,0.0,24,21:29,1,2,5,3,62.5
237,2018-02-05,47,22-101,EDM,,TBL,W,1,2,3,3,4,0,1,0,0,2,0,0,3,33.3,18,19:07,0,3,0,0,
238,2018-02-07,48,22-103,EDM,@,LAK,L,1,0,1,-3,0,0,1,0,0,0,0,0,5,20.0,23,22:05,0,1,12,8,60.0
239,2018-02-09,49,22-105,EDM,@,ANA,L,0,0,0,-1,0,0,0,0,0,0,0,0,3,0.0,19,19:08,0,0,8,10,44.4
240,2018-02-10,50,22-106,EDM,@,SJS,L,1,1,2,0,0,1,0,0,0,1,0,0,4,25.0,23,20:06,0,0,7,8,46.7
241,2018-02-12,51,22-108,EDM,,FLA,L,1,0,1,0,0,0,0,1,0,0,0,0,4,25.0,25,21:08,0,0,13,10,56.5
242,2018-02-15,52,22-111,EDM,@,VEG,L,1,0,1,0,0,1,0,0,0,0,0,0,1,100.0,18,17:12,1,1,10,5,66.7
243,2018-02-17,53,22-113,EDM,@,ARI,L,0,0,0,-1,0,0,0,0,0,0,0,0,0,,22,19:01,0,1,9,3,75.0
244,2018-02-18,54,22-114,EDM,@,COL,W,0,2,2,1,2,0,0,0,0,2,0,0,5,0.0,25,20:36,1,0,11,8,57.9
245,2018-02-20,55,22-116,EDM,,BOS,L,0,0,0,0,0,0,0,0,0,0,0,0,0,,22,19:22,0,1,12,14,46.2
246,2018-02-22,56,22-118,EDM,,COL,W,1,1,2,1,0,1,0,0,0,1,0,0,5,20.0,25,23:27,1,0,8,5,61.5
247,2018-02-24,57,22-120,EDM,@,LAK,W,1,0,1,0,0,1,0,0,0,0,0,0,3,33.3,26,22:03,0,0,5,8,38.5
248,2018-02-25,58,22-121,EDM,@,ANA,W,1,1,2,0,0,1,0,0,0,1,0,0,3,33.3,30,24:26,1,0,16,11,59.3
249,2018-02-27,59,22-123,EDM,@,SJS,L,0,0,0,-3,2,0,0,0,0,0,0,0,4,0.0,21,17:38,1,0,6,8,42.9
250,2018-03-01,60,22-125,EDM,,NSH,L,1,0,1,-3,0,0,1,0,0,0,0,0,2,50.0,23,18:08,0,0,9,8,52.9
251,2018-03-03,61,22-127,EDM,,NYR,L,0,0,0,0,0,0,0,0,0,0,0,0,2,0.0,22,23:16,0,0,12,7,63.2
252,2018-03-05,62,22-129,EDM,,ARI,W,0,2,2,1,0,0,0,0,0,2,0,0,1,0.0,26,23:06,2,0,12,6,66.7
253,2018-03-08,63,22-132,EDM,,NYI,W,0,0,0,-1,2,0,0,0,0,0,0,0,2,0.0,24,20:34,1,0,5,11,31.3
254,2018-03-10,64,22-134,EDM,,MIN,W,1,0,1,0,0,0,1,0,0,0,0,0,1,100.0,22,16:11,0,0,13,5,72.2
255,2018-03-13,65,22-137,EDM,@,CGY,L,0,0,0,-1,0,0,0,0,0,0,0,0,2,0.0,23,21:03,0,0,13,4,76.5
256,2018-03-14,66,22-138,EDM,,SJS,L-OT,0,0,0,-3,0,0,0,0,0,0,0,0,2,0.0,22,17:35,0,0,12,5,70.6
257,2018-03-17,67,22-141,EDM,@,FLA,W,0,1,1,0,2,0,0,0,0,0,0,1,2,0.0,24,17:34,0,0,13,6,68.4
258,2018-03-18,68,22-142,EDM,@,TBL,L,0,0,0,0,0,0,0,0,0,0,0,0,4,0.0,21,25:17,0,1,10,4,71.4
259,2018-03-20,69,22-144,EDM,@,CAR,W,1,3,4,4,0,1,0,0,0,3,0,0,4,25.0,19,16:13,0,0,8,6,57.1
260,2018-03-22,70,22-146,EDM,@,OTT,W,0,0,0,1,0,0,0,0,0,0,0,0,0,,21,18:37,1,0,9,9,50.0
261,2018-03-24,71,22-148,EDM,,LAK,W,0,0,0,0,0,0,0,0,0,0,0,0,1,0.0,22,16:32,0,1,7,8,46.7
262,2018-03-25,72,22-149,EDM,,ANA,L-OT,1,0,1,-2,0,1,0,0,0,0,0,0,5,20.0,23,22:10,0,0,6,5,54.5
263,2018-03-27,73,22-151,EDM,,CBJ,L,0,1,1,-2,0,0,0,0,0,0,1,0,2,0.0,20,16:10,2,0,10,6,62.5
264,2018-03-29,74,22-153,EDM,@,VAN,L,0,0,0,-1,0,0,0,0,0,0,0,0,4,0.0,20,20:32,0,0,11,3,78.6
265,2018-03-31,75,22-155,EDM,@,CGY,L,0,0,0,-2,2,0,0,0,0,0,0,0,1,0.0,23,22:14,0,0,10,7,58.8
266,2018-04-02,76,22-157,EDM,@,MIN,L,0,0,0,-3,0,0,0,0,0,0,0,0,1,0.0,22,20:29,0,0,8,5,61.5
267,2018-04-05,77,22-160,EDM,,VEG,W,0,1,1,-1,0,0,0,0,0,0,1,0,5,0.0,20,19:26,1,0,10,5,66.7
268,2018-04-07,78,22-162,EDM,,VAN,W,1,0,1,-1,0,0,1,0,0,0,0,0,1,100.0,22,18:52,1,0,13,5,72.2
269,2018-10-06,1,22-344,EDM,@,NJD,L,1,1,2,-1,0,1,0,0,0,0,1,0,1,100.0,23,18:26,2,0,10,11,47.6
270,2018-10-11,2,22-349,EDM,@,BOS,L,0,0,0,-2,0,0,0,0,0,0,0,0,1,0.0,23,20:43,0,0,9,5,64.3
271,2018-10-13,3,22-351,EDM,@,NYR,W,0,1,1,-1,0,0,0,0,0,0,1,0,2,0.0,22,20:28,1,0,10,10,50.0
272,2018-10-16,4,22-354,EDM,@,WPG,W,0,2,2,-1,0,0,0,0,0,0,2,0,1,0.0,22,17:18,0,1,12,7,63.2
273,2018-10-18,5,22-356,EDM,,BOS,W,1,0,1,0,0,1,0,0,1,0,0,0,3,33.3,23,19:32,1,0,9,9,50.0
274,2018-10-20,6,22-358,EDM,,NSH,L,0,0,0,-2,0,0,0,0,0,0,0,0,0,,20,23:18,0,1,12,12,50.0
275,2018-10-23,7,22-361,EDM,,PIT,L-OT,2,0,2,1,0,1,1,0,0,0,0,0,3,66.7,27,22:42,0,0,12,14,46.2
276,2018-10-25,8,22-363,EDM,,WSH,W,0,0,0,1,0,0,0,0,0,0,0,0,1,0.0,22,20:16,1,0,5,8,38.5
277,2018-10-27,9,23-000,EDM,@,NSH,W,2,0,2,1,0,1,1,0,1,0,0,0,7,28.6,23,22:03,1,1,6,12,33.3
278,2018-10-28,10,23-001,EDM,@,CHI,W,0,1,1,1,2,0,0,0,0,1,0,0,1,0.0,19,16:52,0,0,6,12,33.3
279,2018-10-30,11,23-003,EDM,,MIN,L,1,1,2,2,0,1,0,0,0,1,0,0,4,25.0,21,20:59,0,0,14,11,56.0
280,2018-11-01,12,23-005,EDM,,CHI,W,0,1,1,1,0,0,0,0,0,1,0,0,0,,23,20:20,0,0,7,8,46.7
281,2018-11-03,13,23-007,EDM,@,DET,W,0,0,0,1,0,0,0,0,0,0,0,0,2,0.0,18,17:36,0,0,9,8,52.9
282,2018-11-05,14,23-009,EDM,@,WSH,L,1,0,1,1,2,1,0,0,0,0,0,0,6,16.7,23,21:25,0,0,14,6,70.0
283,2018-11-06,15,23-010,EDM,@,TBL,L,1,0,1,-1,0,0,1,0,0,0,0,0,5,20.0,19,19:21,2,0,12,7,63.2
284,2018-11-08,16,23-012,EDM,@,FLA,L,1,0,1,0,2,1,0,0,0,0,0,0,5,20.0,21,21:02,1,0,11,10,52.4
285,2018-11-11,17,23-015,EDM,,COL,L,0,0,0,-1,0,0,0,0,0,0,0,0,2,0.0,19,18:25,1,0,7,8,46.7
286,2018-11-13,18,23-017,EDM,,MTL,W,1,2,3,2,0,1,0,0,0,2,0,0,4,25.0,24,22:52,0,1,11,7,61.1
287,2018-11-17,19,23-021,EDM,@,CGY,L,0,1,1,-1,6,0,0,0,0,0,1,0,4,0.0,25,20:57,0,0,6,11,35.3
288,2018-11-18,20,23-022,EDM,,VEG,L,1,1,2,-1,0,1,0,0,0,0,1,0,3,33.3,22,21:18,2,0,14,5,73.7
289,2018-11-20,21,23-024,EDM,@,SJS,W,1,2,3,1,0,1,0,0,1,2,0,0,2,50.0,27,22:15,1,0,2,11,15.4
290,2018-11-23,22,23-027,EDM,@,ANA,L-OT,0,0,0,-1,0,0,0,0,0,0,0,0,3,0.0,25,20:46,1,0,8,5,61.5
291,2018-11-25,23,23-029,EDM,@,LAK,L,0,0,0,-2,0,0,0,0,0,0,0,0,1,0.0,26,24:24,0,0,7,9,43.8
292,2018-11-27,24,23-031,EDM,,DAL,W,0,1,1,1,0,0,0,0,0,1,0,0,1,0.0,27,24:52,1,0,11,6,64.7
293,2018-11-29,25,23-033,EDM,,LAK,W,0,1,1,0,0,0,0,0,0,0,1,0,4,0.0,29,25:21,1,0,8,7,53.3
294,2018-12-01,26,23-035,EDM,,VEG,W,0,1,1,0,2,0,0,0,0,1,0,0,2,0.0,24,24:30,1,2,5,9,35.7
295,2018-12-03,27,23-037,EDM,@,DAL,L,0,1,1,0,0,0,0,0,0,1,0,0,2,0.0,28,25:25,1,0,17,11,60.7
296,2018-12-05,28,23-039,EDM,@,STL,W,0,0,0,0,0,0,0,0,0,0,0,0,2,0.0,26,28:48,0,0,9,13,40.9
297,2018-12-07,29,23-041,EDM,,MIN,W,2,1,3,4,0,2,0,0,0,1,0,0,5,40.0,24,22:07,1,0,3,1,75.0
298,2018-12-09,30,23-043,EDM,,CGY,W,0,1,1,1,0,0,0,0,0,1,0,0,3,0.0,26,24:35,0,0,1,10,9.1
299,2018-12-11,31,23-045,EDM,@,COL,W,1,2,3,0,2,1,0,0,1,1,1,0,2,50.0,24,24:33,0,0,3,5,37.5
300,2018-12-13,32,23-047,EDM,@,WPG,L-OT,0,2,2,0,0,0,0,0,0,1,1,0,3,0.0,33,20:53,1,0,5,8,38.5
301,2018-12-14,33,23-048,EDM,,PHI,W,0,3,3,2,0,0,0,0,0,3,0,0,1,0.0,26,21:10,0,1,2,5,28.6
302,2018-12-16,34,23-050,EDM,@,VAN,L,0,0,0,0,0,0,0,0,0,0,0,0,0,,30,23:03,0,0,8,5,61.5
303,2018-12-18,35,23-052,EDM,,STL,L,0,0,0,-1,0,0,0,0,0,0,0,0,4,0.0,26,22:24,0,0,6,5,54.5
304,2018-12-22,36,23-056,EDM,,TBL,L,1,0,1,-1,0,0,1,0,0,0,0,0,3,33.3,26,21:45,0,0,6,9,40.0
305,2018-12-27,37,23-061,EDM,,VAN,L,1,1,2,-1,0,0,1,0,0,0,1,0,2,50.0,27,27:01,6,1,6,6,50.0
306,2018-12-29,38,23-063,EDM,,SJS,L,1,1,2,-2,0,1,0,0,0,1,0,0,4,25.0,26,17:15,2,0,11,4,73.3
307,2018-12-31,39,23-065,EDM,,WPG,L,2,0,2,0,0,1,1,0,0,0,0,0,4,50.0,26,21:45,1,0,5,9,35.7
308,2019-01-02,40,23-067,EDM,@,ARI,W,1,1,2,2,0,1,0,0,0,1,0,0,5,20.0,28,23:46,1,0,20,6,76.9
309,2019-01-05,41,23-070,EDM,@,LAK,L,0,0,0,-1,0,0,0,0,0,0,0,0,2,0.0,25,22:37,0,0,6,7,46.2
310,2019-01-06,42,23-071,EDM,@,ANA,W,1,0,1,2,2,1,0,0,0,0,0,0,2,50.0,28,17:38,0,1,9,14,39.1
311,2019-01-08,43,23-073,EDM,@,SJS,L,0,0,0,-3,0,0,0,0,0,0,0,0,1,0.0,25,21:03,1,0,5,9,35.7
312,2019-01-10,44,23-075,EDM,,FLA,W,0,2,2,2,0,0,0,0,0,2,0,0,1,0.0,34,28:34,0,1,13,8,61.9
313,2019-01-12,45,23-077,EDM,,ARI,L,0,0,0,0,0,0,0,0,0,0,0,0,0,,25,24:32,0,1,9,7,56.3
314,2019-01-14,46,23-079,EDM,,BUF,W,1,0,1,0,0,0,1,0,0,0,0,0,3,33.3,30,21:33,1,2,7,7,50.0
315,2019-01-16,47,23-081,EDM,@,VAN,W,0,1,1,0,2,0,0,0,0,0,1,0,4,0.0,33,27:40,0,1,8,13,38.1
316,2019-01-19,48,23-084,EDM,,CGY,L,0,0,0,-1,2,0,0,0,0,0,0,0,3,0.0,24,23:44,0,0,6,5,54.5
317,2019-01-20,49,23-085,EDM,,CAR,L,2,1,3,0,0,1,1,0,0,1,0,0,2,100.0,28,21:20,0,1,6,7,46.2
318,2019-01-22,50,23-087,EDM,,DET,L,1,1,2,1,2,1,0,0,0,1,0,0,3,33.3,23,26:06,1,1,12,10,54.5
319,2019-02-02,51,23-098,EDM,@,PHI,L-OT,0,0,0,1,0,0,0,0,0,0,0,0,4,0.0,28,21:56,0,0,12,9,57.1
320,2019-02-03,52,23-099,EDM,@,MTL,L-OT,2,0,2,0,4,1,1,0,0,0,0,0,4,50.0,31,22:26,2,0,7,11,38.9
321,2019-02-05,53,23-101,EDM,,CHI,L,2,0,2,-2,2,0,2,0,0,0,0,0,6,33.3,25,21:38,1,0,14,11,56.0
322,2019-02-07,54,23-103,EDM,@,MIN,W,1,0,1,1,0,0,1,0,0,0,0,0,2,50.0,26,22:27,0,2,8,11,42.1
323,2019-02-09,55,23-105,EDM,,SJS,L,0,0,0,0,4,0,0,0,0,0,0,0,0,,30,18:58,1,0,6,7,46.2
324,2019-02-13,56,23-109,EDM,@,PIT,L,1,0,1,-2,0,1,0,0,0,0,0,0,6,16.7,28,24:03,0,0,6,3,66.7
325,2019-02-15,57,23-111,EDM,@,CAR,L,1,0,1,-1,2,1,0,0,0,0,0,0,4,25.0,29,23:34,2,1,7,10,41.2
326,2019-02-16,58,23-112,EDM,@,NYI,L,1,0,1,-1,0,0,1,0,0,0,0,0,3,33.3,24,25:27,0,0,8,8,50.0
327,2019-02-19,59,23-115,EDM,,ARI,L-SO,0,2,2,0,0,0,0,0,0,2,0,0,4,0.0,26,26:37,1,0,8,8,50.0
328,2019-02-21,60,23-117,EDM,,NYI,W,1,1,2,1,0,0,1,0,0,1,0,0,3,33.3,26,25:01,1,1,12,12,50.0
329,2019-02-23,61,23-119,EDM,,ANA,W,0,1,1,1,2,0,0,0,0,1,0,0,3,0.0,26,22:32,2,1,10,10,50.0
330,2019-02-25,62,23-121,EDM,@,NSH,L-SO,2,0,2,0,0,0,1,1,0,0,0,0,2,100.0,33,25:00,1,0,17,16,51.5
331,2019-02-27,63,23-123,EDM,@,TOR,L,1,0,1,-1,2,0,1,0,0,0,0,0,2,50.0,26,20:21,2,1,6,6,50.0
332,2019-02-28,64,23-124,EDM,@,OTT,W,0,1,1,0,0,0,0,0,0,1,0,0,2,0.0,26,21:17,1,0,3,8,27.3
333,2019-03-02,65,23-126,EDM,@,CBJ,W,1,2,3,3,0,1,0,0,0,2,0,0,4,25.0,27,22:43,0,0,8,8,50.0
334,2019-03-04,66,23-128,EDM,@,BUF,W,1,1,2,1,2,0,0,1,0,1,0,0,2,50.0,30,24:03,0,0,8,3,72.7
335,2019-03-07,67,23-131,EDM,,VAN,W,0,1,1,1,2,0,0,0,0,1,0,0,4,0.0,26,23:32,0,0,12,11,52.2
336,2019-03-09,68,23-133,EDM,,TOR,L,0,2,2,1,2,0,0,0,0,2,0,0,6,0.0,24,26:20,3,0,9,10,47.4
337,2019-03-11,69,23-135,EDM,,NYR,W,1,2,3,1,0,1,0,0,1,1,1,0,3,33.3,28,26:04,1,0,10,7,58.8
338,2019-03-13,70,23-137,EDM,,NJD,L,0,0,0,0,0,0,0,0,0,0,0,0,3,0.0,27,26:52,0,0,9,11,45.0
339,2019-03-16,71,23-140,EDM,@,ARI,W,0,1,1,2,2,0,0,0,0,1,0,0,3,0.0,31,26:43,1,0,18,10,64.3
340,2019-03-17,72,23-141,EDM,@,VEG,L,1,0,1,-3,4,1,0,0,0,0,0,0,1,100.0,26,21:56,1,0,8,7,53.3
341,2019-03-19,73,23-143,EDM,@,STL,L,0,0,0,-2,0,0,0,0,0,0,0,0,2,0.0,29,22:24,1,0,7,9,43.8
342,2019-03-21,74,23-145,EDM,,CBJ,W,0,3,3,2,0,0,0,0,0,2,1,0,2,0.0,25,19:03,0,1,5,3,62.5
343,2019-03-23,75,23-147,EDM,,OTT,L-OT,0,1,1,-1,0,0,0,0,0,1,0,0,1,0.0,29,23:31,1,0,7,5,58.3
344,2019-03-26,76,23-150,EDM,,LAK,W,3,1,4,2,0,3,0,0,0,1,0,0,5,60.0,28,20:39,0,0,8,4,66.7
345,2019-03-28,77,23-152,EDM,,DAL,L-SO,1,1,2,2,0,1,0,0,0,1,0,0,4,25.0,29,23:13,0,1,4,7,36.4
346,2019-03-30,78,23-154,EDM,,ANA,L,0,0,0,-2,0,0,0,0,0,0,0,0,3,0.0,24,21:39,1,0,2,0,100.0
347,2019-04-01,79,23-156,EDM,@,VEG,L,0,1,1,-2,0,0,0,0,0,1,0,0,2,0.0,27,23:10,0,0,3,4,42.9
348,2019-04-02,80,23-157,EDM,@,COL,L,0,0,0,-3,0,0,0,0,0,0,0,0,2,0.0,25,21:25,0,0,9,8,52.9
349,2019-04-04,81,23-159,EDM,,SJS,L,2,0,2,0,0,1,0,1,0,0,0,0,7,28.6,27,25:29,0,1,3,7,30.0
350,2019-04-06,82,23-161,EDM,@,CGY,W,1,0,1,0,0,1,0,0,0,0,0,0,3,33.3,32,25:06,1,1,3,7,30.0
351,2019-10-02,1,23-340,EDM,,VAN,W,1,2,3,2,0,1,0,0,0,2,0,0,6,16.7,26,26:46,0,0,11,13,45.8
352,2019-10-05,2,23-343,EDM,,LAK,W,0,2,2,0,0,0,0,0,0,2,0,0,4,0.0,27,26:05,1,0,7,12,36.8
353,2019-10-08,3,23-346,EDM,@,NYI,W,0,2,2,0,0,0,0,0,0,1,1,0,3,0.0,20,21:52,0,0,6,9,40.0
354,2019-10-10,4,23-348,EDM,@,NJD,W,1,0,1,-1,0,1,0,0,0,0,0,0,5,20.0,29,25:41,1,0,5,3,62.5
355,2019-10-12,5,23-350,EDM,@,NYR,W,2,1,3,1,0,2,0,0,0,0,1,0,4,50.0,25,23:25,0,0,10,11,47.6
356,2019-10-14,6,23-352,EDM,@,CHI,L,0,1,1,-1,0,0,0,0,0,0,1,0,3,0.0,22,26:59,0,0,10,7,58.8
357,2019-10-16,7,23-354,EDM,,PHI,W,2,1,3,3,0,1,1,0,0,0,1,0,3,66.7,23,19:51,1,1,6,6,50.0
358,2019-10-18,8,23-356,EDM,,DET,W,0,1,1,1,0,0,0,0,0,1,0,0,2,0.0,19,20:45,0,0,7,3,70.0
359,2019-10-20,9,23-358,EDM,@,WPG,L-SO,0,0,0,0,0,0,0,0,0,0,0,0,4,0.0,24,25:39,0,0,7,11,38.9
360,2019-10-22,10,23-360,EDM,@,MIN,L,0,0,0,-1,0,0,0,0,0,0,0,0,1,0.0,20,19:55,0,0,3,7,30.0
361,2019-10-24,11,23-362,EDM,,WSH,W,2,1,3,3,0,2,0,0,1,1,0,0,5,40.0,25,26:49,1,0,6,9,40.0
362,2019-10-27,12,24-000,EDM,,FLA,L,1,1,2,-1,0,1,0,0,0,0,1,0,3,33.3,20,22:38,0,0,6,5,54.5
363,2019-10-29,13,24-002,EDM,@,DET,L,1,0,1,0,2,1,0,0,0,0,0,0,3,33.3,21,26:43,0,1,6,9,40.0
364,2019-10-30,14,24-003,EDM,@,CBJ,W,2,1,3,2,0,2,0,0,1,0,1,0,3,66.7,20,20:48,0,1,4,7,36.4
365,2019-11-02,15,24-006,EDM,@,PIT,W,1,0,1,0,0,1,0,0,1,0,0,0,3,33.3,24,23:27,1,0,8,8,50.0
366,2019-11-04,16,24-008,EDM,,ARI,L-OT,0,1,1,-1,0,0,0,0,0,1,0,0,1,0.0,24,25:01,1,0,12,4,75.0
367,2019-11-06,17,24-010,EDM,,STL,L,0,2,2,-1,2,0,0,0,0,1,1,0,3,0.0,22,23:26,0,1,14,6,70.0
368,2019-11-08,18,24-012,EDM,,NJD,W,1,0,1,1,0,1,0,0,1,0,0,0,3,33.3,18,18:49,1,0,8,2,80.0
369,2019-11-10,19,24-014,EDM,@,ANA,W,0,4,4,1,0,0,0,0,0,2,2,0,2,0.0,21,17:35,0,0,3,5,37.5
370,2019-11-12,20,24-016,EDM,@,SJS,L,1,1,2,1,2,1,0,0,0,1,0,0,3,33.3,21,19:26,1,0,6,6,50.0
371,2019-11-14,21,24-018,EDM,,COL,W,0,5,5,1,0,0,0,0,0,2,3,0,4,0.0,21,16:58,1,0,3,6,33.3
372,2019-11-16,22,24-020,EDM,,DAL,L-OT,1,1,2,-3,0,1,0,0,0,0,1,0,3,33.3,22,23:34,0,1,8,6,57.1
373,2019-11-19,23,24-023,EDM,@,SJS,W,0,1,1,1,0,0,0,0,0,1,0,0,3,0.0,21,20:48,1,1,4,10,28.6
374,2019-11-21,24,24-025,EDM,@,LAK,L,0,0,0,-3,0,0,0,0,0,0,0,0,5,0.0,21,21:07,1,0,3,5,37.5
375,2019-11-23,25,24-027,EDM,@,VEG,W,0,3,3,2,0,0,0,0,0,2,1,0,2,0.0,21,21:49,0,0,9,10,47.4
376,2019-11-24,26,24-028,EDM,@,ARI,W,0,1,1,-1,0,0,0,0,0,0,1,0,2,0.0,26,29:00,0,0,11,4,73.3
377,2019-11-27,27,24-031,EDM,@,COL,L,0,0,0,-1,2,0,0,0,0,0,0,0,1,0.0,21,21:50,1,0,5,10,33.3
378,2019-11-30,28,24-034,EDM,,VAN,L,0,0,0,-1,0,0,0,0,0,0,0,0,3,0.0,22,22:01,0,0,9,10,47.4
379,2019-12-01,29,24-035,EDM,@,VAN,W,2,0,2,-1,0,0,2,0,1,0,0,0,5,40.0,20,20:53,1,1,12,7,63.2
380,2019-12-04,30,24-038,EDM,,OTT,L,0,1,1,-2,2,0,0,0,0,1,0,0,1,0.0,25,23:58,1,0,5,12,29.4
381,2019-12-06,31,24-040,EDM,,LAK,W,1,1,2,-1,0,0,1,0,0,0,1,0,3,33.3,22,20:54,0,0,7,8,46.7
382,2019-12-08,32,24-042,EDM,,BUF,L-OT,0,0,0,-2,0,0,0,0,0,0,0,0,3,0.0,23,24:59,0,3,5,3,62.5
383,2019-12-10,33,24-044,EDM,,CAR,L,0,1,1,-1,0,0,0,0,0,0,1,0,1,0.0,22,24:00,0,0,10,12,45.5
384,2019-12-12,34,24-046,EDM,@,MIN,L,1,0,1,0,0,0,1,0,0,0,0,0,4,25.0,20,21:57,0,0,7,6,53.8
385,2019-12-14,35,24-048,EDM,,TOR,L,0,1,1,-2,0,0,0,0,0,0,1,0,2,0.0,23,22:31,1,0,9,8,52.9
386,2019-12-16,36,24-050,EDM,@,DAL,W,1,0,1,-1,0,0,1,0,1,0,0,0,3,33.3,18,19:14,0,1,10,7,58.8
387,2019-12-18,37,24-052,EDM,@,STL,L,0,1,1,-1,0,0,0,0,0,1,0,0,8,0.0,25,23:41,0,0,11,11,50.0
388,2019-12-20,38,24-054,EDM,,PIT,L,0,0,0,-4,0,0,0,0,0,0,0,0,3,0.0,20,20:52,0,0,5,6,45.5
389,2019-12-21,39,24-055,EDM,,MTL,W,1,1,2,-1,0,1,0,0,0,0,1,0,1,100.0,22,23:54,1,2,9,11,45.0
390,2019-12-23,40,24-057,EDM,@,VAN,L,0,1,1,-3,0,0,0,0,0,0,1,0,1,0.0,20,22:30,0,0,4,5,44.4
391,2019-12-27,41,24-061,EDM,,CGY,L,0,0,0,-3,0,0,0,0,0,0,0,0,3,0.0,21,20:40,1,0,8,8,50.0
392,2019-12-31,42,24-065,EDM,,NYR,W,1,0,1,-2,0,0,1,0,0,0,0,0,1,100.0,18,17:49,0,0,12,10,54.5
393,2020-01-02,43,24-067,EDM,@,BUF,L-OT,0,1,1,1,0,0,0,0,0,1,0,0,2,0.0,20,21:05,0,1,13,6,68.4
394,2020-01-04,44,24-069,EDM,@,BOS,W,1,1,2,2,2,1,0,0,0,1,0,0,2,50.0,21,22:54,1,0,17,8,68.0
395,2020-01-06,45,24-071,EDM,@,TOR,W,1,1,2,1,0,0,1,0,1,1,0,0,1,100.0,23,24:11,0,0,13,14,48.1
396,2020-01-09,46,24-074,EDM,@,MTL,W,0,2,2,0,0,0,0,0,0,1,1,0,4,0.0,19,20:08,0,0,10,11,47.6
397,2020-01-11,47,24-076,EDM,@,CGY,L,0,1,1,1,0,0,0,0,0,1,0,0,2,0.0,21,22:46,1,3,8,13,38.1
398,2020-01-14,48,24-079,EDM,,NSH,W,2,1,3,0,0,0,2,0,0,1,0,0,5,40.0,20,22:39,1,0,13,17,43.3
399,2020-01-18,49,24-083,EDM,,ARI,W,0,2,2,1,0,0,0,0,0,1,1,0,2,0.0,21,20:52,0,0,12,10,54.5
400,2020-01-29,50,24-094,EDM,,CGY,L-SO,0,2,2,0,2,0,0,0,0,1,1,0,5,0.0,23,26:55,0,1,13,12,52.0
401,2020-01-31,51,24-096,EDM,,STL,W,2,0,2,3,0,2,0,0,1,0,0,0,6,33.3,23,20:17,1,0,16,12,57.1
402,2020-02-01,52,24-097,EDM,@,CGY,W,0,4,4,4,0,0,0,0,0,3,1,0,3,0.0,23,19:27,0,0,11,7,61.1
403,2020-02-04,53,24-100,EDM,@,ARI,L,0,0,0,-2,0,0,0,0,0,0,0,0,4,0.0,17,24:09,0,1,10,8,55.6
404,2020-02-06,54,24-102,EDM,,SJS,L,0,0,0,-3,0,0,0,0,0,0,0,0,1,0.0,16,17:57,0,0,8,4,66.7
405,2020-02-08,55,24-104,EDM,,NSH,W,2,0,2,1,0,1,1,0,1,0,0,0,6,33.3,21,24:17,1,0,15,10,60.0
406,2020-02-11,56,24-107,EDM,,CHI,W,1,3,4,0,0,1,0,0,0,1,2,0,4,25.0,23,23:36,0,0,15,11,57.7
407,2020-02-13,57,24-109,EDM,@,TBL,L,0,1,1,-1,0,0,0,0,0,1,0,0,1,0.0,24,24:34,1,0,10,11,47.6
408,2020-02-15,58,24-111,EDM,@,FLA,W,1,1,2,3,0,1,0,0,1,1,0,0,5,20.0,24,23:35,0,0,13,16,44.8
409,2020-02-16,59,24-112,EDM,@,CAR,W,1,2,3,-1,0,1,0,0,0,1,1,0,1,100.0,24,24:24,0,0,10,12,45.5
410,2020-02-19,60,24-115,EDM,,BOS,L-OT,0,0,0,-2,0,0,0,0,0,0,0,0,4,0.0,24,29:22,0,0,20,12,62.5
411,2020-02-21,61,24-117,EDM,,MIN,L,1,1,2,2,0,1,0,0,0,1,0,0,1,100.0,23,24:37,0,0,13,6,68.4
412,2020-02-23,62,24-119,EDM,@,LAK,W,1,0,1,1,2,0,1,0,0,0,0,0,6,16.7,21,22:41,0,0,13,8,61.9
413,2020-02-25,63,24-121,EDM,@,ANA,L-OT,1,0,1,-2,0,0,1,0,0,0,0,0,3,33.3,20,23:57,0,0,14,10,58.3
414,2020-02-26,64,24-122,EDM,@,VEG,L,0,0,0,0,0,0,0,0,0,0,0,0,4,0.0,21,21:15,1,0,10,10,50.0
415,2020-02-29,65,24-125,EDM,,WPG,W,2,1,3,1,0,0,2,0,0,1,0,0,4,50.0,22,22:51,1,0,8,8,50.0
416,2020-03-02,66,24-127,EDM,@,NSH,W,4,1,5,4,0,3,1,0,0,1,0,0,7,57.1,17,17:57,0,0,4,8,33.3
417,2020-03-03,67,24-128,EDM,@,DAL,W,0,1,1,0,2,0,0,0,0,0,1,0,4,0.0,23,24:31,0,0,11,13,45.8
418,2020-03-05,68,24-130,EDM,@,CHI,L,0,2,2,2,0,0,0,0,0,2,0,0,1,0.0,18,19:59,0,0,6,6,50.0
419,2020-03-07,69,24-132,EDM,,CBJ,W,0,0,0,-1,0,0,0,0,0,0,0,0,1,0.0,21,21:06,0,0,14,10,58.3
420,2020-03-09,70,24-134,EDM,,VEG,L-OT,0,0,0,0,0,0,0,0,0,0,0,0,0,,23,24:21,1,0,15,13,53.6
421,2020-03-11,71,24-136,EDM,,WPG,L,0,0,0,-2,0,0,0,0,0,0,0,0,3,0.0,19,22:22,1,0,16,4,80.0
