,date_game,game_season,age,team_id,game_location,opp_id,game_result,goals,assists,points,plus_minus,pen_min,goals_ev,goals_pp,goals_sh,goals_gw,assists_ev,assists_pp,assists_sh,shots,shot_pct,shifts,time_on_ice,hits_all,blocks_all,faceoff_wins_all,faceoff_losses_all,faceoff_percentage_all
0,2017-10-06,1,19-104,CBJ,,NYI,W,1,0,1,1,0,1,0,0,0,0,0,0,3,33.3,20,14:07,0,0,0,0,
1,2017-10-07,2,19-105,CBJ,@,CHI,L,0,0,0,0,0,0,0,0,0,0,0,0,1,0.0,20,15:13,3,1,0,0,
2,2017-10-10,3,19-108,CBJ,@,CAR,W,0,0,0,0,0,0,0,0,0,0,0,0,2,0.0,14,11:37,0,1,0,2,0.0
3,2017-10-13,4,19-111,CBJ,,NYR,W,0,0,0,-1,0,0,0,0,0,0,0,0,0,,18,13:27,3,0,0,3,0.0
4,2017-10-14,5,19-112,CBJ,@,MIN,W,0,0,0,-1,0,0,0,0,0,0,0,0,1,0.0,16,11:40,0,0,0,0,
5,2017-10-17,6,19-115,CBJ,@,WPG,W,0,0,0,-1,2,0,0,0,0,0,0,0,3,0.0,17,12:01,5,0,0,0,
6,2017-10-19,7,19-117,CBJ,,TBL,L,0,0,0,-1,0,0,0,0,0,0,0,0,2,0.0,17,12:27,1,0,0,3,0.0
7,2017-10-21,8,19-119,CBJ,,LAK,L,0,0,0,1,0,0,0,0,0,0,0,0,0,,16,9:38,4,0,0,0,
8,2017-10-25,9,19-123,CBJ,,BUF,W,0,0,0,-1,0,0,0,0,0,0,0,0,0,,18,11:49,2,0,3,4,42.9
9,2017-10-27,10,19-125,CBJ,,WPG,W,0,0,0,0,0,0,0,0,0,0,0,0,0,,8,4:17,1,0,0,1,0.0
10,2017-10-28,11,19-126,CBJ,@,STL,L,0,0,0,0,0,0,0,0,0,0,0,0,0,,12,8:20,2,1,1,0,100.0
11,2017-10-30,12,19-128,CBJ,,BOS,W,0,0,0,0,2,0,0,0,0,0,0,0,1,0.0,15,11:40,0,0,0,0,
12,2017-11-02,13,19-131,CBJ,@,FLA,W,0,1,1,2,0,0,0,0,0,1,0,0,2,0.0,16,11:23,0,0,3,6,33.3
13,2017-11-04,14,19-133,CBJ,@,TBL,L-SO,0,1,1,0,0,0,0,0,0,1,0,0,0,,15,10:15,1,0,0,2,0.0
14,2017-11-06,15,19-135,CBJ,@,NYR,L,0,0,0,0,0,0,0,0,0,0,0,0,2,0.0,20,14:31,3,0,0,0,
15,2017-11-07,16,19-136,CBJ,,NSH,L,1,0,1,1,0,1,0,0,0,0,0,0,4,25.0,20,13:54,1,0,3,5,37.5
16,2017-11-10,17,19-139,CBJ,,CAR,L,0,0,0,-1,0,0,0,0,0,0,0,0,1,0.0,18,14:57,1,0,5,5,50.0
17,2017-11-11,18,19-140,CBJ,@,DET,W,0,0,0,0,0,0,0,0,0,0,0,0,1,0.0,18,14:27,1,1,2,5,28.6
18,2017-11-14,19,19-143,CBJ,@,MTL,W,0,0,0,1,0,0,0,0,0,0,0,0,0,,21,13:53,2,0,5,5,50.0
19,2017-11-17,20,19-146,CBJ,,NYR,W,0,0,0,0,0,0,0,0,0,0,0,0,2,0.0,14,12:16,1,0,2,2,50.0
20,2017-11-20,21,19-149,CBJ,@,BUF,W,1,0,1,1,0,1,0,0,0,0,0,0,5,20.0,20,16:05,1,1,3,5,37.5
21,2017-11-22,22,19-151,CBJ,,CGY,W,0,0,0,0,0,0,0,0,0,0,0,0,5,0.0,20,19:14,0,2,4,8,33.3
22,2017-11-24,23,19-153,CBJ,,OTT,W,0,0,0,-2,2,0,0,0,0,0,0,0,0,,20,15:56,0,1,3,6,33.3
23,2017-11-27,24,19-156,CBJ,@,MTL,L,1,0,1,0,0,1,0,0,0,0,0,0,3,33.3,22,20:09,9,0,7,6,53.8
24,2017-11-28,25,19-157,CBJ,,CAR,W,0,1,1,0,2,0,0,0,0,1,0,0,1,0.0,23,19:12,3,1,4,6,40.0
25,2017-12-01,26,19-160,CBJ,,ANA,W,0,2,2,1,0,0,0,0,0,1,1,0,1,0.0,19,15:32,2,0,5,9,35.7
26,2017-12-02,27,19-161,CBJ,@,WSH,L,0,2,2,1,0,0,0,0,0,2,0,0,2,0.0,22,20:44,1,0,6,15,28.6
27,2017-12-05,28,19-164,CBJ,,NJD,L,0,0,0,-2,0,0,0,0,0,0,0,0,2,0.0,20,19:40,2,0,9,7,56.3
28,2017-12-08,29,19-167,CBJ,@,NJD,W,1,0,1,2,0,1,0,0,0,0,0,0,3,33.3,22,15:29,2,1,6,12,33.3
29,2017-12-09,30,19-168,CBJ,,ARI,W,0,1,1,1,0,0,0,0,0,1,0,0,0,,21,17:17,3,1,8,5,61.5
30,2017-12-12,31,19-171,CBJ,,EDM,L,0,0,0,-1,0,0,0,0,0,0,0,0,2,0.0,18,15:16,2,1,1,7,12.5
31,2017-12-14,32,19-173,CBJ,,NYI,W,1,0,1,1,0,0,1,0,0,0,0,0,3,33.3,21,15:07,1,4,8,8,50.0
32,2017-12-16,33,19-175,CBJ,@,CAR,L,0,0,0,0,2,0,0,0,0,0,0,0,3,0.0,24,22:20,1,0,8,9,47.1
33,2017-12-18,34,19-177,CBJ,@,BOS,L,0,0,0,-2,7,0,0,0,0,0,0,0,2,0.0,20,14:29,2,0,7,4,63.6
34,2017-12-20,35,19-179,CBJ,,TOR,W,1,0,1,-1,0,0,1,0,1,0,0,0,3,33.3,25,16:34,2,0,6,8,42.9
35,2017-12-21,36,19-180,CBJ,@,PIT,L-SO,1,1,2,1,0,1,0,0,0,0,1,0,5,20.0,24,18:52,4,0,11,12,47.8
36,2017-12-23,37,19-182,CBJ,,PHI,W,0,0,0,0,0,0,0,0,0,0,0,0,5,0.0,26,18:59,1,0,10,14,41.7
37,2017-12-27,38,19-186,CBJ,@,PIT,L-SO,0,1,1,2,0,0,0,0,0,1,0,0,5,0.0,29,22:38,2,0,7,15,31.8
38,2017-12-29,39,19-188,CBJ,@,OTT,L,0,1,1,0,0,0,0,0,0,0,1,0,1,0.0,25,20:58,1,0,9,14,39.1
39,2017-12-31,40,19-190,CBJ,,TBL,L,0,0,0,-1,0,0,0,0,0,0,0,0,0,,16,14:24,0,1,8,9,47.1
40,2018-01-02,41,19-192,CBJ,@,DAL,W,0,0,0,0,0,0,0,0,0,0,0,0,2,0.0,25,18:28,0,0,7,11,38.9
41,2018-01-04,42,19-194,CBJ,@,COL,L,0,0,0,0,4,0,0,0,0,0,0,0,2,0.0,25,21:39,2,0,11,13,45.8
42,2018-01-07,43,19-197,CBJ,,FLA,W,1,1,2,0,2,0,1,0,0,0,1,0,5,20.0,29,24:59,0,3,12,14,46.2
43,2018-01-08,44,19-198,CBJ,@,TOR,W,1,0,1,2,0,1,0,0,0,0,0,0,1,100.0,27,21:59,0,1,11,8,57.9
44,2018-01-11,45,19-201,CBJ,@,BUF,L,0,0,0,-2,0,0,0,0,0,0,0,0,2,0.0,27,22:47,0,1,7,18,28.0
45,2018-01-12,46,19-202,CBJ,,VAN,L,0,0,0,0,0,0,0,0,0,0,0,0,0,,22,20:47,2,0,8,11,42.1
46,2018-01-18,47,19-208,CBJ,,DAL,W,0,0,0,-1,2,0,0,0,0,0,0,0,0,,24,15:25,0,0,8,5,61.5
47,2018-01-23,48,19-213,CBJ,@,VEG,L,0,0,0,1,2,0,0,0,0,0,0,0,4,0.0,21,18:55,1,0,6,9,40.0
48,2018-01-25,49,19-215,CBJ,@,ARI,W,0,0,0,0,0,0,0,0,0,0,0,0,5,0.0,21,16:24,2,0,6,7,46.2
49,2018-01-30,50,19-220,CBJ,,MIN,L-SO,0,0,0,-1,0,0,0,0,0,0,0,0,2,0.0,25,18:09,3,0,5,6,45.5
50,2018-02-02,51,19-223,CBJ,,SJS,L,0,0,0,0,0,0,0,0,0,0,0,0,0,,15,11:41,0,1,5,5,50.0
51,2018-02-03,52,19-224,CBJ,@,NYI,L,0,1,1,0,2,0,0,0,0,0,1,0,3,0.0,22,15:52,1,2,8,8,50.0
52,2018-02-06,53,19-227,CBJ,,WSH,L,0,0,0,0,0,0,0,0,0,0,0,0,2,0.0,21,16:11,0,1,5,10,33.3
53,2018-02-09,54,19-230,CBJ,@,WSH,L,1,0,1,0,0,1,0,0,0,0,0,0,3,33.3,18,14:54,3,0,9,5,64.3
54,2018-02-10,55,19-231,CBJ,,NJD,W,1,0,1,2,0,1,0,0,0,0,0,0,5,20.0,23,15:54,1,0,9,7,56.3
55,2018-02-13,56,19-234,CBJ,@,NYI,W,1,1,2,0,0,0,1,0,1,0,1,0,3,33.3,22,16:29,0,1,4,9,30.8
56,2018-02-14,57,19-235,CBJ,@,TOR,L,0,0,0,0,0,0,0,0,0,0,0,0,3,0.0,22,17:13,4,0,8,10,44.4
57,2018-02-16,58,19-237,CBJ,,PHI,L-OT,0,0,0,0,0,0,0,0,0,0,0,0,2,0.0,22,18:24,0,0,4,6,40.0
58,2018-02-18,59,19-239,CBJ,,PIT,L,0,1,1,0,0,0,0,0,0,1,0,0,3,0.0,23,20:13,3,0,12,9,57.1
59,2018-02-20,60,19-241,CBJ,@,NJD,W,0,1,1,1,0,0,0,0,0,1,0,0,0,,22,18:32,1,0,5,8,38.5
60,2018-02-22,61,19-243,CBJ,@,PHI,L,0,0,0,-1,2,0,0,0,0,0,0,0,0,,26,20:23,0,1,2,8,20.0
61,2018-02-24,62,19-245,CBJ,,CHI,W,1,1,2,1,0,1,0,0,0,0,1,0,2,50.0,22,17:39,0,2,8,5,61.5
62,2018-02-26,63,19-247,CBJ,,WSH,W,0,0,0,0,0,0,0,0,0,0,0,0,4,0.0,22,18:24,1,1,5,8,38.5
63,2018-03-01,64,19-250,CBJ,@,LAK,L,0,0,0,-1,0,0,0,0,0,0,0,0,3,0.0,23,16:56,0,0,7,4,63.6
64,2018-03-02,65,19-251,CBJ,@,ANA,L,0,0,0,-2,2,0,0,0,0,0,0,0,2,0.0,22,18:18,2,1,10,14,41.7
65,2018-03-04,66,19-253,CBJ,@,SJS,W,0,1,1,3,0,0,0,0,0,1,0,0,2,0.0,22,16:35,1,0,3,9,25.0
66,2018-03-06,67,19-255,CBJ,,VEG,W,1,2,3,3,0,1,0,0,0,2,0,0,2,50.0,21,15:30,2,2,5,6,45.5
67,2018-03-08,68,19-257,CBJ,,COL,W,0,2,2,0,0,0,0,0,0,1,1,0,0,,25,17:26,0,0,10,2,83.3
68,2018-03-09,69,19-258,CBJ,,DET,W,0,0,0,-1,0,0,0,0,0,0,0,0,1,0.0,18,17:52,4,0,6,6,50.0
69,2018-03-12,70,19-261,CBJ,,MTL,W,0,0,0,-1,0,0,0,0,0,0,0,0,1,0.0,22,17:47,1,0,11,6,64.7
70,2018-03-15,71,19-264,CBJ,@,PHI,W,0,0,0,2,0,0,0,0,0,0,0,0,2,0.0,22,19:55,2,2,6,5,54.5
71,2018-03-17,72,19-266,CBJ,,OTT,W,0,0,0,0,0,0,0,0,0,0,0,0,5,0.0,22,19:34,1,1,4,10,28.6
72,2018-03-19,73,19-268,CBJ,@,BOS,W,0,0,0,-1,2,0,0,0,0,0,0,0,1,0.0,22,16:49,1,1,4,10,28.6
73,2018-03-20,74,19-269,CBJ,@,NYR,W,0,0,0,-1,0,0,0,0,0,0,0,0,4,0.0,19,14:46,0,0,6,8,42.9
74,2018-03-22,75,19-271,CBJ,,FLA,W,0,2,2,2,2,0,0,0,0,1,1,0,1,0.0,21,12:59,5,0,7,6,53.8
75,2018-03-24,76,19-273,CBJ,,STL,L,0,0,0,-1,0,0,0,0,0,0,0,0,1,0.0,18,13:10,3,0,4,7,36.4
76,2018-03-27,77,19-276,CBJ,@,EDM,W,0,2,2,1,0,0,0,0,0,2,0,0,1,0.0,22,19:53,2,1,7,9,43.8
77,2018-03-29,78,19-278,CBJ,@,CGY,W,3,0,3,1,0,2,1,0,1,0,0,0,4,75.0,28,20:46,1,3,10,9,52.6
78,2018-03-31,79,19-280,CBJ,@,VAN,L-OT,1,0,1,-1,0,0,1,0,0,0,0,0,2,50.0,28,20:58,2,0,14,12,53.8
79,2018-04-03,80,19-283,CBJ,,DET,W,1,0,1,1,2,1,0,0,1,0,0,0,1,100.0,29,21:16,0,1,13,17,43.3
80,2018-04-05,81,19-285,CBJ,,PIT,L-OT,0,2,2,2,0,0,0,0,0,2,0,0,1,0.0,26,24:45,4,1,11,13,45.8
81,2018-04-07,82,19-287,CBJ,@,NSH,L,0,0,0,-1,10,0,0,0,0,0,0,0,2,0.0,21,16:39,2,2,4,16,20.0
82,2018-10-04,1,20-102,CBJ,@,DET,W,0,1,1,0,0,0,0,0,0,0,1,0,2,0.0,26,21:19,0,3,13,9,59.1
83,2018-10-05,2,20-103,CBJ,,CAR,L,0,0,0,-1,2,0,0,0,0,0,0,0,4,0.0,22,21:04,3,4,6,6,50.0
84,2018-10-09,3,20-107,CBJ,,COL,W,1,0,1,-1,2,0,1,0,0,0,0,0,1,100.0,21,18:28,1,0,8,9,47.1
85,2018-10-11,4,20-109,CBJ,@,FLA,W,0,1,1,1,0,0,0,0,0,1,0,0,4,0.0,24,16:16,0,0,11,9,55.0
86,2018-10-13,5,20-111,CBJ,@,TBL,L,0,0,0,-2,6,0,0,0,0,0,0,0,1,0.0,19,13:34,2,1,6,9,40.0
87,2018-10-18,6,20-116,CBJ,,PHI,W,0,0,0,1,0,0,0,0,0,0,0,0,2,0.0,21,17:57,1,0,1,9,10.0
88,2018-10-20,7,20-118,CBJ,,CHI,L,0,0,0,-3,2,0,0,0,0,0,0,0,2,0.0,23,19:17,1,0,10,4,71.4
89,2018-10-23,8,20-121,CBJ,,ARI,L,1,0,1,0,0,1,0,0,0,0,0,0,3,33.3,20,16:07,2,0,9,6,60.0
90,2018-10-25,9,20-123,CBJ,@,STL,W,0,0,0,2,4,0,0,0,0,0,0,0,0,,21,15:40,4,1,4,10,28.6
91,2018-10-27,10,20-125,CBJ,,BUF,W,1,2,3,1,0,1,0,0,0,2,0,0,2,50.0,25,17:57,0,1,9,7,56.3
92,2018-10-30,11,20-128,CBJ,,DET,L,1,0,1,0,2,1,0,0,0,0,0,0,3,33.3,24,21:15,3,0,11,12,47.8
93,2018-11-01,12,20-130,CBJ,@,SJS,W,0,0,0,-1,0,0,0,0,0,0,0,0,3,0.0,24,17:06,1,3,6,8,42.9
94,2018-11-03,13,20-132,CBJ,@,LAK,L,0,0,0,-2,0,0,0,0,0,0,0,0,1,0.0,22,17:25,1,1,5,9,35.7
95,2018-11-04,14,20-133,CBJ,@,ANA,L-OT,2,0,2,1,6,2,0,0,0,0,0,0,3,66.7,27,22:36,0,2,6,7,46.2
96,2018-11-06,15,20-135,CBJ,,DAL,W,0,0,0,1,0,0,0,0,0,0,0,0,2,0.0,22,16:36,1,1,6,5,54.5
97,2018-11-09,16,20-138,CBJ,@,WSH,W,0,0,0,0,2,0,0,0,0,0,0,0,4,0.0,21,17:40,1,0,4,10,28.6
98,2018-11-10,17,20-139,CBJ,,NYR,L-SO,1,1,2,0,2,1,0,0,0,0,1,0,6,16.7,28,21:47,0,0,8,9,47.1
99,2018-11-12,18,20-141,CBJ,@,DAL,W,1,0,1,1,0,1,0,0,1,0,0,0,4,25.0,26,18:23,2,1,5,4,55.6
100,2018-11-15,19,20-144,CBJ,,FLA,W,1,1,2,1,2,1,0,0,0,1,0,0,4,25.0,22,15:32,0,0,6,8,42.9
101,2018-11-17,20,20-146,CBJ,@,CAR,W,0,2,2,3,0,0,0,0,0,1,1,0,1,0.0,23,17:10,3,0,5,4,55.6
102,2018-11-19,21,20-148,CBJ,@,TOR,L,1,1,2,1,0,1,0,0,0,1,0,0,5,20.0,29,20:41,2,0,8,13,38.1
103,2018-11-23,22,20-152,CBJ,,TOR,W,0,0,0,0,2,0,0,0,0,0,0,0,1,0.0,21,20:35,3,2,6,5,54.5
104,2018-11-24,23,20-153,CBJ,@,PIT,L,0,0,0,-1,0,0,0,0,0,0,0,0,0,,23,20:10,3,2,3,9,25.0
105,2018-11-26,24,20-155,CBJ,@,DET,W,2,1,3,2,0,2,0,0,1,1,0,0,3,66.7,24,17:57,0,0,9,10,47.4
106,2018-11-29,25,20-158,CBJ,,MIN,W,0,2,2,1,0,0,0,0,0,1,1,0,1,0.0,22,20:55,0,1,6,9,40.0
107,2018-12-01,26,20-160,CBJ,@,NYI,L,1,0,1,0,2,1,0,0,0,0,0,0,3,33.3,23,17:27,1,1,1,7,12.5
108,2018-12-04,27,20-163,CBJ,,CGY,L,0,0,0,-1,0,0,0,0,0,0,0,0,0,,22,17:00,0,1,4,12,25.0
109,2018-12-06,28,20-165,CBJ,@,PHI,W,0,0,0,0,2,0,0,0,0,0,0,0,3,0.0,20,16:46,0,3,4,3,57.1
110,2018-12-08,29,20-167,CBJ,,WSH,L,0,0,0,-1,2,0,0,0,0,0,0,0,1,0.0,21,16:08,0,0,3,8,27.3
111,2018-12-11,30,20-170,CBJ,,VAN,L,0,1,1,0,0,0,0,0,0,1,0,0,4,0.0,25,21:16,2,1,8,6,57.1
112,2018-12-13,31,20-172,CBJ,,LAK,W,0,1,1,0,0,0,0,0,0,1,0,0,1,0.0,24,19:20,1,0,10,6,62.5
113,2018-12-15,32,20-174,CBJ,,ANA,L-OT,0,0,0,-1,0,0,0,0,0,0,0,0,1,0.0,27,22:24,1,2,5,10,33.3
114,2018-12-17,33,20-176,CBJ,,VEG,W,0,0,0,0,0,0,0,0,0,0,0,0,4,0.0,20,16:23,2,1,5,5,50.0
115,2018-12-20,34,20-179,CBJ,,NJD,W,0,1,1,1,0,0,0,0,0,1,0,0,2,0.0,25,20:31,0,0,3,9,25.0
116,2018-12-22,35,20-181,CBJ,@,PHI,W,0,3,3,3,2,0,0,0,0,3,0,0,1,0.0,23,18:51,5,0,8,8,50.0
117,2018-12-23,36,20-182,CBJ,@,NJD,W,0,0,0,2,0,0,0,0,0,0,0,0,0,,23,19:13,0,0,7,6,53.8
118,2018-12-27,37,20-186,CBJ,@,NYR,W,1,0,1,0,0,1,0,0,1,0,0,0,1,100.0,25,18:17,3,0,7,5,58.3
119,2018-12-28,38,20-187,CBJ,,TOR,L,0,0,0,-2,0,0,0,0,0,0,0,0,2,0.0,23,18:24,2,1,4,10,28.6
120,2018-12-31,39,20-190,CBJ,,OTT,W,2,2,4,4,0,2,0,0,0,2,0,0,3,66.7,27,20:56,0,0,11,11,50.0
121,2019-01-04,40,20-194,CBJ,@,CAR,L,0,0,0,0,0,0,0,0,0,0,0,0,0,,23,19:39,7,0,7,9,43.8
122,2019-01-05,41,20-195,CBJ,@,FLA,W,0,1,1,-1,0,0,0,0,0,1,0,0,4,0.0,26,18:35,0,0,6,10,37.5
123,2019-01-08,42,20-198,CBJ,@,TBL,L,0,0,0,-3,0,0,0,0,0,0,0,0,1,0.0,23,19:29,8,0,4,9,30.8
124,2019-01-10,43,20-200,CBJ,,NSH,W,0,1,1,-1,0,0,0,0,0,0,1,0,5,0.0,25,19:57,1,1,13,9,59.1
125,2019-01-12,44,20-202,CBJ,@,WSH,W,0,1,1,1,0,0,0,0,0,1,0,0,3,0.0,25,18:27,1,1,7,13,35.0
126,2019-01-13,45,20-203,CBJ,,NYR,W,0,1,1,3,0,0,0,0,0,1,0,0,3,0.0,23,21:36,0,0,16,8,66.7
127,2019-01-15,46,20-205,CBJ,,NJD,W,1,1,2,2,0,0,1,0,0,1,0,0,5,20.0,21,17:44,1,2,7,11,38.9
128,2019-01-18,47,20-208,CBJ,,MTL,L,0,0,0,-3,0,0,0,0,0,0,0,0,2,0.0,27,18:15,1,0,4,13,23.5
129,2019-01-19,48,20-209,CBJ,@,MIN,L,0,1,1,0,0,0,0,0,0,0,1,0,2,0.0,20,21:39,1,1,2,7,22.2
130,2019-01-29,49,20-219,CBJ,,BUF,L,1,1,2,0,0,1,0,0,0,0,1,0,3,33.3,21,21:57,3,0,7,6,53.8
131,2019-01-31,50,20-221,CBJ,@,WPG,L,0,0,0,0,2,0,0,0,0,0,0,0,2,0.0,24,22:05,1,0,4,11,26.7
132,2019-02-02,51,20-223,CBJ,,STL,L,1,0,1,-1,0,1,0,0,0,0,0,0,1,100.0,22,19:15,1,1,3,7,30.0
133,2019-02-05,52,20-226,CBJ,@,COL,W,2,0,2,2,2,2,0,0,0,0,0,0,4,50.0,23,19:07,2,2,5,7,41.7
134,2019-02-07,53,20-228,CBJ,@,ARI,W,0,0,0,-1,0,0,0,0,0,0,0,0,2,0.0,16,14:36,2,1,9,2,81.8
135,2019-02-09,54,20-230,CBJ,@,VEG,W,0,1,1,1,2,0,0,0,0,1,0,0,1,0.0,24,17:01,1,0,2,8,20.0
136,2019-02-12,55,20-233,CBJ,,WSH,W,0,0,0,0,0,0,0,0,0,0,0,0,1,0.0,20,19:18,2,0,6,4,60.0
137,2019-02-14,56,20-235,CBJ,,NYI,L,0,0,0,-1,0,0,0,0,0,0,0,0,1,0.0,18,14:09,1,0,2,4,33.3
138,2019-02-16,57,20-237,CBJ,@,CHI,W,1,1,2,4,0,1,0,0,0,1,0,0,2,50.0,27,18:45,2,1,0,12,0.0
139,2019-02-18,58,20-239,CBJ,,TBL,L,0,0,0,-2,2,0,0,0,0,0,0,0,3,0.0,21,15:41,0,0,4,3,57.1
140,2019-02-19,59,20-240,CBJ,@,MTL,L,0,0,0,-1,0,0,0,0,0,0,0,0,1,0.0,16,13:43,3,1,1,4,20.0
141,2019-02-22,60,20-243,CBJ,@,OTT,W,0,1,1,2,0,0,0,0,0,1,0,0,0,,18,14:16,0,1,4,5,44.4
142,2019-02-23,61,20-244,CBJ,,SJS,W,1,0,1,1,0,1,0,0,0,0,0,0,1,100.0,14,9:16,0,0,3,3,50.0
143,2019-02-26,62,20-247,CBJ,,PIT,L,0,0,0,-2,0,0,0,0,0,0,0,0,1,0.0,18,14:44,1,1,4,3,57.1
144,2019-02-28,63,20-249,CBJ,,PHI,W,0,1,1,2,0,0,0,0,0,1,0,0,2,0.0,24,18:54,1,0,4,8,33.3
145,2019-03-02,64,20-251,CBJ,,EDM,L,0,0,0,-1,0,0,0,0,0,0,0,0,1,0.0,16,13:00,1,1,3,5,37.5
146,2019-03-03,65,20-252,CBJ,,WPG,L,0,0,0,-1,4,0,0,0,0,0,0,0,4,0.0,22,15:14,2,1,3,6,33.3
147,2019-03-05,66,20-254,CBJ,@,NJD,W,0,0,0,-1,2,0,0,0,0,0,0,0,0,,20,15:14,0,0,0,4,0.0
148,2019-03-07,67,20-256,CBJ,@,PIT,L,0,0,0,0,2,0,0,0,0,0,0,0,0,,21,14:37,2,1,4,6,40.0
149,2019-03-09,68,20-258,CBJ,,PIT,W,0,0,0,0,0,0,0,0,0,0,0,0,1,0.0,21,16:23,0,0,9,4,69.2
150,2019-03-11,69,20-260,CBJ,@,NYI,L,0,0,0,-1,0,0,0,0,0,0,0,0,4,0.0,23,18:54,2,0,2,5,28.6
151,2019-03-12,70,20-261,CBJ,,BOS,W,0,0,0,0,0,0,0,0,0,0,0,0,3,0.0,20,17:19,0,1,7,7,50.0
152,2019-03-15,71,20-264,CBJ,,CAR,W,0,0,0,1,0,0,0,0,0,0,0,0,1,0.0,21,12:39,0,0,1,2,33.3
153,2019-03-16,72,20-265,CBJ,@,BOS,L-OT,0,0,0,0,2,0,0,0,0,0,0,0,2,0.0,26,18:24,3,0,2,9,18.2
154,2019-03-19,73,20-268,CBJ,@,CGY,L,0,0,0,-1,2,0,0,0,0,0,0,0,3,0.0,29,20:14,1,0,4,9,30.8
155,2019-03-21,74,20-270,CBJ,@,EDM,L,0,0,0,0,0,0,0,0,0,0,0,0,3,0.0,21,15:02,1,0,5,6,45.5
156,2019-03-24,75,20-273,CBJ,@,VAN,W,1,1,2,2,0,1,0,0,0,1,0,0,2,50.0,17,15:14,0,0,5,5,50.0
157,2019-03-26,76,20-275,CBJ,,NYI,W,0,0,0,0,2,0,0,0,0,0,0,0,2,0.0,20,15:53,2,0,5,6,45.5
158,2019-03-28,77,20-277,CBJ,,MTL,W,0,0,0,1,2,0,0,0,0,0,0,0,0,,19,14:15,1,2,6,4,60.0
159,2019-03-30,78,20-279,CBJ,@,NSH,W,0,0,0,0,0,0,0,0,0,0,0,0,0,,13,10:19,1,0,1,8,11.1
160,2019-03-31,79,20-280,CBJ,@,BUF,W,1,2,3,3,0,1,0,0,1,2,0,0,3,33.3,18,14:17,2,0,4,6,40.0
161,2019-04-02,80,20-282,CBJ,,BOS,L,0,0,0,0,0,0,0,0,0,0,0,0,1,0.0,22,15:22,1,0,7,6,53.8
162,2019-04-05,81,20-285,CBJ,@,NYR,W,0,0,0,-1,0,0,0,0,0,0,0,0,3,0.0,24,20:36,2,0,8,2,80.0
163,2019-04-06,82,20-286,CBJ,@,OTT,W,2,0,2,3,0,2,0,0,1,0,0,0,3,66.7,20,15:13,3,0,4,10,28.6
164,2019-10-04,1,21-102,CBJ,,TOR,L,0,0,0,0,0,0,0,0,0,0,0,0,0,,20,17:05,2,0,4,9,30.8
165,2019-10-05,2,21-103,CBJ,@,PIT,L,0,0,0,-1,5,0,0,0,0,0,0,0,1,0.0,18,15:22,3,1,5,8,38.5
166,2019-10-07,3,21-105,CBJ,,BUF,W,0,1,1,0,0,0,0,0,0,0,1,0,2,0.0,24,18:07,1,0,13,9,59.1
167,2019-10-11,4,21-109,CBJ,,ANA,L,1,0,1,1,0,1,0,0,0,0,0,0,3,33.3,21,21:35,2,1,7,4,63.6
168,2019-10-12,5,21-110,CBJ,@,CAR,W,1,0,1,1,0,1,0,0,1,0,0,0,3,33.3,22,17:27,4,1,3,7,30.0
169,2019-10-16,6,21-114,CBJ,,DAL,W,0,0,0,-1,2,0,0,0,0,0,0,0,0,,22,18:19,2,1,0,1,0.0
170,2019-10-18,7,21-116,CBJ,@,CHI,L-OT,1,0,1,0,0,1,0,0,0,0,0,0,4,25.0,23,18:44,1,0,0,2,0.0
171,2019-10-19,8,21-117,CBJ,,NYI,L-OT,0,0,0,-1,0,0,0,0,0,0,0,0,3,0.0,24,18:41,0,2,1,0,100.0
172,2019-10-21,9,21-119,CBJ,@,TOR,W,1,0,1,-2,0,1,0,0,0,0,0,0,5,20.0,23,19:45,1,2,0,0,
173,2019-10-24,10,21-122,CBJ,,CAR,W,0,1,1,1,2,0,0,0,0,1,0,0,5,0.0,27,21:29,2,0,1,5,16.7
174,2019-10-26,11,21-124,CBJ,@,PHI,L,1,0,1,1,2,1,0,0,0,0,0,0,2,50.0,25,21:30,1,0,5,6,45.5
175,2019-10-30,12,21-128,CBJ,,EDM,L,0,1,1,0,2,0,0,0,0,0,1,0,3,0.0,18,16:05,2,1,9,3,75.0
176,2019-11-01,13,21-130,CBJ,@,STL,L-OT,1,1,2,0,0,1,0,0,0,0,1,0,3,33.3,22,17:19,1,2,7,9,43.8
177,2019-11-02,14,21-131,CBJ,,CGY,L,0,0,0,-2,0,0,0,0,0,0,0,0,2,0.0,21,19:54,2,0,6,7,46.2
178,2019-11-05,15,21-134,CBJ,,VEG,L,0,0,0,-2,0,0,0,0,0,0,0,0,1,0.0,20,19:50,2,2,10,6,62.5
179,2019-11-07,16,21-136,CBJ,@,ARI,W,0,1,1,0,2,0,0,0,0,1,0,0,0,,20,13:23,2,1,3,4,42.9
180,2019-11-09,17,21-138,CBJ,@,COL,L,0,0,0,-2,0,0,0,0,0,0,0,0,2,0.0,22,18:02,1,3,6,8,42.9
181,2019-11-12,18,21-141,CBJ,@,MTL,L-SO,0,0,0,0,0,0,0,0,0,0,0,0,2,0.0,24,21:07,0,1,5,12,29.4
182,2019-11-15,19,21-144,CBJ,,STL,W,1,0,1,2,0,1,0,0,0,0,0,0,3,33.3,22,17:15,0,2,8,3,72.7
183,2019-11-19,20,21-148,CBJ,,MTL,W,2,1,3,2,0,2,0,0,0,1,0,0,4,50.0,21,16:28,1,1,4,11,26.7
184,2019-11-21,21,21-150,CBJ,,DET,W,0,1,1,-1,0,0,0,0,0,0,1,0,3,0.0,21,15:44,0,0,6,3,66.7
185,2019-11-23,22,21-152,CBJ,@,WPG,L,1,0,1,0,2,0,1,0,0,0,0,0,4,25.0,21,18:18,0,3,3,7,30.0
186,2019-11-25,23,21-154,CBJ,,OTT,W,0,0,0,0,0,0,0,0,0,0,0,0,1,0.0,21,15:41,1,0,1,6,14.3
187,2019-11-27,24,21-156,CBJ,,PHI,L,0,0,0,-2,0,0,0,0,0,0,0,0,3,0.0,22,15:16,0,1,3,3,50.0
188,2019-11-29,25,21-158,CBJ,,PIT,W,0,1,1,0,2,0,0,0,0,0,1,0,1,0.0,21,18:14,0,1,8,4,66.7
189,2019-11-30,26,21-159,CBJ,@,NYI,L,0,0,0,-1,0,0,0,0,0,0,0,0,5,0.0,20,17:45,2,0,5,4,55.6
190,2019-12-03,27,21-162,CBJ,,ARI,L,0,0,0,-2,0,0,0,0,0,0,0,0,1,0.0,22,19:17,1,0,5,6,45.5
191,2019-12-05,28,21-164,CBJ,,NYR,L,0,0,0,0,0,0,0,0,0,0,0,0,6,0.0,22,20:46,2,0,6,4,60.0
192,2019-12-07,29,21-166,CBJ,@,FLA,L,0,0,0,-1,2,0,0,0,0,0,0,0,3,0.0,19,16:00,0,0,6,9,40.0
193,2019-12-09,30,21-168,CBJ,@,WSH,W,0,0,0,1,2,0,0,0,0,0,0,0,2,0.0,21,16:05,0,0,5,7,41.7
194,2019-12-12,31,21-171,CBJ,@,PIT,L-OT,0,0,0,0,4,0,0,0,0,0,0,0,2,0.0,22,19:00,4,0,5,3,62.5
195,2019-12-14,32,21-173,CBJ,@,OTT,L-OT,0,2,2,1,2,0,0,0,0,2,0,0,2,0.0,26,17:13,1,2,2,10,16.7
196,2019-12-16,33,21-175,CBJ,,WSH,W,0,0,0,0,0,0,0,0,0,0,0,0,1,0.0,14,14:02,0,0,5,7,41.7
197,2019-12-17,34,21-176,CBJ,@,DET,W,1,1,2,1,0,1,0,0,1,1,0,0,3,33.3,21,14:56,0,0,8,4,66.7
198,2019-12-19,35,21-178,CBJ,,LAK,W,1,1,2,1,0,1,0,0,1,0,1,0,4,25.0,26,19:19,0,0,10,7,58.8
199,2019-12-21,36,21-180,CBJ,,NJD,W,0,1,1,2,0,0,0,0,0,1,0,0,2,0.0,23,18:23,2,1,10,3,76.9
200,2019-12-23,37,21-182,CBJ,@,NYI,W,0,1,1,1,2,0,0,0,0,1,0,0,2,0.0,17,14:27,2,0,2,6,25.0
201,2019-12-27,38,21-186,CBJ,@,WSH,L-OT,0,0,0,-1,0,0,0,0,0,0,0,0,0,,18,13:49,4,0,4,0,100.0
202,2019-12-29,39,21-188,CBJ,,CHI,L-SO,1,0,1,1,0,1,0,0,0,0,0,0,4,25.0,25,19:45,0,2,7,9,43.8
203,2019-12-31,40,21-190,CBJ,,FLA,W,0,0,0,0,0,0,0,0,0,0,0,0,1,0.0,20,17:24,1,2,4,8,33.3
204,2020-01-02,41,21-192,CBJ,@,BOS,W,1,0,1,1,0,1,0,0,1,0,0,0,2,50.0,21,16:31,4,0,1,6,14.3
205,2020-01-04,42,21-194,CBJ,,SJS,L,0,0,0,0,0,0,0,0,0,0,0,0,0,,24,20:25,1,0,10,9,52.6
206,2020-01-06,43,21-196,CBJ,@,LAK,W,0,2,2,1,0,0,0,0,0,2,0,0,0,,22,17:17,0,3,6,10,37.5
207,2020-01-07,44,21-197,CBJ,@,ANA,W,0,3,3,1,0,0,0,0,0,2,1,0,0,,21,18:26,0,2,4,8,33.3
208,2020-01-09,45,21-199,CBJ,@,SJS,L,0,0,0,-2,0,0,0,0,0,0,0,0,4,0.0,23,19:52,1,1,3,7,30.0
209,2020-01-11,46,21-201,CBJ,@,VEG,W,1,0,1,1,0,1,0,0,0,0,0,0,5,20.0,20,14:47,0,0,3,4,42.9
210,2020-01-14,47,21-204,CBJ,,BOS,W,0,0,0,0,4,0,0,0,0,0,0,0,0,,19,14:40,3,0,2,5,28.6
211,2020-01-16,48,21-206,CBJ,,CAR,W,0,0,0,1,0,0,0,0,0,0,0,0,0,,19,16:05,1,2,4,5,44.4
212,2020-01-18,49,21-208,CBJ,,NJD,W,0,0,0,0,0,0,0,0,0,0,0,0,0,,17,17:30,1,0,3,7,30.0
213,2020-01-19,50,21-209,CBJ,@,NYR,W,0,1,1,2,0,0,0,0,0,1,0,0,2,0.0,20,16:29,2,0,6,1,85.7
214,2020-01-22,51,21-212,CBJ,,WPG,W,0,3,3,3,0,0,0,0,0,2,1,0,2,0.0,22,20:49,2,0,12,9,57.1
215,2020-02-01,52,21-222,CBJ,@,BUF,L-OT,0,1,1,0,0,0,0,0,0,1,0,0,1,0.0,26,19:58,0,0,7,13,35.0
216,2020-02-02,53,21-223,CBJ,@,MTL,W,2,1,3,2,0,2,0,0,0,1,0,0,2,100.0,23,16:34,0,0,6,2,75.0
217,2020-02-04,54,21-225,CBJ,,FLA,W,0,0,0,1,0,0,0,0,0,0,0,0,2,0.0,23,19:15,0,1,4,14,22.2
218,2020-02-07,55,21-228,CBJ,,DET,W,0,0,0,0,2,0,0,0,0,0,0,0,3,0.0,22,20:27,0,1,8,9,47.1
219,2020-02-08,56,21-229,CBJ,,COL,L,0,0,0,-1,2,0,0,0,0,0,0,0,2,0.0,21,19:00,2,0,4,5,44.4
220,2020-02-10,57,21-231,CBJ,,TBL,L-OT,0,1,1,0,6,0,0,0,0,1,0,0,2,0.0,23,19:24,3,0,0,4,0.0
221,2020-02-13,58,21-234,CBJ,@,BUF,L-OT,0,0,0,-1,0,0,0,0,0,0,0,0,2,0.0,20,15:04,2,0,2,7,22.2
222,2020-02-14,59,21-235,CBJ,,NYR,L,0,0,0,-1,0,0,0,0,0,0,0,0,3,0.0,17,16:03,0,0,3,4,42.9
223,2020-02-16,60,21-237,CBJ,@,NJD,L-SO,0,1,1,0,0,0,0,0,0,1,0,0,3,0.0,25,18:52,0,1,9,5,64.3
224,2020-02-18,61,21-239,CBJ,@,PHI,L,0,0,0,-2,0,0,0,0,0,0,0,0,1,0.0,22,18:28,1,0,3,4,42.9
225,2020-02-20,62,21-241,CBJ,,PHI,L-OT,0,0,0,1,0,0,0,0,0,0,0,0,3,0.0,28,22:34,2,0,8,12,40.0
226,2020-02-22,63,21-243,CBJ,@,NSH,L-SO,0,0,0,-2,2,0,0,0,0,0,0,0,5,0.0,27,20:28,3,0,4,8,33.3
227,2020-02-24,64,21-245,CBJ,,OTT,W,0,1,1,0,0,0,0,0,0,1,0,0,2,0.0,27,18:20,1,1,6,10,37.5
228,2020-02-25,65,21-246,CBJ,@,MIN,L,1,0,1,-1,0,1,0,0,0,0,0,0,2,50.0,20,20:00,0,2,8,8,50.0
229,2020-02-28,66,21-249,CBJ,,MIN,L,0,0,0,0,0,0,0,0,0,0,0,0,0,,23,17:03,1,1,4,12,25.0
230,2020-03-01,67,21-251,CBJ,,VAN,W,0,1,1,-1,0,0,0,0,0,0,1,0,5,0.0,25,17:38,3,0,9,8,52.9
231,2020-03-04,68,21-254,CBJ,@,CGY,L-OT,0,1,1,0,0,0,0,0,0,1,0,0,1,0.0,26,17:55,2,1,6,7,46.2
232,2020-03-07,69,21-257,CBJ,@,EDM,L,0,0,0,-3,2,0,0,0,0,0,0,0,3,0.0,23,20:07,0,1,6,11,35.3
233,2020-03-08,70,21-258,CBJ,@,VAN,W,0,1,1,1,0,0,0,0,0,1,0,0,3,0.0,22,16:22,0,0,6,8,42.9
