,date_game,game_season,age,team_id,game_location,opp_id,game_result,goals,assists,points,plus_minus,pen_min,goals_ev,goals_pp,goals_sh,goals_gw,assists_ev,assists_pp,assists_sh,shots,shot_pct,shifts,time_on_ice,hits_all,blocks_all,faceoff_wins_all,faceoff_losses_all,faceoff_percentage_all
0,2010-10-08,1,18-307,ANA,@,DET,L,0,0,0,0,0,0,0,0,0,,,,0,,28,21:20,1,5,0,0,
1,2010-10-09,2,18-308,ANA,@,NSH,L,0,1,1,0,0,0,0,0,0,,,,2,0.0,27,21:48,0,1,0,0,
2,2010-10-11,3,18-310,ANA,@,STL,L,0,0,0,-2,2,0,0,0,0,,,,1,0.0,29,25:22,0,0,0,0,
3,2010-10-13,4,18-312,ANA,,VAN,W,0,1,1,0,0,0,0,0,0,,,,1,0.0,28,21:11,1,1,0,0,
4,2010-10-15,5,18-314,ANA,,ATL,L-SO,0,0,0,0,0,0,0,0,0,,,,1,0.0,28,22:02,2,2,0,0,
5,2010-10-17,6,18-316,ANA,,PHX,W,1,0,1,1,0,1,0,0,0,,,,2,50.0,10,8:51,1,0,0,0,
6,2010-11-03,7,18-333,ANA,,TBL,W,0,0,0,0,0,0,0,0,0,,,,1,0.0,31,24:49,1,2,0,0,
7,2010-11-05,8,18-335,ANA,,PIT,W,0,0,0,1,0,0,0,0,0,,,,1,0.0,24,20:57,0,1,0,0,
8,2010-11-07,9,18-337,ANA,,NSH,W,0,0,0,-2,0,0,0,0,0,,,,1,0.0,27,21:44,0,0,0,0,
9,2010-11-09,10,18-339,ANA,@,SJS,W,0,0,0,-1,0,0,0,0,0,,,,0,,26,23:39,0,1,0,0,
10,2010-11-10,11,18-340,ANA,,NYI,W,0,1,1,1,0,0,0,0,0,,,,1,0.0,20,17:27,1,0,0,0,
11,2010-11-12,12,18-342,ANA,,DAL,W,0,2,2,1,0,0,0,0,0,,,,2,0.0,26,24:16,0,2,0,0,
12,2010-11-14,13,18-344,ANA,@,CHI,L-OT,0,1,1,-1,0,0,0,0,0,,,,2,0.0,32,25:01,0,0,0,0,
13,2010-11-16,14,18-346,ANA,@,DAL,L,0,0,0,-1,0,0,0,0,0,,,,1,0.0,27,21:37,0,0,0,0,
14,2010-11-17,15,18-347,ANA,@,MIN,L-OT,0,0,0,-1,0,0,0,0,0,,,,1,0.0,32,22:27,0,2,0,0,
15,2010-11-19,16,18-349,ANA,,CBJ,L,0,0,0,0,0,0,0,0,0,,,,7,0.0,25,26:37,0,0,0,0,
16,2010-11-21,17,18-351,ANA,,EDM,L,0,1,1,-2,2,0,0,0,0,,,,4,0.0,27,24:39,0,4,0,0,
17,2010-11-26,18,18-356,ANA,,CHI,L,0,1,1,-3,0,0,0,0,0,,,,0,,25,24:10,1,1,0,0,
18,2010-11-27,19,18-357,ANA,@,PHX,W,0,2,2,1,0,0,0,0,0,,,,1,0.0,26,22:06,0,3,0,0,
19,2010-11-29,20,18-359,ANA,,LAK,W,1,0,1,0,0,0,1,0,1,,,,3,33.3,23,19:48,3,1,0,0,
20,2010-12-01,21,18-361,ANA,,FLA,W,0,0,0,0,2,0,0,0,0,,,,1,0.0,24,20:42,0,1,0,0,
21,2010-12-03,22,18-363,ANA,,DET,L,0,0,0,0,0,0,0,0,0,,,,4,0.0,23,24:15,0,0,0,0,
22,2010-12-05,23,19-000,ANA,,PHX,L,0,0,0,0,0,0,0,0,0,,,,0,,24,20:19,0,5,0,0,
23,2010-12-07,24,19-002,ANA,@,EDM,W,0,1,1,1,0,0,0,0,0,,,,5,0.0,27,25:37,0,0,0,0,
24,2010-12-08,25,19-003,ANA,@,VAN,L-SO,1,0,1,0,0,1,0,0,0,,,,2,50.0,33,25:16,1,2,0,0,
25,2010-12-10,26,19-005,ANA,,CGY,W,0,0,0,1,2,0,0,0,0,,,,2,0.0,24,20:53,0,0,0,0,
26,2010-12-12,27,19-007,ANA,,MIN,W,0,1,1,-1,0,0,0,0,0,,,,0,,27,22:48,0,2,0,0,
27,2010-12-15,28,19-010,ANA,@,WSH,W,0,1,1,0,0,0,0,0,0,,,,0,,28,20:18,0,1,0,0,
28,2010-12-16,29,19-011,ANA,@,NYI,L,0,1,1,1,0,0,0,0,0,,,,3,0.0,25,23:03,0,1,0,0,
29,2010-12-18,30,19-013,ANA,@,CAR,L,0,0,0,0,0,0,0,0,0,,,,1,0.0,27,25:23,1,2,0,0,
30,2010-12-20,31,19-015,ANA,@,BOS,W,0,0,0,0,0,0,0,0,0,,,,0,,23,19:54,1,0,0,0,
31,2010-12-21,32,19-016,ANA,@,BUF,L,0,1,1,-1,2,0,0,0,0,,,,0,,27,22:40,0,1,0,0,
32,2010-12-26,33,19-021,ANA,@,LAK,L,0,0,0,-3,0,0,0,0,0,,,,1,0.0,27,20:49,2,0,0,0,
33,2010-12-28,34,19-023,ANA,@,PHX,W,0,0,0,1,0,0,0,0,0,,,,1,0.0,26,19:36,0,0,0,0,
34,2010-12-31,35,19-026,ANA,,PHI,W,0,0,0,0,0,0,0,0,0,,,,3,0.0,27,24:51,0,2,0,0,
35,2011-01-02,36,19-028,ANA,,CHI,W,0,0,0,1,0,0,0,0,0,,,,0,,27,21:32,3,1,0,0,
36,2011-01-05,37,19-031,ANA,,NSH,L,0,0,0,-1,0,0,0,0,0,,,,2,0.0,25,22:45,0,1,0,0,
37,2011-01-07,38,19-033,ANA,,CBJ,W,0,3,3,2,0,0,0,0,0,,,,1,0.0,29,24:19,1,0,0,0,
38,2011-01-09,39,19-035,ANA,,SJS,W,0,0,0,0,0,0,0,0,0,,,,1,0.0,24,24:40,1,2,0,0,
39,2011-01-12,40,19-038,ANA,,STL,W,0,2,2,0,0,0,0,0,0,,,,0,,24,23:18,2,2,0,0,
40,2011-01-15,41,19-041,ANA,@,PHX,L,0,0,0,-3,0,0,0,0,0,,,,2,0.0,23,22:32,0,0,0,0,
41,2011-01-16,42,19-042,ANA,,EDM,W,0,1,1,-2,0,0,0,0,0,,,,1,0.0,24,24:38,0,4,0,0,
42,2011-01-18,43,19-044,ANA,@,OTT,W,0,0,0,0,0,0,0,0,0,,,,1,0.0,28,21:51,2,1,0,0,
43,2011-01-20,44,19-046,ANA,@,TOR,L,0,0,0,-3,0,0,0,0,0,,,,0,,23,22:56,0,0,0,0,
44,2011-01-22,45,19-048,ANA,@,MTL,W,1,0,1,1,0,0,1,0,0,,,,4,25.0,28,25:13,1,1,0,0,
45,2011-01-25,46,19-051,ANA,@,CBJ,W,1,0,1,1,0,0,1,0,0,,,,3,33.3,24,19:49,0,1,0,0,
46,2011-02-02,47,19-059,ANA,,SJS,L,1,0,1,-2,2,0,1,0,0,,,,4,25.0,23,25:27,0,1,0,0,
47,2011-02-05,48,19-062,ANA,@,COL,W,0,1,1,0,2,0,0,0,0,,,,1,0.0,25,23:22,0,0,0,0,
48,2011-02-09,49,19-066,ANA,@,VAN,W,0,0,0,1,0,0,0,0,0,,,,2,0.0,28,23:41,2,1,0,0,
49,2011-02-11,50,19-068,ANA,@,CGY,W,1,0,1,1,0,1,0,0,1,,,,4,25.0,27,22:17,0,4,0,0,
50,2011-02-13,51,19-070,ANA,@,EDM,W,0,0,0,0,0,0,0,0,0,,,,0,,26,23:01,0,1,0,0,
51,2011-02-16,52,19-073,ANA,,WSH,L,0,0,0,-5,0,0,0,0,0,,,,2,0.0,23,21:55,0,1,0,0,
52,2011-02-18,53,19-075,ANA,@,MIN,L,0,0,0,-2,0,0,0,0,0,,,,1,0.0,24,22:17,0,0,0,0,
53,2011-02-19,54,19-076,ANA,@,STL,L,0,0,0,-1,2,0,0,0,0,,,,2,0.0,28,23:41,1,0,0,0,
54,2011-02-23,55,19-080,ANA,,LAK,L,0,0,0,-1,0,0,0,0,0,,,,0,,22,22:54,0,1,0,0,
55,2011-02-25,56,19-082,ANA,,MIN,L-OT,0,0,0,1,0,0,0,0,0,,,,4,0.0,31,27:00,1,1,0,0,
56,2011-02-27,57,19-084,ANA,,COL,W,0,0,0,-1,0,0,0,0,0,,,,3,0.0,28,25:18,2,4,0,0,
57,2011-03-02,58,19-087,ANA,,DET,W,0,0,0,0,0,0,0,0,0,,,,1,0.0,24,22:37,0,1,0,0,
58,2011-03-04,59,19-089,ANA,,DAL,W,0,0,0,1,0,0,0,0,0,,,,2,0.0,28,25:38,3,2,0,0,
59,2011-03-06,60,19-091,ANA,,VAN,L,0,0,0,-2,0,0,0,0,0,,,,1,0.0,23,22:19,1,1,0,0,
60,2011-03-09,61,19-094,ANA,,NYR,W,0,0,0,-1,0,0,0,0,0,,,,1,0.0,19,15:40,1,0,0,0,
61,2011-03-11,62,19-096,ANA,@,COL,W,0,0,0,1,0,0,0,0,0,,,,2,0.0,27,23:13,0,2,0,0,
62,2011-03-13,63,19-098,ANA,,PHX,L,0,1,1,-1,0,0,0,0,0,,,,5,0.0,24,22:14,0,2,0,0,
63,2011-03-16,64,19-101,ANA,,STL,W,0,1,1,1,0,0,0,0,0,,,,1,0.0,19,18:04,0,0,0,0,
64,2011-03-19,65,19-104,ANA,@,LAK,W,0,1,1,0,2,0,0,0,0,,,,1,0.0,23,20:25,0,1,0,0,
65,2011-03-20,66,19-105,ANA,,CGY,W,0,0,0,-1,2,0,0,0,0,,,,1,0.0,26,21:25,0,1,0,0,
66,2011-03-23,67,19-108,ANA,@,DAL,W,1,1,2,0,0,1,0,0,1,,,,2,50.0,24,18:03,3,1,0,0,
67,2011-03-24,68,19-109,ANA,@,NSH,L,0,0,0,-1,0,0,0,0,0,,,,2,0.0,27,20:37,2,1,0,0,
68,2011-03-26,69,19-111,ANA,@,CHI,W,0,0,0,0,0,0,0,0,0,,,,0,,23,16:45,0,1,0,0,
69,2011-03-28,70,19-113,ANA,,COL,W,1,1,2,0,0,0,1,0,0,,,,4,25.0,26,23:30,0,1,0,0,
70,2011-03-30,71,19-115,ANA,@,CGY,W,0,1,1,1,0,0,0,0,0,,,,1,0.0,22,18:24,1,0,0,0,
71,2011-04-02,72,19-118,ANA,@,SJS,L,0,1,1,0,0,0,0,0,0,,,,2,0.0,25,22:37,0,2,0,0,
72,2011-04-03,73,19-119,ANA,,DAL,L,0,0,0,-1,0,0,0,0,0,,,,0,,18,18:51,0,1,0,0,
73,2011-04-06,74,19-122,ANA,,SJS,W,1,1,2,-1,0,0,1,0,0,,,,2,50.0,25,21:16,0,1,0,0,
74,2011-04-08,75,19-124,ANA,,LAK,W,0,0,0,1,0,0,0,0,0,,,,1,0.0,23,18:59,0,3,0,0,
75,2011-04-09,76,19-125,ANA,@,LAK,W,0,0,0,0,0,0,0,0,0,,,,1,0.0,22,20:35,2,2,0,0,
76,2011-10-07,1,19-306,ANA,@,BUF,L,0,0,0,0,0,0,0,0,0,,,,4,0.0,29,25:02,0,0,0,0,
77,2011-10-08,2,19-307,ANA,,NYR,W,0,0,0,0,0,0,0,0,0,,,,1,0.0,32,28:38,0,6,0,0,
78,2011-10-14,3,19-313,ANA,,SJS,W,0,0,0,0,0,0,0,0,0,,,,0,,24,23:24,1,1,0,0,
79,2011-10-16,4,19-315,ANA,,STL,W,0,0,0,-1,0,0,0,0,0,,,,0,,27,23:52,1,3,0,0,
80,2011-10-17,5,19-316,ANA,@,SJS,W,0,0,0,0,0,0,0,0,0,,,,0,,25,20:59,1,2,0,0,
81,2011-10-21,6,19-320,ANA,,DAL,L,0,1,1,-3,0,0,0,0,0,,,,2,0.0,28,27:24,2,1,0,0,
82,2011-10-23,7,19-322,ANA,,PHX,L,0,1,1,0,0,0,0,0,0,,,,3,0.0,32,26:18,0,0,0,0,
83,2011-10-25,8,19-324,ANA,@,CHI,L-SO,0,0,0,0,0,0,0,0,0,,,,1,0.0,31,27:26,0,1,0,0,
84,2011-10-27,9,19-326,ANA,@,MIN,W,0,0,0,0,0,0,0,0,0,,,,1,0.0,34,24:57,0,1,0,0,
85,2011-10-29,10,19-328,ANA,@,NSH,L,0,0,0,0,0,0,0,0,0,,,,0,,26,24:49,0,0,0,0,
86,2011-10-30,11,19-329,ANA,@,CBJ,L,0,0,0,1,0,0,0,0,0,,,,4,0.0,29,26:38,2,0,0,0,
87,2011-11-01,12,19-331,ANA,@,WSH,L-OT,0,3,3,0,2,0,0,0,0,,,,0,,31,24:07,0,1,0,0,
88,2011-11-03,13,19-333,ANA,@,NYR,L-SO,0,0,0,1,0,0,0,0,0,,,,2,0.0,33,27:03,1,1,0,0,
89,2011-11-05,14,19-335,ANA,@,DET,L,0,0,0,-4,0,0,0,0,0,,,,2,0.0,28,27:50,0,2,0,0,
90,2011-11-09,15,19-339,ANA,,NSH,L,0,1,1,0,0,0,0,0,0,,,,3,0.0,25,27:53,1,0,0,0,
91,2011-11-11,16,19-341,ANA,,VAN,W,0,0,0,-2,0,0,0,0,0,,,,0,,26,22:13,0,0,0,0,
92,2011-11-13,17,19-343,ANA,,MIN,L,2,0,2,0,0,2,0,0,0,,,,4,50.0,24,26:35,2,1,0,0,
93,2011-11-16,18,19-346,ANA,@,LAK,L-SO,0,0,0,0,0,0,0,0,0,,,,1,0.0,32,27:43,0,,,,
94,2011-11-17,19,19-347,ANA,,LAK,L,0,0,0,-1,0,0,0,0,0,,,,3,0.0,28,24:42,0,2,0,0,
95,2011-11-20,20,19-350,ANA,,DET,L,0,1,1,-2,0,0,0,0,0,,,,1,0.0,26,24:05,0,2,0,0,
96,2011-11-23,21,19-353,ANA,@,PHX,L,0,1,1,0,0,0,0,0,0,,,,1,0.0,20,18:59,0,0,0,0,
97,2011-11-25,22,19-355,ANA,,CHI,L,0,1,1,0,0,0,0,0,0,,,,1,0.0,28,26:35,2,0,0,0,
98,2011-11-27,23,19-357,ANA,,TOR,L,0,1,1,-2,2,0,0,0,0,,,,2,0.0,27,25:04,0,0,1,0,100.0
99,2011-11-30,24,19-360,ANA,,MTL,W,0,0,0,-1,0,0,0,0,0,,,,0,,23,25:04,1,1,0,0,
100,2011-12-02,25,19-362,ANA,,PHI,L-OT,0,0,0,-1,0,0,0,0,0,,,,0,,28,26:14,0,0,0,0,
101,2011-12-04,26,19-364,ANA,,MIN,L,1,0,1,0,0,1,0,0,0,,,,1,100.0,24,26:42,0,2,0,0,
102,2011-12-06,27,20-001,ANA,,LAK,W,0,0,0,2,0,0,0,0,0,,,,0,,24,26:41,2,2,0,0,
103,2011-12-08,28,20-003,ANA,@,STL,L,0,0,0,-1,0,0,0,0,0,,,,2,0.0,23,25:29,0,1,0,0,
104,2011-12-10,29,20-005,ANA,@,NSH,L,0,0,0,1,0,0,0,0,0,,,,1,0.0,21,24:24,0,0,0,0,
105,2011-12-14,30,20-009,ANA,,PHX,W,0,0,0,1,0,0,0,0,0,,,,0,,17,17:10,0,2,0,0,
106,2011-12-16,31,20-011,ANA,@,CHI,L,0,0,0,-1,0,0,0,0,0,,,,0,,19,17:40,0,0,0,0,
107,2011-12-17,32,20-012,ANA,@,WPG,L,0,0,0,0,0,0,0,0,0,,,,1,0.0,23,23:15,1,0,0,0,
108,2011-12-19,33,20-014,ANA,@,DAL,L,0,2,2,0,0,0,0,0,0,,,,2,0.0,27,24:21,2,1,0,0,
109,2011-12-22,34,20-017,ANA,@,LAK,L-SO,0,0,0,-2,0,0,0,0,0,,,,1,0.0,27,23:03,2,2,0,0,
110,2011-12-26,35,20-021,ANA,@,SJS,W,0,0,0,0,0,0,0,0,0,,,,0,,20,20:50,0,3,0,0,
111,2011-12-29,36,20-024,ANA,,VAN,L,0,0,0,-3,0,0,0,0,0,,,,0,,26,22:29,0,2,0,0,
112,2011-12-31,37,20-026,ANA,,COL,L,0,1,1,0,0,0,0,0,0,,,,0,,25,24:06,0,2,0,0,
113,2012-01-04,38,20-030,ANA,,SJS,L,0,0,0,-1,0,0,0,0,0,,,,3,0.0,21,20:16,1,0,0,0,
114,2012-01-06,39,20-032,ANA,,NYI,W,0,1,1,3,2,0,0,0,0,,,,1,0.0,19,21:11,1,1,0,0,
115,2012-01-08,40,20-034,ANA,,CBJ,W,0,0,0,0,0,0,0,0,0,,,,3,0.0,24,24:51,0,1,0,0,
116,2012-01-10,41,20-036,ANA,,DAL,W,0,0,0,0,0,0,0,0,0,,,,0,,24,20:23,0,2,0,0,
117,2012-01-12,42,20-038,ANA,@,CGY,L-OT,0,0,0,-1,0,0,0,0,0,,,,2,0.0,23,25:00,1,0,0,0,
118,2012-01-13,43,20-039,ANA,@,EDM,W,0,1,1,2,0,0,0,0,0,,,,1,0.0,27,23:49,0,2,0,0,
119,2012-01-15,44,20-041,ANA,@,VAN,W,0,0,0,0,2,0,0,0,0,,,,1,0.0,27,19:39,1,3,0,0,
120,2012-01-18,45,20-044,ANA,,PHX,W,0,0,0,2,0,0,0,0,0,,,,3,0.0,20,20:23,1,1,0,0,
121,2012-01-21,46,20-047,ANA,,OTT,W,0,0,0,1,0,0,0,0,0,,,,2,0.0,20,22:45,0,0,0,0,
122,2012-01-22,47,20-048,ANA,,COL,W,0,0,0,-1,0,0,0,0,0,,,,0,,24,23:31,2,6,0,0,
123,2012-01-24,48,20-050,ANA,@,DAL,L,0,0,0,-1,0,0,0,0,0,,,,2,0.0,22,24:34,1,1,0,0,
124,2012-01-31,49,20-057,ANA,@,PHX,W,0,0,0,0,0,0,0,0,0,,,,1,0.0,20,22:17,1,1,0,0,
125,2012-02-01,50,20-058,ANA,,DAL,L,0,0,0,-2,0,0,0,0,0,,,,2,0.0,23,23:24,0,0,0,0,
126,2012-02-03,51,20-060,ANA,,CBJ,L-OT,0,0,0,-2,0,0,0,0,0,,,,3,0.0,24,22:21,1,0,0,0,
127,2012-02-06,52,20-063,ANA,,CGY,W,0,0,0,0,2,0,0,0,0,,,,6,0.0,24,27:42,3,0,0,0,
128,2012-02-08,53,20-065,ANA,,CAR,W,0,0,0,-1,0,0,0,0,0,,,,3,0.0,25,21:27,0,2,0,0,
129,2012-02-10,54,20-067,ANA,@,DET,L-SO,0,0,0,-1,0,0,0,0,0,,,,3,0.0,22,20:43,0,0,0,0,
130,2012-02-12,55,20-069,ANA,@,CBJ,W,0,1,1,-1,0,0,0,0,0,,,,1,0.0,23,20:03,0,1,0,0,
131,2012-02-14,56,20-071,ANA,@,MIN,W,0,0,0,1,0,0,0,0,0,,,,2,0.0,21,21:21,2,2,0,0,
132,2012-02-15,57,20-072,ANA,@,PIT,W,0,0,0,1,0,0,0,0,0,,,,3,0.0,19,19:51,0,0,0,0,
133,2012-02-17,58,20-074,ANA,@,NJD,L-SO,0,0,0,0,0,0,0,0,0,,,,1,0.0,24,21:32,0,0,0,0,
134,2012-02-19,59,20-076,ANA,@,FLA,W,0,0,0,1,0,0,0,0,0,,,,0,,20,20:39,1,0,0,0,
135,2012-02-21,60,20-078,ANA,@,TBL,L,0,1,1,1,2,0,0,0,0,,,,0,,27,22:15,0,1,0,0,
136,2012-02-23,61,20-080,ANA,@,CAR,W,0,1,1,-1,0,0,0,0,0,,,,1,0.0,25,23:50,0,0,0,0,
137,2012-02-26,62,20-083,ANA,,CHI,W,0,0,0,0,0,0,0,0,0,,,,1,0.0,20,20:42,0,1,0,0,
138,2012-02-27,63,20-084,ANA,@,COL,L,0,1,1,-2,0,0,0,0,0,,,,2,0.0,23,22:14,0,1,0,0,
139,2012-02-29,64,20-086,ANA,,BUF,L,0,0,0,0,0,0,0,0,0,,,,4,0.0,20,22:39,1,1,0,0,
140,2012-03-02,65,20-088,ANA,,CGY,W,0,0,0,0,0,0,0,0,0,,,,4,0.0,21,21:52,0,0,0,0,
141,2012-03-03,66,20-089,ANA,@,LAK,L,0,0,0,0,0,0,0,0,0,,,,2,0.0,20,19:23,0,1,0,0,
142,2012-03-05,67,20-091,ANA,,EDM,W,0,1,1,1,0,0,0,0,0,,,,3,0.0,22,19:03,1,2,0,0,
143,2012-03-08,68,20-094,ANA,@,STL,L,0,0,0,0,4,0,0,0,0,,,,0,,21,19:37,0,1,0,0,
144,2012-03-10,69,20-096,ANA,@,DAL,L,0,0,0,-1,0,0,0,0,0,,,,0,,21,21:05,0,2,0,0,
145,2012-03-12,70,20-098,ANA,@,COL,L-OT,0,1,1,0,0,0,0,0,0,,,,2,0.0,25,24:03,0,2,0,0,
146,2012-03-14,71,20-100,ANA,,DET,W,0,1,1,1,0,0,0,0,0,,,,2,0.0,23,21:01,0,1,0,0,
147,2012-03-16,72,20-102,ANA,,LAK,L,1,1,2,-1,0,0,1,0,0,,,,3,33.3,21,20:59,0,1,0,0,
148,2012-03-18,73,20-104,ANA,,NSH,L,0,0,0,-1,0,0,0,0,0,,,,2,0.0,22,21:58,0,0,0,0,
149,2012-03-19,74,20-105,ANA,@,SJS,W,0,0,0,-1,0,0,0,0,0,,,,2,0.0,25,25:05,0,1,0,0,
150,2012-03-21,75,20-107,ANA,,STL,W,1,0,1,-1,0,0,1,0,0,,,,1,100.0,23,26:18,2,3,0,0,
151,2012-03-25,76,20-111,ANA,,BOS,L,0,1,1,-1,0,0,0,0,0,,,,1,0.0,26,22:24,0,0,0,0,
152,2012-03-28,77,20-114,ANA,,SJS,W,0,0,0,-1,0,0,0,0,0,,,,1,0.0,20,17:47,0,1,0,0,
153,2012-03-31,78,20-117,ANA,@,PHX,L,0,0,0,-1,0,0,0,0,0,,,,0,,20,20:52,0,0,0,0,
154,2012-04-01,79,20-118,ANA,,EDM,L,0,0,0,-1,2,0,0,0,0,,,,3,0.0,24,22:10,2,2,0,0,
155,2012-04-03,80,20-120,ANA,@,VAN,L-SO,0,0,0,2,0,0,0,0,0,,,,1,0.0,30,27:08,0,3,0,0,
156,2012-04-05,81,20-122,ANA,@,EDM,W,0,0,0,-1,0,0,0,0,0,,,,0,,26,24:16,0,3,0,0,
157,2012-04-07,82,20-124,ANA,@,CGY,L,0,0,0,-2,0,0,0,0,0,,,,1,0.0,26,23:15,0,1,0,0,
158,2013-01-21,1,21-047,ANA,@,CGY,W,0,0,0,0,2,0,0,0,0,,,,0,,26,22:05,0,2,0,0,
159,2013-01-25,2,21-051,ANA,,VAN,L,0,0,0,-1,0,0,0,0,0,,,,3,0.0,23,20:08,1,2,0,0,
160,2013-01-26,3,21-052,ANA,,NSH,W,0,1,1,1,0,0,0,0,0,,,,0,,24,23:23,0,0,0,0,
161,2013-01-29,4,21-055,ANA,@,SJS,L-SO,0,0,0,0,0,0,0,0,0,,,,2,0.0,26,22:39,0,0,0,0,
162,2013-02-01,5,21-058,ANA,,MIN,W,0,0,0,0,2,0,0,0,0,,,,3,0.0,24,24:09,1,1,0,0,
163,2013-02-02,6,21-059,ANA,,LAK,W,0,0,0,2,0,0,0,0,0,,,,0,,10,7:18,1,1,0,0,
164,2013-02-24,7,21-081,ANA,,COL,W,0,0,0,-1,0,0,0,0,0,,,,2,0.0,19,19:24,0,4,0,0,
165,2013-02-25,8,21-082,ANA,@,LAK,L,0,0,0,-1,0,0,0,0,0,,,,0,,24,23:56,1,2,0,0,
166,2013-02-27,9,21-084,ANA,,NSH,W,0,0,0,1,0,0,0,0,0,,,,2,0.0,28,25:19,0,0,0,0,
167,2013-03-01,10,21-086,ANA,,MIN,W,0,0,0,0,0,0,0,0,0,,,,1,0.0,21,18:56,0,0,0,0,
168,2013-03-02,11,21-087,ANA,@,PHX,L-SO,0,0,0,-1,0,0,0,0,0,,,,5,0.0,23,24:49,1,1,0,0,
169,2013-03-04,12,21-089,ANA,@,PHX,L-SO,0,1,1,-1,0,0,0,0,0,,,,2,0.0,24,20:23,0,1,0,0,
170,2013-03-06,13,21-091,ANA,,PHX,W,0,0,0,0,0,0,0,0,0,,,,0,,23,18:19,1,1,0,0,
171,2013-03-08,14,21-093,ANA,,CGY,W,0,0,0,0,0,0,0,0,0,,,,0,,21,20:45,1,1,0,0,
172,2013-03-10,15,21-095,ANA,,STL,W,0,0,0,0,0,0,0,0,0,,,,0,,20,23:08,1,1,0,0,
173,2013-03-12,16,21-097,ANA,@,MIN,W,0,0,0,0,0,0,0,0,0,,,,2,0.0,23,19:39,0,3,0,0,
174,2013-03-14,17,21-099,ANA,@,DAL,W,0,0,0,-1,0,0,0,0,0,,,,5,0.0,23,20:53,0,2,0,0,
175,2013-03-16,18,21-101,ANA,@,STL,L-OT,0,1,1,0,0,0,0,0,0,,,,2,0.0,24,21:18,0,1,0,0,
176,2013-03-18,19,21-103,ANA,,SJS,W,0,0,0,0,0,0,0,0,0,,,,2,0.0,20,18:57,0,3,0,0,
177,2013-03-20,20,21-105,ANA,,CHI,W,0,0,0,0,0,0,0,0,0,,,,1,0.0,20,20:10,2,2,0,0,
178,2013-03-22,21,21-107,ANA,,DET,L,0,1,1,1,0,0,0,0,0,,,,2,0.0,21,21:51,0,2,0,0,
179,2013-03-24,22,21-109,ANA,,DET,L,0,0,0,0,0,0,0,0,0,,,,2,0.0,22,22:50,0,1,0,0,
180,2013-03-25,23,21-110,ANA,,SJS,L,0,1,1,-1,0,0,0,0,0,,,,1,0.0,26,22:16,1,0,0,0,
181,2013-03-27,24,21-112,ANA,@,SJS,L,0,0,0,-2,0,0,0,0,0,,,,1,0.0,22,22:25,0,0,0,0,
182,2013-03-29,25,21-114,ANA,@,CHI,W,0,0,0,0,0,0,0,0,0,,,,1,0.0,21,17:24,1,0,0,0,
183,2013-03-31,26,21-116,ANA,@,CBJ,L-OT,0,0,0,1,0,0,0,0,0,,,,0,,21,21:14,1,0,0,0,
184,2013-04-01,27,21-117,ANA,@,DAL,W,0,1,1,0,0,0,0,0,0,,,,3,0.0,27,18:15,0,0,0,0,
185,2013-04-03,28,21-119,ANA,,DAL,W,0,1,1,-2,0,0,0,0,0,,,,0,,23,21:25,3,1,0,0,
186,2013-04-05,29,21-121,ANA,,DAL,L,0,0,0,-1,0,0,0,0,0,,,,2,0.0,20,19:13,0,2,0,0,
187,2013-04-07,30,21-123,ANA,,LAK,W,0,0,0,-1,0,0,0,0,0,,,,2,0.0,23,20:53,2,1,0,0,
188,2013-04-08,31,21-124,ANA,,EDM,W,0,0,0,0,0,0,0,0,0,,,,0,,22,16:03,0,0,0,0,
189,2013-04-10,32,21-126,ANA,,COL,L,0,0,0,0,0,0,0,0,0,,,,0,,4,4:35,1,0,0,0,
190,2013-04-19,33,21-135,ANA,@,CGY,L,0,1,1,0,0,0,0,0,0,,,,0,,24,21:50,0,1,0,0,
191,2013-04-21,34,21-137,ANA,@,EDM,W,1,0,1,1,0,0,1,0,0,,,,2,50.0,29,22:51,0,3,0,0,
192,2013-04-22,35,21-138,ANA,@,EDM,W,0,0,0,0,0,0,0,0,0,,,,0,,26,21:56,0,0,0,0,
193,2013-04-25,36,21-141,ANA,@,VAN,W,0,1,1,2,0,0,0,0,0,,,,1,0.0,25,22:09,0,0,0,0,
194,2013-04-27,37,21-143,ANA,,PHX,L,0,1,1,0,0,0,0,0,0,,,,1,0.0,25,23:27,0,2,0,0,
195,2013-10-02,1,21-301,ANA,@,COL,L,0,0,0,-3,0,0,0,0,0,,,,4,0.0,27,21:06,0,0,0,0,
196,2013-10-05,2,21-304,ANA,@,MIN,W,0,1,1,0,0,0,0,0,0,,,,4,0.0,30,24:29,1,1,0,0,
197,2013-10-06,3,21-305,ANA,@,WPG,W,0,0,0,1,0,0,0,0,0,,,,0,,31,23:41,2,4,0,0,
198,2013-10-10,4,21-309,ANA,,NYR,W,0,0,0,0,0,0,0,0,0,,,,3,0.0,30,22:03,2,0,0,0,
199,2013-10-13,5,21-312,ANA,,OTT,W,0,0,0,0,0,0,0,0,0,,,,3,0.0,27,22:29,4,2,0,0,
200,2013-10-16,6,21-315,ANA,,CGY,W,0,0,0,-1,0,0,0,0,0,,,,0,,31,24:34,1,1,0,0,
201,2013-10-18,7,21-317,ANA,,PHX,W,0,0,0,0,0,0,0,0,0,,,,2,0.0,33,29:03,1,1,0,0,
202,2013-10-20,8,21-319,ANA,,DAL,W,0,2,2,2,0,0,0,0,0,,,,3,0.0,30,22:37,0,2,0,0,
203,2013-10-22,9,21-321,ANA,@,TOR,L,0,0,0,-2,0,0,0,0,0,,,,1,0.0,27,23:08,1,4,0,0,
204,2013-10-24,10,21-323,ANA,@,MTL,L,0,0,0,0,2,0,0,0,0,,,,3,0.0,29,20:00,0,4,0,0,
205,2013-10-25,11,21-324,ANA,@,OTT,W,0,0,0,1,0,0,0,0,0,,,,1,0.0,27,20:02,0,3,0,0,
206,2013-10-27,12,21-326,ANA,@,CBJ,W,0,0,0,-1,0,0,0,0,0,,,,0,,24,21:57,0,1,0,0,
207,2013-10-29,13,21-328,ANA,@,PHI,W,0,0,0,2,0,0,0,0,0,,,,2,0.0,29,21:32,0,0,0,0,
208,2013-10-31,14,21-330,ANA,@,BOS,L-SO,0,1,1,1,0,0,0,0,0,,,,0,,33,22:38,0,2,0,0,
209,2013-11-02,15,21-332,ANA,@,BUF,W,0,1,1,-1,0,0,0,0,0,,,,0,,28,23:45,0,4,0,0,
210,2013-11-04,16,21-334,ANA,@,NYR,W,0,0,0,0,0,0,0,0,0,,,,0,,31,21:45,1,6,0,0,
211,2013-11-06,17,21-336,ANA,,PHX,W,1,1,2,1,0,0,1,0,0,,,,3,33.3,29,21:24,0,2,0,0,
212,2013-11-08,18,21-338,ANA,,BUF,W,1,1,2,1,0,0,1,0,0,,,,3,33.3,25,19:03,0,3,0,0,
213,2013-11-10,19,21-340,ANA,,VAN,W,0,0,0,0,2,0,0,0,0,,,,0,,24,22:32,1,1,0,0,
214,2013-11-12,20,21-342,ANA,@,FLA,L,0,0,0,1,0,0,0,0,0,,,,3,0.0,28,22:26,2,2,0,0,
215,2013-11-14,21,21-344,ANA,@,TBL,L,0,1,1,0,0,0,0,0,0,,,,2,0.0,26,23:05,2,0,0,0,
216,2013-11-15,22,21-345,ANA,@,CAR,L-SO,0,1,1,0,2,0,0,0,0,,,,2,0.0,34,26:38,1,4,0,0,
217,2013-11-18,23,21-348,ANA,@,PIT,L,0,0,0,1,0,0,0,0,0,,,,1,0.0,29,23:24,1,2,0,0,
218,2013-11-20,24,21-350,ANA,,NJD,L-OT,0,1,1,0,0,0,0,0,0,,,,0,,32,24:31,1,1,0,0,
219,2013-11-22,25,21-352,ANA,,TBL,W,0,0,0,0,2,0,0,0,0,,,,1,0.0,36,25:10,0,1,0,0,
220,2013-11-23,26,21-353,ANA,@,PHX,W,0,1,1,0,0,0,0,0,0,,,,0,,34,29:03,1,1,0,0,
221,2013-11-26,27,21-356,ANA,@,DAL,L,0,0,0,-2,0,0,0,0,0,,,,1,0.0,31,26:42,0,2,0,0,
222,2013-11-29,28,21-359,ANA,,CGY,W,0,0,0,0,0,0,0,0,0,,,,2,0.0,29,25:37,2,3,0,0,
223,2013-11-30,29,21-360,ANA,@,SJS,L-SO,0,1,1,1,0,0,0,0,0,,,,2,0.0,39,32:33,0,5,0,0,
224,2013-12-03,30,21-363,ANA,,LAK,L-SO,0,1,1,-1,0,0,0,0,0,,,,1,0.0,31,29:03,0,1,0,0,
225,2013-12-06,31,22-001,ANA,@,CHI,W,0,1,1,1,0,0,0,0,0,,,,0,,36,27:53,0,5,0,0,
226,2013-12-07,32,22-002,ANA,@,STL,W,0,0,0,2,0,0,0,0,0,,,,1,0.0,32,24:35,0,3,0,0,
227,2013-12-09,33,22-004,ANA,,NYI,W,1,2,3,2,0,0,0,1,1,,,,3,33.3,30,25:16,1,2,0,0,
228,2013-12-11,34,22-006,ANA,,MIN,W,0,0,0,0,0,0,0,0,0,,,,2,0.0,27,24:22,0,2,0,0,
229,2013-12-15,35,22-010,ANA,,EDM,W,0,0,0,-1,0,0,0,0,0,,,,1,0.0,29,24:06,0,0,0,0,
230,2013-12-17,36,22-012,ANA,@,DET,W,0,0,0,-1,0,0,0,0,0,,,,3,0.0,25,22:41,1,0,0,0,
231,2013-12-20,37,22-015,ANA,@,NJD,W,1,1,2,0,0,1,0,0,0,,,,4,25.0,32,25:32,1,1,0,0,
232,2013-12-21,38,22-016,ANA,@,NYI,W,0,0,0,1,0,0,0,0,0,,,,0,,29,26:21,0,1,0,0,
233,2013-12-23,39,22-018,ANA,@,WSH,W,0,0,0,-1,0,0,0,0,0,,,,1,0.0,31,23:32,1,2,0,0,
234,2013-12-28,40,22-023,ANA,,PHX,W,0,1,1,3,0,0,0,0,0,,,,2,0.0,27,21:37,1,1,0,0,
235,2013-12-29,41,22-024,ANA,@,SJS,L,0,1,1,1,0,0,0,0,0,,,,1,0.0,30,23:28,2,1,0,0,
236,2013-12-31,42,22-026,ANA,,SJS,W,0,2,2,2,0,0,0,0,0,,,,0,,31,22:25,2,0,0,0,
237,2014-01-03,43,22-029,ANA,,EDM,W,0,1,1,3,0,0,0,0,0,,,,1,0.0,27,23:51,1,1,0,0,
238,2014-01-05,44,22-031,ANA,,VAN,W,0,0,0,1,0,0,0,0,0,,,,2,0.0,36,26:01,0,0,0,0,
239,2014-01-07,45,22-033,ANA,,BOS,W,0,0,0,-1,0,0,0,0,0,,,,2,0.0,31,23:55,0,0,0,0,
240,2014-01-09,46,22-035,ANA,@,NSH,W,0,0,0,0,0,0,0,0,0,,,,1,0.0,26,25:43,1,5,0,0,
241,2014-01-11,47,22-037,ANA,@,PHX,W,0,0,0,0,2,0,0,0,0,,,,2,0.0,30,22:07,0,2,0,0,
242,2014-01-12,48,22-038,ANA,,DET,W,0,0,0,1,0,0,0,0,0,,,,0,,30,25:40,0,,,,
243,2014-01-15,49,22-041,ANA,,VAN,W,0,0,0,0,0,0,0,0,0,,,,0,,26,18:52,0,1,0,0,
244,2014-01-17,50,22-043,ANA,@,CHI,L,0,1,1,-1,2,0,0,0,0,,,,1,0.0,32,26:11,1,1,0,0,
245,2014-01-18,51,22-044,ANA,@,STL,W,1,0,1,-1,0,0,1,0,1,,,,1,100.0,29,23:38,1,3,0,0,
246,2014-01-21,52,22-047,ANA,,WPG,L,1,0,1,-1,0,0,1,0,0,,,,2,50.0,25,21:02,1,0,0,0,
247,2014-01-23,53,22-049,ANA,,LAK,W,0,0,0,0,0,0,0,0,0,,,,0,,27,20:57,0,0,0,0,
248,2014-01-25,54,22-051,ANA,@,LAK,W,0,0,0,1,0,0,0,0,0,,,,1,0.0,32,22:35,1,0,0,0,
249,2014-01-28,55,22-054,ANA,,MIN,L,0,0,0,0,0,0,0,0,0,,,,2,0.0,27,24:00,0,2,0,0,
250,2014-01-30,56,22-056,ANA,,PHI,W,0,1,1,1,0,0,0,0,0,,,,2,0.0,29,23:09,0,4,0,0,
251,2014-02-01,57,22-058,ANA,,DAL,L,0,0,0,-2,0,0,0,0,0,,,,1,0.0,28,25:38,0,0,0,0,
252,2014-02-03,58,22-060,ANA,,CBJ,L,0,0,0,1,0,0,0,0,0,,,,1,0.0,28,25:50,0,1,0,0,
253,2014-02-05,59,22-062,ANA,,CHI,L,0,0,0,-2,0,0,0,0,0,,,,5,0.0,28,23:00,0,2,0,0,
254,2014-02-08,60,22-065,ANA,@,NSH,W,0,1,1,1,0,0,0,0,0,,,,0,,26,24:51,0,3,0,0,
255,2014-02-28,61,22-085,ANA,,STL,W,0,1,1,1,0,0,0,0,0,,,,1,0.0,28,21:33,0,2,0,0,
256,2014-03-02,62,22-087,ANA,,CAR,W,0,1,1,2,2,0,0,0,0,,,,4,0.0,26,22:11,0,1,0,0,
257,2014-03-05,63,22-090,ANA,,MTL,L-SO,0,0,0,0,0,0,0,0,0,,,,1,0.0,30,27:05,1,1,0,0,
258,2014-03-07,64,22-092,ANA,,PIT,L-SO,0,0,0,0,0,0,0,0,0,,,,1,0.0,32,29:35,2,4,0,0,
259,2014-03-10,65,22-095,ANA,,TOR,L,0,0,0,-1,0,0,0,0,0,,,,2,0.0,32,29:36,1,2,0,0,
260,2014-03-12,66,22-097,ANA,@,CGY,L,0,1,1,0,0,0,0,0,0,,,,0,,26,22:56,0,1,0,0,
261,2014-03-14,67,22-099,ANA,@,COL,W,0,2,2,2,0,0,0,0,0,,,,1,0.0,18,13:59,0,1,0,0,
262,2014-04-09,68,22-125,ANA,,SJS,W,0,0,0,0,0,0,0,0,0,,,,1,0.0,25,20:18,1,1,0,0,
263,2014-04-12,69,22-128,ANA,@,LAK,W,0,0,0,0,0,0,0,0,0,,,,0,,33,26:30,1,0,0,0,
264,2014-04-13,70,22-129,ANA,,COL,W,0,0,0,0,0,0,0,0,0,,,,0,,28,21:53,1,3,0,0,
265,2014-10-09,1,22-308,ANA,@,PIT,L,0,0,0,-3,0,0,0,0,0,0,0,0,0,,27,19:54,2,2,0,0,
266,2014-10-11,2,22-310,ANA,@,DET,W,0,0,0,1,0,0,0,0,0,0,0,0,0,,22,20:08,3,0,0,0,
267,2014-10-13,3,22-312,ANA,@,BUF,W,0,1,1,3,0,0,0,0,0,1,0,0,2,0.0,25,20:51,0,1,0,0,
268,2014-10-14,4,22-313,ANA,@,PHI,W,0,1,1,1,0,0,0,0,0,1,0,0,1,0.0,30,20:28,0,3,0,0,
269,2014-10-17,5,22-316,ANA,,MIN,W,0,1,1,0,0,0,0,0,0,0,0,1,2,0.0,26,20:14,0,0,0,0,
270,2014-10-19,6,22-318,ANA,,STL,W,0,1,1,1,0,0,0,0,0,0,1,0,0,,22,20:32,1,1,0,0,
271,2014-10-22,7,22-321,ANA,,BUF,W,0,0,0,1,0,0,0,0,0,0,0,0,1,0.0,23,23:07,0,2,0,0,
272,2014-10-24,8,22-323,ANA,,CBJ,W,0,1,1,1,0,0,0,0,0,0,1,0,0,,25,23:15,0,1,0,0,
273,2014-10-26,9,22-325,ANA,,SJS,L,0,1,1,-1,0,0,0,0,0,0,1,0,2,0.0,24,20:06,2,3,0,0,
274,2014-10-28,10,22-327,ANA,@,CHI,W,0,0,0,1,0,0,0,0,0,0,0,0,1,0.0,25,21:44,1,0,0,0,
275,2014-10-30,11,22-329,ANA,@,STL,L,0,0,0,-1,0,0,0,0,0,0,0,0,0,,21,21:06,0,1,0,0,
276,2014-10-31,12,22-330,ANA,@,DAL,W,0,1,1,0,0,0,0,0,0,1,0,0,1,0.0,26,17:10,0,1,0,0,
277,2014-11-02,13,22-332,ANA,@,COL,W,1,0,1,1,0,1,0,0,1,0,0,0,2,50.0,26,18:23,1,0,0,0,
278,2014-11-05,14,22-335,ANA,,NYI,L-OT,0,1,1,0,0,0,0,0,0,1,0,0,1,0.0,27,21:57,0,1,0,0,
279,2014-11-07,15,22-337,ANA,,ARI,L-SO,0,0,0,-1,0,0,0,0,0,0,0,0,2,0.0,21,15:15,2,2,0,0,
280,2014-11-12,16,22-342,ANA,,LAK,W,1,0,1,1,0,1,0,0,0,0,0,0,1,100.0,28,23:36,1,3,0,0,
281,2014-11-15,17,22-345,ANA,@,LAK,L-OT,0,0,0,0,0,0,0,0,0,0,0,0,3,0.0,25,19:42,0,1,0,0,
282,2014-11-16,18,22-346,ANA,,FLA,L,0,0,0,-3,0,0,0,0,0,0,0,0,2,0.0,23,19:21,0,0,0,0,
283,2014-11-18,19,22-348,ANA,@,CGY,L-SO,0,1,1,-1,0,0,0,0,0,0,1,0,3,0.0,29,22:58,1,2,0,0,
284,2014-11-20,20,22-350,ANA,@,VAN,W,0,0,0,0,0,0,0,0,0,0,0,0,0,,29,21:36,0,0,0,0,
285,2014-11-23,21,22-353,ANA,,ARI,W,0,0,0,-1,0,0,0,0,0,0,0,0,1,0.0,27,20:25,1,2,0,0,
286,2014-11-25,22,22-355,ANA,,CGY,W,0,0,0,0,0,0,0,0,0,0,0,0,1,0.0,30,22:02,3,4,0,0,
287,2014-11-28,23,22-358,ANA,,CHI,L,0,0,0,-2,0,0,0,0,0,0,0,0,1,0.0,30,25:22,0,1,0,0,
288,2014-11-29,24,22-359,ANA,@,SJS,L,0,1,1,0,0,0,0,0,0,1,0,0,0,,30,25:46,1,1,0,0,
289,2014-12-01,25,22-361,ANA,,BOS,W,0,1,1,0,0,0,0,0,0,1,0,0,0,,25,22:38,0,3,0,0,
290,2014-12-03,26,22-363,ANA,,PHI,W,1,0,1,-1,0,1,0,0,0,0,0,0,3,33.3,33,23:28,0,0,0,0,
291,2014-12-05,27,23-000,ANA,@,MIN,W,0,1,1,2,0,0,0,0,0,1,0,0,0,,24,19:04,0,0,0,0,
292,2014-12-07,28,23-002,ANA,@,WPG,W,0,1,1,1,0,0,0,0,0,0,1,0,1,0.0,26,21:01,1,0,0,0,
293,2014-12-10,29,23-005,ANA,,EDM,W,0,0,0,-1,0,0,0,0,0,0,0,0,2,0.0,24,22:18,1,2,0,0,
294,2014-12-12,30,23-007,ANA,@,EDM,W,0,1,1,1,0,0,0,0,0,1,0,0,1,0.0,24,19:53,1,0,0,0,
295,2014-12-13,31,23-008,ANA,@,WPG,W,0,0,0,1,0,0,0,0,0,0,0,0,2,0.0,27,20:43,0,1,0,0,
296,2014-12-16,32,23-011,ANA,@,TOR,L,0,0,0,-1,0,0,0,0,0,0,0,0,1,0.0,23,19:37,1,3,0,0,
297,2014-12-18,33,23-013,ANA,@,MTL,W,0,0,0,1,0,0,0,0,0,0,0,0,1,0.0,28,25:18,0,3,0,0,
298,2014-12-19,34,23-014,ANA,@,OTT,L,0,0,0,0,0,0,0,0,0,0,0,0,0,,28,22:50,1,0,0,0,
299,2014-12-22,35,23-017,ANA,,SJS,W,1,0,1,1,0,1,0,0,0,0,0,0,1,100.0,26,21:03,0,0,0,0,
300,2014-12-27,36,23-022,ANA,@,ARI,L-SO,0,0,0,-1,0,0,0,0,0,0,0,0,1,0.0,27,21:13,1,2,0,0,
301,2014-12-28,37,23-023,ANA,,VAN,W,1,0,1,0,0,1,0,0,1,0,0,0,2,50.0,24,21:58,0,2,0,0,
302,2014-12-31,38,23-026,ANA,,SJS,L,0,0,0,-1,0,0,0,0,0,0,0,0,1,0.0,27,20:59,0,2,0,0,
303,2015-01-02,39,23-028,ANA,,STL,W,0,0,0,1,0,0,0,0,0,0,0,0,1,0.0,28,22:21,1,2,0,0,
304,2015-01-04,40,23-030,ANA,,NSH,W,0,0,0,0,0,0,0,0,0,0,0,0,1,0.0,25,21:37,0,1,0,0,
305,2015-01-07,41,23-033,ANA,,NYR,L,0,0,0,-1,0,0,0,0,0,0,0,0,0,,25,19:04,0,1,0,0,
306,2015-01-11,42,23-037,ANA,,WPG,W,0,0,0,0,0,0,0,0,0,0,0,0,3,0.0,26,22:21,0,2,0,0,
307,2015-01-14,43,23-040,ANA,,TOR,W,0,1,1,2,0,0,0,0,0,0,1,0,2,0.0,24,20:35,0,1,0,0,
308,2015-01-16,44,23-042,ANA,,NJD,W,0,1,1,1,0,0,0,0,0,1,0,0,2,0.0,24,20:09,0,2,0,0,
309,2015-01-17,45,23-043,ANA,@,LAK,W,0,1,1,0,2,0,0,0,0,0,1,0,1,0.0,26,21:01,1,2,0,0,
310,2015-01-21,46,23-047,ANA,,CGY,W,0,1,1,1,0,0,0,0,0,1,0,0,0,,26,20:45,0,1,0,0,
311,2015-01-27,47,23-053,ANA,@,VAN,W,0,0,0,0,0,0,0,0,0,0,0,0,0,,23,20:00,1,1,0,0,
312,2015-01-29,48,23-055,ANA,@,SJS,L,0,0,0,0,0,0,0,0,0,0,0,0,2,0.0,25,22:05,0,3,0,0,
313,2015-01-30,49,23-056,ANA,,CHI,L,0,0,0,-2,2,0,0,0,0,0,0,0,1,0.0,24,19:48,2,0,0,0,
314,2015-02-03,50,23-060,ANA,,CAR,W,0,0,0,0,0,0,0,0,0,0,0,0,0,,24,20:21,0,0,0,0,
315,2015-02-05,51,23-062,ANA,@,NSH,W,0,1,1,2,0,0,0,0,0,1,0,0,0,,25,20:34,1,2,0,0,
316,2015-02-06,52,23-063,ANA,@,WSH,L-SO,0,0,0,-1,0,0,0,0,0,0,0,0,1,0.0,26,22:49,0,1,0,0,
317,2015-02-08,53,23-065,ANA,@,TBL,L,0,0,0,-2,0,0,0,0,0,0,0,0,0,,24,20:52,0,0,0,0,
318,2015-02-10,54,23-067,ANA,@,FLA,L,0,1,1,0,0,0,0,0,0,0,1,0,1,0.0,26,22:42,0,0,0,0,
319,2015-02-12,55,23-069,ANA,@,CAR,W,0,0,0,0,0,0,0,0,0,0,0,0,0,,25,20:31,2,1,0,0,
320,2015-02-15,56,23-072,ANA,,WSH,L,0,0,0,-1,2,0,0,0,0,0,0,0,4,0.0,29,24:25,0,2,0,0,
321,2015-02-18,57,23-075,ANA,,TBL,L,0,0,0,-2,0,0,0,0,0,0,0,0,0,,24,21:10,0,0,0,0,
322,2015-02-20,58,23-077,ANA,@,CGY,W,0,0,0,-1,0,0,0,0,0,0,0,0,2,0.0,26,19:47,0,4,0,0,
323,2015-02-21,59,23-078,ANA,@,EDM,W,0,1,1,0,0,0,0,0,0,1,0,0,0,,24,19:43,0,1,0,0,
324,2015-02-23,60,23-080,ANA,,DET,W,0,0,0,0,0,0,0,0,0,0,0,0,1,0.0,28,20:04,2,2,0,0,
325,2015-02-25,61,23-082,ANA,,OTT,L,0,0,0,-2,0,0,0,0,0,0,0,0,1,0.0,26,24:50,0,3,0,0,
326,2015-02-27,62,23-084,ANA,,LAK,W,0,0,0,3,0,0,0,0,0,0,0,0,3,0.0,28,21:39,2,0,0,0,
327,2015-03-01,63,23-086,ANA,@,DAL,W,0,0,0,1,2,0,0,0,0,0,0,0,1,0.0,29,23:40,1,4,0,0,
328,2015-03-03,64,23-088,ANA,@,ARI,W,0,1,1,3,0,0,0,0,0,1,0,0,0,,24,18:50,0,3,0,0,
329,2015-03-04,65,23-089,ANA,,MTL,W,1,0,1,1,0,0,0,1,0,0,0,0,1,100.0,28,22:54,1,0,0,0,
330,2015-03-06,66,23-091,ANA,,PIT,L,0,0,0,-3,2,0,0,0,0,0,0,0,1,0.0,27,20:13,1,0,0,0,
331,2015-03-09,67,23-094,ANA,@,VAN,L,0,1,1,1,0,0,0,0,0,1,0,0,1,0.0,24,20:57,0,1,0,0,
332,2015-03-11,68,23-096,ANA,@,CGY,L,0,0,0,0,0,0,0,0,0,0,0,0,1,0.0,25,18:38,0,0,0,0,
333,2015-03-13,69,23-098,ANA,@,MIN,W,0,0,0,1,0,0,0,0,0,0,0,0,0,,24,21:22,0,0,0,0,
334,2015-03-15,70,23-100,ANA,,NSH,W,1,0,1,-1,0,0,1,0,0,0,0,0,2,50.0,25,19:05,0,2,0,0,
335,2015-03-18,71,23-103,ANA,,LAK,W,0,1,1,2,0,0,0,0,0,1,0,0,1,0.0,25,21:24,1,1,0,0,
336,2015-03-20,72,23-105,ANA,,COL,W,0,0,0,1,0,0,0,0,0,0,0,0,2,0.0,27,21:35,0,0,0,0,
337,2015-03-22,73,23-107,ANA,@,NYR,L,0,0,0,-3,0,0,0,0,0,0,0,0,0,,23,19:31,1,3,0,0,
338,2015-03-26,74,23-111,ANA,@,BOS,W,0,2,2,2,0,0,0,0,0,2,0,0,2,0.0,28,23:57,1,4,0,0,
339,2015-03-28,75,23-113,ANA,@,NYI,W,0,1,1,2,2,0,0,0,0,1,0,0,0,,27,19:40,0,0,0,0,
340,2015-03-29,76,23-114,ANA,@,NJD,W,0,0,0,0,0,0,0,0,0,0,0,0,3,0.0,26,19:25,1,0,0,0,
341,2015-04-01,77,23-117,ANA,,EDM,W,0,0,0,0,2,0,0,0,0,0,0,0,1,0.0,24,22:35,1,3,0,0,
342,2015-04-03,78,23-119,ANA,,COL,L,0,0,0,-1,0,0,0,0,0,0,0,0,1,0.0,23,20:01,0,2,0,0,
343,2015-04-08,79,23-124,ANA,,DAL,L,0,0,0,-1,0,0,0,0,0,0,0,0,0,,24,20:10,1,1,0,0,
344,2015-04-11,80,23-127,ANA,@,ARI,W,0,0,0,1,0,0,0,0,0,0,0,0,1,0.0,24,21:19,1,1,0,0,
345,2015-10-10,1,23-309,ANA,@,SJS,L,0,0,0,-2,0,0,0,0,0,0,0,0,3,0.0,26,19:12,1,1,0,0,
346,2015-10-12,2,23-311,ANA,,VAN,L-SO,0,0,0,-1,0,0,0,0,0,0,0,0,2,0.0,26,24:16,0,0,0,0,
347,2015-10-14,3,23-313,ANA,,ARI,L,0,0,0,-1,5,0,0,0,0,0,0,0,2,0.0,22,18:44,0,0,0,0,
348,2015-10-16,4,23-315,ANA,,COL,L,0,0,0,-1,0,0,0,0,0,0,0,0,1,0.0,29,26:45,2,0,0,0,
349,2015-10-18,5,23-317,ANA,,MIN,W,1,0,1,1,0,1,0,0,0,0,0,0,3,33.3,23,21:25,0,0,0,0,
350,2015-10-22,6,23-321,ANA,@,NSH,L,0,0,0,-2,0,0,0,0,0,0,0,0,2,0.0,26,21:39,0,1,0,0,
351,2015-10-24,7,23-323,ANA,@,MIN,L,0,0,0,-2,0,0,0,0,0,0,0,0,1,0.0,24,19:18,2,2,0,0,
352,2015-10-26,8,23-325,ANA,@,CHI,L-OT,0,0,0,-1,0,0,0,0,0,0,0,0,5,0.0,30,22:59,0,3,0,0,
353,2015-10-27,9,23-326,ANA,@,DAL,L,0,1,1,2,0,0,0,0,0,0,1,0,0,,23,21:20,1,2,0,0,
354,2015-10-29,10,23-328,ANA,@,STL,L,0,0,0,-1,0,0,0,0,0,0,0,0,0,,27,22:44,0,1,0,0,
355,2015-11-01,11,23-331,ANA,,NSH,W,0,0,0,1,0,0,0,0,0,0,0,0,3,0.0,24,18:57,0,1,0,0,
356,2015-11-04,12,23-334,ANA,,FLA,W,0,0,0,-1,0,0,0,0,0,0,0,0,5,0.0,31,25:40,1,4,0,0,
357,2015-11-06,13,23-336,ANA,,CBJ,W,1,0,1,0,0,1,0,0,0,0,0,0,3,33.3,24,22:26,0,0,0,0,
358,2015-11-07,14,23-337,ANA,@,SJS,W,0,0,0,0,2,0,0,0,0,0,0,0,1,0.0,27,21:58,0,0,0,0,
359,2015-11-09,15,23-339,ANA,,ARI,L-OT,0,0,0,-2,0,0,0,0,0,0,0,0,3,0.0,27,24:28,3,1,0,0,
360,2015-11-11,16,23-341,ANA,,EDM,L-OT,0,1,1,1,0,0,0,0,0,1,0,0,0,,28,24:27,0,1,0,0,
361,2015-11-13,17,23-343,ANA,,NYI,L,0,0,0,-1,2,0,0,0,0,0,0,0,2,0.0,24,23:30,0,3,0,0,
362,2015-11-16,18,23-346,ANA,@,CAR,W,0,0,0,1,0,0,0,0,0,0,0,0,0,,27,22:40,0,2,0,0,
363,2015-11-17,19,23-347,ANA,@,NSH,L,0,1,1,2,0,0,0,0,0,1,0,0,2,0.0,29,24:37,0,1,0,0,
364,2015-11-19,20,23-349,ANA,@,FLA,W,1,0,1,0,0,0,1,0,0,0,0,0,2,50.0,30,24:01,1,1,0,0,
365,2015-11-21,21,23-351,ANA,@,TBL,L,0,0,0,-1,2,0,0,0,0,0,0,0,1,0.0,27,22:58,1,3,0,0,
366,2015-11-24,22,23-354,ANA,,CGY,W,0,2,2,-2,0,0,0,0,0,0,2,0,0,,29,21:07,0,0,0,0,
367,2015-11-25,23,23-355,ANA,@,ARI,L,0,1,1,-2,0,0,0,0,0,0,1,0,1,0.0,27,21:38,1,4,0,0,
368,2015-11-27,24,23-357,ANA,,CHI,L-OT,0,1,1,1,0,0,0,0,0,1,0,0,2,0.0,31,25:41,2,1,0,0,
369,2015-11-30,25,23-360,ANA,,VAN,W,0,0,0,1,0,0,0,0,0,0,0,0,3,0.0,26,20:34,1,1,0,0,
370,2015-12-02,26,23-362,ANA,,TBL,L,0,0,0,1,0,0,0,0,0,0,0,0,2,0.0,30,26:43,1,2,0,0,
371,2015-12-04,27,23-364,ANA,,SJS,W,0,0,0,1,0,0,0,0,0,0,0,0,2,0.0,30,26:50,0,1,0,0,
372,2015-12-06,28,24-001,ANA,,PIT,W,0,0,0,1,0,0,0,0,0,0,0,0,1,0.0,30,26:16,1,3,0,0,
373,2015-12-11,29,24-006,ANA,,CAR,L,0,0,0,-3,0,0,0,0,0,0,0,0,2,0.0,28,21:58,0,1,0,0,
374,2015-12-17,30,24-012,ANA,@,BUF,L,0,0,0,0,0,0,0,0,0,0,0,0,2,0.0,31,26:35,1,2,0,0,
375,2015-12-19,31,24-014,ANA,@,NJD,W,0,0,0,1,0,0,0,0,0,0,0,0,1,0.0,31,26:12,0,1,0,0,
376,2015-12-21,32,24-016,ANA,@,NYI,L,0,0,0,-3,0,0,0,0,0,0,0,0,0,,24,21:58,0,0,0,0,
377,2015-12-22,33,24-017,ANA,@,NYR,L-OT,0,1,1,1,2,0,0,0,0,1,0,0,1,0.0,26,26:36,1,0,0,0,
378,2015-12-27,34,24-022,ANA,,PHI,W,0,1,1,0,0,0,0,0,0,0,1,0,1,0.0,3,3:36,0,1,0,0,
379,2016-02-02,35,24-059,ANA,,SJS,W,0,0,0,0,2,0,0,0,0,0,0,0,0,,27,20:16,0,2,0,0,
380,2016-02-04,36,24-061,ANA,@,LAK,W,0,0,0,1,0,0,0,0,0,0,0,0,1,0.0,25,23:13,1,2,0,0,
381,2016-02-05,37,24-062,ANA,,ARI,W,0,0,0,1,2,0,0,0,0,0,0,0,5,0.0,26,19:17,1,0,0,0,
382,2016-02-08,38,24-065,ANA,@,PIT,L,0,0,0,-2,0,0,0,0,0,0,0,0,1,0.0,26,19:56,0,3,0,0,
383,2016-02-09,39,24-066,ANA,@,PHI,W,0,0,0,0,0,0,0,0,0,0,0,0,0,,26,22:23,3,6,0,0,
384,2016-02-11,40,24-068,ANA,@,CBJ,L-SO,0,0,0,1,0,0,0,0,0,0,0,0,1,0.0,28,23:34,1,3,0,0,
385,2016-02-13,41,24-070,ANA,@,CHI,W,0,2,2,2,0,0,0,0,0,1,1,0,3,0.0,28,22:26,0,0,0,0,
386,2016-02-15,42,24-072,ANA,@,CGY,W,0,3,3,1,0,0,0,0,0,1,2,0,2,0.0,25,20:03,0,2,0,0,
387,2016-02-16,43,24-073,ANA,@,EDM,W,0,0,0,1,0,0,0,0,0,0,0,0,2,0.0,23,22:54,2,1,0,0,
388,2016-02-18,44,24-075,ANA,@,VAN,W,0,1,1,2,0,0,0,0,0,0,1,0,2,0.0,24,22:11,0,1,0,0,
389,2016-02-21,45,24-078,ANA,,CGY,W,0,0,0,0,0,0,0,0,0,0,0,0,2,0.0,23,19:53,0,1,0,0,
390,2016-02-24,46,24-081,ANA,,BUF,W,0,0,0,0,0,0,0,0,0,0,0,0,2,0.0,28,23:47,3,0,0,0,
391,2016-02-26,47,24-083,ANA,,EDM,W,0,1,1,-1,0,0,0,0,0,0,1,0,1,0.0,28,21:24,0,1,0,0,
392,2016-02-28,48,24-085,ANA,,LAK,W,0,1,1,0,0,0,0,0,0,0,1,0,0,,25,22:20,1,3,0,0,
393,2016-03-02,49,24-088,ANA,,MTL,W,0,1,1,-1,0,0,0,0,0,0,1,0,3,0.0,29,25:14,1,2,0,0,
394,2016-03-03,50,24-089,ANA,@,ARI,W,1,0,1,0,0,0,1,0,0,0,0,0,2,50.0,24,21:05,1,1,0,0,
395,2016-03-05,51,24-091,ANA,@,LAK,W,0,1,1,0,2,0,0,0,0,0,1,0,0,,33,23:59,1,4,0,0,
396,2016-03-07,52,24-093,ANA,,WSH,L-SO,0,0,0,0,0,0,0,0,0,0,0,0,0,,28,23:53,2,2,0,0,
397,2016-03-09,53,24-095,ANA,@,COL,L,0,0,0,-1,0,0,0,0,0,0,0,0,2,0.0,29,24:24,1,0,0,0,
398,2016-03-11,54,24-097,ANA,@,STL,L,0,0,0,-4,0,0,0,0,0,0,0,0,3,0.0,25,25:58,0,2,0,0,
399,2016-03-14,55,24-100,ANA,,NJD,W,0,0,0,2,0,0,0,0,0,0,0,0,0,,23,20:55,0,1,0,0,
400,2016-03-16,56,24-102,ANA,,NYR,L,0,0,0,0,0,0,0,0,0,0,0,0,3,0.0,29,22:45,1,3,0,0,
401,2016-03-18,57,24-104,ANA,,BOS,W,0,0,0,1,0,0,0,0,0,0,0,0,0,,27,23:22,2,4,0,0,
402,2016-03-20,58,24-106,ANA,@,WPG,W,0,0,0,-1,0,0,0,0,0,0,0,0,1,0.0,27,21:54,0,1,0,0,
403,2016-03-22,59,24-108,ANA,@,MTL,L,0,1,1,2,0,0,0,0,0,1,0,0,4,0.0,29,23:38,0,4,0,0,
404,2016-03-24,60,24-110,ANA,@,TOR,L-OT,0,0,0,0,2,0,0,0,0,0,0,0,1,0.0,31,29:22,0,0,0,0,
405,2016-03-26,61,24-112,ANA,@,OTT,W,0,2,2,1,0,0,0,0,0,1,1,0,0,,30,26:12,1,2,0,0,
406,2016-03-28,62,24-114,ANA,@,EDM,W,0,0,0,0,0,0,0,0,0,0,0,0,4,0.0,25,22:06,0,4,0,0,
407,2016-03-30,63,24-116,ANA,,CGY,W,0,1,1,2,0,0,0,0,0,1,0,0,1,0.0,24,21:28,0,4,0,0,
408,2016-04-01,64,24-118,ANA,,VAN,L,0,0,0,-1,0,0,0,0,0,0,0,0,2,0.0,28,23:29,0,0,0,0,
409,2016-04-03,65,24-120,ANA,,DAL,W,0,0,0,1,2,0,0,0,0,0,0,0,3,0.0,26,23:45,0,3,0,0,
410,2016-04-05,66,24-122,ANA,,WPG,L-OT,0,0,0,-2,0,0,0,0,0,0,0,0,1,0.0,30,25:30,0,1,0,0,
411,2016-04-07,67,24-124,ANA,@,LAK,L,0,0,0,-2,2,0,0,0,0,0,0,0,1,0.0,30,23:40,0,2,0,0,
412,2016-04-09,68,24-126,ANA,@,COL,W,1,0,1,0,0,0,1,0,0,0,0,0,1,100.0,27,23:50,1,1,0,0,
413,2016-04-10,69,24-127,ANA,@,WSH,W,0,0,0,0,2,0,0,0,0,0,0,0,0,,26,21:58,0,2,0,0,
414,2016-10-13,1,24-313,ANA,@,DAL,L,0,0,0,-1,0,0,0,0,0,0,0,0,3,0.0,30,25:33,0,1,0,0,
415,2016-10-15,2,24-315,ANA,@,PIT,L,1,0,1,-1,0,0,1,0,0,0,0,0,3,33.3,29,23:38,3,3,0,0,
416,2016-10-16,3,24-316,ANA,@,NYI,L-OT,1,1,2,1,0,1,0,0,0,1,0,0,4,25.0,28,26:42,1,1,0,0,
417,2016-10-18,4,24-318,ANA,@,NJD,L,0,1,1,0,0,0,0,0,0,0,1,0,1,0.0,27,23:13,0,0,0,0,
418,2016-10-20,5,24-320,ANA,@,PHI,W,0,0,0,0,0,0,0,0,0,0,0,0,1,0.0,32,24:44,1,1,0,0,
419,2016-10-23,6,24-323,ANA,,VAN,W,1,0,1,1,0,0,1,0,0,0,0,0,2,50.0,29,23:30,0,0,0,0,
420,2016-10-25,7,24-325,ANA,@,SJS,L-OT,0,0,0,0,0,0,0,0,0,0,0,0,2,0.0,31,24:54,0,1,0,0,
421,2016-10-26,8,24-326,ANA,,NSH,W,0,2,2,1,2,0,0,0,0,0,2,0,1,0.0,27,22:34,0,1,0,0,
422,2016-10-28,9,24-328,ANA,,CBJ,L,0,0,0,-1,0,0,0,0,0,0,0,0,2,0.0,26,21:10,0,1,0,0,
423,2016-11-01,10,24-332,ANA,@,LAK,W,0,0,0,1,0,0,0,0,0,0,0,0,3,0.0,28,25:20,0,2,0,0,
424,2016-11-02,11,24-333,ANA,,PIT,L,1,0,1,-1,0,0,1,0,0,0,0,0,3,33.3,29,23:46,3,2,0,0,
425,2016-11-04,12,24-335,ANA,,ARI,W,0,0,0,0,0,0,0,0,0,0,0,0,1,0.0,25,24:53,1,3,0,0,
426,2016-11-06,13,24-337,ANA,,CGY,W,0,0,0,1,0,0,0,0,0,0,0,0,2,0.0,28,24:06,0,0,0,0,
427,2016-11-09,14,24-340,ANA,@,CBJ,L-OT,0,1,1,2,0,0,0,0,0,1,0,0,2,0.0,29,25:10,0,3,0,0,
428,2016-11-10,15,24-341,ANA,@,CAR,W,0,1,1,-1,0,0,0,0,0,1,0,0,1,0.0,29,23:46,0,0,0,0,
429,2016-11-12,16,24-343,ANA,@,NSH,L,0,0,0,-3,0,0,0,0,0,0,0,0,2,0.0,29,22:53,0,0,0,0,
430,2016-11-15,17,24-346,ANA,,EDM,W,1,0,1,0,0,1,0,0,1,0,0,0,1,100.0,24,22:14,1,2,0,0,
431,2016-11-17,18,24-348,ANA,,NJD,W,0,0,0,0,0,0,0,0,0,0,0,0,1,0.0,25,21:25,0,1,0,0,
432,2016-11-20,19,24-351,ANA,,LAK,L,0,0,0,0,0,0,0,0,0,0,0,0,4,0.0,24,24:34,0,2,0,0,
433,2016-11-22,20,24-353,ANA,,NYI,L-SO,1,1,2,1,0,0,1,0,0,1,0,0,5,20.0,35,24:49,0,2,0,0,
434,2016-11-25,21,24-356,ANA,,CHI,L,0,0,0,2,0,0,0,0,0,0,0,0,1,0.0,28,22:47,0,2,0,0,
435,2016-11-26,22,24-357,ANA,@,SJS,W,0,0,0,1,0,0,0,0,0,0,0,0,1,0.0,32,25:15,0,1,0,0,
436,2016-11-29,23,24-360,ANA,,MTL,W,1,0,1,1,0,1,0,0,1,0,0,0,4,25.0,24,23:52,1,2,0,0,
437,2016-12-01,24,24-362,ANA,@,VAN,W,0,1,1,1,0,0,0,0,0,1,0,0,1,0.0,25,23:14,0,0,0,0,
438,2016-12-03,25,24-364,ANA,@,EDM,L-OT,0,1,1,0,0,0,0,0,0,0,1,0,2,0.0,29,25:54,2,1,0,0,
439,2016-12-04,26,24-365,ANA,@,CGY,L,0,0,0,-1,0,0,0,0,0,0,0,0,1,0.0,26,20:12,0,2,0,0,
440,2016-12-07,27,25-002,ANA,,CAR,W,0,1,1,2,0,0,0,0,0,1,0,0,5,0.0,35,26:45,0,0,0,0,
441,2016-12-09,28,25-004,ANA,,SJS,W,0,0,0,-1,0,0,0,0,0,0,0,0,3,0.0,28,24:10,0,2,0,0,
442,2016-12-11,29,25-006,ANA,,OTT,W,0,1,1,0,0,0,0,0,0,0,1,0,2,0.0,29,25:11,0,2,0,0,
443,2016-12-13,30,25-008,ANA,@,DAL,L,0,0,0,-1,0,0,0,0,0,0,0,0,1,0.0,27,25:31,0,2,0,0,
444,2016-12-15,31,25-010,ANA,@,BOS,W,0,1,1,1,2,0,0,0,0,1,0,0,1,0.0,31,26:05,1,5,0,0,
445,2016-12-17,32,25-012,ANA,@,DET,L,1,0,1,-1,0,1,0,0,0,0,0,0,3,33.3,29,26:30,1,1,0,0,
446,2016-12-19,33,25-014,ANA,@,TOR,W,1,1,2,-2,0,0,1,0,1,0,1,0,4,25.0,30,26:18,2,1,0,0,
447,2016-12-20,34,25-015,ANA,@,MTL,L,0,0,0,0,2,0,0,0,0,0,0,0,2,0.0,30,22:47,0,3,0,0,
448,2016-12-22,35,25-017,ANA,@,OTT,L-OT,0,0,0,0,0,0,0,0,0,0,0,0,2,0.0,32,25:53,2,2,0,0,
449,2016-12-27,36,25-022,ANA,,SJS,L-OT,0,0,0,-1,0,0,0,0,0,0,0,0,4,0.0,30,24:45,0,1,0,0,
450,2016-12-29,37,25-024,ANA,@,CGY,W,0,0,0,0,0,0,0,0,0,0,0,0,3,0.0,28,26:49,0,2,0,0,
451,2016-12-30,38,25-025,ANA,@,VAN,L-OT,0,0,0,-1,0,0,0,0,0,0,0,0,1,0.0,33,25:43,0,1,0,0,
452,2017-01-01,39,25-027,ANA,,PHI,W,0,0,0,0,0,0,0,0,0,0,0,0,0,,37,29:15,1,1,0,0,
453,2017-01-04,40,25-030,ANA,,DET,W,0,0,0,1,2,0,0,0,0,0,0,0,2,0.0,31,26:26,0,2,0,0,
454,2017-01-06,41,25-032,ANA,,ARI,W,0,0,0,0,0,0,0,0,0,0,0,0,3,0.0,33,26:43,0,0,0,0,
455,2017-01-08,42,25-034,ANA,,MIN,L,0,0,0,-1,2,0,0,0,0,0,0,0,1,0.0,27,28:05,1,2,0,0,
456,2017-01-10,43,25-036,ANA,,DAL,W,0,0,0,0,0,0,0,0,0,0,0,0,4,0.0,25,26:05,0,0,0,0,
457,2017-01-12,44,25-038,ANA,@,COL,W,0,1,1,2,0,0,0,0,0,1,0,0,2,0.0,27,24:45,0,2,0,0,
458,2017-01-14,45,25-040,ANA,@,ARI,W,0,0,0,2,0,0,0,0,0,0,0,0,2,0.0,29,24:46,0,2,0,0,
459,2017-01-15,46,25-041,ANA,,STL,L-OT,0,0,0,-1,0,0,0,0,0,0,0,0,5,0.0,29,25:48,0,2,0,0,
460,2017-01-17,47,25-043,ANA,,TBL,W,0,0,0,0,2,0,0,0,0,0,0,0,2,0.0,29,24:34,0,4,0,0,
461,2017-01-19,48,25-045,ANA,,COL,W,0,0,0,0,0,0,0,0,0,0,0,0,1,0.0,29,28:29,0,2,0,0,
462,2017-01-21,49,25-047,ANA,@,MIN,L,1,1,2,-2,0,0,0,1,0,1,0,0,4,25.0,29,25:37,0,1,0,0,
463,2017-01-23,50,25-049,ANA,@,WPG,W,0,1,1,1,0,0,0,0,0,0,0,1,1,0.0,30,28:29,1,2,0,0,
464,2017-01-25,51,25-051,ANA,,EDM,L,0,0,0,-1,0,0,0,0,0,0,0,0,0,,28,22:30,0,0,0,0,
465,2017-01-31,52,25-057,ANA,,COL,W,1,0,1,2,0,1,0,0,0,0,0,0,3,33.3,26,23:13,0,3,0,0,
466,2017-02-03,53,25-060,ANA,@,FLA,L,0,0,0,-1,2,0,0,0,0,0,0,0,0,,32,25:54,0,0,0,0,
467,2017-02-04,54,25-061,ANA,@,TBL,L-SO,0,0,0,2,0,0,0,0,0,0,0,0,1,0.0,29,26:55,0,3,0,0,
468,2017-02-07,55,25-064,ANA,@,NYR,L,0,0,0,-2,0,0,0,0,0,0,0,0,5,0.0,27,25:57,0,5,0,0,
469,2017-02-09,56,25-066,ANA,@,BUF,W,0,1,1,2,0,0,0,0,0,1,0,0,7,0.0,24,22:50,0,2,0,0,
470,2017-02-11,57,25-068,ANA,@,WSH,L,0,2,2,-1,2,0,0,0,0,2,0,0,1,0.0,27,22:04,1,1,0,0,
471,2017-02-14,58,25-071,ANA,@,MIN,W,0,0,0,0,2,0,0,0,0,0,0,0,1,0.0,28,25:26,0,2,0,0,
472,2017-02-17,59,25-074,ANA,,FLA,L,0,0,0,-1,0,0,0,0,0,0,0,0,2,0.0,28,23:45,0,1,0,0,
473,2017-02-19,60,25-076,ANA,,LAK,W,0,0,0,0,0,0,0,0,0,0,0,0,3,0.0,27,25:05,0,4,0,0,
474,2017-02-20,61,25-077,ANA,@,ARI,L,0,1,1,-1,0,0,0,0,0,1,0,0,2,0.0,26,26:15,0,2,0,0,
475,2017-02-22,62,25-079,ANA,,BOS,W,0,0,0,1,0,0,0,0,0,0,0,0,3,0.0,29,24:50,0,3,0,0,
476,2017-02-25,63,25-082,ANA,@,LAK,L,0,0,0,-3,0,0,0,0,0,0,0,0,4,0.0,28,25:09,2,3,0,0,
477,2017-03-03,64,25-088,ANA,,TOR,W,0,0,0,1,0,0,0,0,0,0,0,0,1,0.0,26,26:38,0,3,0,0,
478,2017-03-05,65,25-090,ANA,,VAN,L,0,0,0,0,0,0,0,0,0,0,0,0,4,0.0,23,21:17,0,3,0,0,
479,2017-03-07,66,25-092,ANA,,NSH,W,0,1,1,0,0,0,0,0,0,0,1,0,0,,32,28:42,0,1,0,0,
480,2017-03-09,67,25-094,ANA,@,CHI,W,0,0,0,0,0,0,0,0,0,0,0,0,1,0.0,24,25:19,0,4,0,0,
481,2017-03-10,68,25-095,ANA,@,STL,L,0,1,1,-1,0,0,0,0,0,1,0,0,0,,28,24:26,1,0,0,0,
482,2017-03-12,69,25-097,ANA,,WSH,W,0,0,0,1,0,0,0,0,0,0,0,0,4,0.0,25,24:16,0,0,0,0,
483,2017-03-15,70,25-100,ANA,,STL,W,0,0,0,0,0,0,0,0,0,0,0,0,2,0.0,22,22:24,0,2,0,0,
484,2017-03-17,71,25-102,ANA,,BUF,L-SO,0,1,1,1,0,0,0,0,0,1,0,0,3,0.0,30,25:12,1,3,0,0,
485,2017-03-18,72,25-103,ANA,@,SJS,W,0,0,0,2,2,0,0,0,0,0,0,0,3,0.0,24,23:48,0,1,0,0,
486,2017-03-22,73,25-107,ANA,,EDM,W,0,0,0,-1,0,0,0,0,0,0,0,0,8,0.0,31,28:43,1,3,0,0,
487,2017-03-24,74,25-109,ANA,,WPG,W,0,1,1,3,0,0,0,0,0,1,0,0,2,0.0,31,26:49,0,1,0,0,
488,2017-03-26,75,25-111,ANA,,NYR,W,0,2,2,2,0,0,0,0,0,1,1,0,1,0.0,25,23:25,0,1,0,0,
489,2017-03-28,76,25-113,ANA,@,VAN,W,0,0,0,1,0,0,0,0,0,0,0,0,4,0.0,23,20:53,0,0,0,0,
490,2017-03-30,77,25-115,ANA,@,WPG,L-OT,0,0,0,-1,0,0,0,0,0,0,0,0,2,0.0,28,24:49,0,1,0,0,
491,2017-04-01,78,25-117,ANA,@,EDM,L-OT,0,1,1,0,0,0,0,0,0,0,1,0,0,,33,29:07,1,3,0,0,
492,2017-04-02,79,25-118,ANA,@,CGY,W,0,1,1,0,0,0,0,0,0,0,1,0,5,0.0,26,27:14,0,2,0,0,
493,2017-04-04,80,25-120,ANA,,CGY,W,0,0,0,0,0,0,0,0,0,0,0,0,2,0.0,23,19:19,0,1,0,0,
494,2017-10-05,1,25-304,ANA,,ARI,W,0,0,0,1,0,0,0,0,0,0,0,0,1,0.0,31,26:20,0,1,0,0,
495,2017-10-07,2,25-306,ANA,,PHI,L-OT,1,0,1,-1,0,0,0,1,0,0,0,0,2,50.0,30,26:58,0,3,0,0,
496,2017-10-09,3,25-308,ANA,,CGY,L,0,0,0,0,2,0,0,0,0,0,0,0,3,0.0,26,25:11,0,2,0,0,
497,2017-10-11,4,25-310,ANA,,NYI,W,0,1,1,3,2,0,0,0,0,1,0,0,1,0.0,28,26:31,0,0,0,0,
498,2017-10-13,5,25-312,ANA,@,COL,L,0,0,0,-1,2,0,0,0,0,0,0,0,1,0.0,29,24:58,1,3,0,0,
499,2017-10-15,6,25-314,ANA,,BUF,L,0,0,0,-2,0,0,0,0,0,0,0,0,2,0.0,25,27:26,0,1,0,0,
500,2017-10-20,7,25-319,ANA,,MTL,W,0,0,0,0,0,0,0,0,0,0,0,0,0,,2,1:40,0,,,,
501,2017-11-20,8,25-350,ANA,@,SJS,W,0,0,0,1,0,0,0,0,0,0,0,0,1,0.0,26,23:25,0,2,0,0,
502,2017-11-22,9,25-352,ANA,,VEG,L,0,1,1,-1,0,0,0,0,0,0,1,0,1,0.0,25,22:12,0,3,0,0,
503,2017-11-24,10,25-354,ANA,,WPG,L,0,0,0,-1,0,0,0,0,0,0,0,0,1,0.0,25,22:45,0,3,0,0,
504,2017-11-25,11,25-355,ANA,@,LAK,L-SO,0,1,1,1,2,0,0,0,0,1,0,0,1,0.0,31,25:10,0,5,0,0,
505,2017-11-27,12,25-357,ANA,@,CHI,L,0,0,0,-1,2,0,0,0,0,0,0,0,1,0.0,26,24:00,0,0,0,0,
506,2017-11-29,13,25-359,ANA,@,STL,W,0,1,1,-1,2,0,0,0,0,0,1,0,1,0.0,26,20:52,0,3,0,0,
507,2017-12-01,14,25-361,ANA,@,CBJ,L,1,0,1,-1,0,1,0,0,0,0,0,0,2,50.0,28,23:15,1,0,0,0,
508,2017-12-02,15,25-362,ANA,@,NSH,L-SO,1,0,1,1,0,1,0,0,0,0,0,0,3,33.3,31,28:22,0,0,0,0,
509,2017-12-05,16,26-000,ANA,@,VEG,L-SO,0,0,0,-2,0,0,0,0,0,0,0,0,1,0.0,30,31:22,0,1,0,0,
510,2017-12-06,17,26-001,ANA,,OTT,W,0,1,1,1,0,0,0,0,0,1,0,0,1,0.0,27,24:27,1,1,0,0,
511,2017-12-08,18,26-003,ANA,,MIN,L-OT,0,0,0,-1,0,0,0,0,0,0,0,0,2,0.0,29,27:18,0,2,0,0,
512,2017-12-11,19,26-006,ANA,,CAR,W,0,0,0,0,2,0,0,0,0,0,0,0,1,0.0,24,22:36,0,4,0,0,
513,2017-12-14,20,26-009,ANA,@,STL,W,0,1,1,1,0,0,0,0,0,1,0,0,1,0.0,28,23:26,0,1,0,0,
514,2017-12-16,21,26-011,ANA,@,WSH,L-OT,0,1,1,-1,0,0,0,0,0,0,1,0,2,0.0,28,24:07,1,3,0,0,
515,2017-12-18,22,26-013,ANA,@,NJD,L,0,0,0,-1,0,0,0,0,0,0,0,0,0,,26,24:28,1,1,0,0,
516,2017-12-19,23,26-014,ANA,@,NYR,L,0,0,0,-2,0,0,0,0,0,0,0,0,4,0.0,25,23:28,0,0,0,0,
517,2017-12-21,24,26-016,ANA,@,NYI,W,0,0,0,1,0,0,0,0,0,0,0,0,2,0.0,28,26:47,1,1,0,0,
518,2017-12-23,25,26-018,ANA,@,PIT,W,1,0,1,1,0,0,1,0,0,0,0,0,2,50.0,26,23:22,1,1,0,0,
519,2017-12-27,26,26-022,ANA,,VEG,L,0,0,0,-2,0,0,0,0,0,0,0,0,2,0.0,21,22:04,0,0,0,0,
520,2017-12-29,27,26-024,ANA,,CGY,W,1,0,1,1,0,1,0,0,0,0,0,0,4,25.0,26,27:38,0,1,0,0,
521,2017-12-31,28,26-026,ANA,,ARI,W,1,1,2,2,0,1,0,0,1,1,0,0,4,25.0,28,21:12,0,2,0,0,
522,2018-01-02,29,26-028,ANA,@,VAN,W,0,0,0,0,0,0,0,0,0,0,0,0,1,0.0,24,23:41,0,1,0,0,
523,2018-01-04,30,26-030,ANA,@,EDM,L-SO,0,1,1,0,4,0,0,0,0,0,1,0,4,0.0,29,24:45,0,1,0,0,
524,2018-01-06,31,26-032,ANA,@,CGY,L,0,0,0,-2,0,0,0,0,0,0,0,0,2,0.0,26,25:43,1,1,0,0,
525,2018-01-13,32,26-039,ANA,@,LAK,W,0,0,0,0,0,0,0,0,0,0,0,0,0,,24,23:21,0,2,0,0,
526,2018-01-15,33,26-041,ANA,@,COL,L,0,0,0,-1,2,0,0,0,0,0,0,0,2,0.0,25,24:01,0,3,0,0,
527,2018-01-17,34,26-043,ANA,,PIT,W,0,1,1,1,0,0,0,0,0,0,0,1,4,0.0,25,28:41,0,1,0,0,
528,2018-01-19,35,26-045,ANA,,LAK,W,0,0,0,0,0,0,0,0,0,0,0,0,1,0.0,22,23:58,0,2,0,0,
529,2018-01-21,36,26-047,ANA,,SJS,L,0,0,0,-1,2,0,0,0,0,0,0,0,1,0.0,28,24:44,0,1,0,0,
530,2018-01-23,37,26-049,ANA,,NYR,W,0,2,2,0,0,0,0,0,0,0,2,0,0,,32,27:34,0,1,0,0,
531,2018-01-25,38,26-051,ANA,,WPG,W,0,0,0,-2,0,0,0,0,0,0,0,0,2,0.0,24,27:03,1,3,0,0,
532,2018-01-30,39,26-056,ANA,@,BOS,W,0,2,2,2,0,0,0,0,0,1,1,0,1,0.0,25,25:24,1,3,0,0,
533,2018-02-01,40,26-058,ANA,@,OTT,L-OT,0,1,1,1,0,0,0,0,0,1,0,0,1,0.0,23,23:59,0,0,0,0,
534,2018-02-03,41,26-060,ANA,@,MTL,L,0,2,2,0,0,0,0,0,0,1,1,0,3,0.0,24,25:09,0,2,0,0,
535,2018-02-05,42,26-062,ANA,@,TOR,L,0,0,0,-1,2,0,0,0,0,0,0,0,2,0.0,24,23:19,0,1,0,0,
536,2018-02-06,43,26-063,ANA,@,BUF,W,0,1,1,0,0,0,0,0,0,0,1,0,3,0.0,28,26:34,0,0,0,0,
537,2018-02-09,44,26-066,ANA,,EDM,W,0,0,0,1,0,0,0,0,0,0,0,0,2,0.0,25,23:17,0,1,0,0,
538,2018-02-11,45,26-068,ANA,,SJS,L-SO,1,0,1,0,0,1,0,0,0,0,0,0,2,50.0,27,25:39,0,1,0,0,
539,2018-02-13,46,26-070,ANA,@,DET,L,0,0,0,0,0,0,0,0,0,0,0,0,2,0.0,26,25:13,1,0,0,0,
540,2018-02-15,47,26-072,ANA,@,CHI,W,0,0,0,1,2,0,0,0,0,0,0,0,1,0.0,28,25:19,0,5,0,0,
541,2018-02-17,48,26-074,ANA,@,MIN,W,0,0,0,-1,0,0,0,0,0,0,0,0,3,0.0,25,25:45,0,1,0,0,
542,2018-02-19,49,26-076,ANA,@,VEG,W,0,0,0,1,0,0,0,0,0,0,0,0,1,0.0,25,24:25,2,3,0,0,
543,2018-02-21,50,26-078,ANA,,DAL,W,0,0,0,1,2,0,0,0,0,0,0,0,0,,23,25:02,0,1,0,1,0.0
544,2018-02-24,51,26-081,ANA,@,ARI,L,0,0,0,-2,0,0,0,0,0,0,0,0,2,0.0,24,23:44,0,1,0,0,
545,2018-02-25,52,26-082,ANA,,EDM,L-SO,0,1,1,1,0,0,0,0,0,1,0,0,4,0.0,25,26:29,0,0,0,0,
546,2018-03-02,53,26-087,ANA,,CBJ,W,1,1,2,3,0,1,0,0,0,1,0,0,4,25.0,27,24:57,1,1,0,0,
547,2018-03-04,54,26-089,ANA,,CHI,W,0,1,1,2,0,0,0,0,0,1,0,0,3,0.0,25,26:28,1,5,0,0,
548,2018-03-06,55,26-091,ANA,,WSH,W,0,0,0,2,0,0,0,0,0,0,0,0,2,0.0,22,26:20,0,2,0,0,
549,2018-03-08,56,26-093,ANA,@,NSH,L,0,0,0,-2,0,0,0,0,0,0,0,0,0,,22,22:25,0,0,0,0,
550,2018-03-09,57,26-094,ANA,@,DAL,L,0,0,0,0,0,0,0,0,0,0,0,0,2,0.0,25,26:02,0,3,1,0,100.0
551,2018-03-12,58,26-097,ANA,,STL,L,0,0,0,0,0,0,0,0,0,0,0,0,2,0.0,27,26:35,1,0,0,0,
552,2018-03-14,59,26-099,ANA,,VAN,W,0,0,0,1,0,0,0,0,0,0,0,0,4,0.0,25,27:02,0,5,0,0,
553,2018-03-16,60,26-101,ANA,,DET,W,0,0,0,-1,0,0,0,0,0,0,0,0,1,0.0,24,25:33,0,1,0,0,
554,2018-03-18,61,26-103,ANA,,NJD,W,0,1,1,2,0,0,0,0,0,1,0,0,2,0.0,31,28:15,1,2,0,0,
555,2018-03-21,62,26-106,ANA,@,CGY,W,0,0,0,0,0,0,0,0,0,0,0,0,1,0.0,27,26:50,1,3,0,0,
556,2018-03-23,63,26-108,ANA,@,WPG,L-OT,0,0,0,-1,0,0,0,0,0,0,0,0,1,0.0,31,26:48,2,4,0,0,
557,2018-03-25,64,26-110,ANA,@,EDM,W,0,2,2,1,0,0,0,0,0,2,0,0,2,0.0,29,26:14,1,2,0,0,
558,2018-03-27,65,26-112,ANA,@,VAN,L,0,0,0,0,0,0,0,0,0,0,0,0,1,0.0,22,24:38,0,0,0,0,
559,2018-03-30,66,26-115,ANA,,LAK,W,0,0,0,1,0,0,0,0,0,0,0,0,2,0.0,26,27:14,0,0,0,0,
560,2018-04-01,67,26-117,ANA,,COL,W,0,0,0,0,0,0,0,0,0,0,0,0,4,0.0,26,25:41,0,1,0,0,
561,2018-10-03,1,26-302,ANA,@,SJS,W,0,0,0,0,0,0,0,0,0,0,0,0,0,,33,24:07,0,1,0,0,
562,2018-10-06,2,26-305,ANA,@,ARI,W,0,1,1,1,0,0,0,0,0,1,0,0,1,0.0,33,23:13,0,2,0,0,
563,2018-10-08,3,26-307,ANA,,DET,W,0,0,0,1,2,0,0,0,0,0,0,0,3,0.0,33,27:59,0,5,0,0,
564,2018-10-10,4,26-309,ANA,,ARI,L-SO,0,0,0,0,0,0,0,0,0,0,0,0,1,0.0,30,24:53,0,3,0,0,
565,2018-10-13,5,26-312,ANA,@,DAL,L,0,0,0,-2,0,0,0,0,0,0,0,0,3,0.0,33,23:40,0,9,0,0,
566,2018-10-14,6,26-313,ANA,@,STL,W,0,1,1,1,0,0,0,0,0,1,0,0,1,0.0,29,27:48,0,3,0,0,
567,2018-10-17,7,26-316,ANA,,NYI,W,0,1,1,2,2,0,0,0,0,1,0,0,0,,25,21:24,0,2,0,0,
568,2018-10-20,8,26-319,ANA,@,VEG,L,0,1,1,-1,0,0,0,0,0,1,0,0,2,0.0,31,23:16,0,3,0,0,
569,2018-10-21,9,26-320,ANA,,BUF,L,0,0,0,0,0,0,0,0,0,0,0,0,2,0.0,29,23:45,0,0,0,0,
570,2018-10-23,10,26-322,ANA,@,CHI,L,0,0,0,-1,2,0,0,0,0,0,0,0,3,0.0,31,25:55,1,2,0,0,
571,2018-10-25,11,26-324,ANA,@,DAL,L,0,0,0,-1,2,0,0,0,0,0,0,0,3,0.0,34,23:51,0,3,0,0,
572,2018-10-28,12,26-327,ANA,,SJS,L-OT,0,0,0,0,0,0,0,0,0,0,0,0,2,0.0,35,26:10,1,3,0,0,
573,2018-10-30,13,26-329,ANA,,PHI,L,0,1,1,0,0,0,0,0,0,0,1,0,3,0.0,28,25:07,1,2,0,0,
574,2018-11-01,14,26-331,ANA,,NYR,L-SO,0,1,1,1,0,0,0,0,0,1,0,0,2,0.0,27,27:52,1,0,0,0,
575,2018-11-04,15,26-334,ANA,,CBJ,W,3,0,3,1,2,3,0,0,1,0,0,0,6,50.0,30,24:47,2,1,0,0,
576,2018-11-06,16,26-336,ANA,@,LAK,L,0,0,0,-1,0,0,0,0,0,0,0,0,1,0.0,31,23:26,1,1,0,0,
577,2018-11-07,17,26-337,ANA,,CGY,W,0,1,1,2,0,0,0,0,0,1,0,0,1,0.0,30,23:42,0,1,0,0,
578,2018-11-09,18,26-339,ANA,,MIN,L,0,0,0,-1,0,0,0,0,0,0,0,0,1,0.0,29,24:40,1,3,0,0,
579,2018-11-12,19,26-342,ANA,,NSH,W,0,0,0,1,0,0,0,0,0,0,0,0,0,,34,23:34,0,3,0,0,
580,2019-01-06,20,27-032,ANA,,EDM,L,0,0,0,-2,0,0,0,0,0,0,0,0,0,,26,22:01,0,0,0,0,
581,2019-01-09,21,27-035,ANA,,OTT,L-OT,0,0,0,-1,0,0,0,0,0,0,0,0,0,,30,26:20,0,1,0,0,
582,2019-01-11,22,27-037,ANA,,PIT,L,0,0,0,-4,0,0,0,0,0,0,0,0,1,0.0,29,22:47,1,1,0,0,
583,2019-01-13,23,27-039,ANA,@,WPG,L-OT,0,0,0,-1,0,0,0,0,0,0,0,0,4,0.0,33,25:30,1,1,0,0,
584,2019-01-15,24,27-041,ANA,@,DET,L,0,0,0,0,0,0,0,0,0,0,0,0,0,,29,23:23,0,1,0,0,
585,2019-01-17,25,27-043,ANA,@,MIN,W,0,0,0,0,2,0,0,0,0,0,0,0,2,0.0,29,23:40,2,1,0,0,
586,2019-01-19,26,27-045,ANA,@,NJD,W,0,0,0,1,4,0,0,0,0,0,0,0,1,0.0,26,23:23,0,0,0,0,
587,2019-01-20,27,27-046,ANA,@,NYI,L,0,0,0,-2,0,0,0,0,0,0,0,0,0,,26,22:34,1,0,0,0,
588,2019-01-23,28,27-049,ANA,,STL,L,0,0,0,-2,0,0,0,0,0,0,0,0,2,0.0,29,21:02,0,3,0,0,
589,2019-02-02,29,27-059,ANA,@,WPG,L,0,1,1,0,0,0,0,0,0,1,0,0,2,0.0,31,22:15,0,0,0,0,
590,2019-02-04,30,27-061,ANA,@,TOR,L,0,0,0,-1,0,0,0,0,0,0,0,0,2,0.0,31,23:03,1,3,0,0,
591,2019-02-05,31,27-062,ANA,@,MTL,L,0,0,0,-2,0,0,0,0,0,0,0,0,0,,29,24:14,0,1,0,0,
592,2019-02-07,32,27-064,ANA,@,OTT,L,0,0,0,-1,2,0,0,0,0,0,0,0,5,0.0,25,22:22,0,0,0,0,
593,2019-02-09,33,27-066,ANA,@,PHI,L,0,0,0,-2,0,0,0,0,0,0,0,0,1,0.0,29,23:42,0,1,0,0,
594,2019-02-13,34,27-070,ANA,,VAN,W,0,0,0,1,0,0,0,0,0,0,0,0,0,,27,22:42,2,2,0,0,
595,2019-02-15,35,27-072,ANA,,BOS,L,0,0,0,-2,0,0,0,0,0,0,0,0,5,0.0,26,20:19,0,3,0,0,
596,2019-02-17,36,27-074,ANA,,WSH,W,0,1,1,1,0,0,0,0,0,0,1,0,1,0.0,28,19:35,1,0,0,0,
597,2019-02-19,37,27-076,ANA,@,MIN,W,0,0,0,0,0,0,0,0,0,0,0,0,3,0.0,26,19:15,0,0,0,0,
598,2019-02-22,38,27-079,ANA,@,CGY,L,0,0,0,1,0,0,0,0,0,0,0,0,1,0.0,30,22:34,1,0,0,0,
599,2019-02-23,39,27-080,ANA,@,EDM,L,0,0,0,1,0,0,0,0,0,0,0,0,2,0.0,32,23:43,0,1,0,0,
600,2019-02-25,40,27-082,ANA,@,VAN,L,0,0,0,0,0,0,0,0,0,0,0,0,0,,31,23:19,0,1,0,0,
601,2019-02-27,41,27-084,ANA,,CHI,L,0,0,0,-1,0,0,0,0,0,0,0,0,1,0.0,26,23:08,0,2,0,0,
602,2019-03-01,42,27-086,ANA,,VEG,L,0,0,0,-2,0,0,0,0,0,0,0,0,0,,28,24:18,0,1,0,0,
603,2019-03-03,43,27-088,ANA,,COL,W,1,0,1,1,0,0,1,0,1,0,0,0,2,50.0,27,19:10,2,2,0,0,
604,2019-03-05,44,27-090,ANA,@,ARI,W,0,1,1,-1,0,0,0,0,0,0,1,0,1,0.0,27,22:16,1,2,0,0,
605,2019-03-06,45,27-091,ANA,,STL,L,0,1,1,0,0,0,0,0,0,0,1,0,2,0.0,27,22:02,2,1,0,0,
606,2019-03-08,46,27-093,ANA,,MTL,W,0,1,1,2,0,0,0,0,0,1,0,0,1,0.0,25,21:36,1,2,0,0,
607,2019-03-10,47,27-095,ANA,,LAK,L,0,0,0,0,0,0,0,0,0,0,0,0,2,0.0,31,24:00,0,0,0,0,
608,2019-03-12,48,27-097,ANA,,NSH,W,0,0,0,1,0,0,0,0,0,0,0,0,0,,29,21:54,0,2,0,0,
609,2019-03-14,49,27-099,ANA,@,ARI,L,0,0,0,0,0,0,0,0,0,0,0,0,1,0.0,27,21:40,1,1,0,0,
610,2019-03-15,50,27-100,ANA,@,COL,W,0,2,2,2,0,0,0,0,0,2,0,0,1,0.0,34,23:26,2,2,0,0,
611,2019-03-17,51,27-102,ANA,,FLA,W,0,0,0,0,0,0,0,0,0,0,0,0,0,,29,24:31,0,0,0,0,
612,2019-03-20,52,27-105,ANA,,WPG,L,0,0,0,-2,0,0,0,0,0,0,0,0,4,0.0,28,22:50,0,0,0,0,
613,2019-03-22,53,27-107,ANA,,SJS,W,0,2,2,0,0,0,0,0,0,1,1,0,0,,31,25:06,0,5,0,0,
614,2019-03-23,54,27-108,ANA,@,LAK,L-SO,1,0,1,0,0,1,0,0,0,0,0,0,1,100.0,34,26:23,1,1,0,0,
615,2019-03-26,55,27-111,ANA,@,VAN,W,0,0,0,1,0,0,0,0,0,0,0,0,1,0.0,27,19:32,0,0,0,0,
616,2019-03-29,56,27-114,ANA,@,CGY,L,0,0,0,-1,0,0,0,0,0,0,0,0,0,,25,19:58,0,1,0,0,
617,2019-03-30,57,27-115,ANA,@,EDM,W,0,0,0,1,0,0,0,0,0,0,0,0,1,0.0,31,26:00,3,2,0,0,
618,2019-04-03,58,27-119,ANA,,CGY,W,0,0,0,-1,2,0,0,0,0,0,0,0,3,0.0,24,21:15,1,0,0,0,
619,2019-04-05,59,27-121,ANA,,LAK,W,0,2,2,-2,0,0,0,0,0,1,0,1,0,,30,22:45,0,0,0,0,
620,2019-10-03,1,27-302,ANA,,ARI,W,1,0,1,2,0,1,0,0,1,0,0,0,2,50.0,27,20:24,1,2,0,0,
621,2019-10-05,2,27-304,ANA,,SJS,W,0,0,0,0,0,0,0,0,0,0,0,0,2,0.0,27,18:55,0,1,0,0,
622,2019-10-08,3,27-307,ANA,@,DET,W,0,0,0,0,0,0,0,0,0,0,0,0,2,0.0,24,20:14,0,0,0,0,
623,2019-10-10,4,27-309,ANA,@,PIT,L,0,0,0,1,0,0,0,0,0,0,0,0,0,,32,22:13,2,0,0,0,
624,2019-10-11,5,27-310,ANA,@,CBJ,W,1,0,1,1,0,1,0,0,1,0,0,0,2,50.0,30,18:53,0,3,0,0,
625,2019-10-14,6,27-313,ANA,@,BOS,L,0,1,1,1,0,0,0,0,0,1,0,0,2,0.0,32,22:21,1,1,0,0,
626,2019-10-16,7,27-315,ANA,,BUF,W,0,1,1,0,0,0,0,0,0,0,1,0,2,0.0,24,19:49,0,1,0,0,
627,2019-10-18,8,27-317,ANA,,CAR,W,0,1,1,2,0,0,0,0,0,1,0,0,0,,24,17:28,0,1,0,0,
628,2019-10-20,9,27-319,ANA,,CGY,L,0,0,0,-2,0,0,0,0,0,0,0,0,2,0.0,26,20:53,1,1,0,0,
629,2019-10-22,10,27-321,ANA,@,NSH,L,0,0,0,0,0,0,0,0,0,0,0,0,2,0.0,23,18:08,1,0,0,0,
630,2019-10-24,11,27-323,ANA,@,DAL,L,0,0,0,-2,0,0,0,0,0,0,0,0,4,0.0,35,27:03,0,2,0,0,
631,2019-10-26,12,27-325,ANA,@,COL,W,0,0,0,1,2,0,0,0,0,0,0,0,1,0.0,31,19:13,0,1,0,0,
632,2019-10-27,13,27-326,ANA,@,VEG,L,0,0,0,0,0,0,0,0,0,0,0,0,1,0.0,27,20:15,1,1,0,0,
633,2019-10-29,14,27-328,ANA,,WPG,W,1,1,2,2,0,1,0,0,0,1,0,0,2,50.0,26,21:03,1,0,0,0,
634,2019-11-01,15,27-331,ANA,,VAN,W,0,0,0,0,0,0,0,0,0,0,0,0,3,0.0,22,20:57,1,0,0,0,
635,2019-11-03,16,27-333,ANA,,CHI,L-OT,0,1,1,-1,0,0,0,0,0,0,1,0,2,0.0,25,22:42,0,3,0,0,
636,2019-11-05,17,27-335,ANA,,MIN,L,0,0,0,-2,0,0,0,0,0,0,0,0,3,0.0,27,23:08,1,1,0,0,
637,2019-11-10,18,27-340,ANA,,EDM,L,0,0,0,0,0,0,0,0,0,0,0,0,1,0.0,25,18:59,1,0,0,0,
638,2019-11-12,19,27-342,ANA,,DET,L-OT,1,0,1,1,0,1,0,0,0,0,0,0,3,33.3,27,20:00,0,0,0,0,
639,2019-11-14,20,27-344,ANA,,SJS,L,0,0,0,-1,0,0,0,0,0,0,0,0,2,0.0,30,24:36,0,2,0,0,
640,2019-11-16,21,27-346,ANA,@,STL,W,0,0,0,2,0,0,0,0,0,0,0,0,2,0.0,30,23:33,1,0,0,0,
641,2019-11-18,22,27-348,ANA,@,WSH,L,0,0,0,-1,0,0,0,0,0,0,0,0,1,0.0,26,23:27,1,2,0,0,
642,2019-11-21,23,27-351,ANA,@,FLA,L-OT,0,1,1,-3,0,0,0,0,0,0,1,0,1,0.0,30,20:49,1,3,0,0,
643,2019-11-23,24,27-353,ANA,@,TBL,L,0,1,1,1,0,0,0,0,0,1,0,0,3,0.0,28,23:14,0,3,0,0,
644,2019-11-25,25,27-355,ANA,,NYI,W,1,1,2,3,0,1,0,0,0,1,0,0,2,50.0,27,24:37,0,2,0,0,
645,2019-11-27,26,27-357,ANA,@,ARI,L-SO,0,2,2,0,0,0,0,0,0,2,0,0,3,0.0,33,25:51,0,0,0,0,
646,2019-11-29,27,27-359,ANA,,WPG,L,0,0,0,0,0,0,0,0,0,0,0,0,2,0.0,27,23:12,0,0,0,0,
647,2019-12-02,28,27-362,ANA,,LAK,W,0,0,0,0,0,0,0,0,0,0,0,0,1,0.0,26,22:53,1,1,0,0,
648,2019-12-06,29,28-001,ANA,,WSH,L,0,0,0,1,2,0,0,0,0,0,0,0,3,0.0,29,22:55,0,0,0,0,
649,2019-12-08,30,28-003,ANA,@,WPG,L,0,0,0,1,0,0,0,0,0,0,0,0,1,0.0,27,24:20,0,2,0,0,
650,2019-12-10,31,28-005,ANA,@,MIN,W,1,0,1,1,0,0,1,0,0,0,0,0,1,100.0,31,19:42,0,1,0,0,
651,2019-12-12,32,28-007,ANA,,LAK,L,0,0,0,0,0,0,0,0,0,0,0,0,7,0.0,27,24:44,0,1,0,0,
652,2019-12-14,33,28-009,ANA,,NYR,W,0,0,0,0,2,0,0,0,0,0,0,0,6,0.0,31,24:06,0,1,0,0,
653,2019-12-17,34,28-012,ANA,@,PHI,L,0,0,0,-2,0,0,0,0,0,0,0,0,1,0.0,27,19:58,0,1,0,0,
654,2019-12-18,35,28-013,ANA,@,NJD,L,0,1,1,0,2,0,0,0,0,1,0,0,0,,27,18:17,0,1,0,0,
655,2019-12-21,36,28-016,ANA,@,NYI,W,1,0,1,0,2,1,0,0,0,0,0,0,3,33.3,32,24:50,1,4,0,0,
656,2019-12-22,37,28-017,ANA,@,NYR,L,0,0,0,0,0,0,0,0,0,0,0,0,0,,22,18:24,1,0,0,0,
657,2019-12-27,38,28-022,ANA,,VEG,W,1,1,2,-1,0,0,1,0,0,0,1,0,2,50.0,26,21:13,2,1,0,0,
658,2019-12-29,39,28-024,ANA,,PHI,L-OT,0,0,0,0,0,0,0,0,0,0,0,0,3,0.0,28,25:46,0,1,0,0,
659,2019-12-31,40,28-026,ANA,@,VEG,L,0,0,0,0,0,0,0,0,0,0,0,0,1,0.0,27,22:04,1,0,0,0,
660,2020-01-02,41,28-028,ANA,@,ARI,L,0,0,0,0,0,0,0,0,0,0,0,0,4,0.0,27,22:17,0,2,0,0,
661,2020-01-05,42,28-031,ANA,,NSH,W,1,1,2,-1,2,1,0,0,0,0,1,0,3,33.3,33,25:13,0,0,0,0,
662,2020-01-07,43,28-033,ANA,,CBJ,L,0,1,1,0,0,0,0,0,0,1,0,0,3,0.0,26,21:15,1,1,0,0,
663,2020-01-09,44,28-035,ANA,,DAL,L,0,0,0,-1,0,0,0,0,0,0,0,0,1,0.0,30,23:19,0,1,0,0,
664,2020-01-11,45,28-037,ANA,@,CHI,L,0,0,0,-1,0,0,0,0,0,0,0,0,2,0.0,24,22:14,1,1,0,0,
665,2020-01-13,46,28-039,ANA,@,STL,L,0,0,0,-1,0,0,0,0,0,0,0,0,1,0.0,30,24:12,0,0,0,0,
666,2020-01-16,47,28-042,ANA,@,NSH,W,0,2,2,2,0,0,0,0,0,2,0,0,0,,31,22:17,0,1,0,0,
667,2020-01-17,48,28-043,ANA,@,CAR,W,0,0,0,0,0,0,0,0,0,0,0,0,1,0.0,30,24:08,0,1,0,0,
668,2020-01-27,49,28-053,ANA,@,SJS,L,0,0,0,-2,2,0,0,0,0,0,0,0,2,0.0,28,22:19,0,0,0,0,
669,2020-01-29,50,28-055,ANA,,ARI,W,0,0,0,0,0,0,0,0,0,0,0,0,1,0.0,29,24:55,1,2,0,0,
670,2020-01-31,51,28-057,ANA,,TBL,L,0,0,0,-1,2,0,0,0,0,0,0,0,0,,27,19:42,0,0,0,0,
671,2020-02-01,52,28-058,ANA,@,LAK,W,0,1,1,1,2,0,0,0,0,1,0,0,3,0.0,30,21:49,0,1,0,0,
672,2020-02-04,53,28-061,ANA,@,OTT,W,0,0,0,0,0,0,0,0,0,0,0,0,0,,33,22:51,0,0,0,0,
673,2020-02-06,54,28-063,ANA,@,MTL,L-OT,0,0,0,1,0,0,0,0,0,0,0,0,4,0.0,29,24:00,0,1,0,0,
674,2020-02-07,55,28-064,ANA,@,TOR,L-OT,0,2,2,1,0,0,0,0,0,2,0,0,4,0.0,34,25:53,0,0,0,0,
675,2020-02-09,56,28-066,ANA,@,BUF,W,0,0,0,1,2,0,0,0,0,0,0,0,2,0.0,25,18:11,0,3,0,0,
676,2020-02-13,57,28-070,ANA,,CGY,L,0,0,0,-3,0,0,0,0,0,0,0,0,2,0.0,25,18:51,1,0,0,0,
677,2020-02-16,58,28-073,ANA,@,VAN,W,0,1,1,1,0,0,0,0,0,0,1,0,1,0.0,26,22:32,1,0,0,0,
678,2020-02-17,59,28-074,ANA,@,CGY,L,0,0,0,-2,0,0,0,0,0,0,0,0,2,0.0,26,20:15,0,0,0,0,
