,date_game,game_season,age,team_id,game_location,opp_id,game_result,goals,assists,points,plus_minus,pen_min,goals_ev,goals_pp,goals_sh,goals_gw,assists_ev,assists_pp,assists_sh,shots,shot_pct,shifts,time_on_ice,hits_all,blocks_all,faceoff_wins_all,faceoff_losses_all,faceoff_percentage_all
0,2007-01-07,1,21-344,CHI,,PHX,L,0,0,0,-1,2,0,0,0,0,,,,0,,9,3:18,,,,,
1,2007-11-30,1,22-306,CHI,,PHX,W,0,0,0,-1,5,0,0,0,0,,,,0,,17,10:51,1,1,2,7,22.2
2,2007-12-01,2,22-307,CHI,@,STL,L,0,0,0,-1,0,0,0,0,0,,,,1,0.0,12,8:41,1,1,1,6,14.3
3,2007-12-05,3,22-311,CHI,,VAN,L,0,0,0,1,0,0,0,0,0,,,,1,0.0,17,11:55,1,1,5,4,55.6
4,2007-12-07,4,22-313,CHI,,ANA,L,0,0,0,-1,2,0,0,0,0,,,,1,0.0,13,8:28,1,0,3,5,37.5
5,2007-12-09,5,22-315,CHI,,CGY,L,0,0,0,0,0,0,0,0,0,,,,1,0.0,14,11:38,0,0,3,2,60.0
6,2008-10-10,1,23-256,CHI,@,NYR,L,0,0,0,0,7,0,0,0,0,,,,0,,10,5:37,4,0,3,2,60.0
7,2008-10-11,2,23-257,CHI,@,WSH,L,0,0,0,0,0,0,0,0,0,,,,0,,11,6:19,0,0,2,2,50.0
8,2008-10-13,3,23-259,CHI,,NSH,L-SO,0,0,0,0,0,0,0,0,0,,,,3,0.0,11,7:22,1,0,1,1,50.0
9,2008-10-15,4,23-261,CHI,,PHX,W,1,0,1,2,0,1,0,0,0,,,,2,50.0,29,15:50,1,0,6,4,60.0
10,2008-10-18,5,23-264,CHI,@,STL,L-SO,0,0,0,0,0,0,0,0,0,,,,0,,14,9:27,1,0,6,4,60.0
11,2008-10-19,6,23-265,CHI,,VAN,W,0,0,0,-1,2,0,0,0,0,,,,0,,19,8:48,2,0,4,4,50.0
12,2008-10-22,7,23-268,CHI,,EDM,W,0,0,0,0,5,0,0,0,0,,,,0,,16,11:19,1,2,6,3,66.7
13,2008-10-25,8,23-271,CHI,,DET,L-SO,0,1,1,0,0,0,0,0,0,,,,0,,17,10:27,1,0,3,9,25.0
14,2008-10-27,9,23-273,CHI,@,MIN,L,0,0,0,-1,2,0,0,0,0,,,,1,0.0,16,10:08,0,0,2,5,28.6
15,2008-10-31,10,23-277,CHI,,DAL,W,0,0,0,-1,0,0,0,0,0,,,,0,,11,8:55,0,1,0,7,0.0
16,2008-11-01,11,23-278,CHI,@,CBJ,W,0,0,0,0,5,0,0,0,0,,,,0,,19,11:34,0,2,4,6,40.0
17,2008-11-03,12,23-280,CHI,,COL,W,0,0,0,0,2,0,0,0,0,,,,0,,13,9:48,1,2,2,5,28.6
18,2008-11-09,13,23-286,CHI,,CGY,W,0,1,1,1,0,0,0,0,0,,,,0,,19,11:36,0,1,9,6,60.0
19,2008-11-12,14,23-289,CHI,,BOS,L-SO,0,0,0,0,2,0,0,0,0,,,,0,,16,9:52,0,1,9,4,69.2
20,2008-11-14,15,23-291,CHI,,STL,L-OT,0,0,0,-1,0,0,0,0,0,,,,0,,16,11:03,0,1,7,4,63.6
21,2008-11-16,16,23-293,CHI,,SJS,L,0,0,0,0,0,0,0,0,0,,,,1,0.0,18,9:14,0,0,8,6,57.1
22,2008-11-18,17,23-295,CHI,@,PHX,W,0,0,0,-1,5,0,0,0,0,,,,2,0.0,18,10:25,0,1,7,4,63.6
23,2008-11-20,18,23-297,CHI,@,DAL,W,0,0,0,0,0,0,0,0,0,,,,3,0.0,18,11:03,2,2,1,7,12.5
24,2008-11-22,19,23-299,CHI,@,TOR,W,0,0,0,-1,0,0,0,0,0,,,,0,,13,8:21,2,2,7,3,70.0
25,2008-11-26,20,23-303,CHI,@,SJS,L-OT,0,0,0,0,0,0,0,0,0,,,,1,0.0,16,9:59,1,1,5,8,38.5
26,2008-11-28,21,23-305,CHI,@,ANA,L,0,0,0,-1,0,0,0,0,0,,,,1,0.0,13,7:12,1,0,4,4,50.0
27,2008-11-29,22,23-306,CHI,@,LAK,L,0,0,0,0,5,0,0,0,0,,,,1,0.0,14,9:10,4,1,3,6,33.3
28,2008-12-03,23,23-310,CHI,,ANA,W,0,1,1,1,0,0,0,0,0,,,,0,,16,9:35,1,0,7,6,53.8
29,2008-12-06,24,23-313,CHI,@,DET,L-SO,0,0,0,0,0,0,0,0,0,,,,0,,19,10:27,1,0,7,7,50.0
30,2008-12-07,25,23-314,CHI,,PHX,W,0,2,2,1,0,0,0,0,0,,,,0,,20,16:04,0,0,7,8,46.7
31,2008-12-10,26,23-317,CHI,,OTT,W,0,0,0,0,0,0,0,0,0,,,,1,0.0,17,14:19,2,0,5,4,55.6
32,2008-12-12,27,23-319,CHI,@,COL,W,0,1,1,0,0,0,0,0,0,,,,0,,18,13:03,0,1,3,7,30.0
33,2008-12-14,28,23-321,CHI,,CBJ,W,0,0,0,1,0,0,0,0,0,,,,0,,19,11:44,0,1,7,3,70.0
34,2008-12-16,29,23-323,CHI,@,EDM,W,1,2,3,2,0,1,0,0,0,,,,2,50.0,21,13:27,1,1,11,9,55.0
35,2008-12-19,30,23-326,CHI,@,CGY,W,0,0,0,0,2,0,0,0,0,,,,1,0.0,20,12:16,0,0,5,7,41.7
36,2008-12-20,31,23-327,CHI,@,VAN,W,0,0,0,1,0,0,0,0,0,,,,0,,19,13:39,0,0,5,9,35.7
37,2008-12-26,32,23-333,CHI,,PHI,W,0,0,0,0,0,0,0,0,0,,,,1,0.0,19,10:44,0,0,5,5,50.0
38,2008-12-28,33,23-335,CHI,@,MIN,W,0,0,0,0,0,0,0,0,0,,,,1,0.0,18,12:29,0,1,4,8,33.3
39,2008-12-30,34,23-337,CHI,@,DET,L,0,0,0,0,0,0,0,0,0,,,,1,0.0,19,14:07,1,0,7,8,46.7
40,2009-01-01,35,23-339,CHI,,DET,L,0,0,0,-1,0,0,0,0,0,,,,1,0.0,18,13:38,0,1,8,3,72.7
41,2009-01-04,36,23-342,CHI,,CGY,W,0,0,0,1,5,0,0,0,0,,,,1,0.0,20,14:35,1,0,3,10,23.1
42,2009-01-06,37,23-344,CHI,@,PHX,W,1,0,1,1,0,1,0,0,0,,,,1,100.0,21,14:00,1,1,4,5,44.4
43,2009-01-08,38,23-346,CHI,@,COL,L,0,0,0,0,0,0,0,0,0,,,,2,0.0,17,9:42,0,0,2,3,40.0
44,2009-01-10,39,23-348,CHI,@,NSH,L,0,0,0,1,0,0,0,0,0,,,,1,0.0,18,11:24,1,0,5,3,62.5
45,2009-01-11,40,23-349,CHI,,NSH,W,0,0,0,-1,0,0,0,0,0,,,,3,0.0,17,11:05,0,0,5,4,55.6
46,2009-01-14,41,23-352,CHI,,BUF,W,0,0,0,-1,0,0,0,0,0,,,,1,0.0,17,12:27,0,1,7,5,58.3
47,2009-01-16,42,23-354,CHI,,NYR,L-OT,0,0,0,0,0,0,0,0,0,,,,0,,14,10:05,1,0,4,8,33.3
48,2009-01-17,43,23-355,CHI,@,STL,W,0,0,0,0,0,0,0,0,0,,,,0,,16,14:07,1,0,4,5,44.4
49,2009-01-19,44,23-357,CHI,,MIN,L,0,0,0,0,0,0,0,0,0,,,,1,0.0,15,10:46,0,0,6,7,46.2
50,2009-01-21,45,23-359,CHI,,STL,L,0,0,0,0,2,0,0,0,0,,,,2,0.0,16,9:37,0,3,8,6,57.1
51,2009-01-28,46,24-000,CHI,@,ANA,W,0,1,1,1,0,0,0,0,0,,,,0,,19,13:20,1,1,10,9,52.6
52,2009-01-29,47,24-001,CHI,@,LAK,L,0,0,0,0,0,0,0,0,0,,,,0,,16,11:12,0,1,1,5,16.7
53,2009-01-31,48,24-003,CHI,@,SJS,W,0,0,0,0,0,0,0,0,0,,,,0,,18,11:21,1,0,2,7,22.2
54,2009-02-03,49,24-006,CHI,@,EDM,W,0,0,0,0,0,0,0,0,0,,,,2,0.0,18,9:35,1,1,3,4,42.9
55,2009-02-05,50,24-008,CHI,@,CGY,W,1,0,1,1,0,1,0,0,0,,,,1,100.0,20,10:09,0,2,5,7,41.7
56,2009-02-07,51,24-010,CHI,@,VAN,L,0,0,0,1,0,0,0,0,0,,,,1,0.0,15,10:18,1,0,4,9,30.8
57,2009-02-11,52,24-014,CHI,@,ATL,W,0,0,0,0,0,0,0,0,0,,,,0,,19,11:05,1,0,1,7,12.5
58,2009-02-13,53,24-016,CHI,@,STL,L,0,0,0,0,2,0,0,0,0,,,,0,,13,6:43,0,1,4,1,80.0
59,2009-02-14,54,24-017,CHI,,DAL,W,1,0,1,0,0,1,0,0,0,,,,2,50.0,18,13:23,1,0,5,6,45.5
60,2009-02-17,55,24-020,CHI,@,TBL,W,0,0,0,0,0,0,0,0,0,,,,0,,11,8:17,0,1,0,4,0.0
61,2009-02-19,56,24-022,CHI,@,FLA,W,0,1,1,2,0,0,0,0,0,,,,0,,14,9:30,1,0,6,5,54.5
62,2009-02-21,57,24-024,CHI,@,DAL,W,0,0,0,0,0,0,0,0,0,,,,3,0.0,17,10:33,1,0,5,2,71.4
63,2009-02-22,58,24-025,CHI,,MIN,L,0,0,0,0,0,0,0,0,0,,,,0,,16,9:53,0,2,3,3,50.0
64,2009-02-24,59,24-027,CHI,@,NSH,L,0,0,0,0,0,0,0,0,0,,,,0,,22,14:41,2,1,8,8,50.0
65,2009-02-27,60,24-030,CHI,,PIT,L-OT,0,0,0,0,0,0,0,0,0,,,,0,,20,10:49,1,0,7,6,53.8
66,2009-03-01,61,24-032,CHI,,LAK,W,0,0,0,0,0,0,0,0,0,,,,1,0.0,23,13:16,0,0,8,5,61.5
67,2009-03-03,62,24-034,CHI,,ANA,W,0,0,0,0,0,0,0,0,0,,,,3,0.0,20,13:02,0,1,3,3,50.0
68,2009-03-07,63,24-038,CHI,@,BOS,L,0,0,0,-1,0,0,0,0,0,,,,0,,17,10:51,0,0,4,5,44.4
69,2009-03-08,64,24-039,CHI,,COL,L,0,0,0,-2,5,0,0,0,0,,,,1,0.0,24,16:20,0,1,9,4,69.2
70,2009-03-11,65,24-042,CHI,,CAR,W,0,0,0,-1,0,0,0,0,0,,,,1,0.0,21,13:36,0,0,4,4,50.0
71,2009-03-13,66,24-044,CHI,,CBJ,L,0,0,0,0,0,0,0,0,0,,,,2,0.0,17,10:56,1,0,7,7,50.0
72,2009-03-15,67,24-046,CHI,,NYI,L,0,0,0,0,0,0,0,0,0,,,,1,0.0,18,10:56,1,0,5,4,55.6
73,2009-03-17,68,24-048,CHI,@,NJD,L,0,0,0,0,0,0,0,0,0,,,,2,0.0,17,9:28,1,0,3,3,50.0
74,2009-03-18,69,24-049,CHI,@,CBJ,L-OT,0,0,0,-1,0,0,0,0,0,,,,2,0.0,16,9:10,0,0,0,2,0.0
75,2009-03-20,70,24-051,CHI,,EDM,L-SO,0,1,1,0,2,0,0,0,0,,,,1,0.0,13,8:05,1,0,6,3,66.7
76,2009-03-22,71,24-053,CHI,,LAK,W,0,0,0,0,0,0,0,0,0,,,,0,,16,8:37,0,1,2,4,33.3
77,2009-03-25,72,24-056,CHI,,SJS,W,0,0,0,1,0,0,0,0,0,,,,0,,14,10:42,1,3,1,2,33.3
78,2009-03-27,73,24-058,CHI,,NJD,W,0,0,0,0,0,0,0,0,0,,,,1,0.0,13,9:25,0,0,4,2,66.7
79,2009-03-31,74,24-062,CHI,@,MTL,L,0,0,0,0,2,0,0,0,0,,,,0,,17,8:57,0,0,1,6,14.3
80,2009-04-01,75,24-063,CHI,,STL,W,1,0,1,1,0,0,0,1,0,,,,3,33.3,18,9:17,1,0,2,3,40.0
81,2009-04-03,76,24-065,CHI,,NSH,W,0,0,0,0,0,0,0,0,0,,,,1,0.0,16,8:43,1,0,6,4,60.0
82,2009-04-05,77,24-067,CHI,@,CBJ,W,0,0,0,0,0,0,0,0,0,,,,2,0.0,15,10:01,2,0,1,2,33.3
83,2009-04-07,78,24-069,CHI,@,NSH,W,0,0,0,-1,0,0,0,0,0,,,,1,0.0,15,7:58,0,1,7,4,63.6
84,2009-04-08,79,24-070,CHI,,CBJ,L-SO,0,0,0,0,0,0,0,0,0,,,,0,,14,9:13,2,0,3,1,75.0
85,2009-04-11,80,24-073,CHI,@,DET,W,0,0,0,0,0,0,0,0,0,,,,0,,20,12:36,2,2,5,4,55.6
86,2009-04-12,81,24-074,CHI,,DET,W,0,0,0,0,0,0,0,0,0,,,,1,0.0,21,14:03,1,1,3,10,23.1
87,2009-10-02,1,24-247,CHI,,FLA,L-SO,0,0,0,-2,0,0,0,0,0,,,,3,0.0,16,8:49,1,0,5,3,62.5
88,2009-10-03,2,24-248,CHI,@,FLA,W,0,0,0,0,0,0,0,0,0,,,,1,0.0,16,11:12,1,0,2,2,50.0
89,2009-10-08,3,24-253,CHI,@,DET,L,0,0,0,0,0,0,0,0,0,,,,4,0.0,18,11:11,1,0,2,4,33.3
90,2009-10-10,4,24-255,CHI,,COL,W,0,0,0,0,0,0,0,0,0,,,,1,0.0,12,7:02,1,0,5,3,62.5
91,2009-10-12,5,24-257,CHI,,CGY,W,0,0,0,-1,0,0,0,0,0,,,,2,0.0,12,7:36,0,0,2,2,50.0
92,2009-10-14,6,24-259,CHI,,EDM,W,0,0,0,1,0,0,0,0,0,,,,1,0.0,15,9:42,1,0,2,3,40.0
93,2009-10-15,7,24-260,CHI,@,NSH,W,0,1,1,0,0,0,0,0,0,,,,0,,15,12:04,0,2,0,3,0.0
94,2009-10-17,8,24-262,CHI,,DAL,L,0,0,0,-2,0,0,0,0,0,,,,0,,11,5:44,0,0,2,2,50.0
95,2009-10-21,9,24-266,CHI,,VAN,L,0,0,0,0,0,0,0,0,0,,,,3,0.0,14,8:18,1,1,1,2,33.3
96,2009-10-24,10,24-269,CHI,,NSH,W,0,0,0,0,0,0,0,0,0,,,,5,0.0,14,9:19,3,1,6,2,75.0
97,2009-10-26,11,24-271,CHI,,MIN,W,0,0,0,0,0,0,0,0,0,,,,1,0.0,19,11:29,1,0,3,6,33.3
98,2009-10-29,12,24-274,CHI,@,NSH,L,0,0,0,0,0,0,0,0,0,,,,0,,16,10:12,0,1,4,5,44.4
99,2009-10-30,13,24-275,CHI,,MTL,W,0,0,0,0,0,0,0,0,0,,,,1,0.0,14,9:00,1,0,2,1,66.7
100,2009-11-05,14,24-281,CHI,@,PHX,L,0,0,0,0,0,0,0,0,0,,,,1,0.0,9,4:49,2,0,0,5,0.0
101,2009-11-06,15,24-282,CHI,@,COL,L-SO,0,1,1,1,7,0,0,0,0,,,,0,,15,8:03,0,0,9,1,90.0
102,2009-11-09,16,24-285,CHI,,LAK,W,0,0,0,0,0,0,0,0,0,,,,1,0.0,16,9:48,2,0,4,3,57.1
103,2009-11-11,17,24-287,CHI,,COL,W,0,1,1,0,10,0,0,0,0,,,,0,,12,7:54,1,1,1,2,33.3
104,2009-11-13,18,24-289,CHI,,TOR,W,0,0,0,0,0,0,0,0,0,,,,1,0.0,15,9:44,0,0,4,3,57.1
105,2009-11-15,19,24-291,CHI,,SJS,W,0,0,0,1,0,0,0,0,0,,,,2,0.0,24,12:41,1,1,3,5,37.5
106,2009-11-19,20,24-295,CHI,@,CGY,W,0,0,0,1,7,0,0,0,0,,,,0,,21,12:07,0,0,3,2,60.0
107,2009-11-21,21,24-297,CHI,@,EDM,W,0,0,0,0,0,0,0,0,0,,,,1,0.0,19,12:21,3,0,6,1,85.7
108,2009-11-22,22,24-298,CHI,@,VAN,W,0,0,0,0,0,0,0,0,0,,,,2,0.0,20,10:58,0,1,1,2,33.3
109,2009-11-25,23,24-301,CHI,@,SJS,W,0,0,0,1,0,0,0,0,0,,,,2,0.0,21,13:54,2,1,5,8,38.5
110,2009-11-27,24,24-303,CHI,@,ANA,L,0,0,0,0,0,0,0,0,0,,,,0,,15,10:19,0,0,4,3,57.1
111,2009-11-28,25,24-304,CHI,@,LAK,L-SO,0,0,0,-1,0,0,0,0,0,,,,1,0.0,17,8:34,4,1,4,4,50.0
112,2009-12-01,26,24-307,CHI,,CBJ,W,0,0,0,0,0,0,0,0,0,,,,0,,17,8:44,1,2,2,4,33.3
113,2009-12-04,27,24-310,CHI,,NSH,L,0,0,0,-1,0,0,0,0,0,,,,0,,10,7:17,0,0,5,0,100.0
114,2009-12-05,28,24-311,CHI,@,PIT,W,0,0,0,0,2,0,0,0,0,,,,1,0.0,14,7:05,2,1,3,3,50.0
115,2009-12-09,29,24-315,CHI,,NYR,W,0,0,0,-1,0,0,0,0,0,,,,0,,8,6:30,1,0,0,5,0.0
116,2009-12-11,30,24-317,CHI,@,BUF,L,0,0,0,0,0,0,0,0,0,,,,1,0.0,11,7:12,0,0,1,5,16.7
117,2009-12-13,31,24-319,CHI,,TBL,W,0,0,0,0,0,0,0,0,0,,,,0,,16,10:10,0,2,5,3,62.5
118,2009-12-16,32,24-322,CHI,,STL,W,0,0,0,0,0,0,0,0,0,,,,1,0.0,14,8:26,0,1,3,4,42.9
119,2009-12-18,33,24-324,CHI,,BOS,W,0,0,0,0,0,0,0,0,0,,,,2,0.0,11,7:33,0,0,1,5,16.7
120,2009-12-20,34,24-326,CHI,,DET,W,0,0,0,0,0,0,0,0,0,,,,3,0.0,12,9:26,0,0,2,3,40.0
121,2009-12-22,35,24-328,CHI,,SJS,L,0,0,0,0,0,0,0,0,0,,,,1,0.0,10,7:23,0,0,1,1,50.0
122,2009-12-23,36,24-329,CHI,@,DET,W,0,0,0,0,0,0,0,0,0,,,,1,0.0,12,8:28,3,0,3,0,100.0
123,2009-12-26,37,24-332,CHI,@,NSH,W,0,0,0,1,0,0,0,0,0,,,,1,0.0,16,11:26,0,0,2,2,50.0
124,2009-12-27,38,24-333,CHI,,NSH,W,0,0,0,0,0,0,0,0,0,,,,2,0.0,12,8:38,0,0,1,0,100.0
125,2009-12-29,39,24-335,CHI,@,DAL,L,1,0,1,1,0,1,0,0,0,,,,3,33.3,16,8:26,0,0,2,5,28.6
126,2009-12-31,40,24-337,CHI,,NJD,W,0,1,1,1,0,0,0,0,0,,,,2,0.0,17,11:50,0,0,3,7,30.0
127,2010-01-02,41,24-339,CHI,@,STL,W,0,2,2,2,5,0,0,0,0,,,,1,0.0,14,7:50,1,1,6,1,85.7
128,2010-01-03,42,24-340,CHI,,ANA,W,0,0,0,-1,0,0,0,0,0,,,,0,,17,11:58,0,0,4,4,50.0
129,2010-01-05,43,24-342,CHI,,MIN,W,0,0,0,-1,0,0,0,0,0,,,,2,0.0,18,11:54,0,0,3,3,50.0
130,2010-01-07,44,24-344,CHI,@,BOS,W,0,2,2,2,7,0,0,0,0,,,,2,0.0,17,9:51,1,0,5,1,83.3
131,2010-01-09,45,24-346,CHI,@,MIN,L-SO,0,0,0,-1,0,0,0,0,0,,,,1,0.0,16,9:34,0,1,2,4,33.3
132,2010-01-10,46,24-347,CHI,,ANA,L,0,0,0,0,0,0,0,0,0,,,,1,0.0,11,6:15,1,0,2,2,50.0
133,2010-01-14,47,24-351,CHI,,CBJ,W,0,0,0,0,0,0,0,0,0,,,,4,0.0,15,9:20,1,0,2,4,33.3
134,2010-01-16,48,24-353,CHI,@,CBJ,W,0,1,1,0,0,0,0,0,0,,,,1,0.0,17,7:48,1,0,3,1,75.0
135,2010-01-17,49,24-354,CHI,@,DET,W,0,0,0,0,2,0,0,0,0,,,,1,0.0,17,12:16,1,0,2,2,50.0
136,2010-01-19,50,24-356,CHI,@,OTT,L,0,0,0,-1,0,0,0,0,0,,,,1,0.0,12,8:43,3,1,6,2,75.0
137,2010-01-21,51,24-358,CHI,@,CGY,W,0,1,1,1,0,0,0,0,0,,,,0,,21,11:29,0,2,4,4,50.0
138,2010-01-23,52,24-360,CHI,@,VAN,L,0,0,0,-2,0,0,0,0,0,,,,1,0.0,17,10:22,0,0,4,3,57.1
139,2010-01-26,53,24-363,CHI,@,EDM,W,0,0,0,0,0,0,0,0,0,,,,1,0.0,14,9:25,2,1,2,3,40.0
140,2010-01-28,54,25-000,CHI,@,SJS,W,0,0,0,0,0,0,0,0,0,,,,4,0.0,14,9:13,0,0,2,2,50.0
141,2010-01-30,55,25-002,CHI,@,CAR,L,0,0,0,0,0,0,0,0,0,,,,0,,11,7:15,1,0,0,5,0.0
142,2010-02-05,56,25-008,CHI,,PHX,L-SO,1,0,1,1,0,1,0,0,0,,,,1,100.0,14,8:32,0,0,0,0,
143,2010-02-06,57,25-009,CHI,@,STL,W,0,0,0,0,0,0,0,0,0,,,,0,,16,10:28,1,0,1,2,33.3
144,2010-02-09,58,25-012,CHI,,DAL,W,0,0,0,0,0,0,0,0,0,,,,0,,13,6:50,1,0,3,1,75.0
145,2010-02-13,59,25-016,CHI,,ATL,W,0,0,0,0,0,0,0,0,0,,,,0,,19,13:06,3,0,3,9,25.0
146,2010-02-14,60,25-017,CHI,@,CBJ,W,0,0,0,-1,0,0,0,0,0,,,,1,0.0,22,14:29,1,1,4,3,57.1
147,2010-03-03,61,25-034,CHI,,EDM,W,0,0,0,0,0,0,0,0,0,,,,3,0.0,17,9:46,1,0,4,7,36.4
148,2010-03-14,62,25-045,CHI,,WSH,L-OT,0,0,0,-1,4,0,0,0,0,,,,1,0.0,15,8:58,5,0,5,1,83.3
149,2010-03-25,63,25-056,CHI,@,CBJ,L,0,1,1,0,0,0,0,0,0,,,,3,0.0,20,11:31,0,0,3,5,37.5
150,2010-03-31,64,25-062,CHI,@,MIN,W,0,1,1,2,0,0,0,0,0,,,,3,0.0,12,9:26,0,0,4,5,44.4
151,2010-04-02,65,25-064,CHI,@,NJD,W,0,0,0,0,0,0,0,0,0,,,,1,0.0,14,9:40,1,0,3,2,60.0
152,2010-04-04,66,25-066,CHI,,CGY,W,0,0,0,1,0,0,0,0,0,,,,0,,15,10:19,0,0,5,5,50.0
153,2010-04-06,67,25-068,CHI,@,DAL,W,2,0,2,2,0,2,0,0,0,,,,2,100.0,16,11:56,0,1,7,7,50.0
154,2010-04-07,68,25-069,CHI,,STL,W,0,0,0,0,0,0,0,0,0,,,,0,,17,11:19,1,2,6,9,40.0
155,2010-04-09,69,25-071,CHI,@,COL,W,2,0,2,2,0,2,0,0,0,,,,4,50.0,15,10:44,1,0,2,3,40.0
156,2010-04-11,70,25-073,CHI,,DET,L-OT,1,0,1,1,0,1,0,0,0,,,,2,50.0,17,10:18,2,1,6,4,60.0
157,2010-10-07,1,25-252,EDM,,CGY,W,0,0,0,0,5,0,0,0,0,,,,0,,17,12:25,3,0,6,6,50.0
158,2010-10-10,2,25-255,EDM,,FLA,W,0,0,0,0,2,0,0,0,0,,,,0,,20,13:53,2,3,5,9,35.7
159,2010-10-14,3,25-259,EDM,@,MIN,L,0,0,0,0,2,0,0,0,0,,,,2,0.0,18,9:32,1,1,7,5,58.3
160,2010-10-16,4,25-261,EDM,@,CGY,L,0,1,1,1,0,0,0,0,0,,,,0,,13,9:31,0,0,2,6,25.0
161,2010-10-21,5,25-266,EDM,,MIN,L,0,0,0,-2,0,0,0,0,0,,,,0,,6,3:40,1,0,1,2,33.3
162,2010-10-23,6,25-268,EDM,,SJS,L,0,0,0,0,0,0,0,0,0,,,,0,,10,7:35,1,1,1,5,16.7
163,2010-10-26,7,25-271,EDM,@,CGY,L-SO,0,0,0,0,17,0,0,0,0,,,,0,,5,2:43,1,0,1,1,50.0
164,2010-10-28,8,25-273,EDM,@,CBJ,L-SO,0,0,0,0,0,0,0,0,0,,,,2,0.0,12,8:30,1,0,2,2,50.0
165,2010-10-29,9,25-274,EDM,@,CHI,W,0,0,0,1,0,0,0,0,0,,,,2,0.0,15,9:11,2,2,2,5,28.6
166,2010-11-02,10,25-278,EDM,,VAN,L,0,0,0,0,0,0,0,0,0,,,,1,0.0,16,10:03,1,3,5,6,45.5
167,2010-11-05,11,25-281,EDM,,DET,L,0,0,0,0,0,0,0,0,0,,,,0,,14,9:35,0,0,1,3,25.0
168,2010-11-07,12,25-283,EDM,@,CHI,W,0,0,0,0,0,0,0,0,0,,,,1,0.0,18,11:55,2,1,2,5,28.6
169,2010-11-09,13,25-285,EDM,@,CAR,L,0,0,0,0,0,0,0,0,0,,,,0,,17,15:00,2,2,5,8,38.5
170,2010-11-11,14,25-287,EDM,@,DET,L,0,0,0,0,0,0,0,0,0,,,,0,,15,11:17,0,0,3,4,42.9
171,2010-11-12,15,25-288,EDM,@,NJD,L-OT,2,0,2,1,0,2,0,0,0,,,,3,66.7,19,10:48,1,1,5,7,41.7
172,2010-11-14,16,25-290,EDM,@,NYR,L,0,0,0,0,10,0,0,0,0,,,,0,,11,8:26,1,1,3,3,50.0
173,2010-11-17,17,25-293,EDM,,CHI,L,0,0,0,0,0,0,0,0,0,,,,1,0.0,21,14:43,2,0,7,5,58.3
174,2010-11-19,18,25-295,EDM,,PHX,L-SO,0,0,0,0,2,0,0,0,0,,,,1,0.0,21,13:57,0,2,4,11,26.7
175,2010-11-21,19,25-297,EDM,@,ANA,W,0,0,0,0,0,0,0,0,0,,,,1,0.0,12,7:29,1,0,4,3,57.1
176,2010-11-23,20,25-299,EDM,@,PHX,L,0,0,0,0,0,0,0,0,0,,,,2,0.0,19,12:16,1,1,6,5,54.5
177,2010-11-25,21,25-301,EDM,,COL,W,0,0,0,0,0,0,0,0,0,,,,0,,13,8:07,0,0,1,1,50.0
178,2010-11-27,22,25-303,EDM,,SJS,L,0,0,0,-1,2,0,0,0,0,,,,0,,16,10:01,3,1,0,4,0.0
179,2010-11-29,23,25-305,EDM,@,OTT,W,0,0,0,0,0,0,0,0,0,,,,1,0.0,12,8:22,1,0,4,4,50.0
180,2010-12-01,24,25-307,EDM,@,MTL,W,0,0,0,0,0,0,0,0,0,,,,0,,10,7:04,3,1,1,2,33.3
181,2010-12-02,25,25-308,EDM,@,TOR,W,0,0,0,0,0,0,0,0,0,,,,0,,12,7:28,3,0,2,1,66.7
182,2010-12-04,26,25-310,EDM,,STL,W,0,0,0,0,5,0,0,0,0,,,,2,0.0,7,6:14,1,0,1,2,33.3
183,2010-12-07,27,25-313,EDM,,ANA,L-SO,0,0,0,1,0,0,0,0,0,,,,1,0.0,25,18:38,0,2,9,9,50.0
184,2010-12-10,28,25-316,EDM,,TBL,W,0,0,0,0,2,0,0,0,0,,,,1,0.0,16,9:49,1,0,5,3,62.5
185,2010-12-12,29,25-318,EDM,,VAN,L,0,0,0,0,0,0,0,0,0,,,,0,,16,10:38,3,1,2,4,33.3
186,2010-12-14,30,25-320,EDM,,TOR,L,0,0,0,0,0,0,0,0,0,,,,0,,14,8:32,1,0,2,4,33.3
187,2010-12-16,31,25-322,EDM,,CBJ,W,0,0,0,-2,0,0,0,0,0,,,,0,,13,9:33,1,4,7,3,70.0
188,2010-12-21,32,25-327,EDM,@,SJS,L,0,0,0,0,0,0,0,0,0,,,,1,0.0,15,11:17,3,1,1,6,14.3
189,2010-12-23,33,25-329,EDM,@,LAK,L-SO,0,0,0,0,0,0,0,0,0,,,,0,,17,12:04,1,1,2,4,33.3
190,2010-12-26,34,25-332,EDM,@,VAN,L,0,0,0,0,0,0,0,0,0,,,,2,0.0,14,8:37,2,0,2,2,50.0
191,2010-12-28,35,25-334,EDM,,BUF,L,0,0,0,0,0,0,0,0,0,,,,1,0.0,17,11:33,0,0,5,5,50.0
192,2010-12-30,36,25-336,EDM,,COL,L-SO,0,0,0,0,0,0,0,0,0,,,,1,0.0,18,12:40,1,1,6,6,50.0
193,2011-01-01,37,25-338,EDM,,CGY,L,0,0,0,0,0,0,0,0,0,,,,0,,18,11:51,2,0,6,2,75.0
194,2011-01-04,38,25-341,EDM,,DET,L,0,0,0,-1,0,0,0,0,0,,,,1,0.0,13,8:27,0,2,2,5,28.6
195,2011-01-06,39,25-343,EDM,,NYI,W,0,0,0,1,2,0,0,0,0,,,,1,0.0,18,12:43,2,1,3,10,23.1
196,2011-01-07,40,25-344,EDM,@,VAN,L,0,0,0,-1,0,0,0,0,0,,,,1,0.0,15,11:07,4,2,1,5,16.7
197,2011-01-11,41,25-348,EDM,@,DAL,L,0,0,0,0,0,0,0,0,0,,,,1,0.0,10,4:59,0,0,1,3,25.0
198,2011-01-13,42,25-350,EDM,@,SJS,W,0,0,0,0,0,0,0,0,0,,,,0,,16,10:42,0,2,0,6,0.0
199,2011-01-15,43,25-352,EDM,@,LAK,L,0,0,0,0,0,0,0,0,0,,,,2,0.0,15,10:40,0,0,4,3,57.1
200,2011-01-16,44,25-353,EDM,@,ANA,L,0,0,0,0,0,0,0,0,0,,,,0,,14,6:01,0,0,3,2,60.0
201,2011-01-18,45,25-355,EDM,,MIN,L,0,0,0,0,0,0,0,0,0,,,,2,0.0,16,11:44,2,0,7,4,63.6
202,2011-01-20,46,25-357,EDM,,DAL,L,0,0,0,0,0,0,0,0,0,,,,1,0.0,12,9:22,2,0,7,3,70.0
203,2011-01-23,47,25-360,EDM,,NSH,L-SO,0,0,0,0,0,0,0,0,0,,,,0,,9,5:53,0,0,1,0,100.0
204,2011-01-25,48,25-362,EDM,@,PHX,W,0,0,0,1,0,0,0,0,0,,,,2,0.0,8,6:03,0,0,2,3,40.0
205,2011-01-26,49,25-363,EDM,@,DAL,L,0,0,0,0,5,0,0,0,0,,,,2,0.0,13,10:41,0,0,3,5,37.5
206,2011-02-02,50,26-005,EDM,,LAK,L,0,0,0,0,0,0,0,0,0,,,,0,,14,7:33,0,1,5,3,62.5
207,2011-02-04,51,26-007,EDM,@,STL,L,0,0,0,0,0,0,0,0,0,,,,0,,7,4:47,0,1,2,3,40.0
208,2011-02-07,52,26-010,EDM,@,NSH,W,0,1,1,1,0,0,0,0,0,,,,0,,16,10:41,0,2,3,5,37.5
209,2011-02-09,53,26-012,EDM,,CHI,L,0,0,0,0,0,0,0,0,0,,,,1,0.0,18,11:29,2,0,4,3,57.1
210,2011-02-12,54,26-015,EDM,,OTT,L,0,0,0,0,4,0,0,0,0,,,,0,,14,10:23,0,1,5,6,45.5
211,2011-02-13,55,26-016,EDM,,ANA,L,0,0,0,0,0,0,0,0,0,,,,0,,14,10:41,2,1,2,3,40.0
212,2011-02-23,56,26-026,EDM,@,COL,W,0,0,0,0,0,0,0,0,0,,,,0,,11,7:29,1,0,2,3,40.0
213,2011-02-25,57,26-028,EDM,,STL,L,0,0,0,0,2,0,0,0,0,,,,1,0.0,16,11:48,1,2,3,3,50.0
214,2011-03-03,58,26-034,EDM,,CBJ,W,0,0,0,0,0,0,0,0,0,,,,3,0.0,20,12:25,2,0,7,9,43.8
215,2011-03-05,59,26-036,EDM,@,COL,W,0,0,0,0,0,0,0,0,0,,,,3,0.0,20,13:33,1,0,6,8,42.9
216,2011-03-08,60,26-039,EDM,@,PHI,L,0,0,0,1,0,0,0,0,0,,,,0,,15,9:33,4,1,5,5,50.0
217,2011-03-09,61,26-040,EDM,@,WSH,L,0,0,0,0,0,0,0,0,0,,,,1,0.0,18,11:46,2,0,2,7,22.2
218,2011-03-11,62,26-042,EDM,@,DET,L-OT,0,0,0,0,0,0,0,0,0,,,,0,,23,14:54,0,2,5,8,38.5
219,2011-03-13,63,26-044,EDM,@,PIT,L,0,0,0,-1,0,0,0,0,0,,,,4,0.0,24,15:08,0,0,5,6,45.5
220,2011-03-17,64,26-048,EDM,,PHX,L,0,0,0,0,0,0,0,0,0,,,,2,0.0,20,13:30,0,1,11,7,61.1
221,2011-03-24,65,26-055,EDM,@,STL,L,0,0,0,-1,0,0,0,0,0,,,,0,,21,16:27,2,4,10,6,62.5
222,2011-03-26,66,26-057,EDM,,CGY,L-SO,1,0,1,0,0,0,0,1,0,,,,3,33.3,17,11:12,2,0,2,3,40.0
223,2011-03-29,67,26-060,EDM,,LAK,L,0,0,0,-1,0,0,0,0,0,,,,0,,16,11:51,1,1,5,6,45.5
224,2011-11-10,1,26-286,LAK,,VAN,L,0,0,0,0,2,0,0,0,0,,,,1,0.0,13,7:09,3,0,2,2,50.0
225,2011-11-12,2,26-288,LAK,,MIN,W,1,0,1,1,2,1,0,0,0,,,,1,100.0,14,9:33,6,0,2,3,40.0
226,2011-11-16,3,26-292,LAK,,ANA,W,0,0,0,0,0,0,0,0,0,,,,0,,11,7:32,0,,,,
227,2011-11-17,4,26-293,LAK,@,ANA,W,0,0,0,0,0,0,0,0,0,,,,0,,13,7:02,1,0,1,4,20.0
228,2011-11-19,5,26-295,LAK,,DET,L,0,0,0,0,0,0,0,0,0,,,,0,,13,8:29,4,0,3,4,42.9
229,2011-11-22,6,26-298,LAK,@,STL,W,0,0,0,0,5,0,0,0,0,,,,3,0.0,12,8:39,1,0,4,3,57.1
230,2011-11-23,7,26-299,LAK,@,DAL,L-OT,0,0,0,0,0,0,0,0,0,,,,0,,15,8:47,4,0,3,4,42.9
231,2011-11-26,8,26-302,LAK,,CHI,L,0,0,0,0,0,0,0,0,0,,,,0,,13,8:41,5,2,1,1,50.0
232,2011-11-28,9,26-304,LAK,,SJS,W,0,0,0,1,0,0,0,0,0,,,,2,0.0,21,12:54,3,0,4,4,50.0
233,2011-12-01,10,26-307,LAK,,FLA,W,0,0,0,0,5,0,0,0,0,,,,0,,21,12:24,4,0,0,4,0.0
234,2011-12-03,11,26-309,LAK,,MTL,L,0,0,0,0,0,0,0,0,0,,,,0,,15,10:06,4,2,4,3,57.1
235,2011-12-06,12,26-312,LAK,@,ANA,L,0,0,0,-1,0,0,0,0,0,,,,1,0.0,18,13:07,1,2,6,4,60.0
236,2011-12-08,13,26-314,LAK,,MIN,L,0,0,0,0,0,0,0,0,0,,,,2,0.0,12,7:51,3,0,5,4,55.6
237,2011-12-10,14,26-316,LAK,,DAL,L,0,0,0,0,0,0,0,0,0,,,,1,0.0,17,10:33,1,1,2,3,40.0
238,2011-12-13,15,26-319,LAK,@,BOS,L,0,0,0,-1,0,0,0,0,0,,,,3,0.0,18,8:57,2,0,3,4,42.9
239,2011-12-15,16,26-321,LAK,@,CBJ,W,0,0,0,0,0,0,0,0,0,,,,1,0.0,14,9:17,2,0,3,1,75.0
240,2011-12-17,17,26-323,LAK,@,DET,L,0,0,0,-2,2,0,0,0,0,,,,1,0.0,20,14:44,3,0,5,7,41.7
241,2011-12-19,18,26-325,LAK,@,TOR,W,0,0,0,-1,0,0,0,0,0,,,,2,0.0,16,9:48,2,0,2,5,28.6
242,2011-12-22,19,26-328,LAK,,ANA,W,0,0,0,0,9,0,0,0,0,,,,1,0.0,12,6:59,1,0,2,1,66.7
243,2011-12-23,20,26-329,LAK,@,SJS,L-SO,0,0,0,0,2,0,0,0,0,,,,0,,14,9:23,4,1,4,3,57.1
244,2011-12-26,21,26-332,LAK,,PHX,W,0,0,0,1,0,0,0,0,0,,,,0,,14,10:11,4,0,2,2,50.0
245,2011-12-28,22,26-334,LAK,@,CHI,W,0,1,1,1,0,0,0,0,0,,,,0,,22,12:56,1,1,6,6,50.0
246,2011-12-29,23,26-335,LAK,@,WPG,L-OT,0,0,0,0,0,0,0,0,0,,,,0,,14,9:37,5,1,1,4,20.0
247,2011-12-31,24,26-337,LAK,,VAN,W,0,0,0,-1,2,0,0,0,0,,,,0,,12,6:56,2,0,2,1,66.7
248,2012-01-02,25,26-339,LAK,,COL,L-SO,0,0,0,-1,0,0,0,0,0,,,,1,0.0,15,10:18,4,0,3,4,42.9
249,2012-01-05,26,26-342,LAK,,PHX,W,0,0,0,0,0,0,0,0,0,,,,0,,13,11:30,0,0,1,4,20.0
250,2012-01-07,27,26-344,LAK,,CBJ,L,0,0,0,0,0,0,0,0,0,,,,1,0.0,17,10:44,0,0,0,2,0.0
251,2012-01-09,28,26-346,LAK,,WSH,W,0,0,0,1,5,0,0,0,0,,,,0,,17,9:18,1,0,9,4,69.2
252,2012-01-12,29,26-349,LAK,,DAL,L-SO,0,0,0,-1,0,0,0,0,0,,,,1,0.0,18,14:10,4,3,3,4,42.9
253,2012-01-14,30,26-351,LAK,@,CGY,W,0,0,0,0,2,0,0,0,0,,,,2,0.0,17,10:56,1,1,2,2,50.0
254,2012-01-15,31,26-352,LAK,@,EDM,L-OT,0,0,0,0,0,0,0,0,0,,,,0,,12,10:17,0,0,1,2,33.3
255,2012-01-17,32,26-354,LAK,@,VAN,W,0,0,0,0,7,0,0,0,0,,,,0,,12,6:19,1,1,2,3,40.0
256,2012-01-19,33,26-356,LAK,,CGY,L-SO,0,0,0,0,2,0,0,0,0,,,,1,0.0,15,7:16,0,0,2,5,28.6
257,2012-01-21,34,26-358,LAK,,COL,L,0,0,0,0,0,0,0,0,0,,,,2,0.0,11,6:08,1,1,4,4,50.0
258,2012-01-23,35,26-360,LAK,,OTT,W,0,2,2,2,0,0,0,0,0,,,,0,,16,9:22,2,0,2,5,28.6
259,2012-02-01,36,27-004,LAK,,CBJ,W,0,0,0,0,0,0,0,0,0,,,,0,,14,11:21,0,0,1,3,25.0
260,2012-02-03,37,27-006,LAK,@,STL,L,0,0,0,0,0,0,0,0,0,,,,1,0.0,17,11:54,2,1,2,3,40.0
261,2012-02-04,38,27-007,LAK,@,CAR,L,0,0,0,0,0,0,0,0,0,,,,1,0.0,15,10:37,3,1,2,3,40.0
262,2012-02-07,39,27-010,LAK,@,TBL,W,0,0,0,0,0,0,0,0,0,,,,1,0.0,10,7:29,0,0,1,1,50.0
263,2012-02-09,40,27-012,LAK,@,FLA,L,0,0,0,0,0,0,0,0,0,,,,1,0.0,17,11:20,3,0,3,3,50.0
264,2012-02-11,41,27-014,LAK,@,NYI,L-OT,0,0,0,-1,0,0,0,0,0,,,,1,0.0,12,8:48,2,0,2,1,66.7
265,2012-02-12,42,27-015,LAK,@,DAL,W,0,0,0,-1,0,0,0,0,0,,,,0,,13,10:09,2,0,1,5,16.7
266,2012-02-16,43,27-019,LAK,,PHX,L,0,0,0,0,5,0,0,0,0,,,,1,0.0,12,7:56,5,0,3,1,75.0
267,2012-02-18,44,27-021,LAK,,CGY,L,0,0,0,0,0,0,0,0,0,,,,0,,13,9:50,3,0,3,2,60.0
268,2012-02-21,45,27-024,LAK,@,PHX,L-SO,0,0,0,0,0,0,0,0,0,,,,3,0.0,17,12:18,1,0,0,0,
269,2012-02-22,46,27-025,LAK,@,COL,L,0,0,0,-1,0,0,0,0,0,,,,1,0.0,16,12:05,1,0,5,0,100.0
270,2012-02-25,47,27-028,LAK,,CHI,W,0,0,0,0,2,0,0,0,0,,,,1,0.0,15,9:32,2,0,4,3,57.1
271,2012-02-27,48,27-030,LAK,@,NSH,L,0,0,0,-1,0,0,0,0,0,,,,0,,11,7:31,3,0,0,1,0.0
272,2012-02-28,49,27-031,LAK,@,MIN,W,0,1,1,1,0,0,0,0,0,,,,0,,14,10:02,0,1,1,1,50.0
273,2012-03-03,50,27-035,LAK,,ANA,W,0,0,0,0,5,0,0,0,0,,,,0,,12,9:26,3,0,5,1,83.3
274,2012-03-06,51,27-038,LAK,@,NSH,W,0,1,1,1,0,0,0,0,0,,,,1,0.0,13,9:38,0,1,3,2,60.0
275,2012-03-08,52,27-040,LAK,@,CBJ,L,0,0,0,-1,0,0,0,0,0,,,,0,,14,7:47,1,0,2,2,50.0
276,2012-03-09,53,27-041,LAK,@,DET,L,0,0,0,0,2,0,0,0,0,,,,0,,12,8:34,6,0,0,2,0.0
277,2012-03-11,54,27-043,LAK,@,CHI,W,0,0,0,0,0,0,0,0,0,,,,2,0.0,10,7:19,1,0,4,3,57.1
278,2012-03-13,55,27-045,LAK,,DET,W,0,0,0,0,0,0,0,0,0,,,,1,0.0,13,9:05,5,1,3,5,37.5
279,2012-03-16,56,27-048,LAK,@,ANA,W,0,1,1,1,2,0,0,0,0,,,,1,0.0,14,7:53,1,1,3,4,42.9
280,2012-03-17,57,27-049,LAK,,NSH,W,0,0,0,1,0,0,0,0,0,,,,0,,17,12:07,4,0,6,2,75.0
281,2012-03-20,58,27-052,LAK,,SJS,W,0,0,0,-1,0,0,0,0,0,,,,2,0.0,16,9:50,4,0,4,0,100.0
282,2012-03-22,59,27-054,LAK,,STL,W,0,0,0,0,0,0,0,0,0,,,,0,,15,10:45,3,0,1,3,25.0
283,2012-03-24,60,27-056,LAK,,BOS,L,1,0,1,1,0,1,0,0,0,,,,1,100.0,15,9:20,2,0,2,4,33.3
284,2012-03-26,61,27-058,LAK,@,VAN,L,0,0,0,0,0,0,0,0,0,,,,2,0.0,13,8:31,1,0,3,5,37.5
285,2012-03-28,62,27-060,LAK,@,CGY,W,0,0,0,0,0,0,0,0,0,,,,0,,16,10:44,3,1,3,3,50.0
286,2012-03-30,63,27-062,LAK,@,EDM,W,0,0,0,0,2,0,0,0,0,,,,3,0.0,15,11:55,1,1,2,5,28.6
287,2012-03-31,64,27-063,LAK,@,MIN,L-SO,0,0,0,0,2,0,0,0,0,,,,1,0.0,15,9:29,1,0,1,2,33.3
288,2012-04-02,65,27-065,LAK,,EDM,W,0,0,0,0,0,0,0,0,0,,,,2,0.0,17,10:35,2,1,3,2,60.0
289,2012-04-05,66,27-068,LAK,,SJS,L-SO,0,0,0,0,2,0,0,0,0,,,,0,,17,11:43,2,0,5,3,62.5
290,2012-04-07,67,27-070,LAK,@,SJS,L-OT,0,0,0,0,0,0,0,0,0,,,,0,,14,8:49,0,0,0,2,0.0
291,2013-01-19,1,27-357,LAK,,CHI,L,0,1,1,2,0,0,0,0,0,,,,0,,17,11:21,3,0,3,3,50.0
292,2013-01-22,2,27-360,LAK,@,COL,L,0,0,0,1,0,0,0,0,0,,,,0,,18,10:32,0,0,3,5,37.5
293,2013-01-24,3,27-362,LAK,@,EDM,L-OT,0,0,0,0,0,0,0,0,0,,,,1,0.0,17,8:24,0,0,2,3,40.0
294,2013-01-26,4,27-364,LAK,@,PHX,W,0,0,0,0,2,0,0,0,0,,,,0,,16,11:56,1,0,1,2,33.3
295,2013-01-28,5,28-000,LAK,,VAN,W,0,0,0,0,0,0,0,0,0,,,,1,0.0,9,7:33,2,0,1,1,50.0
296,2013-01-31,6,28-003,LAK,,NSH,L-SO,0,0,0,0,0,0,0,0,0,,,,0,,14,11:47,2,0,1,4,20.0
297,2013-02-02,7,28-005,LAK,@,ANA,L,0,0,0,-3,0,0,0,0,0,,,,0,,5,1:52,1,0,1,2,33.3
298,2013-02-05,8,28-008,LAK,@,CBJ,W,0,0,0,-1,5,0,0,0,0,,,,0,,9,5:38,3,0,1,1,50.0
299,2013-02-07,9,28-010,LAK,@,NSH,L,0,0,0,-1,0,0,0,0,0,,,,1,0.0,19,12:03,2,0,1,3,25.0
300,2013-02-19,10,28-022,LAK,@,EDM,W,1,0,1,1,2,1,0,0,0,,,,2,50.0,11,8:16,1,0,1,0,100.0
301,2013-02-20,11,28-023,LAK,@,CGY,W,0,0,0,0,2,0,0,0,0,,,,0,,18,10:03,2,0,0,2,0.0
302,2013-02-23,12,28-026,LAK,,COL,W,0,0,0,0,5,0,0,0,0,,,,1,0.0,15,11:17,5,0,6,1,85.7
303,2013-02-25,13,28-028,LAK,,ANA,W,0,0,0,0,0,0,0,0,0,,,,0,,14,8:38,0,0,2,3,40.0
304,2013-02-27,14,28-030,LAK,,DET,W,0,0,0,0,0,0,0,0,0,,,,0,,12,8:44,2,0,2,2,50.0
305,2013-03-02,15,28-033,LAK,@,VAN,L,0,0,0,-1,0,0,0,0,0,,,,2,0.0,12,9:15,5,0,3,2,60.0
306,2013-03-04,16,28-035,LAK,,NSH,W,0,1,1,1,0,0,0,0,0,,,,0,,15,12:11,6,1,3,1,75.0
307,2013-03-05,17,28-036,LAK,,STL,W,0,0,0,-1,5,0,0,0,0,,,,0,,10,6:48,4,0,0,2,0.0
308,2013-03-07,18,28-038,LAK,,DAL,L,0,0,0,0,0,0,0,0,0,,,,1,0.0,12,10:39,2,1,2,2,50.0
309,2013-03-09,19,28-040,LAK,,CGY,W,1,1,2,2,0,1,0,0,0,,,,2,50.0,16,11:00,6,0,6,2,75.0
310,2013-03-11,20,28-042,LAK,,CGY,W,0,0,0,-1,0,0,0,0,0,,,,0,,14,9:50,1,1,0,3,0.0
311,2013-03-12,21,28-043,LAK,@,PHX,L,0,0,0,-2,0,0,0,0,0,,,,0,,9,4:44,1,1,2,2,50.0
312,2013-03-14,22,28-045,LAK,@,SJS,L,0,0,0,0,0,0,0,0,0,,,,1,0.0,14,10:42,2,1,1,3,25.0
313,2013-03-16,23,28-047,LAK,,SJS,W,0,1,1,1,2,0,0,0,0,,,,0,,16,11:30,4,0,7,7,50.0
314,2013-03-18,24,28-049,LAK,,PHX,W,0,0,0,0,0,0,0,0,0,,,,1,0.0,12,10:17,2,2,3,7,30.0
315,2013-03-19,25,28-050,LAK,,PHX,W,0,0,0,0,2,0,0,0,0,,,,0,,10,6:18,3,0,1,2,33.3
316,2013-03-21,26,28-052,LAK,,DAL,L,0,0,0,0,0,0,0,0,0,,,,1,0.0,15,9:09,0,0,2,0,100.0
317,2013-03-23,27,28-054,LAK,,VAN,L,0,0,0,0,0,0,0,0,0,,,,0,,13,9:52,3,0,2,1,66.7
318,2013-03-25,28,28-056,LAK,@,CHI,W,0,1,1,1,0,0,0,0,0,,,,1,0.0,17,11:10,1,0,5,3,62.5
319,2013-03-28,29,28-059,LAK,@,STL,W,0,0,0,-1,0,0,0,0,0,,,,0,,14,10:39,2,0,4,2,66.7
320,2013-03-30,30,28-061,LAK,@,MIN,L-SO,0,0,0,-1,0,0,0,0,0,,,,1,0.0,13,7:52,0,1,1,6,14.3
321,2013-04-04,31,28-066,LAK,,MIN,W,0,0,0,0,0,0,0,0,0,,,,0,,14,11:11,1,1,3,5,37.5
322,2013-04-06,32,28-068,LAK,,EDM,W,0,0,0,0,0,0,0,0,0,,,,2,0.0,13,9:04,2,1,3,2,60.0
323,2013-04-07,33,28-069,LAK,@,ANA,L-SO,0,0,0,-1,0,0,0,0,0,,,,0,,11,8:45,0,0,2,1,66.7
324,2013-04-24,34,28-086,LAK,@,DET,L,0,0,0,0,0,0,0,0,0,,,,1,0.0,13,9:36,2,1,3,5,37.5
325,2013-10-03,1,28-248,LAK,@,MIN,W,0,0,0,0,7,0,0,0,0,,,,0,,11,8:20,1,0,2,1,66.7
326,2013-10-04,2,28-249,LAK,@,WPG,L,0,0,0,0,5,0,0,0,0,,,,3,0.0,16,9:42,2,1,9,4,69.2
327,2013-10-07,3,28-252,LAK,,NYR,L,0,0,0,-1,0,0,0,0,0,,,,1,0.0,14,9:57,3,0,4,3,57.1
328,2013-10-19,4,28-264,LAK,,DAL,W,0,0,0,0,0,0,0,0,0,,,,1,0.0,17,11:04,2,0,1,5,16.7
329,2013-10-21,5,28-266,LAK,,CGY,L,0,0,0,0,0,0,0,0,0,,,,1,0.0,15,9:59,2,0,6,1,85.7
330,2013-10-24,6,28-269,LAK,,PHX,W,0,1,1,0,0,0,0,0,0,,,,1,0.0,7,4:46,0,1,2,2,50.0
331,2013-10-27,7,28-272,LAK,,EDM,W,0,0,0,0,0,0,0,0,0,,,,0,,6,3:25,1,0,0,2,0.0
332,2013-10-30,8,28-275,LAK,,SJS,W,0,0,0,0,0,0,0,0,0,,,,0,,10,5:53,0,0,2,1,66.7
333,2013-11-02,9,28-278,LAK,,NSH,L,0,0,0,0,0,0,0,0,0,,,,0,,6,4:15,0,0,2,2,50.0
334,2013-11-12,10,28-288,LAK,@,BUF,L-SO,0,0,0,0,0,0,0,0,0,,,,3,0.0,17,12:31,0,0,7,3,70.0
335,2013-11-14,11,28-290,LAK,@,NYI,W,0,0,0,-1,0,0,0,0,0,,,,0,,18,14:00,2,0,5,1,83.3
336,2013-11-23,12,28-299,LAK,,COL,L-OT,0,0,0,0,0,0,0,0,0,,,,0,,14,10:27,1,1,0,0,
337,2013-12-02,13,28-308,LAK,,STL,W,0,0,0,-1,2,0,0,0,0,,,,0,,16,11:10,6,0,4,2,66.7
338,2013-12-03,14,28-309,LAK,@,ANA,W,0,0,0,0,0,0,0,0,0,,,,1,0.0,11,7:25,0,0,3,2,60.0
339,2013-12-07,15,28-313,LAK,,NYI,W,0,0,0,0,4,0,0,0,0,,,,0,,15,8:49,4,2,0,2,0.0
340,2013-12-10,16,28-316,LAK,@,MTL,W,0,0,0,0,0,0,0,0,0,,,,0,,14,10:41,2,3,6,6,50.0
341,2013-12-11,17,28-317,LAK,@,TOR,W,0,0,0,0,0,0,0,0,0,,,,1,0.0,8,6:06,2,0,1,4,20.0
342,2013-12-19,18,28-325,LAK,,SJS,W,0,0,0,0,0,0,0,0,0,,,,0,,16,10:09,2,0,1,3,25.0
343,2013-12-21,19,28-327,LAK,,COL,W,0,0,0,0,0,0,0,0,0,,,,1,0.0,15,10:00,4,0,6,3,66.7
344,2013-12-23,20,28-329,LAK,,DAL,L,0,0,0,-1,0,0,0,0,0,,,,3,0.0,15,10:34,2,1,2,4,33.3
345,2013-12-30,21,28-336,LAK,@,CHI,L,0,0,0,0,0,0,0,0,0,,,,0,,12,8:29,1,0,2,7,22.2
346,2014-01-09,22,28-346,LAK,,BOS,W,0,0,0,0,0,0,0,0,0,,,,0,,12,9:26,5,2,4,4,50.0
347,2014-01-11,23,28-348,LAK,,DET,L,0,0,0,0,2,0,0,0,0,,,,2,0.0,14,8:45,3,0,2,1,66.7
348,2014-01-16,24,28-353,LAK,@,STL,W,0,1,1,1,2,0,0,0,0,,,,1,0.0,15,10:16,1,0,4,1,80.0
349,2014-01-18,25,28-355,LAK,@,DET,L-SO,0,0,0,0,2,0,0,0,0,,,,0,,14,7:53,1,0,1,2,33.3
350,2014-01-20,26,28-357,LAK,@,BOS,L,0,0,0,0,0,0,0,0,0,,,,0,,13,12:06,0,4,3,4,42.9
351,2014-01-23,27,28-360,LAK,@,ANA,L,0,0,0,-1,0,0,0,0,0,,,,1,0.0,12,8:55,0,0,0,3,0.0
352,2014-01-25,28,28-362,LAK,,ANA,L,0,0,0,0,2,0,0,0,0,,,,0,,12,6:36,4,0,1,2,33.3
353,2014-01-27,29,28-364,LAK,@,SJS,W,0,0,0,0,2,0,0,0,0,,,,0,,10,6:40,1,1,1,2,33.3
354,2014-01-28,30,29-000,LAK,@,PHX,L,0,0,0,0,0,0,0,0,0,,,,2,0.0,15,12:41,0,1,1,4,20.0
355,2014-01-30,31,29-002,LAK,,PIT,L,0,0,0,0,0,0,0,0,0,,,,0,,14,8:54,4,1,2,0,100.0
356,2014-02-01,32,29-004,LAK,,PHI,L,0,0,0,0,0,0,0,0,0,,,,0,,11,9:27,2,1,2,3,40.0
357,2014-02-03,33,29-006,LAK,,CHI,L,0,0,0,0,2,0,0,0,0,,,,0,,9,7:16,0,1,1,2,33.3
358,2015-01-02,1,29-339,STL,@,ANA,L,0,0,0,-1,0,0,0,0,0,0,0,0,1,0.0,6,4:42,1,1,0,0,
