,date_game,game_season,age,team_id,game_location,opp_id,game_result,goals,assists,points,plus_minus,pen_min,goals_ev,goals_pp,goals_sh,goals_gw,assists_ev,assists_pp,assists_sh,shots,shot_pct,shifts,time_on_ice,hits_all,blocks_all,faceoff_wins_all,faceoff_losses_all,faceoff_percentage_all
0,2011-04-09,1,23-096,TOR,,MTL,L,0,0,0,-1,0,0,0,0,0,,,,5,0.0,19,15:34,1,0,0,0,
1,2011-10-06,1,23-276,TOR,,MTL,W,0,0,0,0,0,0,0,0,0,,,,2,0.0,21,16:17,0,0,0,0,
2,2011-10-08,2,23-278,TOR,,OTT,W,0,0,0,-1,0,0,0,0,0,,,,3,0.0,19,14:59,1,0,0,0,
3,2011-10-15,3,23-285,TOR,,CGY,W,0,0,0,-1,2,0,0,0,0,,,,1,0.0,18,12:55,2,0,0,0,
4,2011-10-17,4,23-287,TOR,,COL,L-OT,0,0,0,0,0,0,0,0,0,,,,3,0.0,15,13:06,0,0,0,0,
5,2011-10-19,5,23-289,TOR,,WPG,W,0,0,0,-1,0,0,0,0,0,,,,0,,16,13:58,2,0,0,0,
6,2011-10-20,6,23-290,TOR,@,BOS,L,0,0,0,1,2,0,0,0,0,,,,2,0.0,20,15:04,0,0,0,0,
7,2011-10-22,7,23-292,TOR,@,MTL,W,0,0,0,0,0,0,0,0,0,,,,3,0.0,16,13:55,3,0,0,0,
8,2011-10-24,8,23-294,TOR,@,PHI,L,0,1,1,1,0,0,0,0,0,,,,3,0.0,15,11:22,3,0,0,0,
9,2011-10-27,9,23-297,TOR,@,NYR,W,0,0,0,1,2,0,0,0,0,,,,1,0.0,15,11:25,1,1,0,0,
10,2011-10-29,10,23-299,TOR,,PIT,W,0,0,0,-1,0,0,0,0,0,,,,1,0.0,14,9:46,1,0,0,0,
11,2011-10-30,11,23-300,TOR,@,OTT,L,0,0,0,0,0,0,0,0,0,,,,0,,13,9:52,0,0,0,0,
12,2011-11-08,12,23-309,TOR,,FLA,L,0,0,0,-3,0,0,0,0,0,,,,3,0.0,16,11:59,3,0,0,0,
13,2011-11-10,13,23-311,TOR,@,STL,W,0,0,0,0,0,0,0,0,0,,,,0,,14,12:04,0,0,0,0,
14,2011-11-12,14,23-313,TOR,,OTT,L,0,0,0,-1,0,0,0,0,0,,,,1,0.0,13,9:03,2,0,1,0,100.0
15,2011-11-15,15,23-316,TOR,,PHX,L-SO,0,0,0,0,0,0,0,0,0,,,,2,0.0,19,13:47,1,0,0,0,
16,2011-11-17,16,23-318,TOR,@,NSH,L,0,0,0,0,2,0,0,0,0,,,,0,,20,14:29,2,1,0,0,
17,2011-11-19,17,23-320,TOR,,WSH,W,1,0,1,1,0,1,0,0,1,,,,1,100.0,17,12:07,2,0,0,0,
18,2011-11-20,18,23-321,TOR,@,CAR,L,0,0,0,-1,2,0,0,0,0,,,,2,0.0,19,14:20,3,0,0,1,0.0
19,2011-11-22,19,23-323,TOR,@,TBL,W,0,2,2,2,0,0,0,0,0,,,,0,,12,8:52,0,0,0,0,
20,2011-11-25,20,23-326,TOR,@,DAL,W,0,0,0,0,2,0,0,0,0,,,,1,0.0,16,12:13,1,0,0,0,
21,2011-11-27,21,23-328,TOR,@,ANA,W,0,0,0,1,0,0,0,0,0,,,,0,,15,13:12,0,1,0,0,
22,2011-11-30,22,23-331,TOR,,BOS,L,1,0,1,1,0,1,0,0,0,,,,1,100.0,15,14:27,1,1,0,0,
23,2011-12-03,23,23-334,TOR,@,BOS,L,0,0,0,0,0,0,0,0,0,,,,2,0.0,16,15:44,1,1,0,1,0.0
24,2011-12-05,24,23-336,TOR,@,NYR,W,0,1,1,1,0,0,0,0,0,,,,0,,16,12:22,3,0,0,0,
25,2011-12-06,25,23-337,TOR,,NJD,L-OT,1,0,1,0,0,1,0,0,0,,,,1,100.0,16,12:44,4,0,0,0,
26,2011-12-09,26,23-340,TOR,@,WSH,L,0,0,0,0,0,0,0,0,0,,,,2,0.0,14,10:57,0,0,0,0,
27,2011-12-13,27,23-344,TOR,,CAR,W,0,0,0,0,0,0,0,0,0,,,,1,0.0,15,11:03,1,1,0,0,
28,2011-12-16,28,23-347,TOR,@,BUF,L,0,0,0,0,0,0,0,0,0,,,,2,0.0,13,11:41,0,0,0,0,
29,2011-12-17,29,23-348,TOR,,VAN,L,0,0,0,0,0,0,0,0,0,,,,5,0.0,19,14:59,1,0,0,0,
30,2011-12-19,30,23-350,TOR,,LAK,L-SO,1,0,1,2,0,1,0,0,0,,,,2,50.0,16,11:15,1,0,0,0,
31,2011-12-22,31,23-353,TOR,,BUF,W,0,0,0,-1,2,0,0,0,0,,,,3,0.0,14,9:10,0,0,0,0,
32,2011-12-23,32,23-354,TOR,@,NYI,W,0,0,0,0,0,0,0,0,0,,,,2,0.0,17,12:54,0,1,0,0,
33,2011-12-27,33,23-358,TOR,@,FLA,L,0,0,0,0,0,0,0,0,0,,,,1,0.0,16,12:55,0,0,0,0,
34,2011-12-29,34,23-360,TOR,@,CAR,L-OT,0,0,0,-1,2,0,0,0,0,,,,0,,19,11:36,2,0,0,0,
35,2011-12-31,35,23-362,TOR,@,WPG,L,0,0,0,0,0,0,0,0,0,,,,2,0.0,16,11:01,2,0,0,0,
36,2012-01-03,36,24-000,TOR,,TBL,W,1,1,2,2,0,1,0,0,0,,,,2,50.0,14,8:58,1,0,0,0,
37,2012-01-05,37,24-002,TOR,,WPG,W,0,0,0,0,0,0,0,0,0,,,,0,,16,11:48,2,0,0,0,
38,2012-02-25,38,24-053,TOR,,WSH,L,0,0,0,-1,0,0,0,0,0,,,,2,0.0,21,16:00,3,0,0,0,
39,2012-02-28,39,24-056,TOR,,FLA,L,0,0,0,0,0,0,0,0,0,,,,1,0.0,15,12:32,3,0,0,1,0.0
40,2012-02-29,40,24-057,TOR,@,CHI,L,0,0,0,0,0,0,0,0,0,,,,3,0.0,16,13:01,0,0,0,0,
41,2012-03-03,41,24-060,TOR,@,MTL,W,1,1,2,1,0,1,0,0,0,,,,3,33.3,28,18:23,3,1,0,0,
42,2012-03-06,42,24-063,TOR,,BOS,L,0,0,0,-1,0,0,0,0,0,,,,1,0.0,21,15:49,3,0,0,0,
43,2012-03-07,43,24-064,TOR,@,PIT,L,0,0,0,-3,0,0,0,0,0,,,,1,0.0,18,14:50,2,0,0,0,
44,2012-03-10,44,24-067,TOR,,PHI,L-SO,0,0,0,0,0,0,0,0,0,,,,1,0.0,14,9:27,0,0,0,0,
45,2012-03-11,45,24-068,TOR,@,WSH,L,0,0,0,0,0,0,0,0,0,,,,2,0.0,14,11:11,1,0,0,0,
46,2012-03-13,46,24-070,TOR,@,FLA,L,0,0,0,1,0,0,0,0,0,,,,1,0.0,20,14:26,1,1,0,1,0.0
47,2012-03-15,47,24-072,TOR,@,TBL,W,0,0,0,0,0,0,0,0,0,,,,5,0.0,21,16:01,1,0,0,0,
48,2012-03-17,48,24-074,TOR,@,OTT,W,0,0,0,0,0,0,0,0,0,,,,0,,18,12:42,1,1,0,0,
49,2012-03-19,49,24-076,TOR,@,BOS,L,0,0,0,-2,0,0,0,0,0,,,,3,0.0,22,15:19,3,1,1,0,100.0
50,2012-03-20,50,24-077,TOR,,NYI,L,0,0,0,-2,2,0,0,0,0,,,,1,0.0,18,13:21,1,0,0,0,
51,2012-03-27,51,24-084,TOR,,CAR,L,0,0,0,-2,0,0,0,0,0,,,,1,0.0,17,11:05,2,1,0,0,
52,2012-03-29,52,24-086,TOR,,PHI,L,0,0,0,-1,0,0,0,0,0,,,,2,0.0,17,12:49,2,0,0,0,
53,2012-03-31,53,24-088,TOR,,BUF,W,1,0,1,1,0,1,0,0,1,,,,2,50.0,23,15:48,2,0,0,1,0.0
54,2012-04-03,54,24-091,TOR,@,BUF,L-OT,1,1,2,2,7,1,0,0,0,,,,5,20.0,25,19:55,0,0,0,1,0.0
55,2012-04-05,55,24-093,TOR,,TBL,W,0,0,0,1,0,0,0,0,0,,,,3,0.0,27,20:18,4,0,0,0,
56,2012-04-07,56,24-095,TOR,@,MTL,L,0,0,0,0,0,0,0,0,0,,,,0,,21,15:59,3,0,0,0,
57,2013-01-24,1,25-021,TOR,,NYI,L,1,2,3,2,0,1,0,0,0,,,,3,33.3,15,11:49,2,0,1,0,100.0
58,2013-01-26,2,25-023,TOR,@,NYR,L,0,0,0,-1,2,0,0,0,0,,,,0,,18,12:05,3,1,0,0,
59,2013-01-29,3,25-026,TOR,@,BUF,W,2,0,2,1,0,2,0,0,1,,,,2,100.0,22,16:10,1,0,0,0,
60,2013-01-31,4,25-028,TOR,,WSH,W,1,0,1,0,0,1,0,0,1,,,,2,50.0,15,11:31,0,1,0,0,
61,2013-02-02,5,25-030,TOR,,BOS,L,0,0,0,0,0,0,0,0,0,,,,0,,21,13:56,2,0,0,0,
62,2013-02-04,6,25-032,TOR,,CAR,L,1,0,1,1,0,1,0,0,0,,,,3,33.3,15,11:57,0,0,0,0,
63,2013-02-05,7,25-033,TOR,@,WSH,W,0,0,0,0,0,0,0,0,0,,,,1,0.0,15,10:21,0,0,0,0,
64,2013-02-07,8,25-035,TOR,@,WPG,W,1,0,1,1,0,1,0,0,0,,,,3,33.3,18,13:17,3,0,0,0,
65,2013-02-09,9,25-037,TOR,@,MTL,W,0,0,0,0,0,0,0,0,0,,,,1,0.0,20,13:45,0,1,2,0,100.0
66,2013-02-11,10,25-039,TOR,,PHI,W,1,1,2,2,0,1,0,0,1,,,,3,33.3,17,14:06,1,0,0,0,
67,2013-03-09,11,25-065,TOR,,PIT,L-SO,0,1,1,1,0,0,0,0,0,,,,0,,16,13:23,2,0,0,0,
68,2013-03-12,12,25-068,TOR,@,WPG,L,0,0,0,-3,0,0,0,0,0,,,,1,0.0,19,12:40,3,2,0,0,
69,2013-03-14,13,25-070,TOR,,PIT,L,0,0,0,0,2,0,0,0,0,,,,1,0.0,21,12:48,2,0,0,0,
70,2013-03-16,14,25-072,TOR,,WPG,L-SO,0,0,0,0,0,0,0,0,0,,,,3,0.0,20,15:21,7,0,0,0,
71,2013-03-20,15,25-076,TOR,,TBL,W,0,0,0,-2,0,0,0,0,0,,,,2,0.0,19,13:35,3,0,0,0,
72,2013-03-21,16,25-077,TOR,@,BUF,L-SO,0,0,0,0,0,0,0,0,0,,,,3,0.0,22,16:04,5,1,0,0,
73,2013-03-23,17,25-079,TOR,,BOS,W,0,1,1,2,0,0,0,0,0,,,,3,0.0,23,14:54,4,0,1,0,100.0
74,2013-03-26,18,25-082,TOR,,FLA,W,0,0,0,1,0,0,0,0,0,,,,3,0.0,17,13:51,2,2,0,1,0.0
75,2013-03-28,19,25-084,TOR,,CAR,W,0,0,0,0,0,0,0,0,0,,,,3,0.0,18,13:11,1,1,0,1,0.0
76,2013-03-30,20,25-086,TOR,@,OTT,W,0,0,0,0,0,0,0,0,0,,,,2,0.0,16,12:08,1,0,0,0,
77,2013-04-04,21,25-091,TOR,,PHI,L,0,0,0,-1,0,0,0,0,0,,,,0,,21,13:48,1,0,0,1,0.0
78,2013-04-13,22,25-100,TOR,,MTL,W,0,0,0,1,0,0,0,0,0,,,,0,,19,12:44,2,1,0,0,
79,2013-04-15,23,25-102,TOR,,NJD,W,0,0,0,0,0,0,0,0,0,,,,0,,18,12:06,3,0,0,0,
80,2013-04-24,24,25-111,TOR,@,TBL,L,0,0,0,0,0,0,0,0,0,,,,2,0.0,17,12:35,1,1,1,0,100.0
81,2013-04-25,25,25-112,TOR,@,FLA,W,0,1,1,1,0,0,0,0,0,,,,1,0.0,16,12:34,6,0,0,0,
82,2013-10-03,1,25-273,LAK,@,MIN,W,0,1,1,0,0,0,0,0,0,,,,3,0.0,20,14:32,1,0,0,0,
83,2013-10-04,2,25-274,LAK,@,WPG,L,0,1,1,-2,0,0,0,0,0,,,,1,0.0,20,14:49,2,0,0,0,
84,2013-10-07,3,25-277,LAK,,NYR,L,0,0,0,-2,0,0,0,0,0,,,,1,0.0,21,16:06,1,2,0,0,
85,2013-10-09,4,25-279,LAK,,OTT,W,0,0,0,-1,2,0,0,0,0,,,,1,0.0,20,13:36,2,0,0,0,
86,2013-10-11,5,25-281,LAK,@,CAR,W,0,0,0,0,0,0,0,0,0,,,,1,0.0,19,12:01,6,0,0,0,
87,2013-10-13,6,25-283,LAK,@,FLA,W,0,0,0,0,0,0,0,0,0,,,,0,,18,13:58,4,0,1,0,100.0
88,2013-10-15,7,25-285,LAK,@,TBL,L,0,1,1,1,0,0,0,0,0,,,,1,0.0,15,10:11,1,0,0,0,
89,2013-10-17,8,25-287,LAK,@,NSH,W,0,0,0,-1,0,0,0,0,0,,,,0,,17,12:31,0,0,0,0,
90,2013-10-21,9,25-291,LAK,,CGY,L,0,0,0,0,0,0,0,0,0,,,,1,0.0,17,11:45,4,0,0,0,
91,2013-10-24,10,25-294,LAK,,PHX,W,1,0,1,0,0,1,0,0,0,,,,5,20.0,20,16:27,2,0,0,0,
92,2013-10-27,11,25-297,LAK,,EDM,W,0,0,0,1,0,0,0,0,0,,,,2,0.0,21,16:20,4,0,0,0,
93,2013-10-29,12,25-299,LAK,@,PHX,L,0,0,0,-2,0,0,0,0,0,,,,2,0.0,17,11:20,3,1,0,0,
94,2013-10-30,13,25-300,LAK,,SJS,W,0,0,0,0,0,0,0,0,0,,,,0,,11,7:24,3,0,0,0,
95,2013-11-02,14,25-303,LAK,,NSH,L,0,0,0,0,2,0,0,0,0,,,,1,0.0,19,13:56,3,0,0,0,
96,2013-11-07,15,25-308,LAK,,BUF,W,0,0,0,0,5,0,0,0,0,,,,0,,13,9:42,1,0,0,1,0.0
97,2013-11-09,16,25-310,LAK,,VAN,W,0,0,0,0,0,0,0,0,0,,,,1,0.0,16,12:22,1,1,0,0,
98,2013-11-12,17,25-313,LAK,@,BUF,L-SO,0,0,0,0,0,0,0,0,0,,,,5,0.0,13,11:01,0,1,0,0,
99,2013-11-14,18,25-315,LAK,@,NYI,W,0,0,0,-1,0,0,0,0,0,,,,0,,15,11:24,2,1,0,0,
100,2013-11-15,19,25-316,LAK,@,NJD,W,0,0,0,0,0,0,0,0,0,,,,0,,15,11:07,0,0,0,0,
101,2013-11-17,20,25-318,LAK,@,NYR,W,0,0,0,0,0,0,0,0,0,,,,3,0.0,16,12:00,2,0,0,0,
102,2013-11-19,21,25-320,LAK,,TBL,W,1,1,2,0,0,0,1,0,0,,,,1,100.0,17,11:42,1,0,1,0,100.0
103,2013-11-21,22,25-322,LAK,,NJD,L-OT,0,0,0,0,0,0,0,0,0,,,,3,0.0,22,17:31,2,4,0,0,
104,2013-12-02,23,25-333,LAK,,STL,W,0,0,0,0,0,0,0,0,0,,,,3,0.0,14,9:07,1,0,0,0,
105,2013-12-03,24,25-334,LAK,@,ANA,W,0,0,0,0,0,0,0,0,0,,,,1,0.0,13,8:55,0,0,0,0,
106,2013-12-07,25,25-338,LAK,,NYI,W,0,0,0,0,0,0,0,0,0,,,,0,,8,7:06,1,0,0,0,
107,2013-12-17,26,25-348,LAK,,EDM,W,0,0,0,0,0,0,0,0,0,,,,2,0.0,12,9:22,5,0,0,0,
108,2013-12-31,27,25-362,LAK,@,DAL,L,0,0,0,0,0,0,0,0,0,,,,0,,16,12:32,4,0,0,0,
109,2014-01-02,28,25-364,LAK,@,STL,L,0,0,0,0,2,0,0,0,0,,,,3,0.0,22,15:26,4,0,0,0,
110,2014-01-04,29,26-001,LAK,,VAN,W,0,0,0,0,0,0,0,0,0,,,,2,0.0,16,12:13,0,0,0,0,
111,2014-01-07,30,26-004,LAK,,MIN,L-SO,0,0,0,0,0,0,0,0,0,,,,2,0.0,16,11:50,3,0,0,0,
112,2014-01-09,31,26-006,LAK,,BOS,W,0,0,0,1,0,0,0,0,0,,,,1,0.0,15,9:31,0,0,0,0,
113,2014-01-11,32,26-008,LAK,,DET,L,0,0,0,0,0,0,0,0,0,,,,2,0.0,15,10:42,3,0,0,0,
114,2014-01-16,33,26-013,LAK,@,STL,W,0,0,0,0,0,0,0,0,0,,,,1,0.0,18,14:21,2,0,0,0,
115,2014-01-18,34,26-015,LAK,@,DET,L-SO,0,0,0,0,0,0,0,0,0,,,,2,0.0,17,12:41,2,0,0,1,0.0
116,2014-01-20,35,26-017,LAK,@,BOS,L,0,0,0,1,0,0,0,0,0,,,,2,0.0,17,13:47,1,0,0,0,
117,2014-01-21,36,26-018,LAK,@,CBJ,L,0,0,0,0,0,0,0,0,0,,,,2,0.0,17,13:49,3,0,0,0,
118,2014-01-23,37,26-020,LAK,@,ANA,L,0,0,0,0,0,0,0,0,0,,,,2,0.0,14,8:44,0,0,0,0,
119,2014-01-25,38,26-022,LAK,,ANA,L,0,0,0,-1,0,0,0,0,0,,,,2,0.0,16,10:40,0,0,0,0,
120,2014-02-03,39,26-031,LAK,,CHI,L,0,0,0,0,0,0,0,0,0,,,,1,0.0,11,6:58,3,0,0,0,
121,2014-02-06,40,26-034,LAK,,CBJ,W,0,0,0,0,0,0,0,0,0,,,,0,,14,9:36,1,0,0,0,
122,2014-03-06,41,26-062,CBJ,@,CHI,L,0,0,0,0,0,0,0,0,0,,,,1,0.0,18,13:17,0,0,0,0,
123,2014-03-13,42,26-069,CBJ,,SJS,L-SO,0,0,0,0,0,0,0,0,0,,,,0,,12,7:47,3,1,0,0,
124,2014-04-04,43,26-091,CBJ,,CHI,L,0,0,0,1,0,0,0,0,0,,,,0,,18,14:01,3,0,0,0,
125,2014-04-06,44,26-093,CBJ,,NYI,W,0,1,1,1,0,0,0,0,0,,,,0,,19,14:22,1,0,0,0,
126,2014-10-08,1,26-278,TOR,,MTL,L,0,0,0,0,0,0,0,0,0,0,0,0,0,,13,9:24,0,1,0,0,
127,2014-10-18,2,26-288,TOR,@,DET,L-OT,0,0,0,0,2,0,0,0,0,0,0,0,1,0.0,6,2:54,1,0,0,0,
128,2014-10-28,3,26-298,TOR,,BUF,W,0,0,0,0,0,0,0,0,0,0,0,0,0,,11,8:21,0,1,1,0,100.0
129,2014-10-31,4,26-301,TOR,@,CBJ,W,0,0,0,0,2,0,0,0,0,0,0,0,1,0.0,12,6:57,1,0,0,0,
130,2014-11-06,5,26-307,TOR,@,COL,L-SO,0,0,0,0,0,0,0,0,0,0,0,0,0,,13,9:06,1,1,0,0,
131,2014-11-08,6,26-309,TOR,,NYR,W,0,0,0,0,0,0,0,0,0,0,0,0,1,0.0,8,5:31,0,0,0,0,
132,2015-01-15,7,27-012,TOR,@,SJS,L,0,0,0,0,0,0,0,0,0,0,0,0,1,0.0,12,9:25,0,0,0,0,
133,2015-01-19,8,27-016,TOR,,CAR,L,0,0,0,0,0,0,0,0,0,0,0,0,0,,6,3:39,0,,,,
134,2015-01-21,9,27-018,TOR,@,OTT,L,0,0,0,0,0,0,0,0,0,0,0,0,2,0.0,12,8:13,1,1,0,0,
