,date_game,game_season,age,team_id,game_location,opp_id,game_result,goals,assists,points,plus_minus,pen_min,goals_ev,goals_pp,goals_sh,goals_gw,assists_ev,assists_pp,assists_sh,shots,shot_pct,shifts,time_on_ice,hits_all,blocks_all,faceoff_wins_all,faceoff_losses_all,faceoff_percentage_all
0,2012-02-18,1,26-190,DAL,@,PHX,L-OT,0,0,0,0,0,0,0,0,0,,,,3,0.0,9,5:41,3,0,0,0,
1,2012-02-19,2,26-191,DAL,,NSH,L,0,0,0,0,0,0,0,0,0,,,,0,,13,10:00,5,0,0,0,
2,2012-02-21,3,26-193,DAL,@,MTL,W,1,0,1,1,0,1,0,0,1,,,,6,16.7,17,8:37,4,0,0,1,0.0
3,2012-02-23,4,26-195,DAL,@,CHI,W,0,0,0,0,0,0,0,0,0,,,,1,0.0,20,12:20,5,0,3,2,60.0
4,2012-02-24,5,26-196,DAL,,MIN,W,0,0,0,0,0,0,0,0,0,,,,0,,10,8:13,3,0,1,3,25.0
5,2012-02-26,6,26-198,DAL,,VAN,W,0,0,0,0,0,0,0,0,0,,,,0,,14,9:50,2,1,3,3,50.0
6,2012-02-29,7,26-201,DAL,,PIT,L-SO,0,0,0,-1,0,0,0,0,0,,,,2,0.0,8,5:58,3,0,0,0,
7,2012-03-02,8,26-203,DAL,@,EDM,W,0,0,0,0,0,0,0,0,0,,,,2,0.0,15,9:58,1,0,0,1,0.0
8,2012-03-04,9,26-205,DAL,@,CGY,W,0,0,0,0,0,0,0,0,0,,,,0,,12,8:22,3,0,0,0,
9,2012-03-06,10,26-207,DAL,@,VAN,W,0,0,0,0,0,0,0,0,0,,,,1,0.0,8,5:34,3,0,0,1,0.0
10,2012-03-08,11,26-209,DAL,,SJS,W,0,1,1,1,2,0,0,0,0,,,,2,0.0,20,12:46,3,0,0,0,
11,2012-03-13,12,26-214,DAL,@,MIN,W,0,0,0,0,0,0,0,0,0,,,,0,,9,5:55,3,0,1,0,100.0
12,2012-03-14,13,26-215,DAL,@,WPG,L,0,0,0,-1,0,0,0,0,0,,,,2,0.0,15,8:36,3,0,0,0,
13,2012-03-26,14,26-227,DAL,@,CGY,L,0,0,0,0,0,0,0,0,0,,,,2,0.0,8,4:09,2,0,0,0,
14,2012-03-28,15,26-229,DAL,@,EDM,W,0,0,0,0,2,0,0,0,0,,,,1,0.0,8,5:03,0,0,0,0,
15,2012-03-30,16,26-231,DAL,@,VAN,L,0,0,0,-1,0,0,0,0,0,,,,2,0.0,13,8:56,1,0,0,0,
16,2012-03-31,17,26-232,DAL,@,SJS,L,0,0,0,0,9,0,0,0,0,,,,0,,15,10:47,2,0,0,0,
17,2012-04-03,18,26-235,DAL,,SJS,L,0,0,0,-1,0,0,0,0,0,,,,0,,10,6:26,0,1,0,0,
18,2012-04-05,19,26-237,DAL,@,NSH,L,0,0,0,0,2,0,0,0,0,,,,1,0.0,13,7:54,0,0,0,0,
19,2012-04-07,20,26-239,DAL,,STL,L,1,0,1,1,7,1,0,0,0,,,,3,33.3,18,10:34,2,1,4,4,50.0
20,2013-01-19,1,27-160,DAL,,PHX,W,0,0,0,0,0,0,0,0,0,,,,1,0.0,12,8:14,2,0,0,2,0.0
21,2013-01-20,2,27-161,DAL,@,MIN,L,0,0,0,0,0,0,0,0,0,,,,3,0.0,12,9:35,0,0,0,1,0.0
22,2013-01-22,3,27-163,DAL,@,DET,W,0,0,0,0,0,0,0,0,0,,,,0,,12,7:34,1,0,0,0,
23,2013-01-24,4,27-165,DAL,,CHI,L-OT,0,0,0,0,4,0,0,0,0,,,,5,0.0,13,6:42,2,0,0,0,
24,2013-01-26,5,27-167,DAL,,STL,L,1,0,1,-1,0,1,0,0,0,,,,3,33.3,10,7:19,0,0,1,3,25.0
25,2013-01-28,6,27-169,DAL,@,CBJ,L,0,0,0,-1,0,0,0,0,0,,,,1,0.0,12,6:48,2,0,0,0,
26,2013-01-29,7,27-170,DAL,@,DET,L,0,0,0,-1,0,0,0,0,0,,,,1,0.0,13,10:14,3,1,0,0,
27,2013-02-01,8,27-173,DAL,,PHX,W,0,1,1,1,0,0,0,0,0,,,,2,0.0,13,8:59,1,0,0,0,
28,2013-02-02,9,27-174,DAL,@,PHX,L,0,0,0,-1,2,0,0,0,0,,,,0,,9,6:19,0,0,0,0,
29,2013-02-12,10,27-184,DAL,@,EDM,W,1,0,1,2,2,1,0,0,0,,,,2,50.0,17,10:25,1,0,1,0,100.0
30,2013-02-13,11,27-185,DAL,@,CGY,L,0,1,1,1,0,0,0,0,0,,,,3,0.0,21,12:17,5,1,0,0,
31,2013-02-15,12,27-187,DAL,@,VAN,W,0,0,0,0,5,0,0,0,0,,,,1,0.0,13,8:20,5,0,0,0,
32,2013-02-17,13,27-189,DAL,,CGY,L,1,0,1,1,5,1,0,0,0,,,,1,100.0,10,8:20,3,2,0,0,
33,2013-02-21,14,27-193,DAL,,VAN,L,0,0,0,0,0,0,0,0,0,,,,0,,10,8:05,2,0,1,1,50.0
34,2013-02-23,15,27-195,DAL,,SJS,W,0,0,0,0,0,0,0,0,0,,,,0,,15,10:03,1,0,1,0,100.0
35,2013-02-25,16,27-197,DAL,@,NSH,L-OT,0,0,0,-1,0,0,0,0,0,,,,2,0.0,16,11:28,2,0,0,0,
36,2013-02-26,17,27-198,DAL,@,CBJ,W,0,0,0,-1,2,0,0,0,0,,,,0,,16,13:55,3,0,0,0,
37,2013-02-28,18,27-200,DAL,,EDM,L,0,0,0,0,0,0,0,0,0,,,,2,0.0,16,8:47,1,0,0,0,
38,2013-03-03,19,27-203,DAL,,STL,W,0,0,0,0,0,0,0,0,0,,,,1,0.0,15,11:00,0,0,1,1,50.0
39,2013-03-07,20,27-207,DAL,@,LAK,W,0,0,0,0,0,0,0,0,0,,,,1,0.0,16,13:08,1,0,0,1,0.0
40,2013-03-09,21,27-209,DAL,@,PHX,L,0,0,0,-1,0,0,0,0,0,,,,0,,12,7:24,3,1,0,0,
41,2013-03-12,22,27-212,DAL,,NSH,L,0,0,0,0,0,0,0,0,0,,,,1,0.0,18,10:44,1,0,1,0,100.0
42,2013-03-14,23,27-214,DAL,,ANA,L-SO,0,0,0,0,0,0,0,0,0,,,,1,0.0,12,9:20,2,0,1,0,100.0
43,2013-04-03,24,27-234,DAL,@,ANA,L,0,1,1,0,0,0,0,0,0,,,,2,0.0,11,8:45,2,1,0,0,
44,2013-04-05,25,27-236,DAL,@,ANA,W,0,1,1,2,2,0,0,0,0,,,,0,,12,6:56,0,0,0,0,
45,2013-04-07,26,27-238,DAL,@,SJS,W,0,0,0,-1,0,0,0,0,0,,,,0,,12,5:59,1,0,0,0,
46,2013-04-09,27,27-240,DAL,,LAK,W,0,0,0,0,0,0,0,0,0,,,,2,0.0,13,8:07,2,1,0,0,
47,2013-04-12,28,27-243,DAL,@,NSH,W,0,1,1,0,0,0,0,0,0,,,,1,0.0,13,9:28,4,0,0,0,
48,2013-04-13,29,27-244,DAL,,SJS,W,0,0,0,0,0,0,0,0,0,,,,2,0.0,11,9:28,1,0,0,0,
49,2013-04-15,30,27-246,DAL,@,CHI,L,0,0,0,-2,2,0,0,0,0,,,,3,0.0,16,13:01,4,1,0,0,
50,2013-04-18,31,27-249,DAL,,VAN,W,0,0,0,2,0,0,0,0,0,,,,7,0.0,19,14:35,2,0,0,0,
51,2013-04-19,32,27-250,DAL,@,STL,L,0,0,0,0,0,0,0,0,0,,,,1,0.0,15,11:54,1,0,0,0,
52,2013-04-21,33,27-252,DAL,@,LAK,L-OT,0,1,1,2,2,0,0,0,0,,,,2,0.0,17,10:47,1,0,0,0,
53,2013-04-23,34,27-254,DAL,@,SJS,L,0,1,1,1,0,0,0,0,0,,,,5,0.0,22,15:58,3,1,0,0,
54,2013-04-25,35,27-256,DAL,,CBJ,L,0,0,0,-1,0,0,0,0,0,,,,2,0.0,18,13:23,4,0,0,0,
55,2013-04-27,36,27-258,DAL,,DET,L,0,0,0,0,6,0,0,0,0,,,,1,0.0,20,13:50,1,0,0,1,0.0
56,2013-10-03,1,28-052,DAL,,FLA,L,0,0,0,0,15,0,0,0,0,,,,2,0.0,4,2:16,1,0,0,0,
57,2013-10-05,2,28-054,DAL,,WSH,W,0,0,0,0,0,0,0,0,0,,,,3,0.0,17,12:27,1,0,0,0,
58,2013-10-11,3,28-060,DAL,@,WPG,W,0,0,0,0,0,0,0,0,0,,,,2,0.0,17,12:12,4,1,0,0,
59,2013-10-12,4,28-061,DAL,@,MIN,L,0,0,0,0,0,0,0,0,0,,,,0,,19,12:27,1,0,0,0,
60,2013-10-15,5,28-064,DAL,@,COL,L,0,0,0,0,0,0,0,0,0,,,,0,,14,8:54,0,0,0,0,
61,2013-10-17,6,28-066,DAL,,SJS,W,0,0,0,-2,0,0,0,0,0,,,,0,,20,13:27,1,1,0,0,
62,2013-10-19,7,28-068,DAL,@,LAK,L,0,0,0,0,0,0,0,0,0,,,,0,,15,11:13,2,3,0,0,
63,2013-10-20,8,28-069,DAL,@,ANA,L,1,0,1,2,4,1,0,0,0,,,,2,50.0,19,10:49,4,1,0,0,
64,2013-11-03,9,28-083,DAL,@,OTT,W,0,0,0,0,0,0,0,0,0,,,,4,0.0,17,10:53,1,1,0,0,
65,2013-11-05,10,28-085,DAL,@,BOS,W,0,0,0,0,0,0,0,0,0,,,,2,0.0,15,10:07,3,2,0,0,
66,2013-11-07,11,28-087,DAL,@,DET,W,0,0,0,-1,0,0,0,0,0,,,,3,0.0,14,9:25,0,0,0,0,
67,2013-11-09,12,28-089,DAL,,CHI,L,0,0,0,-1,0,0,0,0,0,,,,2,0.0,16,11:17,2,0,0,1,0.0
68,2013-11-13,13,28-093,DAL,@,EDM,W,0,0,0,0,2,0,0,0,0,,,,3,0.0,15,10:32,1,1,0,0,
69,2013-11-14,14,28-094,DAL,@,CGY,W,1,0,1,0,0,1,0,0,0,,,,4,25.0,17,13:16,0,0,0,0,
70,2013-11-17,15,28-097,DAL,@,VAN,W,0,0,0,0,2,0,0,0,0,,,,2,0.0,16,11:27,2,1,0,0,
71,2013-11-21,16,28-101,DAL,,NYR,L,0,0,0,0,2,0,0,0,0,,,,7,0.0,17,12:36,1,0,1,0,100.0
72,2013-11-23,17,28-103,DAL,@,STL,L,0,0,0,0,0,0,0,0,0,,,,4,0.0,19,12:33,2,0,2,0,100.0
73,2013-11-26,18,28-106,DAL,,ANA,W,1,2,3,1,0,1,0,0,1,,,,3,33.3,21,16:07,2,1,0,0,
74,2013-11-29,19,28-109,DAL,,CHI,L-SO,0,0,0,-1,0,0,0,0,0,,,,4,0.0,22,13:58,2,1,0,0,
75,2013-12-01,20,28-111,DAL,,EDM,L-SO,2,0,2,2,2,1,0,1,0,,,,8,25.0,22,17:17,3,0,0,0,
76,2013-12-03,21,28-113,DAL,@,CHI,W,0,0,0,-1,0,0,0,0,0,,,,0,,14,9:55,2,1,0,1,0.0
77,2013-12-07,22,28-117,DAL,,PHI,W,0,0,0,0,2,0,0,0,0,,,,3,0.0,16,11:30,2,0,0,0,
78,2013-12-10,23,28-120,DAL,,CHI,L,0,2,2,2,2,0,0,0,0,,,,2,0.0,20,12:39,1,0,0,0,
79,2013-12-12,24,28-122,DAL,@,NSH,L,0,0,0,-1,0,0,0,0,0,,,,1,0.0,12,7:21,0,0,0,0,
80,2013-12-14,25,28-124,DAL,@,WPG,W,0,0,0,0,0,0,0,0,0,,,,0,,18,12:21,5,0,0,0,
81,2013-12-16,26,28-126,DAL,@,COL,L,0,0,0,0,2,0,0,0,0,,,,3,0.0,16,12:08,3,2,0,0,
82,2013-12-17,27,28-127,DAL,,COL,W,0,0,0,0,4,0,0,0,0,,,,2,0.0,22,15:43,2,1,0,0,
83,2013-12-19,28,28-129,DAL,,VAN,W,0,0,0,0,4,0,0,0,0,,,,2,0.0,21,12:17,1,1,0,0,
84,2013-12-23,29,28-133,DAL,@,LAK,W,0,1,1,1,0,0,0,0,0,,,,2,0.0,20,14:34,0,0,0,0,
85,2013-12-27,30,28-137,DAL,,NSH,W,1,0,1,0,0,1,0,0,0,,,,2,50.0,21,12:46,5,2,0,1,0.0
86,2013-12-29,31,28-139,DAL,,STL,L-OT,1,0,1,1,2,1,0,0,0,,,,3,33.3,19,12:43,2,0,0,0,
87,2013-12-31,32,28-141,DAL,,LAK,W,0,0,0,0,2,0,0,0,0,,,,2,0.0,23,15:05,5,2,0,0,
88,2014-01-02,33,28-143,DAL,,MTL,L,0,0,0,-1,0,0,0,0,0,,,,1,0.0,17,14:16,1,1,0,0,
89,2014-01-04,34,28-145,DAL,,DET,L,0,0,0,-1,0,0,0,0,0,,,,2,0.0,17,12:10,1,0,0,0,
90,2014-01-06,35,28-147,DAL,@,NYI,L,0,0,0,0,4,0,0,0,0,,,,0,,18,11:06,1,0,0,1,0.0
91,2014-01-09,36,28-150,DAL,@,NJD,L,0,0,0,0,0,0,0,0,0,,,,3,0.0,16,12:56,0,1,0,0,
92,2014-01-10,37,28-151,DAL,@,NYR,L,1,1,2,2,2,1,0,0,0,,,,4,25.0,23,13:57,1,1,0,0,
93,2014-01-12,38,28-153,DAL,,NYI,L,0,0,0,-2,2,0,0,0,0,,,,3,0.0,25,16:18,1,0,0,0,
94,2014-01-14,39,28-155,DAL,,EDM,W,1,2,3,3,0,1,0,0,0,,,,2,50.0,19,14:41,1,1,0,0,
95,2014-01-16,40,28-157,DAL,,BOS,L,0,0,0,0,0,0,0,0,0,,,,1,0.0,21,15:20,0,3,0,0,
96,2014-01-18,41,28-159,DAL,@,MIN,L-OT,1,0,1,0,2,1,0,0,0,,,,5,20.0,24,13:41,1,1,0,0,
97,2014-01-20,42,28-161,DAL,@,NSH,L,0,0,0,-1,0,0,0,0,0,,,,3,0.0,21,15:34,2,1,0,0,
98,2014-01-21,43,28-162,DAL,,MIN,W,0,0,0,1,0,0,0,0,0,,,,0,,19,12:57,2,0,0,1,0.0
99,2014-01-23,44,28-164,DAL,,TOR,W,0,0,0,1,6,0,0,0,0,,,,0,,17,11:13,2,1,0,0,
100,2014-01-25,45,28-166,DAL,,PIT,W,0,0,0,0,0,0,0,0,0,,,,2,0.0,24,19:02,2,2,0,0,
101,2014-01-27,46,28-168,DAL,,COL,L,0,0,0,0,0,0,0,0,0,,,,2,0.0,23,15:50,5,2,0,0,
102,2014-01-30,47,28-171,DAL,,NJD,L-OT,0,0,0,0,2,0,0,0,0,,,,2,0.0,18,12:49,3,1,0,0,
103,2014-02-01,48,28-173,DAL,@,ANA,W,0,0,0,0,0,0,0,0,0,,,,2,0.0,21,13:24,1,0,0,0,
104,2014-02-04,49,28-176,DAL,@,PHX,W,1,1,2,2,0,1,0,0,0,,,,4,25.0,20,15:00,4,2,0,0,
105,2014-02-05,50,28-177,DAL,@,SJS,L-OT,0,0,0,0,0,0,0,0,0,,,,1,0.0,20,13:34,3,1,0,0,
106,2014-02-08,51,28-180,DAL,,PHX,W,0,0,0,0,0,0,0,0,0,,,,1,0.0,16,12:58,3,0,0,0,
107,2014-02-27,52,28-199,DAL,,CAR,W,0,0,0,0,2,0,0,0,0,,,,0,,19,10:59,0,0,0,0,
108,2014-03-01,53,28-201,DAL,,TBL,L,0,1,1,0,2,0,0,0,0,,,,3,0.0,19,13:34,3,0,0,1,0.0
109,2014-03-03,54,28-203,DAL,,BUF,W,0,1,1,0,0,0,0,0,0,,,,2,0.0,19,13:57,5,1,0,0,
110,2014-03-04,55,28-204,DAL,@,CBJ,L,0,0,0,-1,2,0,0,0,0,,,,1,0.0,16,12:01,3,0,0,0,
111,2014-03-06,56,28-206,DAL,,VAN,W,1,0,1,1,0,1,0,0,0,,,,3,33.3,20,13:45,1,1,0,0,
112,2014-03-08,57,28-208,DAL,,MIN,W,0,0,0,1,2,0,0,0,0,,,,2,0.0,21,15:05,4,0,0,0,
113,2014-03-11,58,28-211,DAL,@,STL,W,0,0,0,0,2,0,0,0,0,,,,2,0.0,18,11:17,3,1,0,0,
114,2014-03-14,59,28-214,DAL,,CGY,L-SO,0,1,1,0,2,0,0,0,0,,,,2,0.0,22,15:04,1,0,0,0,
115,2014-03-16,60,28-216,DAL,@,WPG,L,0,0,0,0,0,0,0,0,0,,,,3,0.0,21,13:00,2,0,0,0,
116,2014-03-18,61,28-218,DAL,@,PIT,L,0,0,0,-2,4,0,0,0,0,,,,2,0.0,20,13:51,2,1,0,0,
117,2014-03-20,62,28-220,DAL,@,PHI,L,0,0,0,-1,2,0,0,0,0,,,,2,0.0,21,15:24,2,0,0,0,
118,2014-03-22,63,28-222,DAL,,OTT,W,0,0,0,0,7,0,0,0,0,,,,1,0.0,18,11:14,2,0,0,0,
119,2014-03-24,64,28-224,DAL,,WPG,W,0,0,0,0,0,0,0,0,0,,,,2,0.0,20,13:23,0,0,0,0,
120,2014-03-25,65,28-225,DAL,@,CHI,L,2,0,2,1,2,2,0,0,0,,,,6,33.3,25,15:45,2,0,0,0,
121,2014-03-28,66,28-228,DAL,,NSH,W,1,1,2,1,0,1,0,0,0,,,,2,50.0,24,16:42,1,0,0,0,
122,2014-03-29,67,28-229,DAL,@,STL,W,0,0,0,2,0,0,0,0,0,,,,3,0.0,23,17:09,2,1,0,0,
123,2014-04-01,68,28-232,DAL,@,WSH,W,1,0,1,1,0,0,0,1,0,,,,5,20.0,21,15:33,3,0,0,0,
124,2014-04-03,69,28-234,DAL,@,CAR,L,0,0,0,0,12,0,0,0,0,,,,1,0.0,18,13:23,1,0,0,0,
125,2014-04-05,70,28-236,DAL,@,TBL,W,0,2,2,1,2,0,0,0,0,,,,0,,21,12:11,1,0,1,0,100.0
126,2014-04-06,71,28-237,DAL,@,FLA,L,0,0,0,-1,2,0,0,0,0,,,,3,0.0,17,12:41,0,1,0,0,
127,2014-04-08,72,28-239,DAL,,NSH,W,0,0,0,0,0,0,0,0,0,,,,1,0.0,27,16:26,5,0,0,0,
128,2014-04-09,73,28-240,DAL,,CBJ,L,0,0,0,0,0,0,0,0,0,,,,0,,17,12:03,0,,,,
129,2014-04-11,74,28-242,DAL,,STL,W,1,0,1,1,0,1,0,0,0,,,,3,33.3,23,13:49,2,0,0,0,
130,2014-04-13,75,28-244,DAL,@,PHX,L,0,0,0,0,0,0,0,0,0,,,,1,0.0,18,12:33,1,1,0,0,
131,2014-10-09,1,29-058,DAL,,CHI,L-SO,0,1,1,1,0,0,0,0,0,1,0,0,3,0.0,28,16:21,2,0,1,0,100.0
132,2014-10-11,2,29-060,DAL,@,NSH,L,0,1,1,1,2,0,0,0,0,1,0,0,1,0.0,21,16:47,2,3,0,0,
133,2014-10-14,3,29-063,DAL,@,CBJ,W,0,0,0,0,2,0,0,0,0,0,0,0,2,0.0,20,12:43,1,1,0,0,
134,2014-10-16,4,29-065,DAL,@,PIT,W,0,0,0,0,0,0,0,0,0,0,0,0,2,0.0,20,14:19,0,0,0,0,
135,2014-10-18,5,29-067,DAL,,PHI,L-OT,0,0,0,-1,0,0,0,0,0,0,0,0,1,0.0,24,16:22,2,1,0,0,
136,2014-10-21,6,29-070,DAL,,VAN,W,1,1,2,1,0,1,0,0,0,1,0,0,4,25.0,19,12:13,0,0,1,0,100.0
137,2014-10-24,7,29-073,DAL,@,NJD,W,0,0,0,-1,0,0,0,0,0,0,0,0,0,,20,12:15,2,1,0,0,
138,2014-10-25,8,29-074,DAL,@,NYI,L,0,1,1,0,0,0,0,0,0,1,0,0,1,0.0,20,14:26,1,0,0,0,
139,2014-10-28,9,29-077,DAL,,STL,L-OT,0,0,0,-2,0,0,0,0,0,0,0,0,0,,21,16:10,1,2,0,0,
140,2014-10-31,10,29-080,DAL,,ANA,L-OT,0,1,1,1,0,0,0,0,0,1,0,0,0,,22,15:24,0,0,0,0,
141,2014-11-01,11,29-081,DAL,@,MIN,L,0,0,0,-2,0,0,0,0,0,0,0,0,1,0.0,20,13:59,1,1,0,1,0.0
142,2014-11-04,12,29-084,DAL,,LAK,L,0,0,0,0,0,0,0,0,0,0,0,0,2,0.0,20,12:39,0,0,2,0,100.0
143,2014-11-06,13,29-086,DAL,,NSH,L,0,0,0,0,2,0,0,0,0,0,0,0,0,,14,8:31,2,0,0,0,
144,2014-11-08,14,29-088,DAL,,SJS,L,0,0,0,1,0,0,0,0,0,0,0,0,0,,18,12:43,5,2,0,2,0.0
145,2014-11-11,15,29-091,DAL,@,ARI,W,1,0,1,0,0,0,0,1,1,0,0,0,3,33.3,25,13:41,1,1,0,0,
146,2014-11-13,16,29-093,DAL,@,LAK,W,1,0,1,1,2,1,0,0,1,0,0,0,8,12.5,25,14:21,2,0,0,0,
147,2014-11-15,17,29-095,DAL,,MIN,L,0,0,0,-1,0,0,0,0,0,0,0,0,5,0.0,22,14:18,0,0,0,0,
148,2014-11-16,18,29-096,DAL,@,CHI,L,0,0,0,-3,4,0,0,0,0,0,0,0,0,,24,13:28,0,0,0,0,
149,2014-11-25,19,29-105,DAL,,EDM,W,0,0,0,-1,2,0,0,0,0,0,0,0,3,0.0,22,15:21,1,0,0,0,
150,2014-12-02,20,29-112,DAL,@,TOR,L,1,0,1,1,0,1,0,0,0,0,0,0,4,25.0,24,14:02,2,1,3,0,100.0
151,2014-12-04,21,29-114,DAL,@,DET,L,0,0,0,-1,2,0,0,0,0,0,0,0,1,0.0,9,5:04,0,0,1,0,100.0
152,2014-12-06,22,29-116,DAL,,MTL,W,1,0,1,1,2,1,0,0,0,0,0,0,3,33.3,28,15:28,6,0,0,0,
153,2014-12-09,23,29-119,DAL,,WPG,L,0,0,0,-1,4,0,0,0,0,0,0,0,1,0.0,26,14:50,2,1,0,0,
154,2014-12-21,24,29-131,DAL,@,EDM,W,0,0,0,-1,0,0,0,0,0,0,0,0,2,0.0,17,10:14,0,0,1,0,100.0
155,2014-12-23,25,29-133,DAL,,TOR,L,0,0,0,0,2,0,0,0,0,0,0,0,2,0.0,15,9:37,2,1,1,0,100.0
156,2014-12-27,26,29-137,DAL,@,STL,W,1,0,1,1,0,1,0,0,0,0,0,0,2,50.0,23,15:29,0,1,0,2,0.0
157,2014-12-29,27,29-139,DAL,,NYR,W,0,1,1,1,0,0,0,0,0,1,0,0,1,0.0,24,13:45,1,1,0,0,
158,2014-12-31,28,29-141,DAL,,ARI,W,1,0,1,2,0,1,0,0,0,0,0,0,6,16.7,24,14:59,2,0,1,0,100.0
159,2015-01-03,29,29-144,DAL,,MIN,W,0,1,1,1,0,0,0,0,0,1,0,0,2,0.0,22,13:59,1,0,0,0,
160,2015-01-04,30,29-145,DAL,@,CHI,L-OT,0,0,0,-1,0,0,0,0,0,0,0,0,1,0.0,24,18:26,3,3,0,0,
161,2015-01-06,31,29-147,DAL,,CBJ,L,0,1,1,-1,0,0,0,0,0,1,0,0,2,0.0,23,14:45,1,0,0,0,
162,2015-01-08,32,29-149,DAL,@,NSH,L-OT,0,0,0,0,0,0,0,0,0,0,0,0,0,,19,14:05,0,2,0,0,
163,2015-01-10,33,29-151,DAL,@,COL,L,0,0,0,0,0,0,0,0,0,0,0,0,0,,18,10:33,0,0,0,0,
164,2015-01-13,34,29-154,DAL,,OTT,W,0,0,0,0,0,0,0,0,0,0,0,0,2,0.0,22,11:49,3,2,0,0,
165,2015-01-15,35,29-156,DAL,,WPG,L,0,0,0,1,2,0,0,0,0,0,0,0,3,0.0,23,14:31,3,0,0,0,
166,2015-01-17,36,29-158,DAL,,WSH,W,0,1,1,-1,0,0,0,0,0,1,0,0,5,0.0,24,16:23,4,3,0,0,
167,2015-01-18,37,29-159,DAL,@,CHI,W,0,0,0,1,4,0,0,0,0,0,0,0,5,0.0,23,14:36,1,0,1,0,100.0
168,2015-01-20,38,29-161,DAL,,BOS,L,0,0,0,0,0,0,0,0,0,0,0,0,3,0.0,23,13:09,0,3,0,1,0.0
169,2015-01-27,39,29-168,DAL,@,MTL,L,0,0,0,-1,2,0,0,0,0,0,0,0,7,0.0,19,12:04,2,0,1,0,100.0
170,2015-01-29,40,29-170,DAL,@,OTT,W,0,0,0,2,4,0,0,0,0,0,0,0,3,0.0,20,14:42,2,1,0,0,
171,2015-01-31,41,29-172,DAL,@,WPG,W,0,0,0,0,5,0,0,0,0,0,0,0,3,0.0,23,14:47,1,2,0,1,0.0
172,2015-02-03,42,29-175,DAL,,COL,L-SO,0,0,0,0,0,0,0,0,0,0,0,0,3,0.0,24,15:51,2,1,0,0,
173,2015-02-05,43,29-177,DAL,,TBL,L,0,0,0,0,0,0,0,0,0,0,0,0,2,0.0,22,13:55,2,0,0,0,
174,2015-02-07,44,29-179,DAL,@,BUF,L,0,1,1,0,2,0,0,0,0,1,0,0,5,0.0,21,13:02,0,1,0,0,
175,2015-02-08,45,29-180,DAL,@,NYR,W,0,0,0,-1,0,0,0,0,0,0,0,0,0,,23,14:51,1,1,1,0,100.0
176,2015-02-10,46,29-182,DAL,@,BOS,W,0,0,0,-1,4,0,0,0,0,0,0,0,0,,21,13:12,1,0,0,0,
177,2015-02-13,47,29-185,DAL,,FLA,W,0,0,0,1,0,0,0,0,0,0,0,0,3,0.0,26,17:22,2,1,0,0,
178,2015-02-14,48,29-186,DAL,@,COL,L,0,0,0,-2,2,0,0,0,0,0,0,0,0,,17,10:41,2,1,0,0,
179,2015-02-17,49,29-189,DAL,@,STL,W,0,1,1,0,0,0,0,0,0,1,0,0,2,0.0,26,17:40,0,3,0,0,
180,2015-02-19,50,29-191,DAL,,SJS,L,0,0,0,-2,2,0,0,0,0,0,0,0,1,0.0,16,7:54,4,0,0,1,0.0
181,2015-02-21,51,29-193,DAL,,DET,L-OT,0,1,1,1,0,0,0,0,0,1,0,0,4,0.0,21,12:44,0,0,0,0,
182,2015-02-22,52,29-194,DAL,@,MIN,L,0,0,0,-2,0,0,0,0,0,0,0,0,0,,23,13:05,0,,,,
183,2015-02-24,53,29-196,DAL,@,WPG,L,0,0,0,-1,0,0,0,0,0,0,0,0,1,0.0,19,13:33,0,0,0,0,
184,2015-02-27,54,29-199,DAL,,COL,L-SO,0,1,1,0,0,0,0,0,0,1,0,0,1,0.0,24,14:16,0,0,0,0,
185,2015-03-01,55,29-201,DAL,,ANA,L,0,0,0,-1,0,0,0,0,0,0,0,0,3,0.0,22,14:18,0,0,0,0,
186,2015-03-03,56,29-203,DAL,,NYI,W,0,1,1,0,0,0,0,0,0,1,0,0,0,,20,14:11,2,0,0,0,
187,2015-03-05,57,29-205,DAL,@,FLA,W,0,0,0,-1,0,0,0,0,0,0,0,0,6,0.0,22,14:26,1,0,0,0,
188,2015-03-07,58,29-207,DAL,@,TBL,L,0,0,0,0,0,0,0,0,0,0,0,0,5,0.0,22,13:57,0,0,0,0,
189,2015-03-10,59,29-210,DAL,@,PHI,W,0,1,1,0,0,0,0,0,0,1,0,0,3,0.0,20,14:01,1,0,0,0,
190,2015-03-19,60,29-219,DAL,,PIT,W,0,0,0,0,0,0,0,0,0,0,0,0,1,0.0,18,10:51,1,3,0,0,
191,2015-03-28,61,29-228,DAL,@,VAN,W,0,0,0,-1,0,0,0,0,0,0,0,0,0,,17,9:16,1,1,0,0,
192,2015-03-30,62,29-230,DAL,,CGY,L,0,0,0,1,0,0,0,0,0,0,0,0,1,0.0,20,11:16,0,0,0,0,
193,2015-04-03,63,29-234,DAL,,STL,L,0,1,1,0,0,0,0,0,0,1,0,0,0,,23,12:13,0,0,1,0,100.0
194,2015-04-04,64,29-235,DAL,@,NSH,W,0,0,0,0,2,0,0,0,0,0,0,0,2,0.0,26,16:33,0,2,0,0,
195,2015-04-06,65,29-237,DAL,@,SJS,W,1,0,1,1,2,1,0,0,0,0,0,0,1,100.0,19,12:19,2,0,1,1,50.0
196,2015-04-08,66,29-239,DAL,@,ANA,W,0,1,1,1,0,0,0,0,0,1,0,0,4,0.0,22,11:37,1,0,0,0,
197,2015-04-11,67,29-242,DAL,,NSH,W,0,0,0,-1,0,0,0,0,0,0,0,0,1,0.0,17,12:33,0,1,0,0,
198,2015-10-07,1,30-056,CHI,,NYR,L,0,0,0,-1,0,0,0,0,0,0,0,0,3,0.0,16,11:13,5,0,0,0,
199,2015-10-09,2,30-058,CHI,@,NYI,W,0,0,0,0,0,0,0,0,0,0,0,0,4,0.0,22,11:44,6,1,0,0,
200,2015-10-10,3,30-059,CHI,,NYI,W,0,0,0,0,0,0,0,0,0,0,0,0,2,0.0,17,12:20,4,1,0,0,
201,2015-10-14,4,30-063,CHI,@,PHI,L,0,0,0,0,2,0,0,0,0,0,0,0,0,,13,7:24,3,0,0,0,
202,2015-10-17,5,30-066,CHI,,CBJ,W,0,0,0,0,0,0,0,0,0,0,0,0,1,0.0,18,12:01,4,0,0,0,
203,2015-10-22,6,30-071,CHI,,FLA,W,0,0,0,0,0,0,0,0,0,0,0,0,1,0.0,15,8:21,4,0,0,0,
204,2015-10-24,7,30-073,CHI,,TBL,W,0,0,0,0,0,0,0,0,0,0,0,0,6,0.0,17,9:51,4,0,0,0,
205,2015-10-26,8,30-075,CHI,,ANA,W,0,0,0,0,7,0,0,0,0,0,0,0,1,0.0,19,12:16,2,0,0,0,
206,2015-10-29,9,30-078,CHI,@,WPG,L,0,0,0,0,2,0,0,0,0,0,0,0,5,0.0,19,10:49,2,0,0,0,
207,2015-10-30,10,30-079,CHI,@,MIN,L,0,1,1,-2,0,0,0,0,0,1,0,0,2,0.0,22,16:47,0,0,0,0,
208,2015-11-02,11,30-082,CHI,,LAK,W,0,1,1,1,2,0,0,0,0,1,0,0,1,0.0,26,17:13,4,0,0,0,
209,2015-11-04,12,30-084,CHI,,STL,L-OT,0,0,0,-2,0,0,0,0,0,0,0,0,3,0.0,24,14:09,2,0,0,0,
210,2015-11-06,13,30-086,CHI,@,NJD,L,0,0,0,-1,2,0,0,0,0,0,0,0,2,0.0,18,11:28,0,0,0,0,
211,2015-11-14,14,30-094,CHI,@,STL,W,0,0,0,0,0,0,0,0,0,0,0,0,1,0.0,15,9:01,1,0,0,1,0.0
212,2015-11-15,15,30-095,CHI,,CGY,W,0,0,0,0,0,0,0,0,0,0,0,0,2,0.0,16,10:14,8,0,0,0,
213,2015-11-18,16,30-098,CHI,@,EDM,W,0,0,0,0,2,0,0,0,0,0,0,0,1,0.0,18,9:36,3,0,0,0,
214,2015-11-20,17,30-100,CHI,@,CGY,L-OT,0,0,0,0,0,0,0,0,0,0,0,0,0,,13,10:12,0,0,0,0,
215,2015-11-21,18,30-101,CHI,@,VAN,L,1,0,1,1,2,1,0,0,0,0,0,0,4,25.0,20,14:09,1,0,0,0,
216,2015-11-25,19,30-105,CHI,@,SJS,W,0,1,1,1,2,0,0,0,0,1,0,0,1,0.0,19,11:37,3,2,0,0,
217,2015-11-27,20,30-107,CHI,@,ANA,W,0,0,0,0,0,0,0,0,0,0,0,0,1,0.0,20,11:49,0,0,0,0,
218,2015-11-28,21,30-108,CHI,@,LAK,L-OT,0,0,0,0,0,0,0,0,0,0,0,0,1,0.0,22,16:08,4,3,0,0,
219,2015-12-01,22,30-111,CHI,,MIN,L,0,0,0,-1,0,0,0,0,0,0,0,0,1,0.0,15,9:32,0,0,0,0,
220,2015-12-03,23,30-113,CHI,@,OTT,L-OT,0,0,0,0,0,0,0,0,0,0,0,0,1,0.0,17,10:03,2,1,0,0,
221,2015-12-06,24,30-116,CHI,,WPG,W,0,0,0,-1,2,0,0,0,0,0,0,0,5,0.0,15,11:08,5,0,0,0,
222,2015-12-08,25,30-118,CHI,,NSH,W,0,0,0,0,0,0,0,0,0,0,0,0,0,,14,9:38,1,0,0,0,
223,2015-12-10,26,30-120,CHI,@,NSH,L,0,0,0,0,0,0,0,0,0,0,0,0,1,0.0,17,11:42,1,0,0,0,
224,2015-12-17,27,30-127,CHI,,EDM,W,0,0,0,0,0,0,0,0,0,0,0,0,2,0.0,16,9:39,1,0,0,0,
225,2015-12-19,28,30-129,CHI,@,BUF,W,0,0,0,-1,2,0,0,0,0,0,0,0,5,0.0,21,13:13,0,0,0,0,
226,2015-12-20,29,30-130,CHI,,SJS,W,0,0,0,0,0,0,0,0,0,0,0,0,3,0.0,20,10:02,3,0,0,0,
227,2015-12-22,30,30-132,CHI,@,DAL,L,0,0,0,-1,0,0,0,0,0,0,0,0,1,0.0,17,13:06,0,1,0,0,
228,2015-12-27,31,30-137,CHI,,CAR,L,0,0,0,-1,0,0,0,0,0,0,0,0,2,0.0,14,8:48,1,0,0,0,
229,2015-12-29,32,30-139,CHI,@,ARI,W,0,0,0,-1,0,0,0,0,0,0,0,0,1,0.0,9,5:50,0,0,0,0,
230,2015-12-31,33,30-141,CHI,@,COL,W,0,0,0,0,0,0,0,0,0,0,0,0,0,,9,5:46,1,0,0,0,
231,2016-01-03,34,30-144,CHI,,OTT,W,0,0,0,0,0,0,0,0,0,0,0,0,0,,13,8:32,2,1,0,0,
232,2016-01-05,35,30-146,CHI,@,PIT,W,0,0,0,0,0,0,0,0,0,0,0,0,1,0.0,10,7:04,0,0,0,0,
233,2016-01-06,36,30-147,CHI,,PIT,W,0,0,0,0,0,0,0,0,0,0,0,0,3,0.0,8,5:38,1,0,0,0,
234,2016-01-08,37,30-149,CHI,,BUF,W,0,0,0,0,0,0,0,0,0,0,0,0,0,,10,5:21,3,0,0,0,
235,2016-01-10,38,30-151,CHI,,COL,W,0,1,1,1,0,0,0,0,0,1,0,0,4,0.0,15,8:59,1,0,0,0,
236,2016-01-12,39,30-153,CHI,,NSH,W,0,0,0,0,0,0,0,0,0,0,0,0,0,,9,5:58,1,0,0,0,
237,2016-01-14,40,30-155,CHI,@,MTL,W,1,0,1,1,0,1,0,0,1,0,0,0,2,50.0,16,10:15,5,0,0,1,0.0
238,2016-01-15,41,30-156,CHI,@,TOR,W,0,0,0,-1,0,0,0,0,0,0,0,0,5,0.0,15,7:45,1,0,0,0,
239,2016-01-17,42,30-158,CHI,,MTL,W,0,0,0,1,0,0,0,0,0,0,0,0,2,0.0,14,9:34,2,0,0,0,
240,2016-01-19,43,30-160,CHI,@,NSH,W,0,0,0,0,2,0,0,0,0,0,0,0,2,0.0,12,8:09,3,0,0,0,
241,2016-01-23,44,30-164,ANA,@,DET,W,0,0,0,-1,0,0,0,0,0,0,0,0,0,,13,8:10,1,0,0,0,
242,2016-01-26,45,30-167,ANA,@,BOS,W,0,1,1,1,0,0,0,0,0,1,0,0,1,0.0,17,8:24,1,0,0,0,
243,2016-02-02,46,30-174,ANA,,SJS,W,1,0,1,0,0,1,0,0,1,0,0,0,1,100.0,13,6:02,0,0,0,0,
244,2016-02-04,47,30-176,ANA,@,LAK,W,1,0,1,0,0,1,0,0,1,0,0,0,3,33.3,17,12:03,2,0,0,0,
245,2016-02-05,48,30-177,ANA,,ARI,W,0,0,0,1,0,0,0,0,0,0,0,0,2,0.0,19,12:52,0,1,0,1,0.0
246,2016-02-08,49,30-180,ANA,@,PIT,L,0,0,0,-2,0,0,0,0,0,0,0,0,2,0.0,15,12:00,1,0,0,0,
247,2016-02-09,50,30-181,ANA,@,PHI,W,0,0,0,0,0,0,0,0,0,0,0,0,1,0.0,15,11:26,1,1,0,0,
248,2016-02-11,51,30-183,ANA,@,CBJ,L-SO,1,0,1,1,0,1,0,0,0,0,0,0,1,100.0,18,12:18,2,0,0,0,
249,2016-02-13,52,30-185,ANA,@,CHI,W,0,0,0,-1,0,0,0,0,0,0,0,0,2,0.0,16,9:49,3,0,0,0,
250,2016-02-15,53,30-187,ANA,@,CGY,W,0,0,0,1,0,0,0,0,0,0,0,0,1,0.0,19,12:28,2,0,0,1,0.0
251,2016-02-16,54,30-188,ANA,@,EDM,W,0,0,0,1,0,0,0,0,0,0,0,0,3,0.0,19,11:41,1,1,0,0,
252,2016-02-18,55,30-190,ANA,@,VAN,W,0,0,0,0,0,0,0,0,0,0,0,0,1,0.0,16,11:01,2,0,0,0,
253,2016-02-21,56,30-193,ANA,,CGY,W,0,0,0,0,0,0,0,0,0,0,0,0,0,,15,10:04,2,1,0,0,
254,2016-02-24,57,30-196,ANA,,BUF,W,0,0,0,0,0,0,0,0,0,0,0,0,2,0.0,17,11:07,5,0,1,0,100.0
255,2016-02-26,58,30-198,ANA,,EDM,W,0,0,0,-1,0,0,0,0,0,0,0,0,1,0.0,17,11:55,2,1,0,1,0.0
256,2016-02-28,59,30-200,ANA,,LAK,W,0,0,0,0,0,0,0,0,0,0,0,0,3,0.0,19,13:16,4,1,0,0,
257,2016-03-02,60,30-203,ANA,,MTL,W,0,0,0,0,2,0,0,0,0,0,0,0,0,,17,13:12,4,0,0,0,
258,2016-03-03,61,30-204,ANA,@,ARI,W,0,0,0,0,7,0,0,0,0,0,0,0,1,0.0,16,11:56,2,0,0,1,0.0
259,2016-03-05,62,30-206,ANA,@,LAK,W,0,0,0,0,2,0,0,0,0,0,0,0,0,,17,8:34,0,0,0,0,
260,2016-03-07,63,30-208,ANA,,WSH,L-SO,0,0,0,0,0,0,0,0,0,0,0,0,0,,17,10:15,0,0,0,0,
261,2016-03-09,64,30-210,ANA,@,COL,L,0,0,0,0,0,0,0,0,0,0,0,0,3,0.0,21,13:09,2,1,0,0,
262,2016-03-11,65,30-212,ANA,@,STL,L,0,0,0,-2,0,0,0,0,0,0,0,0,0,,16,10:27,2,0,0,0,
263,2016-03-14,66,30-215,ANA,,NJD,W,0,0,0,1,2,0,0,0,0,0,0,0,0,,20,15:08,3,0,0,0,
264,2016-03-16,67,30-217,ANA,,NYR,L,0,0,0,-1,0,0,0,0,0,0,0,0,2,0.0,15,8:39,0,1,0,0,
265,2016-03-18,68,30-219,ANA,,BOS,W,0,0,0,1,0,0,0,0,0,0,0,0,1,0.0,16,11:17,0,2,0,0,
266,2016-03-20,69,30-221,ANA,@,WPG,W,0,0,0,-1,0,0,0,0,0,0,0,0,2,0.0,21,14:11,3,0,0,0,
267,2016-03-22,70,30-223,ANA,@,MTL,L,0,0,0,-1,0,0,0,0,0,0,0,0,2,0.0,13,9:17,3,0,0,0,
268,2016-03-24,71,30-225,ANA,@,TOR,L-OT,1,0,1,0,0,0,0,1,0,0,0,0,3,33.3,16,11:19,3,0,0,0,
269,2016-03-26,72,30-227,ANA,@,OTT,W,0,0,0,-1,0,0,0,0,0,0,0,0,2,0.0,17,13:22,3,1,0,0,
270,2016-03-28,73,30-229,ANA,@,EDM,W,0,0,0,0,2,0,0,0,0,0,0,0,1,0.0,16,10:33,2,2,0,0,
271,2016-03-30,74,30-231,ANA,,CGY,W,0,1,1,0,2,0,0,0,0,1,0,0,1,0.0,19,13:24,1,0,0,0,
272,2016-04-01,75,30-233,ANA,,VAN,L,0,0,0,0,0,0,0,0,0,0,0,0,4,0.0,17,12:10,0,1,0,0,
273,2016-04-03,76,30-235,ANA,,DAL,W,0,0,0,0,0,0,0,0,0,0,0,0,3,0.0,17,10:36,0,1,0,0,
274,2016-04-05,77,30-237,ANA,,WPG,L-OT,0,0,0,0,0,0,0,0,0,0,0,0,0,,17,12:08,3,0,0,0,
275,2016-04-07,78,30-239,ANA,@,LAK,L,0,0,0,0,0,0,0,0,0,0,0,0,1,0.0,19,14:16,7,0,0,0,
276,2016-04-09,79,30-241,ANA,@,COL,W,1,0,1,-1,4,1,0,0,0,0,0,0,1,100.0,20,11:27,1,1,0,1,0.0
277,2016-04-10,80,30-242,ANA,@,WSH,W,0,1,1,1,0,0,0,0,0,1,0,0,1,0.0,18,12:49,3,2,0,0,
278,2016-10-13,1,31-062,ANA,@,DAL,L,0,0,0,-1,0,0,0,0,0,0,0,0,0,,15,8:24,2,0,0,0,
279,2016-10-15,2,31-064,ANA,@,PIT,L,0,0,0,-2,0,0,0,0,0,0,0,0,0,,12,8:50,1,2,0,0,
280,2016-10-16,3,31-065,ANA,@,NYI,L-OT,0,0,0,0,0,0,0,0,0,0,0,0,1,0.0,10,5:46,1,0,2,0,100.0
281,2016-10-18,4,31-067,ANA,@,NJD,L,0,0,0,0,0,0,0,0,0,0,0,0,0,,22,12:11,0,0,0,1,0.0
282,2016-10-20,5,31-069,ANA,@,PHI,W,1,0,1,0,0,1,0,0,1,0,0,0,1,100.0,20,11:07,3,1,0,0,
283,2016-10-23,6,31-072,ANA,,VAN,W,0,0,0,1,0,0,0,0,0,0,0,0,3,0.0,23,14:08,3,0,0,0,
284,2016-10-25,7,31-074,ANA,@,SJS,L-OT,0,0,0,1,2,0,0,0,0,0,0,0,0,,20,11:12,4,2,0,0,
285,2016-10-26,8,31-075,ANA,,NSH,W,0,1,1,1,0,0,0,0,0,0,0,1,2,0.0,25,16:15,1,1,0,0,
286,2016-10-28,9,31-077,ANA,,CBJ,L,0,0,0,0,2,0,0,0,0,0,0,0,3,0.0,17,11:28,4,0,0,0,
287,2016-11-01,10,31-081,ANA,@,LAK,W,0,0,0,0,0,0,0,0,0,0,0,0,1,0.0,15,11:58,2,1,0,0,
288,2016-11-02,11,31-082,ANA,,PIT,L,0,0,0,-1,0,0,0,0,0,0,0,0,2,0.0,16,10:45,1,0,0,0,
289,2016-11-04,12,31-084,ANA,,ARI,W,0,0,0,0,0,0,0,0,0,0,0,0,2,0.0,18,13:12,2,0,1,1,50.0
290,2016-11-06,13,31-086,ANA,,CGY,W,0,0,0,0,2,0,0,0,0,0,0,0,1,0.0,16,12:05,1,1,2,1,66.7
291,2016-11-09,14,31-089,ANA,@,CBJ,L-OT,0,0,0,-1,4,0,0,0,0,0,0,0,0,,9,3:39,0,0,0,0,
292,2016-11-10,15,31-090,ANA,@,CAR,W,0,0,0,0,0,0,0,0,0,0,0,0,0,,13,7:29,3,1,0,0,
293,2016-11-12,16,31-092,ANA,@,NSH,L,0,0,0,-1,2,0,0,0,0,0,0,0,1,0.0,18,9:54,2,0,0,0,
294,2016-11-15,17,31-095,ANA,,EDM,W,0,0,0,0,0,0,0,0,0,0,0,0,1,0.0,12,6:53,3,0,0,1,0.0
295,2016-11-17,18,31-097,ANA,,NJD,W,0,0,0,-1,0,0,0,0,0,0,0,0,0,,9,5:46,1,0,0,0,
296,2016-11-20,19,31-100,ANA,,LAK,L,0,0,0,0,0,0,0,0,0,0,0,0,0,,10,6:00,0,0,0,0,
297,2016-11-22,20,31-102,ANA,,NYI,L-SO,0,0,0,0,0,0,0,0,0,0,0,0,2,0.0,12,7:22,0,1,0,0,
298,2016-11-25,21,31-105,ANA,,CHI,L,0,0,0,0,0,0,0,0,0,0,0,0,2,0.0,11,6:52,1,0,0,0,
299,2016-11-26,22,31-106,ANA,@,SJS,W,1,0,1,1,2,1,0,0,0,0,0,0,1,100.0,12,5:31,4,1,0,0,
300,2016-11-29,23,31-109,ANA,,MTL,W,0,0,0,0,0,0,0,0,0,0,0,0,2,0.0,14,9:07,4,0,0,0,
301,2016-12-01,24,31-111,ANA,@,VAN,W,0,0,0,1,2,0,0,0,0,0,0,0,0,,12,5:50,3,1,0,0,
302,2016-12-03,25,31-113,ANA,@,EDM,L-OT,0,0,0,-1,0,0,0,0,0,0,0,0,1,0.0,15,7:32,4,0,0,0,
303,2016-12-04,26,31-114,ANA,@,CGY,L,0,0,0,1,2,0,0,0,0,0,0,0,0,,15,9:55,0,0,2,0,100.0
304,2016-12-07,27,31-117,ANA,,CAR,W,0,0,0,-1,2,0,0,0,0,0,0,0,0,,16,8:06,3,0,0,0,
