,date_game,game_season,age,team_id,game_location,opp_id,game_result,goals,assists,points,plus_minus,pen_min,goals_ev,goals_pp,goals_sh,goals_gw,assists_ev,assists_pp,assists_sh,shots,shot_pct,shifts,time_on_ice,hits_all,blocks_all,faceoff_wins_all,faceoff_losses_all,faceoff_percentage_all
0,2009-10-02,1,25-074,NYR,@,PIT,L,0,0,0,2,0,0,0,0,0,,,,0,,26,19:58,0,0,0,0,
1,2009-10-03,2,25-075,NYR,,OTT,W,0,0,0,-1,0,0,0,0,0,,,,1,0.0,20,15:39,0,1,0,0,
2,2009-10-05,3,25-077,NYR,@,NJD,W,1,0,1,1,0,1,0,0,1,,,,6,16.7,25,18:52,0,0,0,0,
3,2009-10-08,4,25-080,NYR,@,WSH,W,0,0,0,-1,0,0,0,0,0,,,,1,0.0,31,21:33,1,2,0,0,
4,2009-10-11,5,25-083,NYR,,ANA,W,0,0,0,0,2,0,0,0,0,,,,1,0.0,24,18:05,1,1,0,0,
5,2009-10-12,6,25-084,NYR,,TOR,W,0,0,0,2,0,0,0,0,0,,,,1,0.0,27,18:56,1,3,0,0,
6,2009-10-14,7,25-086,NYR,,LAK,W,0,0,0,1,0,0,0,0,0,,,,0,,28,21:37,0,2,0,0,
7,2009-10-17,8,25-089,NYR,@,TOR,W,0,0,0,1,0,0,0,0,0,,,,3,0.0,23,18:39,2,3,0,0,
8,2009-10-19,9,25-091,NYR,,SJS,L,0,1,1,0,0,0,0,0,0,,,,2,0.0,29,18:21,1,0,0,0,
9,2009-10-22,10,25-094,NYR,,NJD,L,0,0,0,0,0,0,0,0,0,,,,1,0.0,25,20:05,0,0,0,0,
10,2009-10-24,11,25-096,NYR,@,MTL,L-OT,1,0,1,-1,0,1,0,0,0,,,,5,20.0,29,19:42,2,0,0,0,
11,2009-10-26,12,25-098,NYR,,PHX,W,0,0,0,1,0,0,0,0,0,,,,1,0.0,20,15:00,3,2,0,0,
12,2009-10-28,13,25-100,NYR,@,NYI,L,0,0,0,0,0,0,0,0,0,,,,0,,20,13:31,2,3,0,0,
13,2009-10-30,14,25-102,NYR,@,MIN,L,0,0,0,1,0,0,0,0,0,,,,0,,28,16:42,1,1,0,0,
14,2009-11-01,15,25-104,NYR,,BOS,W,0,0,0,0,0,0,0,0,0,,,,1,0.0,27,22:07,0,1,0,0,
15,2009-11-03,16,25-106,NYR,@,VAN,L,0,0,0,0,0,0,0,0,0,,,,0,,31,22:49,0,3,0,0,
16,2009-11-05,17,25-108,NYR,@,EDM,W,0,1,1,0,0,0,0,0,0,,,,5,0.0,27,21:06,1,2,0,0,
17,2009-11-07,18,25-110,NYR,@,CGY,L,0,0,0,0,0,0,0,0,0,,,,1,0.0,25,17:53,0,1,0,0,
18,2009-11-12,19,25-115,NYR,,ATL,L,0,0,0,1,0,0,0,0,0,,,,1,0.0,27,23:01,2,0,0,0,
19,2009-11-14,20,25-117,NYR,@,OTT,W,0,0,0,0,0,0,0,0,0,,,,2,0.0,25,19:59,1,1,0,0,
20,2009-11-17,21,25-120,NYR,,WSH,L,0,0,0,-1,0,0,0,0,0,,,,0,,25,19:31,0,0,0,0,
21,2009-11-21,22,25-124,NYR,,FLA,L,0,0,0,-2,0,0,0,0,0,,,,1,0.0,21,17:37,0,1,0,0,
22,2009-11-23,23,25-126,NYR,,CBJ,W,1,0,1,0,0,1,0,0,0,,,,2,50.0,25,19:38,0,2,0,0,
23,2009-11-25,24,25-128,NYR,@,FLA,W,0,0,0,0,17,0,0,0,0,,,,2,0.0,18,13:15,0,0,0,0,
24,2009-11-27,25,25-130,NYR,@,TBL,L,0,0,0,-1,0,0,0,0,0,,,,0,,24,18:30,0,2,0,0,
25,2009-11-28,26,25-131,NYR,@,PIT,L,1,0,1,0,0,1,0,0,0,,,,1,100.0,21,16:23,1,1,0,0,
26,2009-11-30,27,25-133,NYR,,PIT,L,0,0,0,-1,0,0,0,0,0,,,,1,0.0,19,14:28,0,1,0,0,
27,2009-12-05,28,25-138,NYR,@,BUF,W,0,0,0,1,0,0,0,0,0,,,,1,0.0,17,12:53,1,0,0,0,
28,2009-12-06,29,25-139,NYR,,DET,L,0,0,0,0,0,0,0,0,0,,,,1,0.0,23,13:57,4,2,0,0,
29,2009-12-09,30,25-142,NYR,@,CHI,L-OT,0,0,0,-1,0,0,0,0,0,,,,0,,17,14:32,1,1,0,0,
30,2009-12-21,31,25-154,NYR,@,CAR,W,0,0,0,1,2,0,0,0,0,,,,1,0.0,22,15:36,2,3,0,0,
31,2009-12-23,32,25-156,NYR,,FLA,W,0,0,0,1,0,0,0,0,0,,,,2,0.0,24,18:39,4,0,0,0,
32,2009-12-26,33,25-159,NYR,,NYI,L-OT,0,0,0,1,0,0,0,0,0,,,,1,0.0,21,19:27,0,3,0,0,
33,2009-12-30,34,25-163,NYR,,PHI,L,0,0,0,-2,0,0,0,0,0,,,,2,0.0,26,19:57,2,0,0,0,
34,2009-12-31,35,25-164,NYR,@,CAR,W,0,0,0,0,0,0,0,0,0,,,,0,,18,13:12,2,2,0,0,
35,2010-01-02,36,25-166,NYR,,CAR,L-OT,0,0,0,0,0,0,0,0,0,,,,0,,17,15:39,1,0,0,0,
36,2010-01-04,37,25-168,NYR,,BOS,W,0,0,0,-1,0,0,0,0,0,,,,1,0.0,20,15:10,0,2,0,0,
37,2010-01-06,38,25-170,NYR,,DAL,W,0,1,1,1,0,0,0,0,0,,,,1,0.0,22,16:07,1,0,0,0,
38,2010-01-07,39,25-171,NYR,@,ATL,L-SO,0,0,0,0,0,0,0,0,0,,,,2,0.0,19,17:32,2,2,0,0,
39,2010-01-09,40,25-173,NYR,@,BOS,W,0,0,0,1,0,0,0,0,0,,,,1,0.0,16,16:13,2,1,0,0,
40,2010-01-12,41,25-176,NYR,,NJD,L-SO,0,0,0,0,0,0,0,0,0,,,,4,0.0,21,16:31,1,2,0,0,
41,2010-01-14,42,25-178,NYR,,OTT,L,0,0,0,0,0,0,0,0,0,,,,1,0.0,21,17:00,0,0,0,0,
42,2010-01-16,43,25-180,NYR,@,STL,L,0,0,0,1,0,0,0,0,0,,,,0,,20,15:25,0,0,0,0,
43,2010-01-17,44,25-181,NYR,,MTL,W,0,0,0,0,0,0,0,0,0,,,,0,,24,18:00,1,2,0,0,
44,2010-01-19,45,25-183,NYR,,TBL,W,0,2,2,1,0,0,0,0,0,,,,2,0.0,23,19:03,0,0,0,0,
45,2010-01-21,46,25-185,NYR,@,PHI,L,0,0,0,0,0,0,0,0,0,,,,1,0.0,21,13:21,0,0,0,0,
46,2010-01-23,47,25-187,NYR,@,MTL,L,0,0,0,-1,0,0,0,0,0,,,,1,0.0,20,15:44,0,1,0,0,
47,2010-01-25,48,25-189,NYR,,PIT,L,0,0,0,0,0,0,0,0,0,,,,0,,19,15:15,1,5,0,0,
48,2010-01-27,49,25-191,NYR,,CAR,L,0,0,0,-1,0,0,0,0,0,,,,1,0.0,19,16:37,0,1,0,0,
49,2010-01-30,50,25-194,NYR,@,PHX,L,0,0,0,0,0,0,0,0,0,,,,1,0.0,19,14:34,0,2,0,0,
50,2010-01-31,51,25-195,NYR,@,COL,W,0,0,0,0,0,0,0,0,0,,,,0,,17,10:27,1,3,1,0,100.0
51,2010-02-02,52,25-197,NYR,@,LAK,L,0,0,0,0,0,0,0,0,0,,,,0,,16,12:11,0,1,0,0,
52,2010-02-04,53,25-199,NYR,,WSH,L,0,1,1,-1,0,0,0,0,0,,,,4,0.0,20,14:06,3,0,0,0,
53,2010-02-06,54,25-201,NYR,,NJD,W,0,1,1,1,0,0,0,0,0,,,,3,0.0,19,14:00,0,1,0,0,
54,2010-02-10,55,25-205,NYR,,NSH,L,0,0,0,-1,0,0,0,0,0,,,,2,0.0,17,12:22,0,1,0,0,
55,2010-02-12,56,25-207,NYR,@,PIT,W,0,1,1,1,0,0,0,0,0,,,,0,,18,16:55,1,2,0,0,
56,2010-02-14,57,25-209,NYR,,TBL,W,0,0,0,-1,0,0,0,0,0,,,,0,,19,15:35,1,0,0,0,
57,2010-03-02,58,25-225,NYR,@,OTT,W,0,0,0,0,0,0,0,0,0,,,,2,0.0,21,15:45,0,0,0,0,
58,2010-03-04,59,25-227,NYR,,PIT,L-OT,0,1,1,0,0,0,0,0,0,,,,0,,18,12:52,0,1,0,0,
59,2010-03-06,60,25-229,NYR,@,WSH,L,0,0,0,0,0,0,0,0,0,,,,0,,22,16:11,0,1,0,0,
60,2010-03-07,61,25-230,NYR,,BUF,L-OT,0,0,0,-1,0,0,0,0,0,,,,1,0.0,19,15:51,3,1,0,0,
61,2010-03-10,62,25-233,NYR,@,NJD,L,0,0,0,0,0,0,0,0,0,,,,0,,23,17:51,1,0,0,0,
62,2010-03-12,63,25-235,NYR,@,ATL,W,0,0,0,0,0,0,0,0,0,,,,4,0.0,19,13:56,1,1,0,0,
63,2010-03-14,64,25-237,NYR,,PHI,W,0,0,0,1,0,0,0,0,0,,,,0,,15,7:52,1,0,0,0,
64,2010-03-16,65,25-239,NYR,,MTL,L,0,1,1,0,0,0,0,0,0,,,,0,,15,15:06,0,0,0,0,
65,2010-03-18,66,25-241,NYR,,STL,L,0,0,0,-2,0,0,0,0,0,,,,0,,11,8:52,0,,,,
66,2010-03-21,67,25-244,NYR,@,BOS,L,0,0,0,-1,0,0,0,0,0,,,,1,0.0,14,9:59,0,0,0,0,
67,2010-03-24,68,25-247,NYR,,NYI,W,0,1,1,1,0,0,0,0,0,,,,1,0.0,19,12:33,0,2,0,0,
68,2010-03-25,69,25-248,NYR,@,NJD,W,0,0,0,-1,2,0,0,0,0,,,,1,0.0,15,10:05,1,1,0,0,
69,2010-10-15,1,26-087,NYR,,TOR,L-OT,0,0,0,0,0,0,0,0,0,,,,1,0.0,19,13:52,4,1,0,0,
70,2010-10-18,2,26-090,NYR,,COL,L,0,0,0,-1,0,0,0,0,0,,,,1,0.0,16,12:09,1,0,0,0,
71,2010-10-21,3,26-093,NYR,@,TOR,W,0,0,0,1,0,0,0,0,0,,,,0,,15,10:21,2,1,0,0,
72,2010-10-23,4,26-095,NYR,@,BOS,W,0,0,0,0,0,0,0,0,0,,,,1,0.0,20,12:30,1,1,0,0,
73,2010-10-24,5,26-096,NYR,,NJD,W,0,0,0,0,0,0,0,0,0,,,,0,,14,8:38,0,0,0,0,
74,2010-10-27,6,26-099,NYR,,ATL,L,0,0,0,-1,0,0,0,0,0,,,,3,0.0,20,16:36,1,1,0,0,
75,2010-10-29,7,26-101,NYR,,CAR,L,0,0,0,0,0,0,0,0,0,,,,1,0.0,17,14:30,1,0,0,0,
76,2010-10-30,8,26-102,NYR,@,TOR,W,0,0,0,0,0,0,0,0,0,,,,1,0.0,20,14:16,0,3,0,0,
77,2010-11-11,9,26-114,NYR,,BUF,W,0,0,0,0,0,0,0,0,0,,,,0,,17,13:32,1,1,0,0,
78,2010-11-14,10,26-117,NYR,,EDM,W,0,1,1,3,0,0,0,0,0,,,,0,,20,16:08,2,1,0,0,
79,2010-11-15,11,26-118,NYR,@,PIT,W,0,1,1,1,0,0,0,0,0,,,,2,0.0,14,9:15,1,0,0,0,
80,2010-11-17,12,26-120,NYR,,BOS,L,0,0,0,-1,0,0,0,0,0,,,,1,0.0,16,13:50,1,1,0,0,
81,2010-11-19,13,26-122,NYR,@,COL,L,0,0,0,0,0,0,0,0,0,,,,4,0.0,22,17:18,0,0,0,0,
82,2010-11-20,14,26-123,NYR,@,MIN,W,0,1,1,2,0,0,0,0,0,,,,2,0.0,21,16:01,0,0,0,0,
83,2010-11-22,15,26-125,NYR,,CGY,W,0,0,0,1,0,0,0,0,0,,,,0,,18,15:55,1,1,0,0,
84,2010-11-24,16,26-127,NYR,@,TBL,L,0,0,0,0,0,0,0,0,0,,,,0,,22,16:15,0,2,0,0,
85,2010-11-26,17,26-129,NYR,@,FLA,W,0,0,0,0,0,0,0,0,0,,,,1,0.0,18,12:26,0,1,0,0,
86,2010-11-27,18,26-130,NYR,@,NSH,W,0,0,0,-1,0,0,0,0,0,,,,3,0.0,8,5:14,0,1,0,0,
87,2010-12-09,19,26-142,NYR,@,OTT,W,0,0,0,1,0,0,0,0,0,,,,2,0.0,16,13:07,0,2,0,0,
88,2010-12-11,20,26-144,NYR,@,CBJ,L,0,0,0,0,0,0,0,0,0,,,,2,0.0,15,9:58,1,0,0,0,
89,2010-12-23,21,26-156,NYR,,TBL,L-SO,0,1,1,1,0,0,0,0,0,,,,0,,21,14:28,0,1,0,0,
90,2010-12-27,22,26-160,NYR,,NYI,W,2,0,2,3,0,2,0,0,1,,,,3,66.7,24,18:21,0,4,0,0,
91,2010-12-29,23,26-162,NYR,@,NJD,W,0,0,0,1,2,0,0,0,0,,,,0,,20,14:38,0,1,0,0,
92,2011-01-01,24,26-165,NYR,@,TBL,L-OT,0,0,0,-2,0,0,0,0,0,,,,2,0.0,21,14:54,1,1,0,0,
93,2011-01-05,25,26-169,NYR,,CAR,W,1,0,1,1,0,1,0,0,0,,,,3,33.3,24,14:20,0,1,0,0,
94,2011-01-07,26,26-171,NYR,@,DAL,W,0,0,0,-1,0,0,0,0,0,,,,3,0.0,22,15:26,0,1,0,0,
95,2011-01-08,27,26-172,NYR,@,STL,W,0,0,0,2,0,0,0,0,0,,,,0,,21,14:16,1,1,0,0,
96,2011-01-11,28,26-175,NYR,,MTL,L,0,1,1,-1,0,0,0,0,0,,,,4,0.0,19,15:47,1,1,0,0,
97,2011-01-13,29,26-177,NYR,,VAN,W,0,0,0,0,0,0,0,0,0,,,,1,0.0,20,15:53,2,2,0,0,
98,2011-01-15,30,26-179,NYR,@,MTL,L,0,0,0,0,0,0,0,0,0,,,,2,0.0,19,17:27,0,1,0,0,
99,2011-01-16,31,26-180,NYR,,PHI,L,0,0,0,0,2,0,0,0,0,,,,1,0.0,18,15:31,0,1,0,0,
100,2011-01-19,32,26-183,NYR,,TOR,W,0,0,0,0,2,0,0,0,0,,,,3,0.0,26,19:55,0,2,0,0,
101,2011-01-20,33,26-184,NYR,@,CAR,L,0,0,0,0,0,0,0,0,0,,,,0,,30,18:44,0,0,0,0,
102,2011-01-22,34,26-186,NYR,@,ATL,W,0,0,0,1,0,0,0,0,0,,,,2,0.0,29,22:34,0,2,0,0,
103,2011-01-24,35,26-188,NYR,@,WSH,W,0,0,0,0,0,0,0,0,0,,,,4,0.0,28,24:30,1,0,0,0,
104,2011-01-25,36,26-189,NYR,,FLA,L,0,0,0,-2,0,0,0,0,0,,,,5,0.0,23,23:47,1,0,0,0,
105,2011-02-01,37,26-196,NYR,,PIT,L-SO,0,0,0,-1,0,0,0,0,0,,,,1,0.0,17,14:11,1,0,0,0,
106,2011-02-03,38,26-198,NYR,,NJD,L,0,0,0,0,0,0,0,0,0,,,,0,,14,13:57,0,2,0,0,
107,2011-02-05,39,26-200,NYR,@,MTL,L,0,0,0,0,0,0,0,0,0,,,,3,0.0,16,9:18,1,1,0,0,
108,2011-02-07,40,26-202,NYR,@,DET,L,0,1,1,0,0,0,0,0,0,,,,3,0.0,16,15:46,1,1,0,0,
109,2011-02-11,41,26-206,NYR,@,ATL,L,0,0,0,-1,2,0,0,0,0,,,,0,,18,13:18,0,1,0,0,
110,2011-02-13,42,26-208,NYR,,PIT,W,0,0,0,-1,0,0,0,0,0,,,,0,,11,7:49,1,1,0,0,
111,2011-02-17,43,26-212,NYR,,LAK,W,0,0,0,0,0,0,0,0,0,,,,2,0.0,15,11:44,4,2,0,0,
112,2011-02-18,44,26-213,NYR,@,NJD,L,0,0,0,0,0,0,0,0,0,,,,0,,16,10:52,0,2,0,0,
113,2011-02-20,45,26-215,NYR,,PHI,L,0,0,0,0,0,0,0,0,0,,,,1,0.0,13,11:09,0,2,0,0,
114,2011-02-22,46,26-217,NYR,@,CAR,W,0,0,0,-2,0,0,0,0,0,,,,0,,19,12:12,0,1,0,0,
115,2011-02-25,47,26-220,NYR,@,WSH,W,0,1,1,2,0,0,0,0,0,,,,1,0.0,26,20:01,0,0,0,0,
116,2011-02-27,48,26-222,NYR,,TBL,L,0,0,0,0,0,0,0,0,0,,,,0,,20,13:59,0,0,0,0,
117,2011-03-01,49,26-224,NYR,,BUF,L,0,0,0,0,0,0,0,0,0,,,,1,0.0,13,11:11,0,0,0,0,
118,2011-03-03,50,26-226,NYR,,MIN,L,0,0,0,-1,0,0,0,0,0,,,,0,,15,12:16,0,0,0,0,
119,2011-03-04,51,26-227,NYR,@,OTT,W,0,0,0,0,2,0,0,0,0,,,,1,0.0,23,17:14,1,5,0,0,
120,2011-03-06,52,26-229,NYR,,PHI,W,0,1,1,1,2,0,0,0,0,,,,2,0.0,19,14:18,1,2,0,0,
121,2011-03-09,53,26-232,NYR,@,ANA,L,0,0,0,0,0,0,0,0,0,,,,0,,18,16:07,1,0,0,0,
122,2011-03-12,54,26-235,NYR,@,SJS,W,0,0,0,0,2,0,0,0,0,,,,0,,14,9:37,1,0,0,0,
123,2011-03-20,55,26-243,NYR,@,PIT,W,0,0,0,0,0,0,0,0,0,,,,0,,17,10:54,0,1,0,0,
124,2011-03-22,56,26-245,NYR,,FLA,W,0,0,0,0,0,0,0,0,0,,,,0,,15,14:08,0,4,0,0,
125,2011-04-07,57,26-261,NYR,,ATL,L,0,0,0,-1,0,0,0,0,0,,,,1,0.0,11,9:01,1,0,0,0,
126,2011-04-09,58,26-263,NYR,,NJD,W,0,0,0,1,0,0,0,0,0,,,,1,0.0,19,10:51,2,1,0,0,
127,2011-10-07,1,27-079,TBL,@,CAR,W,0,0,0,-1,0,0,0,0,0,,,,2,0.0,20,15:55,1,1,0,0,
128,2011-10-08,2,27-080,TBL,@,BOS,L,0,0,0,0,2,0,0,0,0,,,,0,,16,10:31,1,1,0,0,
129,2011-10-15,3,27-087,TBL,@,FLA,L-SO,0,0,0,0,0,0,0,0,0,,,,1,0.0,20,15:14,3,0,0,0,
130,2011-10-17,4,27-089,TBL,,FLA,L,0,2,2,3,2,0,0,0,0,,,,2,0.0,22,15:16,1,0,0,0,
131,2011-10-20,5,27-092,TBL,,NYI,W,0,0,0,-1,0,0,0,0,0,,,,2,0.0,20,17:57,0,0,0,0,
132,2011-10-22,6,27-094,TBL,,BUF,W,0,0,0,0,0,0,0,0,0,,,,1,0.0,20,14:38,3,1,0,0,
133,2011-10-25,7,27-097,TBL,@,BUF,W,0,1,1,1,0,0,0,0,0,,,,0,,21,15:22,1,1,0,0,
134,2011-10-27,8,27-099,TBL,@,NSH,L,0,0,0,-1,0,0,0,0,0,,,,1,0.0,21,16:20,2,0,0,0,
135,2011-10-29,9,27-101,TBL,,WPG,W,0,0,0,0,0,0,0,0,0,,,,1,0.0,23,16:46,2,3,0,0,
136,2011-11-01,10,27-104,TBL,@,CAR,L,0,0,0,1,0,0,0,0,0,,,,0,,21,15:35,0,2,0,0,
137,2011-11-04,11,27-107,TBL,,CHI,W,0,0,0,2,0,0,0,0,0,,,,1,0.0,28,20:00,1,4,0,0,
138,2011-11-06,12,27-109,TBL,@,FLA,W,0,1,1,2,0,0,0,0,0,,,,2,0.0,33,25:05,1,1,0,0,
139,2011-11-09,13,27-112,TBL,,PHI,W,0,0,0,0,0,0,0,0,0,,,,1,0.0,30,20:53,1,1,0,0,
140,2011-11-12,14,27-115,TBL,@,STL,L,0,0,0,0,2,0,0,0,0,,,,0,,31,19:29,0,1,0,0,
141,2011-11-14,15,27-117,TBL,@,WPG,L,0,1,1,0,0,0,0,0,0,,,,0,,23,18:43,0,0,0,0,
142,2011-11-17,16,27-120,TBL,,PIT,W,0,0,0,1,0,0,0,0,0,,,,0,,26,21:48,1,2,0,0,
143,2011-11-19,17,27-122,TBL,,NJD,L,0,0,0,0,2,0,0,0,0,,,,1,0.0,27,19:38,2,1,0,0,
144,2011-11-22,18,27-125,TBL,,TOR,L,0,0,0,-2,0,0,0,0,0,,,,4,0.0,26,20:14,1,1,0,0,
145,2011-11-25,19,27-128,TBL,@,FLA,W,0,0,0,0,0,0,0,0,0,,,,1,0.0,24,19:39,2,2,0,0,
146,2011-11-26,20,27-129,TBL,,FLA,W,0,0,0,1,0,0,0,0,0,,,,1,0.0,24,20:41,3,2,0,0,
147,2011-11-28,21,27-131,TBL,@,MIN,L,0,0,0,0,0,0,0,0,0,,,,4,0.0,24,19:00,0,3,0,0,
148,2011-11-30,22,27-133,TBL,@,DET,L,0,1,1,1,0,0,0,0,0,,,,1,0.0,23,18:37,3,0,0,0,
149,2011-12-03,23,27-136,TBL,,NYR,L,0,0,0,-1,0,0,0,0,0,,,,1,0.0,27,21:40,1,0,0,0,
150,2011-12-05,24,27-138,TBL,@,OTT,L,0,0,0,0,0,0,0,0,0,,,,3,0.0,29,23:32,1,0,0,0,
151,2011-12-06,25,27-139,TBL,@,NYI,L,0,0,0,0,0,0,0,0,0,,,,0,,30,24:19,1,0,0,0,
152,2011-12-08,26,27-141,TBL,@,NYR,W,0,0,0,0,0,0,0,0,0,,,,3,0.0,27,19:48,0,2,0,0,
153,2011-12-10,27,27-143,TBL,@,PHI,L,0,0,0,-2,0,0,0,0,0,,,,1,0.0,30,21:39,0,3,0,0,
154,2011-12-12,28,27-145,TBL,,NJD,L,0,2,2,-1,0,0,0,0,0,,,,1,0.0,24,14:49,2,1,0,0,
155,2011-12-15,29,27-148,TBL,,CGY,W,0,0,0,1,2,0,0,0,0,,,,0,,20,15:30,0,1,0,0,
156,2011-12-29,30,27-162,TBL,,MTL,W,0,1,1,0,0,0,0,0,0,,,,0,,21,15:17,2,1,0,0,
157,2011-12-31,31,27-164,TBL,,CAR,W,0,0,0,1,0,0,0,0,0,,,,1,0.0,29,18:22,1,0,0,0,
158,2012-01-03,32,27-167,TBL,@,TOR,L,0,0,0,-2,0,0,0,0,0,,,,2,0.0,28,18:14,1,3,0,0,
159,2012-01-05,33,27-169,TBL,@,OTT,L,0,1,1,-3,0,0,0,0,0,,,,7,0.0,27,19:16,1,0,0,0,
160,2012-01-07,34,27-171,TBL,@,MTL,L,0,0,0,0,0,0,0,0,0,,,,0,,30,19:31,0,0,0,0,
161,2012-01-10,35,27-174,TBL,,VAN,L-SO,0,1,1,1,0,0,0,0,0,,,,0,,31,20:35,0,2,0,0,
162,2012-01-12,36,27-176,TBL,,CAR,L,0,0,0,-1,0,0,0,0,0,,,,3,0.0,17,13:48,0,2,0,0,
163,2012-01-13,37,27-177,TBL,@,WSH,L,0,0,0,1,0,0,0,0,0,,,,1,0.0,25,18:50,1,1,0,0,
164,2012-01-15,38,27-179,TBL,,PIT,L,1,0,1,-1,0,1,0,0,0,,,,1,100.0,32,20:41,1,2,0,0,
165,2012-01-17,39,27-181,TBL,,BOS,W,0,2,2,2,0,0,0,0,0,,,,3,0.0,28,21:16,1,0,0,0,
166,2012-01-20,40,27-184,TBL,@,DAL,W,0,0,0,0,0,0,0,0,0,,,,0,,26,18:26,0,0,0,0,
167,2012-01-21,41,27-185,TBL,@,PHX,W,0,0,0,-1,0,0,0,0,0,,,,1,0.0,23,21:19,2,3,0,0,
168,2012-01-24,42,27-188,TBL,,CBJ,W,0,0,0,-1,2,0,0,0,0,,,,0,,24,18:33,1,2,0,0,
169,2012-01-31,43,27-195,TBL,,WSH,W,0,0,0,1,0,0,0,0,0,,,,1,0.0,16,14:42,0,1,0,0,
170,2012-02-02,44,27-197,TBL,,WPG,L-OT,0,0,0,1,2,0,0,0,0,,,,1,0.0,13,9:36,1,1,0,0,
171,2012-02-04,45,27-199,TBL,,FLA,W,0,0,0,-1,0,0,0,0,0,,,,0,,12,8:02,0,0,0,0,
172,2012-02-09,46,27-204,TBL,@,NYR,L-OT,0,1,1,2,0,0,0,0,0,,,,0,,15,10:49,1,1,0,0,
173,2012-02-11,47,27-206,TBL,@,BUF,W,0,0,0,1,0,0,0,0,0,,,,0,,8,7:51,0,1,0,0,
174,2012-02-16,48,27-211,TBL,,SJS,W,0,0,0,-2,0,0,0,0,0,,,,0,,23,18:51,0,1,0,0,
175,2012-02-18,49,27-213,TBL,,WSH,W,0,0,0,0,0,0,0,0,0,,,,0,,22,15:58,0,2,0,0,
176,2012-02-21,50,27-216,TBL,,ANA,W,0,1,1,0,0,0,0,0,0,,,,0,,24,17:33,0,0,0,0,
177,2012-02-23,51,27-218,TBL,@,WPG,L,0,0,0,-1,2,0,0,0,0,,,,0,,19,13:20,1,0,0,0,
178,2012-02-25,52,27-220,TBL,@,PIT,L,0,0,0,-1,0,0,0,0,0,,,,2,0.0,23,17:04,1,0,0,0,
179,2012-02-26,53,27-221,TBL,@,NJD,W,1,0,1,2,0,1,0,0,0,,,,2,50.0,20,16:40,0,0,0,0,
180,2012-02-28,54,27-223,OTT,@,BOS,W,0,0,0,0,0,0,0,0,0,,,,2,0.0,23,14:54,0,1,0,0,
181,2012-03-02,55,27-226,OTT,,CHI,L,0,1,1,0,2,0,0,0,0,,,,1,0.0,27,19:25,1,2,0,0,
182,2012-03-04,56,27-228,OTT,@,FLA,L,0,0,0,-1,0,0,0,0,0,,,,0,,23,16:40,1,0,0,0,
183,2012-03-06,57,27-230,OTT,@,TBL,W,0,0,0,1,0,0,0,0,0,,,,3,0.0,26,19:17,0,2,0,0,
184,2012-03-08,58,27-232,OTT,,NYR,W,0,0,0,2,0,0,0,0,0,,,,0,,19,13:07,0,1,0,0,
185,2012-03-10,59,27-234,OTT,,BUF,L-SO,0,0,0,-1,0,0,0,0,0,,,,3,0.0,23,18:44,1,1,0,0,
186,2012-03-14,60,27-238,OTT,@,MTL,L-SO,0,0,0,-1,0,0,0,0,0,,,,2,0.0,26,19:41,0,3,0,0,
187,2012-03-16,61,27-240,OTT,,MTL,W,0,0,0,-1,0,0,0,0,0,,,,2,0.0,17,13:41,1,2,0,0,
188,2012-03-17,62,27-241,OTT,,TOR,L,0,0,0,0,0,0,0,0,0,,,,0,,20,16:33,0,0,0,0,
189,2012-03-20,63,27-244,OTT,,NJD,L,0,0,0,0,0,0,0,0,0,,,,0,,19,18:38,0,1,0,0,
190,2012-03-23,64,27-247,OTT,@,MTL,L,0,0,0,-1,0,0,0,0,0,,,,1,0.0,22,16:05,0,0,0,0,
191,2012-04-01,65,27-256,OTT,@,NYI,W,0,0,0,1,0,0,0,0,0,,,,2,0.0,25,16:40,5,1,0,0,
192,2012-04-03,66,27-258,OTT,,CAR,L,0,0,0,-1,0,0,0,0,0,,,,1,0.0,21,18:42,1,2,0,0,
193,2012-04-07,67,27-262,OTT,@,NJD,L,1,1,2,2,0,1,0,0,0,,,,3,33.3,21,17:39,0,2,0,0,
194,2013-01-31,1,28-195,NYR,,PIT,L,0,0,0,0,0,0,0,0,0,,,,0,,14,10:26,1,0,0,0,
195,2013-02-02,2,28-197,NYR,@,TBL,W,0,0,0,0,0,0,0,0,0,,,,1,0.0,13,8:29,0,0,0,0,
196,2013-02-05,3,28-200,NYR,@,NJD,L,0,0,0,0,0,0,0,0,0,,,,0,,11,10:14,0,0,0,0,
197,2013-02-07,4,28-202,NYR,,NYI,W,0,0,0,0,0,0,0,0,0,,,,2,0.0,13,11:10,0,1,0,0,
198,2013-02-10,5,28-205,NYR,,TBL,W,0,0,0,0,0,0,0,0,0,,,,1,0.0,12,8:53,0,0,0,0,
199,2013-02-12,6,28-207,NYR,@,BOS,W,0,0,0,0,0,0,0,0,0,,,,1,0.0,6,4:16,0,0,0,0,
200,2013-02-14,7,28-209,NYR,,NYI,L-SO,0,0,0,0,0,0,0,0,0,,,,2,0.0,13,11:00,1,1,0,0,
201,2013-02-17,8,28-212,NYR,,WSH,W,0,0,0,0,0,0,0,0,0,,,,3,0.0,8,10:48,0,0,0,0,
202,2013-02-19,9,28-214,NYR,,MTL,L,0,0,0,0,0,0,0,0,0,,,,0,,8,8:43,2,2,0,0,
203,2013-02-21,10,28-216,NYR,@,OTT,L-SO,0,0,0,0,0,0,0,0,0,,,,1,0.0,11,9:08,0,0,0,0,
204,2013-02-23,11,28-218,NYR,@,MTL,L,0,0,0,-2,0,0,0,0,0,,,,2,0.0,19,15:34,1,1,0,0,
205,2013-02-26,12,28-221,NYR,,WPG,L,0,0,0,-1,0,0,0,0,0,,,,1,0.0,13,11:54,0,1,0,0,
206,2013-03-10,13,28-233,NYR,@,WSH,W,0,0,0,0,0,0,0,0,0,,,,0,,11,11:27,0,0,0,0,
207,2013-03-12,14,28-235,NYR,@,BUF,L,0,0,0,0,2,0,0,0,0,,,,0,,9,8:04,1,0,0,0,
208,2013-04-25,15,28-279,NYR,@,CAR,W,0,0,0,0,4,0,0,0,0,,,,0,,5,3:15,0,0,0,0,
209,2013-10-11,1,29-083,FLA,,PIT,W,0,0,0,0,2,0,0,0,0,,,,0,,23,16:19,1,0,0,0,
210,2013-10-13,2,29-085,FLA,,LAK,L,0,0,0,0,0,0,0,0,0,,,,1,0.0,25,18:44,3,1,0,0,
211,2013-10-15,3,29-087,FLA,@,NSH,L,1,0,1,-1,2,1,0,0,0,,,,1,100.0,24,20:52,0,0,0,0,
212,2013-10-17,4,29-089,FLA,,BOS,L,0,0,0,0,0,0,0,0,0,,,,3,0.0,22,16:36,0,1,0,0,
213,2013-10-19,5,29-091,FLA,,MIN,W,0,0,0,0,0,0,0,0,0,,,,0,,20,16:21,0,1,0,0,
214,2013-10-22,6,29-094,FLA,,CHI,L-SO,0,0,0,0,0,0,0,0,0,,,,3,0.0,23,17:46,0,4,0,0,
215,2013-10-25,7,29-097,FLA,,BUF,L,0,0,0,-2,0,0,0,0,0,,,,2,0.0,24,17:09,0,1,0,0,
216,2013-10-27,8,29-099,FLA,,TBL,L-SO,0,0,0,1,0,0,0,0,0,,,,2,0.0,22,16:56,0,0,0,0,
217,2013-11-01,9,29-104,FLA,,STL,L,0,0,0,0,0,0,0,0,0,,,,2,0.0,20,17:54,0,2,0,0,
218,2013-11-07,10,29-110,FLA,@,BOS,L,0,0,0,-1,0,0,0,0,0,,,,4,0.0,18,17:44,0,1,0,0,
219,2013-11-09,11,29-112,FLA,@,OTT,L,0,1,1,0,0,0,0,0,0,,,,3,0.0,19,13:18,0,2,0,0,
220,2013-11-10,12,29-113,FLA,@,NYR,L,0,0,0,0,0,0,0,0,0,,,,1,0.0,21,14:31,1,2,0,0,
221,2013-11-16,13,29-119,FLA,@,COL,W,0,0,0,1,0,0,0,0,0,,,,3,0.0,25,15:34,0,1,0,0,
222,2013-11-19,14,29-122,FLA,@,VAN,W,0,0,0,-1,2,0,0,0,0,,,,1,0.0,27,15:53,0,1,0,0,
223,2013-11-21,15,29-124,FLA,@,EDM,L,0,0,0,0,0,0,0,0,0,,,,1,0.0,19,12:10,0,1,0,0,
224,2013-11-22,16,29-125,FLA,@,CGY,L-SO,0,0,0,1,0,0,0,0,0,,,,0,,20,12:15,0,0,0,0,
