,date_game,game_season,age,team_id,game_location,opp_id,game_result,goals,assists,points,plus_minus,pen_min,goals_ev,goals_pp,goals_sh,goals_gw,assists_ev,assists_pp,assists_sh,shots,shot_pct,shifts,time_on_ice,hits_all,blocks_all,faceoff_wins_all,faceoff_losses_all,faceoff_percentage_all
0,2013-10-02,1,19-270,BUF,@,DET,L,1,0,1,1,0,1,0,0,0,,,,1,100.0,15,11:23,1,0,0,0,
1,2013-10-04,2,19-272,BUF,,OTT,L,0,0,0,0,0,0,0,0,0,,,,2,0.0,20,12:16,2,0,0,0,
2,2013-10-05,3,19-273,BUF,@,PIT,L,0,0,0,-2,0,0,0,0,0,,,,0,,19,15:58,2,2,0,0,
3,2013-10-08,4,19-276,BUF,,TBL,L-OT,0,0,0,0,0,0,0,0,0,,,,1,0.0,19,13:28,2,0,0,0,
4,2013-10-10,5,19-278,BUF,,CBJ,L,0,0,0,-2,0,0,0,0,0,,,,1,0.0,18,12:12,1,0,0,0,
5,2013-10-12,6,19-280,BUF,@,CHI,L,0,0,0,0,2,0,0,0,0,,,,1,0.0,21,15:36,4,0,0,0,
6,2013-10-14,7,19-282,BUF,,MIN,L,0,1,1,1,0,0,0,0,0,,,,3,0.0,15,11:30,4,1,1,0,100.0
7,2013-10-15,8,19-283,BUF,@,NYI,W,0,0,0,0,0,0,0,0,0,,,,3,0.0,5,4:03,0,0,0,0,
8,2013-10-19,9,19-287,BUF,,COL,L,0,0,0,0,0,0,0,0,0,,,,0,,20,14:40,6,0,0,0,
9,2013-10-23,10,19-291,BUF,,BOS,L,0,0,0,-1,0,0,0,0,0,,,,2,0.0,18,16:24,4,1,1,1,50.0
10,2013-10-25,11,19-293,BUF,@,FLA,W,0,0,0,-1,0,0,0,0,0,,,,2,0.0,20,19:16,3,0,0,0,
11,2013-10-26,12,19-294,BUF,@,TBL,L,0,1,1,1,0,0,0,0,0,,,,0,,17,13:39,0,0,1,1,50.0
12,2013-10-28,13,19-296,BUF,,DAL,L,0,0,0,0,0,0,0,0,0,,,,1,0.0,17,13:19,3,0,0,0,
13,2013-10-31,14,19-299,BUF,@,NYR,L,0,0,0,0,0,0,0,0,0,,,,2,0.0,18,12:44,4,2,0,0,
14,2013-11-02,15,19-301,BUF,,ANA,L,0,0,0,1,0,0,0,0,0,,,,1,0.0,18,12:14,0,0,0,0,
15,2013-11-05,16,19-304,BUF,@,SJS,W,0,2,2,2,0,0,0,0,0,,,,1,0.0,18,13:16,1,1,1,0,100.0
16,2013-11-07,17,19-306,BUF,@,LAK,L,0,0,0,0,0,0,0,0,0,,,,0,,15,10:29,0,1,0,0,
17,2013-11-08,18,19-307,BUF,@,ANA,L,0,0,0,0,0,0,0,0,0,,,,2,0.0,19,16:48,1,0,0,0,
18,2013-11-12,19,19-311,BUF,,LAK,W,0,0,0,-1,0,0,0,0,0,,,,0,,21,16:16,2,4,2,1,66.7
19,2013-11-15,20,19-314,BUF,,TOR,W,0,0,0,0,0,0,0,0,0,,,,0,,19,12:50,0,1,4,6,40.0
20,2013-11-16,21,19-315,BUF,@,TOR,L,0,1,1,0,0,0,0,0,0,,,,2,0.0,21,13:25,2,0,3,7,30.0
21,2013-11-19,22,19-318,BUF,,STL,L,0,0,0,-1,0,0,0,0,0,,,,0,,21,15:06,4,0,7,4,63.6
22,2013-11-21,23,19-320,BUF,@,PHI,L,0,0,0,-1,0,0,0,0,0,,,,2,0.0,23,15:17,0,0,1,3,25.0
23,2013-11-24,24,19-323,BUF,,DET,L,0,0,0,0,0,0,0,0,0,,,,3,0.0,19,13:24,0,2,0,0,
24,2013-11-27,25,19-326,BUF,,MTL,L,0,0,0,0,0,0,0,0,0,,,,1,0.0,18,14:24,3,0,1,0,100.0
25,2013-11-29,26,19-328,BUF,,TOR,W,0,1,1,0,0,0,0,0,0,,,,3,0.0,17,13:09,1,0,0,1,0.0
26,2013-11-30,27,19-329,BUF,@,NJD,L-OT,0,0,0,0,0,0,0,0,0,,,,2,0.0,15,13:52,1,1,0,0,
27,2013-12-05,28,19-334,BUF,,NYR,L,0,1,1,1,0,0,0,0,0,,,,0,,14,12:43,1,1,0,0,
28,2013-12-07,29,19-336,BUF,@,MTL,L,1,0,1,0,0,1,0,0,0,,,,1,100.0,20,14:22,6,1,1,0,100.0
29,2013-12-10,30,19-339,BUF,,OTT,W,1,0,1,0,0,1,0,0,0,,,,1,100.0,26,17:31,3,0,3,3,50.0
30,2013-12-12,31,19-341,BUF,@,OTT,L,0,0,0,0,0,0,0,0,0,,,,1,0.0,24,16:51,2,0,1,2,33.3
31,2013-12-14,32,19-343,BUF,,CGY,L-OT,0,1,1,1,0,0,0,0,0,,,,3,0.0,26,19:10,1,1,1,1,50.0
32,2013-12-17,33,19-346,BUF,,WPG,W,0,0,0,-1,0,0,0,0,0,,,,0,,18,15:09,1,1,0,0,
33,2013-12-19,34,19-348,BUF,,BOS,W,0,0,0,-1,0,0,0,0,0,,,,1,0.0,17,10:39,2,0,0,1,0.0
34,2013-12-21,35,19-350,BUF,@,BOS,L,1,0,1,0,0,1,0,0,0,,,,5,20.0,20,14:22,3,1,0,2,0.0
35,2013-12-23,36,19-352,BUF,,PHX,W,0,1,1,0,0,0,0,0,0,,,,7,0.0,32,22:01,3,2,0,1,0.0
36,2013-12-27,37,19-356,BUF,@,TOR,L-SO,0,1,1,1,0,0,0,0,0,,,,3,0.0,27,19:21,3,0,0,0,
37,2013-12-29,38,19-358,BUF,,WSH,W,0,0,0,0,0,0,0,0,0,,,,1,0.0,24,17:27,2,1,0,4,0.0
38,2013-12-31,39,19-360,BUF,@,WPG,L,0,0,0,-3,0,0,0,0,0,,,,3,0.0,21,13:53,1,0,1,2,33.3
39,2014-01-02,40,19-362,BUF,@,MIN,L,0,0,0,-3,0,0,0,0,0,,,,1,0.0,22,17:20,0,0,1,0,100.0
40,2014-01-04,41,19-364,BUF,,NJD,W,0,0,0,0,0,0,0,0,0,,,,1,0.0,21,17:14,1,0,0,1,0.0
41,2014-01-09,42,20-004,BUF,,FLA,L-SO,0,0,0,0,0,0,0,0,0,,,,3,0.0,26,18:00,1,1,0,1,0.0
42,2014-01-12,43,20-007,BUF,@,WSH,W,0,0,0,0,0,0,0,0,0,,,,0,,23,15:51,3,1,0,2,0.0
43,2014-01-14,44,20-009,BUF,,PHI,L,0,0,0,-1,0,0,0,0,0,,,,1,0.0,20,15:33,3,2,2,3,40.0
44,2014-01-15,45,20-010,BUF,@,TOR,L-SO,0,0,0,-1,0,0,0,0,0,,,,6,0.0,26,20:45,13,0,0,0,
45,2014-01-18,46,20-013,BUF,,CBJ,L-SO,0,0,0,-1,0,0,0,0,0,,,,2,0.0,21,14:37,0,1,0,0,
46,2014-01-21,47,20-016,BUF,,FLA,L,0,0,0,-1,0,0,0,0,0,,,,1,0.0,21,15:08,1,0,0,0,
47,2014-01-23,48,20-018,BUF,,CAR,L,0,0,0,-1,4,0,0,0,0,,,,2,0.0,20,15:20,0,1,0,0,
48,2014-01-25,49,20-020,BUF,@,CBJ,W,0,0,0,3,0,0,0,0,0,,,,0,,24,15:58,3,0,0,0,
49,2014-01-27,50,20-022,BUF,@,PIT,L,0,0,0,0,0,0,0,0,0,,,,0,,18,14:33,6,0,0,0,
50,2014-01-28,51,20-023,BUF,,WSH,L-OT,0,0,0,1,0,0,0,0,0,,,,1,0.0,22,17:16,1,0,1,2,33.3
51,2014-01-30,52,20-025,BUF,@,PHX,W,1,1,2,1,0,0,0,1,1,,,,4,25.0,23,17:15,5,1,0,0,
52,2014-02-01,53,20-027,BUF,@,COL,L,0,0,0,0,0,0,0,0,0,,,,2,0.0,24,16:56,2,0,0,0,
53,2014-02-03,54,20-029,BUF,,EDM,L,0,1,1,1,0,0,0,0,0,,,,1,0.0,21,13:12,4,1,7,4,63.6
54,2014-02-05,55,20-031,BUF,,PIT,L,0,0,0,-2,0,0,0,0,0,,,,1,0.0,19,14:08,1,0,3,3,50.0
55,2014-02-06,56,20-032,BUF,@,OTT,L,0,0,0,-1,0,0,0,0,0,,,,0,,21,16:17,4,0,2,4,33.3
56,2014-02-25,57,20-051,BUF,,CAR,W,0,0,0,1,0,0,0,0,0,,,,0,,21,15:27,0,0,2,8,20.0
57,2014-02-26,58,20-052,BUF,,BOS,W,1,1,2,2,2,1,0,0,0,,,,2,50.0,22,14:09,0,1,4,6,40.0
58,2014-02-28,59,20-054,BUF,,SJS,W,0,1,1,1,0,0,0,0,0,,,,2,0.0,27,16:48,3,1,6,7,46.2
59,2014-03-03,60,20-057,BUF,@,DAL,L,0,0,0,0,2,0,0,0,0,,,,2,0.0,20,14:29,4,1,2,3,40.0
60,2014-03-06,61,20-060,BUF,@,TBL,W,0,0,0,1,0,0,0,0,0,,,,0,,9,6:53,1,0,0,1,0.0
61,2014-03-29,62,20-083,BUF,,TBL,L-OT,0,0,0,1,0,0,0,0,0,,,,5,0.0,25,15:05,2,0,5,6,45.5
62,2014-04-01,63,20-086,BUF,,NJD,W,0,0,0,0,0,0,0,0,0,,,,1,0.0,27,19:48,9,0,5,6,45.5
63,2014-04-03,64,20-088,BUF,@,STL,L,0,0,0,-1,0,0,0,0,0,,,,2,0.0,29,20:40,3,2,1,8,11.1
64,2014-04-04,65,20-089,BUF,@,DET,L,0,0,0,-1,2,0,0,0,0,,,,2,0.0,24,16:09,2,1,9,6,60.0
65,2014-04-06,66,20-091,BUF,@,PHI,L,0,0,0,0,0,0,0,0,0,,,,1,0.0,24,15:22,0,0,6,5,54.5
66,2014-04-08,67,20-093,BUF,,DET,L,2,0,2,0,0,2,0,0,0,,,,4,50.0,26,18:11,2,1,4,7,36.4
67,2014-04-10,68,20-095,BUF,@,NYR,L,0,0,0,0,2,0,0,0,0,,,,1,0.0,28,20:02,3,2,5,5,50.0
68,2014-04-12,69,20-097,BUF,@,BOS,L,0,0,0,0,0,0,0,0,0,,,,2,0.0,29,23:00,1,2,3,7,30.0
69,2014-04-13,70,20-098,BUF,,NYI,L-SO,0,0,0,0,0,0,0,0,0,,,,3,0.0,25,20:14,4,0,3,5,37.5
70,2014-10-09,1,20-277,BUF,,CBJ,L,1,0,1,1,0,1,0,0,0,0,0,0,2,50.0,20,15:19,0,1,8,7,53.3
71,2014-10-11,2,20-279,BUF,@,CHI,L,1,0,1,0,0,1,0,0,0,0,0,0,3,33.3,20,15:28,3,1,7,6,53.8
72,2014-10-13,3,20-281,BUF,,ANA,L,0,0,0,-1,0,0,0,0,0,0,0,0,2,0.0,22,16:15,2,0,4,9,30.8
73,2014-10-14,4,20-282,BUF,@,CAR,W,0,0,0,1,0,0,0,0,0,0,0,0,2,0.0,22,16:28,4,0,5,4,55.6
74,2014-10-17,5,20-285,BUF,,FLA,L,0,0,0,0,2,0,0,0,0,0,0,0,1,0.0,24,17:56,3,3,7,8,46.7
75,2014-10-18,6,20-286,BUF,,BOS,L,0,0,0,0,0,0,0,0,0,0,0,0,4,0.0,22,19:22,1,1,4,2,66.7
76,2014-10-22,7,20-290,BUF,@,ANA,L,0,0,0,-1,0,0,0,0,0,0,0,0,1,0.0,19,16:51,2,2,5,7,41.7
77,2014-10-23,8,20-291,BUF,@,LAK,L,0,0,0,0,0,0,0,0,0,0,0,0,2,0.0,23,17:48,0,1,3,7,30.0
78,2014-10-25,9,20-293,BUF,@,SJS,W,0,1,1,1,0,0,0,0,0,1,0,0,2,0.0,24,21:24,5,1,3,9,25.0
79,2014-10-28,10,20-296,BUF,@,TOR,L,0,0,0,-2,0,0,0,0,0,0,0,0,0,,19,17:18,9,2,6,9,40.0
80,2014-10-30,11,20-298,BUF,,BOS,L-OT,0,0,0,-1,0,0,0,0,0,0,0,0,0,,22,17:18,2,1,5,7,41.7
81,2014-11-01,12,20-300,BUF,@,PIT,L,0,0,0,-1,2,0,0,0,0,0,0,0,2,0.0,21,15:05,2,0,8,3,72.7
82,2014-11-02,13,20-301,BUF,,DET,W,0,1,1,1,0,0,0,0,0,1,0,0,3,0.0,25,18:26,1,0,7,12,36.8
83,2014-11-05,14,20-304,BUF,,MTL,L-SO,0,0,0,0,0,0,0,0,0,0,0,0,3,0.0,26,18:10,2,0,13,14,48.1
84,2014-11-07,15,20-306,BUF,,EDM,L,0,1,1,1,0,0,0,0,0,1,0,0,1,0.0,23,17:47,1,1,9,19,32.1
85,2014-11-08,16,20-307,BUF,,PIT,L,1,0,1,-1,0,1,0,0,0,0,0,0,3,33.3,20,17:17,1,0,10,3,76.9
86,2014-11-11,17,20-310,BUF,@,STL,L,0,0,0,0,0,0,0,0,0,0,0,0,5,0.0,22,19:52,3,2,8,10,44.4
87,2014-11-13,18,20-312,BUF,@,MIN,L,1,1,2,1,0,1,0,0,0,1,0,0,2,50.0,22,18:58,3,2,6,12,33.3
88,2014-11-15,19,20-314,BUF,,TOR,W,2,0,2,4,0,1,0,1,0,0,0,0,2,100.0,23,18:30,0,1,5,11,31.3
89,2014-11-18,20,20-317,BUF,,SJS,W,0,0,0,1,0,0,0,0,0,0,0,0,0,,21,17:44,1,0,3,7,30.0
90,2014-11-22,21,20-321,BUF,@,WSH,W,0,1,1,1,0,0,0,0,0,1,0,0,0,,23,21:13,4,1,7,16,30.4
91,2014-11-26,22,20-325,BUF,,WPG,L,0,0,0,0,0,0,0,0,0,0,0,0,1,0.0,24,19:11,2,0,4,4,50.0
92,2014-11-28,23,20-327,BUF,,MTL,W,0,1,1,1,0,0,0,0,0,1,0,0,1,0.0,26,23:54,3,4,8,17,32.0
93,2014-11-29,24,20-328,BUF,@,MTL,W,1,0,1,-1,0,1,0,0,0,0,0,0,1,100.0,27,20:26,3,0,4,17,19.0
94,2014-12-02,25,20-331,BUF,,TBL,W,1,0,1,1,0,1,0,0,0,0,0,0,3,33.3,28,23:41,0,0,12,8,60.0
95,2014-12-04,26,20-333,BUF,@,TBL,L,0,0,0,-3,5,0,0,0,0,0,0,0,2,0.0,19,18:08,1,1,12,7,63.2
96,2014-12-06,27,20-335,BUF,@,FLA,L,0,0,0,0,0,0,0,0,0,0,0,0,0,,22,19:46,2,0,6,9,40.0
97,2014-12-09,28,20-338,BUF,,LAK,W,0,0,0,0,2,0,0,0,0,0,0,0,1,0.0,22,19:41,2,0,10,6,62.5
98,2014-12-11,29,20-340,BUF,,CGY,W,1,1,2,3,0,1,0,0,0,1,0,0,1,100.0,25,21:16,2,0,8,14,36.4
99,2014-12-13,30,20-342,BUF,,FLA,W,0,1,1,-1,0,0,0,0,0,1,0,0,3,0.0,23,20:33,2,0,14,9,60.9
100,2014-12-15,31,20-344,BUF,,OTT,W,0,0,0,-1,2,0,0,0,0,0,0,0,3,0.0,27,21:01,3,1,8,12,40.0
101,2014-12-16,32,20-345,BUF,@,WPG,L,0,0,0,-1,0,0,0,0,0,0,0,0,1,0.0,24,20:10,1,1,7,7,50.0
102,2014-12-20,33,20-349,BUF,,COL,L,0,0,0,-1,0,0,0,0,0,0,0,0,3,0.0,24,20:28,0,0,5,11,31.3
103,2014-12-21,34,20-350,BUF,@,BOS,L-OT,0,1,1,0,0,0,0,0,0,0,1,0,2,0.0,26,20:34,1,3,3,11,21.4
104,2014-12-23,35,20-352,BUF,@,DET,L,0,0,0,0,2,0,0,0,0,0,0,0,2,0.0,28,19:31,3,2,7,10,41.2
105,2014-12-27,36,20-356,BUF,,NYI,W,1,0,1,-1,2,0,0,1,0,0,0,0,4,25.0,25,18:58,1,1,8,9,47.1
106,2014-12-29,37,20-358,BUF,@,OTT,L,1,0,1,0,2,1,0,0,0,0,0,0,5,20.0,23,18:25,2,0,7,14,33.3
107,2014-12-31,38,20-360,BUF,,TBL,L,0,0,0,-3,0,0,0,0,0,0,0,0,1,0.0,23,18:27,0,0,10,0,100.0
108,2015-01-02,39,20-362,BUF,,FLA,L,0,0,0,0,0,0,0,0,0,0,0,0,1,0.0,25,18:48,3,0,11,9,55.0
109,2015-01-03,40,20-363,BUF,@,NYR,L,0,0,0,-1,0,0,0,0,0,0,0,0,2,0.0,24,18:33,0,1,14,7,66.7
110,2015-01-06,41,21-001,BUF,@,NJD,L,0,0,0,-2,0,0,0,0,0,0,0,0,0,,25,19:07,2,1,6,5,54.5
111,2015-01-08,42,21-003,BUF,@,CAR,L,0,0,0,0,0,0,0,0,0,0,0,0,0,,22,18:22,3,2,6,9,40.0
112,2015-01-09,43,21-004,BUF,@,TBL,L,0,0,0,-1,0,0,0,0,0,0,0,0,1,0.0,26,18:51,1,0,5,7,41.7
113,2015-01-13,44,21-008,BUF,,DET,L,0,0,0,0,0,0,0,0,0,0,0,0,2,0.0,25,21:55,3,3,8,12,40.0
114,2015-01-15,45,21-010,BUF,,MIN,L,0,0,0,-1,0,0,0,0,0,0,0,0,1,0.0,26,20:16,1,2,3,13,18.8
115,2015-01-17,46,21-012,BUF,,PHI,L,2,0,2,0,2,1,1,0,0,0,0,0,4,50.0,27,19:57,1,2,9,7,56.3
116,2015-01-18,47,21-013,BUF,@,DET,L,0,0,0,-2,0,0,0,0,0,0,0,0,0,,27,21:07,2,1,12,4,75.0
117,2015-01-27,48,21-022,BUF,@,CGY,L,0,0,0,-2,0,0,0,0,0,0,0,0,2,0.0,24,20:42,2,0,4,12,25.0
118,2015-01-29,49,21-024,BUF,@,EDM,L,0,1,1,1,0,0,0,0,0,1,0,0,2,0.0,28,20:18,2,0,5,6,45.5
119,2015-01-30,50,21-025,BUF,@,VAN,L,0,1,1,-2,0,0,0,0,0,0,1,0,2,0.0,25,23:24,2,3,9,12,42.9
120,2015-02-03,51,21-029,BUF,@,MTL,W,0,0,0,-2,0,0,0,0,0,0,0,0,3,0.0,27,22:30,2,4,10,9,52.6
121,2015-02-05,52,21-031,BUF,,STL,L,0,0,0,-2,0,0,0,0,0,0,0,0,3,0.0,24,18:15,2,1,4,12,25.0
122,2015-02-07,53,21-033,BUF,,DAL,W,1,1,2,1,0,1,0,0,1,1,0,0,2,50.0,29,20:51,0,2,8,13,38.1
123,2015-02-08,54,21-034,BUF,,NYI,L,0,0,0,-2,0,0,0,0,0,0,0,0,0,,23,18:28,3,2,7,11,38.9
124,2015-02-10,55,21-036,BUF,,OTT,L,0,0,0,0,0,0,0,0,0,0,0,0,3,0.0,24,20:07,4,1,10,8,55.6
125,2015-02-15,56,21-041,BUF,,PHI,L,0,0,0,-1,0,0,0,0,0,0,0,0,2,0.0,25,17:54,3,0,11,13,45.8
126,2015-02-17,57,21-043,BUF,@,NJD,L-SO,0,1,1,1,0,0,0,0,0,1,0,0,4,0.0,27,22:06,4,0,10,7,58.8
127,2015-02-19,58,21-045,BUF,@,PHI,W,0,0,0,0,2,0,0,0,0,0,0,0,2,0.0,26,19:28,1,1,9,12,42.9
128,2015-02-20,59,21-046,BUF,,NYR,L,0,0,0,0,0,0,0,0,0,0,0,0,3,0.0,21,17:26,0,0,5,9,35.7
129,2015-02-22,60,21-048,BUF,,NSH,L-SO,0,1,1,1,2,0,0,0,0,1,0,0,1,0.0,26,18:52,7,2,7,6,53.8
130,2015-02-24,61,21-050,BUF,@,CBJ,W,1,1,2,0,0,0,0,1,0,0,1,0,1,100.0,12,7:55,2,1,1,6,14.3
131,2015-10-08,1,21-276,BUF,,OTT,L,0,0,0,-1,0,0,0,0,0,0,0,0,2,0.0,21,16:17,2,0,0,2,0.0
132,2015-10-10,2,21-278,BUF,,TBL,L,0,0,0,0,0,0,0,0,0,0,0,0,3,0.0,22,17:58,2,0,1,0,100.0
133,2015-10-12,3,21-280,BUF,,CBJ,W,0,0,0,0,2,0,0,0,0,0,0,0,1,0.0,20,18:04,1,2,2,4,33.3
134,2015-10-15,4,21-283,BUF,@,FLA,L,0,0,0,0,0,0,0,0,0,0,0,0,1,0.0,18,15:00,4,0,2,4,33.3
135,2015-10-17,5,21-285,BUF,@,TBL,L,0,0,0,0,0,0,0,0,0,0,0,0,2,0.0,18,13:51,0,1,3,5,37.5
136,2015-10-21,6,21-289,BUF,,TOR,W,0,0,0,1,0,0,0,0,0,0,0,0,1,0.0,24,17:01,1,0,12,4,75.0
137,2015-10-23,7,21-291,BUF,,MTL,L,0,0,0,0,0,0,0,0,0,0,0,0,2,0.0,23,15:52,1,1,3,14,17.6
138,2015-10-24,8,21-292,BUF,,NJD,L,0,0,0,0,0,0,0,0,0,0,0,0,1,0.0,20,15:53,3,0,5,3,62.5
139,2015-10-27,9,21-295,BUF,@,PHI,W,1,0,1,0,0,1,0,0,1,0,0,0,5,20.0,24,17:22,2,0,4,8,33.3
140,2015-10-29,10,21-297,BUF,@,PIT,L,0,0,0,0,0,0,0,0,0,0,0,0,1,0.0,22,18:32,3,1,8,5,61.5
141,2015-10-30,11,21-298,BUF,,PHI,W,0,0,0,0,0,0,0,0,0,0,0,0,2,0.0,29,20:27,1,3,4,2,66.7
142,2015-11-01,12,21-300,BUF,@,NYI,W,0,1,1,1,0,0,0,0,0,1,0,0,1,0.0,21,17:05,1,0,4,6,40.0
143,2015-11-05,13,21-304,BUF,,TBL,L,0,0,0,-1,2,0,0,0,0,0,0,0,2,0.0,21,17:00,1,0,5,7,41.7
144,2015-11-07,14,21-306,BUF,,VAN,W,0,0,0,0,0,0,0,0,0,0,0,0,0,,19,12:20,3,0,3,6,33.3
145,2015-11-10,15,21-309,BUF,@,TBL,W,0,0,0,0,0,0,0,0,0,0,0,0,1,0.0,24,16:33,2,0,6,9,40.0
146,2015-11-12,16,21-311,BUF,@,FLA,W,0,0,0,0,2,0,0,0,0,0,0,0,2,0.0,22,16:26,5,0,3,4,42.9
147,2015-11-14,17,21-313,BUF,,SJS,L-OT,0,0,0,-1,0,0,0,0,0,0,0,0,5,0.0,24,16:06,2,0,2,2,50.0
148,2015-11-25,18,21-324,BUF,,NSH,L,0,0,0,0,0,0,0,0,0,0,0,0,2,0.0,19,14:41,3,0,6,5,54.5
149,2015-11-27,19,21-326,BUF,,CAR,W,0,0,0,0,0,0,0,0,0,0,0,0,1,0.0,21,14:04,0,2,6,7,46.2
150,2015-11-28,20,21-327,BUF,@,NSH,W,0,0,0,0,2,0,0,0,0,0,0,0,0,,20,14:56,3,3,12,7,63.2
151,2015-12-01,21,21-330,BUF,@,DET,L-SO,1,1,2,0,0,0,1,0,0,1,0,0,3,33.3,25,16:32,1,2,5,7,41.7
152,2015-12-04,22,21-333,BUF,,ARI,W,0,1,1,0,0,0,0,0,0,0,0,1,5,0.0,22,17:11,0,0,2,5,28.6
153,2015-12-06,23,21-335,BUF,@,EDM,L,0,0,0,-1,2,0,0,0,0,0,0,0,0,,19,11:50,2,0,3,5,37.5
154,2015-12-07,24,21-336,BUF,@,VAN,L,0,0,0,0,0,0,0,0,0,0,0,0,0,,18,14:05,1,0,5,4,55.6
155,2015-12-10,25,21-339,BUF,@,CGY,L,0,0,0,1,0,0,0,0,0,0,0,0,1,0.0,24,15:10,2,0,6,6,50.0
156,2015-12-12,26,21-341,BUF,,LAK,W,0,0,0,-1,0,0,0,0,0,0,0,0,3,0.0,22,15:54,1,1,0,0,
157,2015-12-14,27,21-343,BUF,@,DET,W,0,0,0,1,0,0,0,0,0,0,0,0,2,0.0,21,14:32,3,0,0,2,0.0
158,2015-12-15,28,21-344,BUF,,NJD,L,0,0,0,0,0,0,0,0,0,0,0,0,2,0.0,18,14:00,4,0,0,1,0.0
159,2015-12-17,29,21-346,BUF,,ANA,W,0,0,0,0,0,0,0,0,0,0,0,0,1,0.0,21,14:03,1,0,1,0,100.0
160,2015-12-19,30,21-348,BUF,,CHI,L-SO,0,0,0,0,0,0,0,0,0,0,0,0,1,0.0,24,15:14,1,0,1,0,100.0
161,2015-12-26,31,21-355,BUF,@,BOS,W,0,0,0,0,0,0,0,0,0,0,0,0,0,,20,14:42,0,2,0,2,0.0
162,2015-12-28,32,21-357,BUF,,WSH,L,0,0,0,0,0,0,0,0,0,0,0,0,2,0.0,17,12:23,2,0,0,1,0.0
163,2015-12-30,33,21-359,BUF,@,WSH,L,1,1,2,0,0,1,0,0,0,1,0,0,3,33.3,21,16:36,1,0,1,0,100.0
164,2015-12-31,34,21-360,BUF,,NYI,L,0,0,0,0,0,0,0,0,0,0,0,0,4,0.0,19,17:30,2,0,2,3,40.0
165,2016-01-02,35,21-362,BUF,,DET,L,0,1,1,0,0,0,0,0,0,1,0,0,1,0.0,18,12:39,0,1,2,3,40.0
166,2016-01-05,36,22-000,BUF,,FLA,L,0,0,0,-1,0,0,0,0,0,0,0,0,1,0.0,17,13:53,0,0,0,2,0.0
167,2016-01-08,37,22-003,BUF,@,CHI,L,0,0,0,-1,0,0,0,0,0,0,0,0,4,0.0,18,14:18,2,1,1,1,50.0
168,2016-01-10,38,22-005,BUF,@,WPG,W,0,0,0,0,0,0,0,0,0,0,0,0,3,0.0,18,13:29,1,0,1,1,50.0
169,2016-01-12,39,22-007,BUF,@,MIN,W,0,0,0,-1,0,0,0,0,0,0,0,0,1,0.0,18,14:49,0,1,2,1,66.7
170,2016-01-15,40,22-010,BUF,,BOS,L,0,0,0,0,0,0,0,0,0,0,0,0,0,,4,3:05,2,0,1,0,100.0
171,2016-01-25,41,22-020,BUF,@,NYR,L,2,0,2,1,0,2,0,0,0,0,0,0,2,100.0,19,14:34,1,0,1,0,100.0
172,2016-01-26,42,22-021,BUF,@,OTT,W,0,0,0,1,0,0,0,0,0,0,0,0,1,0.0,21,16:41,2,0,0,1,0.0
173,2016-02-03,43,22-029,BUF,@,MTL,W,0,1,1,1,0,0,0,0,0,1,0,0,1,0.0,21,16:12,4,3,1,0,100.0
174,2016-02-04,44,22-030,BUF,,BOS,L-SO,0,0,0,-1,0,0,0,0,0,0,0,0,0,,20,13:38,6,1,0,1,0.0
175,2016-02-06,45,22-032,BUF,@,BOS,L-OT,0,0,0,-1,0,0,0,0,0,0,0,0,1,0.0,22,16:25,4,0,1,1,50.0
176,2016-02-14,46,22-040,BUF,,COL,W,0,0,0,0,4,0,0,0,0,0,0,0,0,,18,14:16,1,1,1,7,12.5
177,2016-02-16,47,22-042,BUF,@,OTT,L-SO,0,1,1,1,0,0,0,0,0,1,0,0,1,0.0,22,16:45,1,1,0,2,0.0
178,2016-02-19,48,22-045,BUF,@,CBJ,W,0,1,1,1,4,0,0,0,0,1,0,0,2,0.0,18,11:35,1,0,0,0,
179,2016-02-21,49,22-047,BUF,,PIT,L,0,0,0,0,0,0,0,0,0,0,0,0,0,,19,16:16,2,3,1,2,33.3
180,2016-02-24,50,22-050,BUF,@,ANA,L,0,0,0,0,0,0,0,0,0,0,0,0,1,0.0,25,13:48,0,0,3,3,50.0
181,2016-02-26,51,22-052,BUF,@,SJS,W,0,1,1,1,0,0,0,0,0,1,0,0,3,0.0,20,14:32,1,0,0,1,0.0
182,2016-02-27,52,22-053,BUF,@,LAK,L,0,0,0,-1,0,0,0,0,0,0,0,0,0,,21,15:34,1,1,2,0,100.0
183,2016-03-01,53,22-056,BUF,,EDM,L-OT,0,0,0,0,2,0,0,0,0,0,0,0,3,0.0,20,18:57,2,1,1,0,100.0
184,2016-03-03,54,22-058,BUF,,CGY,W,0,0,0,0,0,0,0,0,0,0,0,0,0,,19,16:42,0,0,0,1,0.0
185,2016-03-05,55,22-060,BUF,,MIN,L-SO,0,0,0,0,0,0,0,0,0,0,0,0,0,,19,12:46,2,0,0,1,0.0
186,2016-03-07,56,22-062,BUF,@,TOR,W,0,0,0,0,0,0,0,0,0,0,0,0,1,0.0,21,14:10,2,1,2,0,100.0
187,2016-03-08,57,22-063,BUF,,NYR,L,0,0,0,-1,0,0,0,0,0,0,0,0,0,,20,12:54,1,1,0,1,0.0
188,2016-03-10,58,22-065,BUF,@,MTL,L,0,0,0,0,0,0,0,0,0,0,0,0,2,0.0,21,13:31,2,1,2,1,66.7
189,2016-03-12,59,22-067,BUF,,CAR,W,0,0,0,0,0,0,0,0,0,0,0,0,0,,20,13:59,1,0,0,2,0.0
190,2016-03-16,60,22-071,BUF,,MTL,L-OT,0,0,0,0,0,0,0,0,0,0,0,0,0,,20,16:32,0,0,1,0,100.0
191,2016-03-18,61,22-073,BUF,,OTT,W,0,1,1,0,0,0,0,0,0,0,1,0,1,0.0,22,15:51,0,1,0,0,
192,2016-03-19,62,22-074,BUF,@,TOR,L,0,0,0,-1,0,0,0,0,0,0,0,0,2,0.0,18,14:14,2,0,0,0,
193,2016-03-22,63,22-077,BUF,@,CAR,W,0,0,0,-1,0,0,0,0,0,0,0,0,1,0.0,20,13:25,1,0,2,0,100.0
194,2016-03-26,64,22-081,BUF,,WPG,W,0,1,1,2,0,0,0,0,0,1,0,0,4,0.0,17,15:00,6,1,1,1,50.0
195,2016-03-28,65,22-083,BUF,@,DET,L,1,0,1,1,0,1,0,0,0,0,0,0,3,33.3,19,14:17,1,1,1,0,100.0
196,2016-03-29,66,22-084,BUF,@,PIT,L-SO,0,0,0,-1,0,0,0,0,0,0,0,0,0,,19,12:31,6,1,3,4,42.9
197,2016-03-31,67,22-086,BUF,,TOR,W,0,0,0,0,0,0,0,0,0,0,0,0,2,0.0,22,14:53,3,1,0,1,0.0
198,2016-04-02,68,22-088,BUF,@,NYR,W,1,0,1,2,0,1,0,0,0,0,0,0,4,25.0,22,12:31,2,0,0,0,
199,2016-04-05,69,22-091,BUF,@,NJD,W,0,0,0,0,0,0,0,0,0,0,0,0,1,0.0,19,15:01,1,0,1,2,33.3
200,2016-04-08,70,22-094,BUF,,CBJ,L,0,0,0,0,0,0,0,0,0,0,0,0,2,0.0,20,16:20,2,1,1,0,100.0
201,2016-04-09,71,22-095,BUF,@,NYI,W,0,0,0,0,0,0,0,0,0,0,0,0,0,,21,16:21,1,0,4,2,66.7
202,2016-10-13,1,22-282,BUF,,MTL,L,0,0,0,-1,0,0,0,0,0,0,0,0,1,0.0,18,11:39,2,0,6,5,54.5
203,2016-10-16,2,22-285,BUF,@,EDM,W,0,0,0,-2,0,0,0,0,0,0,0,0,2,0.0,22,12:12,1,1,2,3,40.0
204,2016-10-18,3,22-287,BUF,@,CGY,L-OT,1,0,1,0,0,1,0,0,0,0,0,0,2,50.0,19,10:02,0,0,6,6,50.0
205,2016-10-20,4,22-289,BUF,@,VAN,L,0,0,0,0,0,0,0,0,0,0,0,0,1,0.0,16,13:20,2,0,10,8,55.6
206,2016-10-25,5,22-294,BUF,@,PHI,L-SO,0,1,1,1,0,0,0,0,0,1,0,0,2,0.0,17,11:54,1,1,1,0,100.0
207,2016-10-27,6,22-296,BUF,,MIN,L,0,0,0,-1,0,0,0,0,0,0,0,0,1,0.0,19,13:26,1,0,0,0,
208,2016-10-29,7,22-298,BUF,,FLA,W,0,0,0,0,0,0,0,0,0,0,0,0,1,0.0,15,12:17,0,0,7,5,58.3
209,2016-10-30,8,22-299,BUF,@,WPG,W,0,1,1,1,0,0,0,0,0,1,0,0,2,0.0,17,12:49,3,1,3,5,37.5
210,2016-11-01,9,22-301,BUF,@,MIN,W,0,0,0,0,0,0,0,0,0,0,0,0,4,0.0,18,12:10,0,1,6,4,60.0
211,2016-11-03,10,22-303,BUF,,TOR,L,0,0,0,-1,0,0,0,0,0,0,0,0,4,0.0,20,13:43,0,0,5,3,62.5
212,2016-11-05,11,22-305,BUF,@,OTT,W,0,1,1,1,0,0,0,0,0,1,0,0,2,0.0,18,13:07,1,0,3,8,27.3
213,2016-11-07,12,22-307,BUF,@,BOS,L,0,0,0,0,4,0,0,0,0,0,0,0,1,0.0,17,12:49,5,1,2,4,33.3
214,2016-11-09,13,22-309,BUF,,OTT,L-SO,0,0,0,-1,0,0,0,0,0,0,0,0,3,0.0,19,12:44,1,1,3,3,50.0
215,2016-11-11,14,22-311,BUF,,NJD,L-OT,0,0,0,0,0,0,0,0,0,0,0,0,1,0.0,20,14:26,0,1,8,8,50.0
216,2016-11-12,15,22-312,BUF,@,NJD,L,0,0,0,-2,0,0,0,0,0,0,0,0,4,0.0,18,10:45,0,0,6,5,54.5
217,2016-11-15,16,22-315,BUF,@,STL,L,0,0,0,0,0,0,0,0,0,0,0,0,3,0.0,17,13:52,3,1,8,7,53.3
218,2016-11-17,17,22-317,BUF,,TBL,L,0,0,0,0,0,0,0,0,0,0,0,0,0,,20,14:43,0,0,9,4,69.2
219,2016-11-19,18,22-319,BUF,,PIT,W,0,0,0,0,0,0,0,0,0,0,0,0,0,,18,13:10,2,0,0,0,
220,2016-11-21,19,22-321,BUF,,CGY,W,0,0,0,0,0,0,0,0,0,0,0,0,0,,17,13:13,1,1,0,0,
221,2016-11-23,20,22-323,BUF,,DET,L-SO,0,0,0,0,0,0,0,0,0,0,0,0,0,,18,13:12,4,0,0,2,0.0
222,2016-11-25,21,22-325,BUF,@,WSH,L,0,0,0,0,0,0,0,0,0,0,0,0,1,0.0,10,9:07,0,0,0,0,
223,2016-11-29,22,22-329,BUF,@,OTT,W,0,0,0,0,0,0,0,0,0,0,0,0,2,0.0,11,7:23,1,0,0,0,
224,2016-12-01,23,22-331,BUF,,NYR,W,0,0,0,0,0,0,0,0,0,0,0,0,1,0.0,13,9:40,1,0,0,0,
225,2016-12-03,24,22-333,BUF,,BOS,L,0,0,0,0,0,0,0,0,0,0,0,0,0,,11,8:39,1,0,0,0,
226,2016-12-05,25,22-335,BUF,@,WSH,L-OT,1,0,1,1,0,1,0,0,0,0,0,0,2,50.0,12,8:07,2,0,0,0,
227,2016-12-06,26,22-336,BUF,,EDM,W,0,0,0,0,0,0,0,0,0,0,0,0,0,,14,9:08,1,0,0,0,
228,2016-12-09,27,22-339,BUF,,WSH,L,0,0,0,0,0,0,0,0,0,0,0,0,2,0.0,12,10:07,2,0,1,6,14.3
229,2016-12-13,28,22-343,BUF,,LAK,W,0,0,0,0,0,0,0,0,0,0,0,0,0,,18,10:46,4,0,5,5,50.0
230,2016-12-16,29,22-346,BUF,,NYI,W,0,0,0,0,0,0,0,0,0,0,0,0,4,0.0,17,10:21,2,0,4,2,66.7
231,2016-12-17,30,22-347,BUF,@,CAR,L-SO,0,0,0,0,0,0,0,0,0,0,0,0,2,0.0,16,11:20,2,1,5,0,100.0
232,2016-12-20,31,22-350,BUF,@,FLA,L-SO,0,0,0,0,0,0,0,0,0,0,0,0,2,0.0,18,11:17,0,0,0,1,0.0
233,2016-12-22,32,22-352,BUF,,CAR,L,0,0,0,0,0,0,0,0,0,0,0,0,0,,17,13:03,1,0,1,1,50.0
234,2016-12-23,33,22-353,BUF,@,NYI,L,1,0,1,0,0,1,0,0,0,0,0,0,2,50.0,21,15:28,2,0,3,1,75.0
235,2016-12-27,34,22-357,BUF,@,DET,W,0,0,0,-1,0,0,0,0,0,0,0,0,1,0.0,19,13:14,0,0,0,1,0.0
236,2016-12-29,35,22-359,BUF,,BOS,L,0,0,0,0,0,0,0,0,0,0,0,0,2,0.0,22,14:29,1,1,0,0,
237,2016-12-31,36,22-361,BUF,@,BOS,L,0,0,0,-1,0,0,0,0,0,0,0,0,2,0.0,21,13:49,2,0,3,5,37.5
238,2017-01-03,37,22-364,BUF,@,NYR,W,1,0,1,1,0,1,0,0,0,0,0,0,2,50.0,22,15:31,0,0,7,5,58.3
239,2017-01-05,38,23-000,BUF,@,CHI,L-OT,0,0,0,-2,0,0,0,0,0,0,0,0,1,0.0,23,15:25,2,1,1,1,50.0
240,2017-01-07,39,23-002,BUF,,WPG,W,1,1,2,1,0,1,0,0,0,1,0,0,2,50.0,21,16:09,2,0,0,1,0.0
241,2017-01-10,40,23-005,BUF,,PHI,W,0,0,0,0,0,0,0,0,0,0,0,0,1,0.0,22,15:54,1,2,4,6,40.0
242,2017-01-12,41,23-007,BUF,@,TBL,L,0,1,1,1,0,0,0,0,0,1,0,0,1,0.0,20,14:47,3,0,5,6,45.5
243,2017-01-13,42,23-008,BUF,@,CAR,L,0,0,0,-1,0,0,0,0,0,0,0,0,3,0.0,22,15:57,1,0,1,8,11.1
244,2017-01-16,43,23-011,BUF,,DAL,W,0,0,0,0,0,0,0,0,0,0,0,0,0,,19,14:52,0,0,5,7,41.7
245,2017-01-17,44,23-012,BUF,@,TOR,L,0,1,1,2,0,0,0,0,0,1,0,0,0,,19,14:17,3,0,0,4,0.0
246,2017-01-20,45,23-015,BUF,,DET,W,0,0,0,0,0,0,0,0,0,0,0,0,1,0.0,24,17:32,1,1,7,6,53.8
247,2017-01-21,46,23-016,BUF,@,MTL,W,0,0,0,1,0,0,0,0,0,0,0,0,1,0.0,20,16:25,2,0,2,6,25.0
248,2017-01-24,47,23-019,BUF,@,NSH,W,1,1,2,1,0,1,0,0,0,1,0,0,1,100.0,22,16:10,3,0,6,7,46.2
249,2017-01-26,48,23-021,BUF,@,DAL,L,0,0,0,1,2,0,0,0,0,0,0,0,0,,26,16:02,1,0,2,6,25.0
250,2017-01-31,49,23-026,BUF,@,MTL,L,0,0,0,-1,0,0,0,0,0,0,0,0,4,0.0,20,16:26,0,2,4,6,40.0
251,2017-02-02,50,23-028,BUF,,NYR,L-OT,0,0,0,0,0,0,0,0,0,0,0,0,4,0.0,21,15:54,2,0,10,5,66.7
252,2017-02-04,51,23-030,BUF,,OTT,W,0,0,0,0,0,0,0,0,0,0,0,0,0,,23,19:18,3,0,7,7,50.0
253,2017-02-06,52,23-032,BUF,@,NJD,L,0,0,0,0,0,0,0,0,0,0,0,0,1,0.0,23,18:16,3,0,7,8,46.7
254,2017-02-07,53,23-033,BUF,,SJS,W,0,0,0,0,0,0,0,0,0,0,0,0,2,0.0,19,15:47,3,2,5,5,50.0
255,2017-02-25,54,23-051,BUF,@,COL,L,0,1,1,0,0,0,0,0,0,1,0,0,5,0.0,18,13:56,1,0,1,7,12.5
256,2017-02-26,55,23-052,BUF,@,ARI,L,0,0,0,-1,0,0,0,0,0,0,0,0,2,0.0,22,15:50,2,0,8,9,47.1
257,2017-02-28,56,23-054,BUF,,NSH,L-OT,0,0,0,0,0,0,0,0,0,0,0,0,1,0.0,15,11:32,0,0,1,4,20.0
258,2017-03-02,57,23-056,BUF,,ARI,W,0,0,0,0,4,0,0,0,0,0,0,0,1,0.0,21,13:39,2,0,8,6,57.1
259,2017-03-04,58,23-058,BUF,,TBL,L-SO,0,0,0,0,2,0,0,0,0,0,0,0,0,,17,11:20,2,2,7,3,70.0
260,2017-03-05,59,23-059,BUF,@,PIT,L,0,0,0,-1,0,0,0,0,0,0,0,0,2,0.0,17,10:57,2,0,2,7,22.2
261,2017-03-07,60,23-061,BUF,,PHI,L,0,0,0,-2,0,0,0,0,0,0,0,0,0,,19,11:11,2,0,4,2,66.7
262,2017-03-10,61,23-064,BUF,@,CBJ,L,0,0,0,1,0,0,0,0,0,0,0,0,1,0.0,20,16:00,2,3,8,10,44.4
263,2017-03-11,62,23-065,BUF,,CBJ,W,0,0,0,-1,0,0,0,0,0,0,0,0,3,0.0,18,11:18,4,0,3,2,60.0
264,2017-03-14,63,23-068,BUF,@,SJS,L,0,0,0,0,0,0,0,0,0,0,0,0,0,,18,15:08,4,2,6,5,54.5
265,2017-03-16,64,23-070,BUF,@,LAK,L,0,0,0,0,0,0,0,0,0,0,0,0,2,0.0,15,10:16,3,0,5,3,62.5
266,2017-03-17,65,23-071,BUF,@,ANA,W,0,0,0,-1,0,0,0,0,0,0,0,0,1,0.0,18,15:44,2,0,4,6,40.0
267,2017-03-20,66,23-074,BUF,@,DET,W,0,0,0,0,0,0,0,0,0,0,0,0,1,0.0,17,11:18,3,0,5,6,45.5
268,2017-03-21,67,23-075,BUF,,PIT,L,0,0,0,-1,2,0,0,0,0,0,0,0,2,0.0,19,12:03,3,0,7,6,53.8
269,2017-03-25,68,23-079,BUF,,TOR,W,0,0,0,0,0,0,0,0,0,0,0,0,2,0.0,19,12:05,1,0,5,4,55.6
270,2017-03-27,69,23-081,BUF,,FLA,W,0,1,1,1,0,0,0,0,0,1,0,0,1,0.0,13,10:04,2,0,1,5,16.7
271,2017-03-28,70,23-082,BUF,@,CBJ,L,0,0,0,0,0,0,0,0,0,0,0,0,1,0.0,15,12:23,1,0,3,4,42.9
272,2017-04-02,71,23-087,BUF,,NYI,L,1,0,1,0,0,1,0,0,0,0,0,0,2,50.0,15,11:38,1,0,5,6,45.5
273,2017-04-03,72,23-088,BUF,,TOR,L,0,0,0,0,2,0,0,0,0,0,0,0,0,,18,10:38,2,0,5,4,55.6
274,2017-04-05,73,23-090,BUF,,MTL,W,0,0,0,0,0,0,0,0,0,0,0,0,2,0.0,16,13:24,2,0,3,7,30.0
275,2017-04-08,74,23-093,BUF,@,FLA,L,0,0,0,0,0,0,0,0,0,0,0,0,1,0.0,19,15:02,0,0,0,0,
276,2017-04-09,75,23-094,BUF,@,TBL,L,0,0,0,0,2,0,0,0,0,0,0,0,1,0.0,16,15:19,0,0,2,4,33.3
277,2017-10-05,1,23-273,BUF,,MTL,L-SO,0,0,0,0,0,0,0,0,0,0,0,0,6,0.0,18,12:24,0,0,0,2,0.0
278,2017-10-07,2,23-275,BUF,@,NYI,L,0,0,0,-1,0,0,0,0,0,0,0,0,2,0.0,20,9:44,1,0,1,1,50.0
279,2017-10-09,3,23-277,BUF,,NJD,L,0,0,0,0,2,0,0,0,0,0,0,0,1,0.0,21,13:47,1,0,0,0,
280,2017-10-12,4,23-280,BUF,@,SJS,L,0,2,2,1,0,0,0,0,0,2,0,0,1,0.0,22,14:09,5,2,0,0,
281,2017-10-14,5,23-282,BUF,@,LAK,L,1,0,1,1,0,1,0,0,0,0,0,0,1,100.0,23,16:17,1,0,0,2,0.0
282,2017-10-15,6,23-283,BUF,@,ANA,W,0,0,0,1,0,0,0,0,0,0,0,0,0,,24,18:15,3,0,1,0,100.0
283,2017-10-17,7,23-285,BUF,@,VEG,L-OT,0,0,0,0,0,0,0,0,0,0,0,0,0,,2,2:30,0,2,0,1,0.0
284,2017-10-25,8,23-293,BUF,@,CBJ,L,0,0,0,-1,2,0,0,0,0,0,0,0,1,0.0,20,14:37,3,0,0,1,0.0
285,2017-10-28,9,23-296,BUF,,SJS,L,0,0,0,0,0,0,0,0,0,0,0,0,0,,14,10:17,0,0,0,2,0.0
286,2017-11-02,10,23-301,BUF,@,ARI,W,0,0,0,0,0,0,0,0,0,0,0,0,1,0.0,21,15:19,0,0,0,1,0.0
287,2017-11-04,11,23-303,BUF,@,DAL,L,0,0,0,0,0,0,0,0,0,0,0,0,2,0.0,19,13:54,4,1,0,0,
288,2017-11-07,12,23-306,BUF,,WSH,W,0,0,0,0,0,0,0,0,0,0,0,0,1,0.0,14,11:37,2,1,0,0,
289,2017-11-10,13,23-309,BUF,,FLA,L,0,0,0,0,0,0,0,0,0,0,0,0,2,0.0,18,12:43,1,1,0,0,
290,2017-11-11,14,23-310,BUF,@,MTL,L-OT,0,0,0,0,0,0,0,0,0,0,0,0,1,0.0,14,10:08,3,0,0,2,0.0
291,2017-11-14,15,23-313,BUF,@,PIT,L-OT,0,0,0,-1,0,0,0,0,0,0,0,0,1,0.0,16,10:24,0,1,1,1,50.0
292,2017-11-17,16,23-316,BUF,@,DET,L,0,0,0,0,0,0,0,0,0,0,0,0,1,0.0,14,11:03,1,0,0,0,
293,2017-11-18,17,23-317,BUF,,CAR,L,0,0,0,0,2,0,0,0,0,0,0,0,0,,12,9:31,2,2,0,0,
294,2017-11-20,18,23-319,BUF,,CBJ,L,0,0,0,0,0,0,0,0,0,0,0,0,0,,18,15:10,1,1,1,1,50.0
295,2017-11-22,19,23-321,BUF,,MIN,L,0,0,0,0,0,0,0,0,0,0,0,0,0,,13,6:32,0,1,0,0,
296,2017-11-24,20,23-323,BUF,,EDM,W,0,0,0,-1,0,0,0,0,0,0,0,0,3,0.0,15,10:40,1,0,0,0,
297,2017-11-25,21,23-324,BUF,@,MTL,L,0,0,0,0,0,0,0,0,0,0,0,0,1,0.0,16,11:42,5,0,0,0,
298,2017-11-28,22,23-327,BUF,,TBL,L,0,0,0,0,0,0,0,0,0,0,0,0,1,0.0,12,8:47,1,0,0,0,
299,2017-12-01,23,23-330,BUF,,PIT,L,0,0,0,-2,0,0,0,0,0,0,0,0,2,0.0,14,10:30,1,0,0,0,
300,2017-12-02,24,23-331,BUF,@,PIT,L,0,0,0,-1,0,0,0,0,0,0,0,0,1,0.0,21,12:38,6,0,0,0,
301,2017-12-10,25,23-339,BUF,@,STL,L-OT,0,0,0,1,0,0,0,0,0,0,0,0,0,,17,11:18,2,0,0,0,
302,2017-12-12,26,23-341,BUF,,OTT,W,0,0,0,1,0,0,0,0,0,0,0,0,3,0.0,17,14:32,4,2,0,0,
303,2017-12-14,27,23-343,BUF,@,PHI,L,0,1,1,1,0,0,0,0,0,1,0,0,2,0.0,20,15:09,7,1,0,1,0.0
304,2017-12-15,28,23-344,BUF,,CAR,L-OT,0,0,0,-1,2,0,0,0,0,0,0,0,5,0.0,24,17:02,1,0,0,0,
305,2017-12-19,29,23-348,BUF,,BOS,L,0,0,0,0,0,0,0,0,0,0,0,0,3,0.0,15,10:25,2,0,0,0,
306,2017-12-22,30,23-351,BUF,,PHI,W,0,0,0,0,0,0,0,0,0,0,0,0,2,0.0,22,17:04,4,1,2,0,100.0
307,2017-12-23,31,23-352,BUF,@,CAR,L,1,0,1,1,0,1,0,0,0,0,0,0,1,100.0,23,17:33,4,0,1,1,50.0
308,2017-12-27,32,23-356,BUF,@,NYI,L-OT,1,0,1,0,0,1,0,0,0,0,0,0,4,25.0,18,14:14,4,0,0,0,
309,2017-12-29,33,23-358,BUF,@,NJD,W,0,1,1,1,2,0,0,0,0,1,0,0,0,,19,13:20,2,0,0,0,
310,2018-01-01,34,23-361,BUF,,NYR,L-OT,0,0,0,-1,0,0,0,0,0,0,0,0,2,0.0,17,13:06,2,0,0,1,0.0
311,2018-01-04,35,23-364,BUF,@,MIN,L,0,0,0,-1,0,0,0,0,0,0,0,0,1,0.0,19,13:57,1,1,0,0,
312,2018-01-05,36,24-000,BUF,@,WPG,L,0,0,0,-1,2,0,0,0,0,0,0,0,0,,19,11:29,0,1,0,0,
313,2018-01-07,37,24-002,BUF,@,PHI,L,0,0,0,-1,0,0,0,0,0,0,0,0,1,0.0,20,14:18,1,2,0,0,
314,2018-01-09,38,24-004,BUF,,WPG,L,0,0,0,-1,0,0,0,0,0,0,0,0,2,0.0,21,15:47,3,0,0,1,0.0
315,2018-01-11,39,24-006,BUF,,CBJ,W,0,0,0,0,0,0,0,0,0,0,0,0,2,0.0,19,12:03,1,1,1,0,100.0
316,2018-01-18,40,24-013,BUF,@,NYR,L,0,0,0,0,0,0,0,0,0,0,0,0,1,0.0,19,15:24,4,0,0,0,
317,2018-01-20,41,24-015,BUF,,DAL,L,0,0,0,-2,0,0,0,0,0,0,0,0,4,0.0,18,13:58,1,0,0,1,0.0
318,2018-01-22,42,24-017,BUF,@,CGY,W,0,0,0,0,0,0,0,0,0,0,0,0,1,0.0,22,17:52,0,0,1,0,100.0
319,2018-01-23,43,24-018,BUF,@,EDM,W,1,0,1,1,0,1,0,0,0,0,0,0,1,100.0,19,13:31,4,1,0,1,0.0
320,2018-01-25,44,24-020,BUF,@,VAN,W,0,0,0,0,2,0,0,0,0,0,0,0,0,,20,15:46,2,0,0,1,0.0
321,2018-01-30,45,24-025,BUF,,NJD,L,0,0,0,-1,0,0,0,0,0,0,0,0,1,0.0,20,15:51,0,0,0,0,
322,2018-02-01,46,24-027,BUF,,FLA,L,1,0,1,1,0,0,0,1,0,0,0,0,5,20.0,18,11:04,0,0,0,2,0.0
323,2018-02-03,47,24-029,BUF,,STL,L,0,0,0,-1,2,0,0,0,0,0,0,0,1,0.0,15,11:56,3,1,1,0,100.0
324,2018-02-06,48,24-032,BUF,,ANA,L-OT,1,0,1,1,0,0,0,1,0,0,0,0,5,20.0,24,17:28,1,0,0,0,
325,2018-02-08,49,24-034,BUF,,NYI,W,0,0,0,0,0,0,0,0,0,0,0,0,2,0.0,20,16:46,0,0,0,0,
326,2018-02-11,50,24-037,BUF,,COL,L,0,0,0,-1,0,0,0,0,0,0,0,0,1,0.0,17,11:16,0,1,0,0,
327,2018-02-13,51,24-039,BUF,,TBL,W,0,1,1,1,4,0,0,0,0,1,0,0,1,0.0,18,10:15,0,0,0,1,0.0
328,2018-02-15,52,24-041,BUF,@,OTT,L-OT,0,0,0,0,2,0,0,0,0,0,0,0,0,,20,13:53,3,1,0,0,
329,2018-02-17,53,24-043,BUF,,LAK,L,0,0,0,0,0,0,0,0,0,0,0,0,0,,16,12:47,1,0,2,1,66.7
330,2018-02-19,54,24-045,BUF,,WSH,L,0,0,0,0,0,0,0,0,0,0,0,0,3,0.0,18,13:49,2,0,0,0,
331,2018-02-22,55,24-048,BUF,@,DET,W,0,0,0,0,0,0,0,0,0,0,0,0,2,0.0,18,12:32,2,2,0,1,0.0
332,2018-02-24,56,24-050,BUF,@,WSH,L,0,0,0,0,0,0,0,0,0,0,0,0,4,0.0,22,14:58,1,0,1,1,50.0
333,2018-02-25,57,24-051,BUF,,BOS,W,0,0,0,0,0,0,0,0,0,0,0,0,0,,23,17:45,1,1,0,0,
334,2018-02-28,58,24-054,BUF,@,TBL,W,0,0,0,0,0,0,0,0,0,0,0,0,2,0.0,26,20:54,2,0,1,2,33.3
335,2018-03-02,59,24-056,BUF,@,FLA,L,0,0,0,-2,0,0,0,0,0,0,0,0,0,,18,14:56,1,0,4,5,44.4
336,2018-03-05,60,24-059,BUF,,TOR,W,1,0,1,2,2,1,0,0,0,0,0,0,2,50.0,24,18:02,7,1,0,0,
337,2018-03-07,61,24-061,BUF,,CGY,L,0,0,0,-2,0,0,0,0,0,0,0,0,2,0.0,22,17:13,3,0,0,0,
338,2018-03-08,62,24-062,BUF,@,OTT,W,0,0,0,0,0,0,0,0,0,0,0,0,3,0.0,27,21:29,4,1,0,0,
339,2018-03-10,63,24-064,BUF,,VEG,L-SO,0,0,0,0,0,0,0,0,0,0,0,0,2,0.0,23,16:51,1,0,1,2,33.3
340,2018-03-15,64,24-069,BUF,,TOR,L,0,0,0,0,0,0,0,0,0,0,0,0,3,0.0,24,14:14,1,0,0,0,
341,2018-03-17,65,24-071,BUF,,CHI,W,0,0,0,0,0,0,0,0,0,0,0,0,0,,5,2:56,1,0,0,0,
342,2018-03-23,66,24-077,BUF,,MTL,L,0,0,0,-1,0,0,0,0,0,0,0,0,1,0.0,19,17:36,5,0,0,1,0.0
343,2018-03-24,67,24-078,BUF,@,NYR,L,0,0,0,-2,0,0,0,0,0,0,0,0,1,0.0,22,16:05,1,0,0,0,
344,2018-03-26,68,24-080,BUF,@,TOR,W,0,2,2,1,0,0,0,0,0,2,0,0,2,0.0,23,18:38,0,0,0,0,
345,2018-03-29,69,24-083,BUF,,DET,L,0,0,0,0,0,0,0,0,0,0,0,0,3,0.0,22,16:49,0,2,0,1,0.0
346,2018-03-31,70,24-085,BUF,@,NSH,W,0,1,1,-1,2,0,0,0,0,1,0,0,1,0.0,17,12:11,1,0,1,0,100.0
347,2018-04-02,71,24-087,BUF,@,TOR,L,0,0,0,-1,0,0,0,0,0,0,0,0,2,0.0,21,14:44,2,0,3,2,60.0
348,2018-10-04,1,24-272,BUF,,BOS,L,0,0,0,0,0,0,0,0,0,0,0,0,0,,19,13:02,3,0,1,3,25.0
349,2018-10-06,2,24-274,BUF,,NYR,W,0,0,0,0,0,0,0,0,0,0,0,0,2,0.0,22,13:52,2,0,1,2,33.3
350,2018-10-08,3,24-276,BUF,,VEG,W,0,1,1,1,0,0,0,0,0,1,0,0,1,0.0,19,14:53,2,1,0,0,
351,2018-10-11,4,24-279,BUF,,COL,L,0,0,0,-2,0,0,0,0,0,0,0,0,1,0.0,19,13:02,1,0,1,0,100.0
352,2018-10-13,5,24-281,BUF,@,ARI,W,0,0,0,0,0,0,0,0,0,0,0,0,0,,19,12:52,1,0,0,0,
353,2018-10-16,6,24-284,BUF,@,VEG,L,0,0,0,0,0,0,0,0,0,0,0,0,1,0.0,19,12:24,4,1,1,0,100.0
354,2018-10-18,7,24-286,BUF,@,SJS,L,0,0,0,0,0,0,0,0,0,0,0,0,0,,23,13:59,2,0,1,1,50.0
355,2018-10-20,8,24-288,BUF,@,LAK,W,0,1,1,1,0,0,0,0,0,1,0,0,0,,24,17:21,0,1,1,0,100.0
356,2018-10-21,9,24-289,BUF,@,ANA,W,0,1,1,1,0,0,0,0,0,1,0,0,2,0.0,16,13:55,1,0,0,0,
357,2018-10-25,10,24-293,BUF,,MTL,W,0,0,0,0,0,0,0,0,0,0,0,0,2,0.0,21,16:37,0,2,1,0,100.0
358,2018-10-27,11,24-295,BUF,@,CBJ,L-OT,0,0,0,0,0,0,0,0,0,0,0,0,4,0.0,23,14:43,1,1,0,0,
359,2018-10-30,12,24-298,BUF,,CGY,L-OT,0,0,0,-1,0,0,0,0,0,0,0,0,0,,22,16:31,1,0,2,1,66.7
360,2018-11-01,13,24-300,BUF,@,OTT,L,0,0,0,0,0,0,0,0,0,0,0,0,1,0.0,14,10:00,1,0,0,0,
361,2018-11-03,14,24-302,BUF,,OTT,W,1,1,2,2,0,1,0,0,0,1,0,0,2,50.0,19,14:30,3,0,2,0,100.0
362,2018-11-04,15,24-303,BUF,@,NYR,L,0,0,0,0,0,0,0,0,0,0,0,0,3,0.0,17,12:50,2,0,0,0,
363,2018-11-08,16,24-307,BUF,@,MTL,W,0,0,0,-2,2,0,0,0,0,0,0,0,3,0.0,19,13:10,0,0,0,1,0.0
364,2018-11-13,17,24-312,BUF,,TBL,W,0,0,0,0,2,0,0,0,0,0,0,0,0,,20,14:48,2,1,1,0,100.0
365,2018-11-16,18,24-315,BUF,@,WPG,W,0,0,0,-1,0,0,0,0,0,0,0,0,0,,17,13:06,1,0,0,3,0.0
366,2018-11-17,19,24-316,BUF,@,MIN,W,0,0,0,0,0,0,0,0,0,0,0,0,3,0.0,18,12:59,1,1,0,0,
367,2018-11-19,20,24-318,BUF,@,PIT,W,0,0,0,-1,0,0,0,0,0,0,0,0,4,0.0,20,15:44,3,1,0,0,
368,2018-11-21,21,24-320,BUF,,PHI,W,0,0,0,0,0,0,0,0,0,0,0,0,0,,18,11:34,4,0,0,0,
369,2018-11-23,22,24-322,BUF,,MTL,W,0,0,0,0,0,0,0,0,0,0,0,0,0,,17,10:25,1,0,0,0,
370,2018-11-27,23,24-326,BUF,,SJS,W,0,0,0,0,0,0,0,0,0,0,0,0,1,0.0,15,12:56,1,0,0,0,
371,2018-11-29,24,24-328,BUF,@,TBL,L,1,0,1,0,0,1,0,0,0,0,0,0,2,50.0,18,14:07,2,0,0,0,
372,2018-11-30,25,24-329,BUF,@,FLA,L-OT,0,0,0,0,0,0,0,0,0,0,0,0,0,,23,17:19,4,1,0,1,0.0
373,2018-12-03,26,24-332,BUF,@,NSH,L,0,0,0,-1,0,0,0,0,0,0,0,0,0,,15,11:17,2,0,0,0,
374,2018-12-04,27,24-333,BUF,,TOR,L-OT,0,0,0,-2,0,0,0,0,0,0,0,0,0,,21,13:27,3,1,0,0,
375,2018-12-11,28,24-340,BUF,,LAK,W,1,0,1,2,0,1,0,0,0,0,0,0,1,100.0,17,12:25,3,0,2,0,100.0
376,2018-12-13,29,24-342,BUF,,ARI,W,0,0,0,1,0,0,0,0,0,0,0,0,0,,19,16:08,1,0,0,1,0.0
377,2018-12-15,30,24-344,BUF,@,WSH,L-SO,0,0,0,-1,0,0,0,0,0,0,0,0,0,,18,13:18,0,0,0,0,
378,2018-12-16,31,24-345,BUF,@,BOS,W,0,1,1,1,0,0,0,0,0,1,0,0,0,,21,16:58,2,1,0,0,
379,2018-12-18,32,24-347,BUF,,FLA,L,0,0,0,0,5,0,0,0,0,0,0,0,1,0.0,17,12:13,3,0,0,1,0.0
380,2018-12-21,33,24-350,BUF,@,WSH,L,0,0,0,1,0,0,0,0,0,0,0,0,2,0.0,16,12:20,0,0,0,0,
381,2018-12-22,34,24-351,BUF,,ANA,W,0,0,0,0,0,0,0,0,0,0,0,0,0,,19,15:09,3,2,2,0,100.0
382,2018-12-27,35,24-356,BUF,@,STL,L,0,0,0,-1,0,0,0,0,0,0,0,0,0,,15,14:03,2,0,0,2,0.0
383,2019-01-08,36,25-003,BUF,,NJD,W,0,0,0,1,0,0,0,0,0,0,0,0,1,0.0,16,14:41,0,1,0,0,
384,2019-01-11,37,25-006,BUF,@,CAR,L,0,1,1,-1,0,0,0,0,0,1,0,0,2,0.0,18,10:31,1,0,0,0,
385,2019-01-12,38,25-007,BUF,,TBL,L,0,1,1,0,0,0,0,0,0,1,0,0,1,0.0,17,14:04,3,0,0,0,
386,2019-01-14,39,25-009,BUF,@,EDM,L,0,0,0,-1,0,0,0,0,0,0,0,0,0,,18,12:48,2,0,0,0,
387,2019-01-16,40,25-011,BUF,@,CGY,W,0,0,0,1,0,0,0,0,0,0,0,0,0,,18,13:05,2,1,0,1,0.0
388,2019-01-18,41,25-013,BUF,@,VAN,L,0,1,1,1,0,0,0,0,0,1,0,0,1,0.0,16,13:37,5,0,0,0,
389,2019-01-29,42,25-024,BUF,@,CBJ,W,0,0,0,-1,0,0,0,0,0,0,0,0,1,0.0,21,13:40,2,1,0,0,
390,2019-01-30,43,25-025,BUF,@,DAL,L,0,0,0,0,0,0,0,0,0,0,0,0,3,0.0,16,12:15,5,0,0,1,0.0
391,2019-02-01,44,25-027,BUF,,CHI,L,0,0,0,0,0,0,0,0,0,0,0,0,0,,10,9:48,0,1,2,3,40.0
392,2019-02-05,45,25-031,BUF,,MIN,W,0,0,0,-2,0,0,0,0,0,0,0,0,1,0.0,18,15:07,2,0,0,1,0.0
393,2019-02-07,46,25-033,BUF,,CAR,L-OT,0,0,0,-1,0,0,0,0,0,0,0,0,1,0.0,20,13:47,2,1,0,0,
394,2019-02-09,47,25-035,BUF,,DET,W,0,0,0,0,0,0,0,0,0,0,0,0,0,,19,17:17,1,0,0,2,0.0
395,2019-02-10,48,25-036,BUF,,WPG,L,0,0,0,0,0,0,0,0,0,0,0,0,2,0.0,15,12:26,3,0,0,0,
396,2019-02-12,49,25-038,BUF,,NYI,W,0,1,1,1,0,0,0,0,0,1,0,0,3,0.0,19,16:37,1,1,0,0,
397,2019-02-15,50,25-041,BUF,,NYR,L,0,0,0,-2,0,0,0,0,0,0,0,0,1,0.0,13,9:46,0,0,0,0,
398,2019-02-17,51,25-043,BUF,@,NJD,L,0,0,0,0,0,0,0,0,0,0,0,0,0,,15,10:43,2,0,0,0,
399,2019-02-19,52,25-045,BUF,@,FLA,L,0,1,1,1,0,0,0,0,0,1,0,0,0,,21,14:31,3,2,0,1,0.0
400,2019-02-21,53,25-047,BUF,@,TBL,L-SO,0,0,0,0,0,0,0,0,0,0,0,0,3,0.0,20,16:33,4,1,0,0,
401,2019-02-23,54,25-049,BUF,,WSH,W,0,0,0,-1,0,0,0,0,0,0,0,0,3,0.0,20,15:18,3,0,1,1,50.0
402,2019-02-25,55,25-051,BUF,@,TOR,L,0,0,0,-2,0,0,0,0,0,0,0,0,3,0.0,16,12:50,1,0,0,0,
403,2019-02-26,56,25-052,BUF,@,PHI,L,0,0,0,0,0,0,0,0,0,0,0,0,1,0.0,19,16:04,2,1,0,0,
404,2019-03-01,57,25-055,BUF,,PIT,W,0,0,0,-1,0,0,0,0,0,0,0,0,1,0.0,13,10:23,3,0,0,0,
405,2019-03-02,58,25-056,BUF,@,TOR,L,0,1,1,0,0,0,0,0,0,1,0,0,2,0.0,19,15:02,4,0,0,1,0.0
406,2019-03-04,59,25-058,BUF,,EDM,L,0,0,0,-1,0,0,0,0,0,0,0,0,0,,16,9:59,1,0,0,0,
407,2019-03-07,60,25-061,BUF,@,CHI,L-SO,0,0,0,-1,0,0,0,0,0,0,0,0,0,,22,14:52,0,1,6,2,75.0
408,2019-03-09,61,25-063,BUF,@,COL,L,0,0,0,0,0,0,0,0,0,0,0,0,0,,18,11:54,2,1,0,3,0.0
409,2019-03-16,62,25-070,BUF,@,CAR,L,1,0,1,1,0,1,0,0,0,0,0,0,3,33.3,19,15:03,3,0,0,0,
410,2019-03-17,63,25-071,BUF,,STL,W,0,1,1,1,0,0,0,0,0,1,0,0,0,,18,13:16,2,0,0,0,
411,2019-03-20,64,25-074,BUF,,TOR,L,0,0,0,0,2,0,0,0,0,0,0,0,1,0.0,22,14:02,4,0,0,0,
412,2019-03-23,65,25-077,BUF,@,MTL,L,0,0,0,1,2,0,0,0,0,0,0,0,1,0.0,18,14:13,4,1,0,0,
413,2019-03-25,66,25-079,BUF,@,NJD,L,0,0,0,0,0,0,0,0,0,0,0,0,1,0.0,16,12:20,0,0,0,0,
414,2019-03-26,67,25-080,BUF,@,OTT,L,0,0,0,-1,0,0,0,0,0,0,0,0,0,,19,15:00,3,1,0,1,0.0
415,2019-03-28,68,25-082,BUF,,DET,L-OT,0,1,1,1,0,0,0,0,0,1,0,0,1,0.0,18,15:51,4,0,0,0,
416,2019-03-30,69,25-084,BUF,@,NYI,L,0,0,0,-2,0,0,0,0,0,0,0,0,0,,16,11:30,1,1,3,7,30.0
417,2019-03-31,70,25-085,BUF,,CBJ,L,0,0,0,-3,2,0,0,0,0,0,0,0,0,,12,8:18,2,0,0,1,0.0
418,2019-04-04,71,25-089,BUF,,OTT,W,0,0,0,1,0,0,0,0,0,0,0,0,3,0.0,20,16:45,3,0,0,0,
419,2019-04-06,72,25-091,BUF,@,DET,W,1,0,1,1,2,1,0,0,0,0,0,0,2,50.0,16,12:08,2,0,0,0,
420,2019-10-03,1,25-271,BUF,@,PIT,W,0,0,0,0,2,0,0,0,0,0,0,0,3,0.0,23,12:56,2,0,0,0,
421,2019-10-05,2,25-273,BUF,,NJD,W,0,1,1,1,0,0,0,0,0,1,0,0,1,0.0,17,12:38,0,0,0,0,
422,2019-10-07,3,25-275,BUF,@,CBJ,L-OT,0,0,0,0,0,0,0,0,0,0,0,0,0,,18,13:57,1,0,0,0,
423,2019-10-09,4,25-277,BUF,,MTL,W,0,0,0,-1,0,0,0,0,0,0,0,0,1,0.0,19,14:23,1,0,0,0,
424,2019-10-11,5,25-279,BUF,,FLA,W,0,2,2,0,0,0,0,0,0,2,0,0,2,0.0,19,14:59,1,0,0,0,
425,2019-10-14,6,25-282,BUF,,DAL,W,0,0,0,0,0,0,0,0,0,0,0,0,0,,21,14:11,2,0,2,0,100.0
426,2019-10-16,7,25-284,BUF,@,ANA,L,0,0,0,-1,0,0,0,0,0,0,0,0,0,,17,10:01,0,0,0,1,0.0
427,2019-10-17,8,25-285,BUF,@,LAK,W,0,0,0,0,0,0,0,0,0,0,0,0,3,0.0,21,15:32,2,0,0,1,0.0
428,2019-10-19,9,25-287,BUF,@,SJS,W,1,0,1,1,0,1,0,0,1,0,0,0,2,50.0,18,12:06,0,0,0,1,0.0
429,2019-10-22,10,25-290,BUF,,SJS,W,0,0,0,-1,0,0,0,0,0,0,0,0,0,,18,11:45,2,1,1,1,50.0
430,2019-10-24,11,25-292,BUF,@,NYR,L,0,0,0,-1,0,0,0,0,0,0,0,0,2,0.0,17,10:51,0,0,0,0,
431,2019-10-25,12,25-293,BUF,@,DET,W,0,0,0,0,0,0,0,0,0,0,0,0,0,,21,16:04,2,0,1,2,33.3
432,2019-10-28,13,25-296,BUF,,ARI,L-SO,0,0,0,-1,0,0,0,0,0,0,0,0,1,0.0,16,14:14,0,0,0,0,
433,2019-11-01,14,25-300,BUF,@,WSH,L,0,0,0,-1,0,0,0,0,0,0,0,0,1,0.0,19,12:59,3,1,0,0,
434,2019-11-02,15,25-301,BUF,,NYI,L,0,0,0,0,0,0,0,0,0,0,0,0,3,0.0,16,12:03,1,0,0,0,
435,2019-11-08,16,25-307,BUF,,TBL,L,0,0,0,0,0,0,0,0,0,0,0,0,0,,18,12:53,2,0,1,1,50.0
436,2019-11-09,17,25-308,BUF,@,TBL,L,0,0,0,0,0,0,0,0,0,0,0,0,0,,13,8:59,3,0,1,1,50.0
437,2019-11-14,18,25-313,BUF,,CAR,L-OT,0,0,0,0,0,0,0,0,0,0,0,0,0,,16,12:35,0,1,1,2,33.3
438,2019-11-16,19,25-315,BUF,,OTT,W,0,0,0,1,0,0,0,0,0,0,0,0,0,,22,15:48,2,1,5,0,100.0
439,2019-11-17,20,25-316,BUF,@,CHI,L,0,0,0,1,2,0,0,0,0,0,0,0,1,0.0,19,11:33,3,0,0,0,
440,2019-11-19,21,25-318,BUF,,MIN,L,0,0,0,0,0,0,0,0,0,0,0,0,1,0.0,21,15:22,1,0,0,1,0.0
441,2019-11-21,22,25-320,BUF,@,BOS,L,0,0,0,0,0,0,0,0,0,0,0,0,0,,15,10:23,1,0,0,1,0.0
442,2019-11-24,23,25-323,BUF,@,FLA,W,2,0,2,2,0,2,0,0,0,0,0,0,3,66.7,22,16:00,3,0,0,1,0.0
443,2019-11-25,24,25-324,BUF,@,TBL,L,0,0,0,-1,0,0,0,0,0,0,0,0,3,0.0,20,13:47,2,0,4,1,80.0
444,2019-11-27,25,25-326,BUF,,CGY,L-OT,0,0,0,0,0,0,0,0,0,0,0,0,2,0.0,12,9:55,1,0,0,0,
445,2019-11-29,26,25-328,BUF,,TOR,W,0,0,0,0,0,0,0,0,0,0,0,0,0,,19,11:26,0,1,0,0,
446,2019-11-30,27,25-329,BUF,@,TOR,L-OT,0,0,0,0,0,0,0,0,0,0,0,0,0,,12,9:27,3,0,0,0,
447,2019-12-02,28,25-331,BUF,,NJD,W,0,0,0,0,4,0,0,0,0,0,0,0,1,0.0,17,12:19,1,1,1,1,50.0
448,2019-12-05,29,25-334,BUF,@,CGY,L,0,0,0,0,0,0,0,0,0,0,0,0,1,0.0,11,8:22,1,0,1,0,100.0
449,2019-12-07,30,25-336,BUF,@,VAN,L-OT,1,0,1,1,0,1,0,0,0,0,0,0,1,100.0,18,12:45,2,0,0,2,0.0
450,2019-12-08,31,25-337,BUF,@,EDM,W,0,0,0,1,0,0,0,0,0,0,0,0,1,0.0,21,13:18,3,0,0,0,
451,2019-12-10,32,25-339,BUF,,STL,W,1,1,2,2,0,1,0,0,0,1,0,0,2,50.0,21,15:45,2,0,0,1,0.0
452,2019-12-12,33,25-341,BUF,,NSH,W,0,0,0,-1,0,0,0,0,0,0,0,0,4,0.0,22,18:13,2,2,0,1,0.0
453,2019-12-14,34,25-343,BUF,@,NYI,L-OT,0,0,0,0,0,0,0,0,0,0,0,0,2,0.0,19,13:34,2,0,0,1,0.0
454,2019-12-17,35,25-346,BUF,@,TOR,L,0,0,0,-1,2,0,0,0,0,0,0,0,0,,14,9:05,3,1,0,0,
455,2019-12-19,36,25-348,BUF,@,PHI,L,0,0,0,0,0,0,0,0,0,0,0,0,0,,24,17:59,1,1,4,9,30.8
456,2019-12-21,37,25-350,BUF,,LAK,W,0,0,0,-1,0,0,0,0,0,0,0,0,3,0.0,26,18:19,1,0,2,0,100.0
457,2019-12-23,38,25-352,BUF,@,OTT,L,1,0,1,1,0,1,0,0,0,0,0,0,2,50.0,22,16:25,1,0,0,1,0.0
458,2019-12-27,39,25-356,BUF,,BOS,L,0,0,0,0,0,0,0,0,0,0,0,0,0,,18,15:49,1,0,0,2,0.0
459,2019-12-29,40,25-358,BUF,@,BOS,L,0,0,0,0,0,0,0,0,0,0,0,0,0,,21,15:24,3,1,0,0,
460,2019-12-31,41,25-360,BUF,,TBL,L,0,0,0,0,0,0,0,0,0,0,0,0,2,0.0,20,13:18,0,0,0,0,
461,2020-01-02,42,25-362,BUF,,EDM,W,0,0,0,0,0,0,0,0,0,0,0,0,4,0.0,20,16:25,2,0,0,0,
462,2020-01-04,43,25-364,BUF,,FLA,W,0,0,0,0,0,0,0,0,0,0,0,0,1,0.0,22,16:50,2,0,0,0,
463,2020-01-09,44,26-004,BUF,@,STL,L,0,0,0,-3,0,0,0,0,0,0,0,0,0,,19,11:37,4,0,0,0,
464,2020-01-11,45,26-006,BUF,,VAN,L,1,0,1,-1,0,1,0,0,0,0,0,0,1,100.0,21,14:50,3,0,0,1,0.0
465,2020-01-12,46,26-007,BUF,@,DET,W,1,0,1,1,0,0,0,1,0,0,0,0,2,50.0,18,13:47,2,0,2,2,50.0
466,2020-01-14,47,26-009,BUF,,VEG,W,0,0,0,1,0,0,0,0,0,0,0,0,1,0.0,21,15:53,0,0,0,1,0.0
467,2020-01-16,48,26-011,BUF,@,DAL,W,1,0,1,1,0,1,0,0,0,0,0,0,1,100.0,27,18:36,1,1,1,1,50.0
468,2020-01-18,49,26-013,BUF,@,NSH,L,0,0,0,0,0,0,0,0,0,0,0,0,1,0.0,20,14:44,2,0,0,1,0.0
469,2020-01-28,50,26-023,BUF,,OTT,L,0,1,1,1,0,0,0,0,0,1,0,0,2,0.0,21,11:57,1,0,1,1,50.0
470,2020-01-30,51,26-025,BUF,,MTL,L,0,0,0,-1,0,0,0,0,0,0,0,0,2,0.0,18,13:31,3,0,0,0,
471,2020-02-01,52,26-027,BUF,,CBJ,W,0,0,0,1,0,0,0,0,0,0,0,0,2,0.0,20,13:45,3,0,0,0,
472,2020-02-04,53,26-030,BUF,,COL,L,0,0,0,-3,0,0,0,0,0,0,0,0,1,0.0,20,13:49,1,0,0,1,0.0
473,2020-02-06,54,26-032,BUF,,DET,L-SO,0,0,0,0,0,0,0,0,0,0,0,0,1,0.0,18,11:54,2,0,0,0,
474,2020-02-07,55,26-033,BUF,@,NYR,W,1,0,1,1,0,1,0,0,0,0,0,0,4,25.0,23,17:26,4,1,0,0,
475,2020-02-09,56,26-035,BUF,,ANA,L,0,0,0,1,0,0,0,0,0,0,0,0,1,0.0,20,13:52,0,0,0,0,
476,2020-02-11,57,26-037,BUF,,DET,W,0,0,0,0,0,0,0,0,0,0,0,0,1,0.0,16,11:25,0,1,1,0,100.0
477,2020-02-13,58,26-039,BUF,,CBJ,W,0,0,0,0,0,0,0,0,0,0,0,0,1,0.0,24,16:02,1,1,0,1,0.0
478,2020-02-16,59,26-042,BUF,,TOR,W,0,0,0,-1,0,0,0,0,0,0,0,0,1,0.0,19,14:39,0,1,1,0,100.0
479,2020-02-18,60,26-044,BUF,@,OTT,L,0,0,0,0,0,0,0,0,0,0,0,0,0,,16,10:15,1,1,0,0,
480,2020-02-22,61,26-048,BUF,@,PIT,W,1,0,1,0,0,1,0,0,0,0,0,0,1,100.0,22,13:50,2,0,0,0,
481,2020-02-23,62,26-049,BUF,,WPG,W,0,2,2,2,0,0,0,0,0,2,0,0,1,0.0,19,14:05,4,0,0,0,
482,2020-02-26,63,26-052,BUF,@,COL,L,1,0,1,1,0,1,0,0,0,0,0,0,1,100.0,20,14:50,0,0,0,1,0.0
483,2020-02-28,64,26-054,BUF,@,VEG,L,0,0,0,0,0,0,0,0,0,0,0,0,0,,20,14:43,4,0,0,0,
484,2020-02-29,65,26-055,BUF,@,ARI,L,0,0,0,0,0,0,0,0,0,0,0,0,1,0.0,18,15:48,1,1,0,1,0.0
485,2020-03-03,66,26-058,BUF,@,WPG,L,0,0,0,1,0,0,0,0,0,0,0,0,1,0.0,19,14:35,2,0,0,0,
486,2020-03-05,67,26-060,BUF,,PIT,L,0,0,0,-1,0,0,0,0,0,0,0,0,2,0.0,20,15:25,1,2,0,0,
487,2020-03-07,68,26-062,BUF,@,PHI,L,0,0,0,-1,0,0,0,0,0,0,0,0,2,0.0,17,13:40,2,0,0,0,
488,2020-03-09,69,26-064,BUF,,WSH,W,0,0,0,-2,0,0,0,0,0,0,0,0,1,0.0,22,16:11,1,0,0,0,
