,date_game,game_season,age,team_id,game_location,opp_id,game_result,goals,assists,points,plus_minus,pen_min,goals_ev,goals_pp,goals_sh,goals_gw,assists_ev,assists_pp,assists_sh,shots,shot_pct,shifts,time_on_ice,hits_all,blocks_all,faceoff_wins_all,faceoff_losses_all,faceoff_percentage_all
0,2009-10-16,1,22-011,VAN,@,CGY,L,0,1,1,0,0,0,0,0,0,,,,3,0.0,18,12:06,1,0,0,1,0.0
1,2009-10-17,2,22-012,VAN,,MIN,W,0,0,0,1,0,0,0,0,0,,,,3,0.0,19,14:27,0,0,0,0,
2,2009-10-19,3,22-014,VAN,@,EDM,L,0,0,0,-2,2,0,0,0,0,,,,1,0.0,23,15:04,1,0,0,0,
3,2009-10-21,4,22-016,VAN,@,CHI,W,1,0,1,-1,0,0,1,0,0,,,,5,20.0,22,15:52,3,0,0,0,
4,2009-10-24,5,22-019,VAN,,TOR,W,0,2,2,0,0,0,0,0,0,,,,6,0.0,20,16:28,1,0,0,0,
5,2009-10-25,6,22-020,VAN,,EDM,W,1,0,1,0,4,0,1,0,1,,,,7,14.3,22,13:09,0,0,0,0,
6,2009-10-27,7,22-022,VAN,,DET,L,0,0,0,1,0,0,0,0,0,,,,2,0.0,26,17:35,1,0,0,0,
7,2009-10-29,8,22-024,VAN,@,LAK,W,0,0,0,0,0,0,0,0,0,,,,0,,25,18:19,0,0,0,0,
8,2009-10-30,9,22-025,VAN,@,ANA,L,0,0,0,0,0,0,0,0,0,,,,4,0.0,22,15:18,0,0,0,0,
9,2010-03-18,10,22-164,VAN,,SJS,W,0,0,0,0,0,0,0,0,0,,,,2,0.0,16,11:07,0,1,0,0,
10,2010-03-20,11,22-166,VAN,,DET,L-OT,0,0,0,-1,0,0,0,0,0,,,,2,0.0,17,11:20,0,0,0,0,
11,2010-03-23,12,22-169,VAN,@,EDM,L,0,1,1,-1,0,0,0,0,0,,,,3,0.0,19,14:03,0,0,0,0,
12,2010-03-24,13,22-170,VAN,,ANA,W,0,0,0,-1,0,0,0,0,0,,,,5,0.0,15,10:49,0,0,0,0,
13,2010-03-27,14,22-173,VAN,@,SJS,L,0,0,0,0,0,0,0,0,0,,,,4,0.0,24,16:14,0,0,0,0,
14,2010-03-30,15,22-176,VAN,,PHX,W,0,1,1,1,0,0,0,0,0,,,,2,0.0,19,11:08,0,0,0,0,
15,2010-04-01,16,22-178,VAN,@,LAK,L,0,1,1,1,0,0,0,0,0,,,,1,0.0,23,16:05,1,0,0,0,
16,2010-04-02,17,22-179,VAN,@,ANA,W,3,0,3,3,0,3,0,0,0,,,,6,50.0,20,13:37,0,0,0,0,
17,2010-04-04,18,22-181,VAN,,MIN,W,0,0,0,0,2,0,0,0,0,,,,4,0.0,14,9:20,0,0,0,0,
18,2010-04-06,19,22-183,VAN,,COL,L-SO,0,0,0,0,0,0,0,0,0,,,,0,,17,12:37,1,0,1,0,100.0
19,2010-04-08,20,22-185,VAN,@,SJS,L,0,0,0,1,0,0,0,0,0,,,,3,0.0,18,13:29,0,0,0,0,
20,2010-10-11,1,23-006,NYI,,NYR,W,0,0,0,0,0,0,0,0,0,,,,1,0.0,18,13:12,0,0,0,0,
21,2010-10-13,2,23-008,NYI,@,WSH,L,0,1,1,1,0,0,0,0,0,,,,1,0.0,23,13:17,0,0,0,0,
22,2010-10-15,3,23-010,NYI,@,PIT,L-OT,0,0,0,0,0,0,0,0,0,,,,2,0.0,21,12:55,0,0,0,0,
23,2010-10-16,4,23-011,NYI,,COL,W,1,0,1,1,0,1,0,0,0,,,,2,50.0,19,11:10,1,0,0,0,
24,2010-10-18,5,23-013,NYI,@,TOR,W,0,0,0,0,0,0,0,0,0,,,,0,,23,15:36,0,0,0,0,
25,2010-10-21,6,23-016,NYI,@,TBL,W,1,0,1,1,0,1,0,0,0,,,,3,33.3,19,13:44,1,1,0,0,
26,2010-10-23,7,23-018,NYI,@,FLA,L,0,0,0,-2,0,0,0,0,0,,,,2,0.0,24,14:45,0,0,0,0,
27,2010-11-03,8,23-029,NYI,@,CAR,L,1,0,1,0,0,1,0,0,0,,,,3,33.3,18,11:10,0,1,0,0,
28,2010-11-04,9,23-030,NYI,@,OTT,L,0,0,0,-2,0,0,0,0,0,,,,3,0.0,20,16:36,0,0,0,0,
29,2010-11-06,10,23-032,NYI,,PHI,L,0,0,0,-1,2,0,0,0,0,,,,0,,18,12:14,0,0,0,0,
30,2010-11-10,11,23-036,NYI,@,ANA,L,0,0,0,0,0,0,0,0,0,,,,2,0.0,15,10:34,0,1,0,0,
31,2010-11-11,12,23-037,NYI,@,SJS,L-SO,0,0,0,0,0,0,0,0,0,,,,2,0.0,21,13:35,1,0,0,0,
32,2010-11-13,13,23-039,NYI,@,LAK,L,0,0,0,0,0,0,0,0,0,,,,1,0.0,17,11:03,0,0,0,1,0.0
33,2010-11-17,14,23-043,NYI,,TBL,L,0,0,0,-1,0,0,0,0,0,,,,2,0.0,18,13:15,2,0,0,0,
34,2010-11-20,15,23-046,NYI,,FLA,L,0,0,0,-1,0,0,0,0,0,,,,2,0.0,15,10:13,2,0,0,1,0.0
35,2010-11-21,16,23-047,NYI,@,ATL,L-OT,1,0,1,1,0,1,0,0,0,,,,3,33.3,21,13:41,3,2,0,0,
36,2010-11-24,17,23-050,NYI,,CBJ,L-OT,1,1,2,0,0,1,0,0,0,,,,2,50.0,21,15:23,0,0,0,0,
37,2010-11-26,18,23-052,NYI,,NJD,W,0,1,1,1,0,0,0,0,0,,,,0,,17,11:55,1,0,0,0,
38,2010-12-02,19,23-058,NYI,,NYR,L,1,0,1,0,0,1,0,0,0,,,,3,33.3,20,14:58,2,0,0,0,
39,2010-12-03,20,23-059,NYI,@,NYR,L,0,0,0,0,0,0,0,0,0,,,,0,,16,11:40,2,0,0,1,0.0
40,2010-12-05,21,23-061,NYI,,PHI,L,0,0,0,-1,0,0,0,0,0,,,,3,0.0,21,16:33,1,0,0,0,
41,2010-12-09,22,23-065,NYI,@,BOS,L,0,0,0,0,0,0,0,0,0,,,,1,0.0,19,12:19,0,0,0,0,
42,2010-12-11,23,23-067,NYI,,ATL,L,0,0,0,0,0,0,0,0,0,,,,3,0.0,19,11:28,0,,,,
43,2010-12-13,24,23-069,NYI,@,NSH,L,0,0,0,0,0,0,0,0,0,,,,1,0.0,13,10:20,0,0,0,0,
44,2010-12-16,25,23-072,NYI,,ANA,W,0,0,0,-1,0,0,0,0,0,,,,1,0.0,19,11:19,0,1,0,0,
45,2010-12-18,26,23-074,NYI,,PHX,L-SO,1,0,1,0,2,1,0,0,0,,,,4,25.0,23,14:01,0,1,1,0,100.0
46,2010-12-22,27,23-078,NYI,,TBL,W,0,0,0,0,0,0,0,0,0,,,,0,,23,17:05,0,0,0,0,
47,2010-12-23,28,23-079,NYI,@,NJD,W,0,0,0,1,2,0,0,0,0,,,,0,,29,18:21,0,1,0,0,
48,2010-12-26,29,23-082,NYI,,MTL,W,1,0,1,1,0,1,0,0,1,,,,2,50.0,17,11:22,1,0,0,0,
49,2010-12-27,30,23-083,NYI,@,NYR,L,0,0,0,0,0,0,0,0,0,,,,4,0.0,20,13:00,0,0,0,0,
50,2010-12-29,31,23-085,NYI,,PIT,W,0,0,0,1,0,0,0,0,0,,,,3,0.0,25,16:12,1,0,0,0,
51,2010-12-31,32,23-087,NYI,@,DET,W,0,0,0,-2,0,0,0,0,0,,,,0,,23,14:24,0,0,0,0,
52,2011-01-03,33,23-090,NYI,@,CGY,W,1,0,1,1,0,1,0,0,0,,,,4,25.0,23,18:41,0,1,0,0,
53,2011-01-06,34,23-093,NYI,@,EDM,L,0,0,0,0,0,0,0,0,0,,,,1,0.0,15,11:27,0,0,0,0,
54,2011-01-08,35,23-095,NYI,@,COL,W,0,0,0,-1,0,0,0,0,0,,,,1,0.0,22,13:55,0,0,0,0,
55,2011-01-09,36,23-096,NYI,@,CHI,L,0,0,0,-1,0,0,0,0,0,,,,4,0.0,19,10:02,0,0,0,0,
56,2011-01-11,37,23-098,NYI,,VAN,L-SO,0,0,0,1,0,0,0,0,0,,,,7,0.0,22,17:23,0,0,0,0,
57,2011-01-13,38,23-100,NYI,,OTT,L,0,1,1,-1,0,0,0,0,0,,,,3,0.0,16,11:40,0,0,0,0,
58,2011-01-15,39,23-102,NYI,,BUF,W,1,0,1,1,0,0,0,1,0,,,,6,16.7,17,11:22,0,1,1,0,100.0
59,2011-01-17,40,23-104,NYI,,NJD,L,1,0,1,1,0,1,0,0,0,,,,4,25.0,17,13:01,0,1,0,0,
60,2011-01-20,41,23-107,NYI,,WSH,L,1,0,1,0,0,1,0,0,0,,,,3,33.3,19,14:58,0,0,0,0,
61,2011-01-21,42,23-108,NYI,@,BUF,W,2,0,2,1,0,1,1,0,0,,,,5,40.0,18,13:06,1,0,0,0,
62,2011-01-23,43,23-110,NYI,,BUF,L,0,1,1,1,0,0,0,0,0,,,,4,0.0,18,14:05,0,1,0,0,
63,2011-01-25,44,23-112,NYI,@,PIT,L,0,0,0,0,0,0,0,0,0,,,,2,0.0,19,15:32,0,0,0,0,
64,2011-01-26,45,23-113,NYI,,CAR,L,1,1,2,2,0,1,0,0,0,,,,3,33.3,19,14:52,0,0,0,0,
65,2011-02-01,46,23-119,NYI,@,ATL,W,0,1,1,2,0,0,0,0,0,,,,1,0.0,21,15:49,0,0,0,0,
66,2011-02-02,47,23-120,NYI,@,PIT,L,0,0,0,-1,0,0,0,0,0,,,,1,0.0,21,17:47,1,0,0,0,
67,2011-02-05,48,23-123,NYI,,OTT,W,1,1,2,0,0,1,0,0,0,,,,6,16.7,21,17:39,0,0,0,0,
68,2011-02-08,49,23-126,NYI,,TOR,L,1,0,1,1,0,1,0,0,0,,,,3,33.3,23,16:41,0,0,0,0,
69,2011-02-10,50,23-128,NYI,@,MTL,W,2,0,2,2,0,2,0,0,0,,,,6,33.3,28,20:43,0,2,0,0,
70,2011-02-11,51,23-129,NYI,,PIT,W,2,1,3,3,0,1,0,1,1,,,,8,25.0,24,20:11,0,0,0,0,
71,2011-02-13,52,23-131,NYI,@,BUF,W,3,0,3,1,0,3,0,0,1,,,,6,50.0,19,15:06,0,0,0,0,
72,2011-02-15,53,23-133,NYI,@,OTT,W,1,1,2,1,0,0,0,1,0,,,,3,33.3,22,17:25,0,0,0,0,
73,2011-02-17,54,23-135,NYI,,BOS,L,0,0,0,0,0,0,0,0,0,,,,4,0.0,19,14:16,0,0,0,0,
74,2011-02-19,55,23-137,NYI,,LAK,W,0,1,1,1,0,0,0,0,0,,,,5,0.0,20,16:24,0,1,0,0,
75,2011-02-21,56,23-139,NYI,,FLA,W,0,0,0,0,0,0,0,0,0,,,,7,0.0,23,21:34,0,0,0,1,0.0
76,2011-02-22,57,23-140,NYI,@,TOR,L,0,0,0,-1,0,0,0,0,0,,,,3,0.0,22,16:56,0,1,0,0,
77,2011-02-24,58,23-142,NYI,@,PHI,L-OT,0,0,0,-2,0,0,0,0,0,,,,4,0.0,23,19:22,0,0,0,0,
78,2011-02-26,59,23-144,NYI,,WSH,L,0,1,1,2,0,0,0,0,0,,,,2,0.0,23,18:10,0,1,0,0,
79,2011-03-01,60,23-147,NYI,@,WSH,L-OT,0,0,0,-2,0,0,0,0,0,,,,2,0.0,26,20:05,0,1,0,0,
80,2011-03-02,61,23-148,NYI,,MIN,W,0,1,1,1,0,0,0,0,0,,,,2,0.0,22,15:11,0,0,0,0,
81,2011-03-05,62,23-151,NYI,,STL,W,1,1,2,1,0,1,0,0,0,,,,2,50.0,22,16:35,0,0,0,0,
82,2011-03-06,63,23-152,NYI,,NJD,L-SO,0,0,0,0,0,0,0,0,0,,,,3,0.0,25,21:03,0,0,0,0,
83,2011-03-08,64,23-154,NYI,,TOR,W,1,0,1,2,2,1,0,0,0,,,,3,33.3,22,16:12,0,1,0,0,
84,2011-03-11,65,23-157,NYI,,BOS,W,1,0,1,2,0,1,0,0,0,,,,7,14.3,20,15:41,0,0,0,0,
85,2011-03-12,66,23-158,NYI,@,NJD,L-OT,0,0,0,0,0,0,0,0,0,,,,4,0.0,24,18:35,0,0,0,0,
86,2011-03-15,67,23-161,NYI,@,NYR,L,0,0,0,0,2,0,0,0,0,,,,3,0.0,23,15:24,1,0,0,0,
87,2011-03-18,68,23-164,NYI,@,CAR,L-OT,1,1,2,1,0,1,0,0,0,,,,9,11.1,24,17:13,0,0,0,0,
88,2011-03-19,69,23-165,NYI,@,FLA,W,1,1,2,-1,0,0,0,1,0,,,,1,100.0,20,15:33,0,1,0,0,
89,2011-03-22,70,23-168,NYI,@,TBL,W,1,1,2,2,0,0,0,1,0,,,,6,16.7,23,15:52,1,1,0,0,
90,2011-03-24,71,23-170,NYI,,ATL,L,0,0,0,0,0,0,0,0,0,,,,5,0.0,22,15:44,0,1,0,0,
91,2011-03-26,72,23-172,NYI,,PHI,L,0,0,0,-1,0,0,0,0,0,,,,2,0.0,20,18:48,0,0,0,0,
92,2011-04-02,73,23-179,NYI,,CAR,L,0,0,0,-1,0,0,0,0,0,,,,2,0.0,20,14:24,0,0,0,0,
93,2011-04-06,74,23-183,NYI,@,BOS,L,2,0,2,-1,0,0,1,1,0,,,,6,33.3,21,15:45,0,0,0,0,
94,2011-04-08,75,23-185,NYI,,PIT,L-SO,0,1,1,0,0,0,0,0,0,,,,4,0.0,26,20:20,0,2,0,0,
95,2011-04-09,76,23-186,NYI,@,PHI,L,1,0,1,-1,0,1,0,0,0,,,,5,20.0,26,18:27,0,0,0,0,
96,2011-10-08,1,24-003,NYI,,FLA,L,0,0,0,0,0,0,0,0,0,,,,1,0.0,21,17:54,0,2,0,0,
97,2011-10-10,2,24-005,NYI,,MIN,W,0,0,0,0,0,0,0,0,0,,,,0,,21,17:30,0,0,0,0,
98,2011-10-13,3,24-008,NYI,,TBL,W,1,0,1,0,0,1,0,0,0,,,,4,25.0,21,16:38,0,0,0,0,
99,2011-10-15,4,24-010,NYI,,NYR,W,0,0,0,-2,0,0,0,0,0,,,,0,,19,14:51,0,0,0,0,
100,2011-10-20,5,24-015,NYI,@,TBL,L,1,0,1,0,0,1,0,0,0,,,,1,100.0,19,15:55,1,0,0,0,
101,2011-10-22,6,24-017,NYI,@,FLA,L,0,0,0,0,0,0,0,0,0,,,,3,0.0,22,19:18,1,0,0,0,
102,2011-10-25,7,24-020,NYI,,PIT,L,0,0,0,-1,0,0,0,0,0,,,,2,0.0,19,16:15,0,0,0,0,
103,2011-10-27,8,24-022,NYI,@,PIT,L-SO,0,0,0,1,0,0,0,0,0,,,,0,,26,16:16,0,1,0,0,
104,2011-10-29,9,24-024,NYI,,SJS,L-OT,1,0,1,0,0,0,1,0,0,,,,2,50.0,22,16:24,0,0,0,0,
105,2011-11-03,10,24-029,NYI,,WPG,L,0,0,0,-2,0,0,0,0,0,,,,2,0.0,18,13:29,0,0,0,0,
106,2011-11-05,11,24-031,NYI,,WSH,W,0,0,0,0,0,0,0,0,0,,,,2,0.0,19,14:24,1,0,0,0,
107,2011-11-07,12,24-033,NYI,@,BOS,L,1,1,2,0,0,1,0,0,0,,,,1,100.0,21,17:49,1,1,0,0,
108,2011-11-10,13,24-036,NYI,@,COL,L-OT,1,0,1,1,0,1,0,0,0,,,,5,20.0,23,16:32,0,0,0,0,
109,2011-11-13,14,24-039,NYI,@,VAN,L,0,1,1,0,0,0,0,0,0,,,,3,0.0,19,16:04,1,2,0,0,
110,2011-11-15,15,24-041,NYI,,NYR,L,0,0,0,0,2,0,0,0,0,,,,3,0.0,25,18:47,2,1,0,0,
111,2011-11-17,16,24-043,NYI,,MTL,W,0,0,0,1,2,0,0,0,0,,,,3,0.0,21,16:18,0,0,0,0,
112,2011-11-19,17,24-045,NYI,,BOS,L,0,0,0,-1,0,0,0,0,0,,,,1,0.0,21,15:57,0,3,0,0,
113,2011-11-21,18,24-047,NYI,@,PIT,L,0,0,0,0,0,0,0,0,0,,,,2,0.0,18,14:23,0,0,0,0,
114,2011-11-23,19,24-049,NYI,,PHI,L-OT,1,2,3,1,0,1,0,0,0,,,,6,16.7,25,21:44,0,0,1,0,100.0
115,2011-11-25,20,24-051,NYI,,NJD,L,0,0,0,0,2,0,0,0,0,,,,3,0.0,21,18:20,0,0,0,0,
116,2011-11-26,21,24-052,NYI,@,NJD,W,1,0,1,-1,2,0,0,1,1,,,,5,20.0,25,18:26,0,0,0,0,
117,2011-11-29,22,24-055,NYI,@,BUF,W,0,0,0,0,0,0,0,0,0,,,,1,0.0,26,17:02,0,0,0,0,
118,2011-12-02,23,24-058,NYI,@,CHI,L-SO,0,0,0,0,0,0,0,0,0,,,,2,0.0,29,20:58,0,1,0,0,
119,2011-12-03,24,24-059,NYI,@,DAL,W,0,0,0,-2,0,0,0,0,0,,,,2,0.0,20,16:51,1,0,0,0,
120,2011-12-08,25,24-064,NYI,,CHI,L-OT,1,0,1,0,0,1,0,0,0,,,,3,33.3,21,14:39,0,0,0,1,0.0
121,2011-12-10,26,24-066,NYI,,PIT,L,0,1,1,-1,0,0,0,0,0,,,,5,0.0,24,18:32,0,0,0,0,
122,2011-12-13,27,24-069,NYI,@,MTL,L,0,0,0,-2,0,0,0,0,0,,,,1,0.0,23,18:03,0,1,0,0,
123,2011-12-15,28,24-071,NYI,,DAL,L,1,0,1,0,0,1,0,0,0,,,,3,33.3,26,20:39,1,1,1,0,100.0
124,2011-12-17,29,24-073,NYI,@,MIN,W,0,0,0,0,0,0,0,0,0,,,,4,0.0,25,18:44,0,0,0,0,
125,2011-12-20,30,24-076,NYI,@,WPG,W,1,0,1,0,0,1,0,0,0,,,,2,50.0,24,17:48,0,0,0,0,
126,2011-12-22,31,24-078,NYI,@,NYR,L,0,0,0,-3,0,0,0,0,0,,,,3,0.0,23,16:15,0,0,0,0,
127,2011-12-23,32,24-079,NYI,,TOR,L,0,0,0,0,0,0,0,0,0,,,,2,0.0,20,14:52,1,0,0,0,
128,2011-12-26,33,24-082,NYI,@,NYR,L,0,0,0,-2,0,0,0,0,0,,,,0,,20,16:28,0,0,0,0,
129,2011-12-29,34,24-085,NYI,,CGY,W,0,0,0,0,2,0,0,0,0,,,,1,0.0,18,14:11,0,0,0,0,
130,2011-12-31,35,24-087,NYI,,EDM,W,0,1,1,1,0,0,0,0,0,,,,2,0.0,20,15:03,0,0,0,0,
131,2012-01-03,36,24-090,NYI,@,CAR,W,0,0,0,0,0,0,0,0,0,,,,3,0.0,20,15:33,0,1,0,0,
132,2012-01-06,37,24-093,NYI,@,ANA,L,0,1,1,-1,0,0,0,0,0,,,,1,0.0,18,13:54,0,0,0,0,
133,2012-01-07,38,24-094,NYI,@,PHX,L,0,0,0,-1,0,0,0,0,0,,,,1,0.0,14,11:28,1,1,0,0,
134,2012-01-10,39,24-097,NYI,,DET,W,1,0,1,1,0,1,0,0,0,,,,4,25.0,18,13:56,1,0,0,0,
135,2012-01-12,40,24-099,NYI,,PHI,L,0,0,0,-1,0,0,0,0,0,,,,4,0.0,16,12:02,1,0,0,0,
136,2012-01-14,41,24-101,NYI,,BUF,W,2,0,2,1,0,2,0,0,1,,,,5,40.0,19,14:16,1,0,0,0,
137,2012-01-16,42,24-103,NYI,,NSH,L,0,0,0,-1,0,0,0,0,0,,,,4,0.0,24,18:00,0,0,0,0,
138,2012-01-17,43,24-104,NYI,@,WSH,W,0,0,0,1,0,0,0,0,0,,,,0,,20,14:44,0,0,0,1,0.0
139,2012-01-19,44,24-106,NYI,@,PHI,W,1,0,1,1,0,1,0,0,0,,,,5,20.0,25,18:07,0,0,0,0,
140,2012-01-21,45,24-108,NYI,,CAR,W,0,0,0,0,0,0,0,0,0,,,,4,0.0,21,15:57,0,0,0,0,
141,2012-01-23,46,24-110,NYI,@,TOR,L,0,0,0,-2,0,0,0,0,0,,,,0,,19,14:27,1,0,0,0,
142,2012-01-24,47,24-111,NYI,,TOR,L-OT,0,0,0,0,0,0,0,0,0,,,,1,0.0,24,18:07,0,4,0,0,
143,2012-01-31,48,24-118,NYI,@,CAR,W,0,0,0,0,0,0,0,0,0,,,,3,0.0,19,13:49,0,0,0,0,
144,2012-02-03,49,24-121,NYI,@,OTT,W,0,0,0,0,0,0,0,0,0,,,,1,0.0,21,14:56,0,0,0,0,
145,2012-02-04,50,24-122,NYI,,BUF,L-SO,0,1,1,-1,0,0,0,0,0,,,,1,0.0,23,15:43,0,0,0,0,
146,2012-02-07,51,24-125,NYI,@,PHI,W,0,0,0,0,0,0,0,0,0,,,,2,0.0,18,15:12,0,1,0,0,
147,2012-02-09,52,24-127,NYI,,MTL,L,0,0,0,0,0,0,0,0,0,,,,2,0.0,18,14:23,0,1,0,0,
148,2012-02-11,53,24-129,NYI,,LAK,W,1,0,1,1,0,1,0,0,0,,,,1,100.0,24,16:43,0,2,0,0,
149,2012-02-12,54,24-130,NYI,,FLA,L,0,0,0,-1,0,0,0,0,0,,,,2,0.0,18,16:34,0,1,0,0,
150,2012-02-14,55,24-132,NYI,@,WPG,W,0,0,0,0,2,0,0,0,0,,,,2,0.0,20,14:09,0,1,0,0,
151,2012-02-16,56,24-134,NYI,@,STL,L,0,1,1,1,0,0,0,0,0,,,,0,,19,12:44,0,0,0,0,
152,2012-02-18,57,24-136,NYI,,CAR,W,0,1,1,0,0,0,0,0,0,,,,1,0.0,19,13:01,0,0,0,0,
153,2012-02-20,58,24-138,NYI,,OTT,L,0,0,0,-1,0,0,0,0,0,,,,2,0.0,17,14:17,0,0,0,0,
154,2012-02-21,59,24-139,NYI,@,BUF,L,0,0,0,0,0,0,0,0,0,,,,2,0.0,21,14:37,0,2,0,0,
155,2012-02-24,60,24-142,NYI,,NYR,W,0,0,0,0,0,0,0,0,0,,,,2,0.0,26,17:02,0,1,0,0,
156,2012-02-26,61,24-144,NYI,@,OTT,L,0,0,0,-1,0,0,0,0,0,,,,0,,18,12:20,0,0,0,0,
157,2012-02-28,62,24-146,NYI,@,WSH,L-OT,0,0,0,0,0,0,0,0,0,,,,3,0.0,20,15:17,0,1,0,0,
158,2012-03-01,63,24-148,NYI,@,PHI,L,0,0,0,2,0,0,0,0,0,,,,0,,17,12:38,0,0,0,0,
159,2012-03-10,64,24-157,NYI,,NJD,L,0,0,0,-1,0,0,0,0,0,,,,1,0.0,19,13:10,0,1,0,0,
160,2012-03-11,65,24-158,NYI,@,NYR,L-OT,0,0,0,0,0,0,0,0,0,,,,0,,24,17:16,0,0,0,0,
161,2012-03-13,66,24-160,NYI,,WSH,L-SO,0,0,0,-2,0,0,0,0,0,,,,2,0.0,23,17:06,0,0,0,0,
162,2012-03-15,67,24-162,NYI,,PHI,L,1,0,1,1,0,1,0,0,0,,,,4,25.0,16,13:21,0,0,0,0,
163,2012-03-17,68,24-164,NYI,@,MTL,W,0,0,0,0,0,0,0,0,0,,,,4,0.0,21,11:57,0,0,0,0,
164,2012-03-20,69,24-167,NYI,@,TOR,W,0,1,1,2,0,0,0,0,0,,,,2,0.0,17,10:46,0,0,0,0,
165,2012-03-24,70,24-171,NYI,@,TBL,L,0,0,0,-1,0,0,0,0,0,,,,1,0.0,20,12:44,0,0,0,0,
166,2012-03-25,71,24-172,NYI,@,FLA,W,0,0,0,0,0,0,0,0,0,,,,3,0.0,20,15:18,0,0,1,0,100.0
167,2012-03-27,72,24-174,NYI,@,PIT,W,1,0,1,-1,0,1,0,0,0,,,,2,50.0,18,12:19,0,0,0,0,
168,2012-03-29,73,24-176,NYI,,PIT,W,0,0,0,0,0,0,0,0,0,,,,3,0.0,18,13:37,0,0,0,0,
169,2012-03-31,74,24-178,NYI,,BOS,L,0,0,0,-2,0,0,0,0,0,,,,2,0.0,17,14:23,1,0,0,0,
170,2012-04-01,75,24-179,NYI,,OTT,L,0,0,0,0,0,0,0,0,0,,,,3,0.0,17,13:21,0,0,0,0,
171,2012-04-03,76,24-181,NYI,@,NJD,L,0,0,0,0,0,0,0,0,0,,,,3,0.0,18,15:09,0,0,0,0,
172,2012-04-05,77,24-183,NYI,,WPG,W,2,0,2,1,0,2,0,0,1,,,,3,66.7,17,12:31,0,0,0,0,
173,2012-04-07,78,24-185,NYI,@,CBJ,L,1,1,2,-1,0,1,0,0,0,,,,5,20.0,17,12:13,0,0,0,0,
174,2013-01-19,1,25-106,NYI,,NJD,L,0,1,1,0,0,0,0,0,0,,,,3,0.0,21,19:15,0,1,0,0,
175,2013-01-21,2,25-108,NYI,,TBL,W,1,0,1,1,0,0,1,0,0,,,,5,20.0,24,20:04,0,0,0,0,
176,2013-01-24,3,25-111,NYI,@,TOR,W,2,1,3,3,2,1,0,1,0,,,,2,100.0,21,15:44,0,1,0,0,
177,2013-01-25,4,25-112,NYI,@,BOS,L,0,0,0,0,0,0,0,0,0,,,,3,0.0,23,19:57,0,2,0,0,
178,2013-01-27,5,25-114,NYI,@,WPG,L-OT,0,0,0,0,0,0,0,0,0,,,,2,0.0,30,20:28,0,3,0,1,0.0
179,2013-01-29,6,25-116,NYI,@,PIT,W,1,0,1,1,0,1,0,0,1,,,,4,25.0,24,17:51,0,3,1,2,33.3
180,2013-01-31,7,25-118,NYI,@,NJD,W,0,0,0,-3,0,0,0,0,0,,,,3,0.0,27,21:13,0,0,2,1,66.7
181,2013-02-03,8,25-121,NYI,,NJD,L,0,0,0,-2,0,0,0,0,0,,,,2,0.0,28,20:38,0,0,1,0,100.0
182,2013-02-05,9,25-123,NYI,,PIT,L,1,0,1,1,0,1,0,0,0,,,,3,33.3,24,17:23,0,0,0,0,
183,2013-02-07,10,25-125,NYI,@,NYR,L,0,0,0,-3,0,0,0,0,0,,,,5,0.0,23,16:22,0,0,0,0,
184,2013-02-09,11,25-127,NYI,,BUF,L,0,0,0,-1,0,0,0,0,0,,,,1,0.0,21,17:25,0,0,0,0,
185,2013-02-11,12,25-129,NYI,,CAR,L,0,0,0,-1,0,0,0,0,0,,,,3,0.0,18,14:00,0,0,1,0,100.0
186,2013-02-14,13,25-132,NYI,@,NYR,W,0,0,0,0,0,0,0,0,0,,,,0,,21,12:56,0,0,0,1,0.0
187,2013-02-16,14,25-134,NYI,,NJD,W,1,0,1,1,2,1,0,0,0,,,,2,50.0,17,12:19,0,0,1,0,100.0
188,2013-02-18,15,25-136,NYI,,PHI,L,0,0,0,0,0,0,0,0,0,,,,1,0.0,19,13:21,1,1,0,0,
189,2013-02-19,16,25-137,NYI,@,OTT,L,0,0,0,0,0,0,0,0,0,,,,1,0.0,19,14:50,0,0,0,0,
190,2013-02-21,17,25-139,NYI,@,MTL,W,0,1,1,1,0,0,0,0,0,,,,1,0.0,22,15:59,2,0,0,0,
191,2013-02-23,18,25-141,NYI,@,BUF,W,1,0,1,1,0,1,0,0,0,,,,4,25.0,23,15:31,0,1,0,0,
192,2013-02-24,19,25-142,NYI,,CAR,L,0,0,0,-1,0,0,0,0,0,,,,1,0.0,21,15:45,0,0,0,1,0.0
193,2013-02-26,20,25-144,NYI,,BOS,L,0,0,0,-2,0,0,0,0,0,,,,3,0.0,18,10:52,0,2,0,0,
194,2013-02-28,21,25-146,NYI,,TOR,L-OT,0,0,0,-1,0,0,0,0,0,,,,2,0.0,15,11:24,0,0,1,1,50.0
195,2013-03-03,22,25-149,NYI,,OTT,W,1,0,1,1,0,1,0,0,0,,,,3,33.3,21,13:11,0,0,0,0,
196,2013-03-05,23,25-151,NYI,,MTL,W,1,0,1,1,0,1,0,0,0,,,,3,33.3,19,12:21,1,1,1,0,100.0
197,2013-03-07,24,25-153,NYI,,NYR,L-OT,1,0,1,1,2,1,0,0,0,,,,4,25.0,17,11:41,1,0,0,0,
198,2013-03-09,25,25-155,NYI,,WSH,W,0,0,0,1,0,0,0,0,0,,,,0,,16,9:22,0,0,0,0,
199,2013-03-10,26,25-156,NYI,@,PIT,L,0,0,0,-1,0,0,0,0,0,,,,1,0.0,19,13:40,0,1,0,1,0.0
200,2013-03-21,27,25-167,NYI,,MTL,L,0,0,0,0,2,0,0,0,0,,,,1,0.0,16,12:28,0,1,0,0,
201,2013-03-22,28,25-168,NYI,,PIT,L,0,0,0,-1,0,0,0,0,0,,,,2,0.0,16,14:07,1,0,0,1,0.0
202,2013-03-24,29,25-170,NYI,,FLA,W,0,0,0,0,0,0,0,0,0,,,,3,0.0,21,14:25,3,0,0,2,0.0
203,2013-03-26,30,25-172,NYI,@,WSH,W,1,0,1,1,0,1,0,0,0,,,,5,20.0,22,14:12,0,1,0,0,
204,2013-03-28,31,25-174,NYI,@,PHI,W,0,1,1,1,0,0,0,0,0,,,,3,0.0,20,15:11,0,0,0,0,
205,2013-03-30,32,25-176,NYI,@,PIT,L,0,0,0,0,0,0,0,0,0,,,,5,0.0,18,14:53,0,0,0,0,
206,2013-04-01,33,25-178,NYI,@,NJD,W,0,0,0,0,0,0,0,0,0,,,,1,0.0,21,13:22,0,0,0,0,
207,2013-04-02,34,25-179,NYI,,WPG,W,0,1,1,1,0,0,0,0,0,,,,2,0.0,18,12:07,1,0,0,0,
208,2013-04-04,35,25-181,NYI,@,WSH,L-SO,0,0,0,0,0,0,0,0,0,,,,0,,19,14:55,0,0,0,0,
209,2013-04-06,36,25-183,NYI,,TBL,W,1,0,1,2,0,1,0,0,0,,,,2,50.0,25,17:07,0,0,0,0,
210,2013-04-09,37,25-186,NYI,,PHI,W,1,0,1,1,2,1,0,0,1,,,,3,33.3,18,11:38,1,0,0,0,
211,2013-04-11,38,25-188,NYI,@,BOS,W,0,0,0,0,0,0,0,0,0,,,,1,0.0,16,11:05,0,0,1,0,100.0
212,2013-04-13,39,25-190,NYI,,NYR,L-OT,0,0,0,0,0,0,0,0,0,,,,1,0.0,19,13:42,0,0,0,1,0.0
213,2013-04-16,40,25-193,NYI,,FLA,W,2,0,2,0,0,1,1,0,1,,,,5,40.0,24,12:53,0,1,0,0,
214,2013-04-18,41,25-195,NYI,@,TOR,W,0,0,0,0,0,0,0,0,0,,,,2,0.0,17,11:51,2,0,0,0,
215,2013-04-20,42,25-197,NYI,@,WPG,W,1,0,1,1,2,1,0,0,0,,,,3,33.3,20,12:52,1,0,0,0,
216,2013-04-23,43,25-200,NYI,@,CAR,L-SO,0,0,0,-1,0,0,0,0,0,,,,3,0.0,21,14:15,0,0,0,0,
217,2013-04-25,44,25-202,NYI,@,PHI,L,0,0,0,0,0,0,0,0,0,,,,1,0.0,19,14:57,1,0,0,0,
218,2013-04-26,45,25-203,NYI,@,BUF,L-SO,0,0,0,1,0,0,0,0,0,,,,3,0.0,21,16:11,1,0,1,0,100.0
219,2013-10-04,1,25-364,NYI,@,NJD,W,2,1,3,2,0,2,0,0,0,,,,4,50.0,22,14:43,0,0,0,0,
220,2013-10-05,2,26-000,NYI,,CBJ,L-SO,0,0,0,0,0,0,0,0,0,,,,1,0.0,22,16:02,0,0,0,0,
221,2013-10-08,3,26-003,NYI,,PHX,W,0,3,3,2,0,0,0,0,0,,,,1,0.0,21,13:47,0,0,0,0,
222,2013-10-11,4,26-006,NYI,@,CHI,L,0,1,1,0,0,0,0,0,0,,,,1,0.0,23,15:01,0,1,0,0,
223,2013-10-12,5,26-007,NYI,@,NSH,L,0,0,0,1,0,0,0,0,0,,,,3,0.0,18,15:32,1,0,0,0,
224,2013-10-15,6,26-010,NYI,,BUF,L-SO,0,0,0,-2,0,0,0,0,0,,,,8,0.0,23,17:26,1,1,0,1,0.0
225,2013-10-17,7,26-012,NYI,,EDM,W,0,1,1,0,0,0,0,0,0,,,,2,0.0,21,15:12,2,1,0,0,
226,2013-10-19,8,26-014,NYI,,CAR,L,0,0,0,-1,0,0,0,0,0,,,,1,0.0,16,13:15,0,1,0,0,
227,2013-10-26,9,26-021,NYI,,PHI,L,0,0,0,0,2,0,0,0,0,,,,1,0.0,18,13:26,0,0,0,0,
228,2013-10-29,10,26-024,NYI,,NYR,L,0,0,0,0,0,0,0,0,0,,,,1,0.0,19,14:58,1,1,0,0,
229,2013-11-01,11,26-027,NYI,@,OTT,W,0,0,0,0,0,0,0,0,0,,,,2,0.0,21,15:50,0,1,0,0,
230,2013-11-02,12,26-028,NYI,,BOS,W,0,0,0,0,0,0,0,0,0,,,,2,0.0,20,14:17,0,0,1,0,100.0
231,2013-11-05,13,26-031,NYI,@,WSH,L,0,0,0,0,0,0,0,0,0,,,,1,0.0,16,9:37,1,0,1,1,50.0
232,2013-11-07,14,26-033,NYI,@,CAR,L,0,0,0,-1,0,0,0,0,0,,,,2,0.0,21,16:16,0,0,0,0,
233,2013-11-09,15,26-035,NYI,@,CBJ,L,0,0,0,-1,2,0,0,0,0,,,,1,0.0,23,16:32,0,1,0,0,
234,2013-11-10,16,26-036,NYI,@,MTL,L,0,0,0,-1,2,0,0,0,0,,,,0,,14,11:02,0,0,0,0,
235,2013-11-12,17,26-038,NYI,,NSH,W,0,0,0,0,0,0,0,0,0,,,,4,0.0,21,15:19,0,0,0,1,0.0
236,2013-11-14,18,26-040,NYI,,LAK,L,0,0,0,-1,0,0,0,0,0,,,,2,0.0,23,12:42,1,0,0,0,
237,2013-11-16,19,26-042,NYI,,DET,W,0,0,0,0,0,0,0,0,0,,,,4,0.0,26,16:14,0,0,0,0,
238,2013-11-22,20,26-048,NYI,@,PIT,L,0,0,0,0,0,0,0,0,0,,,,1,0.0,17,11:43,1,1,0,0,
239,2013-11-23,21,26-049,NYI,@,PHI,L,0,0,0,-1,0,0,0,0,0,,,,3,0.0,19,12:14,0,1,0,0,
240,2013-11-27,22,26-053,NYI,,WPG,L,0,0,0,-1,0,0,0,0,0,,,,1,0.0,20,14:18,0,0,0,0,
241,2013-11-29,23,26-055,NYI,,DET,L,0,0,0,-1,0,0,0,0,0,,,,3,0.0,18,15:19,2,0,0,0,
242,2013-11-30,24,26-056,NYI,,WSH,L-OT,0,0,0,0,0,0,0,0,0,,,,1,0.0,18,13:00,1,0,0,0,
243,2013-12-03,25,26-059,NYI,,PIT,L-OT,0,0,0,0,0,0,0,0,0,,,,3,0.0,25,15:12,0,0,0,0,
244,2013-12-05,26,26-061,NYI,@,STL,L,0,0,0,0,0,0,0,0,0,,,,0,,19,13:06,2,1,0,0,
245,2013-12-07,27,26-063,NYI,@,LAK,L,0,0,0,-1,0,0,0,0,0,,,,0,,20,13:28,2,0,0,0,
246,2013-12-09,28,26-065,NYI,@,ANA,L,0,0,0,0,0,0,0,0,0,,,,2,0.0,18,12:58,1,1,0,1,0.0
247,2013-12-10,29,26-066,NYI,@,SJS,W,0,0,0,0,0,0,0,0,0,,,,2,0.0,25,15:21,3,0,0,0,
248,2013-12-12,30,26-068,NYI,@,PHX,L,0,0,0,0,2,0,0,0,0,,,,3,0.0,23,19:14,4,1,0,0,
249,2013-12-14,31,26-070,NYI,,MTL,L-OT,0,0,0,0,0,0,0,0,0,,,,2,0.0,28,19:53,7,1,0,0,
250,2013-12-17,32,26-073,NYI,,TBL,L-SO,0,1,1,0,0,0,0,0,0,,,,2,0.0,24,18:19,2,0,0,0,
251,2013-12-20,33,26-076,NYI,@,NYR,W,2,0,2,2,0,1,0,1,0,,,,2,100.0,21,15:09,5,1,0,0,
252,2013-12-21,34,26-077,NYI,,ANA,L,0,0,0,-4,0,0,0,0,0,,,,1,0.0,25,13:54,2,0,0,0,
253,2013-12-23,35,26-079,NYI,@,DET,W,1,0,1,1,0,1,0,0,0,,,,3,33.3,19,12:43,0,0,0,0,
254,2013-12-28,36,26-084,NYI,,NJD,L,0,0,0,0,0,0,0,0,0,,,,3,0.0,22,14:07,3,0,0,0,
255,2013-12-31,37,26-087,NYI,@,BOS,W,0,0,0,0,0,0,0,0,0,,,,3,0.0,23,13:17,0,0,0,0,
256,2014-01-02,38,26-089,NYI,,CHI,W,0,0,0,0,0,0,0,0,0,,,,1,0.0,19,14:43,2,0,1,1,50.0
257,2014-01-04,39,26-091,NYI,,CAR,L,0,0,0,0,0,0,0,0,0,,,,6,0.0,19,14:01,0,0,0,0,
258,2014-01-06,40,26-093,NYI,,DAL,W,0,0,0,1,0,0,0,0,0,,,,2,0.0,18,11:33,2,0,2,1,66.7
259,2014-01-07,41,26-094,NYI,@,TOR,W,1,1,2,2,0,1,0,0,0,,,,2,50.0,26,16:49,1,2,0,0,
260,2014-01-10,42,26-097,NYI,@,COL,W,1,0,1,0,2,1,0,0,1,,,,5,20.0,20,12:32,0,0,0,0,
261,2014-01-12,43,26-099,NYI,@,DAL,W,0,0,0,0,0,0,0,0,0,,,,4,0.0,19,13:07,0,2,0,0,
262,2014-01-14,44,26-101,NYI,@,FLA,L,0,0,0,-2,0,0,0,0,0,,,,2,0.0,18,11:40,2,0,0,0,
263,2014-01-16,45,26-103,NYI,@,TBL,W,0,0,0,0,0,0,0,0,0,,,,0,,20,14:37,0,1,0,0,
264,2014-01-18,46,26-105,NYI,@,PHI,L,0,1,1,0,0,0,0,0,0,,,,1,0.0,21,13:47,1,1,0,0,
265,2014-01-20,47,26-107,NYI,,PHI,W,0,0,0,-2,0,0,0,0,0,,,,2,0.0,16,11:00,0,0,0,0,
266,2014-01-21,48,26-108,NYI,@,NYR,W,0,0,0,0,0,0,0,0,0,,,,3,0.0,20,13:33,2,1,0,0,
267,2014-01-23,49,26-110,NYI,,PIT,L,1,1,2,1,0,1,0,0,0,,,,2,50.0,17,12:00,0,0,0,0,
268,2014-01-25,50,26-112,NYI,,STL,L-SO,0,0,0,0,0,0,0,0,0,,,,3,0.0,19,11:47,1,0,0,0,
269,2014-01-27,51,26-114,NYI,,BOS,L,1,1,2,3,0,1,0,0,0,,,,4,25.0,18,11:18,1,0,0,0,
270,2014-01-29,52,26-116,NYI,,NYR,L,0,0,0,0,0,0,0,0,0,,,,2,0.0,19,12:28,0,0,0,0,
271,2014-01-31,53,26-118,NYI,@,NYR,L,0,0,0,-1,0,0,0,0,0,,,,0,,16,11:21,0,0,0,0,
272,2014-02-04,54,26-122,NYI,@,WSH,W,0,0,0,0,0,0,0,0,0,,,,4,0.0,23,16:48,1,0,0,0,
273,2014-02-06,55,26-124,NYI,,CGY,L,0,0,0,-1,0,0,0,0,0,,,,2,0.0,15,12:06,2,0,0,0,
274,2014-02-08,56,26-126,NYI,,COL,L,0,0,0,-4,2,0,0,0,0,,,,0,,22,14:45,2,0,0,1,0.0
275,2014-02-27,57,26-145,NYI,,TOR,W,2,0,2,0,0,0,0,2,0,,,,6,33.3,28,18:14,0,1,0,0,
276,2014-03-01,58,26-147,NYI,,NJD,L,0,0,0,0,0,0,0,0,0,,,,0,,24,14:39,3,0,0,0,
277,2014-03-02,59,26-148,NYI,,FLA,L,0,0,0,0,0,0,0,0,0,,,,2,0.0,25,13:40,1,0,2,1,66.7
278,2014-03-04,60,26-150,NYI,@,WPG,W,1,1,2,0,0,1,0,0,1,,,,2,50.0,31,21:32,2,0,0,0,
279,2014-03-06,61,26-152,NYI,@,EDM,L-OT,0,0,0,0,0,0,0,0,0,,,,5,0.0,25,18:08,1,2,0,0,
280,2014-03-07,62,26-153,NYI,@,CGY,L,0,1,1,-1,0,0,0,0,0,,,,0,,23,15:22,1,0,0,0,
281,2014-03-10,63,26-156,NYI,@,VAN,W,0,0,0,0,0,0,0,0,0,,,,0,,15,11:51,1,0,0,0,
282,2014-04-05,64,26-182,NYI,,WSH,L-SO,0,1,1,1,0,0,0,0,0,,,,1,0.0,7,4:35,0,1,0,0,
283,2014-12-04,1,27-060,NYI,@,OTT,W,0,0,0,0,2,0,0,0,0,0,0,0,2,0.0,18,13:11,2,0,0,0,
284,2014-12-06,2,27-062,NYI,,STL,L,1,0,1,-1,0,1,0,0,0,0,0,0,3,33.3,23,13:38,0,0,0,0,
285,2014-12-09,3,27-065,NYI,@,MIN,L,1,0,1,0,0,1,0,0,0,0,0,0,1,100.0,20,14:07,1,1,0,0,
286,2014-12-11,4,27-067,NYI,@,STL,L,0,0,0,-2,0,0,0,0,0,0,0,0,1,0.0,18,12:53,1,0,0,0,
287,2014-12-13,5,27-069,NYI,,CHI,W,0,0,0,0,0,0,0,0,0,0,0,0,0,,16,10:24,0,1,0,0,
288,2015-01-06,6,27-093,NYI,@,VAN,L,0,0,0,0,0,0,0,0,0,0,0,0,1,0.0,20,13:07,4,1,0,0,
289,2015-01-09,7,27-096,NYI,@,NJD,W,0,0,0,0,0,0,0,0,0,0,0,0,3,0.0,18,13:54,3,0,0,0,
290,2015-01-10,8,27-097,NYI,@,CBJ,W,0,1,1,1,0,0,0,0,0,1,0,0,4,0.0,19,11:06,2,0,0,0,
291,2015-01-13,9,27-100,NYI,@,NYR,W,0,0,0,1,0,0,0,0,0,0,0,0,1,0.0,16,13:15,0,2,0,0,
292,2015-01-16,10,27-103,NYI,,PIT,W,1,0,1,1,2,1,0,0,0,0,0,0,1,100.0,20,13:53,2,0,0,0,
293,2015-01-17,11,27-104,NYI,@,MTL,L,0,0,0,0,0,0,0,0,0,0,0,0,2,0.0,20,12:08,4,0,0,0,
294,2015-01-19,12,27-106,NYI,,PHI,W,1,1,2,2,0,1,0,0,0,1,0,0,2,50.0,21,11:38,0,0,0,0,
295,2015-01-27,13,27-114,NYI,,NYR,W,0,0,0,0,0,0,0,0,0,0,0,0,3,0.0,19,11:42,1,1,0,0,
296,2015-01-29,14,27-116,NYI,,BOS,L,1,0,1,1,0,1,0,0,0,0,0,0,3,33.3,15,10:07,4,0,0,0,
297,2015-01-31,15,27-118,NYI,@,DET,L,0,0,0,0,0,0,0,0,0,0,0,0,1,0.0,17,11:44,2,0,0,0,
298,2015-02-03,16,27-121,NYI,,FLA,L,0,0,0,0,0,0,0,0,0,0,0,0,3,0.0,18,11:45,4,0,0,0,
299,2015-02-05,17,27-123,NYI,@,PHI,W,0,0,0,1,0,0,0,0,0,0,0,0,1,0.0,23,15:09,3,0,0,0,
300,2015-02-07,18,27-125,NYI,@,BOS,L,0,0,0,-1,0,0,0,0,0,0,0,0,4,0.0,17,9:55,2,0,0,0,
301,2015-02-17,19,27-135,NYI,@,CAR,W,1,0,1,2,0,1,0,0,0,0,0,0,4,25.0,20,12:39,3,0,0,0,
302,2015-02-19,20,27-137,NYI,,NSH,W,0,2,2,2,0,0,0,0,0,2,0,0,1,0.0,19,11:11,2,0,0,0,
303,2015-02-21,21,27-139,NYI,@,WSH,L-SO,0,0,0,0,0,0,0,0,0,0,0,0,1,0.0,25,16:23,1,2,0,1,0.0
304,2015-02-22,22,27-140,NYI,,VAN,L,0,0,0,0,0,0,0,0,0,0,0,0,1,0.0,16,11:10,1,0,0,0,
305,2015-02-24,23,27-142,NYI,,ARI,W,0,0,0,-1,0,0,0,0,0,0,0,0,1,0.0,19,13:20,2,1,0,0,
306,2015-02-27,24,27-145,NYI,,CGY,W,0,0,0,0,0,0,0,0,0,0,0,0,3,0.0,18,13:19,1,1,0,0,
307,2015-02-28,25,27-146,NYI,,CAR,L,1,0,1,0,0,1,0,0,0,0,0,0,5,20.0,22,13:34,0,0,0,1,0.0
308,2015-03-03,26,27-149,NYI,@,DAL,L-OT,0,0,0,0,0,0,0,0,0,0,0,0,0,,26,17:12,0,2,0,0,
309,2015-03-05,27,27-151,NYI,@,NSH,W,0,1,1,0,0,0,0,0,0,1,0,0,2,0.0,22,15:38,1,1,0,0,
310,2015-03-07,28,27-153,NYI,@,FLA,L-SO,0,0,0,0,0,0,0,0,0,0,0,0,1,0.0,18,12:58,1,0,0,0,
311,2015-03-09,29,27-155,NYI,@,TOR,W,0,0,0,0,0,0,0,0,0,0,0,0,0,,22,15:07,1,0,0,0,
312,2015-03-13,30,27-159,NYI,,OTT,L,0,0,0,0,0,0,0,0,0,0,0,0,0,,18,11:29,6,1,0,0,
313,2015-03-14,31,27-160,NYI,,MTL,L,0,0,0,-1,0,0,0,0,0,0,0,0,0,,16,9:11,5,0,0,0,
314,2015-04-07,32,27-184,NYI,@,PHI,L,0,0,0,-1,0,0,0,0,0,0,0,0,2,0.0,20,11:18,0,2,0,0,
315,2015-04-10,33,27-187,NYI,@,PIT,W,1,0,1,1,0,1,0,0,0,0,0,0,1,100.0,31,16:22,2,1,0,0,
316,2015-04-11,34,27-188,NYI,,CBJ,L-SO,0,0,0,-1,0,0,0,0,0,0,0,0,5,0.0,25,15:21,1,4,0,0,
317,2015-10-10,1,28-005,TOR,,OTT,L-SO,0,0,0,0,0,0,0,0,0,0,0,0,1,0.0,18,11:47,0,1,0,0,
318,2015-10-16,2,28-011,TOR,@,CBJ,W,0,1,1,1,0,0,0,0,0,1,0,0,3,0.0,23,14:04,0,2,0,0,
319,2015-10-17,3,28-012,TOR,@,PIT,L,0,0,0,1,0,0,0,0,0,0,0,0,1,0.0,23,12:25,0,0,0,0,
320,2015-10-21,4,28-016,TOR,@,BUF,L-SO,0,1,1,1,0,0,0,0,0,1,0,0,0,,22,12:49,1,0,0,1,0.0
321,2015-10-24,5,28-019,TOR,@,MTL,L,0,0,0,-2,0,0,0,0,0,0,0,0,2,0.0,18,11:13,0,0,0,0,
322,2015-10-26,6,28-021,TOR,,ARI,L,0,0,0,0,0,0,0,0,0,0,0,0,1,0.0,20,10:57,0,0,0,0,
323,2015-10-30,7,28-025,TOR,@,NYR,L,0,0,0,0,0,0,0,0,0,0,0,0,1,0.0,18,11:17,1,0,0,0,
324,2015-10-31,8,28-026,TOR,,PIT,L,0,0,0,-1,0,0,0,0,0,0,0,0,2,0.0,19,11:13,0,1,0,0,
325,2015-11-02,9,28-028,TOR,,DAL,W,0,0,0,1,0,0,0,0,0,0,0,0,1,0.0,18,9:11,0,1,0,0,
326,2015-11-04,10,28-030,TOR,,WPG,L,0,0,0,0,0,0,0,0,0,0,0,0,0,,18,10:24,1,1,0,0,
327,2015-11-06,11,28-032,TOR,,DET,L-OT,0,0,0,0,0,0,0,0,0,0,0,0,0,,18,10:30,2,0,0,0,
328,2015-11-07,12,28-033,TOR,@,WSH,L-SO,0,0,0,0,0,0,0,0,0,0,0,0,1,0.0,30,18:27,1,0,0,0,
329,2015-11-10,13,28-036,TOR,@,DAL,W,0,0,0,0,0,0,0,0,0,0,0,0,0,,25,15:46,0,1,0,0,
330,2015-11-12,14,28-038,TOR,@,NSH,W,0,0,0,0,2,0,0,0,0,0,0,0,0,,20,12:19,0,1,0,0,
331,2015-11-14,15,28-040,TOR,,VAN,W,0,0,0,0,0,0,0,0,0,0,0,0,2,0.0,16,10:51,0,1,0,0,
332,2015-11-15,16,28-041,TOR,@,NYR,L,0,0,0,1,0,0,0,0,0,0,0,0,0,,18,9:51,0,0,0,0,
333,2015-11-17,17,28-043,TOR,,COL,W,0,0,0,0,0,0,0,0,0,0,0,0,2,0.0,19,11:59,0,0,0,0,
334,2015-11-20,18,28-046,TOR,@,CAR,W,0,0,0,0,2,0,0,0,0,0,0,0,4,0.0,21,10:13,5,1,0,0,
335,2015-11-21,19,28-047,TOR,@,BOS,L,0,0,0,0,0,0,0,0,0,0,0,0,0,,19,8:50,0,2,0,0,
336,2015-11-23,20,28-049,TOR,,BOS,L-SO,0,0,0,0,0,0,0,0,0,0,0,0,1,0.0,22,13:50,2,2,0,0,
337,2015-11-28,21,28-054,TOR,,WSH,L,0,0,0,-1,0,0,0,0,0,0,0,0,0,,22,14:10,1,1,0,1,0.0
338,2015-11-30,22,28-056,TOR,,EDM,W,0,0,0,0,0,0,0,0,0,0,0,0,1,0.0,22,14:21,0,1,0,0,
339,2015-12-02,23,28-058,TOR,@,WPG,L,1,0,1,0,0,1,0,0,0,0,0,0,3,33.3,21,15:39,1,0,1,0,100.0
340,2015-12-03,24,28-059,TOR,@,MIN,L,0,0,0,0,0,0,0,0,0,0,0,0,0,,20,13:18,0,0,0,0,
341,2015-12-05,25,28-061,TOR,@,STL,W,0,0,0,1,0,0,0,0,0,0,0,0,1,0.0,18,12:17,1,1,0,0,
342,2015-12-08,26,28-064,TOR,,NJD,W,0,0,0,0,0,0,0,0,0,0,0,0,2,0.0,24,15:12,0,0,0,0,
343,2015-12-15,27,28-071,TOR,,TBL,L-OT,0,0,0,-1,0,0,0,0,0,0,0,0,1,0.0,21,13:49,2,0,1,0,100.0
344,2015-12-17,28,28-073,TOR,,SJS,L-OT,1,0,1,1,0,1,0,0,0,0,0,0,2,50.0,29,17:28,1,1,0,0,
345,2015-12-19,29,28-075,TOR,,LAK,W,2,2,4,4,0,2,0,0,0,2,0,0,4,50.0,21,13:52,0,0,0,0,
346,2015-12-21,30,28-077,TOR,@,COL,W,0,0,0,-1,0,0,0,0,0,0,0,0,2,0.0,26,16:55,0,0,0,0,
347,2015-12-22,31,28-078,TOR,@,ARI,L,0,0,0,0,0,0,0,0,0,0,0,0,3,0.0,28,16:51,0,0,0,0,
348,2015-12-27,32,28-083,TOR,@,NYI,W,1,0,1,1,0,1,0,0,1,0,0,0,1,100.0,25,16:18,0,0,0,0,
349,2015-12-29,33,28-085,TOR,,NYI,L,0,0,0,-1,0,0,0,0,0,0,0,0,1,0.0,24,17:04,0,0,0,1,0.0
350,2015-12-30,34,28-086,TOR,@,PIT,W,0,0,0,1,0,0,0,0,0,0,0,0,2,0.0,29,18:53,2,2,0,0,
351,2016-01-02,35,28-089,TOR,,STL,W,1,1,2,2,0,1,0,0,0,1,0,0,3,33.3,28,17:12,1,0,0,0,
352,2016-01-06,36,28-093,TOR,@,ANA,W,0,0,0,1,0,0,0,0,0,0,0,0,1,0.0,24,12:52,0,2,0,0,
353,2016-01-07,37,28-094,TOR,@,LAK,L,0,0,0,0,0,0,0,0,0,0,0,0,0,,25,16:24,1,1,0,0,
354,2016-01-09,38,28-096,TOR,@,SJS,L,0,0,0,-2,0,0,0,0,0,0,0,0,3,0.0,26,14:29,0,3,0,0,
355,2016-01-13,39,28-100,TOR,,CBJ,L,0,0,0,0,0,0,0,0,0,0,0,0,0,,19,14:01,2,0,0,0,
356,2016-01-15,40,28-102,TOR,,CHI,L,0,0,0,0,0,0,0,0,0,0,0,0,0,,26,17:41,0,2,0,0,
357,2016-01-16,41,28-103,TOR,@,BOS,L,0,0,0,-1,0,0,0,0,0,0,0,0,0,,26,14:39,2,1,0,0,
358,2016-01-19,42,28-106,TOR,@,PHI,W,0,0,0,0,0,0,0,0,0,0,0,0,0,,28,16:32,0,1,0,0,
359,2016-01-21,43,28-108,TOR,,CAR,L-OT,0,0,0,0,0,0,0,0,0,0,0,0,3,0.0,24,19:46,0,1,0,0,
360,2016-01-23,44,28-110,TOR,,MTL,L-SO,0,0,0,0,0,0,0,0,0,0,0,0,0,,24,17:13,0,2,0,0,
361,2016-01-26,45,28-113,TOR,@,FLA,L,0,0,0,0,0,0,0,0,0,0,0,0,2,0.0,16,10:01,0,1,0,0,
362,2016-01-27,46,28-114,TOR,@,TBL,L,0,0,0,0,0,0,0,0,0,0,0,0,3,0.0,21,16:36,0,3,0,0,
363,2016-02-02,47,28-120,TOR,@,BOS,W,0,0,0,0,0,0,0,0,0,0,0,0,3,0.0,25,17:13,0,1,0,0,
364,2016-02-04,48,28-122,TOR,,NJD,W,0,0,0,0,2,0,0,0,0,0,0,0,2,0.0,32,18:57,0,0,0,0,
365,2016-02-06,49,28-124,TOR,@,OTT,L,0,0,0,-1,0,0,0,0,0,0,0,0,1,0.0,23,14:02,1,0,0,0,
366,2016-02-09,50,28-127,TOR,@,CGY,L,0,0,0,-1,0,0,0,0,0,0,0,0,2,0.0,24,15:33,0,0,0,0,
367,2016-02-11,51,28-129,TOR,@,EDM,L,0,0,0,-1,2,0,0,0,0,0,0,0,0,,24,14:19,0,2,0,1,0.0
368,2016-02-13,52,28-131,TOR,@,VAN,W,0,0,0,-1,0,0,0,0,0,0,0,0,1,0.0,25,15:23,0,1,0,0,
369,2016-02-15,53,28-133,TOR,@,CHI,L,0,0,0,-1,2,0,0,0,0,0,0,0,0,,23,15:42,3,1,0,2,0.0
370,2016-02-18,54,28-136,TOR,,NYR,L,0,0,0,-2,0,0,0,0,0,0,0,0,3,0.0,26,20:05,1,2,1,0,100.0
371,2016-02-20,55,28-138,TOR,,PHI,L-OT,0,0,0,0,0,0,0,0,0,0,0,0,1,0.0,26,18:33,1,0,0,0,
372,2016-02-23,56,28-141,TOR,,NSH,L,0,0,0,0,0,0,0,0,0,0,0,0,3,0.0,21,12:15,0,0,0,0,
373,2016-02-25,57,28-143,TOR,,CAR,W,0,0,0,0,0,0,0,0,0,0,0,0,1,0.0,29,19:10,2,0,0,0,
374,2016-02-27,58,28-145,TOR,@,MTL,L,0,0,0,0,0,0,0,0,0,0,0,0,2,0.0,31,17:32,0,1,0,0,
375,2016-02-29,59,28-147,TOR,,TBL,L,0,0,0,0,0,0,0,0,0,0,0,0,0,,22,12:03,0,2,0,0,
376,2016-03-02,60,28-149,TOR,@,WSH,L,0,0,0,0,0,0,0,0,0,0,0,0,1,0.0,21,11:37,0,0,0,0,
377,2016-03-03,61,28-150,TOR,,MIN,L,0,0,0,0,0,0,0,0,0,0,0,0,0,,21,14:13,1,2,0,0,
378,2016-03-05,62,28-152,TOR,,OTT,L,0,0,0,-1,0,0,0,0,0,0,0,0,0,,18,14:01,0,1,0,0,
379,2016-03-07,63,28-154,TOR,,BUF,L-SO,0,1,1,0,0,0,0,0,0,1,0,0,2,0.0,24,18:32,0,1,0,2,0.0
380,2016-03-09,64,28-156,TOR,,NYI,W,0,0,0,0,0,0,0,0,0,0,0,0,1,0.0,16,10:04,0,0,0,0,
381,2016-03-12,65,28-159,TOR,@,OTT,L,0,0,0,0,0,0,0,0,0,0,0,0,3,0.0,22,15:06,0,0,0,0,
382,2016-03-13,66,28-160,TOR,@,DET,W,1,0,1,1,0,1,0,0,1,0,0,0,3,33.3,25,17:19,0,0,0,0,
383,2016-03-15,67,28-162,TOR,,TBL,W,0,1,1,1,0,0,0,0,0,1,0,0,2,0.0,26,15:02,0,2,0,0,
384,2016-03-17,68,28-164,TOR,,FLA,L,0,1,1,1,0,0,0,0,0,1,0,0,4,0.0,20,15:36,0,1,0,0,
385,2016-03-19,69,28-166,TOR,,BUF,W,0,0,0,0,0,0,0,0,0,0,0,0,2,0.0,25,15:46,0,0,0,0,
386,2016-03-21,70,28-168,TOR,,CGY,W,0,0,0,0,0,0,0,0,0,0,0,0,2,0.0,20,12:49,0,0,0,0,
387,2016-03-24,71,28-171,TOR,,ANA,W,0,0,0,0,2,0,0,0,0,0,0,0,0,,28,15:55,0,0,0,0,
388,2016-03-26,72,28-173,TOR,,BOS,L,0,0,0,0,0,0,0,0,0,0,0,0,2,0.0,22,14:56,0,0,0,1,0.0
389,2016-03-28,73,28-175,TOR,@,TBL,L,0,0,0,0,0,0,0,0,0,0,0,0,0,,21,12:56,0,0,0,0,
390,2016-03-29,74,28-176,TOR,@,FLA,W,1,1,2,1,0,0,0,1,0,1,0,0,3,33.3,22,14:32,1,0,0,0,
391,2016-03-31,75,28-178,TOR,@,BUF,L,0,0,0,-1,0,0,0,0,0,0,0,0,2,0.0,21,13:55,0,0,0,0,
392,2016-04-02,76,28-180,TOR,,DET,L,0,0,0,0,0,0,0,0,0,0,0,0,2,0.0,21,15:12,1,1,0,0,
393,2016-04-04,77,28-182,TOR,,FLA,L,0,0,0,-1,0,0,0,0,0,0,0,0,2,0.0,27,18:13,3,0,0,0,
394,2016-04-06,78,28-184,TOR,,CBJ,L,0,0,0,-3,0,0,0,0,0,0,0,0,1,0.0,20,11:50,0,0,0,0,
395,2016-04-07,79,28-185,TOR,@,PHI,W,1,0,1,0,0,1,0,0,0,0,0,0,3,33.3,25,15:14,0,0,0,1,0.0
396,2016-04-09,80,28-187,TOR,@,NJD,L,0,0,0,-1,0,0,0,0,0,0,0,0,2,0.0,21,12:28,0,0,0,0,
397,2016-10-13,1,29-008,NYR,,NYI,W,1,0,1,0,0,1,0,0,0,0,0,0,1,100.0,20,10:47,2,0,0,0,
398,2016-10-15,2,29-010,NYR,@,STL,L,0,0,0,0,0,0,0,0,0,0,0,0,1,0.0,19,10:13,0,0,0,0,
399,2016-10-17,3,29-012,NYR,,SJS,W,1,0,1,1,0,1,0,0,0,0,0,0,1,100.0,21,13:31,1,0,0,1,0.0
400,2016-10-19,4,29-014,NYR,,DET,L,0,0,0,0,0,0,0,0,0,0,0,0,4,0.0,12,7:44,1,0,1,0,100.0
401,2016-10-22,5,29-017,NYR,@,WSH,W,0,0,0,-1,0,0,0,0,0,0,0,0,1,0.0,21,13:55,0,0,0,0,
402,2016-10-23,6,29-018,NYR,,ARI,W,0,1,1,1,0,0,0,0,0,1,0,0,1,0.0,21,13:21,1,3,0,0,
403,2016-10-26,7,29-021,NYR,,BOS,W,0,0,0,1,0,0,0,0,0,0,0,0,0,,21,13:57,0,1,1,0,100.0
404,2016-10-28,8,29-023,NYR,@,CAR,L,0,0,0,0,0,0,0,0,0,0,0,0,2,0.0,16,11:02,1,1,0,0,
405,2016-10-30,9,29-025,NYR,,TBL,W,3,0,3,4,0,3,0,0,1,0,0,0,6,50.0,25,15:47,1,0,0,0,
406,2016-11-01,10,29-027,NYR,,STL,W,0,0,0,0,0,0,0,0,0,0,0,0,1,0.0,20,12:42,0,1,0,0,
407,2016-11-03,11,29-029,NYR,,EDM,W,1,1,2,3,0,1,0,0,0,1,0,0,4,25.0,25,14:13,0,0,0,0,
408,2016-11-05,12,29-031,NYR,@,BOS,W,1,1,2,2,0,1,0,0,0,0,0,1,1,100.0,24,14:52,0,1,0,0,
409,2016-11-06,13,29-032,NYR,,WPG,W,0,0,0,2,0,0,0,0,0,0,0,0,1,0.0,17,14:35,0,2,0,0,
410,2016-11-08,14,29-034,NYR,,VAN,L,0,0,0,-1,0,0,0,0,0,0,0,0,6,0.0,20,11:04,2,1,0,0,
411,2016-11-12,15,29-038,NYR,@,CGY,W,1,0,1,1,0,1,0,0,0,0,0,0,2,50.0,21,12:47,0,2,0,0,
412,2016-11-13,16,29-039,NYR,@,EDM,W,2,0,2,2,0,2,0,0,0,0,0,0,4,50.0,31,16:03,0,0,0,0,
413,2016-11-15,17,29-041,NYR,@,VAN,W,0,0,0,1,2,0,0,0,0,0,0,0,5,0.0,22,12:58,0,0,0,0,
414,2016-11-18,18,29-044,NYR,@,CBJ,L,1,0,1,1,0,1,0,0,0,0,0,0,2,50.0,17,10:34,0,0,0,0,
415,2016-11-20,19,29-046,NYR,,FLA,L-SO,0,0,0,0,0,0,0,0,0,0,0,0,0,,22,14:25,0,1,0,0,
416,2016-11-21,20,29-047,NYR,@,PIT,W,1,1,2,2,0,1,0,0,0,1,0,0,3,33.3,21,14:58,0,0,0,0,
417,2016-11-23,21,29-049,NYR,,PIT,L,0,0,0,0,0,0,0,0,0,0,0,0,1,0.0,22,14:06,2,1,0,0,
418,2016-11-25,22,29-051,NYR,@,PHI,W,0,0,0,1,0,0,0,0,0,0,0,0,2,0.0,25,14:50,1,0,0,0,
419,2016-11-27,23,29-053,NYR,,OTT,L,0,0,0,0,0,0,0,0,0,0,0,0,5,0.0,22,16:21,0,1,0,1,0.0
420,2016-11-29,24,29-055,NYR,,CAR,W,0,0,0,-1,0,0,0,0,0,0,0,0,0,,13,9:00,1,1,0,0,
421,2016-12-01,25,29-057,NYR,@,BUF,L,0,0,0,-1,0,0,0,0,0,0,0,0,2,0.0,19,15:11,0,1,0,0,
422,2016-12-03,26,29-059,NYR,,CAR,W,1,0,1,1,0,1,0,0,0,0,0,0,1,100.0,19,12:22,1,0,0,0,
423,2016-12-08,27,29-064,NYR,@,WPG,W,0,0,0,0,2,0,0,0,0,0,0,0,3,0.0,26,14:45,0,0,0,0,
424,2016-12-09,28,29-065,NYR,@,CHI,W,0,0,0,0,0,0,0,0,0,0,0,0,2,0.0,23,17:49,1,1,0,0,
425,2016-12-11,29,29-067,NYR,,NJD,W,0,0,0,0,2,0,0,0,0,0,0,0,4,0.0,19,12:46,0,1,0,0,
426,2016-12-13,30,29-069,NYR,,CHI,L,0,0,0,-2,0,0,0,0,0,0,0,0,1,0.0,22,15:11,0,0,0,0,
427,2016-12-15,31,29-071,NYR,@,DAL,W,0,1,1,1,0,0,0,0,0,1,0,0,0,,21,13:29,2,1,0,0,
428,2016-12-17,32,29-073,NYR,@,NSH,W,0,0,0,0,0,0,0,0,0,0,0,0,2,0.0,20,12:37,2,1,0,0,
429,2016-12-18,33,29-074,NYR,,NJD,W,0,0,0,0,0,0,0,0,0,0,0,0,1,0.0,22,10:59,0,1,0,1,0.0
430,2016-12-20,34,29-076,NYR,@,PIT,L,1,0,1,0,0,1,0,0,0,0,0,0,4,25.0,25,13:38,0,0,1,0,100.0
431,2016-12-23,35,29-079,NYR,,MIN,L,0,0,0,-2,0,0,0,0,0,0,0,0,0,,20,13:39,2,0,0,0,
432,2016-12-27,36,29-083,NYR,,OTT,W,0,0,0,-1,2,0,0,0,0,0,0,0,1,0.0,26,16:03,2,0,1,1,50.0
433,2016-12-29,37,29-085,NYR,@,ARI,W,0,0,0,0,0,0,0,0,0,0,0,0,1,0.0,23,14:44,0,0,0,0,
434,2016-12-31,38,29-087,NYR,@,COL,W,0,1,1,0,0,0,0,0,0,1,0,0,3,0.0,26,14:51,1,0,0,0,
435,2017-01-03,39,29-090,NYR,,BUF,L,0,0,0,-1,0,0,0,0,0,0,0,0,0,,27,15:06,0,,,,
436,2017-01-04,40,29-091,NYR,@,PHI,W,2,1,3,4,0,2,0,0,1,1,0,0,2,100.0,29,15:40,0,0,0,0,
437,2017-01-07,41,29-094,NYR,@,CBJ,W,3,1,4,4,0,3,0,0,1,1,0,0,5,60.0,25,15:10,0,0,1,0,100.0
438,2017-01-13,42,29-100,NYR,,TOR,L,0,0,0,0,0,0,0,0,0,0,0,0,1,0.0,23,17:06,1,1,0,0,
439,2017-01-14,43,29-101,NYR,@,MTL,L,0,0,0,0,0,0,0,0,0,0,0,0,3,0.0,22,13:12,0,0,0,1,0.0
440,2017-01-17,44,29-104,NYR,,DAL,L,0,0,0,-2,0,0,0,0,0,0,0,0,2,0.0,26,16:24,3,0,0,0,
441,2017-01-19,45,29-106,NYR,@,TOR,W,2,0,2,3,0,1,0,1,0,0,0,0,5,40.0,25,14:00,0,0,0,0,
442,2017-01-22,46,29-109,NYR,@,DET,W,0,0,0,0,0,0,0,0,0,0,0,0,1,0.0,26,14:42,2,1,0,0,
443,2017-01-23,47,29-110,NYR,,LAK,W,0,0,0,0,0,0,0,0,0,0,0,0,1,0.0,22,14:39,0,1,0,0,
444,2017-01-25,48,29-112,NYR,,PHI,L,0,0,0,-1,0,0,0,0,0,0,0,0,3,0.0,23,15:30,0,0,0,0,
445,2017-01-31,49,29-118,NYR,,CBJ,L,1,0,1,-1,0,1,0,0,0,0,0,0,3,33.3,21,13:05,0,0,0,0,
446,2017-02-02,50,29-120,NYR,@,BUF,W,0,0,0,0,0,0,0,0,0,0,0,0,6,0.0,26,16:15,1,0,1,0,100.0
447,2017-02-05,51,29-123,NYR,,CGY,W,1,1,2,1,0,1,0,0,0,1,0,0,3,33.3,22,14:12,1,1,0,0,
448,2017-02-07,52,29-125,NYR,,ANA,W,2,0,2,2,0,2,0,0,0,0,0,0,6,33.3,25,15:27,0,0,1,0,100.0
449,2017-02-09,53,29-127,NYR,,NSH,W,1,0,1,3,0,1,0,0,0,0,0,0,2,50.0,26,15:39,1,0,0,0,
450,2017-02-11,54,29-129,NYR,,COL,W,0,1,1,1,0,0,0,0,0,1,0,0,1,0.0,24,15:52,0,1,0,0,
451,2017-02-13,55,29-131,NYR,@,CBJ,W,0,0,0,0,0,0,0,0,0,0,0,0,2,0.0,22,14:58,0,1,0,0,
452,2017-02-16,56,29-134,NYR,@,NYI,L,0,0,0,0,0,0,0,0,0,0,0,0,1,0.0,21,13:02,0,0,0,0,
453,2017-02-19,57,29-137,NYR,,WSH,W,0,0,0,0,0,0,0,0,0,0,0,0,1,0.0,19,14:11,0,0,0,0,
454,2017-02-21,58,29-139,NYR,,MTL,L-SO,0,0,0,0,0,0,0,0,0,0,0,0,1,0.0,24,16:33,0,1,0,1,0.0
455,2017-02-23,59,29-141,NYR,@,TOR,W,0,0,0,0,0,0,0,0,0,0,0,0,3,0.0,28,17:07,3,0,0,0,
456,2017-02-25,60,29-143,NYR,@,NJD,W,0,0,0,0,0,0,0,0,0,0,0,0,1,0.0,19,12:46,0,0,0,0,
457,2017-02-26,61,29-144,NYR,,CBJ,L,0,0,0,0,0,0,0,0,0,0,0,0,2,0.0,22,14:43,0,0,0,0,
458,2017-02-28,62,29-146,NYR,,WSH,L,0,0,0,-1,0,0,0,0,0,0,0,0,2,0.0,21,11:51,0,0,0,0,
459,2017-03-12,63,29-158,NYR,@,DET,W,0,2,2,2,0,0,0,0,0,1,0,1,3,0.0,22,15:52,0,0,0,0,
460,2017-03-13,64,29-159,NYR,,TBL,L,1,0,1,0,0,1,0,0,0,0,0,0,1,100.0,21,13:35,0,0,0,0,
461,2017-03-17,65,29-163,NYR,,FLA,L-SO,0,0,0,0,0,0,0,0,0,0,0,0,2,0.0,24,13:33,0,1,0,0,
462,2017-03-18,66,29-164,NYR,@,MIN,W,0,0,0,-1,0,0,0,0,0,0,0,0,0,,27,13:58,0,0,0,0,
463,2017-03-21,67,29-167,NYR,@,NJD,L-OT,0,0,0,-1,0,0,0,0,0,0,0,0,1,0.0,25,14:37,0,0,0,0,
464,2017-03-22,68,29-168,NYR,,NYI,L,0,0,0,-1,2,0,0,0,0,0,0,0,4,0.0,20,13:41,2,0,0,0,
465,2017-03-25,69,29-171,NYR,@,LAK,W,0,0,0,0,0,0,0,0,0,0,0,0,2,0.0,22,13:31,0,1,0,0,
466,2017-03-26,70,29-172,NYR,@,ANA,L,0,0,0,-2,0,0,0,0,0,0,0,0,3,0.0,22,13:48,0,0,0,0,
467,2017-03-28,71,29-174,NYR,@,SJS,L-OT,0,0,0,1,0,0,0,0,0,0,0,0,6,0.0,30,15:02,1,0,0,0,
468,2017-03-31,72,29-177,NYR,,PIT,L-SO,0,0,0,0,0,0,0,0,0,0,0,0,2,0.0,20,14:35,0,1,0,0,
469,2017-04-02,73,29-179,NYR,,PHI,W,0,0,0,-2,0,0,0,0,0,0,0,0,0,,23,14:02,0,0,0,0,
470,2017-04-05,74,29-182,NYR,@,WSH,L,0,0,0,-1,0,0,0,0,0,0,0,0,1,0.0,23,16:43,1,0,0,0,
471,2017-04-08,75,29-185,NYR,@,OTT,L,0,0,0,-1,0,0,0,0,0,0,0,0,0,,20,12:34,1,1,0,0,
472,2017-04-09,76,29-186,NYR,,PIT,W,0,1,1,1,0,0,0,0,0,1,0,0,1,0.0,22,16:42,0,1,0,0,
473,2017-10-05,1,30-000,NYR,,COL,L,0,0,0,0,0,0,0,0,0,0,0,0,2,0.0,22,15:57,2,0,0,0,
474,2017-10-07,2,30-002,NYR,@,TOR,L,0,0,0,-1,0,0,0,0,0,0,0,0,2,0.0,20,12:36,0,1,0,2,0.0
475,2017-10-08,3,30-003,NYR,,MTL,W,0,1,1,1,0,0,0,0,0,1,0,0,0,,21,15:42,1,1,0,0,
476,2017-10-10,4,30-005,NYR,,STL,L,0,0,0,-1,0,0,0,0,0,0,0,0,2,0.0,22,15:03,4,1,0,1,0.0
477,2017-10-13,5,30-008,NYR,@,CBJ,L,0,0,0,0,0,0,0,0,0,0,0,0,1,0.0,16,11:33,3,0,1,0,100.0
478,2017-10-14,6,30-009,NYR,,NJD,L,0,0,0,0,0,0,0,0,0,0,0,0,0,,19,12:10,1,0,0,1,0.0
479,2017-10-17,7,30-012,NYR,,PIT,L-OT,1,0,1,1,0,1,0,0,0,0,0,0,3,33.3,16,10:40,1,0,0,0,
480,2017-10-19,8,30-014,NYR,,NYI,L-SO,0,0,0,-1,0,0,0,0,0,0,0,0,1,0.0,18,11:00,0,0,0,0,
481,2017-10-21,9,30-016,NYR,,NSH,W,0,0,0,0,0,0,0,0,0,0,0,0,0,,17,11:36,3,1,0,0,
482,2017-10-23,10,30-018,NYR,,SJS,L,0,0,0,0,0,0,0,0,0,0,0,0,2,0.0,17,9:57,2,0,0,0,
483,2017-10-26,11,30-021,NYR,,ARI,W,2,0,2,4,0,2,0,0,1,0,0,0,8,25.0,21,15:16,0,0,0,0,
484,2017-10-28,12,30-023,NYR,@,MTL,L,0,0,0,0,0,0,0,0,0,0,0,0,2,0.0,26,12:51,2,1,0,0,
485,2017-10-31,13,30-026,NYR,,VEG,W,1,0,1,1,2,1,0,0,0,0,0,0,3,33.3,19,11:44,1,1,0,0,
486,2017-11-02,14,30-028,NYR,@,TBL,W,0,0,0,0,0,0,0,0,0,0,0,0,4,0.0,21,14:06,3,0,0,0,
487,2017-11-04,15,30-030,NYR,@,FLA,W,1,0,1,0,0,1,0,0,0,0,0,0,4,25.0,23,14:11,1,0,0,0,
488,2017-11-06,16,30-032,NYR,,CBJ,W,2,0,2,2,2,2,0,0,0,0,0,0,3,66.7,23,14:40,0,0,0,0,
489,2017-11-08,17,30-034,NYR,,BOS,W,0,1,1,0,0,0,0,0,0,1,0,0,1,0.0,21,14:36,1,0,0,0,
490,2017-11-11,18,30-037,NYR,,EDM,W,1,0,1,1,0,1,0,0,0,0,0,0,2,50.0,22,14:22,0,0,0,0,
491,2017-11-15,19,30-041,NYR,@,CHI,L,0,0,0,-1,0,0,0,0,0,0,0,0,1,0.0,19,12:03,1,0,0,1,0.0
492,2017-11-17,20,30-043,NYR,@,CBJ,L,0,0,0,-1,0,0,0,0,0,0,0,0,4,0.0,20,13:03,0,0,0,0,
493,2017-11-19,21,30-045,NYR,,OTT,W,1,0,1,1,0,1,0,0,0,0,0,0,2,50.0,24,15:34,3,1,0,0,
494,2017-11-22,22,30-048,NYR,@,CAR,W,0,0,0,1,0,0,0,0,0,0,0,0,1,0.0,22,14:22,0,0,0,0,
495,2017-11-24,23,30-050,NYR,,DET,W,0,0,0,0,2,0,0,0,0,0,0,0,1,0.0,25,16:15,1,1,0,0,
496,2017-11-26,24,30-052,NYR,,VAN,W,1,0,1,2,0,1,0,0,0,0,0,0,1,100.0,25,18:05,1,1,0,0,
497,2017-11-28,25,30-054,NYR,,FLA,L,0,0,0,0,0,0,0,0,0,0,0,0,1,0.0,17,12:12,0,0,0,0,
498,2017-12-01,26,30-057,NYR,,CAR,W,3,0,3,2,0,3,0,0,1,0,0,0,4,75.0,20,12:38,0,1,0,0,
499,2017-12-05,27,30-061,NYR,@,PIT,W,0,0,0,0,0,0,0,0,0,0,0,0,2,0.0,27,18:01,0,0,0,0,
500,2017-12-08,28,30-064,NYR,@,WSH,L,1,0,1,0,0,1,0,0,0,0,0,0,4,25.0,22,15:43,0,2,0,0,
501,2017-12-09,29,30-065,NYR,,NJD,W,0,0,0,1,0,0,0,0,0,0,0,0,1,0.0,20,12:37,0,1,0,0,
502,2017-12-11,30,30-067,NYR,,DAL,L-SO,0,0,0,0,0,0,0,0,0,0,0,0,1,0.0,25,16:03,0,0,0,0,
503,2017-12-13,31,30-069,NYR,@,OTT,L,1,0,1,0,0,1,0,0,0,0,0,0,3,33.3,25,16:21,1,0,0,0,
504,2017-12-15,32,30-071,NYR,,LAK,W,0,1,1,0,0,0,0,0,0,1,0,0,2,0.0,23,15:44,2,2,0,0,
505,2017-12-16,33,30-072,NYR,@,BOS,W,1,0,1,1,0,1,0,0,0,0,0,0,1,100.0,24,15:42,1,0,0,0,
506,2017-12-19,34,30-075,NYR,,ANA,W,1,0,1,1,0,1,0,0,0,0,0,0,3,33.3,23,17:24,2,0,0,1,0.0
507,2017-12-21,35,30-077,NYR,@,NJD,L-SO,0,0,0,0,2,0,0,0,0,0,0,0,3,0.0,25,16:09,0,0,0,0,
508,2017-12-23,36,30-079,NYR,,TOR,L,0,0,0,0,2,0,0,0,0,0,0,0,2,0.0,24,15:27,1,0,0,0,
509,2017-12-27,37,30-083,NYR,,WSH,W,0,0,0,0,0,0,0,0,0,0,0,0,3,0.0,26,19:55,0,0,0,0,
510,2017-12-29,38,30-085,NYR,@,DET,L-SO,0,0,0,0,0,0,0,0,0,0,0,0,4,0.0,28,17:24,0,0,0,0,
511,2018-01-01,39,30-088,NYR,@,BUF,W,1,0,1,1,0,1,0,0,0,0,0,0,4,25.0,27,17:04,0,1,0,1,0.0
512,2018-01-03,40,30-090,NYR,,CHI,L,0,0,0,-1,0,0,0,0,0,0,0,0,2,0.0,23,14:31,0,0,0,1,0.0
513,2018-01-06,41,30-093,NYR,@,ARI,W,0,0,0,0,0,0,0,0,0,0,0,0,2,0.0,21,13:28,3,2,0,0,
514,2018-01-07,42,30-094,NYR,@,VEG,L,0,1,1,1,0,0,0,0,0,1,0,0,1,0.0,19,14:24,0,2,0,0,
515,2018-01-13,43,30-100,NYR,,NYI,L,0,0,0,-1,0,0,0,0,0,0,0,0,3,0.0,17,15:08,1,2,0,0,
516,2018-01-14,44,30-101,NYR,@,PIT,L,1,0,1,0,0,1,0,0,0,0,0,0,5,20.0,22,16:35,0,0,0,0,
517,2018-01-16,45,30-103,NYR,,PHI,W,1,0,1,0,0,1,0,0,0,0,0,0,1,100.0,25,15:18,0,0,1,0,100.0
518,2018-01-18,46,30-105,NYR,,BUF,W,0,0,0,0,0,0,0,0,0,0,0,0,2,0.0,22,14:59,1,0,0,0,
519,2018-01-21,47,30-108,NYR,@,LAK,L,0,0,0,0,0,0,0,0,0,0,0,0,1,0.0,22,13:08,1,0,0,0,
520,2018-01-23,48,30-110,NYR,@,ANA,L,1,0,1,-1,0,0,0,1,0,0,0,0,3,33.3,22,14:57,0,1,0,0,
521,2018-01-25,49,30-112,NYR,@,SJS,W,0,1,1,0,0,0,0,0,0,1,0,0,1,0.0,23,14:00,1,0,0,1,0.0
522,2018-02-01,50,30-119,NYR,,TOR,L,0,0,0,-1,0,0,0,0,0,0,0,0,2,0.0,24,15:37,1,0,0,0,
523,2018-02-03,51,30-121,NYR,@,NSH,L,0,0,0,-2,2,0,0,0,0,0,0,0,2,0.0,26,16:07,2,0,1,0,100.0
524,2018-02-05,52,30-123,NYR,@,DAL,L,0,0,0,-1,0,0,0,0,0,0,0,0,2,0.0,23,17:48,1,2,0,0,
525,2018-02-07,53,30-125,NYR,,BOS,L,0,0,0,-1,0,0,0,0,0,0,0,0,1,0.0,20,15:37,0,1,0,0,
526,2018-02-09,54,30-127,NYR,,CGY,W,1,0,1,1,0,1,0,0,0,0,0,0,5,20.0,23,17:20,2,1,0,0,
527,2018-02-11,55,30-129,NYR,@,WPG,W,1,0,1,1,0,1,0,0,0,0,0,0,3,33.3,26,15:54,0,0,0,0,
528,2018-02-13,56,30-131,NYR,@,MIN,L,0,1,1,0,0,0,0,0,0,0,1,0,1,0.0,22,16:54,0,0,0,0,
529,2018-02-15,57,30-133,NYR,@,NYI,L,0,0,0,0,0,0,0,0,0,0,0,0,1,0.0,22,15:38,1,0,0,0,
530,2018-02-17,58,30-135,NYR,@,OTT,L,2,0,2,0,0,2,0,0,0,0,0,0,3,66.7,23,15:27,0,0,0,0,
531,2018-02-18,59,30-136,NYR,,PHI,L,0,0,0,1,0,0,0,0,0,0,0,0,2,0.0,24,19:09,0,0,0,0,
532,2018-02-24,60,30-142,NJD,,NYI,W,0,0,0,0,0,0,0,0,0,0,0,0,2,0.0,22,13:34,0,0,0,0,
533,2018-02-27,61,30-145,NJD,@,PIT,W,0,0,0,1,0,0,0,0,0,0,0,0,1,0.0,26,17:32,2,0,2,0,100.0
534,2018-03-01,62,30-147,NJD,@,FLA,L,0,0,0,-1,0,0,0,0,0,0,0,0,2,0.0,23,17:12,1,0,1,0,100.0
535,2018-03-02,63,30-148,NJD,@,CAR,L,0,0,0,-1,0,0,0,0,0,0,0,0,0,,19,15:31,3,0,1,0,100.0
536,2018-03-04,64,30-150,NJD,,VEG,L,0,0,0,0,0,0,0,0,0,0,0,0,1,0.0,18,15:20,1,1,0,1,0.0
537,2018-03-06,65,30-152,NJD,,MTL,W,0,0,0,1,0,0,0,0,0,0,0,0,3,0.0,19,15:21,0,1,0,0,
538,2018-03-08,66,30-154,NJD,,WPG,L,0,0,0,-1,0,0,0,0,0,0,0,0,1,0.0,20,14:07,0,0,1,0,100.0
539,2018-03-10,67,30-156,NJD,@,NSH,W,0,0,0,0,2,0,0,0,0,0,0,0,1,0.0,17,14:41,0,1,0,0,
540,2018-03-14,68,30-160,NJD,@,VEG,W,1,1,2,3,2,1,0,0,0,1,0,0,3,33.3,23,15:57,0,1,1,1,50.0
541,2018-03-17,69,30-163,NJD,@,LAK,W,1,0,1,2,0,0,0,1,1,0,0,0,3,33.3,26,13:29,0,0,0,0,
542,2018-03-18,70,30-164,NJD,@,ANA,L,0,0,0,-1,0,0,0,0,0,0,0,0,1,0.0,19,15:35,1,0,0,0,
543,2018-03-20,71,30-166,NJD,@,SJS,L,0,0,0,-1,0,0,0,0,0,0,0,0,3,0.0,19,13:20,3,0,0,0,
544,2018-03-23,72,30-169,NJD,@,PIT,W,0,0,0,0,0,0,0,0,0,0,0,0,2,0.0,22,14:13,2,2,0,0,
545,2018-03-24,73,30-170,NJD,,TBL,W,0,0,0,1,0,0,0,0,0,0,0,0,0,,22,14:19,0,2,0,0,
546,2018-03-27,74,30-173,NJD,,CAR,W,0,1,1,0,0,0,0,0,0,1,0,0,2,0.0,24,15:49,1,0,0,0,
547,2018-03-29,75,30-175,NJD,,PIT,L-OT,0,0,0,0,0,0,0,0,0,0,0,0,1,0.0,20,15:44,0,0,0,0,
548,2018-03-31,76,30-177,NJD,,NYI,W,0,1,1,0,0,0,0,0,0,0,0,1,5,0.0,19,13:43,2,2,1,0,100.0
549,2018-04-01,77,30-178,NJD,@,MTL,W,0,0,0,0,0,0,0,0,0,0,0,0,0,,19,13:03,0,0,0,1,0.0
550,2018-04-03,78,30-180,NJD,,NYR,W,0,0,0,-1,0,0,0,0,0,0,0,0,3,0.0,20,14:07,0,0,0,0,
551,2018-04-05,79,30-182,NJD,,TOR,W,0,0,0,0,0,0,0,0,0,0,0,0,2,0.0,18,11:44,0,0,0,0,
552,2018-04-07,80,30-184,NJD,@,WSH,L,0,0,0,-2,0,0,0,0,0,0,0,0,0,,19,13:23,0,0,0,0,
553,2018-10-04,1,30-364,ARI,@,DAL,L,0,0,0,-1,0,0,0,0,0,0,0,0,1,0.0,23,13:53,0,1,0,0,
554,2018-10-06,2,31-001,ARI,,ANA,L,0,0,0,0,0,0,0,0,0,0,0,0,1,0.0,22,12:21,0,1,0,0,
555,2018-10-10,3,31-005,ARI,@,ANA,W,0,1,1,1,0,0,0,0,0,0,0,1,3,0.0,23,13:54,0,0,1,0,100.0
556,2018-10-13,4,31-008,ARI,,BUF,L,0,0,0,-2,0,0,0,0,0,0,0,0,0,,21,13:17,1,0,0,0,
557,2018-10-16,5,31-011,ARI,@,MIN,L,0,0,0,0,0,0,0,0,0,0,0,0,1,0.0,22,15:04,1,0,0,0,
558,2018-10-18,6,31-013,ARI,@,CHI,W,0,0,0,1,0,0,0,0,0,0,0,0,6,0.0,22,15:31,0,1,0,1,0.0
559,2018-10-20,7,31-015,ARI,@,WPG,L,0,0,0,-1,0,0,0,0,0,0,0,0,3,0.0,19,11:28,0,0,1,0,100.0
560,2018-10-23,8,31-018,ARI,@,CBJ,W,0,0,0,0,0,0,0,0,0,0,0,0,0,,20,15:09,1,1,0,0,
561,2018-10-25,9,31-020,ARI,,VAN,W,0,1,1,2,0,0,0,0,0,0,0,1,1,0.0,23,13:06,1,1,0,0,
562,2018-10-27,10,31-022,ARI,,TBL,W,2,0,2,2,0,0,0,2,0,0,0,0,3,66.7,24,15:09,0,1,0,0,
563,2018-10-30,11,31-025,ARI,,OTT,W,0,1,1,0,2,0,0,0,0,1,0,0,2,0.0,24,14:10,1,1,0,0,
564,2018-11-02,12,31-028,ARI,,CAR,W,1,0,1,2,0,1,0,0,1,0,0,0,4,25.0,29,17:18,2,0,0,1,0.0
565,2018-11-05,13,31-031,ARI,,PHI,L,0,1,1,-1,0,0,0,0,0,1,0,0,0,,18,12:15,1,0,0,0,
566,2018-11-08,14,31-034,ARI,@,PHI,L-OT,1,1,2,0,0,0,0,1,0,1,0,0,1,100.0,26,18:09,0,2,0,0,
567,2018-11-10,15,31-036,ARI,@,PIT,L,0,0,0,-2,0,0,0,0,0,0,0,0,2,0.0,21,15:25,1,0,0,0,
568,2018-11-11,16,31-037,ARI,@,WSH,W,0,0,0,-1,0,0,0,0,0,0,0,0,2,0.0,19,13:18,0,0,1,0,100.0
569,2018-11-13,17,31-039,ARI,@,DET,L,0,0,0,-1,0,0,0,0,0,0,0,0,0,,21,13:40,1,1,0,0,
570,2018-11-15,18,31-041,ARI,,NSH,W,1,0,1,1,0,0,0,1,0,0,0,0,2,50.0,23,15:03,1,1,1,0,100.0
571,2018-11-17,19,31-043,ARI,,BOS,L,0,0,0,-1,0,0,0,0,0,0,0,0,4,0.0,22,14:27,0,0,0,0,
572,2018-11-21,20,31-047,ARI,,VEG,L-OT,0,0,0,0,0,0,0,0,0,0,0,0,1,0.0,25,15:32,2,1,0,0,
573,2018-11-23,21,31-049,ARI,,COL,L,0,0,0,-1,2,0,0,0,0,0,0,0,1,0.0,22,15:50,2,0,0,2,0.0
574,2018-11-25,22,31-051,ARI,,CGY,L,0,0,0,-1,0,0,0,0,0,0,0,0,0,,24,15:09,0,0,0,0,
575,2018-11-27,23,31-053,ARI,@,MIN,W,1,0,1,1,0,1,0,0,0,0,0,0,2,50.0,20,15:33,0,0,0,1,0.0
576,2018-11-29,24,31-055,ARI,@,NSH,W,0,0,0,1,4,0,0,0,0,0,0,0,1,0.0,23,14:05,1,0,0,1,0.0
577,2018-12-01,25,31-057,ARI,,STL,W,0,0,0,0,0,0,0,0,0,0,0,0,0,,4,3:11,0,1,0,0,
578,2019-03-07,26,31-153,ARI,,CGY,W,0,0,0,0,0,0,0,0,0,0,0,0,5,0.0,24,17:40,3,0,0,0,
579,2019-03-09,27,31-155,ARI,,LAK,W,2,0,2,1,0,1,0,1,0,0,0,0,2,100.0,23,14:29,2,0,0,0,
580,2019-03-11,28,31-157,ARI,@,CHI,L,0,0,0,-1,0,0,0,0,0,0,0,0,0,,20,12:16,1,0,0,0,
581,2019-03-12,29,31-158,ARI,@,STL,W,0,0,0,2,0,0,0,0,0,0,0,0,2,0.0,25,16:15,1,0,0,0,
582,2019-03-14,30,31-160,ARI,,ANA,W,0,1,1,-1,0,0,0,0,0,0,0,1,0,,21,14:36,1,1,1,0,100.0
583,2019-03-16,31,31-162,ARI,,EDM,L-OT,0,0,0,-1,0,0,0,0,0,0,0,0,2,0.0,26,17:49,0,0,0,0,
584,2019-03-18,32,31-164,ARI,@,TBL,L,0,0,0,0,0,0,0,0,0,0,0,0,1,0.0,23,15:21,0,0,0,0,
585,2019-03-21,33,31-167,ARI,@,FLA,L,1,0,1,0,0,0,0,1,0,0,0,0,3,33.3,23,13:28,0,0,0,1,0.0
586,2019-03-23,34,31-169,ARI,@,NJD,L-SO,0,0,0,-1,0,0,0,0,0,0,0,0,2,0.0,24,15:01,0,0,0,0,
587,2019-03-24,35,31-170,ARI,@,NYI,L,0,0,0,-1,0,0,0,0,0,0,0,0,2,0.0,17,12:52,1,0,0,0,
588,2019-03-26,36,31-172,ARI,,CHI,W,0,0,0,0,0,0,0,0,0,0,0,0,1,0.0,19,11:56,1,0,0,0,
589,2019-03-29,37,31-175,ARI,@,COL,L-SO,0,0,0,0,0,0,0,0,0,0,0,0,1,0.0,23,14:49,0,1,0,0,
590,2019-03-31,38,31-177,ARI,,MIN,W,0,0,0,0,0,0,0,0,0,0,0,0,0,,23,17:25,0,0,0,0,
591,2019-04-02,39,31-179,ARI,,LAK,L,0,0,0,1,0,0,0,0,0,0,0,0,1,0.0,22,15:41,1,0,0,0,
592,2019-04-04,40,31-181,ARI,@,VEG,W,0,0,0,0,0,0,0,0,0,0,0,0,1,0.0,20,12:44,0,0,0,0,
593,2019-04-06,41,31-183,ARI,,WPG,L,0,1,1,0,0,0,0,0,0,1,0,0,1,0.0,25,15:42,1,0,0,0,
594,2019-10-03,1,31-363,ARI,@,ANA,L,0,0,0,-1,0,0,0,0,0,0,0,0,2,0.0,20,13:09,0,0,0,0,
595,2019-10-05,2,32-000,ARI,,BOS,L,0,0,0,0,0,0,0,0,0,0,0,0,1,0.0,17,10:38,1,0,0,0,
596,2019-10-10,3,32-005,ARI,,VEG,W,0,0,0,0,0,0,0,0,0,0,0,0,1,0.0,23,15:11,0,0,0,0,
597,2019-10-12,4,32-007,ARI,@,COL,L-OT,1,0,1,1,0,1,0,0,0,0,0,0,3,33.3,22,14:33,0,0,0,1,0.0
598,2019-10-15,5,32-010,ARI,@,WPG,W,0,0,0,0,0,0,0,0,0,0,0,0,0,,25,16:11,1,0,0,0,
599,2019-10-17,6,32-012,ARI,,NSH,W,0,0,0,0,0,0,0,0,0,0,0,0,4,0.0,26,14:29,0,0,0,0,
600,2019-10-19,7,32-014,ARI,,OTT,W,0,0,0,1,0,0,0,0,0,0,0,0,1,0.0,21,14:11,0,0,0,0,
601,2019-10-22,8,32-017,ARI,@,NYR,W,0,0,0,0,0,0,0,0,0,0,0,0,0,,19,14:55,0,1,0,0,
602,2019-10-24,9,32-019,ARI,@,NYI,L,1,0,1,0,0,1,0,0,0,0,0,0,2,50.0,15,11:07,0,0,0,0,
603,2019-10-25,10,32-020,ARI,@,NJD,W,1,0,1,0,0,0,0,1,0,0,0,0,1,100.0,19,11:30,0,0,0,0,
604,2019-10-28,11,32-023,ARI,@,BUF,W,0,0,0,0,0,0,0,0,0,0,0,0,2,0.0,17,13:10,2,0,0,0,
605,2019-10-30,12,32-025,ARI,,MTL,L,0,0,0,0,0,0,0,0,0,0,0,0,0,,18,12:47,0,0,0,0,
606,2019-11-02,13,32-028,ARI,,COL,W,0,0,0,0,0,0,0,0,0,0,0,0,1,0.0,24,16:03,1,0,0,0,
607,2019-11-04,14,32-030,ARI,@,EDM,W,1,0,1,1,0,1,0,0,0,0,0,0,2,50.0,23,16:05,0,1,0,0,
608,2019-11-05,15,32-031,ARI,@,CGY,L-OT,0,1,1,1,0,0,0,0,0,1,0,0,3,0.0,22,13:02,0,1,0,0,
609,2019-11-07,16,32-033,ARI,,CBJ,L,0,1,1,0,0,0,0,0,0,1,0,0,3,0.0,22,13:26,0,0,0,0,
610,2019-11-09,17,32-035,ARI,,MIN,L,1,0,1,2,0,1,0,0,0,0,0,0,1,100.0,16,12:24,3,0,0,0,
611,2019-11-11,18,32-037,ARI,@,WSH,W,1,0,1,0,0,1,0,0,0,0,0,0,3,33.3,25,13:39,0,0,0,0,
612,2019-11-12,19,32-038,ARI,@,STL,W,0,0,0,0,0,0,0,0,0,0,0,0,1,0.0,20,14:11,0,1,0,0,
613,2019-11-14,20,32-040,ARI,@,MIN,L,0,0,0,0,0,0,0,0,0,0,0,0,0,,18,10:48,0,0,0,0,
614,2019-11-16,21,32-042,ARI,,CGY,W,0,0,0,0,2,0,0,0,0,0,0,0,0,,19,12:44,2,0,0,0,
615,2019-11-18,22,32-044,ARI,,LAK,W,0,0,0,0,2,0,0,0,0,0,0,0,0,,21,13:39,0,0,0,0,
616,2019-11-24,23,32-050,ARI,,EDM,L-SO,0,1,1,1,0,0,0,0,0,1,0,0,3,0.0,23,13:52,1,0,0,0,
617,2019-11-27,24,32-053,ARI,,ANA,W,0,0,0,1,2,0,0,0,0,0,0,0,1,0.0,22,12:34,1,0,0,0,
618,2019-11-29,25,32-055,ARI,@,VEG,L-SO,0,0,0,0,0,0,0,0,0,0,0,0,0,,23,14:16,1,0,0,0,
619,2019-11-30,26,32-056,ARI,,SJS,L,0,0,0,0,0,0,0,0,0,0,0,0,1,0.0,15,12:51,0,0,0,0,
620,2019-12-03,27,32-059,ARI,@,CBJ,W,0,0,0,0,0,0,0,0,0,0,0,0,1,0.0,24,13:40,0,0,0,0,
621,2019-12-05,28,32-061,ARI,@,PHI,W,0,0,0,0,0,0,0,0,0,0,0,0,0,,22,13:32,0,0,0,0,
622,2019-12-06,29,32-062,ARI,@,PIT,L,0,0,0,0,0,0,0,0,0,0,0,0,1,0.0,16,10:50,2,0,0,0,
623,2019-12-08,30,32-064,ARI,@,CHI,W,0,0,0,-1,0,0,0,0,0,0,0,0,3,0.0,18,9:27,1,0,0,1,0.0
624,2019-12-10,31,32-066,ARI,,CGY,L,0,0,0,0,0,0,0,0,0,0,0,0,2,0.0,17,11:17,0,0,0,1,0.0
625,2019-12-12,32,32-068,ARI,,CHI,W,1,0,1,2,0,1,0,0,0,0,0,0,2,50.0,20,11:41,0,1,0,0,
626,2019-12-14,33,32-070,ARI,,NJD,L,0,0,0,-1,0,0,0,0,0,0,0,0,1,0.0,17,9:28,0,0,0,0,
627,2019-12-17,34,32-073,ARI,@,SJS,W,0,0,0,-1,0,0,0,0,0,0,0,0,1,0.0,17,10:09,0,1,0,0,
628,2019-12-19,35,32-075,ARI,,MIN,L,0,0,0,-4,0,0,0,0,0,0,0,0,1,0.0,15,9:44,0,3,0,0,
629,2019-12-22,36,32-078,ARI,@,DET,W,0,0,0,-1,0,0,0,0,0,0,0,0,2,0.0,19,12:37,2,0,0,0,
630,2019-12-23,37,32-079,ARI,@,NSH,L,0,0,0,0,0,0,0,0,0,0,0,0,2,0.0,14,7:58,0,0,0,1,0.0
631,2019-12-28,38,32-084,ARI,@,VEG,L,1,0,1,1,0,1,0,0,0,0,0,0,2,50.0,18,12:42,0,0,0,0,
632,2019-12-29,39,32-085,ARI,,DAL,L,0,0,0,-1,0,0,0,0,0,0,0,0,1,0.0,16,10:42,0,0,0,0,
633,2020-01-10,40,32-097,ARI,@,CAR,L,0,0,0,-2,0,0,0,0,0,0,0,0,1,0.0,15,9:25,1,0,0,0,
634,2020-01-14,41,32-101,ARI,,SJS,W,0,0,0,0,0,0,0,0,0,0,0,0,0,,14,9:56,0,1,0,0,
635,2020-01-16,42,32-103,ARI,@,VAN,L,0,0,0,0,0,0,0,0,0,0,0,0,2,0.0,16,11:13,0,1,0,0,
636,2020-01-18,43,32-105,ARI,@,EDM,L,0,0,0,0,0,0,0,0,0,0,0,0,1,0.0,15,9:52,0,0,0,0,
637,2020-01-29,44,32-116,ARI,@,ANA,L,0,0,0,-2,0,0,0,0,0,0,0,0,0,,16,10:09,0,1,0,0,
638,2020-01-30,45,32-117,ARI,,LAK,L-OT,0,0,0,0,0,0,0,0,0,0,0,0,0,,16,11:22,1,0,0,0,
639,2020-03-09,46,32-156,ARI,@,WPG,L,0,0,0,-1,0,0,0,0,0,0,0,0,2,0.0,16,11:44,1,0,0,0,
