,date_game,game_season,age,team_id,game_location,opp_id,game_result,goals,assists,points,plus_minus,pen_min,goals_ev,goals_pp,goals_sh,goals_gw,assists_ev,assists_pp,assists_sh,shots,shot_pct,shifts,time_on_ice,hits_all,blocks_all,faceoff_wins_all,faceoff_losses_all,faceoff_percentage_all
0,2013-01-19,1,20-328,MIN,,COL,W,1,0,1,0,0,1,0,0,0,,,,2,50.0,22,14:49,1,1,6,5,54.5
1,2013-01-20,2,20-329,MIN,,DAL,W,0,0,0,1,0,0,0,0,0,,,,0,,18,14:43,0,0,3,1,75.0
2,2013-01-22,3,20-331,MIN,,NSH,L,0,0,0,0,0,0,0,0,0,,,,1,0.0,22,16:44,0,1,8,5,61.5
3,2013-01-25,4,20-334,MIN,@,DET,L,0,1,1,0,0,0,0,0,0,,,,0,,20,18:30,0,0,5,6,45.5
4,2013-01-27,5,20-336,MIN,@,STL,L-OT,0,0,0,0,0,0,0,0,0,,,,3,0.0,16,11:42,1,0,3,5,37.5
5,2013-01-29,6,20-338,MIN,,CBJ,W,0,0,0,-1,2,0,0,0,0,,,,1,0.0,17,13:11,0,0,4,6,40.0
6,2013-01-30,7,20-339,MIN,,CHI,W,0,1,1,0,0,0,0,0,0,,,,3,0.0,26,16:55,0,0,7,8,46.7
7,2013-02-01,8,20-341,MIN,@,ANA,L,0,0,0,0,0,0,0,0,0,,,,0,,19,14:31,1,0,5,8,38.5
8,2013-02-04,9,20-344,MIN,@,PHX,L,0,0,0,0,0,0,0,0,0,,,,1,0.0,18,14:16,0,0,2,0,100.0
9,2013-02-09,10,20-349,MIN,,NSH,W,0,0,0,-1,2,0,0,0,0,,,,3,0.0,23,13:44,1,1,4,7,36.4
10,2013-02-11,11,20-351,MIN,@,CGY,W,0,0,0,-1,0,0,0,0,0,,,,1,0.0,25,19:14,0,0,4,5,44.4
11,2013-02-12,12,20-352,MIN,@,VAN,L,0,1,1,0,0,0,0,0,0,,,,1,0.0,19,12:59,2,0,9,3,75.0
12,2013-02-14,13,20-354,MIN,,COL,L-SO,0,1,1,-1,0,0,0,0,0,,,,2,0.0,24,15:37,1,0,1,0,100.0
13,2013-02-17,14,20-357,MIN,,DET,W,0,1,1,1,0,0,0,0,0,,,,0,,14,8:26,0,1,3,2,60.0
14,2013-02-21,15,20-361,MIN,@,EDM,W,0,0,0,0,0,0,0,0,0,,,,0,,15,9:18,0,0,3,3,50.0
15,2013-02-26,16,21-000,MIN,,CGY,W,0,0,0,1,0,0,0,0,0,,,,1,0.0,15,12:49,1,0,2,2,50.0
16,2013-02-28,17,21-002,MIN,@,PHX,W,0,0,0,1,0,0,0,0,0,,,,1,0.0,17,10:33,1,1,3,7,30.0
17,2013-03-03,18,21-005,MIN,,EDM,W,0,0,0,0,0,0,0,0,0,,,,2,0.0,16,13:38,0,1,3,4,42.9
18,2013-03-05,19,21-007,MIN,@,CHI,L,0,0,0,-3,0,0,0,0,0,,,,1,0.0,18,14:08,3,0,6,5,54.5
19,2013-04-04,20,21-037,MIN,@,LAK,L,0,0,0,0,0,0,0,0,0,,,,2,0.0,15,12:27,1,1,4,8,33.3
20,2013-04-07,21,21-040,MIN,@,CBJ,W,0,1,1,0,0,0,0,0,0,,,,0,,19,12:48,1,0,3,6,33.3
21,2013-04-09,22,21-042,MIN,,CHI,L,0,0,0,0,0,0,0,0,0,,,,2,0.0,18,10:24,0,0,3,1,75.0
22,2013-04-11,23,21-044,MIN,,STL,L,0,0,0,0,0,0,0,0,0,,,,1,0.0,19,14:43,1,1,2,4,33.3
23,2013-04-13,24,21-046,MIN,,CBJ,L-SO,0,0,0,-1,0,0,0,0,0,,,,4,0.0,15,11:16,0,0,3,4,42.9
24,2013-04-16,25,21-049,MIN,@,EDM,W,1,0,1,1,0,1,0,0,0,,,,3,33.3,13,10:54,0,0,0,2,0.0
25,2013-04-18,26,21-051,MIN,@,SJS,L,0,0,0,-1,0,0,0,0,0,,,,0,,16,10:49,0,0,0,2,0.0
26,2013-04-21,27,21-054,MIN,,CGY,L,0,0,0,0,2,0,0,0,0,,,,1,0.0,9,6:41,0,0,1,0,100.0
27,2013-10-03,1,21-219,MIN,,LAK,L-SO,0,2,2,1,0,0,0,0,0,,,,1,0.0,18,14:54,1,2,0,1,0.0
28,2013-10-05,2,21-221,MIN,,ANA,L-OT,0,0,0,-1,2,0,0,0,0,,,,0,,21,15:39,2,0,3,2,60.0
29,2013-10-08,3,21-224,MIN,@,NSH,L,0,1,1,0,0,0,0,0,0,,,,0,,22,15:44,1,1,4,9,30.8
30,2013-10-10,4,21-226,MIN,,WPG,W,0,0,0,0,0,0,0,0,0,,,,0,,23,16:23,0,0,7,4,63.6
31,2013-10-12,5,21-228,MIN,,DAL,W,0,0,0,0,0,0,0,0,0,,,,1,0.0,21,15:41,0,2,5,8,38.5
32,2013-10-14,6,21-230,MIN,@,BUF,W,0,0,0,-1,0,0,0,0,0,,,,1,0.0,19,16:33,1,1,5,5,50.0
33,2013-10-15,7,21-231,MIN,@,TOR,L,0,0,0,0,0,0,0,0,0,,,,2,0.0,20,14:11,0,1,7,5,58.3
34,2013-10-17,8,21-233,MIN,@,TBL,L,0,0,0,-1,0,0,0,0,0,,,,3,0.0,20,15:58,0,1,3,9,25.0
35,2013-10-19,9,21-235,MIN,@,FLA,L-SO,0,1,1,0,0,0,0,0,0,,,,1,0.0,25,16:38,0,0,7,8,46.7
36,2013-10-22,10,21-238,MIN,,NSH,W,0,0,0,0,0,0,0,0,0,,,,2,0.0,19,16:41,0,1,4,5,44.4
37,2013-10-24,11,21-240,MIN,,CAR,W,0,1,1,0,2,0,0,0,0,,,,0,,20,16:13,2,0,8,6,57.1
38,2013-10-26,12,21-242,MIN,@,CHI,W,0,2,2,2,2,0,0,0,0,,,,1,0.0,19,13:22,1,0,5,4,55.6
39,2013-10-28,13,21-244,MIN,,CHI,L,0,1,1,-1,0,0,0,0,0,,,,2,0.0,20,16:43,1,1,6,7,46.2
40,2013-11-01,14,21-248,MIN,,MTL,W,0,2,2,2,0,0,0,0,0,,,,2,0.0,22,15:50,1,2,6,5,54.5
41,2013-11-03,15,21-250,MIN,,NJD,W,1,0,1,2,0,1,0,0,1,,,,1,100.0,23,15:25,3,1,6,4,60.0
42,2013-11-05,16,21-252,MIN,,CGY,W,0,0,0,0,0,0,0,0,0,,,,1,0.0,23,15:24,0,0,6,7,46.2
43,2013-11-07,17,21-254,MIN,@,WSH,L-SO,1,0,1,1,0,1,0,0,0,,,,5,20.0,24,18:13,2,0,3,5,37.5
44,2013-11-09,18,21-256,MIN,@,CAR,W,0,0,0,1,2,0,0,0,0,,,,1,0.0,21,18:08,0,0,4,8,33.3
45,2013-11-13,19,21-260,MIN,,TOR,W,0,0,0,0,2,0,0,0,0,,,,3,0.0,28,20:03,0,0,7,7,50.0
46,2013-11-15,20,21-262,MIN,,FLA,W,0,0,0,1,0,0,0,0,0,,,,2,0.0,25,15:46,0,0,7,3,70.0
47,2013-11-17,21,21-264,MIN,,WPG,W,0,0,0,0,0,0,0,0,0,,,,4,0.0,24,18:02,1,0,8,3,72.7
48,2013-11-19,22,21-266,MIN,@,MTL,L,0,0,0,-2,0,0,0,0,0,,,,1,0.0,23,18:22,1,1,5,2,71.4
49,2013-11-20,23,21-267,MIN,@,OTT,W,0,0,0,0,0,0,0,0,0,,,,1,0.0,22,16:57,0,1,7,5,58.3
50,2013-11-27,24,21-274,MIN,,PHX,L,0,0,0,0,0,0,0,0,0,,,,0,,1,0:29,0,0,1,0,100.0
51,2013-12-22,25,21-299,MIN,@,NYR,L,0,1,1,-1,0,0,0,0,0,,,,0,,24,16:35,0,0,8,7,53.3
52,2013-12-23,26,21-300,MIN,@,PHI,L,1,0,1,-1,0,0,1,0,0,,,,2,50.0,20,19:20,0,1,4,3,57.1
53,2013-12-27,27,21-304,MIN,@,WPG,L,0,1,1,-3,0,0,0,0,0,,,,0,,20,17:23,1,1,4,7,36.4
54,2013-12-29,28,21-306,MIN,,NYI,L,0,0,0,-2,2,0,0,0,0,,,,2,0.0,23,19:20,0,0,8,3,72.7
55,2013-12-31,29,21-308,MIN,,STL,L,0,0,0,-1,0,0,0,0,0,,,,4,0.0,22,16:25,0,1,4,5,44.4
56,2014-01-02,30,21-310,MIN,,BUF,W,0,1,1,1,0,0,0,0,0,,,,0,,19,13:03,1,0,5,2,71.4
57,2014-01-04,31,21-312,MIN,,WSH,W,0,1,1,0,0,0,0,0,0,,,,0,,25,16:07,1,2,11,4,73.3
58,2014-01-07,32,21-315,MIN,@,LAK,W,0,1,1,1,0,0,0,0,0,,,,2,0.0,25,20:44,1,1,8,8,50.0
59,2014-01-09,33,21-317,MIN,@,PHX,W,0,0,0,0,0,0,0,0,0,,,,2,0.0,26,19:09,0,0,6,7,46.2
60,2014-01-11,34,21-319,MIN,,COL,L,0,0,0,-2,0,0,0,0,0,,,,1,0.0,26,19:35,2,0,7,4,63.6
61,2014-01-12,35,21-320,MIN,@,NSH,W,0,1,1,1,0,0,0,0,0,,,,1,0.0,25,18:43,0,2,9,7,56.3
62,2014-01-14,36,21-322,MIN,,OTT,L,0,0,0,-1,4,0,0,0,0,,,,3,0.0,24,18:11,1,2,7,8,46.7
63,2014-01-16,37,21-324,MIN,,EDM,W,0,1,1,2,0,0,0,0,0,,,,0,,25,18:28,1,0,6,8,42.9
64,2014-01-18,38,21-326,MIN,,DAL,W,0,0,0,-1,0,0,0,0,0,,,,0,,26,21:24,0,1,11,10,52.4
65,2014-01-21,39,21-329,MIN,@,DAL,L,0,0,0,0,2,0,0,0,0,,,,1,0.0,19,16:19,1,1,6,7,46.2
66,2014-01-23,40,21-331,MIN,,CHI,W,0,1,1,1,0,0,0,0,0,,,,1,0.0,18,16:32,0,1,3,6,33.3
67,2014-01-25,41,21-333,MIN,@,SJS,L-OT,0,1,1,0,0,0,0,0,0,,,,0,,29,19:25,0,1,9,7,56.3
68,2014-01-28,42,21-336,MIN,@,ANA,W,1,1,2,1,0,0,1,0,0,,,,3,33.3,21,18:41,0,1,10,8,55.6
69,2014-01-30,43,21-338,MIN,@,COL,L,1,2,3,2,0,1,0,0,0,,,,5,20.0,31,22:00,2,0,12,14,46.2
70,2014-02-01,44,21-340,MIN,@,CGY,L-OT,0,1,1,-3,0,0,0,0,0,,,,4,0.0,29,20:06,0,0,8,6,57.1
71,2014-02-04,45,21-343,MIN,,TBL,W,0,0,0,0,0,0,0,0,0,,,,3,0.0,19,19:59,0,1,5,12,29.4
72,2014-02-06,46,21-345,MIN,,NSH,W,0,0,0,0,0,0,0,0,0,,,,5,0.0,26,21:32,0,0,7,7,50.0
73,2014-02-27,47,22-001,MIN,@,EDM,W,1,0,1,1,0,1,0,0,1,,,,1,100.0,20,16:36,0,0,8,11,42.1
74,2014-02-28,48,22-002,MIN,@,VAN,W,0,1,1,0,0,0,0,0,0,,,,2,0.0,24,21:25,0,2,13,11,54.2
75,2014-03-03,49,22-005,MIN,,CGY,W,0,2,2,1,0,0,0,0,0,,,,2,0.0,22,16:19,0,2,7,4,63.6
76,2014-03-08,50,22-010,MIN,@,DAL,L,0,0,0,0,0,0,0,0,0,,,,2,0.0,24,18:11,2,2,9,5,64.3
77,2014-03-09,51,22-011,MIN,,STL,L-SO,0,0,0,1,0,0,0,0,0,,,,3,0.0,27,19:52,0,0,9,7,56.3
78,2014-03-11,52,22-013,MIN,,EDM,L-SO,0,2,2,-1,0,0,0,0,0,,,,0,,28,18:52,0,0,11,3,78.6
79,2014-03-13,53,22-015,MIN,,NYR,W,0,1,1,1,0,0,0,0,0,,,,1,0.0,23,16:46,0,0,11,5,68.8
80,2014-03-15,54,22-017,MIN,,CBJ,L-SO,0,0,0,0,0,0,0,0,0,,,,4,0.0,26,20:32,0,1,11,7,61.1
81,2014-03-17,55,22-019,MIN,@,BOS,L,0,1,1,-1,0,0,0,0,0,,,,3,0.0,25,19:59,0,3,9,7,56.3
82,2014-03-18,56,22-020,MIN,@,NYI,W,1,0,1,1,2,1,0,0,0,,,,2,50.0,20,14:32,0,0,9,4,69.2
83,2014-03-20,57,22-022,MIN,@,NJD,L-OT,1,0,1,0,0,1,0,0,0,,,,3,33.3,24,17:55,0,0,5,9,35.7
84,2014-03-22,58,22-024,MIN,,DET,L,0,0,0,0,0,0,0,0,0,,,,2,0.0,21,18:53,0,0,6,6,50.0
85,2014-03-23,59,22-025,MIN,@,DET,W,0,1,1,1,0,0,0,0,0,,,,1,0.0,23,20:52,0,1,6,7,46.2
86,2014-03-26,60,22-028,MIN,,VAN,L,0,0,0,-3,0,0,0,0,0,,,,1,0.0,22,17:18,0,0,4,7,36.4
87,2014-03-27,61,22-029,MIN,@,STL,L,0,0,0,-2,2,0,0,0,0,,,,2,0.0,21,18:37,2,1,9,3,75.0
88,2014-03-29,62,22-031,MIN,@,PHX,W,0,1,1,1,0,0,0,0,0,,,,1,0.0,21,17:35,1,3,3,5,37.5
89,2014-03-31,63,22-033,MIN,@,LAK,W,0,1,1,-1,0,0,0,0,0,,,,0,,14,10:54,5,0,3,1,75.0
90,2014-10-09,1,22-225,MIN,,COL,W,0,2,2,4,0,0,0,0,0,2,0,0,3,0.0,20,15:34,1,1,6,7,46.2
91,2014-10-11,2,22-227,MIN,@,COL,W,0,0,0,0,0,0,0,0,0,0,0,0,2,0.0,21,18:58,0,1,8,8,50.0
92,2014-10-17,3,22-233,MIN,@,ANA,L,0,0,0,0,0,0,0,0,0,0,0,0,3,0.0,22,19:38,1,0,13,8,61.9
93,2014-10-19,4,22-235,MIN,@,LAK,L,0,0,0,0,0,0,0,0,0,0,0,0,1,0.0,22,21:22,0,0,3,11,21.4
94,2014-10-23,5,22-239,MIN,,ARI,W,0,0,0,1,0,0,0,0,0,0,0,0,2,0.0,21,18:16,1,0,3,5,37.5
95,2014-10-25,6,22-241,MIN,,TBL,W,0,0,0,2,0,0,0,0,0,0,0,0,2,0.0,19,17:27,1,0,8,5,61.5
96,2014-10-27,7,22-243,MIN,@,NYR,L,0,1,1,-1,0,0,0,0,0,1,0,0,1,0.0,26,20:41,0,1,3,9,25.0
97,2014-10-28,8,22-244,MIN,@,BOS,W,0,1,1,0,0,0,0,0,0,1,0,0,2,0.0,22,18:22,1,1,7,9,43.8
98,2014-10-30,9,22-246,MIN,,SJS,W,0,0,0,-2,0,0,0,0,0,0,0,0,2,0.0,27,22:15,1,1,8,9,47.1
99,2014-11-01,10,22-248,MIN,,DAL,W,1,0,1,1,0,1,0,0,0,0,0,0,2,50.0,21,16:29,1,1,3,7,30.0
100,2014-11-04,11,22-251,MIN,,PIT,L,0,0,0,0,0,0,0,0,0,0,0,0,3,0.0,25,21:28,1,2,8,8,50.0
101,2014-11-06,12,22-253,MIN,@,OTT,L,0,0,0,0,2,0,0,0,0,0,0,0,0,,22,19:30,2,1,5,7,41.7
102,2014-11-08,13,22-255,MIN,@,MTL,L,0,0,0,0,0,0,0,0,0,0,0,0,1,0.0,24,17:48,0,0,8,10,44.4
103,2014-11-11,14,22-258,MIN,@,NJD,L,0,0,0,-1,0,0,0,0,0,0,0,0,1,0.0,16,12:53,1,0,3,5,37.5
104,2014-11-13,15,22-260,MIN,,BUF,W,0,1,1,1,0,0,0,0,0,0,1,0,2,0.0,21,18:30,1,0,4,5,44.4
105,2014-11-15,16,22-262,MIN,@,DAL,W,1,0,1,1,0,1,0,0,1,0,0,0,1,100.0,25,18:06,0,0,6,6,50.0
106,2014-11-16,17,22-263,MIN,,WPG,W,0,1,1,-1,0,0,0,0,0,1,0,0,1,0.0,24,15:26,0,0,7,4,63.6
107,2014-11-20,18,22-267,MIN,@,PHI,W,0,1,1,1,0,0,0,0,0,1,0,0,1,0.0,25,19:19,1,1,15,7,68.2
108,2014-11-22,19,22-269,MIN,@,TBL,L,0,0,0,0,0,0,0,0,0,0,0,0,1,0.0,22,18:27,1,0,7,10,41.2
109,2014-11-24,20,22-271,MIN,@,FLA,W,0,0,0,0,0,0,0,0,0,0,0,0,1,0.0,20,19:52,1,1,3,7,30.0
110,2014-11-26,21,22-273,MIN,,LAK,L,0,0,0,-2,0,0,0,0,0,0,0,0,1,0.0,20,18:07,0,0,4,6,40.0
111,2014-11-28,22,22-275,MIN,@,DAL,W,1,0,1,1,0,1,0,0,0,0,0,0,3,33.3,25,18:39,0,0,11,11,50.0
112,2014-11-29,23,22-276,MIN,,STL,L-SO,0,0,0,0,2,0,0,0,0,0,0,0,1,0.0,26,20:07,2,0,5,6,45.5
113,2014-12-03,24,22-280,MIN,,MTL,W,0,0,0,0,0,0,0,0,0,0,0,0,1,0.0,23,21:30,1,1,7,10,41.2
114,2014-12-05,25,22-282,MIN,,ANA,L,0,2,2,-1,0,0,0,0,0,0,2,0,1,0.0,23,18:33,2,1,7,10,41.2
115,2014-12-09,26,22-286,MIN,,NYI,W,0,0,0,0,0,0,0,0,0,0,0,0,0,,27,18:56,2,0,12,3,80.0
116,2014-12-11,27,22-288,MIN,@,SJS,L,0,0,0,-1,0,0,0,0,0,0,0,0,0,,21,16:53,0,2,5,8,38.5
117,2014-12-13,28,22-290,MIN,@,ARI,W,0,0,0,-2,0,0,0,0,0,0,0,0,0,,23,18:46,1,0,5,8,38.5
118,2014-12-16,29,22-293,MIN,@,CHI,L,0,1,1,-1,0,0,0,0,0,1,0,0,2,0.0,24,16:47,1,3,6,9,40.0
119,2014-12-17,30,22-294,MIN,,BOS,L-OT,0,0,0,0,0,0,0,0,0,0,0,0,2,0.0,20,19:52,1,0,12,9,57.1
120,2014-12-23,31,22-300,MIN,,PHI,L,0,0,0,0,0,0,0,0,0,0,0,0,1,0.0,20,15:31,0,1,6,6,50.0
121,2014-12-27,32,22-304,MIN,,WPG,L-OT,1,1,2,2,0,1,0,0,0,1,0,0,1,100.0,22,14:27,0,1,9,5,64.3
122,2015-01-27,33,22-335,MIN,@,EDM,W,0,0,0,0,2,0,0,0,0,0,0,0,3,0.0,22,17:25,0,2,5,4,55.6
123,2015-01-29,34,22-337,MIN,@,CGY,W,0,0,0,1,0,0,0,0,0,0,0,0,2,0.0,19,15:53,1,0,7,11,38.9
124,2015-02-01,35,22-340,MIN,@,VAN,W,0,2,2,2,0,0,0,0,0,1,1,0,0,,23,16:07,1,0,5,7,41.7
125,2015-02-03,36,22-342,MIN,,CHI,W,1,0,1,1,0,1,0,0,0,0,0,0,2,50.0,20,16:27,2,0,9,5,64.3
126,2015-02-07,37,22-346,MIN,,COL,W,0,0,0,0,0,0,0,0,0,0,0,0,2,0.0,21,17:48,2,0,14,9,60.9
127,2015-02-09,38,22-348,MIN,,VAN,W,0,0,0,-2,0,0,0,0,0,0,0,0,1,0.0,24,17:56,1,1,12,4,75.0
128,2015-02-10,39,22-349,MIN,@,WPG,L-OT,0,0,0,0,0,0,0,0,0,0,0,0,0,,23,17:05,3,3,7,8,46.7
129,2015-02-12,40,22-351,MIN,,FLA,W,0,0,0,0,0,0,0,0,0,0,0,0,3,0.0,24,17:47,0,0,9,11,45.0
130,2015-02-14,41,22-353,MIN,,CAR,W,0,2,2,3,0,0,0,0,0,2,0,0,0,,19,15:28,0,0,8,10,44.4
131,2015-02-16,42,22-355,MIN,@,VAN,L,0,0,0,-1,0,0,0,0,0,0,0,0,2,0.0,21,17:52,0,0,8,6,57.1
132,2015-02-18,43,22-357,MIN,@,CGY,W,0,0,0,-1,0,0,0,0,0,0,0,0,1,0.0,22,18:55,0,0,8,7,53.3
133,2015-02-20,44,22-359,MIN,@,EDM,W,0,1,1,2,0,0,0,0,0,1,0,0,4,0.0,20,16:36,0,1,5,5,50.0
134,2015-02-22,45,22-361,MIN,,DAL,W,1,2,3,3,0,1,0,0,0,1,1,0,3,33.3,23,17:39,0,0,10,9,52.6
135,2015-02-24,46,22-363,MIN,,EDM,L,0,0,0,-1,0,0,0,0,0,0,0,0,0,,20,15:08,1,0,6,2,75.0
136,2015-02-26,47,23-000,MIN,@,NSH,W,0,0,0,0,4,0,0,0,0,0,0,0,1,0.0,20,17:06,1,1,4,7,36.4
137,2015-02-28,48,23-002,MIN,@,COL,W,0,1,1,0,0,0,0,0,0,1,0,0,1,0.0,24,17:12,0,0,5,11,31.3
138,2015-03-03,49,23-005,MIN,,OTT,W,0,2,2,2,2,0,0,0,0,2,0,0,2,0.0,24,16:35,0,0,5,7,41.7
139,2015-03-05,50,23-007,MIN,@,WSH,W,0,0,0,2,0,0,0,0,0,0,0,0,1,0.0,19,16:34,0,0,2,11,15.4
140,2015-03-06,51,23-008,MIN,@,CAR,W,1,1,2,3,0,1,0,0,1,1,0,0,1,100.0,24,16:50,0,2,6,6,50.0
141,2015-03-08,52,23-010,MIN,,COL,L,0,0,0,0,2,0,0,0,0,0,0,0,2,0.0,20,18:09,1,0,6,11,35.3
142,2015-03-10,53,23-012,MIN,,NJD,W,0,1,1,1,0,0,0,0,0,1,0,0,1,0.0,18,17:29,0,0,6,8,42.9
143,2015-03-13,54,23-015,MIN,,ANA,L,0,0,0,-1,0,0,0,0,0,0,0,0,2,0.0,20,17:04,2,1,6,9,40.0
144,2015-03-14,55,23-016,MIN,@,STL,W,0,0,0,0,0,0,0,0,0,0,0,0,0,,23,18:06,0,1,3,13,18.8
145,2015-03-17,56,23-019,MIN,@,NSH,W,0,0,0,0,0,0,0,0,0,0,0,0,0,,19,17:02,2,2,6,3,66.7
146,2015-03-19,57,23-021,MIN,,WSH,L,0,2,2,-1,0,0,0,0,0,1,1,0,2,0.0,20,17:34,0,1,6,9,40.0
147,2015-03-21,58,23-023,MIN,,STL,W,0,1,1,1,0,0,0,0,0,1,0,0,1,0.0,19,16:55,0,1,4,9,30.8
148,2015-03-23,59,23-025,MIN,@,TOR,W,0,0,0,0,0,0,0,0,0,0,0,0,1,0.0,21,16:48,1,0,5,9,35.7
149,2015-03-24,60,23-026,MIN,@,NYI,W,0,0,0,-1,2,0,0,0,0,0,0,0,1,0.0,22,19:36,1,3,5,11,31.3
150,2015-03-27,61,23-029,MIN,,CGY,W,0,1,1,1,2,0,0,0,0,0,1,0,1,0.0,22,18:52,0,0,10,4,71.4
151,2015-03-28,62,23-030,MIN,,LAK,W,0,0,0,0,0,0,0,0,0,0,0,0,2,0.0,22,18:01,0,1,13,10,56.5
152,2015-04-02,63,23-035,MIN,,NYR,L,0,1,1,1,0,0,0,0,0,1,0,0,2,0.0,23,18:26,0,1,8,7,53.3
153,2015-04-04,64,23-037,MIN,,DET,L-SO,0,1,1,1,0,0,0,0,0,1,0,0,1,0.0,24,21:54,1,2,14,8,63.6
154,2015-04-06,65,23-039,MIN,,WPG,L,0,0,0,0,0,0,0,0,0,0,0,0,3,0.0,22,16:36,1,0,10,3,76.9
155,2015-04-07,66,23-040,MIN,@,CHI,W,1,0,1,0,0,1,0,0,0,0,0,0,3,33.3,25,18:47,1,0,8,5,61.5
156,2015-04-09,67,23-042,MIN,@,NSH,W,0,1,1,0,2,0,0,0,0,1,0,0,1,0.0,19,17:35,0,2,7,4,63.6
157,2015-04-11,68,23-044,MIN,@,STL,L,0,1,1,-1,0,0,0,0,0,0,1,0,2,0.0,18,17:13,0,0,7,7,50.0
158,2015-10-08,1,23-224,MIN,@,COL,W,0,2,2,3,0,0,0,0,0,2,0,0,0,,23,21:28,1,0,12,9,57.1
159,2015-10-10,2,23-226,MIN,,STL,W,0,1,1,0,0,0,0,0,0,0,1,0,2,0.0,27,20:07,3,2,7,5,58.3
160,2015-10-15,3,23-231,MIN,@,ARI,W,1,0,1,1,0,1,0,0,1,0,0,0,2,50.0,24,19:09,1,1,6,9,40.0
161,2015-10-16,4,23-232,MIN,@,LAK,L-OT,0,0,0,0,2,0,0,0,0,0,0,0,1,0.0,22,20:48,1,1,6,5,54.5
162,2015-10-18,5,23-234,MIN,@,ANA,L,0,0,0,-1,0,0,0,0,0,0,0,0,2,0.0,22,17:05,3,1,5,10,33.3
163,2015-10-22,6,23-238,MIN,,CBJ,W,0,0,0,1,0,0,0,0,0,0,0,0,1,0.0,24,18:00,1,0,7,9,43.8
164,2015-10-24,7,23-240,MIN,,ANA,W,0,0,0,0,0,0,0,0,0,0,0,0,1,0.0,22,19:16,1,1,6,5,54.5
165,2015-10-25,8,23-241,MIN,@,WPG,L,0,1,1,-3,0,0,0,0,0,0,1,0,1,0.0,23,19:54,0,0,7,10,41.2
166,2015-10-27,9,23-243,MIN,,EDM,W,0,0,0,-1,0,0,0,0,0,0,0,0,2,0.0,21,20:06,1,2,8,5,61.5
167,2015-10-30,10,23-246,MIN,,CHI,W,0,0,0,0,0,0,0,0,0,0,0,0,3,0.0,22,19:40,1,1,10,10,50.0
168,2015-10-31,11,23-247,MIN,@,STL,L-OT,0,0,0,-1,2,0,0,0,0,0,0,0,1,0.0,21,18:38,1,2,7,6,53.8
169,2015-11-05,12,23-252,MIN,,NSH,L,0,0,0,-1,0,0,0,0,0,0,0,0,1,0.0,21,21:07,0,0,8,6,57.1
170,2015-11-07,13,23-254,MIN,,TBL,W,0,0,0,1,0,0,0,0,0,0,0,0,1,0.0,22,17:21,0,0,6,3,66.7
171,2015-11-10,14,23-257,MIN,,WPG,W,0,1,1,1,0,0,0,0,0,1,0,0,1,0.0,22,19:39,0,4,4,7,36.4
172,2015-11-12,15,23-259,MIN,@,CAR,W,0,1,1,1,0,0,0,0,0,1,0,0,0,,23,19:14,3,1,5,13,27.8
173,2015-11-14,16,23-261,MIN,@,DAL,L-OT,0,0,0,0,2,0,0,0,0,0,0,0,0,,25,22:15,1,1,9,4,69.2
174,2015-11-17,17,23-264,MIN,@,PIT,L,1,1,2,-1,0,1,0,0,0,0,1,0,2,50.0,29,21:02,2,0,7,9,43.8
175,2015-11-19,18,23-266,MIN,@,BOS,L,0,0,0,-1,2,0,0,0,0,0,0,0,2,0.0,21,17:05,0,0,5,5,50.0
176,2015-11-21,19,23-268,MIN,,NSH,W,1,1,2,1,2,1,0,0,0,0,1,0,2,50.0,26,21:21,1,1,5,7,41.7
177,2015-11-25,20,23-272,MIN,,VAN,L,0,1,1,-1,0,0,0,0,0,0,1,0,2,0.0,25,20:55,1,1,6,9,40.0
178,2015-11-27,21,23-274,MIN,,WPG,L,0,0,0,0,2,0,0,0,0,0,0,0,2,0.0,22,18:10,3,0,9,7,56.3
179,2015-11-28,22,23-275,MIN,,DAL,L-OT,0,1,1,0,0,0,0,0,0,1,0,0,1,0.0,23,17:11,2,1,9,7,56.3
180,2015-12-01,23,23-278,MIN,@,CHI,W,0,2,2,2,0,0,0,0,0,2,0,0,5,0.0,24,19:09,0,1,8,6,57.1
181,2015-12-03,24,23-280,MIN,,TOR,W,0,0,0,0,0,0,0,0,0,0,0,0,4,0.0,19,19:05,0,1,6,7,46.2
182,2015-12-05,25,23-282,MIN,,COL,W,0,1,1,2,0,0,0,0,0,1,0,0,4,0.0,25,19:04,1,0,5,8,38.5
183,2015-12-07,26,23-284,MIN,@,COL,L-OT,0,1,1,1,0,0,0,0,0,1,0,0,3,0.0,24,18:26,0,0,7,7,50.0
184,2015-12-11,27,23-288,MIN,@,ARI,L-OT,0,0,0,0,0,0,0,0,0,0,0,0,3,0.0,21,16:20,0,0,5,12,29.4
185,2015-12-12,28,23-289,MIN,@,SJS,W,0,1,1,1,2,0,0,0,0,1,0,0,1,0.0,25,16:04,1,1,8,6,57.1
186,2015-12-15,29,23-292,MIN,,VAN,W,0,0,0,-1,0,0,0,0,0,0,0,0,3,0.0,21,16:02,0,1,7,9,43.8
187,2015-12-17,30,23-294,MIN,,NYR,W,0,1,1,-1,0,0,0,0,0,0,1,0,2,0.0,22,15:34,0,0,6,7,46.2
188,2015-12-19,31,23-296,MIN,@,NSH,L,0,1,1,0,0,0,0,0,0,1,0,0,0,,21,17:37,2,0,8,3,72.7
189,2015-12-21,32,23-298,MIN,,DAL,L,0,0,0,-1,2,0,0,0,0,0,0,0,3,0.0,23,18:24,2,1,8,11,42.1
190,2015-12-22,33,23-299,MIN,,MTL,W,0,1,1,1,0,0,0,0,0,1,0,0,3,0.0,23,20:05,1,1,9,8,52.9
191,2015-12-26,34,23-303,MIN,,PIT,L,0,0,0,-1,0,0,0,0,0,0,0,0,2,0.0,26,20:28,2,1,8,7,53.3
192,2015-12-28,35,23-305,MIN,,DET,W,0,0,0,0,0,0,0,0,0,0,0,0,0,,19,16:49,0,0,4,2,66.7
193,2015-12-31,36,23-308,MIN,@,STL,W,0,0,0,0,0,0,0,0,0,0,0,0,1,0.0,18,15:44,2,1,3,4,42.9
194,2016-01-02,37,23-310,MIN,@,TBL,L-SO,0,0,0,-1,0,0,0,0,0,0,0,0,3,0.0,26,20:55,0,0,3,9,25.0
195,2016-01-03,38,23-311,MIN,@,FLA,L,0,0,0,0,0,0,0,0,0,0,0,0,1,0.0,21,18:51,1,0,6,4,60.0
196,2016-01-05,39,23-313,MIN,@,CBJ,W,1,2,3,3,0,1,0,0,0,2,0,0,2,50.0,23,20:38,0,1,5,8,38.5
197,2016-01-07,40,23-315,MIN,,PHI,L-OT,0,0,0,-1,0,0,0,0,0,0,0,0,2,0.0,19,19:40,2,0,4,10,28.6
198,2016-01-09,41,23-317,MIN,@,DAL,W,0,0,0,0,0,0,0,0,0,0,0,0,3,0.0,21,16:30,0,1,4,5,44.4
199,2016-01-10,42,23-318,MIN,,NJD,L,0,0,0,-1,0,0,0,0,0,0,0,0,0,,24,21:34,0,1,4,2,66.7
200,2016-01-12,43,23-320,MIN,,BUF,L,0,1,1,0,0,0,0,0,0,1,0,0,4,0.0,20,20:07,2,0,1,3,25.0
201,2016-01-15,44,23-323,MIN,,WPG,L,0,0,0,0,0,0,0,0,0,0,0,0,2,0.0,22,18:46,2,0,8,6,57.1
202,2016-01-16,45,23-324,MIN,@,NSH,L,0,0,0,-2,0,0,0,0,0,0,0,0,2,0.0,23,19:35,2,1,7,9,43.8
203,2016-01-20,46,23-328,MIN,@,ANA,L,0,0,0,-1,0,0,0,0,0,0,0,0,1,0.0,23,21:11,1,2,8,9,47.1
204,2016-01-21,47,23-329,MIN,@,LAK,W,0,0,0,0,0,0,0,0,0,0,0,0,1,0.0,20,16:31,2,1,11,8,57.9
205,2016-01-23,48,23-331,MIN,@,SJS,L,0,0,0,-1,0,0,0,0,0,0,0,0,0,,24,17:30,0,0,7,4,63.6
206,2016-01-25,49,23-333,MIN,,ARI,L-SO,0,0,0,0,2,0,0,0,0,0,0,0,2,0.0,26,21:15,1,1,11,11,50.0
207,2016-02-02,50,23-341,MIN,@,NYI,L,0,0,0,-3,0,0,0,0,0,0,0,0,2,0.0,21,18:19,1,0,6,11,35.3
208,2016-02-04,51,23-343,MIN,@,NYR,L,0,1,1,-2,0,0,0,0,0,0,1,0,0,,24,16:16,2,1,7,4,63.6
209,2016-02-06,52,23-345,MIN,@,STL,L,0,0,0,-1,0,0,0,0,0,0,0,0,7,0.0,18,16:01,0,0,6,10,37.5
210,2016-02-09,53,23-348,MIN,,DAL,L-OT,0,0,0,0,0,0,0,0,0,0,0,0,2,0.0,22,16:09,0,0,8,11,42.1
211,2016-02-11,54,23-350,MIN,,WSH,L,1,0,1,-1,0,1,0,0,0,0,0,0,4,25.0,23,17:19,0,0,10,1,90.9
212,2016-02-13,55,23-352,MIN,,BOS,L,0,1,1,-1,0,0,0,0,0,1,0,0,1,0.0,22,14:28,3,1,7,8,46.7
213,2016-02-15,56,23-354,MIN,@,VAN,W,0,1,1,1,0,0,0,0,0,1,0,0,2,0.0,22,15:55,1,2,10,9,52.6
214,2016-02-17,57,23-356,MIN,@,CGY,W,0,0,0,-1,0,0,0,0,0,0,0,0,2,0.0,17,12:29,0,0,2,8,20.0
215,2016-02-18,58,23-357,MIN,@,EDM,W,1,1,2,1,0,1,0,0,0,0,1,0,3,33.3,18,12:20,2,2,4,5,44.4
216,2016-02-21,59,23-360,MIN,,CHI,W,0,0,0,0,0,0,0,0,0,0,0,0,1,0.0,23,16:07,2,0,8,7,53.3
217,2016-02-23,60,23-362,MIN,,NYI,L,0,1,1,0,0,0,0,0,0,1,0,0,2,0.0,22,18:10,2,0,6,12,33.3
218,2016-02-25,61,23-364,MIN,@,PHI,L,1,0,1,1,0,1,0,0,0,0,0,0,4,25.0,21,16:02,2,1,4,5,44.4
219,2016-02-26,62,24-000,MIN,@,WSH,L,0,0,0,0,0,0,0,0,0,0,0,0,7,0.0,20,18:50,1,1,2,4,33.3
220,2016-02-28,63,24-002,MIN,,FLA,W,0,0,0,0,0,0,0,0,0,0,0,0,1,0.0,19,13:09,1,0,12,6,66.7
221,2016-03-01,64,24-004,MIN,,COL,W,0,0,0,-1,0,0,0,0,0,0,0,0,1,0.0,19,13:02,0,0,4,5,44.4
222,2016-03-03,65,24-006,MIN,@,TOR,W,1,0,1,0,0,0,1,0,1,0,0,0,2,50.0,20,15:56,3,3,8,5,61.5
223,2016-03-05,66,24-008,MIN,@,BUF,W,0,0,0,0,0,0,0,0,0,0,0,0,0,,24,18:09,0,0,9,11,45.0
224,2016-03-06,67,24-009,MIN,,STL,L,0,0,0,-1,0,0,0,0,0,0,0,0,0,,27,18:38,1,0,11,10,52.4
225,2016-03-10,68,24-013,MIN,,EDM,L,0,0,0,-2,2,0,0,0,0,0,0,0,1,0.0,20,15:42,0,1,9,3,75.0
226,2016-03-12,69,24-015,MIN,@,MTL,W,2,0,2,1,0,1,1,0,1,0,0,0,2,100.0,22,15:51,1,1,3,4,42.9
227,2016-03-15,70,24-018,MIN,@,OTT,L-OT,0,1,1,1,0,0,0,0,0,1,0,0,2,0.0,22,16:07,1,0,4,4,50.0
228,2016-03-17,71,24-020,MIN,@,NJD,L,0,1,1,-3,0,0,0,0,0,0,1,0,0,,20,15:42,1,1,10,11,47.6
229,2016-03-19,72,24-022,MIN,,CAR,W,0,0,0,0,0,0,0,0,0,0,0,0,5,0.0,26,18:45,1,0,7,7,50.0
230,2016-03-20,73,24-023,MIN,@,CHI,W,0,1,1,0,0,0,0,0,0,1,0,0,1,0.0,25,21:03,3,0,5,7,41.7
231,2016-03-22,74,24-025,MIN,,LAK,W,0,0,0,1,0,0,0,0,0,0,0,0,2,0.0,27,16:58,1,0,7,10,41.2
232,2016-03-24,75,24-027,MIN,,CGY,W,0,0,0,0,0,0,0,0,0,0,0,0,1,0.0,27,19:32,0,0,9,4,69.2
233,2016-03-26,76,24-029,MIN,@,COL,W,1,1,2,2,0,0,0,1,0,1,0,0,4,25.0,28,18:29,0,1,5,9,35.7
234,2016-03-29,77,24-032,MIN,,CHI,W,0,1,1,0,0,0,0,0,0,1,0,0,1,0.0,25,17:01,0,2,3,3,50.0
235,2016-03-31,78,24-034,MIN,,OTT,L,0,0,0,0,0,0,0,0,0,0,0,0,0,,23,14:44,1,0,3,5,37.5
236,2016-04-01,79,24-035,MIN,@,DET,L,1,0,1,1,0,1,0,0,0,0,0,0,3,33.3,23,18:59,2,3,2,2,50.0
237,2016-04-03,80,24-037,MIN,@,WPG,L,1,0,1,-2,0,1,0,0,0,0,0,0,2,50.0,23,18:07,0,0,5,2,71.4
238,2016-04-05,81,24-039,MIN,,SJS,L,0,0,0,-1,0,0,0,0,0,0,0,0,4,0.0,26,21:39,2,0,2,2,50.0
239,2016-04-09,82,24-043,MIN,,CGY,L,0,0,0,0,0,0,0,0,0,0,0,0,4,0.0,22,18:25,1,0,5,6,45.5
240,2016-10-13,1,24-230,MIN,@,STL,L,0,0,0,-1,0,0,0,0,0,0,0,0,0,,22,17:20,2,0,0,0,
241,2016-10-15,2,24-232,MIN,,WPG,W,0,0,0,-1,0,0,0,0,0,0,0,0,3,0.0,22,17:34,2,1,1,2,33.3
242,2016-10-18,3,24-235,MIN,,LAK,W,0,1,1,2,0,0,0,0,0,1,0,0,2,0.0,24,19:32,0,1,0,1,0.0
243,2016-10-20,4,24-237,MIN,,TOR,W,0,0,0,0,0,0,0,0,0,0,0,0,0,,23,19:02,2,0,0,0,
244,2016-10-22,5,24-239,MIN,@,NJD,L-OT,0,0,0,-1,0,0,0,0,0,0,0,0,3,0.0,29,20:29,0,1,1,0,100.0
245,2016-10-23,6,24-240,MIN,@,NYI,L,0,1,1,1,0,0,0,0,0,1,0,0,1,0.0,24,19:38,0,0,0,0,
246,2016-10-25,7,24-242,MIN,@,BOS,W,0,1,1,0,0,0,0,0,0,0,1,0,1,0.0,25,19:30,0,0,0,0,
247,2016-10-27,8,24-244,MIN,@,BUF,W,0,0,0,1,0,0,0,0,0,0,0,0,0,,22,17:21,0,0,1,1,50.0
248,2016-10-29,9,24-246,MIN,,DAL,W,1,1,2,1,0,0,0,1,1,1,0,0,3,33.3,29,20:27,1,3,0,0,
249,2016-11-01,10,24-249,MIN,,BUF,L,1,0,1,-2,0,0,1,0,0,0,0,0,2,50.0,26,21:10,2,0,0,0,
250,2016-11-05,11,24-253,MIN,@,COL,L,0,0,0,0,0,0,0,0,0,0,0,0,2,0.0,31,22:31,0,0,0,0,
251,2016-11-10,12,24-258,MIN,@,PIT,W,0,0,0,1,0,0,0,0,0,0,0,0,4,0.0,24,18:08,2,1,0,0,
252,2016-11-12,13,24-260,MIN,@,PHI,L,1,0,1,1,0,1,0,0,0,0,0,0,1,100.0,24,18:50,1,1,0,0,
253,2016-11-13,14,24-261,MIN,@,OTT,W,0,1,1,1,2,0,0,0,0,1,0,0,4,0.0,29,21:26,0,1,0,0,
254,2016-11-15,15,24-263,MIN,,CGY,L,0,0,0,0,0,0,0,0,0,0,0,0,2,0.0,23,16:00,1,0,0,0,
255,2016-11-17,16,24-265,MIN,,BOS,W,1,0,1,1,0,1,0,0,1,0,0,0,3,33.3,22,18:24,0,1,0,0,
256,2016-11-19,17,24-267,MIN,,COL,L,0,0,0,-1,0,0,0,0,0,0,0,0,3,0.0,25,22:26,0,1,1,0,100.0
257,2016-11-21,18,24-269,MIN,@,DAL,L-OT,0,1,1,-1,0,0,0,0,0,0,1,0,1,0.0,26,18:55,1,0,0,0,
258,2016-11-23,19,24-271,MIN,,WPG,W,0,2,2,1,0,0,0,0,0,1,1,0,1,0.0,23,18:33,0,0,0,0,
259,2016-11-25,20,24-273,MIN,,PIT,W,1,1,2,1,0,1,0,0,0,0,1,0,1,100.0,23,19:42,0,0,0,0,
260,2016-11-26,21,24-274,MIN,@,STL,L-SO,0,0,0,1,0,0,0,0,0,0,0,0,0,,28,20:25,0,1,0,1,0.0
261,2016-11-29,22,24-277,MIN,@,VAN,L,0,0,0,0,0,0,0,0,0,0,0,0,1,0.0,27,20:05,0,0,0,0,
262,2016-12-02,23,24-280,MIN,@,CGY,L-SO,0,0,0,1,0,0,0,0,0,0,0,0,1,0.0,26,18:49,1,0,0,0,
263,2016-12-04,24,24-282,MIN,@,EDM,W,0,0,0,0,0,0,0,0,0,0,0,0,1,0.0,24,20:34,0,1,0,0,
264,2016-12-07,25,24-285,MIN,@,TOR,W,0,1,1,0,0,0,0,0,0,1,0,0,3,0.0,23,19:32,3,1,0,1,0.0
265,2016-12-09,26,24-287,MIN,,EDM,W,0,1,1,1,0,0,0,0,0,1,0,0,4,0.0,24,20:07,0,0,1,0,100.0
266,2016-12-11,27,24-289,MIN,,STL,W,1,0,1,1,0,1,0,0,0,0,0,0,1,100.0,23,20:34,0,2,0,0,
267,2016-12-13,28,24-291,MIN,,FLA,W,0,1,1,2,0,0,0,0,0,1,0,0,0,,24,16:49,0,1,0,0,
268,2016-12-15,29,24-293,MIN,@,NSH,W,1,1,2,0,0,1,0,0,0,0,1,0,1,100.0,26,18:36,0,2,0,1,0.0
269,2016-12-17,30,24-295,MIN,,ARI,W,0,0,0,1,0,0,0,0,0,0,0,0,1,0.0,23,18:41,0,0,0,0,
270,2016-12-20,31,24-298,MIN,,COL,W,0,1,1,1,2,0,0,0,0,1,0,0,0,,24,20:07,1,2,0,0,
271,2016-12-22,32,24-300,MIN,@,MTL,W,0,2,2,1,0,0,0,0,0,1,0,1,1,0.0,27,19:55,2,0,0,0,
272,2016-12-23,33,24-301,MIN,@,NYR,W,1,1,2,3,0,1,0,0,0,1,0,0,3,33.3,25,20:40,0,2,0,0,
273,2016-12-27,34,24-305,MIN,@,NSH,W,0,0,0,-1,0,0,0,0,0,0,0,0,1,0.0,22,18:43,0,0,0,0,
274,2016-12-29,35,24-307,MIN,,NYI,W,1,1,2,3,0,1,0,0,0,1,0,0,7,14.3,27,17:33,2,0,0,0,
275,2016-12-31,36,24-309,MIN,,CBJ,L,1,1,2,0,2,0,1,0,0,1,0,0,4,25.0,24,16:53,0,0,0,0,
276,2017-01-05,37,24-314,MIN,@,SJS,W,0,2,2,1,0,0,0,0,0,2,0,0,3,0.0,23,17:57,0,0,0,0,
277,2017-01-07,38,24-316,MIN,@,LAK,L-OT,0,0,0,1,0,0,0,0,0,0,0,0,2,0.0,25,22:00,1,0,0,0,
278,2017-01-08,39,24-317,MIN,@,ANA,W,0,0,0,-1,0,0,0,0,0,0,0,0,1,0.0,22,14:42,1,0,0,1,0.0
279,2017-01-12,40,24-321,MIN,,MTL,W,0,1,1,1,0,0,0,0,0,0,1,0,1,0.0,18,15:43,0,1,0,0,
280,2017-01-14,41,24-323,MIN,@,DAL,W,0,2,2,2,0,0,0,0,0,2,0,0,3,0.0,26,19:11,0,1,0,0,
281,2017-01-15,42,24-324,MIN,@,CHI,W,0,1,1,0,0,0,0,0,0,0,1,0,7,0.0,22,17:58,0,3,1,1,50.0
282,2017-01-17,43,24-326,MIN,,NJD,L,0,1,1,1,0,0,0,0,0,1,0,0,1,0.0,19,17:41,0,1,0,0,
283,2017-01-19,44,24-328,MIN,,ARI,W,0,1,1,0,0,0,0,0,0,0,1,0,3,0.0,22,20:27,0,0,2,0,100.0
284,2017-01-21,45,24-330,MIN,,ANA,W,0,1,1,2,0,0,0,0,0,1,0,0,3,0.0,25,20:13,1,0,1,0,100.0
285,2017-01-22,46,24-331,MIN,,NSH,L,1,0,1,-1,0,1,0,0,0,0,0,0,3,33.3,21,17:24,1,2,1,1,50.0
286,2017-01-24,47,24-333,MIN,@,DAL,W,0,1,1,0,0,0,0,0,0,0,1,0,4,0.0,25,19:50,0,1,0,0,
287,2017-01-26,48,24-335,MIN,,STL,W,1,1,2,0,0,1,0,0,0,0,1,0,4,25.0,22,18:49,0,0,0,0,
288,2017-01-31,49,24-340,MIN,@,EDM,W,0,1,1,2,0,0,0,0,0,1,0,0,1,0.0,22,16:38,1,0,0,0,
289,2017-02-01,50,24-341,MIN,@,CGY,L,0,1,1,0,0,0,0,0,0,1,0,0,1,0.0,21,15:28,0,0,1,0,100.0
290,2017-02-04,51,24-344,MIN,@,VAN,W,3,1,4,4,0,2,0,1,0,1,0,0,6,50.0,26,15:18,0,0,0,0,
291,2017-02-07,52,24-347,MIN,@,WPG,W,0,0,0,0,0,0,0,0,0,0,0,0,1,0.0,25,20:03,2,1,1,0,100.0
292,2017-02-08,53,24-348,MIN,,CHI,L-OT,0,0,0,-2,0,0,0,0,0,0,0,0,1,0.0,25,19:58,0,3,0,0,
293,2017-02-10,54,24-350,MIN,,TBL,W,0,1,1,0,0,0,0,0,0,0,1,0,7,0.0,24,21:22,2,1,0,0,
294,2017-02-12,55,24-352,MIN,,DET,W,1,0,1,-1,0,0,1,0,0,0,0,0,2,50.0,23,18:21,1,1,1,0,100.0
295,2017-02-14,56,24-354,MIN,,ANA,L,0,0,0,0,0,0,0,0,0,0,0,0,2,0.0,21,21:59,0,0,0,0,
296,2017-02-16,57,24-356,MIN,,DAL,W,0,1,1,1,0,0,0,0,0,1,0,0,1,0.0,26,18:12,0,1,0,0,
297,2017-02-18,58,24-358,MIN,,NSH,W,1,1,2,3,0,0,1,0,0,1,0,0,2,50.0,25,18:39,1,0,0,0,
298,2017-02-21,59,24-361,MIN,,CHI,L,2,0,2,-2,0,0,2,0,0,0,0,0,4,50.0,26,20:00,1,2,0,0,
299,2017-02-27,60,25-001,MIN,,LAK,W,1,0,1,0,0,1,0,0,1,0,0,0,5,20.0,24,16:57,2,0,1,0,100.0
300,2017-02-28,61,25-002,MIN,@,WPG,W,1,2,3,0,0,1,0,0,0,1,1,0,1,100.0,26,21:34,1,0,0,1,0.0
301,2017-03-02,62,25-004,MIN,@,CBJ,L,0,0,0,0,0,0,0,0,0,0,0,0,3,0.0,24,21:11,2,0,0,0,
302,2017-03-05,63,25-007,MIN,,SJS,W,0,0,0,-1,0,0,0,0,0,0,0,0,1,0.0,22,17:29,0,1,0,0,
303,2017-03-07,64,25-009,MIN,,STL,L,0,1,1,0,2,0,0,0,0,1,0,0,1,0.0,22,20:16,0,1,0,0,
304,2017-03-09,65,25-011,MIN,@,TBL,L,0,0,0,-1,0,0,0,0,0,0,0,0,2,0.0,20,18:13,1,0,0,1,0.0
305,2017-03-10,66,25-012,MIN,@,FLA,W,1,1,2,1,0,1,0,0,0,1,0,0,3,33.3,24,17:46,0,1,0,0,
306,2017-03-12,67,25-014,MIN,@,CHI,L,1,0,1,0,0,1,0,0,0,0,0,0,3,33.3,19,16:08,1,1,1,2,33.3
307,2017-03-14,68,25-016,MIN,@,WSH,L,0,1,1,0,2,0,0,0,0,1,0,0,4,0.0,25,18:14,0,0,0,0,
308,2017-03-16,69,25-018,MIN,@,CAR,L,1,0,1,0,0,0,0,1,0,0,0,0,2,50.0,21,16:29,3,1,0,0,
309,2017-03-18,70,25-020,MIN,,NYR,L,0,0,0,-3,2,0,0,0,0,0,0,0,2,0.0,24,18:57,1,0,0,1,0.0
310,2017-03-19,71,25-021,MIN,@,WPG,L,1,0,1,-2,0,0,1,0,0,0,0,0,5,20.0,22,16:21,0,1,0,0,
311,2017-03-21,72,25-023,MIN,,SJS,W,0,0,0,-1,0,0,0,0,0,0,0,0,3,0.0,26,20:14,0,0,0,0,
312,2017-03-23,73,25-025,MIN,,PHI,L,0,0,0,-1,0,0,0,0,0,0,0,0,2,0.0,23,21:26,1,0,0,0,
313,2017-03-25,74,25-027,MIN,,VAN,L,0,0,0,0,0,0,0,0,0,0,0,0,1,0.0,20,17:50,0,0,0,0,
314,2017-03-26,75,25-028,MIN,@,DET,L-OT,0,0,0,0,0,0,0,0,0,0,0,0,0,,22,19:23,0,0,0,1,0.0
315,2017-03-28,76,25-030,MIN,,WSH,L-OT,0,0,0,1,0,0,0,0,0,0,0,0,2,0.0,27,22:07,1,0,0,0,
316,2017-03-30,77,25-032,MIN,,OTT,W,0,1,1,1,0,0,0,0,0,0,1,0,0,,20,16:40,1,1,0,0,
317,2017-04-01,78,25-034,MIN,@,NSH,L,0,0,0,-1,0,0,0,0,0,0,0,0,3,0.0,21,17:35,1,0,1,0,100.0
318,2017-04-02,79,25-035,MIN,,COL,W,0,1,1,1,0,0,0,0,0,1,0,0,2,0.0,21,15:30,0,2,0,0,
319,2017-04-04,80,25-037,MIN,,CAR,W,0,0,0,-1,0,0,0,0,0,0,0,0,2,0.0,21,15:32,0,0,0,0,
320,2017-04-06,81,25-039,MIN,@,COL,W,1,0,1,1,0,1,0,0,1,0,0,0,1,100.0,18,16:01,0,0,0,1,0.0
321,2017-10-05,1,25-221,MIN,@,DET,L,0,0,0,-1,0,0,0,0,0,0,0,0,4,0.0,20,16:25,1,0,1,0,100.0
322,2017-10-24,2,25-240,MIN,,VAN,L,0,0,0,0,0,0,0,0,0,0,0,0,1,0.0,20,18:49,0,0,2,0,100.0
323,2017-10-26,3,25-242,MIN,,NYI,W,0,1,1,-1,0,0,0,0,0,1,0,0,3,0.0,26,19:15,0,0,0,1,0.0
324,2017-10-28,4,25-244,MIN,,PIT,W,0,0,0,1,0,0,0,0,0,0,0,0,3,0.0,26,19:39,0,1,1,0,100.0
325,2017-10-31,5,25-247,MIN,,WPG,L,0,0,0,-1,0,0,0,0,0,0,0,0,5,0.0,22,21:38,2,0,0,0,
326,2017-11-02,6,25-249,MIN,,MTL,W,0,2,2,0,0,0,0,0,0,1,1,0,2,0.0,21,17:12,0,1,0,0,
327,2017-11-04,7,25-251,MIN,,CHI,L,0,0,0,0,0,0,0,0,0,0,0,0,2,0.0,22,21:35,2,0,0,1,0.0
328,2017-11-06,8,25-253,MIN,@,BOS,L,1,0,1,-1,0,1,0,0,0,0,0,0,5,20.0,20,19:10,0,1,1,2,33.3
329,2017-11-08,9,25-255,MIN,@,TOR,L,0,0,0,-2,0,0,0,0,0,0,0,0,1,0.0,24,19:57,2,0,4,1,80.0
330,2017-11-09,10,25-256,MIN,@,MTL,W,0,1,1,1,0,0,0,0,0,0,0,1,0,,25,18:54,0,0,2,0,100.0
331,2017-11-11,11,25-258,MIN,@,PHI,W,0,0,0,0,0,0,0,0,0,0,0,0,3,0.0,23,19:27,1,0,1,1,50.0
332,2017-11-14,12,25-261,MIN,,PHI,W,0,1,1,1,0,0,0,0,0,1,0,0,0,,21,18:47,1,1,2,0,100.0
333,2017-11-16,13,25-263,MIN,,NSH,W,0,2,2,-1,0,0,0,0,0,1,1,0,1,0.0,22,20:33,3,1,3,1,75.0
334,2017-11-18,14,25-265,MIN,@,WSH,L,0,1,1,0,0,0,0,0,0,0,1,0,2,0.0,25,20:12,1,0,1,0,100.0
335,2017-11-20,15,25-267,MIN,,NJD,L-OT,2,1,3,0,0,1,1,0,0,0,1,0,6,33.3,24,21:57,0,0,1,0,100.0
336,2017-11-22,16,25-269,MIN,@,BUF,W,2,0,2,0,0,1,1,0,1,0,0,0,6,33.3,26,20:07,1,0,0,1,0.0
337,2017-11-24,17,25-271,MIN,,COL,W,0,1,1,0,2,0,0,0,0,0,1,0,2,0.0,27,22:46,1,0,0,1,0.0
338,2017-11-25,18,25-272,MIN,@,STL,L,0,0,0,-1,0,0,0,0,0,0,0,0,1,0.0,21,15:31,0,1,1,0,100.0
339,2017-11-27,19,25-274,MIN,@,WPG,L,0,0,0,-2,0,0,0,0,0,0,0,0,2,0.0,23,18:07,0,0,1,0,100.0
340,2017-11-30,20,25-277,MIN,,VEG,W,1,0,1,1,0,1,0,0,0,0,0,0,1,100.0,20,20:00,0,1,0,1,0.0
341,2017-12-02,21,25-279,MIN,,STL,W,0,0,0,1,0,0,0,0,0,0,0,0,5,0.0,23,19:39,1,1,1,0,100.0
342,2017-12-05,22,25-282,MIN,@,LAK,L,0,0,0,-1,0,0,0,0,0,0,0,0,2,0.0,25,20:08,0,0,1,0,100.0
343,2017-12-08,23,25-285,MIN,@,ANA,W,0,1,1,1,0,0,0,0,0,1,0,0,2,0.0,24,21:57,1,0,0,3,0.0
344,2017-12-10,24,25-287,MIN,@,SJS,W,0,2,2,2,2,0,0,0,0,2,0,0,0,,25,19:46,0,1,0,1,0.0
345,2017-12-12,25,25-289,MIN,,CGY,W,0,0,0,0,0,0,0,0,0,0,0,0,1,0.0,22,20:52,0,2,1,0,100.0
346,2017-12-14,26,25-291,MIN,,TOR,W,1,0,1,1,0,1,0,0,0,0,0,0,2,50.0,22,19:56,0,1,2,2,50.0
347,2017-12-16,27,25-293,MIN,,EDM,L,0,1,1,0,0,0,0,0,0,1,0,0,3,0.0,23,19:03,0,0,2,2,50.0
348,2017-12-17,28,25-294,MIN,@,CHI,L,0,0,0,-2,0,0,0,0,0,0,0,0,0,,23,19:02,1,0,0,2,0.0
349,2017-12-19,29,25-296,MIN,@,OTT,W,0,0,0,1,2,0,0,0,0,0,0,0,4,0.0,22,17:12,4,1,1,2,33.3
350,2017-12-22,30,25-299,MIN,@,FLA,L,0,1,1,0,0,0,0,0,0,0,1,0,3,0.0,24,20:21,0,0,2,0,100.0
351,2017-12-23,31,25-300,MIN,@,TBL,L,0,0,0,-3,0,0,0,0,0,0,0,0,3,0.0,24,20:14,0,0,0,0,
352,2017-12-27,32,25-304,MIN,,DAL,W,1,1,2,0,0,0,1,0,1,1,0,0,3,33.3,25,16:52,0,1,2,1,66.7
353,2017-12-29,33,25-306,MIN,,NSH,W,3,0,3,2,0,2,1,0,0,0,0,0,7,42.9,23,18:39,0,1,3,1,75.0
354,2017-12-30,34,25-307,MIN,@,NSH,L,0,0,0,-1,0,0,0,0,0,0,0,0,7,0.0,21,16:16,0,1,0,0,
355,2018-01-02,35,25-310,MIN,,FLA,W,0,0,0,-1,0,0,0,0,0,0,0,0,3,0.0,23,20:39,0,1,3,0,100.0
356,2018-01-04,36,25-312,MIN,,BUF,W,0,3,3,3,2,0,0,0,0,3,0,0,0,,19,12:46,0,0,1,1,50.0
357,2018-01-06,37,25-314,MIN,@,COL,L,0,0,0,0,0,0,0,0,0,0,0,0,4,0.0,20,18:24,1,0,0,2,0.0
358,2018-01-09,38,25-317,MIN,,CGY,L-OT,1,1,2,1,0,1,0,0,0,1,0,0,4,25.0,24,22:34,1,1,0,0,
359,2018-01-10,39,25-318,MIN,@,CHI,W,0,1,1,2,0,0,0,0,0,1,0,0,2,0.0,24,19:23,1,1,0,0,
360,2018-01-13,40,25-321,MIN,,WPG,W,1,1,2,1,0,0,1,0,0,1,0,0,2,50.0,21,17:00,0,0,0,1,0.0
361,2018-01-14,41,25-322,MIN,,VAN,L-OT,0,1,1,0,0,0,0,0,0,0,1,0,0,,23,21:09,0,0,0,1,0.0
362,2018-01-20,42,25-328,MIN,,TBL,W,0,0,0,1,0,0,0,0,0,0,0,0,3,0.0,24,19:17,2,1,0,0,
363,2018-01-22,43,25-330,MIN,,OTT,W,1,1,2,0,0,0,1,0,0,1,0,0,4,25.0,22,17:30,0,0,0,1,0.0
364,2018-01-25,44,25-333,MIN,@,PIT,L,1,0,1,0,0,0,1,0,0,0,0,0,3,33.3,20,17:11,1,1,1,0,100.0
365,2018-01-30,45,25-338,MIN,@,CBJ,W,0,1,1,0,2,0,0,0,0,0,1,0,7,0.0,21,18:07,1,0,1,0,100.0
366,2018-02-02,46,25-341,MIN,,VEG,W,0,0,0,0,0,0,0,0,0,0,0,0,4,0.0,21,18:42,1,1,0,2,0.0
367,2018-02-03,47,25-342,MIN,@,DAL,L,0,1,1,0,0,0,0,0,0,1,0,0,1,0.0,19,15:30,0,1,0,0,
368,2018-02-06,48,25-345,MIN,@,STL,W,0,2,2,2,0,0,0,0,0,1,1,0,1,0.0,23,16:13,1,0,2,1,66.7
369,2018-02-08,49,25-347,MIN,,ARI,L-OT,0,0,0,-3,0,0,0,0,0,0,0,0,2,0.0,21,16:02,0,1,1,2,33.3
370,2018-02-10,50,25-349,MIN,,CHI,W,0,0,0,0,0,0,0,0,0,0,0,0,0,,23,16:22,0,0,0,1,0.0
371,2018-02-13,51,25-352,MIN,,NYR,W,0,0,0,0,0,0,0,0,0,0,0,0,2,0.0,22,16:51,0,0,1,2,33.3
372,2018-02-15,52,25-354,MIN,,WSH,L,0,1,1,-2,0,0,0,0,0,0,1,0,3,0.0,21,18:51,1,1,0,0,
373,2018-02-17,53,25-356,MIN,,ANA,L-SO,0,0,0,2,0,0,0,0,0,0,0,0,3,0.0,30,20:57,1,1,0,2,0.0
374,2018-02-19,54,25-358,MIN,@,NYI,W,0,0,0,0,2,0,0,0,0,0,0,0,2,0.0,22,20:23,2,0,1,0,100.0
375,2018-02-22,55,25-361,MIN,@,NJD,W,0,1,1,0,0,0,0,0,0,1,0,0,2,0.0,21,15:59,1,2,2,2,50.0
376,2018-02-23,56,25-362,MIN,@,NYR,W,2,2,4,3,0,2,0,0,0,1,1,0,7,28.6,21,16:00,0,2,0,1,0.0
377,2018-02-25,57,25-364,MIN,,SJS,W,0,0,0,0,0,0,0,0,0,0,0,0,8,0.0,26,21:02,0,1,2,1,66.7
378,2018-02-27,58,26-001,MIN,,STL,W,2,2,4,4,2,2,0,0,0,2,0,0,2,100.0,19,13:56,0,3,0,0,
379,2018-03-01,59,26-003,MIN,@,ARI,L,0,0,0,-1,0,0,0,0,0,0,0,0,6,0.0,19,19:00,0,1,3,0,100.0
380,2018-03-02,60,26-004,MIN,@,COL,L,0,1,1,-1,0,0,0,0,0,1,0,0,1,0.0,20,19:55,1,2,2,1,66.7
381,2018-03-04,61,26-006,MIN,,DET,W,0,1,1,2,0,0,0,0,0,1,0,0,0,,23,19:45,0,0,0,2,0.0
382,2018-03-06,62,26-008,MIN,,CAR,W,0,1,1,1,0,0,0,0,0,1,0,0,3,0.0,18,16:26,1,0,2,3,40.0
383,2018-03-09,63,26-011,MIN,@,VAN,W,0,1,1,0,0,0,0,0,0,1,0,0,1,0.0,18,18:51,1,1,0,0,
384,2018-03-10,64,26-012,MIN,@,EDM,L,0,0,0,0,2,0,0,0,0,0,0,0,1,0.0,18,16:49,1,0,0,0,
385,2018-03-13,65,26-015,MIN,,COL,L,0,0,0,-1,0,0,0,0,0,0,0,0,1,0.0,19,20:45,2,1,2,1,66.7
386,2018-03-16,66,26-018,MIN,@,VEG,W,0,1,1,1,0,0,0,0,0,1,0,0,1,0.0,22,19:54,1,0,0,1,0.0
387,2018-03-17,67,26-019,MIN,@,ARI,W,0,0,0,-1,2,0,0,0,0,0,0,0,1,0.0,21,16:13,0,0,2,0,100.0
388,2018-03-19,68,26-021,MIN,,LAK,L-OT,0,0,0,-1,0,0,0,0,0,0,0,0,0,,25,20:27,1,0,1,1,50.0
389,2018-03-24,69,26-026,MIN,,NSH,W,0,1,1,0,0,0,0,0,0,1,0,0,2,0.0,22,17:23,0,2,0,1,0.0
390,2018-03-25,70,26-027,MIN,,BOS,L-OT,0,0,0,1,0,0,0,0,0,0,0,0,4,0.0,21,17:00,0,0,2,1,66.7
391,2018-03-27,71,26-029,MIN,@,NSH,L-SO,0,1,1,1,0,0,0,0,0,1,0,0,2,0.0,27,20:41,1,1,0,0,
392,2018-03-29,72,26-031,MIN,,DAL,W,1,2,3,3,0,0,0,1,0,2,0,0,1,100.0,28,21:06,0,1,1,1,50.0
393,2018-03-31,73,26-033,MIN,@,DAL,L,0,1,1,-1,0,0,0,0,0,0,1,0,0,,24,19:30,1,0,0,0,
394,2018-04-02,74,26-035,MIN,,EDM,W,0,0,0,2,0,0,0,0,0,0,0,0,3,0.0,24,19:22,1,1,0,0,
395,2018-04-04,75,26-037,MIN,@,ANA,L,0,0,0,-1,0,0,0,0,0,0,0,0,0,,23,18:34,0,0,0,0,
396,2018-04-05,76,26-038,MIN,@,LAK,L-OT,0,2,2,1,0,0,0,0,0,1,0,1,3,0.0,22,17:26,0,0,0,0,
397,2018-04-07,77,26-040,MIN,@,SJS,W,1,0,1,0,0,1,0,0,0,0,0,0,2,50.0,19,16:18,0,1,3,0,100.0
398,2018-10-04,1,26-220,MIN,@,COL,L,0,0,0,0,0,0,0,0,0,0,0,0,2,0.0,25,19:23,0,0,1,1,50.0
399,2018-10-06,2,26-222,MIN,,VEG,L-SO,0,0,0,-1,0,0,0,0,0,0,0,0,3,0.0,24,19:46,0,0,0,2,0.0
400,2018-10-11,3,26-227,MIN,,CHI,W,0,0,0,0,2,0,0,0,0,0,0,0,1,0.0,24,19:06,1,0,0,2,0.0
401,2018-10-13,4,26-229,MIN,,CAR,L-OT,1,1,2,-1,0,1,0,0,0,0,1,0,3,33.3,22,15:35,0,1,4,1,80.0
402,2018-10-15,5,26-231,MIN,@,NSH,L,0,1,1,-1,0,0,0,0,0,1,0,0,5,0.0,20,19:18,0,0,1,1,50.0
403,2018-10-16,6,26-232,MIN,,ARI,W,1,0,1,1,0,1,0,0,0,0,0,0,2,50.0,23,19:23,0,1,7,11,38.9
404,2018-10-19,7,26-235,MIN,@,DAL,W,0,1,1,2,0,0,0,0,0,1,0,0,1,0.0,24,19:16,0,1,0,1,0.0
405,2018-10-20,8,26-236,MIN,,TBL,W,1,0,1,1,0,1,0,0,1,0,0,0,5,20.0,26,20:16,0,2,1,1,50.0
406,2018-10-25,9,26-241,MIN,,LAK,W,1,0,1,1,0,0,0,1,0,0,0,0,1,100.0,22,16:51,0,0,1,1,50.0
407,2018-10-27,10,26-243,MIN,,COL,W,1,1,2,0,0,1,0,0,0,0,1,0,1,100.0,28,19:05,1,2,0,2,0.0
408,2018-10-29,11,26-245,MIN,@,VAN,L,0,1,1,-2,0,0,0,0,0,0,1,0,0,,22,19:53,0,0,0,1,0.0
409,2018-10-30,12,26-246,MIN,@,EDM,W,1,1,2,0,0,0,1,0,1,0,1,0,2,50.0,21,17:05,1,0,1,0,100.0
410,2018-11-03,13,26-250,MIN,@,STL,W,0,1,1,1,0,0,0,0,0,1,0,0,6,0.0,20,17:04,0,0,1,0,100.0
411,2018-11-06,14,26-253,MIN,@,SJS,L,0,0,0,0,0,0,0,0,0,0,0,0,0,,20,21:31,0,1,2,1,66.7
412,2018-11-08,15,26-255,MIN,@,LAK,W,1,0,1,1,0,0,0,1,0,0,0,0,1,100.0,21,17:01,0,1,0,1,0.0
413,2018-11-09,16,26-256,MIN,@,ANA,W,2,1,3,3,0,2,0,0,0,1,0,0,2,100.0,20,16:07,0,0,0,0,
414,2018-11-11,17,26-258,MIN,@,STL,W,1,0,1,1,0,1,0,0,1,0,0,0,1,100.0,23,18:11,0,2,1,1,50.0
415,2018-11-13,18,26-260,MIN,,WSH,L,0,0,0,0,0,0,0,0,0,0,0,0,1,0.0,20,19:07,0,0,0,0,
416,2018-11-15,19,26-262,MIN,,VAN,W,0,1,1,1,2,0,0,0,0,1,0,0,0,,22,15:59,1,0,1,1,50.0
417,2018-11-17,20,26-264,MIN,,BUF,L,0,0,0,0,0,0,0,0,0,0,0,0,5,0.0,20,20:25,0,0,1,0,100.0
418,2018-11-18,21,26-265,MIN,@,CHI,L,0,0,0,-2,0,0,0,0,0,0,0,0,3,0.0,21,18:50,0,0,0,1,0.0
419,2018-11-21,22,26-268,MIN,,OTT,W,0,3,3,1,0,0,0,0,0,1,2,0,2,0.0,21,16:12,0,0,2,1,66.7
420,2018-11-23,23,26-270,MIN,,WPG,W,0,1,1,1,0,0,0,0,0,1,0,0,3,0.0,21,17:34,0,1,1,1,50.0
421,2018-11-27,24,26-274,MIN,,ARI,L,0,0,0,1,0,0,0,0,0,0,0,0,1,0.0,19,16:48,0,0,0,1,0.0
422,2018-11-29,25,26-276,MIN,@,CBJ,L,1,0,1,0,0,1,0,0,0,0,0,0,6,16.7,20,19:32,1,0,1,1,50.0
423,2018-12-01,26,26-278,MIN,,TOR,L,0,2,2,0,0,0,0,0,0,2,0,0,2,0.0,22,17:37,0,0,0,2,0.0
424,2018-12-04,27,26-281,MIN,@,VAN,W,0,2,2,0,0,0,0,0,0,0,2,0,1,0.0,19,16:22,1,1,4,0,100.0
425,2018-12-06,28,26-283,MIN,@,CGY,L,0,0,0,-1,0,0,0,0,0,0,0,0,4,0.0,21,18:57,0,1,5,2,71.4
426,2018-12-07,29,26-284,MIN,@,EDM,L,0,0,0,-5,0,0,0,0,0,0,0,0,1,0.0,18,16:29,2,2,4,6,40.0
427,2018-12-11,30,26-288,MIN,,MTL,W,0,3,3,1,0,0,0,0,0,1,2,0,1,0.0,21,16:25,1,1,1,2,33.3
428,2018-12-13,31,26-290,MIN,,FLA,W,0,1,1,1,2,0,0,0,0,1,0,0,1,0.0,22,18:30,1,0,1,2,33.3
429,2018-12-15,32,26-292,MIN,,CGY,L,0,1,1,0,0,0,0,0,0,1,0,0,1,0.0,20,18:12,0,0,1,1,50.0
430,2018-12-18,33,26-295,MIN,,SJS,L,0,0,0,-1,0,0,0,0,0,0,0,0,0,,20,19:01,2,1,0,1,0.0
431,2018-12-20,34,26-297,MIN,@,PIT,L,0,0,0,-1,2,0,0,0,0,0,0,0,2,0.0,21,16:53,0,0,0,0,
432,2018-12-22,35,26-299,MIN,,DAL,L-OT,0,1,1,0,0,0,0,0,0,1,0,0,4,0.0,25,21:02,0,0,0,0,
433,2018-12-27,36,26-304,MIN,@,CHI,L,0,2,2,0,0,0,0,0,0,2,0,0,5,0.0,23,19:50,1,1,1,1,50.0
434,2018-12-29,37,26-306,MIN,@,WPG,W,0,0,0,0,0,0,0,0,0,0,0,0,0,,21,14:59,3,1,0,2,0.0
435,2018-12-31,38,26-308,MIN,,PIT,L,0,1,1,1,0,0,0,0,0,1,0,0,3,0.0,21,19:32,0,0,0,0,
436,2019-01-03,39,26-311,MIN,@,TOR,W,0,0,0,-2,2,0,0,0,0,0,0,0,5,0.0,22,14:47,0,0,0,1,0.0
437,2019-01-05,40,26-313,MIN,@,OTT,W,0,1,1,0,0,0,0,0,0,1,0,0,0,,20,17:51,0,1,0,0,
438,2019-01-07,41,26-315,MIN,@,MTL,W,1,0,1,1,2,1,0,0,1,0,0,0,1,100.0,22,18:44,0,0,2,0,100.0
439,2019-01-08,42,26-316,MIN,@,BOS,L,0,0,0,0,0,0,0,0,0,0,0,0,1,0.0,19,16:00,2,0,1,0,100.0
440,2019-01-10,43,26-318,MIN,,WPG,W,0,0,0,-1,2,0,0,0,0,0,0,0,3,0.0,25,18:57,0,1,0,1,0.0
441,2019-01-12,44,26-320,MIN,,DET,L,0,0,0,-1,0,0,0,0,0,0,0,0,2,0.0,17,15:27,1,1,0,2,0.0
442,2019-01-14,45,26-322,MIN,@,PHI,L,0,0,0,0,2,0,0,0,0,0,0,0,3,0.0,23,19:17,0,2,0,3,0.0
443,2019-01-15,46,26-323,MIN,,LAK,W,0,0,0,0,0,0,0,0,0,0,0,0,4,0.0,27,20:26,0,0,2,2,50.0
444,2019-01-17,47,26-325,MIN,,ANA,L,0,0,0,0,0,0,0,0,0,0,0,0,2,0.0,24,20:20,0,1,0,0,
445,2019-01-19,48,26-327,MIN,,CBJ,W,0,0,0,0,0,0,0,0,0,0,0,0,4,0.0,23,21:59,0,0,0,1,0.0
446,2019-01-21,49,26-329,MIN,@,VEG,W,0,0,0,1,2,0,0,0,0,0,0,0,2,0.0,21,17:43,0,0,1,4,20.0
447,2019-01-23,50,26-331,MIN,@,COL,W,0,2,2,1,0,0,0,0,0,0,2,0,3,0.0,23,19:56,0,0,2,2,50.0
448,2019-02-01,51,26-340,MIN,@,DAL,L,0,1,1,-2,0,0,0,0,0,0,1,0,3,0.0,24,19:48,0,0,1,1,50.0
449,2019-02-02,52,26-341,MIN,,CHI,L-OT,0,1,1,0,0,0,0,0,0,0,1,0,2,0.0,23,18:40,2,0,1,2,33.3
450,2019-02-05,53,26-344,MIN,@,BUF,L-SO,0,1,1,2,0,0,0,0,0,1,0,0,5,0.0,27,23:32,0,0,3,0,100.0
451,2019-02-07,54,26-346,MIN,,EDM,L,0,0,0,-2,2,0,0,0,0,0,0,0,2,0.0,21,18:22,0,0,2,1,66.7
452,2019-02-09,55,26-348,MIN,@,NJD,W,0,0,0,0,0,0,0,0,0,0,0,0,3,0.0,23,21:43,2,0,7,6,53.8
453,2019-02-10,56,26-349,MIN,@,NYI,L,1,0,1,-1,0,0,1,0,0,0,0,0,3,33.3,24,22:36,0,0,7,7,50.0
454,2019-02-12,57,26-351,MIN,,PHI,L,0,1,1,-1,0,0,0,0,0,0,1,0,5,0.0,26,25:06,3,0,3,6,33.3
455,2019-02-15,58,26-354,MIN,,NJD,L-OT,1,1,2,1,0,1,0,0,0,0,1,0,5,20.0,24,22:19,1,0,6,9,40.0
456,2019-02-17,59,26-356,MIN,,STL,L,0,0,0,0,0,0,0,0,0,0,0,0,2,0.0,23,18:40,0,1,4,2,66.7
457,2019-02-19,60,26-358,MIN,,ANA,L,0,0,0,-2,0,0,0,0,0,0,0,0,7,0.0,25,19:53,0,1,5,7,41.7
458,2019-02-21,61,26-360,MIN,@,NYR,W,1,0,1,1,0,1,0,0,1,0,0,0,2,50.0,20,14:43,0,2,4,7,36.4
459,2019-02-22,62,26-361,MIN,@,DET,W,0,0,0,0,0,0,0,0,0,0,0,0,3,0.0,20,16:49,0,2,6,11,35.3
460,2019-02-24,63,26-363,MIN,,STL,W,0,0,0,0,0,0,0,0,0,0,0,0,6,0.0,24,22:00,1,1,12,10,54.5
461,2019-03-01,64,27-003,NSH,@,WPG,L,0,1,1,-1,0,0,0,0,0,1,0,0,3,0.0,23,18:28,2,0,0,4,0.0
462,2019-03-03,65,27-005,NSH,@,MIN,W,0,0,0,1,0,0,0,0,0,0,0,0,3,0.0,23,17:10,2,1,2,0,100.0
463,2019-03-05,66,27-007,NSH,,MIN,W,0,0,0,-1,2,0,0,0,0,0,0,0,0,,20,16:10,3,0,0,1,0.0
464,2019-03-09,67,27-011,NSH,,CAR,L,1,0,1,-1,0,1,0,0,0,0,0,0,3,33.3,21,19:11,2,0,0,0,
465,2019-03-12,68,27-014,NSH,@,ANA,L,0,2,2,-1,0,0,0,0,0,0,2,0,1,0.0,22,18:15,0,0,3,2,60.0
466,2019-03-14,69,27-016,NSH,@,LAK,W,0,0,0,0,0,0,0,0,0,0,0,0,1,0.0,20,15:21,0,1,0,1,0.0
467,2019-03-16,70,27-018,NSH,@,SJS,W,0,0,0,-1,0,0,0,0,0,0,0,0,1,0.0,24,18:28,0,0,1,1,50.0
468,2019-03-19,71,27-021,NSH,,TOR,W,0,0,0,1,0,0,0,0,0,0,0,0,0,,19,13:53,0,0,0,0,
469,2019-03-21,72,27-023,NSH,,PIT,L-SO,0,0,0,1,2,0,0,0,0,0,0,0,1,0.0,24,18:49,2,2,0,0,
470,2019-03-23,73,27-025,NSH,@,WPG,L,0,0,0,-2,0,0,0,0,0,0,0,0,4,0.0,20,19:03,0,0,1,3,25.0
471,2019-03-25,74,27-027,NSH,@,MIN,W,0,0,0,0,0,0,0,0,0,0,0,0,3,0.0,18,14:46,0,0,1,1,50.0
472,2019-03-29,75,27-031,NSH,@,PIT,W,0,0,0,0,0,0,0,0,0,0,0,0,1,0.0,21,16:23,1,0,1,2,33.3
473,2019-03-30,76,27-032,NSH,,CBJ,L,0,0,0,-2,0,0,0,0,0,0,0,0,0,,19,16:11,2,0,0,2,0.0
474,2019-04-02,77,27-035,NSH,@,BUF,W,0,0,0,0,0,0,0,0,0,0,0,0,3,0.0,20,14:51,1,2,4,0,100.0
475,2019-04-04,78,27-037,NSH,,VAN,W,0,0,0,0,0,0,0,0,0,0,0,0,2,0.0,20,17:30,0,0,3,3,50.0
476,2019-04-06,79,27-039,NSH,,CHI,W,0,1,1,0,0,0,0,0,0,1,0,0,3,0.0,23,15:54,3,1,1,2,33.3
477,2019-10-03,1,27-219,NSH,,MIN,W,1,0,1,2,0,1,0,0,0,0,0,0,2,50.0,23,18:33,2,0,1,0,100.0
478,2019-10-05,2,27-221,NSH,,DET,L,0,0,0,-1,0,0,0,0,0,0,0,0,4,0.0,26,18:28,1,0,2,1,66.7
479,2019-10-08,3,27-224,NSH,,SJS,W,0,0,0,0,2,0,0,0,0,0,0,0,0,,21,13:33,0,0,3,0,100.0
480,2019-10-10,4,27-226,NSH,,WSH,W,0,2,2,0,0,0,0,0,0,2,0,0,4,0.0,21,17:17,2,0,0,0,
481,2019-10-12,5,27-228,NSH,@,LAK,L,1,0,1,0,0,1,0,0,0,0,0,0,3,33.3,23,18:57,0,1,0,1,0.0
482,2019-10-15,6,27-231,NSH,@,VEG,W,0,0,0,1,0,0,0,0,0,0,0,0,1,0.0,22,14:23,0,0,0,1,0.0
483,2019-10-17,7,27-233,NSH,@,ARI,L,0,0,0,-1,2,0,0,0,0,0,0,0,1,0.0,22,14:57,0,0,0,2,0.0
484,2019-10-19,8,27-235,NSH,,FLA,L-SO,0,0,0,0,0,0,0,0,0,0,0,0,1,0.0,23,17:07,1,0,0,0,
485,2019-10-22,9,27-238,NSH,,ANA,W,0,0,0,-1,0,0,0,0,0,0,0,0,2,0.0,18,14:34,0,1,0,0,
486,2019-10-24,10,27-240,NSH,,MIN,W,0,0,0,0,0,0,0,0,0,0,0,0,0,,17,15:54,1,1,0,0,
487,2019-10-26,11,27-242,NSH,@,TBL,W,0,0,0,0,0,0,0,0,0,0,0,0,3,0.0,23,19:35,0,4,3,3,50.0
488,2019-10-29,12,27-245,NSH,,CHI,W,0,0,0,0,2,0,0,0,0,0,0,0,7,0.0,18,16:15,0,0,0,0,
489,2019-10-31,13,27-247,NSH,,CGY,L-OT,0,0,0,0,0,0,0,0,0,0,0,0,0,,22,18:32,0,2,2,0,100.0
490,2019-11-02,14,27-249,NSH,,NYR,L,0,0,0,0,0,0,0,0,0,0,0,0,2,0.0,20,17:04,2,0,0,0,
491,2019-11-04,15,27-251,NSH,@,DET,W,0,0,0,0,0,0,0,0,0,0,0,0,2,0.0,19,14:10,0,1,0,0,
492,2019-11-07,16,27-254,NSH,@,COL,L,0,0,0,-2,0,0,0,0,0,0,0,0,1,0.0,19,13:20,2,2,0,0,
493,2019-11-09,17,27-256,NSH,@,SJS,L-SO,0,0,0,0,0,0,0,0,0,0,0,0,3,0.0,22,15:05,1,1,0,1,0.0
494,2019-11-12,18,27-259,NSH,@,VAN,L,1,0,1,1,0,1,0,0,0,0,0,0,2,50.0,21,17:58,1,0,0,0,
495,2019-11-16,19,27-263,NSH,,CHI,L,0,1,1,-2,2,0,0,0,0,1,0,0,2,0.0,21,18:20,0,0,0,0,
496,2019-11-19,20,27-266,NSH,,WPG,L,0,0,0,0,2,0,0,0,0,0,0,0,5,0.0,22,16:14,0,0,0,1,0.0
497,2019-11-21,21,27-268,NSH,,VAN,L,0,2,2,0,2,0,0,0,0,1,1,0,3,0.0,23,18:31,1,0,0,3,0.0
498,2019-11-23,22,27-270,NSH,@,STL,W,0,1,1,1,0,0,0,0,0,1,0,0,3,0.0,20,16:33,0,1,2,2,50.0
499,2019-11-25,23,27-272,NSH,,STL,W,0,0,0,0,0,0,0,0,0,0,0,0,5,0.0,26,21:10,0,0,1,4,20.0
500,2019-11-27,24,27-274,NSH,,VEG,L-OT,1,1,2,1,0,1,0,0,0,1,0,0,1,100.0,26,18:17,1,1,2,0,100.0
501,2019-11-29,25,27-276,NSH,@,CAR,W,0,0,0,0,0,0,0,0,0,0,0,0,3,0.0,23,15:30,0,1,0,2,0.0
502,2019-11-30,26,27-277,NSH,@,FLA,L,0,0,0,-2,0,0,0,0,0,0,0,0,0,,24,18:10,2,3,1,1,50.0
503,2019-12-10,27,27-287,NSH,,SJS,W,0,1,1,1,0,0,0,0,0,1,0,0,3,0.0,20,17:35,0,1,0,1,0.0
504,2019-12-12,28,27-289,NSH,@,BUF,L,0,0,0,0,0,0,0,0,0,0,0,0,1,0.0,20,17:05,1,2,0,0,
505,2019-12-21,29,27-298,NSH,@,BOS,W,0,0,0,-1,0,0,0,0,0,0,0,0,1,0.0,20,15:33,0,0,0,0,
506,2019-12-23,30,27-300,NSH,,ARI,W,0,0,0,1,0,0,0,0,0,0,0,0,1,0.0,16,12:39,1,0,1,2,33.3
507,2019-12-27,31,27-304,NSH,,PIT,L,0,0,0,-2,0,0,0,0,0,0,0,0,1,0.0,25,20:12,2,2,0,1,0.0
508,2019-12-28,32,27-305,NSH,@,PIT,L,2,0,2,2,0,2,0,0,0,0,0,0,2,100.0,22,16:01,1,0,0,3,0.0
509,2020-01-01,33,27-309,NSH,@,DAL,L,0,0,0,-1,0,0,0,0,0,0,0,0,2,0.0,22,17:22,0,0,0,1,0.0
510,2020-01-04,34,27-312,NSH,@,LAK,W,0,0,0,0,2,0,0,0,0,0,0,0,4,0.0,22,17:51,0,1,1,2,33.3
511,2020-01-05,35,27-313,NSH,@,ANA,L-SO,0,0,0,0,0,0,0,0,0,0,0,0,1,0.0,19,13:22,1,0,4,1,80.0
512,2020-01-07,36,27-315,NSH,,BOS,L,1,0,1,0,0,0,1,0,0,0,0,0,3,33.3,19,16:40,0,1,0,3,0.0
513,2020-01-09,37,27-317,NSH,@,CHI,W,0,0,0,2,0,0,0,0,0,0,0,0,0,,24,18:56,0,0,1,1,50.0
514,2020-01-12,38,27-320,NSH,@,WPG,W,0,0,0,0,0,0,0,0,0,0,0,0,0,,22,18:31,0,3,0,1,0.0
515,2020-01-14,39,27-322,NSH,@,EDM,L,0,0,0,0,2,0,0,0,0,0,0,0,0,,20,15:57,0,0,0,1,0.0
516,2020-01-16,40,27-324,NSH,,ANA,L,1,0,1,-1,0,0,0,1,0,0,0,0,1,100.0,22,18:34,1,0,3,1,75.0
517,2020-01-18,41,27-326,NSH,,BUF,W,0,0,0,0,0,0,0,0,0,0,0,0,2,0.0,21,17:17,2,0,5,1,83.3
518,2020-01-27,42,27-335,NSH,,TOR,L,1,0,1,0,0,1,0,0,0,0,0,0,2,50.0,19,16:16,1,1,1,1,50.0
519,2020-01-29,43,27-337,NSH,@,WSH,W,1,0,1,-1,0,0,1,0,0,0,0,0,2,50.0,29,19:59,0,0,3,1,75.0
520,2020-01-30,44,27-338,NSH,@,NJD,W,0,0,0,2,0,0,0,0,0,0,0,0,4,0.0,25,23:02,2,2,3,0,100.0
521,2020-02-01,45,27-340,NSH,,VEG,L,0,0,0,-1,0,0,0,0,0,0,0,0,1,0.0,20,18:12,0,2,3,2,60.0
522,2020-02-04,46,27-343,NSH,@,WPG,W,1,0,1,1,0,1,0,0,1,0,0,0,3,33.3,20,20:32,0,1,1,0,100.0
523,2020-02-06,47,27-345,NSH,@,CGY,W,1,1,2,1,0,0,1,0,1,1,0,0,2,50.0,22,19:44,1,1,0,1,0.0
524,2020-02-08,48,27-347,NSH,@,EDM,L,0,0,0,0,4,0,0,0,0,0,0,0,3,0.0,20,19:30,2,0,0,4,0.0
525,2020-02-10,49,27-349,NSH,@,VAN,L,1,0,1,-1,0,1,0,0,0,0,0,0,2,50.0,25,22:21,0,2,0,3,0.0
526,2020-02-13,50,27-352,NSH,,NYI,W,0,0,0,0,2,0,0,0,0,0,0,0,2,0.0,20,18:53,0,2,0,0,
527,2020-02-15,51,27-354,NSH,@,STL,W,1,1,2,1,0,0,1,0,1,1,0,0,3,33.3,24,20:55,2,0,3,1,75.0
528,2020-02-16,52,27-355,NSH,,STL,W,0,0,0,0,2,0,0,0,0,0,0,0,1,0.0,19,16:54,0,0,1,0,100.0
529,2020-02-18,53,27-357,NSH,,CAR,L,0,1,1,0,0,0,0,0,0,1,0,0,0,,21,16:51,0,1,2,1,66.7
530,2020-02-21,54,27-360,NSH,@,CHI,L-OT,0,0,0,0,0,0,0,0,0,0,0,0,5,0.0,22,18:40,2,2,5,1,83.3
531,2020-02-22,55,27-361,NSH,,CBJ,W,1,0,1,2,0,1,0,0,0,0,0,0,2,50.0,21,17:38,0,1,1,4,20.0
532,2020-02-25,56,27-364,NSH,,OTT,W,0,1,1,-1,0,0,0,0,0,0,1,0,2,0.0,22,19:15,0,1,4,1,80.0
533,2020-02-27,57,28-001,NSH,,CGY,W,2,0,2,1,0,2,0,0,1,0,0,0,4,50.0,19,18:58,2,1,1,3,25.0
534,2020-02-29,58,28-003,NSH,,COL,L,0,0,0,-2,0,0,0,0,0,0,0,0,4,0.0,21,20:25,1,1,3,2,60.0
535,2020-03-02,59,28-005,NSH,,EDM,L,0,1,1,-1,0,0,0,0,0,1,0,0,2,0.0,17,17:04,0,1,0,1,0.0
536,2020-03-03,60,28-006,NSH,@,MIN,L,0,0,0,-2,4,0,0,0,0,0,0,0,2,0.0,24,20:25,0,4,4,3,57.1
537,2020-03-05,61,28-008,NSH,,DAL,W,0,0,0,0,0,0,0,0,0,0,0,0,0,,25,21:16,1,2,4,3,57.1
538,2020-03-07,62,28-010,NSH,@,DAL,W,0,0,0,0,0,0,0,0,0,0,0,0,1,0.0,24,20:53,0,1,1,2,33.3
539,2020-03-10,63,28-013,NSH,@,MTL,W,0,0,0,-1,0,0,0,0,0,0,0,0,1,0.0,24,21:48,2,0,1,2,33.3
