,date_game,game_season,age,team_id,game_location,opp_id,game_result,goals,assists,points,plus_minus,pen_min,goals_ev,goals_pp,goals_sh,goals_gw,assists_ev,assists_pp,assists_sh,shots,shot_pct,shifts,time_on_ice,hits_all,blocks_all,faceoff_wins_all,faceoff_losses_all,faceoff_percentage_all
0,2007-11-01,1,21-231,VAN,,NSH,L,0,0,0,0,0,0,0,0,0,,,,0,,10,7:22,0,0,0,0,
1,2007-11-03,2,21-233,VAN,@,COL,W,0,0,0,0,0,0,0,0,0,,,,0,,16,12:07,0,0,1,0,100.0
2,2007-11-08,3,21-238,VAN,@,CGY,W,0,0,0,0,2,0,0,0,0,,,,1,0.0,18,12:44,0,0,0,0,
3,2007-11-09,4,21-239,VAN,,COL,W,0,0,0,0,0,0,0,0,0,,,,1,0.0,15,13:17,0,0,0,0,
4,2007-11-14,5,21-244,VAN,,EDM,L-SO,0,0,0,0,0,0,0,0,0,,,,1,0.0,12,12:19,0,0,0,0,
5,2008-10-09,1,22-208,VAN,,CGY,W,0,0,0,2,4,0,0,0,0,,,,1,0.0,17,11:27,0,0,0,1,0.0
6,2008-10-11,2,22-210,VAN,@,CGY,W,0,1,1,0,0,0,0,0,0,,,,2,0.0,19,13:04,0,0,1,1,50.0
7,2008-10-13,3,22-212,VAN,@,WSH,L,0,0,0,0,0,0,0,0,0,,,,0,,18,14:11,0,1,0,0,
8,2008-10-16,4,22-215,VAN,@,DET,W,1,0,1,2,0,1,0,0,0,,,,3,33.3,20,12:51,0,0,0,1,0.0
9,2008-10-17,5,22-216,VAN,@,BUF,L,0,0,0,-2,0,0,0,0,0,,,,3,0.0,18,12:43,0,0,0,0,
10,2008-10-19,6,22-218,VAN,@,CHI,L,0,0,0,-2,0,0,0,0,0,,,,2,0.0,26,17:32,0,0,0,0,
11,2008-10-21,7,22-220,VAN,@,CBJ,L,0,0,0,0,0,0,0,0,0,,,,0,,21,17:57,1,1,0,0,
12,2008-10-25,8,22-224,VAN,,EDM,W,2,0,2,1,0,2,0,0,0,,,,4,50.0,21,12:57,0,0,0,0,
13,2008-10-28,9,22-227,VAN,,BOS,L,0,0,0,0,0,0,0,0,0,,,,0,,19,15:17,0,0,0,0,
14,2008-10-30,10,22-229,VAN,@,LAK,W,0,1,1,1,0,0,0,0,0,,,,0,,20,13:25,0,0,0,1,0.0
15,2008-10-31,11,22-230,VAN,@,ANA,W,0,2,2,2,0,0,0,0,0,,,,1,0.0,21,12:08,1,0,0,0,
16,2008-11-12,12,22-242,VAN,,COL,L-SO,0,0,0,0,0,0,0,0,0,,,,0,,17,11:38,0,0,0,1,0.0
17,2008-11-15,13,22-245,VAN,,TOR,W,0,1,1,1,4,0,0,0,0,,,,1,0.0,16,12:53,0,2,0,0,
18,2008-11-17,14,22-247,VAN,@,NYI,L-SO,0,0,0,0,0,0,0,0,0,,,,2,0.0,18,13:12,0,1,0,1,0.0
19,2008-11-19,15,22-249,VAN,@,NYR,W,0,2,2,2,0,0,0,0,0,,,,0,,16,12:33,0,1,0,0,
20,2008-11-20,16,22-250,VAN,@,MIN,W,0,0,0,0,0,0,0,0,0,,,,0,,20,18:05,0,0,0,0,
21,2008-11-22,17,22-252,VAN,@,PIT,W,0,0,0,0,15,0,0,0,0,,,,0,,1,0:25,1,0,0,0,
22,2008-11-24,18,22-254,VAN,,DET,W,0,0,0,0,0,0,0,0,0,,,,1,0.0,20,16:18,1,0,0,0,
23,2008-11-27,19,22-257,VAN,,CGY,L,0,1,1,0,0,0,0,0,0,,,,4,0.0,22,18:50,1,0,0,0,
24,2008-11-29,20,22-259,VAN,@,CGY,L,0,1,1,1,0,0,0,0,0,,,,1,0.0,21,14:38,0,0,0,0,
25,2008-12-01,21,22-261,VAN,@,CBJ,L,0,0,0,-1,0,0,0,0,0,,,,0,,23,14:50,0,0,0,0,
26,2008-12-04,22,22-264,VAN,@,DET,L,0,0,0,0,0,0,0,0,0,,,,2,0.0,19,16:03,0,0,0,0,
27,2008-12-05,23,22-265,VAN,@,MIN,W,0,1,1,1,0,0,0,0,0,,,,1,0.0,12,8:52,1,0,0,0,
28,2008-12-07,24,22-267,VAN,@,COL,L-SO,0,1,1,-1,2,0,0,0,0,,,,0,,16,10:06,0,0,0,0,
29,2008-12-09,25,22-269,VAN,@,NSH,W,0,0,0,0,0,0,0,0,0,,,,0,,15,9:43,1,1,0,0,
30,2008-12-13,26,22-273,VAN,@,EDM,L,0,0,0,0,0,0,0,0,0,,,,1,0.0,18,12:45,0,0,0,0,
31,2008-12-14,27,22-274,VAN,,FLA,W,0,0,0,-1,0,0,0,0,0,,,,4,0.0,21,15:29,2,1,0,2,0.0
32,2008-12-17,28,22-277,VAN,,EDM,W,1,1,2,2,0,1,0,0,0,,,,2,50.0,19,12:41,1,0,0,0,
33,2008-12-20,29,22-280,VAN,,CHI,L,0,1,1,-1,0,0,0,0,0,,,,1,0.0,19,14:12,0,1,0,0,
34,2008-12-22,30,22-282,VAN,,ANA,W,0,0,0,1,2,0,0,0,0,,,,1,0.0,20,11:54,0,0,0,0,
35,2008-12-23,31,22-283,VAN,@,SJS,L,0,0,0,-2,0,0,0,0,0,,,,1,0.0,15,9:58,0,0,0,0,
36,2008-12-26,32,22-286,VAN,,EDM,L,0,0,0,0,0,0,0,0,0,,,,0,,13,10:56,0,0,0,0,
37,2008-12-28,33,22-288,VAN,,OTT,W,0,0,0,0,0,0,0,0,0,,,,0,,18,16:07,0,1,0,0,
38,2008-12-30,34,22-290,VAN,,PHI,L,0,0,0,-2,0,0,0,0,0,,,,1,0.0,16,13:59,0,0,0,0,
39,2009-01-01,35,22-292,VAN,@,NSH,W,0,0,0,0,0,0,0,0,0,,,,1,0.0,18,14:11,1,0,0,0,
40,2009-01-02,36,22-293,VAN,@,ATL,L-SO,0,0,0,0,0,0,0,0,0,,,,2,0.0,19,15:53,0,0,0,0,
41,2009-01-04,37,22-295,VAN,,DAL,L-SO,0,0,0,0,0,0,0,0,0,,,,3,0.0,20,15:36,1,0,0,0,
42,2009-01-09,38,22-300,VAN,,STL,L,1,0,1,1,4,1,0,0,0,,,,1,100.0,20,11:21,1,0,0,1,0.0
43,2009-01-10,39,22-301,VAN,,SJS,L,0,0,0,0,0,0,0,0,0,,,,1,0.0,13,7:16,0,0,0,0,
44,2009-01-15,40,22-306,VAN,,PHX,L,0,0,0,-1,4,0,0,0,0,,,,3,0.0,22,19:15,1,0,0,0,
45,2009-01-18,41,22-309,VAN,,CBJ,L-SO,0,1,1,1,2,0,0,0,0,,,,2,0.0,21,15:15,0,1,0,0,
46,2009-01-20,42,22-311,VAN,@,SJS,L-OT,0,0,0,0,0,0,0,0,0,,,,0,,21,14:14,1,0,0,0,
47,2009-01-28,43,22-319,VAN,,NSH,L,0,0,0,1,0,0,0,0,0,,,,0,,14,9:05,0,2,0,0,
48,2009-01-31,44,22-322,VAN,,MIN,L-OT,0,0,0,0,0,0,0,0,0,,,,1,0.0,17,12:33,1,1,0,0,
49,2009-02-03,45,22-325,VAN,,CAR,W,0,0,0,0,0,0,0,0,0,,,,1,0.0,10,7:46,1,2,0,0,
50,2009-02-07,46,22-329,VAN,,CHI,W,0,0,0,0,0,0,0,0,0,,,,0,,12,7:50,0,0,0,0,
51,2009-02-10,47,22-332,VAN,@,STL,W,1,0,1,2,0,1,0,0,1,,,,1,100.0,19,8:56,1,1,1,1,50.0
52,2009-02-12,48,22-334,VAN,@,PHX,W,0,0,0,-1,0,0,0,0,0,,,,1,0.0,12,8:23,0,0,0,0,
53,2009-02-13,49,22-335,VAN,@,DAL,L,0,0,0,0,0,0,0,0,0,,,,1,0.0,14,9:48,2,0,0,0,
54,2009-02-15,50,22-337,VAN,,MTL,W,0,1,1,1,0,0,0,0,0,,,,1,0.0,14,9:06,2,1,0,0,
55,2009-02-17,51,22-339,VAN,@,CGY,W,0,0,0,-1,0,0,0,0,0,,,,2,0.0,15,10:27,0,0,0,0,
56,2009-02-19,52,22-341,VAN,@,OTT,W,0,0,0,0,0,0,0,0,0,,,,2,0.0,16,11:14,1,1,0,0,
57,2009-03-26,53,23-011,VAN,@,STL,L,0,0,0,0,0,0,0,0,0,,,,0,,11,8:02,1,1,0,0,
58,2009-03-27,54,23-012,VAN,@,COL,W,0,0,0,0,0,0,0,0,0,,,,2,0.0,14,10:10,0,0,0,0,
59,2009-04-05,55,23-021,VAN,,COL,L,0,0,0,-2,0,0,0,0,0,,,,0,,16,12:23,1,0,0,0,
60,2009-11-12,1,23-242,VAN,@,DET,L,0,0,0,0,0,0,0,0,0,,,,0,,14,8:20,0,0,0,0,
61,2009-11-14,2,23-244,VAN,@,COL,W,1,1,2,3,0,1,0,0,1,,,,3,33.3,22,13:32,0,0,1,0,100.0
62,2009-11-20,3,23-250,VAN,,COL,W,0,1,1,1,2,0,0,0,0,,,,2,0.0,21,16:11,1,0,0,1,0.0
63,2009-11-22,4,23-252,VAN,,CHI,L,0,0,0,0,0,0,0,0,0,,,,1,0.0,19,14:29,0,0,0,0,
64,2009-11-26,5,23-256,VAN,,LAK,W,0,0,0,0,0,0,0,0,0,,,,0,,19,12:09,0,0,0,0,
65,2009-11-28,6,23-258,VAN,,EDM,W,0,0,0,-1,0,0,0,0,0,,,,2,0.0,21,14:16,0,2,0,0,
66,2009-11-29,7,23-259,VAN,,SJS,L,1,0,1,0,0,1,0,0,0,,,,3,33.3,18,11:45,0,1,1,1,50.0
67,2009-12-02,8,23-262,VAN,@,NJD,W,1,0,1,1,0,1,0,0,0,,,,4,25.0,20,13:57,1,0,0,0,
68,2009-12-03,9,23-263,VAN,@,PHI,W,0,0,0,0,0,0,0,0,0,,,,3,0.0,21,14:08,1,0,0,0,
69,2009-12-05,10,23-265,VAN,@,CAR,L,1,0,1,-2,0,1,0,0,0,,,,4,25.0,24,17:57,1,1,0,0,
70,2009-12-08,11,23-268,VAN,@,NSH,L,0,0,0,-2,2,0,0,0,0,,,,2,0.0,23,16:44,0,0,0,0,
71,2009-12-10,12,23-270,VAN,,ATL,W,0,0,0,0,0,0,0,0,0,,,,2,0.0,24,15:02,0,0,0,0,
72,2009-12-12,13,23-272,VAN,,MIN,W,0,0,0,0,0,0,0,0,0,,,,1,0.0,16,10:54,0,0,0,1,0.0
73,2009-12-14,14,23-274,VAN,,LAK,W,0,0,0,-1,0,0,0,0,0,,,,1,0.0,18,11:12,0,0,0,0,
74,2009-12-16,15,23-276,VAN,,ANA,L,0,0,0,0,0,0,0,0,0,,,,0,,13,8:49,0,,,,
75,2009-12-18,16,23-278,VAN,,WSH,W,0,1,1,1,0,0,0,0,0,,,,0,,16,9:56,0,0,0,0,
76,2009-12-20,17,23-280,VAN,,STL,L,0,0,0,0,0,0,0,0,0,,,,0,,10,7:01,0,,,,
77,2009-12-22,18,23-282,VAN,,NSH,W,0,0,0,0,2,0,0,0,0,,,,0,,17,10:36,0,0,0,0,
78,2009-12-26,19,23-286,VAN,,EDM,W,0,0,0,0,0,0,0,0,0,,,,0,,15,9:00,0,,,,
79,2009-12-27,20,23-287,VAN,@,CGY,W,0,0,0,0,0,0,0,0,0,,,,1,0.0,18,11:38,0,0,0,0,
80,2010-01-11,21,23-302,VAN,,NSH,L,0,0,0,0,0,0,0,0,0,,,,3,0.0,19,10:54,3,0,0,0,
81,2010-01-13,22,23-304,VAN,@,MIN,L,0,0,0,-1,0,0,0,0,0,,,,0,,9,7:19,1,0,0,1,0.0
82,2010-01-16,23,23-307,VAN,,PIT,W,1,1,2,2,0,1,0,0,0,,,,2,50.0,14,11:26,1,0,0,0,
83,2010-01-20,24,23-311,VAN,@,EDM,W,0,0,0,-1,0,0,0,0,0,,,,1,0.0,8,4:46,0,0,0,1,0.0
84,2010-02-09,25,23-331,VAN,@,TBL,L,0,0,0,0,0,0,0,0,0,,,,2,0.0,10,6:51,0,0,0,0,
85,2010-02-11,26,23-333,VAN,@,FLA,W,1,0,1,1,0,0,0,1,0,,,,2,50.0,17,11:14,2,0,0,0,
86,2010-02-12,27,23-334,VAN,@,CBJ,W,0,0,0,-1,0,0,0,0,0,,,,0,,8,3:58,1,0,0,0,
87,2010-03-03,28,23-353,VAN,@,DET,W,0,0,0,-1,0,0,0,0,0,,,,0,,18,12:57,1,0,0,0,
88,2010-03-05,29,23-355,VAN,@,CHI,L,0,0,0,-1,2,0,0,0,0,,,,0,,21,13:14,1,0,0,1,0.0
89,2010-03-07,30,23-357,VAN,@,NSH,W,1,0,1,1,2,1,0,0,1,,,,3,33.3,17,14:49,1,3,0,0,
90,2010-03-09,31,23-359,VAN,@,COL,W,1,0,1,1,0,1,0,0,1,,,,3,33.3,19,14:15,1,0,0,0,
91,2010-03-10,32,23-360,VAN,@,PHX,L-SO,0,0,0,-1,0,0,0,0,0,,,,1,0.0,19,14:01,2,0,1,0,100.0
92,2010-03-13,33,23-363,VAN,,OTT,W,0,0,0,0,0,0,0,0,0,,,,1,0.0,22,13:52,3,0,0,0,
93,2010-03-14,34,23-364,VAN,,CGY,W,0,0,0,-1,2,0,0,0,0,,,,3,0.0,22,13:23,3,0,0,0,
94,2010-03-16,35,24-001,VAN,,NYI,L,0,0,0,1,0,0,0,0,0,,,,3,0.0,22,18:29,2,0,0,0,
95,2010-03-18,36,24-003,VAN,,SJS,W,0,0,0,-2,0,0,0,0,0,,,,1,0.0,23,15:33,3,1,0,1,0.0
96,2010-03-20,37,24-005,VAN,,DET,L-OT,0,0,0,0,0,0,0,0,0,,,,0,,24,16:45,3,1,0,0,
97,2010-03-23,38,24-008,VAN,@,EDM,L,0,0,0,0,0,0,0,0,0,,,,1,0.0,21,14:45,2,1,0,0,
98,2010-03-24,39,24-009,VAN,,ANA,W,0,1,1,1,0,0,0,0,0,,,,2,0.0,20,17:04,2,0,0,0,
99,2010-03-27,40,24-012,VAN,@,SJS,L,0,0,0,0,0,0,0,0,0,,,,3,0.0,20,12:48,1,0,0,0,
100,2010-03-30,41,24-015,VAN,,PHX,W,0,0,0,0,0,0,0,0,0,,,,2,0.0,26,15:50,3,1,2,0,100.0
101,2010-04-01,42,24-017,VAN,@,LAK,L,0,0,0,-3,0,0,0,0,0,,,,1,0.0,24,15:15,2,0,0,0,
102,2010-04-02,43,24-018,VAN,@,ANA,W,1,0,1,1,4,1,0,0,0,,,,3,33.3,19,11:57,1,0,0,0,
103,2010-04-04,44,24-020,VAN,,MIN,W,0,0,0,-1,2,0,0,0,0,,,,0,,15,8:43,0,0,1,1,50.0
104,2010-04-06,45,24-022,VAN,,COL,L-SO,0,0,0,0,0,0,0,0,0,,,,0,,14,9:28,2,0,0,0,
105,2010-04-08,46,24-024,VAN,@,SJS,L,0,0,0,0,0,0,0,0,0,,,,0,,17,10:11,2,0,0,0,
106,2010-04-10,47,24-026,VAN,,CGY,W,0,1,1,0,0,0,0,0,0,,,,1,0.0,17,12:23,1,0,0,0,
107,2010-10-09,1,24-208,VAN,,LAK,L-SO,0,0,0,0,0,0,0,0,0,,,,2,0.0,20,13:59,6,0,0,0,
108,2010-10-11,2,24-210,VAN,,FLA,W,0,0,0,0,0,0,0,0,0,,,,1,0.0,27,18:03,3,0,0,1,0.0
109,2010-10-13,3,24-212,VAN,@,ANA,L,0,0,0,0,0,0,0,0,0,,,,0,,21,15:39,2,0,1,0,100.0
110,2010-10-15,4,24-214,VAN,@,LAK,L,0,0,0,0,4,0,0,0,0,,,,2,0.0,22,13:35,3,0,0,0,
111,2010-10-17,5,24-216,VAN,,CAR,W,0,0,0,0,4,0,0,0,0,,,,1,0.0,19,14:49,3,0,1,0,100.0
112,2010-10-19,6,24-218,VAN,@,MIN,L,0,0,0,0,0,0,0,0,0,,,,1,0.0,21,13:36,0,1,0,0,
113,2010-10-20,7,24-219,VAN,@,CHI,L-SO,0,0,0,0,0,0,0,0,0,,,,1,0.0,20,14:24,0,0,0,0,
114,2010-10-22,8,24-221,VAN,,MIN,W,0,2,2,3,0,0,0,0,0,,,,0,,23,14:01,6,1,0,0,
115,2010-10-26,9,24-225,VAN,,COL,W,0,0,0,1,0,0,0,0,0,,,,1,0.0,21,15:45,2,1,0,0,
116,2010-11-01,10,24-231,VAN,,NJD,W,0,0,0,1,0,0,0,0,0,,,,2,0.0,20,13:00,2,1,0,0,
117,2010-11-02,11,24-232,VAN,@,EDM,W,0,0,0,1,0,0,0,0,0,,,,1,0.0,28,16:57,1,0,1,0,100.0
118,2010-11-04,12,24-234,VAN,@,COL,W,0,0,0,-1,0,0,0,0,0,,,,3,0.0,29,18:07,2,0,0,0,
119,2010-11-06,13,24-236,VAN,,DET,W,1,0,1,0,0,1,0,0,0,,,,2,50.0,23,16:49,3,1,0,0,
120,2010-11-09,14,24-239,VAN,@,MTL,L,0,0,0,0,0,0,0,0,0,,,,1,0.0,24,15:52,6,0,1,0,100.0
121,2010-11-11,15,24-241,VAN,@,OTT,W,0,1,1,1,0,0,0,0,0,,,,2,0.0,20,15:43,1,0,0,0,
122,2010-11-13,16,24-243,VAN,@,TOR,W,0,0,0,-1,0,0,0,0,0,,,,1,0.0,24,15:59,1,0,1,0,100.0
123,2010-11-15,17,24-245,VAN,@,BUF,L-OT,0,0,0,-1,0,0,0,0,0,,,,1,0.0,22,14:42,1,0,0,0,
124,2010-11-17,18,24-247,VAN,@,PIT,L,0,0,0,0,0,0,0,0,0,,,,3,0.0,22,14:32,1,0,0,0,
125,2010-11-20,19,24-250,VAN,,CHI,L,0,0,0,-2,0,0,0,0,0,,,,2,0.0,24,15:59,1,0,0,0,
126,2010-11-21,20,24-251,VAN,,PHX,L,0,0,0,-1,2,0,0,0,0,,,,1,0.0,19,13:42,2,0,0,0,
127,2010-11-24,21,24-254,VAN,,COL,W,0,0,0,0,0,0,0,0,0,,,,0,,18,11:41,1,1,0,0,
128,2010-11-26,22,24-256,VAN,,SJS,W,0,1,1,1,0,0,0,0,0,,,,3,0.0,19,11:44,0,0,1,0,100.0
129,2010-12-01,23,24-261,VAN,@,CGY,W,0,0,0,-1,2,0,0,0,0,,,,1,0.0,20,13:03,0,0,0,1,0.0
130,2010-12-03,24,24-263,VAN,@,CHI,W,0,1,1,1,0,0,0,0,0,,,,1,0.0,20,12:53,0,0,0,0,
131,2010-12-05,25,24-265,VAN,,STL,L,1,0,1,0,0,1,0,0,0,,,,3,33.3,25,15:53,1,1,0,0,
132,2010-12-08,26,24-268,VAN,,ANA,W,0,0,0,-1,0,0,0,0,0,,,,0,,27,17:06,3,0,0,1,0.0
133,2010-12-11,27,24-271,VAN,,TBL,L-OT,0,0,0,0,0,0,0,0,0,,,,2,0.0,25,16:17,1,0,0,0,
134,2010-12-12,28,24-272,VAN,@,EDM,W,0,0,0,0,0,0,0,0,0,,,,0,,24,15:13,0,1,0,0,
135,2010-12-15,29,24-275,VAN,,CBJ,W,0,0,0,0,0,0,0,0,0,,,,2,0.0,26,16:11,2,0,0,0,
136,2010-12-18,30,24-278,VAN,,TOR,W,1,1,2,2,0,1,0,0,1,,,,3,33.3,22,16:58,3,0,0,0,
137,2010-12-20,31,24-280,VAN,@,STL,W,0,0,0,0,0,0,0,0,0,,,,1,0.0,22,16:53,0,0,0,1,0.0
138,2010-12-22,32,24-282,VAN,@,DET,L-OT,0,0,0,-1,0,0,0,0,0,,,,1,0.0,25,17:56,3,0,0,0,
139,2010-12-23,33,24-283,VAN,@,CBJ,W,0,1,1,1,0,0,0,0,0,,,,0,,20,14:00,2,0,0,0,
140,2010-12-26,34,24-286,VAN,,EDM,W,0,0,0,0,2,0,0,0,0,,,,4,0.0,21,14:35,2,1,0,0,
141,2010-12-28,35,24-288,VAN,,PHI,W,1,0,1,3,2,1,0,0,0,,,,1,100.0,24,15:16,6,2,0,0,
142,2010-12-31,36,24-291,VAN,@,DAL,W,0,1,1,1,0,0,0,0,0,,,,1,0.0,25,15:29,4,0,0,0,
143,2011-01-02,37,24-293,VAN,@,COL,W,0,0,0,0,0,0,0,0,0,,,,2,0.0,22,15:35,1,1,0,1,0.0
144,2011-01-03,38,24-294,VAN,@,SJS,W,1,0,1,1,0,1,0,0,0,,,,2,50.0,22,11:44,2,0,0,0,
145,2011-01-05,39,24-296,VAN,,CGY,W,0,0,0,-1,0,0,0,0,0,,,,0,,18,11:45,5,1,0,0,
146,2011-01-07,40,24-298,VAN,,EDM,W,0,0,0,0,0,0,0,0,0,,,,2,0.0,20,12:56,5,0,0,0,
147,2011-01-08,41,24-299,VAN,,DET,L-SO,0,0,0,0,0,0,0,0,0,,,,2,0.0,24,14:47,1,2,0,0,
148,2011-01-11,42,24-302,VAN,@,NYI,W,0,0,0,-1,0,0,0,0,0,,,,3,0.0,17,11:54,5,1,0,0,
149,2011-01-13,43,24-304,VAN,@,NYR,L,0,0,0,0,0,0,0,0,0,,,,1,0.0,17,14:09,3,0,0,0,
150,2011-01-14,44,24-305,VAN,@,WSH,W,0,2,2,2,0,0,0,0,0,,,,2,0.0,21,13:01,1,0,1,0,100.0
151,2011-01-16,45,24-307,VAN,@,MIN,L,0,0,0,-1,0,0,0,0,0,,,,1,0.0,21,15:42,2,0,0,1,0.0
152,2011-01-18,46,24-309,VAN,@,COL,L-OT,0,0,0,0,0,0,0,0,0,,,,1,0.0,22,15:49,2,0,0,0,
153,2011-01-20,47,24-311,VAN,,SJS,L-SO,0,0,0,-1,0,0,0,0,0,,,,1,0.0,22,14:33,2,0,0,0,
154,2011-01-22,48,24-313,VAN,,CGY,L-SO,0,0,0,0,0,0,0,0,0,,,,3,0.0,23,14:57,1,0,0,0,
155,2011-01-24,49,24-315,VAN,,DAL,W,0,0,0,0,0,0,0,0,0,,,,1,0.0,23,14:47,1,0,0,0,
156,2011-01-26,50,24-317,VAN,,NSH,W,0,0,0,0,0,0,0,0,0,,,,1,0.0,19,12:03,0,0,0,0,
157,2011-02-01,51,24-323,VAN,@,DAL,W,0,1,1,1,0,0,0,0,0,,,,2,0.0,25,15:17,1,1,0,0,
158,2011-02-02,52,24-324,VAN,@,PHX,W,1,0,1,1,0,1,0,0,0,,,,2,50.0,21,14:43,3,0,0,0,
159,2011-02-04,53,24-326,VAN,,CHI,W,0,0,0,-3,0,0,0,0,0,,,,2,0.0,23,14:58,1,2,0,1,0.0
160,2011-02-07,54,24-329,VAN,,OTT,W,0,0,0,0,0,0,0,0,0,,,,1,0.0,22,16:08,1,0,0,0,
161,2011-02-09,55,24-331,VAN,,ANA,L,0,0,0,0,0,0,0,0,0,,,,2,0.0,22,16:37,0,0,0,0,
162,2011-02-12,56,24-334,VAN,,CGY,W,0,0,0,-1,0,0,0,0,0,,,,2,0.0,23,15:19,6,0,0,0,
163,2011-02-14,57,24-336,VAN,@,STL,L,1,0,1,1,0,1,0,0,0,,,,3,33.3,23,16:37,1,0,0,0,
164,2011-02-15,58,24-337,VAN,@,MIN,W,1,0,1,1,0,1,0,0,1,,,,1,100.0,24,15:06,1,0,0,0,
165,2011-02-17,59,24-339,VAN,@,NSH,L,0,0,0,-2,0,0,0,0,0,,,,2,0.0,22,13:07,0,0,0,0,
166,2011-02-19,60,24-341,VAN,,DAL,W,0,1,1,2,0,0,0,0,0,,,,0,,21,14:37,2,0,0,0,
167,2011-02-22,61,24-344,VAN,,MTL,L,0,0,0,0,0,0,0,0,0,,,,1,0.0,18,13:52,1,0,0,0,
168,2011-02-24,62,24-346,VAN,,STL,W,0,1,1,1,0,0,0,0,0,,,,1,0.0,19,14:05,2,1,0,0,
169,2011-02-26,63,24-348,VAN,,BOS,L,0,0,0,1,2,0,0,0,0,,,,2,0.0,21,12:46,4,2,0,0,
170,2011-03-01,64,24-351,VAN,,CBJ,W,0,0,0,0,0,0,0,0,0,,,,0,,21,13:15,1,1,0,0,
171,2011-03-03,65,24-353,VAN,,NSH,L,0,0,0,0,2,0,0,0,0,,,,1,0.0,24,14:51,0,1,0,0,
172,2011-03-05,66,24-355,VAN,@,LAK,W,1,0,1,0,0,1,0,0,0,,,,2,50.0,25,15:17,3,0,0,0,
173,2011-03-06,67,24-356,VAN,@,ANA,W,0,2,2,2,2,0,0,0,0,,,,0,,22,13:32,1,0,0,0,
174,2011-03-08,68,24-358,VAN,@,PHX,W,0,0,0,0,0,0,0,0,0,,,,0,,24,14:36,3,0,0,0,
175,2011-03-10,69,24-360,VAN,@,SJS,W,0,0,0,0,0,0,0,0,0,,,,2,0.0,25,14:53,2,0,0,0,
176,2011-03-12,70,24-362,VAN,@,CGY,W,0,0,0,-1,0,0,0,0,0,,,,3,0.0,26,16:27,2,0,0,0,
177,2011-03-14,71,24-364,VAN,,MIN,W,0,1,1,2,2,0,0,0,0,,,,1,0.0,24,16:13,1,0,0,1,0.0
178,2011-03-16,72,25-001,VAN,,COL,W,0,0,0,-1,0,0,0,0,0,,,,1,0.0,23,12:32,1,0,0,0,
179,2011-03-18,73,25-003,VAN,,PHX,L,0,0,0,-1,0,0,0,0,0,,,,1,0.0,23,11:26,0,1,0,0,
180,2011-03-23,74,25-008,VAN,@,DET,W,0,0,0,0,0,0,0,0,0,,,,0,,23,17:33,0,0,0,0,
181,2011-03-25,75,25-010,VAN,@,ATL,W,0,0,0,0,2,0,0,0,0,,,,1,0.0,22,16:28,2,1,0,0,
182,2011-03-27,76,25-012,VAN,@,CBJ,W,0,0,0,0,2,0,0,0,0,,,,1,0.0,24,14:30,0,0,1,1,50.0
183,2011-03-29,77,25-014,VAN,@,NSH,W,0,1,1,1,0,0,0,0,0,,,,0,,22,14:30,0,0,0,0,
184,2011-03-31,78,25-016,VAN,,LAK,W,0,1,1,1,0,0,0,0,0,,,,2,0.0,18,13:20,2,0,0,0,
185,2011-04-02,79,25-018,VAN,,EDM,L,0,0,0,0,0,0,0,0,0,,,,1,0.0,19,11:56,1,0,0,0,
186,2011-04-05,80,25-021,VAN,@,EDM,L,0,0,0,0,2,0,0,0,0,,,,1,0.0,19,13:44,1,0,0,0,
187,2011-04-07,81,25-023,VAN,,MIN,W,0,1,1,1,2,0,0,0,0,,,,1,0.0,24,15:18,1,0,0,0,
188,2011-04-09,82,25-025,VAN,@,CGY,W,0,1,1,1,0,0,0,0,0,,,,1,0.0,22,12:46,0,0,0,2,0.0
189,2011-10-06,1,25-205,VAN,,PIT,L-SO,0,0,0,0,2,0,0,0,0,,,,1,0.0,22,15:06,0,0,0,0,
190,2011-10-10,2,25-209,VAN,@,CBJ,W,0,1,1,-1,0,0,0,0,0,,,,1,0.0,25,11:34,1,1,0,1,0.0
191,2011-10-12,3,25-211,VAN,@,PHI,L,0,0,0,-1,0,0,0,0,0,,,,1,0.0,20,13:48,0,1,0,0,
192,2011-10-13,4,25-212,VAN,@,DET,L,0,0,0,0,0,0,0,0,0,,,,0,,22,16:42,3,0,0,0,
193,2011-10-15,5,25-214,VAN,@,EDM,W,0,0,0,-1,4,0,0,0,0,,,,1,0.0,25,16:31,0,0,0,0,
194,2011-10-18,6,25-217,VAN,,NYR,L,0,0,0,-1,0,0,0,0,0,,,,2,0.0,19,10:56,0,0,0,0,
195,2011-10-20,7,25-219,VAN,,NSH,W,0,0,0,-1,0,0,0,0,0,,,,2,0.0,25,15:38,2,0,0,1,0.0
196,2011-10-22,8,25-221,VAN,,MIN,W,1,0,1,1,0,1,0,0,0,,,,1,100.0,25,18:43,3,0,0,0,
197,2011-10-25,9,25-224,VAN,@,EDM,L,0,0,0,0,2,0,0,0,0,,,,1,0.0,22,14:38,3,0,0,0,
198,2011-10-26,10,25-225,VAN,,STL,L,0,0,0,-1,0,0,0,0,0,,,,0,,18,13:51,2,1,0,0,
199,2011-10-29,11,25-228,VAN,,WSH,W,0,1,1,0,0,0,0,0,0,,,,1,0.0,21,12:26,2,0,0,0,
200,2011-11-01,12,25-231,VAN,@,CGY,W,0,1,1,1,0,0,0,0,0,,,,0,,27,14:52,0,0,0,0,
201,2011-11-03,13,25-233,VAN,@,MIN,L,0,0,0,-3,0,0,0,0,0,,,,1,0.0,21,14:18,0,0,0,0,
202,2011-11-04,14,25-234,VAN,@,STL,L,0,0,0,-1,0,0,0,0,0,,,,2,0.0,23,17:04,0,1,0,0,
203,2011-11-06,15,25-236,VAN,@,CHI,W,1,0,1,1,0,1,0,0,0,,,,4,25.0,25,13:26,0,0,0,0,
204,2011-11-10,16,25-240,VAN,@,LAK,W,0,0,0,1,2,0,0,0,0,,,,1,0.0,26,15:00,0,0,0,0,
205,2011-11-11,17,25-241,VAN,@,ANA,L,2,0,2,2,0,2,0,0,0,,,,5,40.0,23,16:25,0,0,0,0,
206,2011-11-13,18,25-243,VAN,,NYI,W,0,0,0,0,0,0,0,0,0,,,,3,0.0,22,13:44,2,1,0,0,
207,2011-11-16,19,25-246,VAN,,CHI,L,1,0,1,1,2,1,0,0,0,,,,3,33.3,27,19:49,1,0,0,0,
208,2011-11-20,20,25-250,VAN,,OTT,W,0,0,0,0,0,0,0,0,0,,,,0,,23,14:30,1,0,0,0,
209,2011-11-23,21,25-253,VAN,@,COL,W,0,1,1,1,0,0,0,0,0,,,,1,0.0,22,13:02,2,0,0,0,
210,2011-11-25,22,25-255,VAN,@,PHX,W,0,0,0,0,0,0,0,0,0,,,,0,,22,14:23,1,0,0,0,
211,2011-11-26,23,25-256,VAN,@,SJS,W,0,1,1,0,0,0,0,0,0,,,,0,,28,15:16,0,1,0,0,
212,2011-11-29,24,25-259,VAN,,CBJ,W,0,0,0,0,2,0,0,0,0,,,,2,0.0,25,13:01,1,0,0,0,
213,2011-12-01,25,25-261,VAN,,NSH,L,1,0,1,-1,0,1,0,0,0,,,,2,50.0,20,10:53,1,1,0,0,
214,2011-12-04,26,25-264,VAN,,CGY,W,1,0,1,0,0,1,0,0,0,,,,4,25.0,20,11:58,0,0,0,0,
215,2011-12-06,27,25-266,VAN,,COL,W,2,0,2,2,0,2,0,0,0,,,,3,66.7,23,16:02,1,0,0,0,
216,2011-12-08,28,25-268,VAN,@,MTL,W,0,1,1,1,0,0,0,0,0,,,,2,0.0,30,19:00,3,0,0,0,
217,2011-12-10,29,25-270,VAN,@,OTT,W,0,1,1,0,0,0,0,0,0,,,,1,0.0,26,15:15,0,1,1,0,100.0
218,2011-12-13,30,25-273,VAN,@,CBJ,L-SO,0,0,0,0,0,0,0,0,0,,,,1,0.0,25,15:29,1,1,0,0,
219,2011-12-15,31,25-275,VAN,@,CAR,L,0,0,0,0,0,0,0,0,0,,,,2,0.0,26,19:49,1,0,0,2,0.0
220,2011-12-17,32,25-277,VAN,@,TOR,W,1,0,1,1,0,1,0,0,0,,,,2,50.0,24,15:17,2,0,0,0,
221,2011-12-19,33,25-279,VAN,,MIN,W,1,0,1,1,0,1,0,0,0,,,,5,20.0,23,14:06,3,0,0,0,
222,2011-12-21,34,25-281,VAN,,DET,W,0,2,2,2,0,0,0,0,0,,,,2,0.0,21,13:22,6,1,0,0,
223,2011-12-23,35,25-283,VAN,,CGY,L,0,0,0,0,2,0,0,0,0,,,,0,,18,13:08,2,1,0,0,
224,2011-12-26,36,25-286,VAN,,EDM,W,0,1,1,1,2,0,0,0,0,,,,0,,22,12:27,0,0,0,1,0.0
225,2011-12-28,37,25-288,VAN,@,SJS,W,0,1,1,0,0,0,0,0,0,,,,2,0.0,27,19:08,3,1,0,0,
226,2011-12-29,38,25-289,VAN,@,ANA,W,0,0,0,1,0,0,0,0,0,,,,3,0.0,25,17:30,2,1,0,0,
227,2011-12-31,39,25-291,VAN,@,LAK,L,0,0,0,-1,2,0,0,0,0,,,,1,0.0,23,16:36,4,0,0,0,
228,2012-01-02,40,25-293,VAN,,SJS,L-SO,1,0,1,1,0,1,0,0,0,,,,1,100.0,20,14:14,1,0,0,0,
229,2012-01-04,41,25-295,VAN,,MIN,W,0,0,0,0,0,0,0,0,0,,,,2,0.0,21,13:16,2,1,0,0,
230,2012-01-07,42,25-298,VAN,@,BOS,W,0,0,0,0,2,0,0,0,0,,,,1,0.0,20,12:16,0,1,0,0,
231,2012-01-09,43,25-300,VAN,@,FLA,L,0,0,0,0,0,0,0,0,0,,,,2,0.0,21,17:15,0,0,1,0,100.0
232,2012-01-10,44,25-301,VAN,@,TBL,W,1,0,1,1,0,0,0,1,0,,,,3,33.3,23,16:10,0,0,1,0,100.0
233,2012-01-12,45,25-303,VAN,@,STL,W,0,0,0,0,0,0,0,0,0,,,,0,,25,17:08,1,0,0,1,0.0
234,2012-01-15,46,25-306,VAN,,ANA,L,0,0,0,0,0,0,0,0,0,,,,1,0.0,19,12:52,1,0,0,0,
235,2012-01-17,47,25-308,VAN,,LAK,L-SO,0,1,1,1,2,0,0,0,0,,,,3,0.0,20,13:36,3,0,0,0,
236,2012-01-21,48,25-312,VAN,,SJS,W,0,0,0,2,0,0,0,0,0,,,,1,0.0,21,14:07,1,0,0,1,0.0
237,2012-01-24,49,25-315,VAN,,EDM,W,0,0,0,0,0,0,0,0,0,,,,1,0.0,21,14:23,0,0,0,0,
238,2012-01-31,50,25-322,VAN,,CHI,W,0,1,1,1,0,0,0,0,0,,,,0,,19,11:51,2,0,0,0,
239,2012-02-02,51,25-324,VAN,,DET,L-SO,0,0,0,0,2,0,0,0,0,,,,1,0.0,22,17:05,0,1,0,0,
240,2012-02-04,52,25-326,VAN,@,COL,W,0,0,0,0,0,0,0,0,0,,,,1,0.0,16,8:04,0,0,0,0,
241,2012-02-07,53,25-329,VAN,@,NSH,W,0,0,0,0,0,0,0,0,0,,,,1,0.0,24,16:30,1,0,0,0,
242,2012-02-09,54,25-331,VAN,@,MIN,W,0,1,1,0,0,0,0,0,0,,,,2,0.0,24,15:26,1,0,0,1,0.0
243,2012-02-11,55,25-333,VAN,@,CGY,L-SO,0,0,0,0,0,0,0,0,0,,,,3,0.0,23,13:01,1,0,0,0,
244,2012-02-13,56,25-335,VAN,,PHX,W,0,0,0,0,0,0,0,0,0,,,,2,0.0,21,13:10,0,0,0,0,
245,2012-02-15,57,25-337,VAN,,COL,W,1,0,1,0,0,1,0,0,1,,,,4,25.0,23,14:38,4,0,0,1,0.0
246,2012-02-18,58,25-340,VAN,,TOR,W,0,1,1,1,0,0,0,0,0,,,,1,0.0,20,15:04,2,1,0,1,0.0
247,2012-02-19,59,25-341,VAN,@,EDM,W,0,1,1,1,0,0,0,0,0,,,,2,0.0,21,14:31,0,0,0,0,
248,2012-02-21,60,25-343,VAN,@,NSH,L,0,0,0,0,0,0,0,0,0,,,,2,0.0,23,13:44,1,1,0,0,
249,2012-02-23,61,25-345,VAN,@,DET,W,0,0,0,-2,0,0,0,0,0,,,,4,0.0,22,14:30,1,0,1,3,25.0
250,2012-02-24,62,25-346,VAN,@,NJD,W,0,0,0,0,0,0,0,0,0,,,,0,,27,19:04,1,0,0,0,
251,2012-02-26,63,25-348,VAN,@,DAL,L-OT,0,0,0,0,0,0,0,0,0,,,,1,0.0,24,17:20,0,0,1,0,100.0
252,2012-02-28,64,25-350,VAN,@,PHX,L-SO,0,0,0,0,2,0,0,0,0,,,,3,0.0,22,14:32,3,1,0,0,
253,2012-03-01,65,25-352,VAN,,STL,W,0,0,0,0,0,0,0,0,0,,,,2,0.0,20,15:56,1,0,0,0,
254,2012-03-03,66,25-354,VAN,,BUF,L,0,0,0,-1,0,0,0,0,0,,,,1,0.0,18,14:23,1,0,0,0,
255,2012-03-06,67,25-357,VAN,,DAL,L,0,1,1,1,0,0,0,0,0,,,,3,0.0,19,15:23,3,0,0,0,
256,2012-03-08,68,25-359,VAN,,WPG,W,0,1,1,1,0,0,0,0,0,,,,1,0.0,18,16:10,1,0,1,1,50.0
257,2012-03-10,69,25-361,VAN,,MTL,L,0,0,0,-1,0,0,0,0,0,,,,4,0.0,23,13:34,3,0,0,0,
258,2012-03-14,70,25-365,VAN,,PHX,L,0,1,1,1,0,0,0,0,0,,,,2,0.0,19,13:53,7,0,0,1,0.0
259,2012-03-17,71,26-002,VAN,,CBJ,W,0,0,0,0,0,0,0,0,0,,,,0,,22,13:55,4,1,1,0,100.0
260,2012-03-19,72,26-004,VAN,@,MIN,L,0,0,0,0,2,0,0,0,0,,,,0,,16,12:56,2,0,0,0,
261,2012-03-21,73,26-006,VAN,@,CHI,L-OT,1,0,1,0,0,1,0,0,0,,,,3,33.3,26,17:39,4,0,1,0,100.0
262,2012-03-22,74,26-007,VAN,@,DAL,W,0,0,0,0,4,0,0,0,0,,,,2,0.0,24,15:48,1,0,0,2,0.0
263,2012-03-24,75,26-009,VAN,@,COL,W,0,1,1,2,0,0,0,0,0,,,,1,0.0,26,16:08,2,1,0,0,
264,2012-03-26,76,26-011,VAN,,LAK,W,0,0,0,1,0,0,0,0,0,,,,1,0.0,21,15:48,6,1,0,0,
265,2012-03-28,77,26-013,VAN,,COL,W,0,0,0,0,0,0,0,0,0,,,,0,,23,15:34,0,0,1,0,100.0
266,2012-03-30,78,26-015,VAN,,DAL,W,0,1,1,1,0,0,0,0,0,,,,2,0.0,19,15:34,0,0,0,0,
267,2012-03-31,79,26-016,VAN,,CGY,W,0,0,0,0,0,0,0,0,0,,,,0,,23,16:58,0,0,1,0,100.0
268,2012-04-03,80,26-019,VAN,,ANA,W,0,1,1,1,0,0,0,0,0,,,,5,0.0,23,15:13,1,0,2,0,100.0
269,2012-04-05,81,26-021,VAN,@,CGY,L,1,0,1,0,0,1,0,0,0,,,,4,25.0,20,13:35,2,1,0,0,
270,2012-04-07,82,26-023,VAN,,EDM,W,0,1,1,1,0,0,0,0,0,,,,1,0.0,19,14:37,1,1,0,0,
271,2013-01-19,1,26-310,VAN,,ANA,L,0,2,2,0,0,0,0,0,0,,,,2,0.0,26,19:19,1,1,0,1,0.0
272,2013-01-20,2,26-311,VAN,,EDM,L-SO,0,0,0,0,0,0,0,0,0,,,,1,0.0,27,18:42,1,1,0,2,0.0
273,2013-01-23,3,26-314,VAN,,CGY,W,0,0,0,0,0,0,0,0,0,,,,2,0.0,24,17:40,0,0,0,1,0.0
274,2013-01-25,4,26-316,VAN,@,ANA,W,0,0,0,1,0,0,0,0,0,,,,3,0.0,21,14:32,1,0,0,0,
275,2013-01-27,5,26-318,VAN,@,SJS,L,0,1,1,1,0,0,0,0,0,,,,2,0.0,19,16:38,1,0,1,2,33.3
276,2013-01-28,6,26-319,VAN,@,LAK,L-SO,0,0,0,0,0,0,0,0,0,,,,0,,27,19:21,1,0,0,3,0.0
277,2013-01-30,7,26-321,VAN,,COL,W,0,0,0,1,2,0,0,0,0,,,,4,0.0,22,15:39,0,0,0,2,0.0
278,2013-02-01,8,26-323,VAN,,CHI,W,0,0,0,-1,0,0,0,0,0,,,,2,0.0,24,18:22,1,1,0,2,0.0
279,2013-02-04,9,26-326,VAN,@,EDM,W,1,1,2,2,0,1,0,0,0,,,,4,25.0,26,18:14,3,0,1,1,50.0
280,2013-02-07,10,26-329,VAN,@,MIN,W,1,0,1,1,0,1,0,0,0,,,,3,33.3,25,13:31,1,0,0,0,
281,2013-02-09,11,26-331,VAN,,CGY,W,0,0,0,1,0,0,0,0,0,,,,4,0.0,24,17:40,1,0,0,0,
282,2013-02-12,12,26-334,VAN,,MIN,W,1,0,1,1,0,1,0,0,1,,,,5,20.0,20,15:46,1,0,0,2,0.0
283,2013-02-15,13,26-337,VAN,,DAL,L,0,0,0,-2,0,0,0,0,0,,,,1,0.0,19,13:43,1,0,0,0,
284,2013-02-17,14,26-339,VAN,,STL,L-SO,0,0,0,-2,0,0,0,0,0,,,,0,,23,17:16,2,0,0,0,
285,2013-02-19,15,26-341,VAN,@,CHI,L-SO,0,0,0,0,2,0,0,0,0,,,,3,0.0,26,19:53,5,2,0,0,
286,2013-02-22,16,26-344,VAN,@,NSH,W,0,0,0,0,0,0,0,0,0,,,,2,0.0,23,17:09,0,0,0,3,0.0
287,2013-02-24,17,26-346,VAN,@,DET,L,0,0,0,-2,0,0,0,0,0,,,,2,0.0,21,14:44,1,0,0,0,
288,2013-02-26,18,26-348,VAN,,PHX,L,0,0,0,1,0,0,0,0,0,,,,2,0.0,22,15:57,0,0,0,0,
289,2013-03-02,19,26-352,VAN,,LAK,W,1,1,2,3,0,1,0,0,0,,,,1,100.0,23,16:25,0,0,0,0,
290,2013-03-03,20,26-353,VAN,@,CGY,L,1,1,2,2,2,1,0,0,0,,,,1,100.0,25,16:52,0,0,0,1,0.0
291,2013-03-05,21,26-355,VAN,,SJS,L-SO,1,0,1,1,0,1,0,0,0,,,,4,25.0,24,19:15,2,0,0,3,0.0
292,2013-03-07,22,26-357,VAN,@,CBJ,L-OT,0,0,0,-1,0,0,0,0,0,,,,4,0.0,27,17:06,1,1,0,0,
293,2013-03-10,23,26-360,VAN,@,MIN,L,0,0,0,-2,0,0,0,0,0,,,,2,0.0,20,16:14,0,0,0,0,
294,2013-03-12,24,26-362,VAN,@,CBJ,W,0,1,1,1,0,0,0,0,0,,,,2,0.0,25,18:15,0,0,0,0,
295,2013-03-14,25,26-364,VAN,,NSH,W,1,2,3,2,0,1,0,0,1,,,,2,50.0,25,13:35,3,0,0,0,
296,2013-03-16,26,27-001,VAN,,DET,L,0,0,0,-1,0,0,0,0,0,,,,2,0.0,26,19:56,0,0,0,0,
297,2013-03-18,27,27-003,VAN,,MIN,L,0,0,0,-1,0,0,0,0,0,,,,3,0.0,25,17:52,0,0,0,3,0.0
298,2013-03-19,28,27-004,VAN,,STL,W,1,0,1,0,0,1,0,0,0,,,,5,20.0,26,17:25,2,1,0,1,0.0
299,2013-03-21,29,27-006,VAN,@,PHX,W,0,1,1,2,0,0,0,0,0,,,,2,0.0,27,17:29,0,1,0,0,
300,2013-03-23,30,27-008,VAN,@,LAK,W,0,1,1,1,0,0,0,0,0,,,,2,0.0,26,16:45,0,0,0,0,
301,2013-03-24,31,27-009,VAN,@,COL,W,0,0,0,1,0,0,0,0,0,,,,0,,27,17:07,2,0,0,0,
302,2013-03-26,32,27-011,VAN,,CBJ,W,0,0,0,0,0,0,0,0,0,,,,4,0.0,25,20:25,1,1,0,0,
303,2013-03-28,33,27-013,VAN,,COL,W,0,0,0,1,0,0,0,0,0,,,,1,0.0,23,18:02,1,0,0,0,
304,2013-03-30,34,27-015,VAN,@,EDM,L,0,0,0,0,0,0,0,0,0,,,,0,,20,19:00,0,0,0,0,
305,2013-04-01,35,27-017,VAN,@,SJS,L,0,2,2,2,0,0,0,0,0,,,,3,0.0,31,20:48,0,0,0,0,
306,2013-04-04,36,27-020,VAN,,EDM,W,0,1,1,1,0,0,0,0,0,,,,0,,25,19:43,1,0,0,0,
307,2013-04-06,37,27-022,VAN,,CGY,W,0,0,0,0,0,0,0,0,0,,,,0,,22,17:19,1,0,0,0,
308,2013-04-08,38,27-024,VAN,,PHX,W,0,0,0,0,0,0,0,0,0,,,,2,0.0,22,19:20,2,0,0,1,0.0
309,2013-04-10,39,27-026,VAN,@,CGY,W,0,0,0,0,0,0,0,0,0,,,,0,,20,14:24,0,0,0,0,
310,2013-04-13,40,27-029,VAN,@,COL,L,1,0,1,1,0,1,0,0,0,,,,4,25.0,23,19:44,1,0,0,0,
311,2013-04-15,41,27-031,VAN,@,NSH,W,0,1,1,1,0,0,0,0,0,,,,0,,26,17:10,1,0,0,0,
312,2013-04-16,42,27-032,VAN,@,STL,L-SO,0,0,0,-1,0,0,0,0,0,,,,2,0.0,30,21:51,2,0,1,0,100.0
313,2013-04-18,43,27-034,VAN,@,DAL,L,0,1,1,1,0,0,0,0,0,,,,3,0.0,27,18:56,5,0,0,0,
314,2013-04-20,44,27-036,VAN,,DET,W,0,0,0,-1,0,0,0,0,0,,,,0,,27,20:05,3,0,0,0,
315,2013-04-22,45,27-038,VAN,,CHI,W,1,0,1,0,0,0,1,0,0,,,,3,33.3,21,18:36,5,1,0,0,
316,2013-04-25,46,27-041,VAN,,ANA,L,0,0,0,-1,0,0,0,0,0,,,,2,0.0,18,14:10,1,0,0,0,
317,2013-04-27,47,27-043,VAN,@,EDM,L,0,1,1,-2,2,0,0,0,0,,,,3,0.0,22,17:09,0,0,0,0,
318,2013-10-03,1,27-202,VAN,@,SJS,L,0,0,0,-2,0,0,0,0,0,,,,0,,24,15:42,0,1,0,0,
319,2013-10-05,2,27-204,VAN,,EDM,W,1,0,1,2,6,1,0,0,1,,,,1,100.0,24,15:55,4,1,1,2,33.3
320,2013-10-06,3,27-205,VAN,@,CGY,W,1,0,1,-2,0,1,0,0,0,,,,2,50.0,22,18:35,0,0,0,0,
321,2013-10-08,4,27-207,VAN,,NJD,W,0,0,0,0,0,0,0,0,0,,,,3,0.0,27,19:37,1,0,0,0,
322,2013-10-10,5,27-209,VAN,,SJS,L,0,0,0,-1,2,0,0,0,0,,,,1,0.0,21,15:37,1,1,0,2,0.0
323,2013-10-12,6,27-211,VAN,,MTL,L,0,0,0,0,0,0,0,0,0,,,,1,0.0,23,17:40,1,0,0,0,
324,2013-10-15,7,27-214,VAN,@,PHI,W,0,1,1,1,0,0,0,0,0,,,,2,0.0,25,17:01,1,0,0,0,
325,2013-10-17,8,27-216,VAN,@,BUF,W,0,0,0,0,0,0,0,0,0,,,,2,0.0,21,14:44,1,1,0,1,0.0
326,2013-10-19,9,27-218,VAN,@,PIT,L-SO,0,0,0,0,0,0,0,0,0,,,,5,0.0,24,18:35,0,1,0,0,
327,2013-10-20,10,27-219,VAN,@,CBJ,L,0,0,0,-1,0,0,0,0,0,,,,2,0.0,22,18:14,1,0,0,0,
328,2013-10-22,11,27-221,VAN,@,NYI,W,0,1,1,1,0,0,0,0,0,,,,1,0.0,7,4:41,1,0,0,1,0.0
329,2013-11-17,12,27-247,VAN,,DAL,L,0,0,0,0,0,0,0,0,0,,,,0,,16,14:50,1,0,0,0,
330,2013-11-19,13,27-249,VAN,,FLA,L-SO,1,0,1,1,2,1,0,0,0,,,,2,50.0,19,12:55,0,0,0,0,
331,2013-11-22,14,27-252,VAN,,CBJ,W,0,0,0,0,0,0,0,0,0,,,,3,0.0,18,15:27,0,2,0,0,
332,2013-11-23,15,27-253,VAN,,CHI,L,0,0,0,-1,0,0,0,0,0,,,,2,0.0,21,14:31,2,0,0,0,
333,2013-11-25,16,27-255,VAN,,LAK,L-OT,0,0,0,-1,0,0,0,0,0,,,,1,0.0,18,13:28,2,0,0,0,
334,2013-11-28,17,27-258,VAN,@,OTT,W,0,0,0,-1,0,0,0,0,0,,,,0,,13,8:08,1,0,0,0,
335,2013-11-30,18,27-260,VAN,@,NYR,L,0,0,0,0,0,0,0,0,0,,,,4,0.0,20,17:50,1,0,0,0,
336,2013-12-01,19,27-261,VAN,@,CAR,W,0,1,1,0,0,0,0,0,0,,,,1,0.0,20,11:13,1,1,0,0,
337,2013-12-03,20,27-263,VAN,@,NSH,W,0,1,1,1,0,0,0,0,0,,,,0,,18,12:53,0,0,0,0,
338,2013-12-06,21,27-266,VAN,,PHX,W,0,0,0,-1,0,0,0,0,0,,,,0,,19,11:56,0,1,0,0,
339,2013-12-08,22,27-268,VAN,,COL,W,0,0,0,0,0,0,0,0,0,,,,1,0.0,20,16:36,2,0,0,0,
340,2013-12-09,23,27-269,VAN,,CAR,W,1,0,1,1,2,1,0,0,0,,,,1,100.0,23,16:23,2,1,0,0,
341,2013-12-13,24,27-273,VAN,,EDM,W,0,0,0,0,0,0,0,0,0,,,,1,0.0,21,14:33,6,1,0,0,
342,2013-12-14,25,27-274,VAN,,BOS,W,1,0,1,1,0,1,0,0,0,,,,1,100.0,20,14:06,3,0,1,0,100.0
343,2013-12-17,26,27-277,VAN,@,MIN,L-SO,1,0,1,1,0,1,0,0,0,,,,1,100.0,25,18:00,3,1,0,0,
344,2013-12-19,27,27-279,VAN,@,DAL,L,0,0,0,-1,4,0,0,0,0,,,,3,0.0,23,15:06,3,0,0,0,
345,2013-12-20,28,27-280,VAN,@,CHI,W,0,0,0,1,0,0,0,0,0,,,,0,,24,16:43,6,0,0,0,
346,2013-12-22,29,27-282,VAN,,WPG,W,0,0,0,0,0,0,0,0,0,,,,3,0.0,22,17:28,0,0,0,0,
347,2013-12-29,30,27-289,VAN,@,CGY,W,1,0,1,1,0,1,0,0,1,,,,3,33.3,20,16:10,2,0,0,0,
348,2013-12-30,31,27-290,VAN,,PHI,L-SO,1,0,1,2,0,1,0,0,0,,,,3,33.3,17,15:38,1,1,0,0,
349,2014-01-01,32,27-292,VAN,,TBL,L,0,0,0,0,0,0,0,0,0,,,,2,0.0,21,16:11,0,0,0,0,
350,2014-01-04,33,27-295,VAN,@,LAK,L,0,0,0,-1,2,0,0,0,0,,,,1,0.0,20,14:21,4,0,0,0,
351,2014-01-05,34,27-296,VAN,@,ANA,L-OT,0,0,0,0,0,0,0,0,0,,,,1,0.0,25,18:02,0,0,0,0,
352,2014-01-07,35,27-298,VAN,,PIT,L-SO,0,1,1,-1,0,0,0,0,0,,,,2,0.0,17,14:09,1,0,0,0,
353,2014-01-10,36,27-301,VAN,,STL,W,0,0,0,0,0,0,0,0,0,,,,1,0.0,16,16:07,1,0,0,1,0.0
354,2014-01-13,37,27-304,VAN,@,LAK,L,0,0,0,0,0,0,0,0,0,,,,1,0.0,21,14:42,5,0,0,0,
355,2014-01-15,38,27-306,VAN,@,ANA,L,0,0,0,0,17,0,0,0,0,,,,2,0.0,16,12:08,0,0,0,0,
356,2014-01-16,39,27-307,VAN,@,PHX,L,0,0,0,0,0,0,0,0,0,,,,1,0.0,18,12:36,0,0,0,0,
357,2014-01-18,40,27-309,VAN,,CGY,W,0,0,0,0,0,0,0,0,0,,,,3,0.0,24,16:00,2,0,0,1,0.0
358,2014-01-21,41,27-312,VAN,@,EDM,W,0,0,0,-1,2,0,0,0,0,,,,0,,23,15:18,1,0,0,0,
359,2014-01-23,42,27-314,VAN,,NSH,L,0,0,0,0,0,0,0,0,0,,,,3,0.0,18,13:59,1,0,0,0,
360,2014-01-26,43,27-317,VAN,,PHX,W,1,0,1,1,0,1,0,0,0,,,,2,50.0,24,15:35,2,2,0,0,
361,2014-01-27,44,27-318,VAN,,EDM,L,0,0,0,-1,0,0,0,0,0,,,,1,0.0,20,14:20,1,0,1,0,100.0
362,2014-01-29,45,27-320,VAN,,CHI,L,0,0,0,-1,0,0,0,0,0,,,,1,0.0,25,18:04,0,0,0,0,
363,2014-01-31,46,27-322,VAN,@,WPG,L,0,0,0,-1,0,0,0,0,0,,,,0,,12,10:42,0,0,0,0,
364,2014-02-03,47,27-325,VAN,@,DET,L,0,0,0,0,0,0,0,0,0,,,,0,,18,11:13,0,,,,
365,2014-02-04,48,27-326,VAN,@,BOS,L,0,0,0,0,0,0,0,0,0,,,,2,0.0,25,15:50,1,0,0,1,0.0
366,2014-02-06,49,27-328,VAN,@,MTL,L,0,0,0,0,0,0,0,0,0,,,,3,0.0,23,16:59,2,0,1,0,100.0
367,2014-02-08,50,27-330,VAN,@,TOR,L,0,0,0,0,0,0,0,0,0,,,,3,0.0,26,21:51,2,0,0,0,
368,2014-02-26,51,27-348,VAN,,STL,W,1,0,1,1,0,1,0,0,1,,,,3,33.3,23,19:15,0,0,0,0,
369,2014-02-28,52,27-350,VAN,,MIN,L-SO,0,0,0,0,2,0,0,0,0,,,,3,0.0,26,18:38,1,0,0,0,
370,2014-03-02,53,27-352,VAN,,OTT,L,0,1,1,-1,2,0,0,0,0,,,,3,0.0,27,23:26,3,0,0,0,
371,2014-03-04,54,27-354,VAN,@,PHX,L,0,0,0,0,0,0,0,0,0,,,,0,,26,22:53,1,0,1,0,100.0
372,2014-03-06,55,27-356,VAN,@,DAL,L,0,0,0,-2,0,0,0,0,0,,,,1,0.0,25,17:56,1,1,0,0,
373,2014-03-08,56,27-358,VAN,,CGY,W,0,0,0,0,0,0,0,0,0,,,,0,,22,19:42,0,1,0,0,
374,2014-03-10,57,27-360,VAN,,NYI,L,0,1,1,0,0,0,0,0,0,,,,1,0.0,22,17:26,1,0,0,0,
375,2014-03-12,58,27-362,VAN,@,WPG,W,0,1,1,1,0,0,0,0,0,,,,3,0.0,27,20:14,0,1,0,0,
376,2014-03-14,59,27-364,VAN,@,WSH,L,0,0,0,-1,0,0,0,0,0,,,,3,0.0,24,18:05,2,0,1,4,20.0
377,2014-03-16,60,28-001,VAN,@,FLA,W,0,0,0,-1,0,0,0,0,0,,,,4,0.0,30,18:57,1,1,4,1,80.0
378,2014-03-17,61,28-002,VAN,@,TBL,L,1,0,1,0,0,0,0,1,0,,,,2,50.0,23,18:30,1,0,1,0,100.0
379,2014-03-19,62,28-004,VAN,,NSH,W,0,0,0,0,0,0,0,0,0,,,,1,0.0,23,17:34,2,0,0,2,0.0
380,2014-03-23,63,28-008,VAN,,BUF,W,0,0,0,-1,0,0,0,0,0,,,,3,0.0,22,18:44,0,1,0,0,
381,2014-03-26,64,28-011,VAN,@,MIN,W,0,1,1,2,0,0,0,0,0,,,,0,,21,15:11,0,0,0,0,
382,2014-03-27,65,28-012,VAN,@,COL,L-OT,0,0,0,-1,2,0,0,0,0,,,,0,,21,15:15,0,1,0,1,0.0
383,2014-03-29,66,28-014,VAN,,ANA,L,0,0,0,-1,0,0,0,0,0,,,,0,,14,9:51,3,0,0,0,
384,2014-04-01,67,28-017,VAN,,NYR,L,0,0,0,-1,0,0,0,0,0,,,,0,,13,7:58,1,0,0,0,
385,2014-04-05,68,28-021,VAN,,LAK,W,0,0,0,0,0,0,0,0,0,,,,3,0.0,16,11:42,5,0,0,0,
386,2014-04-07,69,28-023,VAN,,ANA,L,0,0,0,-1,0,0,0,0,0,,,,1,0.0,19,15:33,6,0,0,0,
387,2014-04-10,70,28-026,VAN,,COL,L,0,0,0,0,0,0,0,0,0,,,,1,0.0,18,14:35,1,0,1,0,100.0
388,2014-04-12,71,28-028,VAN,@,EDM,L,0,0,0,0,0,0,0,0,0,,,,1,0.0,16,12:27,0,1,0,0,
389,2014-10-08,1,28-207,VAN,@,CGY,W,0,0,0,-2,0,0,0,0,0,0,0,0,1,0.0,17,9:54,0,1,0,0,
390,2014-10-11,2,28-210,VAN,,EDM,W,0,0,0,0,0,0,0,0,0,0,0,0,1,0.0,15,9:46,2,0,0,0,
391,2014-10-17,3,28-216,VAN,@,EDM,W,0,0,0,0,0,0,0,0,0,0,0,0,0,,18,9:06,2,1,0,0,
392,2014-10-18,4,28-217,VAN,,TBL,L,0,0,0,-1,0,0,0,0,0,0,0,0,0,,15,10:51,0,0,0,0,
393,2014-10-21,5,28-220,VAN,@,DAL,L,1,0,1,0,0,1,0,0,0,0,0,0,3,33.3,18,11:11,1,1,0,0,
394,2014-10-23,6,28-222,VAN,@,STL,W,1,0,1,1,0,1,0,0,0,0,0,0,1,100.0,17,12:46,3,0,0,0,
395,2014-10-24,7,28-223,VAN,@,COL,L,0,0,0,-1,0,0,0,0,0,0,0,0,1,0.0,17,12:31,1,0,0,0,
396,2014-10-26,8,28-225,VAN,,WSH,W,0,0,0,-2,0,0,0,0,0,0,0,0,1,0.0,16,10:02,2,1,0,0,
397,2014-10-28,9,28-227,VAN,,CAR,W,1,0,1,1,0,1,0,0,0,0,0,0,3,33.3,16,11:07,1,1,0,0,
398,2014-10-30,10,28-229,VAN,,MTL,W,0,0,0,0,0,0,0,0,0,0,0,0,1,0.0,17,12:19,1,0,0,0,
399,2014-11-01,11,28-231,VAN,@,EDM,W,0,0,0,0,0,0,0,0,0,0,0,0,1,0.0,21,13:55,0,1,0,0,
400,2014-11-02,12,28-232,VAN,,NSH,L,0,0,0,0,2,0,0,0,0,0,0,0,0,,22,14:18,1,0,0,0,
401,2014-11-04,13,28-234,VAN,@,COL,W,0,1,1,1,0,0,0,0,0,1,0,0,6,0.0,19,13:39,0,1,0,0,
402,2014-11-06,14,28-236,VAN,@,SJS,W,0,0,0,0,2,0,0,0,0,0,0,0,2,0.0,20,13:02,3,1,0,0,
403,2014-11-08,15,28-238,VAN,@,LAK,L,0,0,0,-2,0,0,0,0,0,0,0,0,0,,18,14:04,0,0,0,0,
404,2014-11-09,16,28-239,VAN,@,ANA,W,0,0,0,0,0,0,0,0,0,0,0,0,2,0.0,25,17:50,0,0,0,0,
405,2014-11-11,17,28-241,VAN,,OTT,W,0,0,0,0,0,0,0,0,0,0,0,0,2,0.0,23,17:21,0,0,0,0,
406,2014-11-14,18,28-244,VAN,,ARI,L,0,0,0,-1,0,0,0,0,0,0,0,0,0,,18,13:57,3,1,0,1,0.0
407,2014-11-19,19,28-249,VAN,@,EDM,W,1,0,1,0,0,0,0,1,0,0,0,0,2,50.0,13,8:35,2,0,0,0,
408,2014-11-20,20,28-250,VAN,,ANA,L-SO,1,0,1,1,0,1,0,0,0,0,0,0,1,100.0,16,12:05,2,0,0,0,
409,2014-11-23,21,28-253,VAN,,CHI,W,3,0,3,3,0,3,0,0,1,0,0,0,4,75.0,21,13:40,0,0,0,0,
410,2014-11-25,22,28-255,VAN,,NJD,W,0,0,0,0,0,0,0,0,0,0,0,0,2,0.0,18,12:45,0,1,0,0,
411,2014-11-28,23,28-258,VAN,@,CBJ,W,0,0,0,0,0,0,0,0,0,0,0,0,3,0.0,17,10:59,2,0,0,0,
412,2014-11-30,24,28-260,VAN,@,DET,L,0,0,0,0,0,0,0,0,0,0,0,0,2,0.0,16,11:22,4,1,0,1,0.0
413,2014-12-02,25,28-262,VAN,@,WSH,W,0,1,1,0,0,0,0,0,0,1,0,0,0,,16,9:17,0,0,0,0,
414,2014-12-04,26,28-264,VAN,@,PIT,W,0,1,1,2,0,0,0,0,0,0,0,1,1,0.0,18,10:59,3,0,0,0,
415,2014-12-06,27,28-266,VAN,@,TOR,L,0,0,0,-2,0,0,0,0,0,0,0,0,1,0.0,17,13:47,5,0,0,0,
416,2014-12-07,28,28-267,VAN,@,OTT,L-OT,0,0,0,-1,0,0,0,0,0,0,0,0,0,,17,12:31,1,1,0,0,
417,2014-12-09,29,28-269,VAN,@,MTL,L,0,1,1,1,0,0,0,0,0,0,0,1,1,0.0,20,14:34,3,1,0,0,
418,2014-12-13,30,28-273,VAN,,NYR,L,0,1,1,0,0,0,0,0,0,1,0,0,2,0.0,22,16:56,1,0,0,0,
419,2014-12-17,31,28-277,VAN,,DAL,L,0,0,0,0,0,0,0,0,0,0,0,0,1,0.0,20,14:32,0,1,0,0,
420,2014-12-20,32,28-280,VAN,,CGY,W,0,0,0,0,0,0,0,0,0,0,0,0,2,0.0,9,6:12,0,0,0,0,
421,2014-12-28,33,28-288,VAN,@,ANA,L-OT,0,1,1,0,0,0,0,0,0,1,0,0,1,0.0,22,16:24,1,1,0,1,0.0
422,2014-12-30,34,28-290,VAN,@,SJS,W,1,0,1,1,2,1,0,0,1,0,0,0,4,25.0,22,13:13,2,0,0,0,
423,2015-01-01,35,28-292,VAN,,LAK,L,0,0,0,0,0,0,0,0,0,0,0,0,1,0.0,23,15:07,0,0,1,0,100.0
424,2015-01-03,36,28-294,VAN,,DET,W,0,0,0,0,0,0,0,0,0,0,0,0,0,,20,16:08,0,0,0,0,
425,2015-01-06,37,28-297,VAN,,NYI,W,0,0,0,-1,0,0,0,0,0,0,0,0,1,0.0,18,13:42,1,2,0,0,
426,2015-01-08,38,28-299,VAN,,FLA,L,0,0,0,0,0,0,0,0,0,0,0,0,1,0.0,19,13:10,0,0,0,0,
427,2015-01-10,39,28-301,VAN,,CGY,L,0,0,0,-1,0,0,0,0,0,0,0,0,2,0.0,20,14:38,1,1,0,1,0.0
428,2015-01-13,40,28-304,VAN,@,NSH,L,0,0,0,-1,0,0,0,0,0,0,0,0,5,0.0,21,14:44,1,1,0,0,
429,2015-01-15,41,28-306,VAN,@,PHI,W,1,0,1,1,0,1,0,0,0,0,0,0,2,50.0,23,13:47,0,0,0,0,
430,2015-01-16,42,28-307,VAN,@,CAR,W,0,1,1,2,0,0,0,0,0,1,0,0,1,0.0,22,15:08,1,1,0,0,
431,2015-01-19,43,28-310,VAN,@,FLA,W,0,1,1,1,6,0,0,0,0,1,0,0,2,0.0,20,12:43,0,1,0,0,
432,2015-01-20,44,28-311,VAN,@,TBL,L,0,0,0,-1,0,0,0,0,0,0,0,0,1,0.0,16,13:20,0,0,0,0,
433,2015-01-27,45,28-318,VAN,,ANA,L,0,0,0,0,2,0,0,0,0,0,0,0,1,0.0,22,15:12,0,0,0,0,
434,2015-01-30,46,28-321,VAN,,BUF,W,0,0,0,0,0,0,0,0,0,0,0,0,1,0.0,18,12:26,0,0,0,0,
435,2015-02-01,47,28-323,VAN,,MIN,L,0,0,0,-1,0,0,0,0,0,0,0,0,2,0.0,18,16:26,2,0,0,0,
436,2015-02-03,48,28-325,VAN,,WPG,W,0,0,0,0,0,0,0,0,0,0,0,0,2,0.0,19,15:05,0,0,0,0,
437,2015-02-05,49,28-327,VAN,,SJS,L,0,0,0,-1,0,0,0,0,0,0,0,0,0,,20,15:24,0,0,0,0,
438,2015-02-07,50,28-329,VAN,,PIT,W,0,0,0,1,0,0,0,0,0,0,0,0,1,0.0,25,16:07,1,0,0,0,
439,2015-02-09,51,28-331,VAN,@,MIN,L,0,0,0,0,0,0,0,0,0,0,0,0,3,0.0,23,15:13,1,1,0,0,
440,2015-02-11,52,28-333,VAN,@,CHI,W,0,0,0,-1,0,0,0,0,0,0,0,0,2,0.0,25,15:58,2,0,0,0,
441,2015-02-13,53,28-335,VAN,,BOS,W,1,0,1,0,0,1,0,0,0,0,0,0,1,100.0,21,15:10,0,1,0,0,
442,2015-02-14,54,28-336,VAN,@,CGY,L,0,1,1,-1,0,0,0,0,0,1,0,0,3,0.0,23,13:03,0,0,0,0,
443,2015-02-16,55,28-338,VAN,,MIN,W,0,1,1,1,0,0,0,0,0,1,0,0,2,0.0,21,16:29,2,1,0,0,
444,2015-02-19,56,28-341,VAN,@,NYR,W,0,2,2,1,2,0,0,0,0,2,0,0,4,0.0,27,16:48,0,0,0,0,
445,2015-02-20,57,28-342,VAN,@,NJD,L,0,0,0,-2,0,0,0,0,0,0,0,0,2,0.0,20,14:30,0,0,0,0,
446,2015-02-22,58,28-344,VAN,@,NYI,W,0,1,1,1,0,0,0,0,0,1,0,0,3,0.0,21,15:03,3,0,0,0,
447,2015-02-24,59,28-346,VAN,@,BOS,W,0,1,1,1,0,0,0,0,0,1,0,0,3,0.0,22,15:08,0,2,0,0,
448,2015-02-26,60,28-348,VAN,@,BUF,L,1,0,1,-1,0,1,0,0,0,0,0,0,2,50.0,20,14:37,1,0,0,0,
449,2015-03-01,61,28-351,VAN,,STL,W,1,0,1,1,0,1,0,0,0,0,0,0,4,25.0,25,16:10,2,1,0,0,
450,2015-03-03,62,28-353,VAN,,SJS,L,0,0,0,-1,0,0,0,0,0,0,0,0,0,,21,15:19,1,0,0,0,
451,2015-03-05,63,28-355,VAN,@,ARI,L-SO,0,1,1,-1,0,0,0,0,0,1,0,0,1,0.0,21,15:15,2,0,0,0,
452,2015-03-07,64,28-357,VAN,@,SJS,W,0,0,0,1,5,0,0,0,0,0,0,0,2,0.0,21,14:33,2,0,0,0,
453,2015-03-09,65,28-359,VAN,,ANA,W,0,1,1,1,0,0,0,0,0,1,0,0,0,,21,14:09,0,0,0,0,
454,2015-03-12,66,28-362,VAN,,LAK,L,0,0,0,0,0,0,0,0,0,0,0,0,1,0.0,22,15:57,1,1,0,0,
455,2015-03-14,67,28-364,VAN,,TOR,W,1,0,1,1,2,1,0,0,0,0,0,0,3,33.3,23,15:14,2,1,0,0,
456,2015-03-17,68,29-002,VAN,,PHI,W,0,0,0,0,0,0,0,0,0,0,0,0,5,0.0,18,14:45,0,0,0,0,
457,2015-03-19,69,29-004,VAN,,CBJ,L,0,0,0,1,0,0,0,0,0,0,0,0,3,0.0,20,16:24,0,0,0,0,
458,2015-03-21,70,29-006,VAN,@,LAK,W,0,0,0,0,4,0,0,0,0,0,0,0,3,0.0,21,14:30,2,0,0,0,
459,2015-03-22,71,29-007,VAN,@,ARI,W,0,0,0,0,0,0,0,0,0,0,0,0,2,0.0,19,12:07,0,0,0,0,
460,2015-03-24,72,29-009,VAN,,WPG,W,0,0,0,0,0,0,0,0,0,0,0,0,0,,22,15:41,0,0,0,0,
461,2015-03-26,73,29-011,VAN,,COL,L,0,0,0,-2,0,0,0,0,0,0,0,0,2,0.0,19,12:26,0,0,0,0,
462,2015-03-28,74,29-013,VAN,,DAL,L-OT,0,0,0,-1,0,0,0,0,0,0,0,0,1,0.0,30,18:56,1,0,0,0,
463,2015-03-30,75,29-015,VAN,@,STL,W,0,0,0,0,0,0,0,0,0,0,0,0,4,0.0,22,16:02,2,0,0,0,
464,2015-03-31,76,29-016,VAN,@,NSH,W,1,0,1,0,0,1,0,0,0,0,0,0,3,33.3,22,16:11,2,0,0,0,
465,2015-04-02,77,29-018,VAN,@,CHI,L,0,0,0,-2,0,0,0,0,0,0,0,0,4,0.0,21,14:38,0,0,0,0,
466,2015-04-04,78,29-020,VAN,@,WPG,L,0,0,0,-2,0,0,0,0,0,0,0,0,3,0.0,21,13:13,0,0,0,0,
467,2015-04-06,79,29-022,VAN,,LAK,W,0,0,0,0,0,0,0,0,0,0,0,0,0,,26,16:43,1,0,0,0,
468,2015-04-09,80,29-025,VAN,,ARI,W,0,1,1,1,0,0,0,0,0,1,0,0,3,0.0,21,16:50,0,1,0,0,
469,2015-04-11,81,29-027,VAN,,EDM,W,1,0,1,0,0,1,0,0,0,0,0,0,1,100.0,19,16:06,0,0,0,0,
470,2015-10-07,1,29-206,VAN,@,CGY,W,1,0,1,2,0,1,0,0,0,0,0,0,3,33.3,23,13:40,0,0,0,0,
471,2015-10-10,2,29-209,VAN,,CGY,L-OT,0,1,1,1,0,0,0,0,0,1,0,0,1,0.0,22,12:25,1,1,0,0,
472,2015-10-12,3,29-211,VAN,@,ANA,W,0,1,1,1,0,0,0,0,0,1,0,0,2,0.0,17,14:15,0,0,0,0,
473,2015-10-13,4,29-212,VAN,@,LAK,W,0,1,1,2,0,0,0,0,0,1,0,0,2,0.0,23,16:21,0,1,0,0,
474,2015-10-16,5,29-215,VAN,,STL,L,0,0,0,-1,0,0,0,0,0,0,0,0,4,0.0,17,15:14,1,0,0,0,
475,2015-10-18,6,29-217,VAN,,EDM,L-OT,0,0,0,0,0,0,0,0,0,0,0,0,1,0.0,23,17:17,2,0,0,0,
476,2015-10-22,7,29-221,VAN,,WSH,L,0,0,0,0,2,0,0,0,0,0,0,0,1,0.0,22,14:46,2,0,0,0,
477,2015-10-24,8,29-223,VAN,,DET,L-OT,0,0,0,-1,0,0,0,0,0,0,0,0,2,0.0,19,14:42,1,0,0,0,
478,2015-10-27,9,29-226,VAN,,MTL,W,0,0,0,1,0,0,0,0,0,0,0,0,3,0.0,22,15:04,0,0,0,0,
479,2015-10-29,10,29-228,VAN,@,DAL,L-OT,0,0,0,-2,0,0,0,0,0,0,0,0,2,0.0,20,12:47,0,1,0,0,
480,2015-10-30,11,29-229,VAN,@,ARI,W,0,0,0,1,0,0,0,0,0,0,0,0,1,0.0,20,13:58,0,1,0,0,
481,2015-11-02,12,29-232,VAN,,PHI,W,1,0,1,2,0,1,0,0,0,0,0,0,1,100.0,22,15:44,0,0,0,0,
482,2015-11-04,13,29-234,VAN,,PIT,L,1,0,1,1,0,1,0,0,0,0,0,0,2,50.0,20,14:10,1,0,0,0,
483,2015-11-07,14,29-237,VAN,@,BUF,L,0,0,0,0,2,0,0,0,0,0,0,0,0,,21,16:09,0,0,0,0,
484,2015-11-08,15,29-238,VAN,@,NJD,L-OT,0,0,0,-2,0,0,0,0,0,0,0,0,0,,27,15:43,0,0,0,0,
485,2015-11-10,16,29-240,VAN,@,CBJ,W,1,3,4,5,0,1,0,0,0,3,0,0,1,100.0,23,14:48,0,0,0,0,
486,2015-11-12,17,29-242,VAN,@,OTT,L,0,0,0,0,0,0,0,0,0,0,0,0,2,0.0,24,17:39,0,2,0,0,
487,2015-11-14,18,29-244,VAN,@,TOR,L,1,0,1,0,0,1,0,0,0,0,0,0,5,20.0,26,21:32,0,1,0,0,
488,2015-11-16,19,29-246,VAN,@,MTL,L-OT,0,0,0,-1,2,0,0,0,0,0,0,0,2,0.0,26,19:42,1,1,0,0,
489,2015-11-18,20,29-248,VAN,@,WPG,L,0,0,0,-1,2,0,0,0,0,0,0,0,3,0.0,25,18:20,0,0,0,0,
490,2015-11-21,21,29-251,VAN,,CHI,W,1,1,2,3,0,1,0,0,0,1,0,0,1,100.0,23,18:07,0,0,0,0,
491,2015-11-22,22,29-252,VAN,,NJD,L,0,0,0,-1,0,0,0,0,0,0,0,0,2,0.0,19,17:19,0,1,1,0,100.0
492,2015-11-25,23,29-255,VAN,@,MIN,W,1,0,1,0,0,1,0,0,1,0,0,0,4,25.0,21,15:53,0,0,0,0,
493,2015-11-27,24,29-257,VAN,@,DAL,L-SO,0,1,1,1,0,0,0,0,0,1,0,0,3,0.0,23,15:51,0,1,0,0,
494,2015-11-30,25,29-260,VAN,@,ANA,L,0,0,0,0,2,0,0,0,0,0,0,0,0,,19,13:09,2,0,0,0,
495,2015-12-01,26,29-261,VAN,@,LAK,L-OT,0,0,0,0,0,0,0,0,0,0,0,0,1,0.0,25,17:29,1,0,0,1,0.0
496,2015-12-03,27,29-263,VAN,,DAL,L,1,0,1,0,0,1,0,0,0,0,0,0,3,33.3,26,19:48,0,0,0,0,
497,2015-12-05,28,29-265,VAN,,BOS,L,0,0,0,-1,0,0,0,0,0,0,0,0,0,,21,16:39,0,1,0,0,
498,2015-12-07,29,29-267,VAN,,BUF,W,0,0,0,-2,0,0,0,0,0,0,0,0,0,,18,15:25,0,,,,
499,2015-12-09,30,29-269,VAN,,NYR,W,0,0,0,1,0,0,0,0,0,0,0,0,0,,21,15:02,0,1,0,1,0.0
500,2015-12-13,31,29-273,VAN,@,CHI,L,0,0,0,-1,2,0,0,0,0,0,0,0,1,0.0,20,15:28,4,0,0,0,
501,2015-12-15,32,29-275,VAN,@,MIN,L,1,0,1,1,0,1,0,0,0,0,0,0,5,20.0,23,16:53,1,0,0,0,
502,2015-12-17,33,29-277,VAN,@,PHI,L,0,0,0,-1,2,0,0,0,0,0,0,0,0,,20,13:33,0,0,0,1,0.0
503,2015-12-18,34,29-278,VAN,@,DET,W,0,1,1,0,0,0,0,0,0,1,0,0,3,0.0,22,18:14,0,0,0,0,
504,2015-12-20,35,29-280,VAN,@,FLA,L-SO,1,1,2,1,2,1,0,0,0,1,0,0,1,100.0,24,17:31,1,0,0,1,0.0
505,2015-12-22,36,29-282,VAN,@,TBL,W,0,0,0,0,2,0,0,0,0,0,0,0,3,0.0,24,15:01,0,0,0,0,
506,2015-12-26,37,29-286,VAN,,EDM,W,2,0,2,2,0,2,0,0,1,0,0,0,4,50.0,27,20:09,0,0,2,2,50.0
507,2015-12-28,38,29-288,VAN,,LAK,L,0,0,0,0,0,0,0,0,0,0,0,0,0,,25,19:38,0,0,0,8,0.0
508,2016-01-01,39,29-292,VAN,,ANA,W,0,0,0,0,0,0,0,0,0,0,0,0,3,0.0,25,17:59,1,0,0,0,
509,2016-01-04,40,29-295,VAN,,ARI,L,0,0,0,0,0,0,0,0,0,0,0,0,2,0.0,22,16:11,0,0,0,0,
510,2016-01-06,41,29-297,VAN,,CAR,W,0,0,0,0,0,0,0,0,0,0,0,0,0,,18,13:25,0,0,0,0,
511,2016-01-17,42,29-308,VAN,@,NYI,W,0,0,0,1,0,0,0,0,0,0,0,0,2,0.0,23,17:33,3,0,0,0,
512,2016-01-19,43,29-310,VAN,@,NYR,L-OT,0,0,0,0,0,0,0,0,0,0,0,0,0,,20,15:51,0,0,0,0,
513,2016-01-21,44,29-312,VAN,@,BOS,W,0,1,1,0,0,0,0,0,0,1,0,0,0,,22,14:13,0,0,0,0,
514,2016-01-23,45,29-314,VAN,@,PIT,L,3,0,3,3,0,2,0,1,0,0,0,0,7,42.9,25,16:25,0,0,0,0,
515,2016-01-26,46,29-317,VAN,,NSH,L,0,0,0,1,0,0,0,0,0,0,0,0,1,0.0,24,18:48,1,0,0,0,
516,2016-02-04,47,29-326,VAN,,CBJ,L-SO,0,0,0,0,0,0,0,0,0,0,0,0,1,0.0,23,16:40,0,2,1,0,100.0
517,2016-02-06,48,29-328,VAN,,CGY,L,0,0,0,-1,0,0,0,0,0,0,0,0,4,0.0,23,19:53,0,0,0,0,
518,2016-02-09,49,29-331,VAN,@,COL,W,0,0,0,0,0,0,0,0,0,0,0,0,0,,20,17:38,1,1,1,0,100.0
519,2016-02-10,50,29-332,VAN,@,ARI,W,1,0,1,1,0,1,0,0,1,0,0,0,2,50.0,22,16:36,3,0,0,0,
520,2016-02-13,51,29-335,VAN,,TOR,L,0,1,1,1,2,0,0,0,0,1,0,0,1,0.0,19,11:46,1,0,0,0,
521,2016-02-15,52,29-337,VAN,,MIN,L,0,0,0,0,2,0,0,0,0,0,0,0,1,0.0,22,17:05,0,0,0,1,0.0
522,2016-02-18,53,29-340,VAN,,ANA,L,1,0,1,-1,0,1,0,0,0,0,0,0,3,33.3,21,15:16,1,0,0,0,
523,2016-02-19,54,29-341,VAN,@,CGY,L,0,1,1,0,0,0,0,0,0,1,0,0,0,,25,18:40,0,1,1,0,100.0
524,2016-02-21,55,29-343,VAN,,COL,W,2,0,2,3,0,2,0,0,1,0,0,0,3,66.7,24,15:34,1,0,0,0,
525,2016-02-25,56,29-347,VAN,,OTT,W,0,0,0,0,0,0,0,0,0,0,0,0,1,0.0,21,16:17,1,0,0,0,
526,2016-02-28,57,29-350,VAN,,SJS,L,0,0,0,-2,0,0,0,0,0,0,0,0,1,0.0,24,18:28,0,0,0,0,
527,2016-03-24,58,30-009,VAN,@,NSH,L-SO,0,0,0,0,0,0,0,0,0,0,0,0,1,0.0,24,16:04,2,2,0,0,
528,2016-03-25,59,30-010,VAN,@,STL,L,0,0,0,0,2,0,0,0,0,0,0,0,1,0.0,20,16:41,1,0,0,0,
529,2016-03-27,60,30-012,VAN,,CHI,L,0,0,0,-1,0,0,0,0,0,0,0,0,1,0.0,25,18:47,2,0,0,0,
530,2016-03-29,61,30-014,VAN,,SJS,L,0,0,0,-2,0,0,0,0,0,0,0,0,1,0.0,23,18:32,0,0,0,0,
531,2016-03-31,62,30-016,VAN,@,SJS,W,1,1,2,2,2,1,0,0,1,1,0,0,2,50.0,22,14:24,0,0,0,0,
532,2016-04-01,63,30-017,VAN,@,ANA,W,0,2,2,1,0,0,0,0,0,2,0,0,2,0.0,24,18:35,1,1,0,0,
533,2016-04-04,64,30-020,VAN,,LAK,W,1,0,1,-1,2,0,1,0,0,0,0,0,1,100.0,23,15:58,1,0,0,0,
534,2016-04-06,65,30-022,VAN,@,EDM,L,0,0,0,0,0,0,0,0,0,0,0,0,3,0.0,23,18:45,0,0,0,0,
535,2016-04-07,66,30-023,VAN,@,CGY,L,0,0,0,0,4,0,0,0,0,0,0,0,1,0.0,21,16:06,1,0,0,0,
536,2016-04-09,67,30-025,VAN,,EDM,W,1,0,1,0,0,1,0,0,0,0,0,0,3,33.3,23,17:30,0,0,0,0,
537,2016-10-15,1,30-214,VAN,,CGY,W,0,0,0,0,0,0,0,0,0,0,0,0,1,0.0,25,17:55,0,0,0,0,
538,2016-10-16,2,30-215,VAN,,CAR,W,0,1,1,1,0,0,0,0,0,1,0,0,5,0.0,22,15:05,0,0,0,0,
539,2016-10-18,3,30-217,VAN,,STL,W,0,0,0,0,2,0,0,0,0,0,0,0,0,,20,15:32,0,0,0,0,
540,2016-10-20,4,30-219,VAN,,BUF,W,1,0,1,1,0,1,0,0,0,0,0,0,2,50.0,23,16:09,1,0,0,0,
541,2016-10-22,5,30-221,VAN,@,LAK,L-SO,0,1,1,1,0,0,0,0,0,1,0,0,1,0.0,26,17:45,1,0,0,0,
542,2016-10-23,6,30-222,VAN,@,ANA,L,0,0,0,-2,0,0,0,0,0,0,0,0,0,,23,18:32,1,0,0,0,
543,2016-10-25,7,30-224,VAN,,OTT,L,0,0,0,0,0,0,0,0,0,0,0,0,0,,22,16:12,1,0,0,0,
544,2016-10-28,8,30-227,VAN,,EDM,L,0,0,0,-2,0,0,0,0,0,0,0,0,2,0.0,25,17:58,3,1,0,0,
545,2016-10-29,9,30-228,VAN,,WSH,L,1,0,1,1,0,1,0,0,0,0,0,0,1,100.0,21,17:35,3,0,0,0,
546,2016-11-02,10,30-232,VAN,@,MTL,L,0,0,0,-3,0,0,0,0,0,0,0,0,3,0.0,21,16:07,1,0,0,0,
547,2016-11-03,11,30-233,VAN,@,OTT,L,0,0,0,0,0,0,0,0,0,0,0,0,5,0.0,23,16:44,1,1,0,0,
548,2016-11-05,12,30-235,VAN,@,TOR,L,0,2,2,2,19,0,0,0,0,2,0,0,1,0.0,20,13:54,1,0,0,0,
549,2016-12-11,13,30-271,VAN,@,WSH,L,0,0,0,-1,0,0,0,0,0,0,0,0,0,,19,16:34,1,0,0,0,
550,2016-12-13,14,30-273,VAN,@,CAR,L,0,0,0,-2,0,0,0,0,0,0,0,0,1,0.0,23,19:22,0,0,0,0,
551,2016-12-16,15,30-276,VAN,,TBL,W,0,0,0,0,2,0,0,0,0,0,0,0,1,0.0,23,15:49,0,0,0,0,
552,2016-12-18,16,30-278,VAN,,CBJ,L-OT,1,0,1,2,0,1,0,0,0,0,0,0,1,100.0,23,16:11,0,1,0,0,
553,2016-12-20,17,30-280,VAN,,WPG,W,2,0,2,2,0,2,0,0,1,0,0,0,3,66.7,22,16:04,2,0,0,0,
554,2016-12-22,18,30-282,VAN,,WPG,L,0,0,0,0,2,0,0,0,0,0,0,0,3,0.0,14,7:55,2,0,0,0,
555,2017-02-04,19,30-326,VAN,,MIN,L,0,1,1,-2,0,0,0,0,0,1,0,0,5,0.0,22,16:26,1,0,0,0,
556,2017-02-07,20,30-329,VAN,@,NSH,L,0,0,0,-1,0,0,0,0,0,0,0,0,3,0.0,25,16:48,0,0,0,0,
557,2017-02-09,21,30-331,VAN,@,CBJ,W,0,0,0,0,2,0,0,0,0,0,0,0,3,0.0,24,17:18,0,1,0,0,
558,2017-02-11,22,30-333,VAN,@,BOS,L,0,2,2,2,0,0,0,0,0,2,0,0,3,0.0,26,17:29,0,1,0,0,
559,2017-02-12,23,30-334,VAN,@,BUF,W,0,0,0,2,0,0,0,0,0,0,0,0,0,,22,15:16,0,1,0,0,
560,2017-02-14,24,30-336,VAN,@,PIT,L,0,0,0,-1,0,0,0,0,0,0,0,0,3,0.0,24,17:02,1,0,0,0,
561,2017-02-16,25,30-338,VAN,@,STL,L,0,0,0,1,0,0,0,0,0,0,0,0,0,,26,16:57,0,0,0,0,
562,2017-02-18,26,30-340,VAN,,CGY,W,0,0,0,0,0,0,0,0,0,0,0,0,3,0.0,23,14:40,0,0,0,0,
563,2017-02-19,27,30-341,VAN,,PHI,L,1,0,1,1,0,1,0,0,0,0,0,0,3,33.3,24,17:28,0,0,0,0,
564,2017-02-25,28,30-347,VAN,,SJS,L,0,0,0,0,0,0,0,0,0,0,0,0,3,0.0,27,16:52,0,2,0,0,
565,2017-03-09,29,30-359,SJS,,WSH,W,0,1,1,0,0,0,0,0,0,1,0,0,1,0.0,25,16:36,5,1,0,0,
566,2017-03-11,30,30-361,SJS,,NSH,L,0,0,0,1,2,0,0,0,0,0,0,0,2,0.0,20,15:17,0,0,0,0,
567,2017-03-12,31,30-362,SJS,,DAL,W,0,0,0,2,0,0,0,0,0,0,0,0,0,,22,13:21,4,0,0,0,
568,2017-03-14,32,30-364,SJS,,BUF,W,0,0,0,0,0,0,0,0,0,0,0,0,2,0.0,19,14:24,1,0,0,0,
569,2017-03-16,33,31-001,SJS,,STL,L,0,0,0,-2,0,0,0,0,0,0,0,0,0,,23,16:02,4,1,0,0,
570,2017-03-18,34,31-003,SJS,,ANA,L,0,0,0,-2,0,0,0,0,0,0,0,0,0,,19,12:44,2,0,0,0,
571,2017-03-24,35,31-009,SJS,@,DAL,L,0,0,0,-2,0,0,0,0,0,0,0,0,1,0.0,23,14:38,0,1,0,0,
572,2017-03-25,36,31-010,SJS,@,NSH,L,0,0,0,-1,0,0,0,0,0,0,0,0,0,,25,16:27,1,1,0,0,
573,2017-03-28,37,31-013,SJS,,NYR,W,1,1,2,2,0,1,0,0,0,1,0,0,2,50.0,23,16:33,1,2,0,0,
574,2017-03-30,38,31-015,SJS,@,EDM,L,1,1,2,1,5,1,0,0,0,1,0,0,2,50.0,22,14:08,1,0,0,0,
575,2017-03-31,39,31-016,SJS,@,CGY,L,0,0,0,-2,0,0,0,0,0,0,0,0,2,0.0,23,16:15,3,0,0,0,
576,2017-04-02,40,31-018,SJS,@,VAN,W,0,1,1,2,0,0,0,0,0,1,0,0,3,0.0,22,15:49,0,0,0,1,0.0
577,2017-04-04,41,31-020,SJS,,VAN,W,0,0,0,-1,0,0,0,0,0,0,0,0,1,0.0,26,17:09,0,0,0,0,
578,2017-04-06,42,31-022,SJS,,EDM,L,0,0,0,0,0,0,0,0,0,0,0,0,1,0.0,23,16:14,1,0,0,0,
579,2017-04-08,43,31-024,SJS,,CGY,W,0,1,1,2,0,0,0,0,0,1,0,0,0,,23,16:58,0,1,0,0,
580,2017-10-04,1,31-203,SJS,,PHI,L,0,0,0,0,0,0,0,0,0,0,0,0,2,0.0,21,15:38,1,0,1,0,100.0
581,2017-10-07,2,31-206,SJS,,LAK,L,0,0,0,0,0,0,0,0,0,0,0,0,1,0.0,25,14:56,1,0,1,0,100.0
582,2017-10-12,3,31-211,SJS,,BUF,W,0,0,0,-1,0,0,0,0,0,0,0,0,0,,20,12:14,0,0,1,0,100.0
583,2017-10-14,4,31-213,SJS,,NYI,L,0,0,0,-1,0,0,0,0,0,0,0,0,3,0.0,18,13:19,1,0,0,0,
584,2017-10-17,5,31-216,SJS,,MTL,W,0,0,0,0,2,0,0,0,0,0,0,0,2,0.0,19,12:05,1,0,0,0,
585,2017-10-20,6,31-219,SJS,@,NJD,W,0,0,0,1,2,0,0,0,0,0,0,0,0,,22,10:59,0,0,0,0,
586,2017-10-21,7,31-220,SJS,@,NYI,L,0,1,1,1,0,0,0,0,0,1,0,0,1,0.0,18,13:25,0,0,0,0,
587,2017-11-08,8,31-238,SJS,,TBL,L,0,0,0,0,0,0,0,0,0,0,0,0,1,0.0,17,12:04,1,0,0,0,
588,2017-11-11,9,31-241,SJS,,VAN,W,0,0,0,0,0,0,0,0,0,0,0,0,1,0.0,19,13:25,2,0,0,0,
589,2017-11-18,10,31-248,SJS,,BOS,L,0,0,0,0,2,0,0,0,0,0,0,0,2,0.0,18,13:25,0,1,0,0,
590,2017-11-20,11,31-250,SJS,,ANA,L-SO,0,0,0,0,0,0,0,0,0,0,0,0,0,,16,12:49,0,0,0,1,0.0
591,2017-11-24,12,31-254,SJS,@,VEG,L-OT,0,0,0,1,0,0,0,0,0,0,0,0,1,0.0,22,12:57,2,0,0,0,
592,2017-11-25,13,31-255,SJS,,WPG,W,0,0,0,0,0,0,0,0,0,0,0,0,3,0.0,21,15:42,1,2,0,0,
593,2017-11-28,14,31-258,SJS,@,PHI,W,0,0,0,1,0,0,0,0,0,0,0,0,4,0.0,18,12:27,0,0,0,0,
594,2017-12-01,15,31-261,SJS,@,FLA,W,0,0,0,-1,0,0,0,0,0,0,0,0,1,0.0,19,14:13,2,0,1,0,100.0
595,2017-12-02,16,31-262,SJS,@,TBL,L,0,0,0,-1,0,0,0,0,0,0,0,0,0,,24,15:08,0,0,1,1,50.0
596,2017-12-04,17,31-264,SJS,@,WSH,L,0,0,0,-1,0,0,0,0,0,0,0,0,3,0.0,15,11:03,0,0,0,0,
597,2017-12-07,18,31-267,SJS,,CAR,W,0,1,1,-1,0,0,0,0,0,0,0,1,0,,14,10:45,1,1,0,0,
598,2017-12-09,19,31-269,SJS,,OTT,W,0,0,0,0,2,0,0,0,0,0,0,0,0,,17,12:05,1,0,0,0,
599,2017-12-10,20,31-270,SJS,,MIN,L-OT,0,0,0,0,0,0,0,0,0,0,0,0,1,0.0,15,9:05,2,1,0,0,
600,2017-12-14,21,31-274,SJS,@,CGY,W,0,0,0,-1,0,0,0,0,0,0,0,0,0,,17,11:02,0,1,0,0,
601,2017-12-15,22,31-275,SJS,@,VAN,L-OT,0,1,1,0,2,0,0,0,0,1,0,0,1,0.0,15,11:43,1,0,1,0,100.0
602,2017-12-21,23,31-281,SJS,,VAN,W,0,0,0,0,5,0,0,0,0,0,0,0,1,0.0,21,14:22,2,1,0,1,0.0
603,2017-12-23,24,31-283,SJS,,LAK,W,0,0,0,0,0,0,0,0,0,0,0,0,1,0.0,16,11:43,1,0,0,0,
604,2017-12-28,25,31-288,SJS,,CGY,W,0,0,0,0,0,0,0,0,0,0,0,0,1,0.0,21,15:43,2,2,0,0,
605,2018-01-05,26,31-296,SJS,@,OTT,L-OT,0,1,1,0,0,0,0,0,0,1,0,0,0,,17,9:00,0,0,0,0,
606,2018-01-21,27,31-312,SJS,@,ANA,W,0,0,0,0,0,0,0,0,0,0,0,0,0,,15,11:15,0,1,1,0,100.0
607,2018-01-23,28,31-314,SJS,,WPG,L-OT,0,0,0,0,0,0,0,0,0,0,0,0,0,,10,9:06,2,0,0,0,
608,2018-02-10,29,31-332,SJS,,EDM,W,0,1,1,0,0,0,0,0,0,1,0,0,1,0.0,17,11:13,0,0,0,0,
609,2018-02-11,30,31-333,SJS,@,ANA,W,0,0,0,0,0,0,0,0,0,0,0,0,3,0.0,23,13:28,1,2,0,0,
610,2018-02-13,31,31-335,SJS,,ARI,L,0,0,0,1,0,0,0,0,0,0,0,0,3,0.0,16,10:40,0,1,0,0,
611,2018-02-15,32,31-337,SJS,,VAN,W,0,0,0,2,0,0,0,0,0,0,0,0,0,,21,15:29,2,1,0,0,
612,2018-02-18,33,31-340,SJS,,DAL,W,0,1,1,0,0,0,0,0,0,1,0,0,0,,21,12:08,0,0,0,1,0.0
613,2018-02-20,34,31-342,SJS,@,STL,W,0,1,1,1,0,0,0,0,0,1,0,0,2,0.0,20,14:33,1,0,0,0,
614,2018-02-22,35,31-344,SJS,@,NSH,L,0,0,0,-3,0,0,0,0,0,0,0,0,3,0.0,14,9:10,0,0,1,0,100.0
615,2018-02-23,36,31-345,SJS,@,CHI,L,0,0,0,-1,0,0,0,0,0,0,0,0,1,0.0,17,11:26,2,0,0,0,
616,2018-02-25,37,31-347,SJS,@,MIN,L-OT,0,1,1,1,0,0,0,0,0,1,0,0,3,0.0,18,11:51,0,0,0,0,
617,2018-03-16,38,32-001,SJS,@,CGY,W,0,1,1,1,0,0,0,0,0,1,0,0,2,0.0,19,13:16,0,0,0,0,
618,2018-03-17,39,32-002,SJS,@,VAN,W,0,0,0,0,0,0,0,0,0,0,0,0,1,0.0,16,12:06,0,1,0,0,
619,2018-03-20,40,32-005,SJS,,NJD,W,1,0,1,3,0,1,0,0,1,0,0,0,1,100.0,15,9:55,2,0,0,0,
620,2018-03-22,41,32-007,SJS,,VEG,W,0,1,1,1,0,0,0,0,0,1,0,0,1,0.0,13,10:50,3,3,0,0,
621,2018-03-24,42,32-009,SJS,,CGY,W,1,0,1,0,0,1,0,0,1,0,0,0,2,50.0,15,9:10,0,0,0,0,
622,2018-03-26,43,32-011,SJS,@,CHI,W,0,1,1,1,0,0,0,0,0,1,0,0,0,,16,10:19,1,0,0,0,
623,2018-03-27,44,32-012,SJS,@,STL,L-OT,0,0,0,-1,0,0,0,0,0,0,0,0,0,,14,10:06,0,1,0,0,
624,2018-03-29,45,32-014,SJS,@,NSH,L,0,1,1,0,0,0,0,0,0,1,0,0,1,0.0,13,7:15,1,0,0,0,
625,2018-04-05,46,32-021,SJS,,COL,W,0,0,0,-1,0,0,0,0,0,0,0,0,0,,13,9:20,1,0,0,0,
