,date_game,game_season,age,team_id,game_location,opp_id,game_result,goals,assists,points,plus_minus,pen_min,goals_ev,goals_pp,goals_sh,goals_gw,assists_ev,assists_pp,assists_sh,shots,shot_pct,shifts,time_on_ice,hits_all,blocks_all,faceoff_wins_all,faceoff_losses_all,faceoff_percentage_all
0,2009-10-03,1,18-289,TBL,@,ATL,L,0,1,1,-2,0,0,0,0,0,,,,5,0.0,35,26:27,1,1,0,0,
1,2009-10-06,2,18-292,TBL,@,CAR,L-SO,0,0,0,0,2,0,0,0,0,,,,0,,28,24:16,0,2,0,0,
2,2009-10-08,3,18-294,TBL,,NJD,L-SO,0,2,2,2,2,0,0,0,0,,,,3,0.0,34,26:58,0,0,0,0,
3,2009-10-10,4,18-296,TBL,,CAR,W,0,0,0,2,2,0,0,0,0,,,,3,0.0,27,26:13,2,0,0,0,
4,2009-10-12,5,18-298,TBL,,FLA,W,0,1,1,0,2,0,0,0,0,,,,3,0.0,27,24:30,1,1,0,0,
5,2009-10-15,6,18-301,TBL,@,OTT,L,0,0,0,-2,0,0,0,0,0,,,,1,0.0,25,20:52,0,1,0,0,
6,2009-10-17,7,18-303,TBL,@,PIT,L,0,0,0,-1,2,0,0,0,0,,,,1,0.0,31,23:15,1,1,0,0,
7,2009-10-22,8,18-308,TBL,,SJS,W,0,0,0,2,0,0,0,0,0,,,,1,0.0,28,24:03,2,3,0,0,
8,2009-10-24,9,18-310,TBL,,BUF,L-SO,0,0,0,0,0,0,0,0,0,,,,2,0.0,31,28:19,1,1,0,0,
9,2009-10-29,10,18-315,TBL,,OTT,W,0,0,0,0,2,0,0,0,0,,,,2,0.0,27,23:53,0,2,0,0,
10,2009-10-31,11,18-317,TBL,,NJD,L-SO,0,0,0,-1,0,0,0,0,0,,,,0,,27,26:24,1,4,0,0,
11,2009-11-02,12,18-319,TBL,@,PHI,L,0,0,0,-1,4,0,0,0,0,,,,0,,25,19:56,1,1,0,0,
12,2009-11-03,13,18-320,TBL,@,TOR,W,0,0,0,2,4,0,0,0,0,,,,1,0.0,34,25:46,1,4,0,0,
13,2009-11-05,14,18-322,TBL,@,OTT,L-OT,0,0,0,0,0,0,0,0,0,,,,0,,17,15:17,0,2,0,0,
14,2009-11-12,15,18-329,TBL,,MIN,W,0,0,0,0,0,0,0,0,0,,,,1,0.0,29,24:02,0,0,0,0,
15,2009-11-14,16,18-331,TBL,,LAK,L-SO,0,0,0,0,0,0,0,0,0,,,,3,0.0,29,26:13,1,2,0,0,
16,2009-11-16,17,18-333,TBL,@,PHX,W,0,0,0,0,0,0,0,0,0,,,,0,,28,21:10,2,1,0,0,
17,2009-11-19,18,18-336,TBL,@,ANA,L-OT,0,1,1,1,0,0,0,0,0,,,,0,,32,24:22,1,0,0,0,
18,2009-11-21,19,18-338,TBL,@,CAR,L,0,0,0,-2,0,0,0,0,0,,,,0,,36,22:45,0,0,0,0,
19,2009-11-22,20,18-339,TBL,@,ATL,W,0,0,0,1,0,0,0,0,0,,,,3,0.0,29,20:25,1,1,0,0,
20,2009-11-25,21,18-342,TBL,,TOR,L,0,0,0,-1,2,0,0,0,0,,,,0,,23,17:01,0,0,0,0,
21,2009-11-27,22,18-344,TBL,,NYR,W,0,1,1,1,0,0,0,0,0,,,,1,0.0,30,21:33,0,1,0,0,
22,2009-11-28,23,18-345,TBL,@,DAL,L-OT,0,1,1,0,0,0,0,0,0,,,,2,0.0,29,21:21,2,1,0,0,
23,2009-11-30,24,18-347,TBL,,COL,L,0,0,0,0,0,0,0,0,0,,,,1,0.0,28,17:01,0,0,0,0,
24,2009-12-02,25,18-349,TBL,@,BOS,L,0,0,0,-2,2,0,0,0,0,,,,0,,21,14:41,2,1,0,0,
25,2009-12-04,26,18-351,TBL,@,NJD,L,0,0,0,1,0,0,0,0,0,,,,0,,26,19:32,1,0,0,0,
26,2009-12-05,27,18-352,TBL,,NYI,W,1,0,1,1,2,1,0,0,0,,,,2,50.0,26,21:32,3,1,0,0,
27,2009-12-07,28,18-354,TBL,,WSH,L,0,0,0,-1,0,0,0,0,0,,,,0,,26,19:11,2,0,0,0,
28,2009-12-09,29,18-356,TBL,,EDM,L,1,0,1,0,2,1,0,0,0,,,,5,20.0,34,26:04,2,2,0,0,
29,2009-12-11,30,18-358,TBL,@,COL,L-SO,0,0,0,0,0,0,0,0,0,,,,1,0.0,35,25:31,0,0,0,0,
30,2009-12-13,31,18-360,TBL,@,CHI,L,0,0,0,-2,4,0,0,0,0,,,,1,0.0,31,19:05,0,1,0,0,
31,2009-12-15,32,18-362,TBL,@,NSH,L,0,0,0,-2,2,0,0,0,0,,,,0,,21,13:23,0,1,0,0,
32,2009-12-18,33,19-000,TBL,@,STL,W,0,1,1,1,0,0,0,0,0,,,,0,,35,24:17,0,1,0,0,
33,2009-12-21,34,19-003,TBL,@,NYI,W,0,0,0,1,2,0,0,0,0,,,,0,,29,19:47,1,4,0,0,
34,2009-12-23,35,19-005,TBL,,PHI,L,1,0,1,1,0,1,0,0,0,,,,3,33.3,29,22:22,0,3,0,0,
35,2009-12-26,36,19-008,TBL,,ATL,W,0,0,0,1,2,0,0,0,0,,,,0,,28,24:16,0,3,0,0,
36,2009-12-28,37,19-010,TBL,,BOS,W,0,0,0,1,2,0,0,0,0,,,,3,0.0,30,21:07,2,1,0,0,
37,2009-12-30,38,19-012,TBL,,MTL,L-OT,0,1,1,1,0,0,0,0,0,,,,2,0.0,27,22:27,0,2,0,0,
38,2010-01-02,39,19-015,TBL,,PIT,W,0,0,0,-1,0,0,0,0,0,,,,0,,25,22:37,1,0,0,0,
39,2010-01-06,40,19-019,TBL,@,BUF,L,1,0,1,-1,0,1,0,0,0,,,,2,50.0,28,20:48,0,1,0,0,
40,2010-01-08,41,19-021,TBL,@,NJD,W,0,0,0,0,0,0,0,0,0,,,,0,,31,23:11,0,0,0,0,
41,2010-01-09,42,19-022,TBL,@,PHI,L,0,0,0,-1,0,0,0,0,0,,,,1,0.0,32,22:54,0,1,0,0,
42,2010-01-12,43,19-025,TBL,,WSH,W,0,1,1,0,2,0,0,0,0,,,,0,,25,19:51,1,1,0,0,
43,2010-01-14,44,19-027,TBL,,FLA,L,0,0,0,-2,0,0,0,0,0,,,,3,0.0,24,20:50,1,0,0,0,
44,2010-01-16,45,19-029,TBL,@,FLA,L,0,0,0,0,0,0,0,0,0,,,,4,0.0,26,20:28,1,1,0,0,
45,2010-01-18,46,19-031,TBL,@,CAR,W,0,0,0,0,0,0,0,0,0,,,,1,0.0,23,16:35,0,1,0,0,
46,2010-01-19,47,19-032,TBL,@,NYR,L,0,0,0,-3,0,0,0,0,0,,,,0,,28,19:28,3,1,0,0,
47,2010-01-23,48,19-036,TBL,,ATL,W,0,0,0,-1,0,0,0,0,0,,,,4,0.0,30,22:29,0,2,0,0,
48,2010-01-27,49,19-040,TBL,,MTL,W,0,0,0,1,14,0,0,0,0,,,,1,0.0,22,13:44,0,1,0,0,
49,2010-01-29,50,19-042,TBL,,ANA,L-SO,0,0,0,1,2,0,0,0,0,,,,1,0.0,25,23:13,0,4,0,0,
50,2010-01-31,51,19-044,TBL,@,WSH,L,0,0,0,0,0,0,0,0,0,,,,0,,19,16:30,0,3,0,0,
51,2010-02-02,52,19-046,TBL,@,ATL,W,0,0,0,2,0,0,0,0,0,,,,0,,24,21:39,0,1,0,0,
52,2010-02-04,53,19-048,TBL,,NYI,W,0,1,1,4,2,0,0,0,0,,,,1,0.0,25,19:10,0,1,0,0,
53,2010-02-06,54,19-050,TBL,,CGY,W,0,0,0,1,0,0,0,0,0,,,,0,,28,21:21,0,,,,
54,2010-02-09,55,19-053,TBL,,VAN,W,0,0,0,2,2,0,0,0,0,,,,0,,27,18:55,0,2,0,0,
55,2010-02-11,56,19-055,TBL,,BOS,L,0,3,3,1,0,0,0,0,0,,,,5,0.0,31,23:01,1,3,0,0,
56,2010-02-13,57,19-057,TBL,@,NYI,L,0,0,0,-2,0,0,0,0,0,,,,5,0.0,28,19:38,1,1,0,0,
57,2010-02-14,58,19-058,TBL,@,NYR,L,0,0,0,-1,0,0,0,0,0,,,,0,,32,24:46,2,1,0,0,
58,2010-03-02,59,19-074,TBL,,PHI,L,0,0,0,-1,2,0,0,0,0,,,,2,0.0,27,20:12,1,1,0,0,
59,2010-03-04,60,19-076,TBL,@,WSH,L,0,0,0,-2,2,0,0,0,0,,,,0,,28,19:46,0,2,0,0,
60,2010-03-06,61,19-078,TBL,,ATL,W,0,0,0,1,0,0,0,0,0,,,,1,0.0,22,20:41,2,5,0,0,
61,2010-03-09,62,19-081,TBL,@,MTL,L,0,0,0,-2,0,0,0,0,0,,,,0,,28,20:22,0,1,0,0,
62,2010-03-11,63,19-083,TBL,@,TOR,L-OT,0,0,0,-1,0,0,0,0,0,,,,1,0.0,20,14:43,0,1,0,0,
63,2010-03-12,64,19-084,TBL,@,WSH,W,0,0,0,0,0,0,0,0,0,,,,0,,28,21:06,1,1,0,0,
64,2010-03-14,65,19-086,TBL,,PIT,L,0,1,1,1,4,0,0,0,0,,,,0,,18,15:41,0,1,0,0,
65,2010-03-16,66,19-088,TBL,,PHX,L,0,0,0,1,0,0,0,0,0,,,,0,,26,21:31,1,0,0,0,
66,2010-03-18,67,19-090,TBL,,BUF,L,0,0,0,0,2,0,0,0,0,,,,1,0.0,26,18:40,1,2,0,0,
67,2010-03-20,68,19-092,TBL,,WSH,L,0,0,0,-1,0,0,0,0,0,,,,1,0.0,22,18:34,0,0,0,0,
68,2010-03-21,69,19-093,TBL,@,FLA,L,0,0,0,1,0,0,0,0,0,,,,0,,20,14:01,3,0,0,0,
69,2010-03-23,70,19-095,TBL,,CAR,W,0,0,0,0,0,0,0,0,0,,,,3,0.0,26,21:01,2,2,0,0,
70,2010-03-25,71,19-097,TBL,@,BOS,W,0,1,1,0,0,0,0,0,0,,,,0,,35,24:39,1,3,0,0,
71,2010-03-27,72,19-099,TBL,@,BUF,L,0,0,0,-2,0,0,0,0,0,,,,3,0.0,27,20:34,0,2,0,0,
72,2010-03-30,73,19-102,TBL,@,CBJ,L,0,0,0,0,0,0,0,0,0,,,,0,,9,7:10,3,0,0,0,
73,2010-04-08,74,19-111,TBL,,OTT,W,0,0,0,0,7,0,0,0,0,,,,0,,10,7:40,0,0,0,0,
74,2010-10-09,1,19-295,TBL,,ATL,W,0,1,1,0,4,0,0,0,0,,,,2,0.0,30,22:58,0,1,0,0,
75,2010-10-13,2,19-299,TBL,@,MTL,W,0,0,0,1,0,0,0,0,0,,,,4,0.0,36,26:14,0,2,0,0,
76,2010-10-14,3,19-300,TBL,@,PHI,W,0,0,0,-1,4,0,0,0,0,,,,1,0.0,29,22:30,0,1,0,0,
77,2010-10-16,4,19-302,TBL,@,FLA,L,0,0,0,-1,0,0,0,0,0,,,,0,,29,22:46,0,1,0,0,
78,2010-10-18,5,19-304,TBL,,DAL,W,0,2,2,-1,0,0,0,0,0,,,,4,0.0,32,24:33,0,3,0,0,
79,2010-10-21,6,19-307,TBL,,NYI,L-OT,0,1,1,0,0,0,0,0,0,,,,2,0.0,30,23:28,0,1,0,0,
80,2010-10-22,7,19-308,TBL,@,ATL,W,0,1,1,1,0,0,0,0,0,,,,1,0.0,28,22:51,0,1,0,0,
81,2010-10-24,8,19-310,TBL,,NSH,L,0,1,1,-1,2,0,0,0,0,,,,3,0.0,28,22:41,0,1,0,0,
82,2010-10-27,9,19-313,TBL,,PIT,W,0,0,0,0,0,0,0,0,0,,,,0,,31,21:07,0,3,0,0,
83,2010-10-30,10,19-316,TBL,@,PHX,W,0,0,0,1,0,0,0,0,0,,,,0,,27,18:51,1,1,0,0,
84,2010-11-03,11,19-320,TBL,@,ANA,L-OT,0,0,0,0,0,0,0,0,0,,,,1,0.0,33,24:00,0,2,0,0,
85,2010-11-06,12,19-323,TBL,@,SJS,L,0,0,0,-1,2,0,0,0,0,,,,1,0.0,34,24:29,1,0,0,0,
86,2010-11-09,13,19-326,TBL,,TOR,W,0,0,0,1,2,0,0,0,0,,,,0,,28,20:17,0,2,0,0,
87,2010-11-11,14,19-328,TBL,@,WSH,L,0,0,0,0,0,0,0,0,0,,,,3,0.0,29,18:53,0,1,0,0,
88,2010-11-12,15,19-329,TBL,@,PIT,L,0,0,0,0,0,0,0,0,0,,,,0,,26,21:53,0,2,0,0,
89,2010-11-14,16,19-331,TBL,,MIN,L,0,0,0,-1,0,0,0,0,0,,,,2,0.0,25,19:10,0,2,0,0,
90,2010-11-17,17,19-334,TBL,@,NYI,W,0,0,0,0,2,0,0,0,0,,,,1,0.0,22,16:52,0,1,0,0,
91,2010-11-18,18,19-335,TBL,@,PHI,W,0,2,2,0,0,0,0,0,0,,,,2,0.0,31,20:17,1,4,0,0,
92,2010-11-20,19,19-337,TBL,@,BUF,W,0,0,0,1,0,0,0,0,0,,,,2,0.0,25,18:39,0,0,0,0,
93,2010-11-22,20,19-339,TBL,,BOS,W,0,0,0,0,0,0,0,0,0,,,,1,0.0,21,15:52,0,1,0,0,
94,2010-11-24,21,19-341,TBL,,NYR,W,1,0,1,1,2,1,0,0,0,,,,2,50.0,23,19:09,0,2,0,0,
95,2010-11-26,22,19-343,TBL,@,WSH,L,0,0,0,0,0,0,0,0,0,,,,2,0.0,27,20:17,0,1,0,0,
96,2010-11-27,23,19-344,TBL,,FLA,L-SO,0,0,0,1,2,0,0,0,0,,,,0,,28,22:19,0,1,0,0,
97,2010-11-30,24,19-347,TBL,@,TOR,W,0,0,0,2,2,0,0,0,0,,,,1,0.0,26,19:50,1,2,0,0,
98,2010-12-02,25,19-349,TBL,@,BOS,L,1,0,1,-2,2,1,0,0,0,,,,2,50.0,23,16:23,0,1,0,0,
99,2010-12-04,26,19-351,TBL,,COL,W,0,1,1,2,2,0,0,0,0,,,,0,,26,19:39,1,0,0,0,
100,2010-12-07,27,19-354,TBL,@,CGY,L,0,1,1,0,0,0,0,0,0,,,,2,0.0,30,23:49,0,1,0,0,
101,2010-12-10,28,19-357,TBL,@,EDM,L-SO,0,0,0,-1,0,0,0,0,0,,,,0,,24,16:40,1,2,0,0,
102,2010-12-11,29,19-358,TBL,@,VAN,W,0,0,0,-1,2,0,0,0,0,,,,0,,27,17:40,1,0,0,0,
103,2010-12-15,30,19-362,TBL,,ATL,W,0,0,0,0,2,0,0,0,0,,,,3,0.0,29,23:06,0,0,0,0,
104,2010-12-18,31,20-000,TBL,,BUF,W,0,0,0,1,0,0,0,0,0,,,,0,,24,20:35,2,0,0,0,
105,2010-12-20,32,20-002,TBL,,CAR,W,0,1,1,2,2,0,0,0,0,,,,0,,27,20:39,1,1,0,0,
106,2010-12-22,33,20-004,TBL,@,NYI,L-OT,0,0,0,0,2,0,0,0,0,,,,2,0.0,31,20:50,0,1,0,0,
107,2010-12-23,34,20-005,TBL,@,NYR,W,0,0,0,-1,0,0,0,0,0,,,,0,,33,25:02,2,0,0,0,
108,2010-12-26,35,20-008,TBL,@,ATL,W,0,0,0,-1,2,0,0,0,0,,,,0,,28,19:00,0,1,0,0,
109,2010-12-28,36,20-010,TBL,,BOS,L,0,0,0,-1,2,0,0,0,0,,,,1,0.0,36,22:53,1,0,0,0,
110,2010-12-30,37,20-012,TBL,,MTL,W,0,1,1,0,0,0,0,0,0,,,,0,,28,22:34,0,1,0,0,
111,2011-01-01,38,20-014,TBL,,NYR,W,0,0,0,0,0,0,0,0,0,,,,0,,31,22:22,0,2,0,0,
112,2011-01-04,39,20-017,TBL,@,WSH,W,0,0,0,0,0,0,0,0,0,,,,2,0.0,30,22:09,0,3,0,0,
113,2011-01-05,40,20-018,TBL,@,PIT,L,0,0,0,-3,2,0,0,0,0,,,,3,0.0,32,21:50,1,1,0,0,
114,2011-01-08,41,20-021,TBL,@,OTT,W,0,0,0,-1,0,0,0,0,0,,,,0,,22,16:15,1,1,0,0,
115,2011-01-09,42,20-022,TBL,@,NJD,L,0,0,0,-2,0,0,0,0,0,,,,3,0.0,24,18:49,0,0,0,0,
116,2011-01-12,43,20-025,TBL,,WSH,W,0,1,1,1,2,0,0,0,0,,,,4,0.0,31,21:00,0,0,0,0,
117,2011-01-14,44,20-027,TBL,,NJD,L,0,1,1,-1,0,0,0,0,0,,,,2,0.0,29,21:27,2,1,0,0,
118,2011-01-15,45,20-028,TBL,@,CAR,L,0,1,1,3,2,0,0,0,0,,,,3,0.0,28,19:11,1,0,0,0,
119,2011-01-18,46,20-031,TBL,,CBJ,W,0,1,1,0,0,0,0,0,0,,,,1,0.0,34,26:34,2,1,0,0,
120,2011-01-20,47,20-033,TBL,@,ATL,W,0,0,0,1,0,0,0,0,0,,,,1,0.0,32,22:50,0,2,0,0,
121,2011-01-21,48,20-034,TBL,@,FLA,W,0,0,0,0,0,0,0,0,0,,,,2,0.0,33,25:12,1,1,0,0,
122,2011-01-23,49,20-036,TBL,,ATL,W,0,0,0,1,0,0,0,0,0,,,,3,0.0,25,20:16,1,0,0,0,
123,2011-01-25,50,20-038,TBL,,TOR,W,0,1,1,1,0,0,0,0,0,,,,1,0.0,29,21:50,3,1,0,0,
124,2011-02-01,51,20-045,TBL,,PHI,W,0,0,0,2,2,0,0,0,0,,,,1,0.0,27,21:33,4,1,0,0,
125,2011-02-04,52,20-048,TBL,,WSH,L,0,1,1,-1,0,0,0,0,0,,,,1,0.0,28,21:06,2,2,0,0,
126,2011-02-06,53,20-050,TBL,,STL,W,0,0,0,0,2,0,0,0,0,,,,3,0.0,30,23:24,1,3,0,0,
127,2011-02-08,54,20-052,TBL,,BUF,L,0,1,1,-1,4,0,0,0,0,,,,4,0.0,29,19:37,1,1,0,0,
128,2011-02-12,55,20-056,TBL,,CAR,W,0,0,0,0,0,0,0,0,0,,,,1,0.0,31,22:52,1,1,0,0,
129,2011-02-15,56,20-059,TBL,,PHI,L-SO,0,0,0,1,0,0,0,0,0,,,,0,,37,26:04,3,1,0,0,
130,2011-02-17,57,20-061,TBL,,DET,L,1,0,1,0,0,1,0,0,0,,,,4,25.0,25,19:00,1,0,0,0,
131,2011-02-19,58,20-063,TBL,,FLA,L-SO,0,0,0,0,0,0,0,0,0,,,,2,0.0,24,20:11,0,2,0,0,
132,2011-02-23,59,20-067,TBL,,PHX,W,0,0,0,-1,0,0,0,0,0,,,,0,,23,15:12,0,0,0,0,
133,2011-02-25,60,20-069,TBL,,NJD,W,0,0,0,0,0,0,0,0,0,,,,0,,28,19:08,0,0,0,0,
134,2011-02-27,61,20-071,TBL,@,NYR,W,0,0,0,0,2,0,0,0,0,,,,0,,26,22:21,1,2,0,0,
135,2011-03-02,62,20-074,TBL,@,NJD,L,0,1,1,0,0,0,0,0,0,,,,2,0.0,31,22:46,0,0,0,0,
136,2011-03-03,63,20-075,TBL,@,BOS,L,0,0,0,0,0,0,0,0,0,,,,0,,31,23:40,0,0,0,0,
137,2011-03-05,64,20-077,TBL,,MTL,L,0,0,0,-1,0,0,0,0,0,,,,1,0.0,28,22:28,2,1,0,0,
138,2011-03-07,65,20-079,TBL,,WSH,L-SO,0,0,0,0,2,0,0,0,0,,,,0,,31,23:59,1,2,0,0,
139,2011-03-09,66,20-081,TBL,,CHI,W,0,1,1,3,0,0,0,0,0,,,,1,0.0,32,22:41,1,0,0,0,
140,2011-03-11,67,20-083,TBL,,OTT,L,0,0,0,0,2,0,0,0,0,,,,1,0.0,28,18:21,0,1,0,0,
141,2011-03-12,68,20-084,TBL,@,FLA,L-OT,0,0,0,-2,2,0,0,0,0,,,,2,0.0,33,24:07,1,2,0,0,
142,2011-03-14,69,20-086,TBL,@,TOR,W,0,0,0,-1,0,0,0,0,0,,,,0,,32,21:23,3,0,0,0,
143,2011-03-17,70,20-089,TBL,@,MTL,L-SO,0,0,0,0,0,0,0,0,0,,,,1,0.0,29,21:48,2,2,0,0,
144,2011-03-19,71,20-091,TBL,@,OTT,L-OT,0,0,0,-2,0,0,0,0,0,,,,2,0.0,30,22:16,1,0,0,0,
145,2011-03-22,72,20-094,TBL,,NYI,L,0,0,0,0,0,0,0,0,0,,,,1,0.0,25,17:28,1,1,0,0,
146,2011-03-25,73,20-097,TBL,,CAR,L,0,1,1,0,2,0,0,0,0,,,,3,0.0,30,21:18,0,3,0,0,
147,2011-03-26,74,20-098,TBL,@,CAR,W,0,0,0,2,0,0,0,0,0,,,,1,0.0,31,19:31,1,2,0,0,
148,2011-03-29,75,20-101,TBL,,OTT,W,0,0,0,2,2,0,0,0,0,,,,0,,24,17:40,1,0,0,0,
149,2011-03-31,76,20-103,TBL,,PIT,W,0,1,1,1,4,0,0,0,0,,,,0,,29,21:05,0,0,0,0,
150,2011-04-02,77,20-105,TBL,@,MIN,W,0,0,0,1,2,0,0,0,0,,,,0,,28,19:40,1,0,0,0,
151,2011-04-03,78,20-106,TBL,@,CHI,W,0,0,0,0,0,0,0,0,0,,,,0,,26,19:44,0,0,0,0,
152,2011-04-05,79,20-108,TBL,@,BUF,L,0,0,0,-1,0,0,0,0,0,,,,0,,16,10:48,0,1,0,0,
153,2011-10-07,1,20-293,TBL,@,CAR,W,0,0,0,3,0,0,0,0,0,,,,3,0.0,28,22:47,1,3,0,0,
154,2011-10-08,2,20-294,TBL,@,BOS,L,0,0,0,-1,0,0,0,0,0,,,,1,0.0,30,22:59,0,2,0,0,
155,2011-10-10,3,20-296,TBL,@,WSH,L-SO,0,0,0,1,0,0,0,0,0,,,,2,0.0,35,27:13,4,2,0,0,
156,2011-10-13,4,20-299,TBL,@,NYI,L,0,0,0,-3,2,0,0,0,0,,,,4,0.0,27,19:29,2,2,0,0,
157,2011-10-15,5,20-301,TBL,@,FLA,L-SO,0,0,0,1,0,0,0,0,0,,,,2,0.0,35,26:10,3,2,0,0,
158,2011-10-17,6,20-303,TBL,,FLA,L,1,0,1,1,0,1,0,0,0,,,,2,50.0,29,22:44,2,0,0,0,
159,2011-10-20,7,20-306,TBL,,NYI,W,0,0,0,1,2,0,0,0,0,,,,0,,27,21:44,1,2,0,0,
160,2011-10-22,8,20-308,TBL,,BUF,W,1,0,1,2,2,1,0,0,0,,,,2,50.0,27,22:57,0,5,0,0,
161,2011-10-25,9,20-311,TBL,@,BUF,W,0,0,0,0,2,0,0,0,0,,,,0,,27,20:47,0,1,0,0,
162,2011-10-27,10,20-313,TBL,@,NSH,L,0,0,0,-2,0,0,0,0,0,,,,0,,32,23:52,0,2,0,0,
163,2011-10-29,11,20-315,TBL,,WPG,W,0,0,0,0,0,0,0,0,0,,,,1,0.0,29,23:12,3,0,0,0,
164,2011-11-01,12,20-318,TBL,@,CAR,L,0,0,0,-3,0,0,0,0,0,,,,3,0.0,29,23:07,1,3,0,0,
165,2011-11-04,13,20-321,TBL,,CHI,W,0,0,0,-1,0,0,0,0,0,,,,1,0.0,33,25:50,1,2,0,0,
166,2011-11-14,14,20-331,TBL,@,WPG,L,0,0,0,0,0,0,0,0,0,,,,1,0.0,22,17:38,0,1,0,0,
167,2011-11-17,15,20-334,TBL,,PIT,W,0,0,0,1,4,0,0,0,0,,,,0,,28,21:01,1,5,0,0,
168,2011-11-19,16,20-336,TBL,,NJD,L,0,0,0,-1,2,0,0,0,0,,,,1,0.0,29,21:38,2,1,0,0,
169,2011-11-22,17,20-339,TBL,,TOR,L,0,0,0,-3,4,0,0,0,0,,,,2,0.0,30,23:00,1,1,0,0,
170,2011-11-25,18,20-342,TBL,@,FLA,W,0,0,0,0,0,0,0,0,0,,,,1,0.0,35,29:11,2,3,0,0,
171,2011-11-26,19,20-343,TBL,,FLA,W,0,0,0,0,2,0,0,0,0,,,,2,0.0,29,20:53,6,2,0,0,
172,2011-11-28,20,20-345,TBL,@,MIN,L,0,0,0,-1,0,0,0,0,0,,,,1,0.0,32,22:17,1,1,0,0,
173,2011-11-30,21,20-347,TBL,@,DET,L,0,0,0,-2,0,0,0,0,0,,,,2,0.0,27,22:07,1,3,0,0,
174,2011-12-03,22,20-350,TBL,,NYR,L,0,0,0,0,0,0,0,0,0,,,,3,0.0,34,23:20,0,3,0,0,
175,2011-12-05,23,20-352,TBL,@,OTT,L,0,0,0,-2,0,0,0,0,0,,,,1,0.0,31,21:38,0,1,0,0,
176,2011-12-06,24,20-353,TBL,@,NYI,L,0,0,0,0,4,0,0,0,0,,,,1,0.0,27,20:41,0,2,0,0,
177,2011-12-08,25,20-355,TBL,@,NYR,W,0,1,1,1,0,0,0,0,0,,,,0,,34,28:58,0,5,0,0,
178,2011-12-10,26,20-357,TBL,@,PHI,L,0,1,1,-1,0,0,0,0,0,,,,0,,33,24:20,0,1,0,0,
179,2011-12-12,27,20-359,TBL,,NJD,L,0,0,0,-1,0,0,0,0,0,,,,1,0.0,30,23:09,2,2,0,0,
180,2011-12-15,28,20-362,TBL,,CGY,W,0,2,2,1,2,0,0,0,0,,,,2,0.0,31,22:48,2,1,0,0,
181,2011-12-17,29,20-364,TBL,@,CBJ,W,0,0,0,-1,2,0,0,0,0,,,,2,0.0,31,23:23,0,1,0,0,
182,2011-12-21,30,21-003,TBL,@,SJS,L,0,0,0,-1,0,0,0,0,0,,,,0,,27,21:07,3,2,0,0,
183,2011-12-23,31,21-005,TBL,@,COL,L-OT,0,0,0,-1,0,0,0,0,0,,,,2,0.0,37,25:06,1,1,0,0,
184,2011-12-27,32,21-009,TBL,,PHI,W,0,0,0,0,0,0,0,0,0,,,,1,0.0,4,4:11,0,0,0,0,
185,2012-01-31,33,21-044,TBL,,WSH,W,0,0,0,-1,0,0,0,0,0,,,,1,0.0,22,18:38,3,2,0,0,
186,2012-02-02,34,21-046,TBL,,WPG,L-OT,1,0,1,0,0,1,0,0,0,,,,1,100.0,28,20:54,3,2,0,0,
187,2012-02-04,35,21-048,TBL,,FLA,W,0,1,1,2,2,0,0,0,0,,,,5,0.0,31,23:41,3,5,0,0,
188,2012-02-07,36,21-051,TBL,,LAK,L,0,0,0,-1,0,0,0,0,0,,,,3,0.0,26,21:30,2,0,0,0,
189,2012-02-09,37,21-053,TBL,@,NYR,L-OT,0,0,0,0,2,0,0,0,0,,,,1,0.0,36,27:02,5,5,0,0,
190,2012-02-11,38,21-055,TBL,@,BUF,W,0,1,1,2,0,0,0,0,0,,,,1,0.0,27,25:18,0,2,0,0,
191,2012-02-12,39,21-056,TBL,@,PIT,L,0,1,1,0,0,0,0,0,0,,,,5,0.0,34,28:18,1,3,0,0,
192,2012-02-14,40,21-058,TBL,,OTT,L,0,0,0,-1,0,0,0,0,0,,,,1,0.0,31,25:35,2,2,0,0,
193,2012-02-16,41,21-060,TBL,,SJS,W,0,3,3,3,4,0,0,0,0,,,,2,0.0,37,27:32,2,2,0,0,
194,2012-02-18,42,21-062,TBL,,WSH,W,0,0,0,1,0,0,0,0,0,,,,1,0.0,28,26:19,3,1,0,0,
195,2012-02-21,43,21-065,TBL,,ANA,W,0,0,0,1,0,0,0,0,0,,,,1,0.0,29,27:20,2,4,0,0,
196,2012-02-23,44,21-067,TBL,@,WPG,L,0,0,0,1,4,0,0,0,0,,,,1,0.0,34,26:15,1,1,0,0,
197,2012-02-25,45,21-069,TBL,@,PIT,L,0,0,0,-2,0,0,0,0,0,,,,0,,24,18:46,1,1,0,0,
198,2012-03-06,46,21-079,TBL,,OTT,L,0,0,0,-1,0,0,0,0,0,,,,1,0.0,32,24:36,1,3,0,0,
199,2012-03-08,47,21-081,TBL,@,WSH,L-OT,0,0,0,-2,0,0,0,0,0,,,,1,0.0,33,25:38,1,3,0,0,
200,2012-03-10,48,21-083,TBL,,CAR,L,0,0,0,1,4,0,0,0,0,,,,1,0.0,28,20:59,1,1,0,0,
201,2012-03-13,49,21-086,TBL,,BOS,W,1,1,2,3,2,1,0,0,0,,,,2,50.0,27,24:46,1,1,0,0,
202,2012-03-15,50,21-088,TBL,,TOR,L,0,0,0,0,0,0,0,0,0,,,,2,0.0,28,23:48,3,2,0,0,
203,2012-03-17,51,21-090,TBL,,STL,L,0,0,0,-1,0,0,0,0,0,,,,0,,28,21:31,3,0,0,0,
204,2012-03-19,52,21-092,TBL,,BUF,L,0,0,0,0,2,0,0,0,0,,,,0,,27,21:53,1,2,0,0,
205,2012-03-22,53,21-095,TBL,,EDM,W,0,1,1,-1,0,0,0,0,0,,,,1,0.0,27,24:42,1,3,0,0,
206,2012-03-24,54,21-097,TBL,,NYI,W,0,0,0,0,0,0,0,0,0,,,,0,,21,20:43,4,1,0,0,
207,2012-03-27,55,21-100,TBL,@,BOS,L,0,1,1,-2,0,0,0,0,0,,,,0,,29,22:02,2,3,0,0,
208,2012-03-29,56,21-102,TBL,@,NJD,L,0,2,2,0,2,0,0,0,0,,,,1,0.0,27,21:12,1,3,0,0,
209,2012-03-31,57,21-104,TBL,,WPG,W,0,1,1,-1,15,0,0,0,0,,,,1,0.0,27,24:07,3,2,0,0,
210,2012-04-02,58,21-106,TBL,,WSH,W,1,0,1,2,0,1,0,0,0,,,,1,100.0,26,26:49,0,4,0,0,
211,2012-04-04,59,21-108,TBL,@,MTL,L,0,1,1,0,0,0,0,0,0,,,,0,,24,23:47,1,4,0,0,
212,2012-04-05,60,21-109,TBL,@,TOR,L-OT,0,0,0,-1,0,0,0,0,0,,,,2,0.0,32,24:09,4,2,0,0,
213,2012-04-07,61,21-111,TBL,@,WPG,W,0,1,1,1,0,0,0,0,0,,,,2,0.0,28,21:57,1,1,0,0,
214,2013-01-19,1,22-032,TBL,,WSH,W,0,0,0,0,0,0,0,0,0,,,,0,,30,19:52,2,1,0,0,
215,2013-01-21,2,22-034,TBL,@,NYI,L,0,0,0,2,0,0,0,0,0,,,,2,0.0,27,20:13,4,1,0,0,
216,2013-01-22,3,22-035,TBL,@,CAR,W,0,0,0,1,0,0,0,0,0,,,,2,0.0,30,23:27,0,1,0,0,
217,2013-01-25,4,22-038,TBL,,OTT,W,1,1,2,3,0,1,0,0,0,,,,2,50.0,34,21:31,1,3,0,0,
218,2013-01-27,5,22-040,TBL,,PHI,W,1,0,1,1,0,1,0,0,0,,,,2,50.0,31,23:33,2,4,0,0,
219,2013-01-29,6,22-042,TBL,,FLA,W,0,1,1,1,0,0,0,0,0,,,,2,0.0,28,22:47,3,2,0,0,
220,2013-02-01,7,22-045,TBL,,WPG,W,0,1,1,2,0,0,0,0,0,,,,1,0.0,27,20:13,2,1,0,0,
221,2013-02-02,8,22-046,TBL,,NYR,L,0,0,0,-1,0,0,0,0,0,,,,5,0.0,34,22:24,1,1,0,0,
222,2013-02-05,9,22-049,TBL,@,PHI,L,0,0,0,1,0,0,0,0,0,,,,1,0.0,28,23:51,0,5,0,0,
223,2013-02-07,10,22-051,TBL,@,NJD,L,0,0,0,0,2,0,0,0,0,,,,0,,30,21:27,0,2,0,0,
224,2013-02-10,11,22-054,TBL,@,NYR,L,0,1,1,-1,0,0,0,0,0,,,,1,0.0,33,23:59,0,2,0,0,
225,2013-02-12,12,22-056,TBL,,MTL,L-SO,2,0,2,1,2,2,0,0,0,,,,3,66.7,38,26:23,3,3,0,0,
226,2013-02-14,13,22-058,TBL,,WSH,L,0,0,0,1,2,0,0,0,0,,,,2,0.0,25,23:29,0,1,0,0,
227,2013-02-16,14,22-060,TBL,@,FLA,W,0,0,0,-1,0,0,0,0,0,,,,1,0.0,38,25:25,3,2,0,0,
228,2013-02-19,15,22-063,TBL,,TOR,W,0,1,1,1,5,0,0,0,0,,,,0,,27,20:04,2,2,0,0,
229,2013-02-21,16,22-065,TBL,,BOS,L,0,0,0,-1,0,0,0,0,0,,,,2,0.0,25,20:33,0,1,0,0,
230,2013-02-23,17,22-067,TBL,@,CAR,W,0,0,0,1,2,0,0,0,0,,,,3,0.0,31,21:34,0,3,0,0,
231,2013-02-24,18,22-068,TBL,@,PIT,L,0,1,1,-1,0,0,0,0,0,,,,1,0.0,31,23:46,1,0,0,0,
232,2013-02-26,19,22-070,TBL,,BUF,L,0,0,0,-2,0,0,0,0,0,,,,2,0.0,31,24:55,1,0,0,0,
233,2013-02-28,20,22-072,TBL,@,NYR,L,0,0,0,-1,0,0,0,0,0,,,,2,0.0,30,24:49,1,6,0,0,
234,2013-03-02,21,22-074,TBL,@,BOS,L,0,0,0,0,0,0,0,0,0,,,,1,0.0,31,27:09,2,4,0,0,
235,2013-03-04,22,22-076,TBL,@,PIT,L,0,1,1,-1,2,0,0,0,0,,,,4,0.0,35,25:48,2,3,0,0,
236,2013-03-05,23,22-077,TBL,@,NJD,W,0,0,0,1,2,0,0,0,0,,,,1,0.0,30,22:02,0,0,0,0,
237,2013-03-07,24,22-079,TBL,,WPG,L,0,0,0,0,2,0,0,0,0,,,,3,0.0,20,15:16,0,3,0,0,
238,2013-03-09,25,22-081,TBL,,MTL,L,0,1,1,1,4,0,0,0,0,,,,3,0.0,34,25:14,0,2,0,0,
239,2013-03-12,26,22-084,TBL,@,FLA,W,0,0,0,-1,0,0,0,0,0,,,,0,,36,24:24,1,1,0,0,
240,2013-03-14,27,22-086,TBL,,NYI,L,0,0,0,0,0,0,0,0,0,,,,2,0.0,28,22:47,3,1,0,0,
241,2013-03-16,28,22-088,TBL,,CAR,W,0,1,1,3,0,0,0,0,0,,,,0,,29,25:04,0,2,0,0,
242,2013-03-18,29,22-090,TBL,,PHI,W,0,1,1,0,0,0,0,0,0,,,,1,0.0,19,14:47,2,2,0,0,
243,2013-03-20,30,22-092,TBL,@,TOR,L,0,0,0,-2,0,0,0,0,0,,,,2,0.0,28,21:35,2,1,0,0,
244,2013-03-23,31,22-095,TBL,@,OTT,L,0,1,1,-2,0,0,0,0,0,,,,1,0.0,25,21:42,7,1,0,0,
245,2013-03-24,32,22-096,TBL,@,WPG,L,0,0,0,-1,0,0,0,0,0,,,,2,0.0,33,22:17,0,2,0,0,
246,2013-03-26,33,22-098,TBL,,BUF,W,0,0,0,1,2,0,0,0,0,,,,0,,24,20:37,1,2,0,0,
247,2013-03-29,34,22-101,TBL,,NJD,W,0,0,0,1,0,0,0,0,0,,,,0,,32,26:44,0,1,0,0,
248,2013-04-02,35,22-105,TBL,,FLA,L-SO,0,1,1,1,0,0,0,0,0,,,,3,0.0,33,27:31,1,4,0,0,
249,2013-04-04,36,22-107,TBL,@,CAR,W,0,0,0,0,0,0,0,0,0,,,,1,0.0,11,8:06,1,2,0,0,
250,2013-04-13,37,22-116,TBL,@,WSH,L-OT,0,1,1,-1,0,0,0,0,0,,,,2,0.0,35,27:09,3,2,0,0,
251,2013-04-14,38,22-117,TBL,@,BUF,L,0,0,0,-1,0,0,0,0,0,,,,2,0.0,27,21:10,0,2,0,0,
252,2013-04-16,39,22-119,TBL,@,WPG,L-SO,0,0,0,0,0,0,0,0,0,,,,3,0.0,35,28:47,2,2,0,0,
253,2013-04-18,40,22-121,TBL,@,MTL,L,0,2,2,0,2,0,0,0,0,,,,4,0.0,34,25:54,0,1,0,0,
254,2013-04-21,41,22-124,TBL,,CAR,L,0,0,0,-2,0,0,0,0,0,,,,1,0.0,29,24:03,1,1,0,0,
255,2013-04-24,42,22-127,TBL,,TOR,W,0,0,0,1,0,0,0,0,0,,,,0,,28,22:00,1,2,0,0,
256,2013-04-25,43,22-128,TBL,@,BOS,L,0,0,0,-2,2,0,0,0,0,,,,1,0.0,27,20:34,0,2,0,0,
257,2013-04-27,44,22-130,TBL,,FLA,L,0,1,1,-2,2,0,0,0,0,,,,5,0.0,30,22:06,1,0,0,0,
258,2013-10-03,1,22-289,TBL,@,BOS,L,0,0,0,-1,0,0,0,0,0,,,,3,0.0,25,18:57,0,0,0,0,
259,2013-10-05,2,22-291,TBL,@,CHI,W,0,0,0,-1,2,0,0,0,0,,,,0,,31,23:22,1,0,0,0,
260,2013-10-08,3,22-294,TBL,@,BUF,W,0,1,1,1,5,0,0,0,0,,,,2,0.0,26,20:50,1,1,0,0,
261,2013-10-10,4,22-296,TBL,,FLA,W,0,1,1,1,4,0,0,0,0,,,,1,0.0,24,17:30,0,0,0,0,
262,2013-10-12,5,22-298,TBL,,PIT,L,0,1,1,2,0,0,0,0,0,,,,1,0.0,27,17:41,1,0,0,0,
263,2013-10-15,6,22-301,TBL,,LAK,W,0,0,0,1,0,0,0,0,0,,,,1,0.0,28,20:20,2,7,0,0,
264,2013-10-17,7,22-303,TBL,,MIN,W,0,0,0,0,0,0,0,0,0,,,,2,0.0,24,21:31,2,0,0,0,
265,2013-10-19,8,22-305,TBL,,BOS,L,0,0,0,-5,0,0,0,0,0,,,,2,0.0,26,19:24,0,0,0,0,
266,2013-10-24,9,22-310,TBL,,CHI,W,1,1,2,2,2,1,0,0,0,,,,3,33.3,25,21:47,1,4,0,0,
267,2013-10-26,10,22-312,TBL,,BUF,W,0,0,0,-1,0,0,0,0,0,,,,4,0.0,22,17:16,1,1,0,0,
268,2013-10-27,11,22-313,TBL,@,FLA,W,0,0,0,-1,0,0,0,0,0,,,,0,,34,24:48,1,1,0,0,
269,2013-10-29,12,22-315,TBL,@,NJD,L,0,0,0,0,0,0,0,0,0,,,,0,,27,22:00,0,1,0,0,
270,2013-11-01,13,22-318,TBL,@,CAR,W,1,0,1,1,0,1,0,0,1,,,,1,100.0,26,20:06,1,3,0,0,
271,2013-11-02,14,22-319,TBL,,STL,W,0,0,0,1,0,0,0,0,0,,,,2,0.0,25,23:34,2,2,0,0,
272,2013-11-07,15,22-324,TBL,,EDM,W,0,0,0,0,0,0,0,0,0,,,,1,0.0,25,21:49,1,0,0,0,
273,2013-11-09,16,22-326,TBL,@,DET,W,0,1,1,1,0,0,0,0,0,,,,1,0.0,31,24:10,1,1,0,0,
274,2013-11-11,17,22-328,TBL,@,BOS,L,0,0,0,-1,2,0,0,0,0,,,,1,0.0,22,20:40,2,0,0,0,
275,2013-11-12,18,22-329,TBL,@,MTL,W,0,0,0,0,0,0,0,0,0,,,,5,0.0,26,25:03,1,2,0,0,
276,2013-11-14,19,22-331,TBL,,ANA,W,1,1,2,0,0,1,0,0,0,,,,2,50.0,29,23:50,1,2,0,0,
277,2013-11-16,20,22-333,TBL,@,PHX,L,0,0,0,-1,0,0,0,0,0,,,,2,0.0,26,23:10,2,0,0,0,
278,2013-11-19,21,22-336,TBL,@,LAK,L,1,1,2,-2,0,1,0,0,0,,,,3,33.3,28,22:02,0,0,0,0,
279,2013-11-21,22,22-338,TBL,@,SJS,L,0,0,0,-2,2,0,0,0,0,,,,1,0.0,25,20:30,1,1,0,0,
280,2013-11-22,23,22-339,TBL,@,ANA,L-OT,0,0,0,-1,0,0,0,0,0,,,,3,0.0,31,25:36,1,0,0,0,
281,2013-11-25,24,22-342,TBL,,NYR,W,0,1,1,2,4,0,0,0,0,,,,0,,29,21:59,2,2,0,0,
282,2013-11-27,25,22-344,TBL,,PHI,W,2,1,3,2,2,1,1,0,1,,,,3,66.7,24,22:08,3,1,0,0,
283,2013-11-29,26,22-346,TBL,,PIT,L,0,0,0,-1,0,0,0,0,0,,,,2,0.0,27,24:54,1,1,0,0,
284,2013-12-03,27,22-350,TBL,@,CBJ,L,0,0,0,0,0,0,0,0,0,,,,1,0.0,26,26:33,1,1,0,0,
285,2013-12-05,28,22-352,TBL,,OTT,W,0,0,0,0,0,0,0,0,0,,,,0,,8,5:39,1,0,0,0,
286,2013-12-19,29,23-001,TBL,,NSH,W,0,1,1,2,0,0,0,0,0,,,,2,0.0,26,20:48,2,2,0,0,
287,2013-12-21,30,23-003,TBL,,CAR,W,1,1,2,1,0,1,0,0,0,,,,3,33.3,30,26:55,2,1,0,0,
288,2013-12-23,31,23-005,TBL,@,FLA,W,0,2,2,4,0,0,0,0,0,,,,2,0.0,29,23:00,3,0,0,0,
289,2013-12-28,32,23-010,TBL,,MTL,L-SO,0,0,0,-1,0,0,0,0,0,,,,3,0.0,29,27:27,2,2,0,0,
290,2013-12-29,33,23-011,TBL,,NYR,L,0,0,0,0,0,0,0,0,0,,,,5,0.0,23,22:51,0,2,0,0,
291,2014-01-01,34,23-014,TBL,@,VAN,W,0,1,1,3,0,0,0,0,0,,,,5,0.0,25,24:27,0,3,0,0,
292,2014-01-03,35,23-016,TBL,@,CGY,W,0,0,0,0,0,0,0,0,0,,,,5,0.0,26,22:24,0,0,0,0,
293,2014-01-05,36,23-018,TBL,@,EDM,L,1,0,1,-1,0,1,0,0,0,,,,3,33.3,25,24:59,0,1,0,0,
294,2014-01-07,37,23-020,TBL,@,WPG,W,0,1,1,0,4,0,0,0,0,,,,2,0.0,27,25:52,1,0,0,0,
295,2014-01-09,38,23-022,TBL,,WSH,L,0,1,1,1,0,0,0,0,0,,,,2,0.0,27,22:34,2,0,0,0,
296,2014-01-11,39,23-024,TBL,@,PHI,W,0,0,0,-2,2,0,0,0,0,,,,2,0.0,27,21:14,0,2,0,0,
297,2014-01-13,40,23-026,TBL,@,CBJ,L,1,0,1,1,2,1,0,0,0,,,,5,20.0,28,24:16,2,1,0,0,
298,2014-01-14,41,23-027,TBL,@,NYR,W,1,0,1,-1,0,0,1,0,0,,,,2,50.0,25,23:05,0,1,0,0,
299,2014-01-16,42,23-029,TBL,,NYI,L-SO,0,0,0,0,4,0,0,0,0,,,,6,0.0,31,24:43,2,1,0,0,
300,2014-01-18,43,23-031,TBL,,SJS,L,0,0,0,1,0,0,0,0,0,,,,2,0.0,22,16:44,0,2,0,0,
301,2014-01-23,44,23-036,TBL,,OTT,W,0,3,3,3,0,0,0,0,0,,,,1,0.0,29,21:29,0,1,0,0,
302,2014-01-25,45,23-038,TBL,,COL,W,0,3,3,1,0,0,0,0,0,,,,2,0.0,25,20:58,1,2,0,0,
303,2014-01-28,46,23-041,TBL,@,TOR,L,0,0,0,-2,0,0,0,0,0,,,,4,0.0,24,23:33,2,3,0,0,
304,2014-01-30,47,23-043,TBL,@,OTT,L,1,1,2,0,2,1,0,0,0,,,,7,14.3,26,22:44,2,3,0,0,
305,2014-02-01,48,23-045,TBL,@,MTL,W,0,2,2,1,0,0,0,0,0,,,,0,,31,28:33,1,2,0,0,
306,2014-02-04,49,23-048,TBL,@,MIN,L,0,0,0,-1,0,0,0,0,0,,,,6,0.0,28,24:34,1,1,0,0,
307,2014-02-06,50,23-050,TBL,,TOR,L,0,0,0,-2,0,0,0,0,0,,,,3,0.0,29,23:27,3,2,0,0,
308,2014-02-08,51,23-052,TBL,,DET,W,0,1,1,3,0,0,0,0,0,,,,1,0.0,25,21:33,2,1,0,0,
309,2014-02-27,52,23-071,TBL,@,NSH,L,0,0,0,0,0,0,0,0,0,,,,2,0.0,25,20:05,2,1,0,0,
310,2014-03-01,53,23-073,TBL,@,DAL,W,0,2,2,1,4,0,0,0,0,,,,2,0.0,30,20:01,1,1,0,0,
311,2014-03-02,54,23-074,TBL,@,COL,L,0,0,0,-2,2,0,0,0,0,,,,1,0.0,30,23:47,1,1,0,0,
312,2014-03-04,55,23-076,TBL,@,STL,L,0,1,1,-2,0,0,0,0,0,,,,2,0.0,28,27:45,3,6,0,0,
313,2014-03-06,56,23-078,TBL,,BUF,L,0,1,1,-1,0,0,0,0,0,,,,1,0.0,20,20:22,2,0,0,0,
314,2014-03-08,57,23-080,TBL,,BOS,L-SO,0,0,0,-1,2,0,0,0,0,,,,0,,32,28:25,2,4,0,0,
315,2014-03-10,58,23-082,TBL,,PHX,L-SO,0,0,0,-1,0,0,0,0,0,,,,3,0.0,29,26:14,2,2,0,0,
316,2014-03-13,59,23-085,TBL,,FLA,W,0,1,1,0,0,0,0,0,0,,,,3,0.0,27,20:03,1,0,0,0,
317,2014-03-15,60,23-087,TBL,,NJD,W,0,0,0,2,0,0,0,0,0,,,,2,0.0,29,23:10,0,3,0,0,
318,2014-03-17,61,23-089,TBL,,VAN,W,0,1,1,0,0,0,0,0,0,,,,2,0.0,28,21:36,2,1,0,0,
319,2014-03-19,62,23-091,TBL,@,TOR,W,0,0,0,0,0,0,0,0,0,,,,4,0.0,29,23:00,0,1,0,0,
320,2014-03-20,63,23-092,TBL,@,OTT,W,0,2,2,2,0,0,0,0,0,,,,1,0.0,28,23:52,1,3,0,0,
321,2014-03-22,64,23-094,TBL,@,PIT,L-OT,0,1,1,1,2,0,0,0,0,,,,2,0.0,31,20:52,3,0,0,0,
322,2014-03-24,65,23-096,TBL,,OTT,L-SO,1,0,1,-1,0,0,1,0,0,,,,5,20.0,29,24:19,0,1,0,0,
323,2014-03-27,66,23-099,TBL,,NYI,W,0,0,0,0,0,0,0,0,0,,,,4,0.0,32,25:18,1,3,0,0,
324,2014-03-29,67,23-101,TBL,@,BUF,W,0,0,0,-3,2,0,0,0,0,,,,2,0.0,27,23:47,0,1,0,0,
325,2014-03-30,68,23-102,TBL,@,DET,L,0,0,0,0,2,0,0,0,0,,,,2,0.0,26,25:06,0,1,0,0,
326,2014-04-01,69,23-104,TBL,,MTL,W,0,2,2,1,0,0,0,0,0,,,,3,0.0,29,22:28,1,2,0,0,
327,2014-04-03,70,23-106,TBL,,CGY,L,0,0,0,-1,0,0,0,0,0,,,,0,,27,25:33,1,0,0,0,
328,2014-04-05,71,23-108,TBL,,DAL,L,0,1,1,0,0,0,0,0,0,,,,2,0.0,30,24:29,1,0,0,0,
329,2014-04-08,72,23-111,TBL,,TOR,W,1,2,3,2,0,1,0,0,0,,,,2,50.0,34,25:13,3,3,0,0,
330,2014-04-10,73,23-113,TBL,,PHI,W,0,2,2,0,0,0,0,0,0,,,,3,0.0,25,26:06,0,1,0,0,
331,2014-04-11,74,23-114,TBL,,CBJ,W,0,0,0,0,0,0,0,0,0,,,,0,,3,1:42,0,0,0,0,
332,2014-04-13,75,23-116,TBL,@,WSH,W,0,0,0,0,2,0,0,0,0,,,,2,0.0,29,24:17,0,2,0,0,
333,2014-10-09,1,23-295,TBL,,FLA,W,1,1,2,0,0,0,1,0,1,0,1,0,3,33.3,25,22:56,2,2,0,0,
334,2014-10-11,2,23-297,TBL,,OTT,L-SO,1,0,1,0,2,0,1,0,0,0,0,0,3,33.3,27,23:06,1,2,0,0,
335,2014-10-13,3,23-299,TBL,,MTL,W,1,3,4,1,0,1,0,0,0,1,2,0,4,25.0,26,21:23,1,1,0,0,
336,2014-10-14,4,23-300,TBL,,NJD,L,0,0,0,0,2,0,0,0,0,0,0,0,0,,24,21:35,1,0,0,0,
337,2014-10-18,5,23-304,TBL,@,VAN,W,0,0,0,1,0,0,0,0,0,0,0,0,1,0.0,12,10:28,1,2,0,0,
338,2014-11-29,6,23-346,TBL,,OTT,W,0,0,0,2,0,0,0,0,0,0,0,0,3,0.0,24,19:55,2,2,0,0,
339,2014-12-01,7,23-348,TBL,@,NYR,W,0,3,3,3,0,0,0,0,0,2,1,0,0,,26,24:42,0,0,0,0,
340,2014-12-02,8,23-349,TBL,@,BUF,L-SO,0,0,0,0,0,0,0,0,0,0,0,0,2,0.0,26,26:07,1,1,0,0,
341,2014-12-04,9,23-351,TBL,,BUF,W,0,0,0,0,14,0,0,0,0,0,0,0,1,0.0,21,17:08,0,0,0,0,
342,2014-12-06,10,23-353,TBL,,CBJ,L,0,0,0,0,0,0,0,0,0,0,0,0,4,0.0,25,25:37,0,1,0,0,
343,2014-12-09,11,23-356,TBL,,WSH,L,0,3,3,0,0,0,0,0,0,3,0,0,4,0.0,21,21:47,2,1,0,0,
344,2014-12-11,12,23-358,TBL,,CAR,W,0,0,0,-1,0,0,0,0,0,0,0,0,0,,23,23:55,0,3,0,0,
345,2014-12-13,13,23-360,TBL,@,WSH,L,0,0,0,-1,0,0,0,0,0,0,0,0,3,0.0,25,23:53,0,2,0,0,
346,2014-12-15,14,23-362,TBL,@,PIT,L,0,0,0,-1,0,0,0,0,0,0,0,0,4,0.0,24,23:50,1,0,0,0,
347,2014-12-16,15,23-363,TBL,@,PHI,W,0,0,0,1,0,0,0,0,0,0,0,0,1,0.0,28,20:46,0,1,0,0,
348,2014-12-19,16,24-001,TBL,@,NJD,L-SO,0,0,0,2,0,0,0,0,0,0,0,0,3,0.0,27,25:53,0,1,0,0,
349,2014-12-20,17,24-002,TBL,@,NYI,L,0,0,0,0,0,0,0,0,0,0,0,0,0,,29,23:21,2,3,0,0,
350,2014-12-23,18,24-005,TBL,,PIT,W,0,1,1,0,0,0,0,0,0,1,0,0,0,,28,21:25,0,6,0,0,
351,2014-12-27,19,24-009,TBL,,CAR,W,0,0,0,1,0,0,0,0,0,0,0,0,3,0.0,22,23:59,1,0,0,0,
352,2014-12-29,20,24-011,TBL,,TOR,W,0,2,2,0,0,0,0,0,0,1,1,0,0,,26,24:20,0,0,0,0,
353,2014-12-31,21,24-013,TBL,@,BUF,W,0,0,0,1,0,0,0,0,0,0,0,0,2,0.0,26,21:42,0,2,0,0,
354,2015-01-02,22,24-015,TBL,@,PIT,L,1,1,2,0,0,1,0,0,0,1,0,0,3,33.3,27,23:35,1,5,0,0,
355,2015-01-04,23,24-017,TBL,@,OTT,W,1,1,2,0,0,1,0,0,0,1,0,0,3,33.3,28,23:08,0,2,0,0,
356,2015-01-06,24,24-019,TBL,@,MTL,W,0,0,0,0,0,0,0,0,0,0,0,0,1,0.0,28,22:36,1,1,0,0,
357,2015-01-09,25,24-022,TBL,,BUF,W,0,0,0,1,0,0,0,0,0,0,0,0,4,0.0,25,21:50,2,0,0,0,
358,2015-01-12,26,24-025,TBL,@,PHI,L,0,0,0,-1,0,0,0,0,0,0,0,0,0,,8,6:56,0,1,0,0,
359,2015-01-17,27,24-030,TBL,,COL,W,0,0,0,-1,2,0,0,0,0,0,0,0,5,0.0,31,24:06,1,1,0,0,
360,2015-01-20,28,24-033,TBL,,VAN,W,0,2,2,3,0,0,0,0,0,2,0,0,1,0.0,28,22:16,1,2,0,0,
361,2015-01-27,29,24-040,TBL,@,CAR,L,0,0,0,-1,0,0,0,0,0,0,0,0,4,0.0,28,24:09,0,1,0,0,
362,2015-01-29,30,24-042,TBL,,DET,W,0,0,0,1,0,0,0,0,0,0,0,0,0,,26,23:41,2,2,0,0,
363,2015-01-31,31,24-044,TBL,,CBJ,W,0,0,0,1,0,0,0,0,0,0,0,0,3,0.0,27,21:39,0,1,0,0,
364,2015-02-03,32,24-047,TBL,@,STL,L-OT,0,0,0,-1,4,0,0,0,0,0,0,0,3,0.0,29,22:22,0,2,0,0,
365,2015-02-05,33,24-049,TBL,@,DAL,W,1,0,1,-1,4,1,0,0,0,0,0,0,2,50.0,28,24:59,2,2,0,0,
366,2015-02-07,34,24-051,TBL,,LAK,L,1,0,1,0,2,1,0,0,0,0,0,0,2,50.0,25,24:39,1,1,0,0,
367,2015-02-08,35,24-052,TBL,,ANA,W,0,1,1,2,0,0,0,0,0,1,0,0,1,0.0,28,24:11,0,5,0,0,
368,2015-02-10,36,24-054,TBL,@,NSH,L-OT,0,0,0,0,2,0,0,0,0,0,0,0,2,0.0,32,26:19,3,2,0,0,
369,2015-02-12,37,24-056,TBL,,STL,L,0,0,0,-2,0,0,0,0,0,0,0,0,1,0.0,31,23:06,0,2,0,0,
370,2015-02-15,38,24-059,TBL,@,SJS,W,0,0,0,1,0,0,0,0,0,0,0,0,3,0.0,26,23:04,1,2,0,0,
371,2015-02-16,39,24-060,TBL,@,LAK,L,0,1,1,1,0,0,0,0,0,1,0,0,1,0.0,27,24:32,1,0,0,0,
372,2015-02-18,40,24-062,TBL,@,ANA,W,0,0,0,0,0,0,0,0,0,0,0,0,2,0.0,27,22:38,2,9,0,0,
373,2015-02-21,41,24-065,TBL,@,ARI,W,0,1,1,-1,0,0,0,0,0,1,0,0,2,0.0,28,23:08,1,4,0,0,
374,2015-02-22,42,24-066,TBL,@,COL,L,0,1,1,1,0,0,0,0,0,1,0,0,0,,27,22:47,4,2,0,0,
375,2015-02-27,43,24-071,TBL,,CHI,W,0,1,1,0,0,0,0,0,0,0,1,0,0,,26,21:35,1,4,0,0,
376,2015-03-01,44,24-073,TBL,@,FLA,L,0,0,0,-1,2,0,0,0,0,0,0,0,4,0.0,26,24:40,1,1,0,0,
377,2015-03-03,45,24-075,TBL,,BUF,W,1,0,1,0,0,0,1,0,0,0,0,0,3,33.3,24,21:07,0,3,0,0,
378,2015-03-05,46,24-077,TBL,,TOR,W,0,1,1,-1,0,0,0,0,0,1,0,0,1,0.0,29,23:50,0,3,0,0,
379,2015-03-07,47,24-079,TBL,,DAL,W,1,1,2,1,2,1,0,0,0,1,0,0,2,50.0,27,21:54,0,1,0,0,
380,2015-03-10,48,24-082,TBL,@,MTL,W,0,0,0,0,0,0,0,0,0,0,0,0,2,0.0,32,23:25,1,1,0,0,
381,2015-03-12,49,24-084,TBL,@,BOS,L-SO,0,0,0,0,0,0,0,0,0,0,0,0,1,0.0,33,30:45,1,1,0,0,
382,2015-03-14,50,24-086,TBL,,WPG,L,0,0,0,-1,0,0,0,0,0,0,0,0,1,0.0,26,22:59,0,0,0,0,
383,2015-03-16,51,24-088,TBL,,MTL,W,1,1,2,0,2,1,0,0,1,0,1,0,1,100.0,27,22:20,1,1,0,0,
384,2015-03-20,52,24-092,TBL,,DET,W,0,2,2,3,2,0,0,0,0,2,0,0,3,0.0,25,22:18,0,1,0,0,
385,2015-03-22,53,24-094,TBL,,BOS,W,0,0,0,0,0,0,0,0,0,0,0,0,1,0.0,27,20:54,0,5,0,0,
386,2015-03-24,54,24-096,TBL,,FLA,W,0,0,0,2,0,0,0,0,0,0,0,0,3,0.0,25,24:56,1,1,0,0,
387,2015-03-26,55,24-098,TBL,,NSH,L,0,0,0,1,0,0,0,0,0,0,0,0,3,0.0,27,24:10,2,0,0,0,
388,2015-03-28,56,24-100,TBL,@,DET,L,0,0,0,-3,0,0,0,0,0,0,0,0,3,0.0,28,25:16,1,5,0,0,
389,2015-03-30,57,24-102,TBL,@,MTL,W,0,0,0,-1,0,0,0,0,0,0,0,0,1,0.0,21,15:30,1,2,0,0,
390,2015-04-09,58,24-112,TBL,,NJD,W,0,1,1,-1,0,0,0,0,0,0,1,0,1,0.0,26,22:53,0,2,0,0,
391,2015-04-11,59,24-114,TBL,,BOS,W,0,0,0,1,0,0,0,0,0,0,0,0,1,0.0,31,26:20,3,3,0,0,
392,2015-10-08,1,24-294,TBL,,PHI,W,0,1,1,0,0,0,0,0,0,0,1,0,1,0.0,24,22:59,1,3,0,0,
393,2015-10-10,2,24-296,TBL,@,BUF,W,0,1,1,2,0,0,0,0,0,1,0,0,2,0.0,24,21:03,0,3,0,0,
394,2015-10-12,3,24-298,TBL,@,BOS,W,0,2,2,3,0,0,0,0,0,2,0,0,1,0.0,25,20:22,0,0,0,0,
395,2015-10-13,4,24-299,TBL,@,DET,L,0,0,0,-1,2,0,0,0,0,0,0,0,1,0.0,26,24:18,0,2,0,0,
396,2015-10-15,5,24-301,TBL,,DAL,L,0,0,0,1,0,0,0,0,0,0,0,0,0,,13,11:44,0,0,0,0,
397,2015-10-20,6,24-306,TBL,@,NSH,L-SO,0,2,2,0,0,0,0,0,0,1,1,0,3,0.0,27,23:51,1,1,0,0,
398,2015-10-23,7,24-309,TBL,@,WPG,W,0,3,3,2,2,0,0,0,0,3,0,0,2,0.0,29,21:25,1,0,0,0,
399,2015-10-24,8,24-310,TBL,@,CHI,L-OT,0,0,0,0,0,0,0,0,0,0,0,0,1,0.0,25,20:15,1,3,0,0,
400,2015-10-27,9,24-313,TBL,@,STL,L,0,0,0,-2,0,0,0,0,0,0,0,0,2,0.0,27,23:16,0,1,0,0,
401,2015-10-29,10,24-315,TBL,,COL,L,0,1,1,-1,2,0,0,0,0,0,1,0,7,0.0,24,22:27,0,1,0,0,
402,2015-10-31,11,24-317,TBL,,BOS,L,0,0,0,-2,4,0,0,0,0,0,0,0,0,,24,20:52,0,1,0,0,
403,2015-11-01,12,24-318,TBL,@,CAR,W,0,0,0,0,0,0,0,0,0,0,0,0,2,0.0,22,21:15,0,1,0,0,
404,2015-11-03,13,24-320,TBL,@,DET,L,0,0,0,0,0,0,0,0,0,0,0,0,2,0.0,25,22:59,1,0,0,0,
405,2015-11-05,14,24-322,TBL,@,BUF,W,1,0,1,2,0,1,0,0,0,0,0,0,1,100.0,24,23:12,0,2,0,0,
406,2015-11-07,15,24-324,TBL,@,MIN,L,0,0,0,-1,0,0,0,0,0,0,0,0,4,0.0,27,22:20,0,2,0,0,
407,2015-11-10,16,24-327,TBL,,BUF,L,0,0,0,-2,0,0,0,0,0,0,0,0,4,0.0,25,24:15,1,2,0,0,
408,2015-11-12,17,24-329,TBL,,CGY,W,0,0,0,0,0,0,0,0,0,0,0,0,3,0.0,24,21:38,1,3,0,0,
409,2015-11-14,18,24-331,TBL,,FLA,L-SO,0,1,1,2,0,0,0,0,0,1,0,0,2,0.0,28,24:13,1,1,0,0,
410,2015-11-16,19,24-333,TBL,@,FLA,L,0,0,0,-1,2,0,0,0,0,0,0,0,1,0.0,25,19:55,0,0,0,0,
411,2015-11-19,20,24-336,TBL,,NYR,W,0,0,0,-1,0,0,0,0,0,0,0,0,0,,26,22:51,1,1,0,0,
412,2015-11-21,21,24-338,TBL,,ANA,W,0,0,0,1,0,0,0,0,0,0,0,0,1,0.0,25,20:07,0,1,0,0,
413,2015-11-25,22,24-342,TBL,,LAK,W,0,0,0,0,0,0,0,0,0,0,0,0,2,0.0,27,24:43,2,0,0,0,
414,2015-11-27,23,24-344,TBL,@,WSH,L,1,0,1,2,2,1,0,0,0,0,0,0,5,20.0,27,24:10,2,1,0,0,
415,2015-11-28,24,24-345,TBL,,NYI,L,0,0,0,2,0,0,0,0,0,0,0,0,4,0.0,23,22:59,0,0,0,0,
416,2015-12-02,25,24-349,TBL,@,ANA,W,0,0,0,0,0,0,0,0,0,0,0,0,3,0.0,28,26:03,1,5,0,0,
417,2015-12-05,26,24-352,TBL,@,SJS,W,0,1,1,1,2,0,0,0,0,1,0,0,3,0.0,28,22:05,1,2,0,0,
418,2015-12-06,27,24-353,TBL,@,LAK,L,0,0,0,0,2,0,0,0,0,0,0,0,3,0.0,30,22:02,2,1,0,0,
419,2015-12-10,28,24-357,TBL,,OTT,W,0,1,1,1,0,0,0,0,0,0,1,0,2,0.0,29,25:40,2,1,0,0,
420,2015-12-12,29,24-359,TBL,,WSH,L,0,0,0,-1,0,0,0,0,0,0,0,0,2,0.0,31,26:25,1,2,0,0,
421,2015-12-14,30,24-361,TBL,@,CBJ,W,0,1,1,0,0,0,0,0,0,0,0,1,6,0.0,24,22:52,0,3,0,0,
422,2015-12-15,31,24-362,TBL,@,TOR,W,0,0,0,1,0,0,0,0,0,0,0,0,2,0.0,29,26:34,2,2,0,0,
423,2015-12-18,32,25-000,TBL,@,WSH,L,0,1,1,1,2,0,0,0,0,1,0,0,0,,25,22:29,1,5,0,0,
424,2015-12-20,33,25-002,TBL,,OTT,W,0,1,1,1,0,0,0,0,0,0,1,0,1,0.0,25,20:42,0,2,0,0,
425,2015-12-22,34,25-004,TBL,,VAN,L,0,0,0,0,0,0,0,0,0,0,0,0,2,0.0,24,24:49,0,0,0,0,
426,2015-12-26,35,25-008,TBL,,CBJ,W,0,0,0,0,2,0,0,0,0,0,0,0,2,0.0,25,20:58,2,1,0,0,
427,2015-12-28,36,25-010,TBL,,MTL,L-SO,0,0,0,0,0,0,0,0,0,0,0,0,2,0.0,28,24:38,0,1,0,0,
428,2015-12-30,37,25-012,TBL,,NYR,L,0,0,0,-3,2,0,0,0,0,0,0,0,2,0.0,26,22:35,1,3,0,0,
429,2016-01-02,38,25-015,TBL,,MIN,W,0,0,0,1,0,0,0,0,0,0,0,0,2,0.0,29,25:06,1,3,0,0,
430,2016-01-05,39,25-018,TBL,@,CGY,L,0,0,0,-1,0,0,0,0,0,0,0,0,5,0.0,25,24:22,1,3,0,0,
431,2016-01-08,40,25-021,TBL,@,EDM,W,1,2,3,3,0,1,0,0,0,2,0,0,2,50.0,29,23:09,2,2,0,0,
432,2016-01-09,41,25-022,TBL,@,VAN,W,0,0,0,0,0,0,0,0,0,0,0,0,4,0.0,28,25:46,0,0,0,0,
433,2016-01-12,42,25-025,TBL,@,COL,W,0,2,2,2,2,0,0,0,0,2,0,0,4,0.0,24,18:45,0,2,0,0,
434,2016-01-15,43,25-028,TBL,,PIT,W,0,1,1,-1,0,0,0,0,0,0,1,0,3,0.0,31,22:48,1,6,0,0,
435,2016-01-17,44,25-030,TBL,,FLA,W,0,1,1,0,0,0,0,0,0,1,0,0,3,0.0,26,20:46,0,3,0,0,
436,2016-01-19,45,25-032,TBL,,EDM,W,0,0,0,0,0,0,0,0,0,0,0,0,2,0.0,25,22:44,2,0,0,0,
437,2016-01-21,46,25-034,TBL,,CHI,W,0,2,2,0,0,0,0,0,0,1,1,0,4,0.0,23,21:29,0,5,0,0,
438,2016-01-23,47,25-036,TBL,@,FLA,L,1,0,1,-2,0,0,1,0,0,0,0,0,2,50.0,20,20:58,1,2,0,0,
439,2016-01-27,48,25-040,TBL,,TOR,W,0,0,0,0,0,0,0,0,0,0,0,0,1,0.0,26,21:54,0,3,0,0,
440,2016-02-03,49,25-047,TBL,,DET,W,0,1,1,0,0,0,0,0,0,0,1,0,1,0.0,28,23:44,1,3,0,0,
441,2016-02-05,50,25-049,TBL,,PIT,W,0,1,1,2,0,0,0,0,0,0,1,0,2,0.0,28,22:55,1,1,0,0,
442,2016-02-08,51,25-052,TBL,@,OTT,L,0,0,0,-1,2,0,0,0,0,0,0,0,1,0.0,26,24:02,2,2,0,0,
443,2016-02-09,52,25-053,TBL,@,MTL,L,1,1,2,2,0,1,0,0,0,1,0,0,4,25.0,29,24:54,2,0,0,0,
444,2016-02-12,53,25-056,TBL,,NSH,W,0,2,2,1,0,0,0,0,0,1,1,0,1,0.0,31,27:50,1,1,0,0,
445,2016-02-14,54,25-058,TBL,,STL,L,0,1,1,0,0,0,0,0,0,1,0,0,3,0.0,27,23:42,1,2,0,0,
446,2016-02-16,55,25-060,TBL,,SJS,L,0,0,0,-1,10,0,0,0,0,0,0,0,2,0.0,25,22:13,0,2,0,0,
447,2016-02-18,56,25-062,TBL,,WPG,W,1,0,1,1,0,1,0,0,0,0,0,0,4,25.0,32,24:48,0,0,0,0,
448,2016-02-20,57,25-064,TBL,@,PIT,W,0,0,0,-1,0,0,0,0,0,0,0,0,0,,32,25:52,2,0,0,0,
449,2016-02-21,58,25-065,TBL,@,CAR,W,0,0,0,0,0,0,0,0,0,0,0,0,2,0.0,28,22:54,2,1,0,0,
450,2016-02-23,59,25-067,TBL,,ARI,W,0,0,0,-1,0,0,0,0,0,0,0,0,4,0.0,25,23:26,1,3,0,0,
451,2016-02-26,60,25-070,TBL,@,NJD,W,0,0,0,1,0,0,0,0,0,0,0,0,3,0.0,24,20:13,0,1,0,0,
452,2016-02-28,61,25-072,TBL,@,BOS,W,0,0,0,1,0,0,0,0,0,0,0,0,3,0.0,27,23:00,1,0,0,0,
453,2016-02-29,62,25-073,TBL,@,TOR,W,0,0,0,0,0,0,0,0,0,0,0,0,1,0.0,26,22:47,1,2,0,0,
454,2016-03-03,63,25-076,TBL,@,OTT,W,0,1,1,3,0,0,0,0,0,1,0,0,2,0.0,28,22:15,1,1,0,0,
455,2016-03-05,64,25-078,TBL,,CAR,W,0,0,0,0,2,0,0,0,0,0,0,0,0,,32,24:44,0,1,0,0,
456,2016-03-07,65,25-080,TBL,@,PHI,L,0,0,0,-1,0,0,0,0,0,0,0,0,1,0.0,31,22:46,0,7,0,0,
457,2016-03-08,66,25-081,TBL,,BOS,L-OT,0,0,0,0,0,0,0,0,0,0,0,0,3,0.0,31,26:52,1,2,0,0,
458,2016-03-11,67,25-084,TBL,,PHI,L,0,0,0,1,0,0,0,0,0,0,0,0,2,0.0,25,26:44,1,2,0,0,
459,2016-03-13,68,25-086,TBL,@,CBJ,W,0,0,0,0,0,0,0,0,0,0,0,0,2,0.0,24,23:27,0,0,0,0,
460,2016-03-15,69,25-088,TBL,@,TOR,L,0,0,0,-1,0,0,0,0,0,0,0,0,4,0.0,22,22:55,1,3,0,0,
461,2016-03-17,70,25-090,TBL,@,DAL,L,0,1,1,1,0,0,0,0,0,1,0,0,2,0.0,28,26:45,1,3,0,0,
462,2016-03-19,71,25-092,TBL,@,ARI,W,0,1,1,1,4,0,0,0,0,1,0,0,2,0.0,26,21:42,0,3,0,0,
463,2016-03-22,72,25-095,TBL,,DET,W,0,2,2,3,0,0,0,0,0,2,0,0,1,0.0,22,21:09,0,2,0,0,
464,2016-03-25,73,25-098,TBL,,NYI,W,1,0,1,3,0,1,0,0,0,0,0,0,2,50.0,28,25:36,3,1,0,0,
465,2016-03-26,74,25-099,TBL,,FLA,L,0,0,0,-2,0,0,0,0,0,0,0,0,2,0.0,23,22:13,1,0,0,0,
466,2016-03-28,75,25-101,TBL,,TOR,W,1,1,2,2,2,1,0,0,0,1,0,0,3,33.3,30,24:23,1,1,0,0,
467,2016-03-31,76,25-104,TBL,,MTL,L,0,0,0,-1,0,0,0,0,0,0,0,0,3,0.0,23,24:41,1,1,0,0,
468,2016-04-02,77,25-106,TBL,,NJD,W,1,1,2,2,0,1,0,0,0,1,0,0,3,33.3,29,25:59,2,0,0,0,
469,2016-04-04,78,25-108,TBL,@,NYI,L,1,0,1,-3,0,1,0,0,0,0,0,0,4,25.0,23,21:51,0,1,0,0,
470,2016-10-13,1,25-300,TBL,,DET,W,0,2,2,2,0,0,0,0,0,0,2,0,3,0.0,30,24:06,1,4,0,0,
471,2016-10-15,2,25-302,TBL,,NJD,W,0,0,0,-1,0,0,0,0,0,0,0,0,0,,28,26:32,4,3,0,0,
472,2016-10-18,3,25-305,TBL,,FLA,W,0,1,1,2,0,0,0,0,0,1,0,0,2,0.0,32,25:35,1,0,0,0,
473,2016-10-20,4,25-307,TBL,,COL,L,0,0,0,-1,0,0,0,0,0,0,0,0,2,0.0,25,23:19,1,2,0,0,
474,2016-10-22,5,25-309,TBL,@,OTT,W,0,0,0,0,0,0,0,0,0,0,0,0,0,,29,22:51,0,4,0,0,
475,2016-10-25,6,25-312,TBL,@,TOR,W,1,0,1,1,0,1,0,0,1,0,0,0,1,100.0,31,22:50,1,0,0,0,
476,2016-10-27,7,25-314,TBL,@,MTL,L,0,1,1,0,0,0,0,0,0,1,0,0,0,,28,24:04,1,2,0,0,
477,2016-10-29,8,25-316,TBL,@,NJD,L,0,0,0,1,0,0,0,0,0,0,0,0,2,0.0,24,23:50,3,0,0,0,
478,2016-10-30,9,25-317,TBL,@,NYR,L,0,0,0,-1,0,0,0,0,0,0,0,0,1,0.0,25,22:15,2,3,0,0,
479,2016-11-01,10,25-319,TBL,@,NYI,W,0,2,2,1,2,0,0,0,0,0,2,0,2,0.0,23,22:49,0,1,0,0,
480,2016-11-03,11,25-321,TBL,,BOS,L-SO,1,0,1,0,0,0,1,0,0,0,0,0,2,50.0,34,29:36,2,3,0,0,
481,2016-11-05,12,25-323,TBL,,NJD,W,1,1,2,2,4,1,0,0,1,1,0,0,5,20.0,29,23:38,0,0,0,0,
482,2016-11-07,13,25-325,TBL,@,FLA,L,0,0,0,-2,0,0,0,0,0,0,0,0,1,0.0,27,24:24,0,1,0,0,
483,2016-11-10,14,25-328,TBL,,NYI,W,0,1,1,0,2,0,0,0,0,1,0,0,0,,25,20:35,1,0,0,0,
484,2016-11-12,15,25-330,TBL,,SJS,L,0,0,0,0,0,0,0,0,0,0,0,0,3,0.0,29,27:02,0,1,0,0,
485,2016-11-14,16,25-332,TBL,@,NYI,W,0,1,1,1,0,0,0,0,0,1,0,0,4,0.0,27,25:27,1,2,0,0,
486,2016-11-15,17,25-333,TBL,@,DET,W,0,1,1,0,2,0,0,0,0,1,0,0,4,0.0,34,25:47,2,0,0,0,
487,2016-11-17,18,25-335,TBL,@,BUF,W,0,0,0,0,2,0,0,0,0,0,0,0,2,0.0,26,23:59,1,1,0,0,
488,2016-11-19,19,25-337,TBL,@,PHI,W,0,0,0,1,0,0,0,0,0,0,0,0,0,,32,23:07,0,1,0,0,
489,2016-11-21,20,25-339,TBL,@,NSH,L,0,1,1,0,2,0,0,0,0,1,0,0,1,0.0,29,25:23,0,2,0,0,
490,2016-11-23,21,25-341,TBL,,PHI,W,1,0,1,-1,0,0,1,0,0,0,0,0,2,50.0,32,25:02,2,1,0,0,
491,2016-11-25,22,25-343,TBL,,CBJ,L,0,1,1,-1,0,0,0,0,0,1,0,0,3,0.0,29,27:56,2,4,0,0,
492,2016-11-27,23,25-345,TBL,@,BOS,L,1,0,1,1,0,1,0,0,0,0,0,0,2,50.0,29,25:42,2,0,0,0,
493,2016-11-29,24,25-347,TBL,@,CBJ,L,0,0,0,-2,0,0,0,0,0,0,0,0,1,0.0,23,23:11,1,2,0,0,
494,2016-12-01,25,25-349,TBL,@,STL,L,0,1,1,0,0,0,0,0,0,0,1,0,1,0.0,31,25:42,2,0,0,0,
495,2016-12-03,26,25-351,TBL,,WSH,W,0,1,1,0,0,0,0,0,0,0,1,0,2,0.0,32,27:22,3,3,0,0,
496,2016-12-04,27,25-352,TBL,@,CAR,L-OT,0,0,0,0,0,0,0,0,0,0,0,0,5,0.0,28,26:35,5,2,0,0,
497,2016-12-08,28,25-356,TBL,,VAN,L,0,0,0,0,0,0,0,0,0,0,0,0,4,0.0,21,24:55,0,1,0,0,
498,2016-12-10,29,25-358,TBL,,PIT,L,0,0,0,-1,0,0,0,0,0,0,0,0,1,0.0,30,26:35,1,2,0,0,
499,2016-12-14,30,25-362,TBL,@,CGY,W,0,3,3,2,0,0,0,0,0,2,1,0,0,,30,28:20,0,5,0,0,
500,2016-12-16,31,25-364,TBL,@,VAN,L,1,1,2,0,2,1,0,0,0,0,1,0,6,16.7,27,22:44,2,0,0,0,
501,2016-12-17,32,25-365,TBL,@,EDM,L-SO,0,1,1,0,0,0,0,0,0,0,1,0,3,0.0,31,28:26,0,0,0,0,
502,2016-12-20,33,26-002,TBL,,DET,W,0,1,1,2,2,0,0,0,0,0,1,0,2,0.0,26,21:49,1,1,0,0,
503,2016-12-22,34,26-004,TBL,,STL,W,0,3,3,2,0,0,0,0,0,2,1,0,1,0.0,30,22:55,0,2,0,0,
504,2016-12-23,35,26-005,TBL,@,WSH,L,0,0,0,-2,0,0,0,0,0,0,0,0,1,0.0,22,19:00,1,0,0,0,
505,2016-12-28,36,26-010,TBL,,MTL,W,1,1,2,2,2,1,0,0,0,0,1,0,2,50.0,27,26:08,3,4,0,0,
506,2016-12-29,37,26-011,TBL,,TOR,L-OT,0,0,0,-1,0,0,0,0,0,0,0,0,5,0.0,29,26:22,1,2,0,0,
507,2016-12-31,38,26-013,TBL,,CAR,W,0,2,2,1,0,0,0,0,0,1,1,0,2,0.0,29,23:56,0,3,0,0,
508,2017-01-03,39,26-016,TBL,,WPG,L,0,2,2,-2,2,0,0,0,0,0,2,0,1,0.0,32,24:51,1,3,0,0,
509,2017-01-05,40,26-018,TBL,,NSH,L,0,1,1,-2,0,0,0,0,0,0,1,0,0,,29,23:11,0,0,0,0,
510,2017-01-07,41,26-020,TBL,@,PHI,L,0,0,0,-2,0,0,0,0,0,0,0,0,2,0.0,28,21:51,1,3,0,0,
511,2017-01-08,42,26-021,TBL,@,PIT,L,0,1,1,-1,2,0,0,0,0,1,0,0,2,0.0,30,24:43,2,1,0,0,
512,2017-01-12,43,26-025,TBL,,BUF,W,0,1,1,0,5,0,0,0,0,1,0,0,1,0.0,25,18:58,0,2,0,0,
513,2017-01-13,44,26-026,TBL,,CBJ,L,0,0,0,-1,0,0,0,0,0,0,0,0,1,0.0,28,24:24,0,2,0,0,
514,2017-01-21,45,26-034,TBL,@,ARI,L,0,0,0,-1,0,0,0,0,0,0,0,0,1,0.0,27,22:48,0,2,0,0,
515,2017-01-24,46,26-037,TBL,@,CHI,W,0,0,0,2,0,0,0,0,0,0,0,0,2,0.0,30,24:42,1,3,0,0,
516,2017-01-26,47,26-039,TBL,@,FLA,L-OT,0,0,0,-1,0,0,0,0,0,0,0,0,4,0.0,28,26:39,1,1,0,0,
517,2017-01-31,48,26-044,TBL,,BOS,L,0,3,3,1,0,0,0,0,0,3,0,0,0,,27,27:03,1,3,0,0,
518,2017-02-02,49,26-046,TBL,,OTT,L,0,0,0,-2,0,0,0,0,0,0,0,0,2,0.0,31,27:23,3,3,0,0,
519,2017-02-04,50,26-048,TBL,,ANA,W,0,0,0,0,2,0,0,0,0,0,0,0,3,0.0,28,23:11,2,0,0,0,
520,2017-02-07,51,26-051,TBL,,LAK,W,0,1,1,1,2,0,0,0,0,1,0,0,0,,24,21:13,0,0,0,0,
521,2017-02-10,52,26-054,TBL,@,MIN,L-SO,0,0,0,0,2,0,0,0,0,0,0,0,2,0.0,26,23:28,1,0,0,0,
522,2017-02-11,53,26-055,TBL,@,WPG,W,1,1,2,1,0,1,0,0,0,1,0,0,5,20.0,25,20:02,0,3,0,0,
523,2017-02-18,54,26-062,TBL,@,DAL,L-OT,2,1,3,0,0,1,1,0,0,0,1,0,6,33.3,28,23:08,1,4,0,0,
524,2017-02-19,55,26-063,TBL,@,COL,W,0,1,1,1,0,0,0,0,0,1,0,0,3,0.0,24,21:27,0,2,0,0,
525,2017-02-21,56,26-065,TBL,,EDM,W,0,0,0,1,2,0,0,0,0,0,0,0,1,0.0,25,22:29,0,0,0,0,
526,2017-02-23,57,26-067,TBL,,CGY,L,0,1,1,-2,2,0,0,0,0,0,1,0,1,0.0,25,25:03,2,1,0,0,
527,2017-02-27,58,26-071,TBL,,OTT,W,0,2,2,0,0,0,0,0,0,0,2,0,3,0.0,27,23:21,2,1,0,0,
528,2017-03-01,59,26-073,TBL,,CAR,W,2,0,2,0,2,1,1,0,1,0,0,0,2,100.0,26,25:24,1,7,0,0,
529,2017-03-03,60,26-075,TBL,@,PIT,L,0,1,1,-2,2,0,0,0,0,0,1,0,3,0.0,22,24:45,0,0,0,0,
530,2017-03-04,61,26-076,TBL,@,BUF,W,0,1,1,1,0,0,0,0,0,1,0,0,3,0.0,26,23:15,2,0,0,0,
531,2017-03-06,62,26-078,TBL,,NYR,L-OT,0,0,0,-1,0,0,0,0,0,0,0,0,2,0.0,30,22:21,1,0,0,0,
532,2017-03-09,63,26-081,TBL,,MIN,W,1,1,2,2,0,1,0,0,1,0,1,0,4,25.0,24,22:18,0,2,0,0,
533,2017-03-11,64,26-083,TBL,,FLA,W,0,1,1,0,0,0,0,0,0,0,1,0,3,0.0,27,23:31,0,1,0,0,
534,2017-03-13,65,26-085,TBL,@,NYR,W,0,0,0,1,0,0,0,0,0,0,0,0,1,0.0,28,22:33,3,2,0,0,
535,2017-03-14,66,26-086,TBL,@,OTT,W,1,0,1,2,2,1,0,0,1,0,0,0,4,25.0,29,24:23,1,2,0,0,
536,2017-03-16,67,26-088,TBL,,TOR,L,0,0,0,-2,2,0,0,0,0,0,0,0,0,,24,22:15,1,0,0,0,
537,2017-03-18,68,26-090,TBL,,WSH,L,0,0,0,-1,0,0,0,0,0,0,0,0,2,0.0,28,25:09,1,5,0,0,
538,2017-03-21,69,26-093,TBL,,ARI,L,1,0,1,-1,0,1,0,0,0,0,0,0,2,50.0,25,25:41,1,1,0,0,
539,2017-03-23,70,26-095,TBL,@,BOS,W,0,2,2,1,0,0,0,0,0,0,2,0,3,0.0,30,24:15,2,1,0,0,
540,2017-03-24,71,26-096,TBL,@,DET,W,0,0,0,0,0,0,0,0,0,0,0,0,4,0.0,29,26:58,1,2,0,0,
541,2017-03-27,72,26-099,TBL,,CHI,W,0,3,3,1,0,0,0,0,0,1,2,0,2,0.0,31,29:20,1,0,0,0,
542,2017-03-30,73,26-102,TBL,,DET,W,0,1,1,0,0,0,0,0,0,0,1,0,2,0.0,27,25:49,0,1,0,0,
543,2017-04-01,74,26-104,TBL,,MTL,L-OT,0,1,1,-1,0,0,0,0,0,1,0,0,1,0.0,27,28:08,2,2,0,0,
544,2017-04-02,75,26-105,TBL,,DAL,W,0,0,0,0,0,0,0,0,0,0,0,0,2,0.0,29,23:35,2,0,0,0,
545,2017-04-04,76,26-107,TBL,@,BOS,L,0,0,0,-2,0,0,0,0,0,0,0,0,2,0.0,30,26:31,3,4,0,0,
546,2017-04-06,77,26-109,TBL,@,TOR,W,0,3,3,2,0,0,0,0,0,2,1,0,2,0.0,35,28:32,1,2,0,0,
547,2017-04-07,78,26-110,TBL,@,MTL,W,0,0,0,1,0,0,0,0,0,0,0,0,2,0.0,32,28:05,4,3,0,0,
548,2017-04-09,79,26-112,TBL,,BUF,W,1,1,2,1,0,1,0,0,0,1,0,0,2,50.0,22,23:31,1,1,0,0,
549,2017-10-06,1,26-292,TBL,,FLA,W,0,1,1,1,2,0,0,0,0,1,0,0,3,0.0,27,24:01,1,1,0,0,
550,2017-10-07,2,26-293,TBL,@,FLA,L,0,0,0,-1,0,0,0,0,0,0,0,0,4,0.0,30,25:29,1,2,0,0,
551,2017-10-09,3,26-295,TBL,,WSH,W,0,0,0,0,0,0,0,0,0,0,0,0,7,0.0,29,26:00,1,1,0,0,
552,2017-10-12,4,26-298,TBL,,PIT,W,1,0,1,0,0,0,1,0,0,0,0,0,1,100.0,31,28:17,2,0,0,0,
553,2017-10-14,5,26-300,TBL,,STL,W,0,0,0,0,0,0,0,0,0,0,0,0,1,0.0,26,25:25,1,0,0,0,
554,2017-10-16,6,26-302,TBL,@,DET,W,0,1,1,1,0,0,0,0,0,0,1,0,1,0.0,31,26:57,4,1,0,0,
555,2017-10-17,7,26-303,TBL,@,NJD,L-SO,0,0,0,0,0,0,0,0,0,0,0,0,3,0.0,32,29:07,2,3,0,0,
556,2017-10-19,8,26-305,TBL,@,CBJ,W,0,0,0,0,2,0,0,0,0,0,0,0,1,0.0,28,23:17,0,1,0,0,
557,2017-10-21,9,26-307,TBL,,PIT,W,0,1,1,2,0,0,0,0,0,0,1,0,1,0.0,24,19:13,0,0,0,0,
558,2017-10-24,10,26-310,TBL,@,CAR,W,0,1,1,1,4,0,0,0,0,1,0,0,1,0.0,30,24:44,1,2,0,0,
559,2017-10-26,11,26-312,TBL,,DET,W,0,1,1,-1,2,0,0,0,0,0,1,0,3,0.0,23,26:56,1,1,0,0,
560,2017-10-28,12,26-314,TBL,,ANA,L,0,0,0,-1,0,0,0,0,0,0,0,0,2,0.0,25,27:22,0,2,0,0,
561,2017-10-30,13,26-316,TBL,@,FLA,W,0,2,2,0,0,0,0,0,0,1,1,0,2,0.0,31,28:35,1,1,0,0,
562,2017-11-02,14,26-319,TBL,,NYR,L-OT,0,1,1,1,2,0,0,0,0,0,0,1,1,0.0,27,26:39,1,1,0,0,
563,2017-11-04,15,26-321,TBL,,CBJ,W,0,2,2,-2,2,0,0,0,0,1,1,0,2,0.0,28,25:37,2,0,1,0,100.0
564,2017-11-08,16,26-325,TBL,@,SJS,W,0,0,0,2,0,0,0,0,0,0,0,0,0,,24,21:46,2,0,0,0,
565,2017-11-09,17,26-326,TBL,@,LAK,W,1,1,2,2,2,1,0,0,1,1,0,0,4,25.0,26,22:44,1,0,0,0,
566,2017-11-12,18,26-329,TBL,@,ANA,W,0,0,0,0,0,0,0,0,0,0,0,0,1,0.0,27,24:58,2,2,0,0,
567,2017-11-16,19,26-333,TBL,,DAL,W,0,2,2,1,0,0,0,0,0,1,1,0,2,0.0,28,24:29,3,3,0,0,
568,2017-11-18,20,26-335,TBL,,NYI,L,0,0,0,-3,2,0,0,0,0,0,0,0,2,0.0,26,24:42,2,2,0,0,
569,2017-11-22,21,26-339,TBL,,CHI,W,0,1,1,1,2,0,0,0,0,0,0,1,2,0.0,28,26:13,2,1,0,0,
570,2017-11-24,22,26-341,TBL,@,WSH,L,0,1,1,-2,0,0,0,0,0,0,1,0,5,0.0,26,24:50,1,4,0,0,
571,2017-11-25,23,26-342,TBL,@,PIT,L,0,0,0,0,0,0,0,0,0,0,0,0,3,0.0,28,25:41,2,0,0,0,
572,2017-11-28,24,26-345,TBL,@,BUF,W,0,0,0,1,0,0,0,0,0,0,0,0,4,0.0,24,26:19,2,3,0,0,
573,2017-11-29,25,26-346,TBL,@,BOS,L,0,0,0,-1,0,0,0,0,0,0,0,0,2,0.0,26,26:49,4,0,0,0,
574,2017-12-02,26,26-349,TBL,,SJS,W,0,0,0,2,0,0,0,0,0,0,0,0,4,0.0,27,26:26,1,2,0,0,
575,2017-12-05,27,26-352,TBL,,NYI,W,0,0,0,1,0,0,0,0,0,0,0,0,2,0.0,22,25:07,2,0,0,0,
576,2017-12-07,28,26-354,TBL,,COL,W,0,0,0,0,2,0,0,0,0,0,0,0,1,0.0,25,29:47,1,1,0,0,
577,2017-12-09,29,26-356,TBL,,WPG,W,0,0,0,0,0,0,0,0,0,0,0,0,2,0.0,30,27:30,1,3,0,0,
578,2017-12-12,30,26-359,TBL,@,STL,W,0,1,1,2,0,0,0,0,0,1,0,0,3,0.0,24,23:53,1,1,0,0,
579,2017-12-14,31,26-361,TBL,@,ARI,W,0,1,1,1,0,0,0,0,0,1,0,0,8,0.0,27,26:35,0,1,0,0,
580,2017-12-16,32,26-363,TBL,@,COL,W,1,1,2,3,2,1,0,0,0,1,0,0,2,50.0,30,25:38,2,0,0,0,
581,2017-12-19,33,27-001,TBL,@,VEG,L,1,2,3,1,0,1,0,0,0,0,2,0,4,25.0,31,27:44,0,1,0,0,
582,2017-12-21,34,27-003,TBL,,OTT,W,0,1,1,2,0,0,0,0,0,1,0,0,9,0.0,33,27:58,5,0,0,1,0.0
583,2017-12-23,35,27-005,TBL,,MIN,W,0,0,0,3,0,0,0,0,0,0,0,0,3,0.0,29,28:31,3,1,0,0,
584,2017-12-28,36,27-010,TBL,,MTL,W,0,1,1,1,0,0,0,0,0,1,0,0,5,0.0,25,26:49,2,1,0,0,
585,2017-12-29,37,27-011,TBL,,PHI,L,0,1,1,-1,2,0,0,0,0,0,1,0,1,0.0,25,27:43,0,2,0,0,
586,2017-12-31,38,27-013,TBL,@,CBJ,W,0,2,2,1,0,0,0,0,0,1,1,0,1,0.0,26,26:04,2,3,0,0,
587,2018-01-02,39,27-015,TBL,@,TOR,W,0,0,0,1,2,0,0,0,0,0,0,0,5,0.0,26,25:05,4,1,0,0,
588,2018-01-04,40,27-017,TBL,@,MTL,L-SO,0,1,1,1,0,0,0,0,0,1,0,0,5,0.0,31,24:16,3,5,0,0,
589,2018-01-06,41,27-019,TBL,@,OTT,L,1,0,1,0,2,1,0,0,0,0,0,0,6,16.7,29,28:26,5,1,0,0,
590,2018-01-07,42,27-020,TBL,@,DET,W,0,0,0,1,2,0,0,0,0,0,0,0,1,0.0,26,24:00,3,1,0,0,
591,2018-01-09,43,27-022,TBL,,CAR,W,1,1,2,3,0,1,0,0,0,1,0,0,4,25.0,28,28:07,2,3,0,0,
592,2018-01-11,44,27-024,TBL,,CGY,L,0,0,0,0,0,0,0,0,0,0,0,0,1,0.0,13,11:04,1,0,0,0,
593,2018-01-30,45,27-043,TBL,@,WPG,L,0,0,0,0,0,0,0,0,0,0,0,0,0,,26,25:00,3,2,0,0,
594,2018-02-01,46,27-045,TBL,@,CGY,W,0,0,0,-1,0,0,0,0,0,0,0,0,2,0.0,29,23:51,0,1,0,0,
595,2018-02-03,47,27-047,TBL,@,VAN,W,1,0,1,2,0,1,0,0,0,0,0,0,3,33.3,25,27:05,0,1,0,0,
596,2018-02-05,48,27-049,TBL,@,EDM,L,0,0,0,-1,2,0,0,0,0,0,0,0,6,0.0,25,21:45,3,2,0,0,
597,2018-02-08,49,27-052,TBL,,VAN,W,1,1,2,0,0,0,1,0,0,1,0,0,3,33.3,25,26:12,2,0,0,0,
598,2018-02-10,50,27-054,TBL,,LAK,W,0,1,1,-1,0,0,0,0,0,0,1,0,3,0.0,27,26:23,0,1,0,0,
599,2018-02-12,51,27-056,TBL,@,TOR,L,0,0,0,1,0,0,0,0,0,0,0,0,3,0.0,28,26:51,4,2,0,0,
600,2018-02-13,52,27-057,TBL,@,BUF,L,0,1,1,0,0,0,0,0,0,0,1,0,5,0.0,24,29:08,1,1,0,0,
601,2018-02-15,53,27-059,TBL,,DET,W,0,3,3,1,0,0,0,0,0,1,2,0,2,0.0,28,23:45,1,0,0,0,
602,2018-02-17,54,27-061,TBL,,NJD,L,0,1,1,-1,2,0,0,0,0,0,1,0,2,0.0,28,27:13,0,1,0,0,
603,2018-02-20,55,27-064,TBL,@,WSH,W,0,0,0,0,0,0,0,0,0,0,0,0,2,0.0,24,26:52,2,3,0,0,
604,2018-02-22,56,27-066,TBL,@,OTT,W,1,0,1,3,0,1,0,0,0,0,0,0,3,33.3,29,26:38,3,7,0,0,
605,2018-02-24,57,27-068,TBL,@,MTL,W,0,1,1,0,2,0,0,0,0,0,1,0,4,0.0,32,29:44,5,3,0,0,
606,2018-02-26,58,27-070,TBL,,TOR,W,0,0,0,-2,0,0,0,0,0,0,0,0,5,0.0,31,28:11,1,2,0,0,
607,2018-02-28,59,27-072,TBL,,BUF,L-OT,0,0,0,0,0,0,0,0,0,0,0,0,1,0.0,29,29:31,3,2,0,0,
608,2018-03-01,60,27-073,TBL,@,DAL,W,0,1,1,1,0,0,0,0,0,1,0,0,1,0.0,30,30:16,1,3,0,0,
609,2018-03-03,61,27-075,TBL,,PHI,W,2,2,4,1,0,2,0,0,0,1,1,0,4,50.0,36,28:11,0,1,0,0,
610,2018-03-06,62,27-078,TBL,,FLA,W,0,0,0,-2,0,0,0,0,0,0,0,0,3,0.0,27,24:06,3,2,0,0,
611,2018-03-08,63,27-080,TBL,,NYR,W,0,0,0,2,0,0,0,0,0,0,0,0,6,0.0,29,27:33,1,1,0,0,
612,2018-03-10,64,27-082,TBL,,MTL,W,0,0,0,0,0,0,0,0,0,0,0,0,3,0.0,31,29:34,3,2,0,0,
613,2018-03-13,65,27-085,TBL,,OTT,L,0,2,2,-1,0,0,0,0,0,0,2,0,1,0.0,29,24:22,1,0,0,0,
614,2018-03-17,66,27-089,TBL,,BOS,L,0,0,0,0,2,0,0,0,0,0,0,0,0,,25,28:19,3,2,0,0,
615,2018-03-18,67,27-090,TBL,,EDM,W,1,0,1,0,2,1,0,0,0,0,0,0,3,33.3,24,21:15,2,0,0,0,
616,2018-03-20,68,27-092,TBL,,TOR,W,1,0,1,1,0,1,0,0,0,0,0,0,1,100.0,28,22:30,3,2,0,0,
617,2018-03-22,69,27-094,TBL,@,NYI,W,1,1,2,0,4,1,0,0,0,0,1,0,4,25.0,28,23:23,1,1,0,0,
618,2018-03-24,70,27-096,TBL,@,NJD,L,0,0,0,0,2,0,0,0,0,0,0,0,2,0.0,27,25:30,0,1,0,0,
619,2018-03-26,71,27-098,TBL,,ARI,L,0,1,1,0,0,0,0,0,0,0,1,0,3,0.0,27,25:24,1,1,0,0,
620,2018-03-29,72,27-101,TBL,@,BOS,L,1,1,2,-1,0,1,0,0,0,0,1,0,1,100.0,31,24:32,2,1,0,0,
621,2018-03-30,73,27-102,TBL,@,NYR,W,0,2,2,2,0,0,0,0,0,1,1,0,5,0.0,28,22:50,3,1,0,0,
622,2018-04-01,74,27-104,TBL,,NSH,L,0,0,0,-1,2,0,0,0,0,0,0,0,0,,27,25:32,1,2,0,0,
623,2018-04-03,75,27-106,TBL,,BOS,W,1,0,1,3,2,1,0,0,0,0,0,0,5,20.0,28,27:43,3,2,0,0,
624,2018-04-06,76,27-109,TBL,,BUF,W,1,0,1,3,2,1,0,0,0,0,0,0,3,33.3,29,26:11,3,0,0,0,
625,2018-04-07,77,27-110,TBL,@,CAR,L-OT,0,1,1,-1,0,0,0,0,0,1,0,0,2,0.0,31,28:17,3,2,0,0,
626,2018-10-06,1,27-292,TBL,,FLA,W,0,0,0,-1,0,0,0,0,0,0,0,0,3,0.0,28,24:48,1,0,0,0,
627,2018-10-11,2,27-297,TBL,,VAN,L,0,0,0,-2,0,0,0,0,0,0,0,0,3,0.0,25,23:18,0,2,0,0,
628,2018-10-13,3,27-299,TBL,,CBJ,W,1,0,1,1,6,1,0,0,0,0,0,0,2,50.0,26,19:36,1,0,0,0,
629,2018-10-16,4,27-302,TBL,,CAR,W,0,0,0,0,0,0,0,0,0,0,0,0,1,0.0,26,21:58,0,3,0,0,
630,2018-10-18,5,27-304,TBL,,DET,W,0,0,0,-1,0,0,0,0,0,0,0,0,3,0.0,25,21:03,1,4,0,0,
631,2018-10-20,6,27-306,TBL,@,MIN,L-OT,0,1,1,-1,0,0,0,0,0,0,1,0,4,0.0,25,23:03,0,2,0,0,
632,2018-10-21,7,27-307,TBL,@,CHI,W,1,1,2,2,0,1,0,0,0,1,0,0,3,33.3,23,23:19,1,2,0,0,
633,2018-10-24,8,27-310,TBL,@,COL,W,0,0,0,0,0,0,0,0,0,0,0,0,3,0.0,27,22:51,1,3,0,0,
634,2018-10-26,9,27-312,TBL,@,VEG,W,0,0,0,-1,0,0,0,0,0,0,0,0,1,0.0,10,8:28,2,0,0,0,
635,2018-11-10,10,27-327,TBL,,OTT,L,1,0,1,-2,4,0,1,0,0,0,0,0,3,33.3,28,22:23,1,1,0,0,
636,2018-11-13,11,27-330,TBL,@,BUF,L,0,0,0,-2,0,0,0,0,0,0,0,0,0,,29,24:25,1,0,0,0,
637,2018-11-15,12,27-332,TBL,@,PIT,W,0,0,0,0,0,0,0,0,0,0,0,0,1,0.0,26,21:20,0,1,0,0,
638,2018-11-17,13,27-334,TBL,@,PHI,W,0,1,1,1,2,0,0,0,0,1,0,0,3,0.0,30,23:36,1,3,0,0,
639,2018-11-19,14,27-336,TBL,@,NSH,L,1,0,1,0,2,1,0,0,0,0,0,0,4,25.0,27,23:28,0,2,0,0,
640,2018-11-21,15,27-338,TBL,,FLA,W,0,2,2,2,0,0,0,0,0,1,1,0,2,0.0,25,22:01,0,1,0,0,
641,2018-11-23,16,27-340,TBL,,CHI,W,0,0,0,0,0,0,0,0,0,0,0,0,3,0.0,25,24:27,1,0,0,0,
642,2018-11-25,17,27-342,TBL,,NJD,W,0,1,1,0,0,0,0,0,0,0,1,0,3,0.0,27,21:54,0,0,0,0,
643,2018-11-27,18,27-344,TBL,,ANA,L,0,0,0,0,0,0,0,0,0,0,0,0,4,0.0,25,24:18,1,1,0,0,
644,2018-11-29,19,27-346,TBL,,BUF,W,0,2,2,1,0,0,0,0,0,1,1,0,1,0.0,29,26:55,1,1,0,0,
645,2018-12-01,20,27-348,TBL,@,FLA,W,0,1,1,0,2,0,0,0,0,0,1,0,3,0.0,27,21:53,1,0,0,0,
646,2018-12-03,21,27-350,TBL,@,NJD,W,0,1,1,1,0,0,0,0,0,0,1,0,4,0.0,28,23:34,0,1,0,0,
647,2018-12-04,22,27-351,TBL,@,DET,W,0,0,0,0,0,0,0,0,0,0,0,0,2,0.0,31,24:03,0,0,0,0,
648,2018-12-06,23,27-353,TBL,,BOS,W,0,0,0,1,2,0,0,0,0,0,0,0,1,0.0,22,20:58,0,2,0,0,
649,2018-12-08,24,27-355,TBL,,COL,W,0,1,1,2,0,0,0,0,0,0,1,0,3,0.0,26,22:09,1,2,0,0,
650,2018-12-10,25,27-357,TBL,,NYR,W,0,2,2,-1,2,0,0,0,0,0,2,0,2,0.0,24,23:02,1,1,0,0,
651,2018-12-13,26,27-360,TBL,,TOR,W,0,1,1,2,0,0,0,0,0,0,1,0,3,0.0,22,23:36,1,3,0,0,
652,2018-12-16,27,27-363,TBL,@,WPG,L-OT,0,0,0,-1,0,0,0,0,0,0,0,0,4,0.0,28,24:55,2,2,0,0,
653,2018-12-18,28,28-000,TBL,@,VAN,W,0,1,1,1,2,0,0,0,0,1,0,0,2,0.0,26,22:29,0,2,0,0,
654,2018-12-20,29,28-002,TBL,@,CGY,W,0,0,0,1,0,0,0,0,0,0,0,0,1,0.0,27,24:59,0,2,0,0,
655,2018-12-22,30,28-004,TBL,@,EDM,W,0,1,1,2,0,0,0,0,0,0,1,0,4,0.0,27,22:54,1,4,0,0,
656,2018-12-27,31,28-009,TBL,,PHI,W,0,1,1,4,0,0,0,0,0,0,1,0,1,0.0,25,24:42,0,3,0,0,
657,2018-12-29,32,28-011,TBL,,MTL,W,0,2,2,1,0,0,0,0,0,1,1,0,4,0.0,29,21:13,0,2,0,0,
658,2018-12-31,33,28-013,TBL,@,ANA,W,0,1,1,0,0,0,0,0,0,1,0,0,3,0.0,24,23:52,0,0,0,0,
659,2019-01-03,34,28-016,TBL,@,LAK,W,0,1,1,1,0,0,0,0,0,0,1,0,1,0.0,25,21:49,0,3,0,0,
660,2019-01-05,35,28-018,TBL,@,SJS,L,1,0,1,-1,2,1,0,0,0,0,0,0,1,100.0,23,22:32,1,4,0,0,
661,2019-01-08,36,28-021,TBL,,CBJ,W,0,0,0,0,0,0,0,0,0,0,0,0,0,,21,22:10,2,3,0,0,
662,2019-01-10,37,28-023,TBL,,CAR,W,0,1,1,0,2,0,0,0,0,0,1,0,1,0.0,25,21:02,0,1,0,0,
663,2019-01-12,38,28-025,TBL,@,BUF,W,0,2,2,4,0,0,0,0,0,2,0,0,2,0.0,22,22:06,0,1,0,0,
664,2019-01-13,39,28-026,TBL,@,NYI,L,0,0,0,-1,0,0,0,0,0,0,0,0,0,,8,7:58,1,2,0,0,
665,2019-01-15,40,28-028,TBL,@,DAL,W,0,0,0,2,4,0,0,0,0,0,0,0,1,0.0,22,19:13,1,1,0,0,
666,2019-01-17,41,28-030,TBL,,TOR,L,1,1,2,-1,2,1,0,0,0,0,1,0,8,12.5,24,25:26,2,1,0,0,
667,2019-01-19,42,28-032,TBL,,SJS,W,1,1,2,0,0,0,1,0,1,0,1,0,2,50.0,26,21:43,3,2,0,0,
668,2019-01-30,43,28-043,TBL,@,PIT,L,0,1,1,-2,0,0,0,0,0,0,1,0,4,0.0,26,24:57,2,1,0,1,0.0
669,2019-02-01,44,28-045,TBL,@,NYI,W,0,0,0,0,2,0,0,0,0,0,0,0,6,0.0,28,26:37,1,0,0,0,
670,2019-02-02,45,28-046,TBL,@,NYR,W,0,1,1,1,0,0,0,0,0,1,0,0,2,0.0,27,22:37,5,0,0,0,
671,2019-02-05,46,28-049,TBL,,VEG,L-SO,0,0,0,0,0,0,0,0,0,0,0,0,4,0.0,25,27:57,0,1,0,0,
672,2019-02-07,47,28-051,TBL,,STL,L-OT,0,0,0,0,0,0,0,0,0,0,0,0,2,0.0,29,27:20,1,0,0,0,
673,2019-02-09,48,28-053,TBL,,PIT,W,0,1,1,-3,0,0,0,0,0,1,0,0,3,0.0,29,22:50,1,3,0,0,
674,2019-02-10,49,28-054,TBL,@,FLA,W,0,1,1,2,0,0,0,0,0,1,0,0,1,0.0,24,22:44,1,2,0,0,
675,2019-02-12,50,28-056,TBL,,CGY,W,0,0,0,1,0,0,0,0,0,0,0,0,1,0.0,24,25:52,2,1,0,0,
676,2019-02-14,51,28-058,TBL,,DAL,W,0,0,0,0,0,0,0,0,0,0,0,0,3,0.0,25,23:51,0,1,0,0,
677,2019-02-16,52,28-060,TBL,,MTL,W,0,0,0,0,0,0,0,0,0,0,0,0,4,0.0,25,24:13,1,3,0,0,
678,2019-02-18,53,28-062,TBL,@,CBJ,W,0,0,0,0,0,0,0,0,0,0,0,0,0,,8,8:45,0,,,,
679,2019-02-21,54,28-065,TBL,,BUF,W,0,0,0,1,0,0,0,0,0,0,0,0,4,0.0,28,27:23,0,2,0,0,
680,2019-02-25,55,28-069,TBL,,LAK,W,0,0,0,0,0,0,0,0,0,0,0,0,3,0.0,30,24:39,0,1,0,0,
681,2019-02-27,56,28-071,TBL,@,NYR,W,1,1,2,1,0,1,0,0,1,0,1,0,4,25.0,27,27:06,2,2,0,0,
682,2019-02-28,57,28-072,TBL,@,BOS,L,0,0,0,-1,6,0,0,0,0,0,0,0,1,0.0,25,26:01,1,2,0,0,
683,2019-03-02,58,28-074,TBL,,OTT,W,1,1,2,1,0,1,0,0,0,1,0,0,4,25.0,27,24:54,1,1,0,0,
684,2019-03-05,59,28-077,TBL,,WPG,W,0,1,1,1,0,0,0,0,0,0,1,0,4,0.0,24,21:12,0,0,0,0,
685,2019-03-07,60,28-079,TBL,,MIN,L,0,0,0,-3,0,0,0,0,0,0,0,0,4,0.0,22,22:52,2,2,0,0,
686,2019-03-09,61,28-081,TBL,,DET,W,0,1,1,2,4,0,0,0,0,1,0,0,2,0.0,23,23:30,0,2,0,0,
687,2019-03-11,62,28-083,TBL,@,TOR,W,0,1,1,0,0,0,0,0,0,0,0,1,3,0.0,23,22:09,0,0,0,0,
688,2019-03-14,63,28-086,TBL,@,DET,W,0,1,1,0,0,0,0,0,0,0,1,0,7,0.0,26,23:18,0,0,0,0,
689,2019-03-16,64,28-088,TBL,,WSH,W,0,1,1,2,0,0,0,0,0,1,0,0,1,0.0,26,22:57,1,1,0,0,
690,2019-03-18,65,28-090,TBL,,ARI,W,1,0,1,2,0,1,0,0,1,0,0,0,2,50.0,25,23:26,1,2,0,0,
691,2019-03-20,66,28-092,TBL,@,WSH,W,1,1,2,2,0,1,0,0,1,0,1,0,3,33.3,28,28:35,0,0,0,0,
692,2019-03-21,67,28-093,TBL,@,CAR,W,0,3,3,1,0,0,0,0,0,2,1,0,2,0.0,26,26:21,3,0,0,0,
693,2019-03-23,68,28-095,TBL,@,STL,L,0,0,0,0,0,0,0,0,0,0,0,0,5,0.0,23,26:41,2,1,0,0,
694,2019-03-25,69,28-097,TBL,,BOS,W,1,1,2,3,0,1,0,0,0,1,0,0,3,33.3,24,25:42,2,1,0,0,
695,2019-03-30,70,28-102,TBL,,WSH,L,0,0,0,-1,0,0,0,0,0,0,0,0,0,,9,7:58,0,0,0,0,
696,2019-10-03,1,28-289,TBL,,FLA,W,0,1,1,-1,2,0,0,0,0,1,0,0,1,0.0,22,21:30,1,2,0,0,
697,2019-10-05,2,28-291,TBL,@,FLA,L,0,1,1,-1,0,0,0,0,0,1,0,0,0,,24,23:25,1,0,0,0,
698,2019-10-06,3,28-292,TBL,@,CAR,L-OT,0,1,1,-1,2,0,0,0,0,1,0,0,1,0.0,26,22:03,1,4,0,0,
699,2019-10-10,4,28-296,TBL,@,TOR,W,0,1,1,0,2,0,0,0,0,0,1,0,1,0.0,25,23:50,2,3,0,0,
700,2019-10-12,5,28-298,TBL,@,OTT,L,0,0,0,-1,0,0,0,0,0,0,0,0,1,0.0,25,24:47,4,2,0,0,
701,2019-10-15,6,28-301,TBL,@,MTL,W,0,1,1,0,2,0,0,0,0,0,1,0,1,0.0,23,19:20,0,2,0,0,
702,2019-10-17,7,28-303,TBL,@,BOS,W,0,1,1,2,0,0,0,0,0,1,0,0,1,0.0,33,27:10,3,3,0,0,
703,2019-10-19,8,28-305,TBL,,COL,L,1,0,1,0,5,1,0,0,0,0,0,0,2,50.0,25,22:59,1,0,0,0,
704,2019-10-23,9,28-309,TBL,,PIT,W,1,0,1,0,0,0,1,0,1,0,0,0,3,33.3,26,23:22,2,1,0,0,
705,2019-10-26,10,28-312,TBL,,NSH,L-OT,0,1,1,0,0,0,0,0,0,1,0,0,3,0.0,29,23:10,1,1,0,0,
706,2019-10-29,11,28-315,TBL,@,NYR,L,0,0,0,0,0,0,0,0,0,0,0,0,0,,8,6:37,0,0,0,0,
707,2019-11-08,12,28-325,TBL,@,BUF,W,0,1,1,1,0,0,0,0,0,0,1,0,2,0.0,28,25:47,0,1,0,0,
708,2019-11-09,13,28-326,TBL,,BUF,W,1,0,1,-1,0,0,1,0,0,0,0,0,4,25.0,25,21:52,0,3,0,0,
709,2019-11-14,14,28-331,TBL,,NYR,W,0,3,3,0,0,0,0,0,0,0,3,0,6,0.0,27,23:23,1,1,0,0,
710,2019-11-16,15,28-333,TBL,,WPG,L,1,1,2,1,0,1,0,0,0,1,0,0,5,20.0,26,24:34,1,2,0,0,
711,2019-11-19,16,28-336,TBL,@,STL,L,0,1,1,-1,2,0,0,0,0,1,0,0,2,0.0,28,24:49,1,2,0,0,
712,2019-11-21,17,28-338,TBL,@,CHI,W,0,1,1,2,0,0,0,0,0,1,0,0,2,0.0,23,20:44,0,1,0,0,
713,2019-11-23,18,28-340,TBL,,ANA,W,0,2,2,-1,0,0,0,0,0,0,2,0,1,0.0,24,19:13,1,2,0,0,
714,2019-11-25,19,28-342,TBL,,BUF,W,0,0,0,1,0,0,0,0,0,0,0,0,2,0.0,24,20:57,1,2,0,0,
715,2019-11-27,20,28-344,TBL,,STL,L,0,0,0,0,0,0,0,0,0,0,0,0,1,0.0,26,23:39,1,0,0,0,
716,2019-11-29,21,28-346,TBL,@,WSH,L-OT,0,1,1,-1,0,0,0,0,0,0,1,0,4,0.0,28,26:27,2,1,0,0,
717,2019-11-30,22,28-347,TBL,,CAR,L,0,1,1,-2,2,0,0,0,0,0,1,0,2,0.0,24,24:20,2,0,0,0,
718,2019-12-03,23,28-350,TBL,@,NSH,W,1,0,1,2,0,1,0,0,0,0,0,0,2,50.0,24,23:41,1,0,0,0,
719,2019-12-05,24,28-352,TBL,,MIN,L,1,0,1,-2,0,0,1,0,0,0,0,0,6,16.7,24,25:25,0,2,0,0,
720,2019-12-07,25,28-354,TBL,,SJS,W,1,2,3,3,0,1,0,0,0,0,2,0,6,16.7,24,20:47,1,1,0,0,
721,2019-12-09,26,28-356,TBL,,NYI,L,0,0,0,-1,0,0,0,0,0,0,0,0,3,0.0,25,23:53,1,1,0,0,
722,2019-12-10,27,28-357,TBL,@,FLA,W,0,0,0,0,0,0,0,0,0,0,0,0,2,0.0,24,22:28,4,3,0,0,
723,2019-12-12,28,28-359,TBL,,BOS,W,0,1,1,-1,0,0,0,0,0,0,1,0,1,0.0,24,23:19,1,1,0,0,
724,2019-12-14,29,28-361,TBL,,WSH,L,0,0,0,-1,0,0,0,0,0,0,0,0,2,0.0,24,25:43,0,1,0,0,
725,2019-12-17,30,28-364,TBL,,OTT,W,0,0,0,3,0,0,0,0,0,0,0,0,1,0.0,28,24:18,1,3,0,0,
726,2019-12-19,31,29-001,TBL,,DAL,L-OT,0,1,1,-2,0,0,0,0,0,0,1,0,4,0.0,27,24:51,2,0,0,0,
727,2019-12-21,32,29-003,TBL,@,WSH,L,0,0,0,-1,0,0,0,0,0,0,0,0,5,0.0,22,24:08,3,1,0,0,
728,2019-12-23,33,29-005,TBL,,FLA,W,2,1,3,2,0,2,0,0,1,0,1,0,5,40.0,24,21:53,2,1,0,0,
729,2019-12-28,34,29-010,TBL,,MTL,W,0,4,4,3,0,0,0,0,0,4,0,0,3,0.0,22,21:59,1,2,0,0,
730,2019-12-29,35,29-011,TBL,,DET,W,0,1,1,0,0,0,0,0,0,0,1,0,4,0.0,25,24:27,2,0,0,0,
731,2019-12-31,36,29-013,TBL,@,BUF,W,0,0,0,1,0,0,0,0,0,0,0,0,0,,29,25:23,1,0,0,0,
732,2020-01-02,37,29-015,TBL,@,MTL,W,0,0,0,1,4,0,0,0,0,0,0,0,0,,25,21:43,0,2,0,0,
733,2020-01-04,38,29-017,TBL,@,OTT,W,0,2,2,3,0,0,0,0,0,2,0,0,3,0.0,30,28:13,2,1,0,0,
734,2020-01-05,39,29-018,TBL,@,CAR,W,0,0,0,1,0,0,0,0,0,0,0,0,2,0.0,24,25:47,2,2,0,0,
735,2020-01-07,40,29-020,TBL,,VAN,W,0,1,1,-1,2,0,0,0,0,1,0,0,0,,23,23:56,1,3,0,0,
736,2020-01-09,41,29-022,TBL,,ARI,W,0,0,0,2,0,0,0,0,0,0,0,0,4,0.0,25,21:01,3,2,0,0,
737,2020-01-11,42,29-024,TBL,@,PHI,W,0,0,0,0,0,0,0,0,0,0,0,0,0,,29,25:03,1,1,0,0,
738,2020-01-12,43,29-025,TBL,@,NJD,L,0,1,1,-1,0,0,0,0,0,1,0,0,1,0.0,25,28:45,1,1,0,0,
739,2020-01-14,44,29-027,TBL,,LAK,W,0,0,0,2,0,0,0,0,0,0,0,0,6,0.0,29,29:05,2,2,0,0,
740,2020-01-16,45,29-029,TBL,@,MIN,L,0,0,0,-1,0,0,0,0,0,0,0,0,1,0.0,27,25:48,2,0,0,0,
741,2020-01-17,46,29-030,TBL,@,WPG,W,0,0,0,2,0,0,0,0,0,0,0,0,1,0.0,24,20:34,0,2,0,0,
742,2020-01-27,47,29-040,TBL,@,DAL,L-OT,0,1,1,0,0,0,0,0,0,1,0,0,2,0.0,29,26:37,0,1,0,0,
743,2020-01-29,48,29-042,TBL,@,LAK,W,0,0,0,1,0,0,0,0,0,0,0,0,1,0.0,26,24:47,1,2,0,0,
744,2020-01-31,49,29-044,TBL,@,ANA,W,0,0,0,-1,2,0,0,0,0,0,0,0,0,,24,23:24,0,2,0,0,
745,2020-02-01,50,29-045,TBL,@,SJS,W,0,0,0,0,0,0,0,0,0,0,0,0,3,0.0,25,23:44,0,0,0,0,
746,2020-02-04,51,29-048,TBL,,VEG,W,0,0,0,2,2,0,0,0,0,0,0,0,2,0.0,27,26:44,0,2,0,0,
747,2020-02-06,52,29-050,TBL,,PIT,W,0,3,3,4,0,0,0,0,0,3,0,0,3,0.0,31,27:56,0,1,0,0,
748,2020-02-08,53,29-052,TBL,,NYI,W,0,0,0,1,0,0,0,0,0,0,0,0,2,0.0,26,26:44,2,1,0,0,
749,2020-02-10,54,29-054,TBL,@,CBJ,W,0,1,1,1,0,0,0,0,0,1,0,0,2,0.0,29,29:10,0,1,0,0,
750,2020-02-11,55,29-055,TBL,@,PIT,W,0,1,1,1,0,0,0,0,0,1,0,0,4,0.0,31,28:46,0,2,0,0,
751,2020-02-13,56,29-057,TBL,,EDM,W,0,0,0,1,0,0,0,0,0,0,0,0,4,0.0,26,25:05,0,1,0,0,
752,2020-02-15,57,29-059,TBL,,PHI,W,0,2,2,3,0,0,0,0,0,2,0,0,1,0.0,25,32:12,0,2,0,0,
753,2020-02-17,58,29-061,TBL,@,COL,W,0,0,0,2,0,0,0,0,0,0,0,0,1,0.0,32,29:51,1,4,0,0,
754,2020-02-20,59,29-064,TBL,@,VEG,L,0,2,2,0,2,0,0,0,0,0,2,0,2,0.0,30,27:50,0,0,0,0,
755,2020-02-22,60,29-066,TBL,@,ARI,L,0,0,0,-2,2,0,0,0,0,0,0,0,5,0.0,28,23:46,3,2,0,0,
756,2020-02-25,61,29-069,TBL,,TOR,L,0,1,1,1,0,0,0,0,0,1,0,0,2,0.0,27,26:52,1,1,0,0,
757,2020-02-27,62,29-071,TBL,,CHI,L,0,1,1,-1,0,0,0,0,0,1,0,0,7,0.0,27,25:45,2,6,0,0,
758,2020-02-29,63,29-073,TBL,,CGY,W,0,0,0,0,0,0,0,0,0,0,0,0,1,0.0,22,25:18,0,3,0,0,
759,2020-03-03,64,29-076,TBL,,BOS,L,0,0,0,0,0,0,0,0,0,0,0,0,2,0.0,29,28:04,1,2,0,0,
760,2020-03-05,65,29-078,TBL,,MTL,W,2,0,2,2,0,1,1,0,1,0,0,0,4,50.0,25,24:36,1,0,0,0,
761,2020-03-07,66,29-080,TBL,@,BOS,W,0,0,0,1,0,0,0,0,0,0,0,0,0,,7,4:36,1,0,0,0,
