,date_game,game_season,age,team_id,game_location,opp_id,game_result,goals,assists,points,plus_minus,pen_min,goals_ev,goals_pp,goals_sh,goals_gw,assists_ev,assists_pp,assists_sh,shots,shot_pct,shifts,time_on_ice,hits_all,blocks_all,faceoff_wins_all,faceoff_losses_all,faceoff_percentage_all
0,2011-12-23,1,22-029,OTT,@,CAR,L-OT,0,0,0,-1,0,0,0,0,0,,,,0,,12,9:01,2,0,0,0,
1,2013-03-28,1,23-124,OTT,,NYR,W,0,0,0,0,0,0,0,0,0,,,,2,0.0,18,14:03,2,1,0,0,
2,2013-03-30,2,23-126,OTT,,TOR,L,0,0,0,0,0,0,0,0,0,,,,0,,15,12:35,4,0,1,0,100.0
3,2013-04-02,3,23-129,OTT,@,BOS,L,0,0,0,-1,2,0,0,0,0,,,,4,0.0,14,10:19,2,1,1,0,100.0
4,2013-12-03,1,24-009,OTT,@,FLA,W,0,0,0,0,2,0,0,0,0,,,,2,0.0,20,13:37,2,0,0,0,
5,2013-12-05,2,24-011,OTT,@,TBL,L,0,0,0,-2,0,0,0,0,0,,,,3,0.0,18,13:55,0,0,1,0,100.0
6,2013-12-07,3,24-013,OTT,,TOR,L-SO,0,0,0,0,0,0,0,0,0,,,,1,0.0,10,4:57,1,0,0,0,
7,2014-02-27,4,24-095,OTT,,DET,L,0,0,0,1,0,0,0,0,0,,,,6,0.0,20,14:35,2,0,0,0,
8,2014-03-02,5,24-098,OTT,@,VAN,W,0,0,0,0,0,0,0,0,0,,,,1,0.0,20,14:28,1,0,0,0,
9,2014-03-04,6,24-100,OTT,@,EDM,L,0,0,0,1,0,0,0,0,0,,,,1,0.0,21,12:48,1,1,0,0,
10,2014-03-05,7,24-101,OTT,@,CGY,L,0,0,0,0,0,0,0,0,0,,,,2,0.0,21,15:53,0,0,0,0,
11,2014-03-08,8,24-104,OTT,@,WPG,W,1,1,2,1,0,0,1,0,0,,,,3,33.3,22,14:48,2,0,0,0,
12,2014-03-10,9,24-106,OTT,,NSH,L-OT,0,0,0,0,0,0,0,0,0,,,,1,0.0,26,18:29,1,0,1,0,100.0
13,2014-03-15,10,24-111,OTT,@,MTL,L-OT,0,0,0,0,0,0,0,0,0,,,,4,0.0,20,11:02,0,0,0,0,
14,2014-03-16,11,24-112,OTT,,COL,L,0,0,0,0,0,0,0,0,0,,,,3,0.0,16,12:03,0,0,0,0,
15,2014-03-18,12,24-114,OTT,,NYR,L,1,0,1,-1,0,1,0,0,0,,,,3,33.3,21,14:15,0,0,0,0,
16,2014-03-20,13,24-116,OTT,,TBL,L,0,1,1,0,0,0,0,0,0,,,,0,,20,12:15,0,1,0,0,
17,2014-03-22,14,24-118,OTT,@,DAL,L,0,0,0,-1,0,0,0,0,0,,,,1,0.0,17,13:09,0,1,1,0,100.0
18,2014-03-24,15,24-120,OTT,@,TBL,W,0,0,0,-1,0,0,0,0,0,,,,2,0.0,13,9:17,0,0,0,0,
19,2014-03-25,16,24-121,OTT,@,FLA,L-SO,0,0,0,0,0,0,0,0,0,,,,4,0.0,16,11:15,0,0,1,3,25.0
20,2014-03-28,17,24-124,OTT,,CHI,W,0,0,0,-1,0,0,0,0,0,,,,0,,15,7:58,1,0,0,0,
21,2014-03-30,18,24-126,OTT,,CGY,W,0,0,0,1,0,0,0,0,0,,,,3,0.0,21,14:39,0,0,0,0,
22,2014-03-31,19,24-127,OTT,,CAR,W,0,0,0,0,0,0,0,0,0,,,,2,0.0,22,15:46,1,1,0,0,
23,2014-04-02,20,24-129,OTT,,NYI,L,0,0,0,0,0,0,0,0,0,,,,0,,20,16:30,0,1,0,0,
24,2014-04-04,21,24-131,OTT,,MTL,L,0,0,0,-1,0,0,0,0,0,,,,5,0.0,18,13:43,0,0,0,0,
25,2014-04-05,22,24-132,OTT,@,NYR,W,0,0,0,0,0,0,0,0,0,,,,2,0.0,17,10:07,0,0,0,0,
26,2014-04-10,23,24-137,OTT,,NJD,W,1,0,1,1,0,1,0,0,0,,,,2,50.0,16,12:45,2,2,2,0,100.0
27,2014-04-12,24,24-139,OTT,,TOR,W,0,0,0,0,0,0,0,0,0,,,,4,0.0,18,14:12,3,0,0,0,
28,2014-04-13,25,24-140,OTT,@,PIT,W,0,1,1,0,0,0,0,0,0,,,,6,0.0,23,17:12,1,0,0,0,
29,2014-10-09,1,24-319,OTT,@,NSH,L,0,0,0,0,0,0,0,0,0,0,0,0,0,,18,11:57,0,1,0,0,
30,2014-10-11,2,24-321,OTT,@,TBL,W,0,0,0,0,0,0,0,0,0,0,0,0,3,0.0,19,14:55,1,2,0,1,0.0
31,2014-10-18,3,24-328,OTT,,CBJ,W,1,1,2,2,0,1,0,0,1,1,0,0,4,25.0,20,12:31,1,1,0,0,
32,2014-10-25,4,24-335,OTT,,NJD,L-OT,0,0,0,0,0,0,0,0,0,0,0,0,0,,21,13:25,3,0,0,0,
33,2014-10-26,5,24-336,OTT,@,CHI,L,0,0,0,0,2,0,0,0,0,0,0,0,2,0.0,22,10:31,0,0,0,0,
34,2014-10-30,6,24-340,OTT,,CHI,L-SO,0,0,0,0,0,0,0,0,0,0,0,0,4,0.0,18,12:10,1,0,0,0,
35,2014-11-01,7,24-342,OTT,@,BOS,L,0,0,0,0,0,0,0,0,0,0,0,0,2,0.0,19,12:34,0,0,0,0,
36,2014-11-04,8,24-345,OTT,,DET,W,0,0,0,1,0,0,0,0,0,0,0,0,4,0.0,20,12:55,0,0,0,0,
37,2014-11-06,9,24-347,OTT,,MIN,W,2,0,2,2,0,2,0,0,0,0,0,0,4,50.0,16,10:24,2,0,0,0,
38,2014-11-08,10,24-349,OTT,,WPG,L-SO,0,0,0,0,0,0,0,0,0,0,0,0,4,0.0,23,16:00,2,0,0,0,
39,2014-11-09,11,24-350,OTT,,TOR,L,1,0,1,1,0,1,0,0,0,0,0,0,4,25.0,19,12:54,1,0,0,0,
40,2014-11-11,12,24-352,OTT,@,VAN,L-OT,1,0,1,1,0,1,0,0,0,0,0,0,1,100.0,18,12:03,0,0,0,0,
41,2014-11-13,13,24-354,OTT,@,EDM,W,2,0,2,1,0,2,0,0,1,0,0,0,5,40.0,19,13:55,1,0,0,0,
42,2014-11-15,14,24-356,OTT,@,CGY,L,0,0,0,0,0,0,0,0,0,0,0,0,1,0.0,26,14:56,0,0,0,0,
43,2014-11-20,15,24-361,OTT,,NSH,W,0,0,0,0,0,0,0,0,0,0,0,0,1,0.0,18,12:43,0,0,0,1,0.0
44,2014-11-22,16,24-363,OTT,,STL,L,0,0,0,0,0,0,0,0,0,0,0,0,2,0.0,17,13:47,1,1,0,0,
45,2014-11-24,17,25-000,OTT,@,DET,L,0,1,1,0,0,0,0,0,0,1,0,0,1,0.0,19,11:44,0,0,0,0,
46,2014-11-25,18,25-001,OTT,@,STL,W,0,1,1,0,2,0,0,0,0,1,0,0,4,0.0,21,15:00,0,0,0,0,
47,2014-11-28,19,25-004,OTT,@,FLA,L,0,0,0,-1,0,0,0,0,0,0,0,0,2,0.0,15,12:04,1,1,0,0,
48,2014-11-29,20,25-005,OTT,@,TBL,L,0,0,0,0,0,0,0,0,0,0,0,0,2,0.0,16,11:27,0,1,0,0,
49,2014-12-02,21,25-008,OTT,@,NYI,L-OT,1,0,1,0,0,1,0,0,0,0,0,0,1,100.0,21,15:52,1,0,0,0,
50,2014-12-04,22,25-010,OTT,,NYI,L,0,0,0,0,0,0,0,0,0,0,0,0,3,0.0,23,18:30,0,0,0,0,
51,2014-12-06,23,25-012,OTT,@,PIT,L,0,0,0,1,0,0,0,0,0,0,0,0,2,0.0,16,13:15,1,0,0,0,
52,2014-12-07,24,25-013,OTT,,VAN,W,0,1,1,2,0,0,0,0,0,1,0,0,2,0.0,20,17:56,0,0,0,0,
53,2014-12-11,25,25-017,OTT,,LAK,L,0,0,0,0,0,0,0,0,0,0,0,0,2,0.0,22,18:51,1,0,0,0,
54,2014-12-13,26,25-019,OTT,@,BOS,W,0,1,1,1,0,0,0,0,0,1,0,0,3,0.0,19,11:35,0,0,0,1,0.0
55,2014-12-15,27,25-021,OTT,@,BUF,L-SO,0,1,1,-1,0,0,0,0,0,1,0,0,5,0.0,23,16:23,0,0,0,0,
56,2014-12-17,28,25-023,OTT,@,NJD,W,0,0,0,0,0,0,0,0,0,0,0,0,2,0.0,15,11:01,0,0,0,0,
57,2014-12-19,29,25-025,OTT,,ANA,W,2,0,2,3,0,2,0,0,0,0,0,0,3,66.7,21,15:18,1,0,2,0,100.0
58,2014-12-20,30,25-026,OTT,@,MTL,L,0,0,0,0,0,0,0,0,0,0,0,0,3,0.0,21,17:20,2,2,0,0,
59,2014-12-22,31,25-028,OTT,@,WSH,L,0,0,0,0,0,0,0,0,0,0,0,0,1,0.0,20,16:13,1,1,0,0,
60,2014-12-27,32,25-033,OTT,,DET,L-OT,1,0,1,1,0,1,0,0,0,0,0,0,2,50.0,20,14:38,1,0,0,0,
61,2014-12-29,33,25-035,OTT,,BUF,W,0,1,1,1,0,0,0,0,0,1,0,0,4,0.0,18,13:15,0,0,1,0,100.0
62,2015-01-03,34,25-040,OTT,@,BOS,W,1,0,1,2,0,1,0,0,0,0,0,0,2,50.0,16,12:21,0,0,0,1,0.0
63,2015-01-04,35,25-041,OTT,,TBL,L,0,0,0,0,2,0,0,0,0,0,0,0,1,0.0,18,13:31,0,2,0,0,
64,2015-01-06,36,25-043,OTT,@,PHI,L-SO,1,0,1,1,0,1,0,0,0,0,0,0,1,100.0,25,18:43,0,1,0,0,
65,2015-01-08,37,25-045,OTT,@,COL,L,0,0,0,0,0,0,0,0,0,0,0,0,0,,20,13:56,0,0,0,0,
66,2015-01-10,38,25-047,OTT,@,ARI,W,1,0,1,1,0,1,0,0,0,0,0,0,4,25.0,17,11:34,1,0,0,1,0.0
67,2015-01-13,39,25-050,OTT,@,DAL,L,1,0,1,-1,0,1,0,0,0,0,0,0,3,33.3,26,18:41,0,0,0,0,
68,2015-01-15,40,25-052,OTT,,MTL,W,0,1,1,1,0,0,0,0,0,1,0,0,1,0.0,19,13:45,0,1,0,0,
69,2015-01-17,41,25-054,OTT,,CAR,L,0,0,0,-1,0,0,0,0,0,0,0,0,4,0.0,24,16:50,0,0,0,0,
70,2015-01-20,42,25-057,OTT,@,NYR,L-OT,0,0,0,-1,2,0,0,0,0,0,0,0,3,0.0,22,16:33,0,0,1,0,100.0
71,2015-01-21,43,25-058,OTT,,TOR,W,1,1,2,2,0,1,0,0,0,1,0,0,2,50.0,19,14:15,0,1,0,0,
72,2015-01-29,44,25-066,OTT,,DAL,L,0,0,0,-2,0,0,0,0,0,0,0,0,2,0.0,18,15:51,0,0,0,0,
73,2015-01-31,45,25-068,OTT,,ARI,W,1,0,1,1,0,1,0,0,0,0,0,0,3,33.3,18,13:11,1,1,0,0,
74,2015-02-03,46,25-071,OTT,@,NJD,L,0,1,1,0,0,0,0,0,0,1,0,0,2,0.0,18,15:07,0,0,0,0,
75,2015-02-05,47,25-073,OTT,,WSH,L,0,1,1,1,0,0,0,0,0,1,0,0,3,0.0,22,19:17,1,1,0,0,
76,2015-02-07,48,25-075,OTT,,CBJ,L,0,0,0,-1,0,0,0,0,0,0,0,0,0,,13,12:08,1,0,0,0,
77,2015-02-10,49,25-078,OTT,@,BUF,W,0,1,1,1,0,0,0,0,0,1,0,0,2,0.0,16,11:38,0,0,0,0,
78,2015-02-12,50,25-080,OTT,,PIT,L-SO,1,0,1,-2,0,1,0,0,0,0,0,0,2,50.0,20,13:03,0,0,1,0,100.0
79,2015-02-14,51,25-082,OTT,,EDM,W,1,1,2,0,0,1,0,0,0,0,1,0,3,33.3,20,14:02,0,0,0,1,0.0
80,2015-02-16,52,25-084,OTT,,CAR,L,1,0,1,2,0,1,0,0,0,0,0,0,3,33.3,19,13:37,0,1,0,0,
81,2015-02-18,53,25-086,OTT,,MTL,W,0,1,1,1,0,0,0,0,0,1,0,0,3,0.0,18,14:11,1,0,0,0,
82,2015-02-21,54,25-089,OTT,,FLA,W,0,0,0,0,0,0,0,0,0,0,0,0,2,0.0,13,11:01,2,1,0,0,
83,2015-02-25,55,25-093,OTT,@,ANA,W,0,1,1,1,0,0,0,0,0,1,0,0,3,0.0,19,15:12,0,1,0,0,
84,2015-02-26,56,25-094,OTT,@,LAK,W,1,0,1,1,0,1,0,0,1,0,0,0,2,50.0,20,15:16,1,2,0,0,
85,2015-02-28,57,25-096,OTT,@,SJS,W,2,1,3,1,0,1,1,0,1,0,1,0,3,66.7,22,18:55,0,1,0,0,
86,2015-03-03,58,25-099,OTT,@,MIN,L-SO,0,1,1,2,0,0,0,0,0,1,0,0,4,0.0,26,17:45,1,0,0,0,
87,2015-03-04,59,25-100,OTT,@,WPG,W,0,0,0,-1,0,0,0,0,0,0,0,0,1,0.0,10,8:44,0,0,0,0,
88,2015-03-06,60,25-102,OTT,,BUF,W,0,1,1,0,0,0,0,0,0,1,0,0,5,0.0,22,19:04,0,1,0,0,
89,2015-03-08,61,25-104,OTT,,CGY,W,1,0,1,0,0,1,0,0,0,0,0,0,6,16.7,24,17:37,1,1,0,0,
90,2015-03-10,62,25-106,OTT,,BOS,L,0,0,0,-1,0,0,0,0,0,0,0,0,3,0.0,21,18:35,0,0,0,0,
91,2015-03-12,63,25-108,OTT,@,MTL,W,0,0,0,0,2,0,0,0,0,0,0,0,3,0.0,20,19:16,0,0,0,0,
92,2015-03-13,64,25-109,OTT,@,NYI,W,0,0,0,0,0,0,0,0,0,0,0,0,2,0.0,20,17:47,0,0,0,0,
93,2015-03-15,65,25-111,OTT,,PHI,W,0,0,0,-1,0,0,0,0,0,0,0,0,1,0.0,22,16:43,0,0,0,0,
94,2015-03-17,66,25-113,OTT,@,CAR,W,0,0,0,0,2,0,0,0,0,0,0,0,2,0.0,21,15:20,1,0,0,0,
95,2015-03-19,67,25-115,OTT,,BOS,W,0,0,0,-1,0,0,0,0,0,0,0,0,3,0.0,14,12:56,0,0,0,0,
96,2015-03-21,68,25-117,OTT,,TOR,W,1,0,1,-1,0,1,0,0,0,0,0,0,5,20.0,21,17:59,2,1,1,0,100.0
97,2015-03-23,69,25-119,OTT,,SJS,W,1,2,3,3,0,1,0,0,0,2,0,0,1,100.0,23,16:24,1,3,0,0,
98,2015-03-26,70,25-122,OTT,,NYR,L,0,0,0,-3,0,0,0,0,0,0,0,0,1,0.0,21,16:29,1,0,1,0,100.0
99,2015-03-28,71,25-124,OTT,@,TOR,L-OT,0,0,0,-1,0,0,0,0,0,0,0,0,1,0.0,18,15:02,0,1,0,0,
100,2015-03-29,72,25-125,OTT,,FLA,L,0,1,1,-1,0,0,0,0,0,1,0,0,3,0.0,20,18:10,0,0,0,0,
101,2015-03-31,73,25-127,OTT,@,DET,W,0,0,0,0,0,0,0,0,0,0,0,0,5,0.0,19,13:35,0,0,0,0,
102,2015-04-02,74,25-129,OTT,,TBL,W,0,0,0,0,0,0,0,0,0,0,0,0,5,0.0,21,17:28,0,0,0,0,
103,2015-04-04,75,25-131,OTT,,WSH,W,0,0,0,-1,2,0,0,0,0,0,0,0,1,0.0,14,9:56,0,0,0,0,
104,2015-04-05,76,25-132,OTT,@,TOR,L-SO,0,0,0,-1,0,0,0,0,0,0,0,0,4,0.0,16,12:48,0,1,0,0,
105,2015-04-07,77,25-134,OTT,,PIT,W,1,0,1,0,0,1,0,0,0,0,0,0,6,16.7,19,13:01,1,0,0,0,
106,2015-04-09,78,25-136,OTT,@,NYR,W,0,0,0,0,0,0,0,0,0,0,0,0,0,,18,15:23,1,2,0,1,0.0
107,2015-04-11,79,25-138,OTT,@,PHI,W,0,0,0,0,0,0,0,0,0,0,0,0,0,,13,9:04,1,0,0,0,
108,2015-10-08,1,25-318,OTT,@,BUF,W,0,2,2,2,0,0,0,0,0,2,0,0,2,0.0,23,17:07,1,0,0,0,
109,2015-10-10,2,25-320,OTT,@,TOR,W,0,1,1,-1,0,0,0,0,0,1,0,0,3,0.0,26,21:28,1,1,0,0,
110,2015-10-11,3,25-321,OTT,,MTL,L,0,0,0,-2,0,0,0,0,0,0,0,0,3,0.0,24,18:55,0,1,1,2,33.3
111,2015-10-14,4,25-324,OTT,@,CBJ,W,1,0,1,3,0,1,0,0,0,0,0,0,4,25.0,23,15:32,0,1,0,0,
112,2015-10-15,5,25-325,OTT,@,PIT,L,0,0,0,0,0,0,0,0,0,0,0,0,2,0.0,20,18:17,0,0,0,0,
113,2015-10-17,6,25-327,OTT,,NSH,L-SO,2,1,3,3,0,2,0,0,0,1,0,0,4,50.0,24,18:22,0,0,1,0,100.0
114,2015-10-22,7,25-332,OTT,,NJD,L-SO,1,0,1,0,0,0,1,0,0,0,0,0,4,25.0,20,16:11,0,0,0,1,0.0
115,2015-11-03,8,25-344,OTT,@,MTL,W,0,1,1,1,0,0,0,0,0,1,0,0,3,0.0,21,16:58,0,1,0,0,
116,2015-11-05,9,25-346,OTT,,WPG,W,0,0,0,-1,0,0,0,0,0,0,0,0,1,0.0,25,20:52,0,1,0,0,
117,2015-11-07,10,25-348,OTT,@,CAR,L-OT,0,0,0,1,0,0,0,0,0,0,0,0,0,,26,18:48,0,0,0,0,
118,2015-11-10,11,25-351,OTT,@,NSH,L,0,1,1,-2,0,0,0,0,0,0,1,0,2,0.0,23,19:31,0,1,0,1,0.0
119,2015-11-12,12,25-353,OTT,,VAN,W,0,2,2,1,0,0,0,0,0,1,1,0,0,,22,15:59,0,0,0,0,
120,2015-11-14,13,25-355,OTT,,NYR,L-SO,0,0,0,0,0,0,0,0,0,0,0,0,4,0.0,23,19:22,0,0,0,0,
121,2015-11-16,14,25-357,OTT,,DET,L-OT,1,1,2,-1,0,0,1,0,0,1,0,0,3,33.3,25,19:16,1,1,0,0,
122,2015-11-19,15,25-360,OTT,,CBJ,W,0,0,0,1,0,0,0,0,0,0,0,0,5,0.0,21,17:24,1,1,0,0,
123,2015-11-21,16,25-362,OTT,,PHI,W,1,1,2,2,2,1,0,0,0,1,0,0,5,20.0,20,15:26,0,0,0,0,
124,2015-11-24,17,26-000,OTT,@,DAL,W,2,0,2,0,0,1,1,0,0,0,0,0,2,100.0,22,17:52,0,0,0,0,
125,2015-11-25,18,26-001,OTT,@,COL,W,0,1,1,1,0,0,0,0,0,1,0,0,0,,18,13:32,1,0,0,0,
126,2015-11-28,19,26-004,OTT,@,ARI,L,2,0,2,-1,0,1,1,0,0,0,0,0,7,28.6,28,21:08,0,0,0,0,
127,2015-12-01,20,26-007,OTT,,PHI,L,1,0,1,0,0,1,0,0,0,0,0,0,3,33.3,21,19:19,0,1,0,0,
128,2015-12-03,21,26-009,OTT,,CHI,W,2,1,3,1,2,2,0,0,1,0,1,0,7,28.6,28,23:32,0,0,0,0,
129,2015-12-05,22,26-011,OTT,,NYI,W,1,0,1,1,0,1,0,0,0,0,0,0,7,14.3,25,21:29,0,1,0,0,
130,2015-12-06,23,26-012,OTT,@,NYR,L,0,0,0,-2,0,0,0,0,0,0,0,0,0,,22,20:32,1,1,0,0,
131,2015-12-08,24,26-014,OTT,@,FLA,W,1,0,1,1,0,1,0,0,1,0,0,0,4,25.0,17,14:56,0,2,0,0,
132,2015-12-10,25,26-016,OTT,@,TBL,L,0,0,0,-2,0,0,0,0,0,0,0,0,3,0.0,23,19:05,1,1,1,0,100.0
133,2015-12-12,26,26-018,OTT,@,MTL,L,0,0,0,-1,0,0,0,0,0,0,0,0,5,0.0,21,18:32,0,0,0,0,
134,2015-12-14,27,26-020,OTT,,LAK,W,2,1,3,4,0,2,0,0,1,1,0,0,3,66.7,20,15:15,0,0,0,0,
135,2015-12-16,28,26-022,OTT,@,WSH,L,0,0,0,0,0,0,0,0,0,0,0,0,4,0.0,22,20:11,0,0,0,0,
136,2015-12-18,29,26-024,OTT,,SJS,W,0,1,1,2,0,0,0,0,0,1,0,0,3,0.0,21,16:54,0,1,0,1,0.0
137,2015-12-20,30,26-026,OTT,@,TBL,L,0,1,1,0,0,0,0,0,0,1,0,0,1,0.0,22,19:43,0,0,0,0,
138,2015-12-22,31,26-028,OTT,@,FLA,L-SO,0,0,0,0,0,0,0,0,0,0,0,0,1,0.0,21,18:13,2,0,0,0,
139,2015-12-27,32,26-033,OTT,,BOS,W,0,1,1,1,0,0,0,0,0,1,0,0,1,0.0,19,15:34,0,0,0,0,
140,2015-12-29,33,26-035,OTT,@,BOS,L,1,0,1,0,0,1,0,0,0,0,0,0,1,100.0,23,18:52,1,0,0,1,0.0
141,2015-12-30,34,26-036,OTT,,NJD,L,0,0,0,-1,0,0,0,0,0,0,0,0,4,0.0,17,18:08,1,0,0,0,
142,2016-01-03,35,26-040,OTT,@,CHI,L,0,0,0,-2,0,0,0,0,0,0,0,0,1,0.0,22,19:49,1,1,0,0,
143,2016-01-04,36,26-041,OTT,@,STL,W,1,0,1,0,0,0,1,0,0,0,0,0,2,50.0,23,19:47,0,1,2,2,50.0
144,2016-01-07,37,26-044,OTT,,FLA,L,0,0,0,1,0,0,0,0,0,0,0,0,2,0.0,19,19:48,0,0,1,0,100.0
145,2016-01-09,38,26-046,OTT,,BOS,W,0,0,0,1,0,0,0,0,0,0,0,0,0,,22,18:36,1,1,1,0,100.0
146,2016-01-10,39,26-047,OTT,@,WSH,L,1,0,1,0,0,1,0,0,0,0,0,0,3,33.3,16,13:45,0,1,0,0,
147,2016-01-13,40,26-050,OTT,@,ANA,L,0,0,0,0,0,0,0,0,0,0,0,0,5,0.0,19,15:50,0,0,0,0,
148,2016-01-16,41,26-053,OTT,@,LAK,W,0,0,0,-1,2,0,0,0,0,0,0,0,2,0.0,20,17:13,0,1,0,0,
149,2016-01-18,42,26-055,OTT,@,SJS,W,0,0,0,0,0,0,0,0,0,0,0,0,2,0.0,8,6:34,0,0,0,0,
150,2016-01-21,43,26-058,OTT,@,NJD,L,1,0,1,-3,0,0,1,0,0,0,0,0,4,25.0,20,17:00,0,0,0,0,
151,2016-01-22,44,26-059,OTT,,NYI,L,0,0,0,-1,0,0,0,0,0,0,0,0,6,0.0,21,18:57,0,2,0,0,
152,2016-01-24,45,26-061,OTT,,NYR,W,1,1,2,2,0,1,0,0,0,1,0,0,5,20.0,22,15:23,0,0,0,0,
153,2016-01-26,46,26-063,OTT,,BUF,L,0,0,0,0,2,0,0,0,0,0,0,0,8,0.0,23,19:30,0,1,0,0,
154,2016-02-02,47,26-070,OTT,@,PIT,L,0,1,1,-1,0,0,0,0,0,1,0,0,2,0.0,19,15:06,0,0,0,0,
155,2016-02-04,48,26-072,OTT,,EDM,L,1,0,1,-2,0,0,1,0,0,0,0,0,3,33.3,26,19:50,1,0,0,0,
156,2016-02-06,49,26-074,OTT,,TOR,W,0,0,0,1,0,0,0,0,0,0,0,0,3,0.0,22,17:28,0,0,0,0,
157,2016-02-08,50,26-076,OTT,,TBL,W,0,0,0,-1,2,0,0,0,0,0,0,0,2,0.0,21,20:04,0,0,0,0,
158,2016-02-10,51,26-078,OTT,@,DET,L,0,1,1,0,0,0,0,0,0,0,1,0,2,0.0,27,19:59,0,0,0,0,
159,2016-02-11,52,26-079,OTT,,COL,L,1,0,1,-1,0,0,1,0,0,0,0,0,5,20.0,20,13:43,0,0,0,0,
160,2016-02-13,53,26-081,OTT,@,CBJ,L,0,0,0,-1,0,0,0,0,0,0,0,0,5,0.0,26,16:52,0,0,0,0,
161,2016-02-16,54,26-084,OTT,,BUF,W,0,0,0,0,0,0,0,0,0,0,0,0,0,,23,18:43,0,0,0,0,
162,2016-02-18,55,26-086,OTT,,CAR,W,0,0,0,0,0,0,0,0,0,0,0,0,2,0.0,18,16:44,2,0,0,0,
163,2016-02-20,56,26-088,OTT,,DET,W,0,0,0,0,0,0,0,0,0,0,0,0,5,0.0,26,21:19,1,0,0,0,
164,2016-02-23,57,26-091,OTT,@,EDM,W,0,0,0,0,0,0,0,0,0,0,0,0,0,,16,16:06,0,0,0,0,
165,2016-02-25,58,26-093,OTT,@,VAN,L,1,0,1,0,0,1,0,0,0,0,0,0,4,25.0,23,19:10,0,0,0,1,0.0
166,2016-02-27,59,26-095,OTT,@,CGY,W,0,2,2,-1,0,0,0,0,0,2,0,0,2,0.0,20,13:44,0,0,0,0,
167,2016-03-01,60,26-098,OTT,,STL,L-SO,0,0,0,-1,0,0,0,0,0,0,0,0,4,0.0,23,20:51,1,0,1,0,100.0
168,2016-03-03,61,26-100,OTT,,TBL,L,0,0,0,-2,0,0,0,0,0,0,0,0,5,0.0,22,20:22,1,0,0,0,
169,2016-03-05,62,26-102,OTT,@,TOR,W,0,0,0,1,0,0,0,0,0,0,0,0,0,,15,10:45,0,0,0,1,0.0
170,2016-03-06,63,26-103,OTT,,DAL,L,0,0,0,0,0,0,0,0,0,0,0,0,2,0.0,14,13:46,1,1,0,0,
171,2016-03-08,64,26-105,OTT,@,CAR,L-SO,0,0,0,-2,2,0,0,0,0,0,0,0,3,0.0,22,18:03,0,1,0,0,
172,2016-03-10,65,26-107,OTT,@,FLA,L,0,0,0,-2,2,0,0,0,0,0,0,0,4,0.0,23,16:53,0,1,0,0,
173,2016-03-12,66,26-109,OTT,,TOR,W,0,1,1,1,2,0,0,0,0,1,0,0,1,0.0,23,13:30,0,1,0,0,
174,2016-03-15,67,26-112,OTT,,MIN,W,1,0,1,0,0,1,0,0,0,0,0,0,3,33.3,23,18:12,0,0,0,0,
175,2016-03-18,68,26-115,OTT,@,BUF,L,0,1,1,0,0,0,0,0,0,1,0,0,4,0.0,21,17:27,0,1,0,0,
176,2016-03-19,69,26-116,OTT,,MTL,W,0,2,2,2,0,0,0,0,0,2,0,0,4,0.0,19,14:02,0,0,0,0,
177,2016-03-22,70,26-119,OTT,,WSH,L,0,2,2,1,0,0,0,0,0,2,0,0,4,0.0,21,18:13,0,0,0,0,
178,2016-03-23,71,26-120,OTT,@,NYI,L,0,0,0,0,0,0,0,0,0,0,0,0,2,0.0,22,18:22,0,0,0,0,
179,2016-03-26,72,26-123,OTT,,ANA,L-OT,1,0,1,0,0,1,0,0,0,0,0,0,5,20.0,24,14:47,1,0,0,0,
180,2016-03-30,73,26-127,OTT,@,WPG,W,0,0,0,-1,0,0,0,0,0,0,0,0,2,0.0,19,14:47,0,0,0,0,
181,2016-03-31,74,26-128,OTT,@,MIN,W,0,0,0,0,0,0,0,0,0,0,0,0,2,0.0,19,16:08,0,0,0,0,
182,2016-04-02,75,26-130,OTT,@,PHI,L,1,1,2,1,0,0,1,0,0,1,0,0,6,16.7,23,17:18,0,0,0,0,
183,2016-04-05,76,26-133,OTT,,PIT,L,1,1,2,0,0,1,0,0,0,1,0,0,7,14.3,23,21:23,1,0,0,0,
184,2016-04-07,77,26-135,OTT,,FLA,W,0,0,0,0,0,0,0,0,0,0,0,0,4,0.0,18,14:24,0,0,0,0,
185,2016-04-09,78,26-137,OTT,@,BOS,W,0,1,1,1,2,0,0,0,0,1,0,0,4,0.0,22,15:54,0,1,0,0,
186,2016-10-12,1,26-323,OTT,,TOR,W,0,0,0,-1,0,0,0,0,0,0,0,0,1,0.0,19,16:54,1,0,0,0,
187,2016-10-15,2,26-326,OTT,,MTL,W,0,0,0,1,2,0,0,0,0,0,0,0,6,0.0,22,17:54,3,0,1,0,100.0
188,2016-10-17,3,26-328,OTT,@,DET,L,0,0,0,-1,2,0,0,0,0,0,0,0,5,0.0,24,16:41,0,0,0,1,0.0
189,2016-10-18,4,26-329,OTT,,ARI,W,0,3,3,1,0,0,0,0,0,2,1,0,8,0.0,21,15:42,0,0,0,0,
190,2016-10-22,5,26-333,OTT,,TBL,L,0,0,0,-1,2,0,0,0,0,0,0,0,3,0.0,20,16:54,0,0,0,0,
191,2016-10-25,6,26-336,OTT,@,VAN,W,0,0,0,0,0,0,0,0,0,0,0,0,1,0.0,20,17:44,0,2,0,0,
192,2016-10-28,7,26-339,OTT,@,CGY,L,0,1,1,-2,0,0,0,0,0,0,1,0,2,0.0,19,15:55,0,0,0,0,
193,2016-10-30,8,26-341,OTT,@,EDM,W,1,0,1,1,0,1,0,0,1,0,0,0,4,25.0,21,14:21,0,0,0,1,0.0
194,2016-11-01,9,26-343,OTT,,CAR,W,0,0,0,0,0,0,0,0,0,0,0,0,4,0.0,22,19:37,0,1,0,0,
195,2016-11-03,10,26-345,OTT,,VAN,W,1,0,1,1,0,1,0,0,1,0,0,0,5,20.0,23,22:12,1,1,0,0,
196,2016-11-05,11,26-347,OTT,,BUF,L,1,0,1,0,0,0,1,0,0,0,0,0,4,25.0,23,18:10,0,2,0,0,
197,2016-11-08,12,26-350,OTT,@,NSH,L,0,0,0,-3,0,0,0,0,0,0,0,0,2,0.0,17,16:11,0,1,0,0,
198,2016-11-09,13,26-351,OTT,@,BUF,W,0,0,0,0,0,0,0,0,0,0,0,0,2,0.0,20,17:27,0,1,0,0,
199,2016-11-11,14,26-353,OTT,,LAK,W,0,0,0,-1,0,0,0,0,0,0,0,0,3,0.0,22,18:01,0,0,0,0,
200,2016-11-13,15,26-355,OTT,,MIN,L-OT,0,0,0,-1,0,0,0,0,0,0,0,0,0,,18,16:14,0,0,0,0,
201,2016-11-15,16,26-357,OTT,@,PHI,W,0,0,0,0,2,0,0,0,0,0,0,0,3,0.0,23,18:46,2,0,0,0,
202,2016-11-22,17,26-364,OTT,@,MTL,W,1,2,3,1,2,0,1,0,0,2,0,0,4,25.0,17,14:56,0,0,0,0,
203,2016-11-24,18,27-000,OTT,,BOS,W,0,1,1,2,0,0,0,0,0,1,0,0,4,0.0,20,15:03,3,0,0,0,
204,2016-11-26,19,27-002,OTT,,CAR,W,0,0,0,0,0,0,0,0,0,0,0,0,1,0.0,20,16:28,2,0,0,0,
205,2016-11-27,20,27-003,OTT,@,NYR,W,0,1,1,0,0,0,0,0,0,0,1,0,0,,19,14:21,0,0,1,0,100.0
206,2016-11-29,21,27-005,OTT,,BUF,L,3,1,4,2,0,2,1,0,0,0,1,0,5,60.0,23,20:38,1,1,0,0,
207,2016-12-01,22,27-007,OTT,,PHI,L-OT,1,0,1,-1,2,0,1,0,0,0,0,0,7,14.3,23,17:57,1,1,2,0,100.0
208,2016-12-03,23,27-009,OTT,,FLA,W,0,1,1,1,0,0,0,0,0,1,0,0,1,0.0,20,18:14,0,0,0,0,
209,2016-12-05,24,27-011,OTT,@,PIT,L,1,0,1,-3,0,0,1,0,0,0,0,0,4,25.0,26,19:44,2,1,0,0,
210,2016-12-07,25,27-013,OTT,@,SJS,W,0,1,1,0,0,0,0,0,0,0,1,0,0,,23,18:49,1,0,0,0,
211,2016-12-10,26,27-016,OTT,@,LAK,L,0,0,0,-1,0,0,0,0,0,0,0,0,3,0.0,23,17:05,1,0,0,0,
212,2016-12-11,27,27-017,OTT,@,ANA,L,0,0,0,-1,0,0,0,0,0,0,0,0,3,0.0,20,16:11,0,0,0,0,
213,2016-12-14,28,27-020,OTT,,SJS,L-SO,0,1,1,1,15,0,0,0,0,1,0,0,2,0.0,15,14:25,2,1,0,0,
214,2016-12-20,29,27-026,OTT,@,CHI,W,0,0,0,0,0,0,0,0,0,0,0,0,3,0.0,17,13:29,0,0,0,0,
215,2016-12-22,30,27-028,OTT,,ANA,W,1,0,1,0,0,0,1,0,1,0,0,0,1,100.0,21,16:46,2,0,0,0,
216,2016-12-27,31,27-033,OTT,@,NYR,L,0,2,2,2,0,0,0,0,0,2,0,0,4,0.0,25,19:02,1,0,1,0,100.0
217,2016-12-29,32,27-035,OTT,,DET,L-OT,0,1,1,1,0,0,0,0,0,1,0,0,4,0.0,18,16:08,2,1,0,0,
218,2017-01-01,33,27-038,OTT,@,WSH,L,0,0,0,0,0,0,0,0,0,0,0,0,3,0.0,24,23:17,1,0,0,0,
219,2017-01-07,34,27-044,OTT,,WSH,L,0,0,0,0,2,0,0,0,0,0,0,0,2,0.0,22,21:24,2,0,0,0,
220,2017-01-08,35,27-045,OTT,,EDM,W,1,1,2,2,0,0,1,0,0,1,0,0,1,100.0,22,17:03,1,1,0,0,
221,2017-01-12,36,27-049,OTT,,PIT,W,1,0,1,1,0,0,1,0,1,0,0,0,4,25.0,23,14:35,1,0,0,0,
222,2017-01-14,37,27-051,OTT,,TOR,L,0,1,1,0,0,0,0,0,0,1,0,0,3,0.0,25,20:10,1,0,0,0,
223,2017-01-17,38,27-054,OTT,@,STL,W,2,0,2,3,0,1,1,0,1,0,0,0,5,40.0,21,17:21,0,0,0,0,
224,2017-01-19,39,27-056,OTT,@,CBJ,W,0,0,0,1,0,0,0,0,0,0,0,0,1,0.0,21,14:28,0,0,0,0,
225,2017-01-21,40,27-058,OTT,@,TOR,W,1,0,1,0,0,0,1,0,0,0,0,0,4,25.0,25,20:27,1,0,0,0,
226,2017-01-22,41,27-059,OTT,,CBJ,L-OT,2,0,2,2,4,2,0,0,0,0,0,0,2,100.0,22,17:17,0,0,0,0,
227,2017-01-26,42,27-063,OTT,,CGY,L-OT,0,1,1,1,0,0,0,0,0,1,0,0,3,0.0,24,19:30,0,0,0,0,
228,2017-01-31,43,27-068,OTT,@,FLA,L,0,0,0,-1,2,0,0,0,0,0,0,0,4,0.0,20,16:50,0,0,0,0,
229,2017-02-02,44,27-070,OTT,@,TBL,W,1,1,2,1,0,0,1,0,1,0,1,0,4,25.0,20,16:47,1,0,0,0,
230,2017-02-04,45,27-072,OTT,@,BUF,L,0,0,0,0,0,0,0,0,0,0,0,0,5,0.0,20,18:47,0,0,0,0,
231,2017-02-07,46,27-075,OTT,,STL,L,0,0,0,-2,0,0,0,0,0,0,0,0,4,0.0,20,16:55,1,0,0,0,
232,2017-02-09,47,27-077,OTT,,DAL,W,0,0,0,-2,2,0,0,0,0,0,0,0,1,0.0,16,13:33,1,1,0,0,
233,2017-02-11,48,27-079,OTT,,NYI,W,0,0,0,1,0,0,0,0,0,0,0,0,0,,17,16:09,0,2,0,0,
234,2017-02-14,49,27-082,OTT,,BUF,L,0,0,0,1,0,0,0,0,0,0,0,0,7,0.0,22,21:34,0,0,0,0,
235,2017-02-16,50,27-084,OTT,@,NJD,W,0,1,1,1,0,0,0,0,0,1,0,0,3,0.0,21,16:51,1,0,0,0,
236,2017-02-18,51,27-086,OTT,@,TOR,W,1,0,1,1,0,1,0,0,0,0,0,0,6,16.7,23,15:34,0,0,0,0,
237,2017-02-19,52,27-087,OTT,,WPG,L,0,0,0,0,0,0,0,0,0,0,0,0,1,0.0,8,5:46,0,0,0,0,
238,2017-02-26,53,27-094,OTT,@,FLA,W,0,1,1,1,2,0,0,0,0,1,0,0,3,0.0,21,16:03,0,0,2,2,50.0
239,2017-02-27,54,27-095,OTT,@,TBL,L,0,1,1,-1,0,0,0,0,0,0,1,0,5,0.0,27,20:34,0,0,1,3,25.0
240,2017-03-02,55,27-098,OTT,,COL,W,0,2,2,2,2,0,0,0,0,2,0,0,3,0.0,17,14:57,0,0,3,0,100.0
241,2017-03-04,56,27-100,OTT,,CBJ,W,0,0,0,-1,4,0,0,0,0,0,0,0,3,0.0,20,14:54,2,1,0,0,
242,2017-03-06,57,27-102,OTT,,BOS,W,1,0,1,1,0,0,1,0,1,0,0,0,5,20.0,21,18:33,0,0,0,0,
243,2017-03-08,58,27-104,OTT,@,DAL,W,0,2,2,2,2,0,0,0,0,1,1,0,0,,23,17:01,0,0,1,0,100.0
244,2017-03-09,59,27-105,OTT,@,ARI,W,0,0,0,0,2,0,0,0,0,0,0,0,1,0.0,24,17:23,0,1,0,1,0.0
245,2017-03-11,60,27-107,OTT,@,COL,W,1,1,2,2,0,1,0,0,1,0,1,0,4,25.0,21,16:57,0,0,0,0,
246,2017-03-14,61,27-110,OTT,,TBL,L-OT,0,0,0,-1,0,0,0,0,0,0,0,0,3,0.0,20,17:49,0,0,0,0,
247,2017-03-16,62,27-112,OTT,,CHI,L,0,1,1,-1,0,0,0,0,0,0,1,0,3,0.0,19,17:12,1,0,0,0,
248,2017-03-18,63,27-114,OTT,,MTL,L-SO,0,1,1,0,0,0,0,0,0,0,1,0,2,0.0,24,22:16,0,0,0,0,
249,2017-03-19,64,27-115,OTT,@,MTL,L,0,1,1,0,2,0,0,0,0,1,0,0,2,0.0,24,18:42,1,0,0,0,
250,2017-03-21,65,27-117,OTT,@,BOS,W,0,2,2,2,0,0,0,0,0,1,1,0,3,0.0,23,19:50,0,0,0,0,
251,2017-03-23,66,27-119,OTT,,PIT,W,1,0,1,0,0,0,1,0,0,0,0,0,2,50.0,28,19:12,0,0,0,0,
252,2017-03-25,67,27-121,OTT,@,MTL,L,0,1,1,1,0,0,0,0,0,1,0,0,2,0.0,20,20:25,0,0,0,0,
253,2017-03-28,68,27-124,OTT,@,PHI,L-SO,0,0,0,-1,0,0,0,0,0,0,0,0,2,0.0,20,17:03,0,1,0,0,
254,2017-03-30,69,27-126,OTT,@,MIN,L,1,0,1,-2,0,1,0,0,0,0,0,0,1,100.0,26,19:16,0,0,0,0,
255,2017-04-01,70,27-128,OTT,@,WPG,L,2,0,2,1,0,2,0,0,0,0,0,0,7,28.6,26,21:37,0,0,0,1,0.0
256,2017-04-03,71,27-130,OTT,@,DET,L-SO,0,1,1,0,0,0,0,0,0,0,1,0,5,0.0,35,21:21,0,0,0,0,
257,2017-04-04,72,27-131,OTT,,DET,W,0,1,1,2,0,0,0,0,0,1,0,0,1,0.0,21,18:46,0,0,0,0,
258,2017-04-06,73,27-133,OTT,@,BOS,W,0,0,0,0,0,0,0,0,0,0,0,0,0,,25,21:18,1,0,0,0,
259,2017-04-08,74,27-135,OTT,,NYR,W,1,0,1,2,0,1,0,0,0,0,0,0,5,20.0,20,18:27,0,1,0,0,
260,2017-10-05,1,27-315,OTT,,WSH,L-SO,0,0,0,-3,0,0,0,0,0,0,0,0,5,0.0,25,17:43,0,0,1,0,100.0
261,2017-10-07,2,27-317,OTT,,DET,L-SO,0,0,0,0,2,0,0,0,0,0,0,0,2,0.0,23,18:28,1,0,0,0,
262,2017-10-10,3,27-320,OTT,@,VAN,W,0,0,0,-1,0,0,0,0,0,0,0,0,4,0.0,21,16:56,0,1,0,0,
263,2017-10-13,4,27-323,OTT,@,CGY,W,1,0,1,0,0,0,1,0,0,0,0,0,7,14.3,20,16:19,0,0,0,0,
264,2017-10-14,5,27-324,OTT,@,EDM,W,2,1,3,2,0,2,0,0,0,0,1,0,4,50.0,25,16:59,0,2,0,0,
265,2017-10-17,6,27-327,OTT,,VAN,L,0,0,0,0,0,0,0,0,0,0,0,0,6,0.0,25,19:12,1,0,0,0,
266,2017-10-19,7,27-329,OTT,,NJD,L-OT,0,1,1,-3,2,0,0,0,0,0,1,0,3,0.0,26,17:49,1,0,0,3,0.0
267,2017-10-21,8,27-331,OTT,,TOR,W,0,0,0,0,0,0,0,0,0,0,0,0,5,0.0,28,18:56,0,0,0,0,
268,2017-10-24,9,27-334,OTT,,LAK,L-SO,0,1,1,0,0,0,0,0,0,1,0,0,5,0.0,25,22:12,0,1,0,0,
269,2017-10-26,10,27-336,OTT,,PHI,W,0,1,1,-1,0,0,0,0,0,1,0,0,1,0.0,25,20:27,0,0,0,0,
270,2017-10-27,11,27-337,OTT,@,NJD,L-SO,1,1,2,3,0,1,0,0,0,1,0,0,6,16.7,26,20:18,0,0,0,0,
271,2017-10-30,12,27-340,OTT,,MTL,L,0,2,2,-2,2,0,0,0,0,0,2,0,2,0.0,26,21:56,1,1,0,0,
272,2017-11-02,13,27-343,OTT,,DET,W,0,1,1,1,0,0,0,0,0,1,0,0,4,0.0,21,18:11,0,0,0,0,
273,2017-11-04,14,27-345,OTT,,VEG,L,0,1,1,1,0,0,0,0,0,1,0,0,2,0.0,24,20:37,0,1,0,0,
274,2017-11-10,15,27-351,OTT,@,COL,W,0,1,1,-1,2,0,0,0,0,1,0,0,0,,24,17:21,0,1,0,0,
275,2017-11-11,16,27-352,OTT,,COL,W,2,0,2,0,0,0,2,0,1,0,0,0,2,100.0,22,18:16,0,0,0,0,
276,2017-11-16,17,27-357,OTT,,PIT,L,0,0,0,-2,0,0,0,0,0,0,0,0,4,0.0,21,20:01,1,1,0,0,
277,2017-11-18,18,27-359,OTT,,ARI,L-OT,0,0,0,0,0,0,0,0,0,0,0,0,0,,23,22:07,0,0,0,0,
278,2017-11-19,19,27-360,OTT,@,NYR,L,0,0,0,-1,0,0,0,0,0,0,0,0,5,0.0,23,16:30,1,1,0,0,
279,2017-11-22,20,27-363,OTT,@,WSH,L,1,0,1,0,0,1,0,0,0,0,0,0,4,25.0,26,19:39,0,0,0,0,
280,2017-11-24,21,28-000,OTT,@,CBJ,L,1,0,1,-3,0,1,0,0,0,0,0,0,2,50.0,22,17:16,0,0,0,0,
281,2017-11-25,22,28-001,OTT,,NYI,L,0,1,1,0,0,0,0,0,0,0,1,0,8,0.0,24,22:24,0,0,0,1,0.0
282,2017-11-29,23,28-005,OTT,@,MTL,L,0,0,0,0,0,0,0,0,0,0,0,0,5,0.0,24,17:26,1,0,0,0,
283,2017-12-01,24,28-007,OTT,@,NYI,W,1,0,1,0,2,0,1,0,0,0,0,0,1,100.0,25,19:35,1,1,0,0,
284,2017-12-03,25,28-009,OTT,@,WPG,L,0,0,0,0,0,0,0,0,0,0,0,0,0,,18,15:32,1,1,1,0,100.0
285,2017-12-06,26,28-012,OTT,@,ANA,L,0,0,0,-1,0,0,0,0,0,0,0,0,0,,22,19:26,0,2,0,0,
286,2017-12-07,27,28-013,OTT,@,LAK,L-OT,0,1,1,2,0,0,0,0,0,1,0,0,3,0.0,25,19:42,1,0,0,0,
287,2017-12-09,28,28-015,OTT,@,SJS,L,0,0,0,0,0,0,0,0,0,0,0,0,4,0.0,17,16:24,1,0,0,0,
288,2017-12-12,29,28-018,OTT,@,BUF,L,0,1,1,0,2,0,0,0,0,1,0,0,6,0.0,21,18:45,0,0,0,0,
289,2017-12-13,30,28-019,OTT,,NYR,W,0,0,0,-1,0,0,0,0,0,0,0,0,3,0.0,21,17:21,0,1,0,0,
290,2017-12-16,31,28-022,OTT,,MTL,W,0,0,0,0,0,0,0,0,0,0,0,0,6,0.0,19,16:20,0,1,0,0,
291,2017-12-19,32,28-025,OTT,,MIN,L,0,2,2,0,0,0,0,0,0,0,2,0,3,0.0,20,17:39,0,0,0,0,
292,2017-12-21,33,28-027,OTT,@,TBL,L-SO,0,0,0,0,0,0,0,0,0,0,0,0,4,0.0,24,16:06,2,2,0,0,
293,2017-12-23,34,28-029,OTT,@,FLA,L,0,0,0,-1,0,0,0,0,0,0,0,0,3,0.0,25,20:10,0,0,1,0,100.0
294,2017-12-27,35,28-033,OTT,@,BOS,L,0,0,0,-1,0,0,0,0,0,0,0,0,1,0.0,17,12:13,0,0,0,0,
295,2017-12-29,36,28-035,OTT,,CBJ,W,0,0,0,1,0,0,0,0,0,0,0,0,2,0.0,17,15:24,1,0,0,0,
296,2017-12-30,37,28-036,OTT,,BOS,L,0,0,0,-1,0,0,0,0,0,0,0,0,3,0.0,22,16:25,0,2,0,1,0.0
297,2018-01-03,38,28-040,OTT,@,DET,L-OT,0,0,0,-1,0,0,0,0,0,0,0,0,3,0.0,24,19:41,1,0,0,0,
298,2018-01-05,39,28-042,OTT,,SJS,W,1,3,4,2,0,1,0,0,0,2,1,0,4,25.0,26,20:48,0,2,3,0,100.0
299,2018-01-06,40,28-043,OTT,,TBL,W,0,0,0,0,2,0,0,0,0,0,0,0,3,0.0,23,17:37,2,1,0,0,
300,2018-01-09,41,28-046,OTT,,CHI,L,0,0,0,0,0,0,0,0,0,0,0,0,2,0.0,21,16:38,0,0,2,0,100.0
301,2018-01-10,42,28-047,OTT,@,TOR,W,1,0,1,2,0,1,0,0,0,0,0,0,2,50.0,22,15:59,2,0,1,0,100.0
302,2018-01-18,43,28-055,OTT,,STL,L,0,0,0,-2,0,0,0,0,0,0,0,0,1,0.0,22,18:00,1,0,0,0,
303,2018-01-20,44,28-057,OTT,,TOR,L,1,0,1,1,0,1,0,0,0,0,0,0,3,33.3,25,19:25,0,0,1,2,33.3
304,2018-01-22,45,28-059,OTT,@,MIN,L,0,0,0,1,0,0,0,0,0,0,0,0,4,0.0,21,18:16,0,0,0,1,0.0
305,2018-01-23,46,28-060,OTT,@,STL,L,0,0,0,-1,0,0,0,0,0,0,0,0,2,0.0,21,17:54,0,0,0,0,
306,2018-01-25,47,28-062,OTT,,BOS,L,0,0,0,-1,0,0,0,0,0,0,0,0,3,0.0,19,13:25,0,0,0,1,0.0
307,2018-01-30,48,28-067,OTT,@,CAR,L,0,0,0,-1,0,0,0,0,0,0,0,0,5,0.0,20,16:08,0,0,0,0,
308,2018-02-01,49,28-069,OTT,,ANA,W,0,2,2,-1,0,0,0,0,0,0,2,0,5,0.0,23,18:55,0,0,0,0,
309,2018-02-03,50,28-071,OTT,@,PHI,W,0,1,1,0,0,0,0,0,0,1,0,0,4,0.0,22,17:24,0,1,1,1,50.0
310,2018-02-04,51,28-072,OTT,@,MTL,L,1,0,1,0,2,1,0,0,0,0,0,0,1,100.0,21,17:03,0,0,0,0,
311,2018-02-06,52,28-074,OTT,,NJD,W,1,1,2,1,0,0,1,0,0,1,0,0,2,50.0,23,17:33,0,0,1,0,100.0
312,2018-02-08,53,28-076,OTT,,NSH,W,1,0,1,1,0,1,0,0,1,0,0,0,4,25.0,24,18:36,0,1,0,0,
313,2018-02-10,54,28-078,OTT,@,TOR,L,0,0,0,-3,0,0,0,0,0,0,0,0,2,0.0,27,19:35,0,0,0,0,
314,2018-02-13,55,28-081,OTT,@,PIT,L,0,1,1,-2,2,0,0,0,0,0,1,0,3,0.0,22,18:20,1,0,0,0,
315,2018-02-15,56,28-083,OTT,,BUF,W,1,0,1,2,0,1,0,0,1,0,0,0,3,33.3,22,20:44,1,0,1,0,100.0
316,2018-02-17,57,28-085,OTT,,NYR,W,0,0,0,1,0,0,0,0,0,0,0,0,0,,21,17:36,0,0,0,0,
317,2018-02-19,58,28-087,OTT,@,NSH,L,0,0,0,-2,0,0,0,0,0,0,0,0,2,0.0,22,17:00,0,1,2,1,66.7
318,2018-02-21,59,28-089,OTT,@,CHI,L-SO,0,0,0,-1,0,0,0,0,0,0,0,0,4,0.0,23,17:45,0,1,0,0,
319,2018-02-22,60,28-090,OTT,,TBL,L,0,0,0,-2,0,0,0,0,0,0,0,0,3,0.0,21,20:24,0,0,0,0,
320,2018-02-24,61,28-092,OTT,,PHI,L,1,1,2,0,0,0,1,0,0,1,0,0,4,25.0,21,16:08,3,0,0,0,
321,2018-02-27,62,28-095,OTT,@,WSH,L,1,0,1,0,0,0,1,0,0,0,0,0,3,33.3,21,22:30,0,1,0,0,
322,2018-03-02,63,28-098,OTT,@,VEG,W,0,1,1,-1,0,0,0,0,0,0,1,0,5,0.0,21,17:35,0,0,0,0,
323,2018-03-03,64,28-099,OTT,@,ARI,L,0,0,0,-1,0,0,0,0,0,0,0,0,2,0.0,21,17:26,0,0,2,0,100.0
324,2018-03-05,65,28-101,OTT,@,DAL,W,1,0,1,1,4,0,1,0,0,0,0,0,6,16.7,24,17:31,0,0,0,0,
325,2018-03-08,66,28-104,OTT,,BUF,L-SO,0,1,1,2,2,0,0,0,0,1,0,0,4,0.0,25,22:32,0,0,1,1,50.0
326,2018-03-09,67,28-105,OTT,,CGY,L,0,0,0,0,2,0,0,0,0,0,0,0,3,0.0,21,19:24,0,0,0,1,0.0
327,2018-03-12,68,28-108,OTT,@,FLA,W,0,2,2,1,0,0,0,0,0,2,0,0,1,0.0,26,18:32,0,1,0,2,0.0
328,2018-03-13,69,28-109,OTT,@,TBL,W,2,0,2,1,0,2,0,0,1,0,0,0,4,50.0,22,19:28,1,1,0,0,
329,2018-03-16,70,28-112,OTT,,DAL,W,1,1,2,2,0,1,0,0,1,1,0,0,3,33.3,27,24:22,0,1,0,0,
330,2018-03-17,71,28-113,OTT,@,CBJ,L,0,0,0,-1,0,0,0,0,0,0,0,0,1,0.0,21,18:25,0,0,0,0,
331,2018-03-20,72,28-116,OTT,,FLA,L,0,0,0,-2,0,0,0,0,0,0,0,0,1,0.0,21,19:42,0,0,1,1,50.0
332,2018-03-22,73,28-118,OTT,,EDM,L,0,0,0,-2,0,0,0,0,0,0,0,0,1,0.0,19,14:57,1,1,0,0,
333,2018-03-24,74,28-120,OTT,,CAR,L,0,1,1,-1,0,0,0,0,0,1,0,0,4,0.0,19,19:51,2,0,0,0,
334,2018-03-26,75,28-122,OTT,@,CAR,L,0,0,0,-2,0,0,0,0,0,0,0,0,3,0.0,20,15:52,0,0,0,0,
335,2018-03-27,76,28-123,OTT,,NYI,L,0,0,0,0,0,0,0,0,0,0,0,0,8,0.0,22,18:45,0,1,0,0,
336,2018-03-29,77,28-125,OTT,,FLA,W,0,1,1,1,0,0,0,0,0,1,0,0,1,0.0,24,19:49,0,0,0,0,
337,2018-03-31,78,28-127,OTT,@,DET,L,0,0,0,0,2,0,0,0,0,0,0,0,5,0.0,24,19:14,1,1,0,0,
338,2018-04-02,79,28-129,OTT,,WPG,L,0,3,3,2,0,0,0,0,0,2,1,0,4,0.0,23,23:02,0,0,1,2,33.3
339,2018-04-04,80,28-131,OTT,@,BUF,W,0,0,0,-1,0,0,0,0,0,0,0,0,0,,20,16:58,0,0,2,0,100.0
340,2018-04-06,81,28-133,OTT,@,PIT,L,0,0,0,0,2,0,0,0,0,0,0,0,2,0.0,20,15:23,1,1,0,0,
341,2018-04-07,82,28-134,OTT,@,BOS,L,0,0,0,-1,2,0,0,0,0,0,0,0,2,0.0,22,19:05,0,0,0,0,
342,2018-10-06,1,28-316,FLA,@,TBL,L-SO,0,0,0,0,0,0,0,0,0,0,0,0,6,0.0,27,19:32,0,1,0,0,
343,2018-10-11,2,28-321,FLA,,CBJ,L,0,0,0,-1,0,0,0,0,0,0,0,0,1,0.0,23,18:17,0,0,0,0,
344,2018-10-13,3,28-323,FLA,,VAN,L,0,1,1,1,0,0,0,0,0,1,0,0,3,0.0,21,19:37,1,0,0,0,
345,2018-10-16,4,28-326,FLA,@,PHI,L-SO,1,0,1,-2,2,0,1,0,0,0,0,0,2,50.0,23,18:16,1,0,0,0,
346,2018-10-19,5,28-329,FLA,@,WSH,W,0,1,1,-3,0,0,0,0,0,0,1,0,1,0.0,16,12:39,0,0,0,0,
347,2018-10-20,6,28-330,FLA,,DET,L-OT,1,0,1,1,0,1,0,0,0,0,0,0,2,50.0,19,14:33,0,0,0,0,
348,2018-10-23,7,28-333,FLA,@,NYR,L,1,0,1,0,0,1,0,0,0,0,0,0,7,14.3,25,16:21,4,0,0,1,0.0
349,2018-10-24,8,28-334,FLA,@,NYI,W,1,0,1,0,0,0,1,0,1,0,0,0,2,50.0,21,15:42,0,0,0,0,
350,2018-10-27,9,28-337,FLA,@,NJD,L,1,0,1,2,0,1,0,0,0,0,0,0,8,12.5,23,18:13,0,1,0,0,
351,2018-11-01,10,28-342,FLA,,WPG,L,0,1,1,-2,2,0,0,0,0,0,1,0,6,0.0,23,17:23,0,0,1,1,50.0
352,2018-11-02,11,28-343,FLA,@,WPG,W,1,0,1,-1,0,0,1,0,0,0,0,0,4,25.0,25,17:39,0,0,0,0,
353,2018-11-08,12,28-349,FLA,,EDM,W,0,2,2,1,0,0,0,0,0,2,0,0,1,0.0,23,17:42,1,1,0,0,
354,2018-11-10,13,28-351,FLA,,NYI,W,1,0,1,0,2,1,0,0,0,0,0,0,2,50.0,22,18:34,0,0,0,1,0.0
355,2018-11-11,14,28-352,FLA,,OTT,W,0,2,2,2,0,0,0,0,0,2,0,0,4,0.0,19,13:12,0,0,0,0,
356,2018-11-13,15,28-354,FLA,@,PHI,W,0,1,1,1,0,0,0,0,0,0,1,0,3,0.0,25,21:29,0,0,0,1,0.0
357,2018-11-15,16,28-356,FLA,@,CBJ,L,0,1,1,-1,0,0,0,0,0,0,1,0,3,0.0,22,17:47,0,0,0,1,0.0
358,2018-11-17,17,28-358,FLA,@,NYR,L,1,1,2,0,0,1,0,0,0,0,1,0,4,25.0,23,19:19,1,0,0,0,
359,2018-11-19,18,28-360,FLA,@,OTT,W,1,0,1,0,0,1,0,0,0,0,0,0,6,16.7,21,15:46,1,0,0,0,
360,2018-11-21,19,28-362,FLA,@,TBL,L,1,0,1,-2,2,0,1,0,0,0,0,0,5,20.0,21,18:15,0,1,1,0,100.0
361,2018-11-23,20,28-364,FLA,@,CAR,L,0,0,0,-1,0,0,0,0,0,0,0,0,4,0.0,23,19:33,0,0,0,0,
362,2018-11-24,21,29-000,FLA,,CHI,L-OT,1,1,2,1,0,0,1,0,0,1,0,0,4,25.0,23,20:02,0,0,0,0,
363,2018-11-26,22,29-002,FLA,,NJD,W,1,0,1,0,0,1,0,0,1,0,0,0,7,14.3,24,20:52,0,1,2,0,100.0
364,2018-11-28,23,29-004,FLA,,ANA,L,0,0,0,0,0,0,0,0,0,0,0,0,3,0.0,23,21:24,0,0,0,3,0.0
365,2018-11-30,24,29-006,FLA,,BUF,W,0,0,0,-1,0,0,0,0,0,0,0,0,4,0.0,23,19:54,1,0,1,1,50.0
366,2018-12-01,25,29-007,FLA,,TBL,L-OT,0,1,1,2,0,0,0,0,0,0,1,0,1,0.0,23,20:43,2,0,0,1,0.0
367,2018-12-04,26,29-010,FLA,,BOS,W,2,0,2,1,0,1,1,0,1,0,0,0,9,22.2,19,20:16,1,0,0,1,0.0
368,2018-12-06,27,29-012,FLA,,COL,L,0,0,0,-3,0,0,0,0,0,0,0,0,3,0.0,23,21:02,1,1,0,0,
369,2018-12-08,28,29-014,FLA,,NYR,L-SO,0,2,2,-2,0,0,0,0,0,0,2,0,1,0.0,24,19:25,0,2,0,0,
370,2018-12-11,29,29-017,FLA,@,STL,L,1,0,1,-1,0,1,0,0,0,0,0,0,1,100.0,21,19:27,0,0,0,0,
371,2018-12-13,30,29-019,FLA,@,MIN,L,0,0,0,-1,0,0,0,0,0,0,0,0,3,0.0,24,20:54,0,1,1,0,100.0
372,2018-12-15,31,29-021,FLA,,TOR,W,0,2,2,-1,2,0,0,0,0,0,2,0,3,0.0,25,21:25,1,1,0,0,
373,2018-12-18,32,29-024,FLA,@,BUF,W,0,0,0,0,0,0,0,0,0,0,0,0,0,,25,19:05,1,0,0,2,0.0
374,2018-12-20,33,29-026,FLA,@,TOR,L,0,0,0,-2,0,0,0,0,0,0,0,0,2,0.0,23,18:22,0,0,0,2,0.0
375,2018-12-22,34,29-028,FLA,@,DET,W,1,0,1,0,0,0,1,0,0,0,0,0,1,100.0,19,15:10,0,0,0,0,
376,2018-12-23,35,29-029,FLA,@,CHI,W,1,0,1,1,0,0,1,0,0,0,0,0,2,50.0,19,18:04,0,0,1,0,100.0
377,2018-12-28,36,29-034,FLA,,MTL,L,0,2,2,0,0,0,0,0,0,1,1,0,4,0.0,19,19:15,0,0,0,1,0.0
378,2018-12-29,37,29-035,FLA,,PHI,W,1,0,1,0,0,0,1,0,0,0,0,0,4,25.0,19,14:55,0,1,0,0,
379,2018-12-31,38,29-037,FLA,@,DET,W,0,0,0,-1,0,0,0,0,0,0,0,0,2,0.0,23,21:10,0,0,0,1,0.0
380,2019-01-03,39,29-040,FLA,@,BUF,L,1,0,1,0,2,0,1,0,0,0,0,0,4,25.0,24,20:55,0,0,0,1,0.0
381,2019-01-05,40,29-042,FLA,,CBJ,L-OT,1,0,1,0,2,1,0,0,0,0,0,0,3,33.3,20,17:43,1,0,0,0,
382,2019-01-08,41,29-045,FLA,@,PIT,L,0,0,0,-3,0,0,0,0,0,0,0,0,2,0.0,10,8:11,1,1,0,0,
383,2019-01-10,42,29-047,FLA,@,EDM,L-SO,0,1,1,1,0,0,0,0,0,1,0,0,2,0.0,24,19:34,1,0,0,0,
384,2019-01-11,43,29-048,FLA,@,CGY,L,1,0,1,2,0,1,0,0,0,0,0,0,2,50.0,24,20:09,1,0,0,0,
385,2019-01-13,44,29-050,FLA,@,VAN,L,0,0,0,-3,0,0,0,0,0,0,0,0,1,0.0,23,16:44,0,0,0,0,
386,2019-01-15,45,29-052,FLA,@,MTL,L,1,0,1,-2,0,1,0,0,0,0,0,0,5,20.0,21,21:49,1,1,0,1,0.0
387,2019-01-18,46,29-055,FLA,,TOR,W,1,0,1,0,0,1,0,0,0,0,0,0,3,33.3,19,14:25,1,0,0,0,
388,2019-01-19,47,29-056,FLA,@,NSH,W,0,0,0,-1,2,0,0,0,0,0,0,0,0,,17,13:09,0,0,0,0,
389,2019-01-21,48,29-058,FLA,,SJS,W,0,0,0,0,0,0,0,0,0,0,0,0,2,0.0,20,16:59,1,0,0,0,
390,2019-02-01,49,29-069,FLA,,NSH,L,0,0,0,-1,0,0,0,0,0,0,0,0,7,0.0,17,17:53,0,0,0,0,
391,2019-02-02,50,29-070,FLA,,VEG,W,1,0,1,1,0,1,0,0,1,0,0,0,2,50.0,19,15:10,0,1,0,0,
392,2019-02-05,51,29-073,FLA,,STL,L,0,1,1,0,0,0,0,0,0,0,1,0,4,0.0,20,21:48,0,0,0,0,
393,2019-02-07,52,29-075,FLA,,PIT,W,0,0,0,-1,0,0,0,0,0,0,0,0,2,0.0,20,15:05,1,0,0,0,
394,2019-02-09,53,29-077,FLA,@,WSH,W,1,0,1,0,0,0,1,0,1,0,0,0,2,50.0,21,16:25,0,0,0,0,
395,2019-02-10,54,29-078,FLA,,TBL,L,0,0,0,-1,0,0,0,0,0,0,0,0,5,0.0,18,14:06,2,0,0,0,
396,2019-02-12,55,29-080,FLA,,DAL,L,0,0,0,-1,2,0,0,0,0,0,0,0,3,0.0,22,18:42,0,0,0,0,
397,2019-02-14,56,29-082,FLA,,CGY,W,1,1,2,2,0,1,0,0,0,1,0,0,1,100.0,23,17:09,1,0,0,0,
398,2019-02-17,57,29-085,FLA,,MTL,W,0,2,2,0,2,0,0,0,0,1,1,0,2,0.0,21,17:33,0,0,0,0,
399,2019-02-19,58,29-087,FLA,,BUF,W,0,0,0,-1,0,0,0,0,0,0,0,0,3,0.0,19,17:35,0,0,0,0,
400,2019-02-21,59,29-089,FLA,,CAR,L,0,1,1,-1,0,0,0,0,0,0,1,0,4,0.0,17,17:07,1,0,1,0,100.0
401,2019-02-23,60,29-091,FLA,,LAK,W,0,1,1,0,0,0,0,0,0,0,1,0,3,0.0,16,16:50,0,1,0,0,
402,2019-02-25,61,29-093,FLA,@,COL,W,1,2,3,2,0,1,0,0,0,1,1,0,7,14.3,22,16:41,0,2,1,1,50.0
403,2019-02-26,62,29-094,FLA,@,ARI,L-SO,1,0,1,-1,0,1,0,0,0,0,0,0,1,100.0,23,17:49,1,2,1,0,100.0
404,2019-02-28,63,29-096,FLA,@,VEG,L-SO,2,0,2,-2,0,0,2,0,0,0,0,0,4,50.0,28,18:16,2,0,0,0,
405,2019-03-02,64,29-098,FLA,,CAR,L-OT,0,0,0,0,0,0,0,0,0,0,0,0,4,0.0,30,20:55,1,0,0,0,
406,2019-03-03,65,29-099,FLA,,OTT,L,0,0,0,1,2,0,0,0,0,0,0,0,3,0.0,22,19:49,0,0,0,0,
407,2019-03-05,66,29-101,FLA,@,PIT,L-OT,0,2,2,1,0,0,0,0,0,1,1,0,3,0.0,23,19:41,2,0,0,0,
408,2019-03-07,67,29-103,FLA,@,BOS,L,0,0,0,0,2,0,0,0,0,0,0,0,2,0.0,25,20:37,0,1,0,0,
409,2019-03-08,68,29-104,FLA,,MIN,W,1,0,1,-1,0,0,1,0,0,0,0,0,1,100.0,18,16:14,0,2,0,0,
410,2019-03-10,69,29-106,FLA,,DET,W,0,1,1,1,0,0,0,0,0,1,0,0,0,,17,16:13,0,0,0,0,
411,2019-03-14,70,29-110,FLA,@,SJS,W,1,1,2,1,0,0,1,0,1,1,0,0,2,50.0,22,18:33,2,2,2,3,40.0
412,2019-03-16,71,29-112,FLA,@,LAK,W,1,0,1,-1,0,0,1,0,0,0,0,0,5,20.0,19,19:30,0,0,1,0,100.0
413,2019-03-17,72,29-113,FLA,@,ANA,L,0,0,0,0,0,0,0,0,0,0,0,0,2,0.0,19,17:43,0,0,0,1,0.0
414,2019-03-19,73,29-115,FLA,@,DAL,L,0,0,0,-1,0,0,0,0,0,0,0,0,1,0.0,19,19:13,0,0,0,0,
415,2019-03-21,74,29-117,FLA,,ARI,W,1,0,1,-1,2,0,1,0,0,0,0,0,2,50.0,22,17:21,0,0,0,0,
416,2019-03-23,75,29-119,FLA,,BOS,L,1,1,2,1,4,1,0,0,0,1,0,0,3,33.3,23,17:22,0,0,0,0,
417,2019-03-25,76,29-121,FLA,@,TOR,L,0,2,2,0,0,0,0,0,0,1,1,0,4,0.0,22,22:28,0,0,0,1,0.0
418,2019-03-26,77,29-122,FLA,@,MTL,L,0,0,0,-4,0,0,0,0,0,0,0,0,4,0.0,18,13:43,2,0,0,0,
419,2019-03-28,78,29-124,FLA,@,OTT,W,0,0,0,0,0,0,0,0,0,0,0,0,2,0.0,16,14:28,0,1,0,0,
420,2019-03-30,79,29-126,FLA,@,BOS,W,0,0,0,0,0,0,0,0,0,0,0,0,0,,15,10:35,0,0,0,0,
421,2019-04-01,80,29-128,FLA,,WSH,W,0,0,0,0,0,0,0,0,0,0,0,0,4,0.0,19,14:33,2,1,0,0,
422,2019-04-04,81,29-131,FLA,,NYI,L-SO,0,0,0,0,0,0,0,0,0,0,0,0,4,0.0,22,18:13,0,0,0,0,
423,2019-04-06,82,29-133,FLA,,NJD,L-OT,1,0,1,1,0,1,0,0,0,0,0,0,5,20.0,17,16:30,2,0,0,0,
424,2019-10-03,1,29-313,FLA,@,TBL,L,1,0,1,-1,2,1,0,0,0,0,0,0,2,50.0,19,15:58,0,0,0,0,
425,2019-10-05,2,29-315,FLA,,TBL,W,3,0,3,1,2,1,2,0,1,0,0,0,4,75.0,24,16:03,1,1,1,0,100.0
426,2019-10-08,3,29-318,FLA,,CAR,L,0,2,2,0,0,0,0,0,0,1,1,0,6,0.0,23,24:30,1,0,0,0,
427,2019-10-11,4,29-321,FLA,@,BUF,L-SO,1,0,1,0,2,1,0,0,0,0,0,0,9,11.1,21,20:06,1,0,1,0,100.0
428,2019-10-12,5,29-322,FLA,@,NYI,L-SO,0,0,0,0,0,0,0,0,0,0,0,0,0,,25,21:24,2,0,0,0,
429,2019-10-14,6,29-324,FLA,@,NJD,W,0,1,1,0,0,0,0,0,0,1,0,0,1,0.0,18,15:03,0,0,0,0,
430,2019-10-18,7,29-328,FLA,,COL,L-OT,0,0,0,0,0,0,0,0,0,0,0,0,1,0.0,18,17:17,0,0,1,0,100.0
431,2019-10-19,8,29-329,FLA,@,NSH,W,0,0,0,-1,0,0,0,0,0,0,0,0,3,0.0,23,18:05,1,0,0,0,
432,2019-10-22,9,29-332,FLA,,PIT,W,0,0,0,0,0,0,0,0,0,0,0,0,1,0.0,20,15:23,1,1,0,0,
433,2019-10-24,10,29-334,FLA,@,CGY,L-SO,0,0,0,-1,0,0,0,0,0,0,0,0,1,0.0,22,17:22,0,0,0,0,
434,2019-10-27,11,29-337,FLA,@,EDM,W,0,0,0,1,0,0,0,0,0,0,0,0,4,0.0,15,13:24,0,0,0,0,
435,2019-10-28,12,29-338,FLA,@,VAN,L,1,0,1,-2,0,0,1,0,0,0,0,0,2,50.0,19,17:56,0,1,0,1,0.0
436,2019-10-30,13,29-340,FLA,@,COL,W,0,1,1,1,0,0,0,0,0,0,1,0,3,0.0,19,14:59,0,0,0,0,
437,2019-11-02,14,29-343,FLA,,DET,W,0,0,0,0,0,0,0,0,0,0,0,0,2,0.0,18,12:53,0,0,0,0,
438,2019-11-07,15,29-348,FLA,,WSH,L-OT,0,0,0,1,0,0,0,0,0,0,0,0,1,0.0,18,16:05,0,1,0,0,
439,2019-11-09,16,29-350,FLA,@,NYI,L,0,0,0,0,0,0,0,0,0,0,0,0,2,0.0,16,19:11,1,0,0,1,0.0
440,2019-11-10,17,29-351,FLA,@,NYR,W,0,1,1,1,0,0,0,0,0,1,0,0,5,0.0,20,17:21,0,0,0,0,
441,2019-11-12,18,29-353,FLA,@,BOS,W,1,0,1,-1,0,0,1,0,0,0,0,0,6,16.7,23,18:21,3,0,0,0,
442,2019-11-14,19,29-355,FLA,,WPG,L,0,2,2,0,0,0,0,0,0,1,1,0,3,0.0,18,18:21,0,0,0,0,
443,2019-11-16,20,29-357,FLA,,NYR,W,1,0,1,0,2,0,1,0,0,0,0,0,2,50.0,18,14:49,0,0,0,1,0.0
444,2019-11-19,21,29-360,FLA,,PHI,W,1,0,1,1,2,1,0,0,0,0,0,0,2,50.0,17,15:06,0,0,0,0,
445,2019-11-21,22,29-362,FLA,,ANA,W,0,1,1,1,0,0,0,0,0,1,0,0,1,0.0,21,17:11,1,1,0,0,
446,2019-11-23,23,29-364,FLA,@,CAR,L,0,0,0,-3,0,0,0,0,0,0,0,0,4,0.0,18,16:30,0,0,0,0,
447,2019-11-24,24,30-000,FLA,,BUF,L,0,0,0,0,0,0,0,0,0,0,0,0,6,0.0,18,18:59,0,0,1,2,33.3
448,2019-11-27,25,30-003,FLA,@,WSH,L,1,0,1,0,0,1,0,0,0,0,0,0,4,25.0,25,20:25,0,1,0,1,0.0
449,2019-11-30,26,30-006,FLA,,NSH,W,0,0,0,0,0,0,0,0,0,0,0,0,2,0.0,19,14:36,0,1,0,0,
450,2019-12-03,27,30-009,FLA,,MIN,L,0,0,0,-3,0,0,0,0,0,0,0,0,2,0.0,16,15:45,1,0,0,0,
451,2019-12-07,28,30-013,FLA,,CBJ,W,1,1,2,1,0,1,0,0,0,0,1,0,4,25.0,18,16:51,0,0,0,0,
452,2019-12-08,29,30-014,FLA,,SJS,W,0,1,1,0,2,0,0,0,0,0,1,0,3,0.0,19,14:56,0,0,0,0,
453,2019-12-10,30,30-016,FLA,,TBL,L,0,1,1,1,0,0,0,0,0,1,0,0,3,0.0,20,20:10,0,0,0,0,
454,2019-12-12,31,30-018,FLA,,NYI,L,1,0,1,0,0,1,0,0,0,0,0,0,4,25.0,21,18:34,0,0,0,0,
455,2019-12-14,32,30-020,FLA,,BOS,L,0,0,0,-1,0,0,0,0,0,0,0,0,1,0.0,21,17:09,0,0,1,0,100.0
456,2019-12-16,33,30-022,FLA,,OTT,W,0,0,0,-1,0,0,0,0,0,0,0,0,2,0.0,18,16:50,0,1,1,0,100.0
457,2019-12-20,34,30-026,FLA,,DAL,W,0,0,0,0,0,0,0,0,0,0,0,0,2,0.0,17,15:23,1,0,0,0,
458,2019-12-21,35,30-027,FLA,@,CAR,W,0,1,1,1,0,0,0,0,0,0,1,0,0,,20,14:04,0,0,0,0,
459,2019-12-23,36,30-029,FLA,@,TBL,L,0,0,0,-1,2,0,0,0,0,0,0,0,4,0.0,16,16:27,1,0,0,0,
460,2019-12-28,37,30-034,FLA,,DET,W,1,2,3,-1,0,1,0,0,0,1,1,0,2,50.0,19,13:15,0,0,0,0,
461,2019-12-29,38,30-035,FLA,,MTL,W,0,0,0,-1,0,0,0,0,0,0,0,0,3,0.0,14,12:21,0,0,0,0,
462,2019-12-31,39,30-037,FLA,@,CBJ,L,0,0,0,0,0,0,0,0,0,0,0,0,2,0.0,17,17:05,0,0,0,0,
463,2020-01-02,40,30-039,FLA,@,OTT,W,0,1,1,1,0,0,0,0,0,0,1,0,1,0.0,24,14:43,0,1,0,0,
464,2020-01-04,41,30-041,FLA,@,BUF,L,0,1,1,1,0,0,0,0,0,1,0,0,5,0.0,22,21:10,1,1,0,0,
465,2020-01-05,42,30-042,FLA,@,PIT,W,1,1,2,2,0,1,0,0,0,1,0,0,1,100.0,19,13:13,0,1,0,1,0.0
466,2020-01-07,43,30-044,FLA,,ARI,L,1,0,1,0,0,1,0,0,0,0,0,0,1,100.0,21,14:57,0,0,0,0,
467,2020-01-09,44,30-046,FLA,,VAN,W,1,0,1,-1,2,0,1,0,0,0,0,0,4,25.0,18,13:59,1,0,0,0,
468,2020-01-12,45,30-049,FLA,,TOR,W,2,0,2,0,2,1,1,0,0,0,0,0,3,66.7,19,14:10,0,0,0,0,
469,2020-01-16,46,30-053,FLA,,LAK,W,0,1,1,2,0,0,0,0,0,1,0,0,1,0.0,17,15:52,0,0,0,0,
470,2020-01-18,47,30-055,FLA,@,DET,W,0,1,1,1,0,0,0,0,0,1,0,0,2,0.0,18,14:27,1,0,0,0,
471,2020-01-20,48,30-057,FLA,@,MIN,W,0,1,1,2,0,0,0,0,0,1,0,0,4,0.0,20,15:00,1,0,0,0,
472,2020-01-21,49,30-058,FLA,@,CHI,W,0,2,2,0,2,0,0,0,0,1,1,0,1,0.0,17,14:30,0,0,0,0,
473,2020-02-01,50,30-069,FLA,@,MTL,L,0,0,0,-1,2,0,0,0,0,0,0,0,5,0.0,21,20:17,0,3,0,0,
474,2020-02-03,51,30-071,FLA,@,TOR,W,1,1,2,2,2,1,0,0,1,0,1,0,5,20.0,21,17:26,4,1,0,1,0.0
475,2020-02-04,52,30-072,FLA,@,CBJ,L-OT,0,0,0,0,0,0,0,0,0,0,0,0,3,0.0,21,18:16,0,0,0,0,
476,2020-02-06,53,30-074,FLA,,VEG,L,1,0,1,-1,0,0,1,0,0,0,0,0,3,33.3,17,15:50,0,0,0,0,
477,2020-02-08,54,30-076,FLA,,PIT,L,1,1,2,1,0,1,0,0,0,1,0,0,7,14.3,23,19:51,1,0,0,0,
478,2020-02-10,55,30-078,FLA,@,PHI,L,0,0,0,-2,0,0,0,0,0,0,0,0,3,0.0,16,18:47,1,0,0,0,
479,2020-02-11,56,30-079,FLA,@,NJD,W,0,1,1,0,0,0,0,0,0,1,0,0,1,0.0,18,13:07,0,0,0,0,
480,2020-02-13,57,30-081,FLA,,PHI,L,0,0,0,-1,0,0,0,0,0,0,0,0,4,0.0,21,19:47,4,0,0,0,
481,2020-02-15,58,30-083,FLA,,EDM,L,0,0,0,-3,0,0,0,0,0,0,0,0,4,0.0,24,21:36,0,1,0,0,
482,2020-02-17,59,30-085,FLA,@,SJS,W,1,0,1,1,0,1,0,0,0,0,0,0,4,25.0,19,15:30,0,1,0,0,
483,2020-02-19,60,30-087,FLA,@,ANA,W,0,1,1,0,2,0,0,0,0,1,0,0,3,0.0,18,14:55,1,0,0,0,
484,2020-02-20,61,30-088,FLA,@,LAK,L,1,0,1,-1,2,0,1,0,0,0,0,0,3,33.3,20,18:53,1,2,0,0,
485,2020-02-22,62,30-090,FLA,@,VEG,L,1,1,2,-1,0,1,0,0,0,1,0,0,4,25.0,20,18:56,0,0,0,0,
486,2020-02-25,63,30-093,FLA,@,ARI,W,1,1,2,0,0,0,1,0,1,1,0,0,2,50.0,23,16:31,0,1,0,0,
487,2020-02-27,64,30-095,FLA,,TOR,L,1,0,1,-2,0,1,0,0,0,0,0,0,6,16.7,21,15:58,0,1,0,0,
488,2020-02-29,65,30-097,FLA,,CHI,L-SO,1,1,2,1,0,1,0,0,0,1,0,0,7,14.3,22,18:59,0,0,0,0,
489,2020-03-01,66,30-098,FLA,,CGY,L,0,0,0,0,0,0,0,0,0,0,0,0,6,0.0,21,16:53,0,0,0,0,
490,2020-03-05,67,30-102,FLA,,BOS,L-OT,0,0,0,0,0,0,0,0,0,0,0,0,3,0.0,23,17:28,1,0,0,0,
491,2020-03-07,68,30-104,FLA,,MTL,W,1,1,2,2,0,1,0,0,0,1,0,0,7,14.3,22,19:34,1,0,0,0,
492,2020-03-09,69,30-106,FLA,@,STL,W,1,0,1,-1,0,0,1,0,0,0,0,0,2,50.0,20,15:05,0,1,1,0,100.0
