,date_game,game_season,age,team_id,game_location,opp_id,game_result,goals,assists,points,plus_minus,pen_min,goals_ev,goals_pp,goals_sh,goals_gw,assists_ev,assists_pp,assists_sh,shots,shot_pct,shifts,time_on_ice,hits_all,blocks_all,faceoff_wins_all,faceoff_losses_all,faceoff_percentage_all
0,2010-10-20,1,23-158,CBJ,,ANA,W,0,0,0,1,0,0,0,0,0,,,,0,,14,9:46,0,3,0,0,
1,2010-10-23,2,23-161,CBJ,@,CHI,W,0,0,0,0,0,0,0,0,0,,,,1,0.0,20,16:37,2,2,0,0,
2,2010-10-25,3,23-163,CBJ,,PHI,W,0,0,0,0,0,0,0,0,0,,,,1,0.0,22,18:32,1,0,0,0,
3,2010-10-28,4,23-166,CBJ,,EDM,W,0,0,0,0,0,0,0,0,0,,,,3,0.0,35,24:26,1,4,0,0,
4,2010-10-30,5,23-168,CBJ,@,COL,L,0,0,0,-1,0,0,0,0,0,,,,1,0.0,25,16:36,0,0,0,0,
5,2013-02-05,1,25-266,CBJ,,LAK,L,0,0,0,-1,0,0,0,0,0,,,,2,0.0,14,8:49,1,0,0,0,
6,2013-02-07,2,25-268,CBJ,,CGY,L-OT,0,0,0,2,0,0,0,0,0,,,,0,,14,8:20,2,0,0,0,
7,2013-11-01,1,26-170,COL,@,DAL,W,0,0,0,0,0,0,0,0,0,,,,0,,7,4:39,1,0,0,0,
8,2013-11-08,2,26-177,COL,,CGY,W,0,0,0,0,2,0,0,0,0,,,,1,0.0,20,15:56,4,0,0,0,
9,2013-11-10,3,26-179,COL,,WSH,W,1,0,1,1,0,1,0,0,1,,,,2,50.0,24,18:07,3,0,0,0,
10,2013-11-12,4,26-181,COL,@,CAR,L,0,0,0,-2,0,0,0,0,0,,,,0,,22,14:19,3,0,0,0,
11,2013-11-14,5,26-183,COL,@,STL,L,0,1,1,0,0,0,0,0,0,,,,2,0.0,25,19:12,2,0,0,0,
12,2013-11-16,6,26-185,COL,,FLA,L,0,0,0,-1,0,0,0,0,0,,,,1,0.0,31,19:22,1,2,0,0,
13,2013-11-19,7,26-188,COL,,CHI,W,0,0,0,2,0,0,0,0,0,,,,0,,23,19:19,6,0,0,0,
14,2013-12-05,8,26-204,COL,@,EDM,L,1,0,1,0,2,1,0,0,0,,,,1,100.0,26,17:08,0,0,0,0,
15,2013-12-06,9,26-205,COL,@,CGY,W,0,0,0,0,0,0,0,0,0,,,,1,0.0,23,16:35,1,1,0,0,
16,2013-12-08,10,26-207,COL,@,VAN,L,0,1,1,0,0,0,0,0,0,,,,0,,23,17:43,0,1,0,0,
17,2013-12-10,11,26-209,COL,,PHX,L,0,0,0,-1,2,0,0,0,0,,,,0,,19,15:36,2,2,0,0,
18,2013-12-12,12,26-211,COL,@,WPG,W,0,0,0,0,0,0,0,0,0,,,,1,0.0,26,23:14,1,2,0,0,
19,2013-12-17,13,26-216,COL,@,DAL,L,0,1,1,0,0,0,0,0,0,,,,1,0.0,21,15:14,3,1,0,0,
20,2014-01-02,14,26-232,COL,,PHI,W,0,0,0,1,0,0,0,0,0,,,,1,0.0,22,18:56,3,0,0,0,
21,2014-01-04,15,26-234,COL,,SJS,W,0,0,0,1,0,0,0,0,0,,,,0,,24,16:51,4,1,0,0,
22,2014-01-06,16,26-236,COL,,CGY,L,0,0,0,0,0,0,0,0,0,,,,1,0.0,26,18:27,1,1,0,0,
23,2014-01-08,17,26-238,COL,,OTT,W,0,1,1,0,0,0,0,0,0,,,,0,,25,18:16,2,3,0,0,
24,2014-01-10,18,26-240,COL,,NYI,L-OT,0,0,0,-1,0,0,0,0,0,,,,1,0.0,27,20:17,3,0,0,0,
25,2014-01-14,19,26-244,COL,@,CHI,W,0,1,1,-2,0,0,0,0,0,,,,2,0.0,41,25:11,4,2,0,0,
26,2014-01-16,20,26-246,COL,,NJD,W,0,0,0,0,0,0,0,0,0,,,,1,0.0,27,22:22,2,0,0,0,
27,2014-01-18,21,26-248,COL,@,NSH,W,2,1,3,2,0,2,0,0,0,,,,5,40.0,30,22:30,9,0,0,0,
28,2014-01-21,22,26-251,COL,,TOR,L,0,1,1,-1,0,0,0,0,0,,,,3,0.0,20,16:24,1,1,0,0,
29,2014-01-24,23,26-254,COL,@,FLA,W,0,0,0,1,2,0,0,0,0,,,,0,,21,17:09,1,0,0,0,
30,2014-01-25,24,26-255,COL,@,TBL,L,0,0,0,1,0,0,0,0,0,,,,1,0.0,23,19:27,1,0,0,0,
31,2014-01-27,25,26-257,COL,@,DAL,W,0,0,0,2,2,0,0,0,0,,,,0,,23,16:25,5,2,0,0,
32,2014-01-30,26,26-260,COL,,MIN,W,0,0,0,0,0,0,0,0,0,,,,0,,23,13:57,3,1,0,0,
33,2014-02-01,27,26-262,COL,,BUF,W,0,0,0,2,2,0,0,0,0,,,,4,0.0,22,14:51,1,0,0,0,
34,2014-02-03,28,26-264,COL,@,NJD,W,0,0,0,0,0,0,0,0,0,,,,0,,17,18:46,2,1,0,0,
35,2014-02-04,29,26-265,COL,@,NYR,L,0,0,0,0,0,0,0,0,0,,,,2,0.0,22,17:58,2,3,0,0,
36,2014-02-06,30,26-267,COL,@,PHI,L,0,0,0,0,0,0,0,0,0,,,,0,,22,16:13,5,0,0,0,
37,2014-02-08,31,26-269,COL,@,NYI,W,0,1,1,2,0,0,0,0,0,,,,1,0.0,20,16:12,1,0,0,0,
38,2014-02-26,32,26-287,COL,,LAK,L,0,1,1,-1,2,0,0,0,0,,,,0,,21,17:14,0,0,0,0,
39,2014-02-28,33,26-289,COL,,PHX,W,0,0,0,0,0,0,0,0,0,,,,2,0.0,27,20:15,4,3,0,0,
40,2014-03-02,34,26-291,COL,,TBL,W,2,0,2,1,0,1,1,0,0,,,,4,50.0,23,19:07,3,0,0,0,
41,2014-03-04,35,26-293,COL,@,CHI,W,0,0,0,0,0,0,0,0,0,,,,0,,28,21:54,1,1,0,0,
42,2014-03-06,36,26-295,COL,@,DET,W,0,0,0,-1,2,0,0,0,0,,,,0,,28,20:58,2,1,0,0,
43,2014-03-10,37,26-299,COL,,WPG,W,0,1,1,2,0,0,0,0,0,,,,1,0.0,25,18:51,0,3,0,0,
44,2014-03-12,38,26-301,COL,,CHI,W,0,0,0,0,0,0,0,0,0,,,,2,0.0,27,21:18,1,3,0,0,
45,2014-03-14,39,26-303,COL,,ANA,L,0,1,1,-2,0,0,0,0,0,,,,2,0.0,25,22:26,2,2,0,0,
46,2014-03-16,40,26-305,COL,@,OTT,W,1,0,1,1,2,0,1,0,1,,,,1,100.0,24,14:43,0,1,0,0,
47,2014-03-18,41,26-307,COL,@,MTL,L,0,0,0,1,0,0,0,0,0,,,,2,0.0,25,21:22,2,2,0,0,
48,2014-03-19,42,26-308,COL,@,WPG,L-OT,1,0,1,0,0,1,0,0,0,,,,2,50.0,28,21:41,1,1,0,0,
49,2014-03-21,43,26-310,COL,,BOS,L,0,0,0,-1,0,0,0,0,0,,,,1,0.0,23,18:03,0,0,0,0,
50,2014-03-25,44,26-314,COL,@,NSH,W,1,0,1,0,2,1,0,0,0,,,,2,50.0,30,20:20,0,1,0,0,
51,2014-03-27,45,26-316,COL,,VAN,W,0,0,0,1,0,0,0,0,0,,,,0,,27,18:31,3,2,0,0,
52,2014-03-29,46,26-318,COL,,SJS,W,0,1,1,1,2,0,0,0,0,,,,0,,23,19:21,2,3,0,0,
53,2014-04-01,47,26-321,COL,@,CBJ,W,0,1,1,1,0,0,0,0,0,,,,1,0.0,26,18:57,3,0,0,0,
54,2014-04-03,48,26-323,COL,,NYR,W,0,0,0,0,0,0,0,0,0,,,,1,0.0,27,22:10,3,1,0,0,
55,2014-04-05,49,26-325,COL,@,STL,W,1,0,1,1,0,1,0,0,0,,,,4,25.0,29,20:49,4,0,0,0,
56,2014-04-06,50,26-326,COL,,PIT,L-SO,0,1,1,0,0,0,0,0,0,,,,3,0.0,28,20:29,1,3,0,0,
57,2014-04-08,51,26-328,COL,@,EDM,W,0,0,0,1,0,0,0,0,0,,,,1,0.0,28,20:42,2,1,0,0,
58,2014-04-10,52,26-330,COL,@,VAN,W,0,0,0,0,0,0,0,0,0,,,,2,0.0,23,20:48,1,1,0,0,
59,2014-04-11,53,26-331,COL,@,SJS,L,0,0,0,0,0,0,0,0,0,,,,2,0.0,28,19:49,4,2,0,0,
60,2014-04-13,54,26-333,COL,@,ANA,L-OT,0,1,1,0,0,0,0,0,0,,,,1,0.0,28,22:29,2,2,0,0,
61,2014-10-09,1,27-147,COL,@,MIN,L,0,0,0,-2,0,0,0,0,0,0,0,0,2,0.0,25,20:02,2,1,0,0,
62,2014-10-11,2,27-149,COL,,MIN,L,0,0,0,-1,0,0,0,0,0,0,0,0,2,0.0,32,24:57,2,2,0,0,
63,2014-10-13,3,27-151,COL,@,BOS,W,0,0,0,0,0,0,0,0,0,0,0,0,2,0.0,29,21:14,3,1,0,0,
64,2014-10-14,4,27-152,COL,@,TOR,L-OT,0,0,0,0,2,0,0,0,0,0,0,0,0,,31,22:08,1,0,0,0,
65,2014-10-16,5,27-154,COL,@,OTT,L,0,0,0,-1,2,0,0,0,0,0,0,0,0,,28,20:47,1,4,0,0,
66,2014-10-18,6,27-156,COL,@,MTL,L,0,0,0,-1,0,0,0,0,0,0,0,0,1,0.0,24,18:54,0,1,0,0,
67,2014-10-21,7,27-159,COL,,FLA,L-OT,0,1,1,-2,0,0,0,0,0,0,1,0,1,0.0,26,18:11,1,2,0,0,
68,2014-10-24,8,27-162,COL,,VAN,W,0,1,1,1,0,0,0,0,0,1,0,0,1,0.0,24,19:44,1,0,0,0,
69,2014-10-26,9,27-164,COL,@,WPG,L-OT,0,0,0,0,0,0,0,0,0,0,0,0,0,,30,22:38,3,2,0,0,
70,2014-10-28,10,27-166,COL,,SJS,L-SO,0,0,0,-1,0,0,0,0,0,0,0,0,0,,34,23:41,1,0,0,0,
71,2014-10-30,11,27-168,COL,,NYI,W,0,0,0,1,4,0,0,0,0,0,0,0,0,,30,23:01,2,2,0,0,
72,2014-11-01,12,27-170,COL,@,STL,L-SO,0,0,0,-2,2,0,0,0,0,0,0,0,1,0.0,31,22:31,1,0,0,0,
73,2014-11-02,13,27-171,COL,,ANA,L,0,0,0,0,2,0,0,0,0,0,0,0,1,0.0,26,19:46,2,1,0,0,
74,2014-11-04,14,27-173,COL,,VAN,L,0,0,0,-2,4,0,0,0,0,0,0,0,1,0.0,30,24:13,3,3,0,0,
75,2014-11-06,15,27-175,COL,,TOR,W,1,0,1,1,0,1,0,0,0,0,0,0,1,100.0,27,21:12,3,2,0,0,
76,2014-11-08,16,27-177,COL,@,PHI,L,0,0,0,0,0,0,0,0,0,0,0,0,3,0.0,25,20:20,1,3,0,0,
77,2014-11-11,17,27-180,COL,@,NYI,L,0,0,0,-2,0,0,0,0,0,0,0,0,0,,25,18:24,2,0,0,0,
78,2014-11-13,18,27-182,COL,@,NYR,W,0,0,0,-2,0,0,0,0,0,0,0,0,3,0.0,29,23:49,2,0,0,0,
79,2014-11-15,19,27-184,COL,@,NJD,W,0,0,0,-2,0,0,0,0,0,0,0,0,0,,17,13:17,0,1,0,0,
80,2014-11-20,20,27-189,COL,,WSH,L,0,0,0,0,2,0,0,0,0,0,0,0,0,,24,18:05,5,0,0,0,
81,2014-11-22,21,27-191,COL,,CAR,W,0,0,0,1,0,0,0,0,0,0,0,0,3,0.0,23,16:32,2,0,0,0,
82,2014-11-25,22,27-194,COL,@,ARI,W,0,0,0,0,0,0,0,0,0,0,0,0,0,,22,19:32,7,0,0,0,
83,2014-11-26,23,27-195,COL,,CHI,L,0,1,1,0,2,0,0,0,0,1,0,0,1,0.0,29,22:49,3,1,0,0,
84,2014-11-29,24,27-198,COL,,DAL,W,0,0,0,-1,0,0,0,0,0,0,0,0,3,0.0,22,14:18,1,2,0,0,
85,2014-12-01,25,27-200,COL,,MTL,L,0,0,0,-1,0,0,0,0,0,0,0,0,3,0.0,23,15:27,2,2,0,0,
86,2014-12-04,26,27-203,COL,@,CGY,L-OT,1,0,1,1,2,1,0,0,0,0,0,0,2,50.0,15,8:21,1,0,0,0,
87,2014-12-05,27,27-204,COL,@,WPG,L,0,0,0,0,0,0,0,0,0,0,0,0,1,0.0,18,14:39,0,1,0,0,
88,2014-12-09,28,27-208,COL,,NSH,L,0,0,0,-1,0,0,0,0,0,0,0,0,0,,13,8:11,0,0,0,0,
89,2014-12-11,29,27-210,COL,,WPG,W,0,0,0,0,2,0,0,0,0,0,0,0,0,,16,11:30,3,1,0,0,
90,2014-12-13,30,27-212,COL,,STL,L-OT,0,1,1,0,0,0,0,0,0,0,1,0,1,0.0,33,22:07,1,3,0,0,
91,2014-12-18,31,27-217,COL,@,PIT,L-OT,0,0,0,0,0,0,0,0,0,0,0,0,0,,8,4:26,2,0,0,0,
92,2014-12-29,32,27-228,COL,@,STL,L,0,0,0,0,0,0,0,0,0,0,0,0,1,0.0,11,8:18,1,0,0,0,
93,2014-12-31,33,27-230,COL,,PHI,W,0,1,1,1,0,0,0,0,0,0,1,0,2,0.0,21,16:16,4,1,0,0,
94,2015-01-02,34,27-232,COL,,EDM,W,0,0,0,0,0,0,0,0,0,0,0,0,3,0.0,24,16:39,3,2,0,0,
95,2015-01-04,35,27-234,COL,,CBJ,L,0,0,0,-1,0,0,0,0,0,0,0,0,0,,19,17:55,1,0,0,0,
96,2015-01-06,36,27-236,COL,@,CHI,W,0,0,0,1,0,0,0,0,0,0,0,0,2,0.0,21,17:51,1,0,0,0,
97,2015-01-08,37,27-238,COL,,OTT,W,0,1,1,0,0,0,0,0,0,0,1,0,0,,26,19:00,1,3,0,0,
98,2015-01-10,38,27-240,COL,,DAL,W,0,0,0,0,0,0,0,0,0,0,0,0,1,0.0,24,18:39,4,0,0,0,
99,2015-01-12,39,27-242,COL,@,WSH,L,0,0,0,0,0,0,0,0,0,0,0,0,1,0.0,26,18:05,0,3,0,0,
100,2015-01-13,40,27-243,COL,@,CAR,L-SO,0,0,0,-1,0,0,0,0,0,0,0,0,2,0.0,21,15:14,2,4,0,0,
101,2015-01-15,41,27-245,COL,@,FLA,W,1,0,1,1,0,0,1,0,1,0,0,0,2,50.0,24,20:28,2,1,0,0,
102,2015-01-17,42,27-247,COL,@,TBL,L-SO,0,0,0,-1,0,0,0,0,0,0,0,0,1,0.0,25,20:41,1,0,0,0,
103,2015-01-19,43,27-249,COL,@,STL,L,0,0,0,0,0,0,0,0,0,0,0,0,0,,25,16:48,4,0,0,0,
104,2015-01-21,44,27-251,COL,,BOS,W,0,1,1,1,0,0,0,0,0,1,0,0,0,,23,18:54,2,1,0,0,
105,2015-01-27,45,27-257,COL,@,NSH,L-OT,1,0,1,-1,0,1,0,0,0,0,0,0,2,50.0,23,19:37,2,0,0,0,
106,2015-01-30,46,27-260,COL,,NSH,W,0,0,0,1,0,0,0,0,0,0,0,0,2,0.0,22,19:19,2,1,0,0,
107,2015-02-03,47,27-264,COL,@,DAL,W,0,1,1,2,0,0,0,0,0,1,0,0,3,0.0,29,21:48,2,4,0,0,
108,2015-02-05,48,27-266,COL,,DET,L,0,0,0,-1,0,0,0,0,0,0,0,0,2,0.0,31,21:18,4,1,0,0,
109,2015-02-07,49,27-268,COL,@,MIN,L,0,0,0,0,2,0,0,0,0,0,0,0,1,0.0,29,22:21,1,2,0,0,
110,2015-02-08,50,27-269,COL,@,WPG,L,0,0,0,1,0,0,0,0,0,0,0,0,0,,28,19:20,1,1,0,0,
111,2015-02-12,51,27-273,COL,,NYR,L,0,0,0,0,0,0,0,0,0,0,0,0,0,,26,20:14,1,0,0,0,
112,2015-02-14,52,27-275,COL,,DAL,W,0,0,0,1,0,0,0,0,0,0,0,0,0,,27,23:26,6,3,0,0,
113,2015-02-16,53,27-277,COL,,ARI,W,1,0,1,0,0,0,1,0,1,0,0,0,3,33.3,23,20:47,0,1,0,0,
114,2015-02-18,54,27-279,COL,,LAK,L,0,0,0,-1,0,0,0,0,0,0,0,0,0,,27,19:10,5,1,0,0,
115,2015-02-20,55,27-281,COL,@,CHI,W,0,0,0,1,0,0,0,0,0,0,0,0,1,0.0,29,22:38,3,5,0,0,
116,2015-02-22,56,27-283,COL,,TBL,W,0,0,0,-1,0,0,0,0,0,0,0,0,2,0.0,27,22:14,3,1,0,0,
117,2015-02-24,57,27-285,COL,@,NSH,L,0,0,0,0,0,0,0,0,0,0,0,0,3,0.0,28,24:53,2,1,0,0,
118,2015-02-27,58,27-288,COL,@,DAL,W,0,0,0,-1,0,0,0,0,0,0,0,0,1,0.0,33,25:52,4,1,0,0,
119,2015-02-28,59,27-289,COL,,MIN,L,0,1,1,0,0,0,0,0,0,1,0,0,1,0.0,25,20:46,1,0,0,0,
120,2015-03-04,60,27-293,COL,,PIT,W,0,0,0,-1,0,0,0,0,0,0,0,0,0,,28,21:58,1,6,0,0,
121,2015-03-07,61,27-296,COL,@,CBJ,W,0,0,0,0,0,0,0,0,0,0,0,0,2,0.0,27,20:18,0,1,0,0,
122,2015-03-08,62,27-297,COL,@,MIN,W,0,0,0,-1,0,0,0,0,0,0,0,0,0,,27,23:16,2,1,0,0,
123,2015-03-10,63,27-299,COL,,LAK,L,0,0,0,-1,0,0,0,0,0,0,0,0,0,,25,20:22,5,1,0,0,
124,2015-03-12,64,27-301,COL,,NJD,W,0,0,0,1,0,0,0,0,0,0,0,0,2,0.0,26,21:43,2,1,0,0,
125,2015-03-14,65,27-303,COL,,CGY,W,0,0,0,1,0,0,0,0,0,0,0,0,2,0.0,37,24:04,2,0,0,0,
126,2015-03-19,66,27-308,COL,@,ARI,W,0,0,0,2,0,0,0,0,0,0,0,0,2,0.0,25,22:49,2,0,0,0,
127,2015-03-20,67,27-309,COL,@,ANA,L-OT,0,0,0,0,0,0,0,0,0,0,0,0,1,0.0,33,23:08,4,0,0,0,
128,2015-03-23,68,27-312,COL,@,CGY,L,0,0,0,-3,0,0,0,0,0,0,0,0,1,0.0,28,19:57,2,3,0,0,
129,2015-03-25,69,27-314,COL,@,EDM,L,0,0,0,0,0,0,0,0,0,0,0,0,2,0.0,23,16:21,2,1,0,0,
130,2015-03-26,70,27-315,COL,@,VAN,W,0,0,0,0,0,0,0,0,0,0,0,0,2,0.0,28,22:06,1,2,0,0,
131,2015-03-28,71,27-317,COL,,BUF,W,0,0,0,2,2,0,0,0,0,0,0,0,0,,27,22:31,2,1,0,0,
132,2015-03-30,72,27-319,COL,,EDM,L,0,0,0,0,0,0,0,0,0,0,0,0,1,0.0,23,21:19,3,0,0,0,
133,2015-04-01,73,27-321,COL,@,SJS,L,0,0,0,0,0,0,0,0,0,0,0,0,2,0.0,27,22:41,1,1,0,0,
134,2015-04-03,74,27-323,COL,@,ANA,W,0,0,0,1,0,0,0,0,0,0,0,0,3,0.0,26,21:07,0,1,0,0,
135,2015-04-04,75,27-324,COL,@,LAK,L,0,0,0,1,0,0,0,0,0,0,0,0,0,,26,24:28,3,0,0,0,
136,2015-04-07,76,27-327,COL,,NSH,W,0,0,0,1,0,0,0,0,0,0,0,0,2,0.0,28,23:40,0,2,0,0,
137,2015-04-09,77,27-329,COL,,WPG,W,0,0,0,0,0,0,0,0,0,0,0,0,1,0.0,35,28:08,3,0,0,0,
138,2015-04-11,78,27-331,COL,,CHI,W,0,0,0,0,0,0,0,0,0,0,0,0,2,0.0,25,21:44,0,3,0,0,
139,2015-10-08,1,28-146,COL,,MIN,L,0,0,0,-1,0,0,0,0,0,0,0,0,0,,25,22:34,4,2,0,0,
140,2015-10-10,2,28-148,COL,,DAL,W,0,1,1,1,0,0,0,0,0,1,0,0,2,0.0,28,15:03,2,1,0,0,
141,2015-10-14,3,28-152,COL,,BOS,L,0,0,0,-1,0,0,0,0,0,0,0,0,0,,21,17:54,4,0,0,0,
142,2015-10-16,4,28-154,COL,@,ANA,W,0,2,2,3,2,0,0,0,0,2,0,0,0,,28,22:42,3,4,0,0,
143,2015-10-18,5,28-156,COL,@,LAK,L,0,0,0,-1,0,0,0,0,0,0,0,0,0,,26,20:37,4,3,0,0,
144,2015-10-21,6,28-159,COL,,CAR,L-OT,0,0,0,0,0,0,0,0,0,0,0,0,2,0.0,26,24:32,2,2,0,0,
145,2015-10-24,7,28-162,COL,,CBJ,L,0,1,1,0,0,0,0,0,0,1,0,0,3,0.0,26,18:20,1,1,0,0,
146,2015-10-27,8,28-165,COL,@,FLA,L,0,0,0,0,0,0,0,0,0,0,0,0,0,,25,18:55,2,1,0,0,
147,2015-10-29,9,28-167,COL,@,TBL,W,0,0,0,0,0,0,0,0,0,0,0,0,2,0.0,30,20:02,1,2,0,0,
148,2015-10-30,10,28-168,COL,@,CAR,L,0,0,0,-2,0,0,0,0,0,0,0,0,1,0.0,27,21:43,4,5,0,0,
149,2015-11-01,11,28-170,COL,,SJS,L,0,1,1,-1,0,0,0,0,0,1,0,0,1,0.0,27,19:30,1,1,0,0,
150,2015-11-03,12,28-172,COL,,CGY,W,0,1,1,1,0,0,0,0,0,1,0,0,3,0.0,29,18:37,3,4,0,0,
151,2015-11-05,13,28-174,COL,@,ARI,L,0,0,0,1,0,0,0,0,0,0,0,0,1,0.0,26,19:48,1,1,0,0,
152,2015-11-06,14,28-175,COL,,NYR,L,0,0,0,0,0,0,0,0,0,0,0,0,0,,26,21:00,2,0,0,0,
153,2015-11-10,15,28-179,COL,@,PHI,W,0,2,2,3,0,0,0,0,0,2,0,0,2,0.0,27,17:32,3,2,0,0,
154,2015-11-12,16,28-181,COL,@,BOS,W,0,0,0,0,0,0,0,0,0,0,0,0,3,0.0,23,17:17,3,1,0,0,
155,2015-11-14,17,28-183,COL,@,MTL,W,0,0,0,0,0,0,0,0,0,0,0,0,1,0.0,31,22:44,3,1,0,0,
156,2015-11-17,18,28-186,COL,@,TOR,L,0,0,0,0,0,0,0,0,0,0,0,0,1,0.0,25,21:30,4,3,0,0,
157,2015-11-19,19,28-188,COL,@,PIT,L,0,0,0,0,2,0,0,0,0,0,0,0,0,,26,18:38,5,0,0,0,
158,2015-11-21,20,28-190,COL,@,WSH,L,0,0,0,-2,0,0,0,0,0,0,0,0,1,0.0,28,21:04,1,0,0,0,
159,2015-11-23,21,28-192,COL,@,WPG,W,0,0,0,0,0,0,0,0,0,0,0,0,1,0.0,23,21:23,4,2,0,0,
160,2015-11-25,22,28-194,COL,,OTT,L,0,0,0,-1,0,0,0,0,0,0,0,0,2,0.0,23,20:00,3,0,0,0,
161,2015-11-28,23,28-197,COL,,WPG,W,0,0,0,-1,2,0,0,0,0,0,0,0,0,,29,22:01,5,1,0,0,
162,2015-11-30,24,28-199,COL,@,NYI,L,1,0,1,3,0,1,0,0,0,0,0,0,1,100.0,28,19:13,6,1,0,0,
163,2015-12-01,25,28-200,COL,@,NJD,W,0,0,0,1,0,0,0,0,0,0,0,0,0,,30,23:58,6,2,0,0,
164,2015-12-03,26,28-202,COL,@,NYR,W,0,0,0,2,0,0,0,0,0,0,0,0,0,,31,22:49,2,3,0,0,
165,2015-12-05,27,28-204,COL,@,MIN,L,0,0,0,0,0,0,0,0,0,0,0,0,3,0.0,31,23:52,2,0,0,0,
166,2015-12-07,28,28-206,COL,,MIN,W,0,0,0,1,0,0,0,0,0,0,0,0,0,,32,25:37,3,1,0,0,
167,2015-12-09,29,28-208,COL,,PIT,L,0,0,0,-2,2,0,0,0,0,0,0,0,1,0.0,26,20:30,0,0,0,0,
168,2015-12-12,30,28-211,COL,@,NSH,W,1,0,1,-1,0,1,0,0,0,0,0,0,2,50.0,31,22:44,2,1,0,0,
169,2015-12-13,31,28-212,COL,@,STL,W,0,0,0,1,0,0,0,0,0,0,0,0,0,,31,24:12,5,0,0,0,
170,2015-12-15,32,28-214,COL,@,CHI,W,0,0,0,0,0,0,0,0,0,0,0,0,3,0.0,32,24:47,3,2,0,0,
171,2015-12-17,33,28-216,COL,,NYI,W,0,0,0,0,0,0,0,0,0,0,0,0,1,0.0,36,24:12,0,0,0,0,
172,2015-12-19,34,28-218,COL,,EDM,W,1,0,1,3,0,1,0,0,0,0,0,0,1,100.0,30,22:24,9,1,0,0,
173,2015-12-21,35,28-220,COL,,TOR,L,0,1,1,0,0,0,0,0,0,1,0,0,1,0.0,31,26:16,2,1,0,0,
174,2015-12-27,36,28-226,COL,,ARI,L-OT,0,0,0,-1,0,0,0,0,0,0,0,0,1,0.0,31,24:03,5,0,0,0,
175,2015-12-28,37,28-227,COL,@,SJS,W,0,0,0,0,0,0,0,0,0,0,0,0,1,0.0,30,22:57,4,1,0,0,
176,2015-12-31,38,28-230,COL,,CHI,L-OT,0,0,0,1,0,0,0,0,0,0,0,0,1,0.0,30,22:10,1,3,0,0,
177,2016-01-02,39,28-232,COL,,CGY,L,0,0,0,-1,2,0,0,0,0,0,0,0,1,0.0,30,19:26,4,2,0,0,
178,2016-01-04,40,28-234,COL,,LAK,W,0,0,0,1,0,0,0,0,0,0,0,0,1,0.0,32,24:58,4,2,0,0,
179,2016-01-06,41,28-236,COL,,STL,W,0,1,1,1,0,0,0,0,0,1,0,0,3,0.0,28,28:09,1,3,0,0,
180,2016-01-08,42,28-238,COL,,NSH,W,0,2,2,-1,0,0,0,0,0,1,1,0,0,,32,25:17,1,0,0,0,
181,2016-01-10,43,28-240,COL,@,CHI,L,0,1,1,0,0,0,0,0,0,1,0,0,2,0.0,28,25:07,1,3,0,0,
182,2016-01-12,44,28-242,COL,,TBL,L,0,0,0,-2,0,0,0,0,0,0,0,0,1,0.0,30,22:44,0,2,0,0,
183,2016-01-14,45,28-244,COL,,NJD,W,0,1,1,2,2,0,0,0,0,1,0,0,0,,26,21:35,5,3,0,0,
184,2016-01-16,46,28-246,COL,@,CBJ,L,0,0,0,-1,0,0,0,0,0,0,0,0,4,0.0,29,24:34,3,1,0,0,
185,2016-01-18,47,28-248,COL,@,WPG,W,0,1,1,0,0,0,0,0,0,1,0,0,1,0.0,26,21:15,0,1,0,0,
186,2016-01-20,48,28-250,COL,,BUF,W,0,0,0,1,2,0,0,0,0,0,0,0,5,0.0,23,23:29,5,3,0,0,
187,2016-01-22,49,28-252,COL,,STL,W,0,0,0,0,0,0,0,0,0,0,0,0,3,0.0,32,28:52,1,2,0,0,
188,2016-01-23,50,28-253,COL,@,DAL,W,0,0,0,1,2,0,0,0,0,0,0,0,0,,37,28:15,3,3,0,0,
189,2016-01-26,51,28-256,COL,@,SJS,L,0,0,0,-1,0,0,0,0,0,0,0,0,3,0.0,30,21:50,5,1,0,0,
190,2016-01-27,52,28-257,COL,@,LAK,W,0,0,0,1,0,0,0,0,0,0,0,0,0,,26,20:19,4,0,0,0,
191,2016-02-02,53,28-263,COL,,CHI,L,0,0,0,-1,0,0,0,0,0,0,0,0,2,0.0,30,20:27,5,2,0,0,
192,2016-02-04,54,28-265,COL,,DAL,L-OT,1,0,1,-1,0,1,0,0,0,0,0,0,1,100.0,31,25:00,4,1,0,0,
193,2016-02-06,55,28-267,COL,,WPG,L,0,0,0,-1,4,0,0,0,0,0,0,0,1,0.0,27,18:49,2,0,0,0,
194,2016-02-09,56,28-270,COL,,VAN,L,0,0,0,-1,2,0,0,0,0,0,0,0,1,0.0,27,21:34,0,0,0,0,
195,2016-02-11,57,28-272,COL,@,OTT,W,0,0,0,0,0,0,0,0,0,0,0,0,0,,29,22:04,4,2,0,0,
196,2016-02-12,58,28-273,COL,@,DET,W,0,0,0,2,0,0,0,0,0,0,0,0,0,,29,23:29,4,2,0,0,
197,2016-02-14,59,28-275,COL,@,BUF,L,0,0,0,-3,0,0,0,0,0,0,0,0,1,0.0,22,18:50,0,0,0,0,
198,2016-02-17,60,28-278,COL,,MTL,W,0,0,0,1,0,0,0,0,0,0,0,0,2,0.0,31,20:37,1,4,0,0,
199,2016-02-20,61,28-281,COL,@,EDM,W,0,0,0,0,2,0,0,0,0,0,0,0,1,0.0,26,21:31,2,0,0,0,
200,2016-02-21,62,28-282,COL,@,VAN,L,0,0,0,-2,0,0,0,0,0,0,0,0,2,0.0,29,20:14,0,0,0,0,
201,2016-02-24,63,28-285,COL,,SJS,W,0,0,0,0,0,0,0,0,0,0,0,0,1,0.0,31,22:55,1,0,0,0,
202,2016-02-27,64,28-288,COL,,DET,L,0,0,0,-2,0,0,0,0,0,0,0,0,1,0.0,27,21:50,5,1,0,0,
203,2016-03-01,65,28-291,COL,@,MIN,L,0,0,0,-1,0,0,0,0,0,0,0,0,2,0.0,27,20:27,2,1,0,0,
204,2016-03-03,66,28-293,COL,,FLA,W,0,0,0,1,0,0,0,0,0,0,0,0,0,,32,23:36,2,1,0,0,
205,2016-03-05,67,28-295,COL,,NSH,L,0,0,0,-1,0,0,0,0,0,0,0,0,0,,33,24:42,2,4,0,0,
206,2016-03-07,68,28-297,COL,,ARI,W,0,0,0,0,0,0,0,0,0,0,0,0,0,,27,23:01,3,1,0,0,
207,2016-03-09,69,28-299,COL,,ANA,W,0,1,1,2,0,0,0,0,0,1,0,0,1,0.0,23,20:29,2,1,0,0,
208,2016-03-12,70,28-302,COL,@,WPG,L,0,0,0,0,0,0,0,0,0,0,0,0,1,0.0,30,20:06,3,1,0,0,
209,2016-03-16,71,28-306,COL,@,VAN,W,0,0,0,0,0,0,0,0,0,0,0,0,2,0.0,28,24:00,2,4,0,0,
210,2016-03-18,72,28-308,COL,@,CGY,W,0,0,0,0,0,0,0,0,0,0,0,0,0,,34,23:10,1,1,0,0,
211,2016-03-20,73,28-310,COL,@,EDM,W,0,0,0,0,0,0,0,0,0,0,0,0,2,0.0,31,25:48,0,0,0,0,
212,2016-03-24,74,28-314,COL,,PHI,L,1,0,1,0,0,1,0,0,0,0,0,0,3,33.3,33,27:23,3,2,0,0,
213,2016-03-26,75,28-316,COL,,MIN,L,0,0,0,-1,0,0,0,0,0,0,0,0,1,0.0,32,19:50,5,1,0,0,
214,2016-03-28,76,28-318,COL,@,NSH,W,0,0,0,2,0,0,0,0,0,0,0,0,2,0.0,25,18:11,4,0,0,0,
215,2016-03-29,77,28-319,COL,@,STL,L,0,0,0,1,0,0,0,0,0,0,0,0,0,,22,17:31,0,4,0,0,
216,2016-04-01,78,28-322,COL,,WSH,L,0,0,0,-1,0,0,0,0,0,0,0,0,0,,23,19:43,2,2,0,0,
217,2016-04-03,79,28-324,COL,,STL,L,0,0,0,1,0,0,0,0,0,0,0,0,1,0.0,25,19:54,3,1,0,0,
218,2016-04-05,80,28-326,COL,@,NSH,L,0,0,0,-3,0,0,0,0,0,0,0,0,2,0.0,28,23:18,2,0,0,0,
219,2016-04-07,81,28-328,COL,@,DAL,L,0,0,0,0,0,0,0,0,0,0,0,0,0,,23,20:08,0,3,0,0,
220,2016-04-09,82,28-330,COL,,ANA,L,1,0,1,-1,0,1,0,0,0,0,0,0,2,50.0,23,16:35,1,0,0,0,
221,2016-10-13,1,29-151,NYR,,NYI,W,0,1,1,1,0,0,0,0,0,1,0,0,1,0.0,32,21:59,4,1,0,0,
222,2016-10-15,2,29-153,NYR,@,STL,L,0,1,1,0,0,0,0,0,0,1,0,0,1,0.0,33,20:26,1,1,0,0,
223,2016-10-17,3,29-155,NYR,,SJS,W,0,0,0,2,0,0,0,0,0,0,0,0,0,,35,24:35,1,2,0,0,
224,2016-10-19,4,29-157,NYR,,DET,L,0,0,0,0,0,0,0,0,0,0,0,0,0,,27,19:02,1,2,0,0,
225,2016-10-22,5,29-160,NYR,@,WSH,W,0,0,0,0,0,0,0,0,0,0,0,0,0,,27,21:31,3,2,0,0,
226,2016-10-23,6,29-161,NYR,,ARI,W,0,0,0,0,0,0,0,0,0,0,0,0,1,0.0,24,17:33,1,2,0,0,
227,2016-10-26,7,29-164,NYR,,BOS,W,0,0,0,1,0,0,0,0,0,0,0,0,0,,20,14:37,0,0,0,0,
228,2016-10-28,8,29-166,NYR,@,CAR,L,0,0,0,1,0,0,0,0,0,0,0,0,1,0.0,25,18:19,2,2,0,0,
229,2016-10-30,9,29-168,NYR,,TBL,W,0,1,1,3,2,0,0,0,0,1,0,0,2,0.0,25,18:20,3,0,0,0,
230,2016-11-01,10,29-170,NYR,,STL,W,0,0,0,0,2,0,0,0,0,0,0,0,0,,25,20:23,2,1,0,0,
231,2016-11-03,11,29-172,NYR,,EDM,W,0,2,2,2,2,0,0,0,0,2,0,0,0,,25,17:25,3,1,0,0,
232,2016-11-05,12,29-174,NYR,@,BOS,W,1,0,1,1,0,1,0,0,0,0,0,0,1,100.0,25,20:48,0,2,0,0,
233,2016-11-06,13,29-175,NYR,,WPG,W,0,1,1,2,0,0,0,0,0,1,0,0,1,0.0,23,23:06,1,1,0,0,
234,2016-11-08,14,29-177,NYR,,VAN,L,0,0,0,-2,0,0,0,0,0,0,0,0,0,,24,19:48,1,1,0,0,
235,2016-11-12,15,29-181,NYR,@,CGY,W,0,0,0,0,0,0,0,0,0,0,0,0,0,,23,19:03,2,1,0,0,
236,2016-11-13,16,29-182,NYR,@,EDM,W,0,0,0,2,0,0,0,0,0,0,0,0,0,,29,19:56,2,2,0,0,
237,2016-11-15,17,29-184,NYR,@,VAN,W,1,1,2,1,0,0,1,0,0,1,0,0,1,100.0,27,17:13,2,0,0,0,
238,2016-11-18,18,29-187,NYR,@,CBJ,L,0,1,1,-1,0,0,0,0,0,1,0,0,1,0.0,25,17:50,1,0,0,0,
239,2016-11-20,19,29-189,NYR,,FLA,L-SO,0,0,0,1,0,0,0,0,0,0,0,0,3,0.0,25,17:53,4,0,0,0,
240,2016-11-21,20,29-190,NYR,@,PIT,W,0,0,0,-1,0,0,0,0,0,0,0,0,0,,26,20:26,3,2,0,0,
241,2016-11-23,21,29-192,NYR,,PIT,L,0,0,0,-2,0,0,0,0,0,0,0,0,1,0.0,29,20:09,2,1,0,0,
242,2016-11-25,22,29-194,NYR,@,PHI,W,0,1,1,0,0,0,0,0,0,1,0,0,1,0.0,27,22:23,5,2,0,0,
243,2016-11-27,23,29-196,NYR,,OTT,L,0,0,0,0,0,0,0,0,0,0,0,0,1,0.0,25,19:10,1,2,0,0,
244,2016-11-29,24,29-198,NYR,,CAR,W,1,0,1,0,0,1,0,0,0,0,0,0,1,100.0,25,20:46,0,2,0,0,
245,2016-12-01,25,29-200,NYR,@,BUF,L,0,0,0,0,0,0,0,0,0,0,0,0,1,0.0,26,21:33,1,2,0,1,0.0
246,2016-12-03,26,29-202,NYR,,CAR,W,0,0,0,0,0,0,0,0,0,0,0,0,0,,24,19:58,2,1,0,0,
247,2016-12-06,27,29-205,NYR,@,NYI,L,0,0,0,1,0,0,0,0,0,0,0,0,0,,27,19:28,1,0,0,0,
248,2016-12-08,28,29-207,NYR,@,WPG,W,0,0,0,-1,2,0,0,0,0,0,0,0,0,,27,18:10,2,1,0,0,
249,2016-12-09,29,29-208,NYR,@,CHI,W,1,0,1,1,0,1,0,0,1,0,0,0,3,33.3,28,21:12,2,1,0,0,
250,2016-12-11,30,29-210,NYR,,NJD,W,0,1,1,0,0,0,0,0,0,0,1,0,1,0.0,24,20:09,1,1,0,0,
251,2016-12-13,31,29-212,NYR,,CHI,L,0,0,0,0,0,0,0,0,0,0,0,0,1,0.0,32,26:24,6,1,0,0,
252,2016-12-15,32,29-214,NYR,@,DAL,W,0,0,0,0,2,0,0,0,0,0,0,0,2,0.0,23,16:29,0,1,0,0,
253,2016-12-17,33,29-216,NYR,@,NSH,W,0,1,1,1,0,0,0,0,0,1,0,0,0,,30,21:36,2,0,0,0,
254,2016-12-18,34,29-217,NYR,,NJD,W,0,0,0,0,0,0,0,0,0,0,0,0,0,,31,21:47,1,0,0,0,
255,2016-12-20,35,29-219,NYR,@,PIT,L,0,1,1,1,0,0,0,0,0,1,0,0,2,0.0,31,21:52,3,0,0,0,
256,2016-12-23,36,29-222,NYR,,MIN,L,0,0,0,-1,0,0,0,0,0,0,0,0,2,0.0,25,18:09,1,0,0,0,
257,2016-12-27,37,29-226,NYR,,OTT,W,2,0,2,1,0,2,0,0,1,0,0,0,2,100.0,32,21:23,3,2,0,0,
258,2016-12-29,38,29-228,NYR,@,ARI,W,1,1,2,2,0,0,1,0,0,1,0,0,2,50.0,28,22:27,2,1,0,0,
259,2016-12-31,39,29-230,NYR,@,COL,W,0,0,0,0,0,0,0,0,0,0,0,0,2,0.0,30,22:58,0,2,0,0,
260,2017-01-03,40,29-233,NYR,,BUF,L,1,0,1,0,2,1,0,0,0,0,0,0,1,100.0,29,19:25,2,1,0,0,
261,2017-01-04,41,29-234,NYR,@,PHI,W,0,0,0,2,0,0,0,0,0,0,0,0,1,0.0,34,21:28,3,2,0,0,
262,2017-01-07,42,29-237,NYR,@,CBJ,W,0,1,1,2,0,0,0,0,0,1,0,0,0,,29,22:01,1,1,0,0,
263,2017-01-13,43,29-243,NYR,,TOR,L,0,0,0,0,0,0,0,0,0,0,0,0,1,0.0,27,19:49,1,2,0,0,
264,2017-01-14,44,29-244,NYR,@,MTL,L,0,1,1,0,2,0,0,0,0,1,0,0,0,,30,20:14,2,1,0,0,
265,2017-01-17,45,29-247,NYR,,DAL,L,0,0,0,-1,2,0,0,0,0,0,0,0,1,0.0,32,21:49,3,2,0,0,
266,2017-01-19,46,29-249,NYR,@,TOR,W,0,1,1,0,0,0,0,0,0,0,0,1,2,0.0,29,19:38,8,1,0,0,
267,2017-01-22,47,29-252,NYR,@,DET,W,0,0,0,0,0,0,0,0,0,0,0,0,2,0.0,29,21:14,2,3,0,0,
268,2017-01-23,48,29-253,NYR,,LAK,W,0,0,0,0,0,0,0,0,0,0,0,0,0,,31,20:45,1,2,0,0,
269,2017-01-25,49,29-255,NYR,,PHI,L,0,0,0,-1,0,0,0,0,0,0,0,0,1,0.0,26,19:44,5,1,0,0,
270,2017-01-31,50,29-261,NYR,,CBJ,L,0,1,1,-2,0,0,0,0,0,1,0,0,1,0.0,29,22:34,0,1,0,0,
271,2017-02-02,51,29-263,NYR,@,BUF,W,0,0,0,1,0,0,0,0,0,0,0,0,2,0.0,32,25:21,1,1,0,0,
272,2017-02-05,52,29-266,NYR,,CGY,W,0,0,0,1,0,0,0,0,0,0,0,0,1,0.0,31,23:04,6,0,0,0,
273,2017-02-07,53,29-268,NYR,,ANA,W,0,0,0,0,0,0,0,0,0,0,0,0,0,,26,19:52,0,1,0,0,
274,2017-02-09,54,29-270,NYR,,NSH,W,0,0,0,1,0,0,0,0,0,0,0,0,0,,30,23:56,2,0,0,0,
275,2017-02-11,55,29-272,NYR,,COL,W,0,0,0,1,2,0,0,0,0,0,0,0,0,,25,20:42,1,0,0,0,
276,2017-02-13,56,29-274,NYR,@,CBJ,W,0,1,1,0,0,0,0,0,0,1,0,0,1,0.0,28,23:56,1,1,0,0,
277,2017-02-16,57,29-277,NYR,@,NYI,L,1,0,1,0,2,1,0,0,0,0,0,0,2,50.0,28,20:12,2,2,0,0,
278,2017-02-19,58,29-280,NYR,,WSH,W,0,0,0,0,0,0,0,0,0,0,0,0,0,,27,20:51,3,1,0,0,
279,2017-02-21,59,29-282,NYR,,MTL,L-SO,0,0,0,-1,2,0,0,0,0,0,0,0,1,0.0,28,21:16,5,1,0,0,
280,2017-02-23,60,29-284,NYR,@,TOR,W,0,0,0,-1,0,0,0,0,0,0,0,0,2,0.0,29,22:32,4,1,0,0,
281,2017-02-25,61,29-286,NYR,@,NJD,W,0,1,1,0,0,0,0,0,0,1,0,0,2,0.0,30,21:27,0,1,0,0,
282,2017-02-26,62,29-287,NYR,,CBJ,L,0,0,0,-2,0,0,0,0,0,0,0,0,0,,29,19:53,2,1,0,0,
283,2017-02-28,63,29-289,NYR,,WSH,L,0,0,0,-2,0,0,0,0,0,0,0,0,3,0.0,29,20:33,1,1,0,0,
284,2017-03-02,64,29-291,NYR,@,BOS,W,0,1,1,0,0,0,0,0,0,1,0,0,0,,27,16:47,5,0,0,0,
285,2017-03-04,65,29-293,NYR,,MTL,L,0,0,0,-1,0,0,0,0,0,0,0,0,2,0.0,27,19:41,0,1,0,0,
286,2017-03-06,66,29-295,NYR,@,TBL,W,0,0,0,0,0,0,0,0,0,0,0,0,1,0.0,30,25:59,2,0,0,0,
287,2017-03-07,67,29-296,NYR,@,FLA,W,1,0,1,1,2,1,0,0,0,0,0,0,2,50.0,28,20:39,3,1,0,0,
288,2017-03-09,68,29-298,NYR,@,CAR,L,0,0,0,0,2,0,0,0,0,0,0,0,2,0.0,29,20:22,0,1,0,0,
289,2017-03-12,69,29-301,NYR,@,DET,W,0,0,0,0,0,0,0,0,0,0,0,0,1,0.0,28,21:30,2,0,0,0,
290,2017-03-13,70,29-302,NYR,,TBL,L,0,0,0,0,0,0,0,0,0,0,0,0,4,0.0,30,23:00,0,3,0,0,
291,2017-03-17,71,29-306,NYR,,FLA,L-SO,0,1,1,0,0,0,0,0,0,1,0,0,2,0.0,31,21:25,0,1,0,0,
292,2017-03-18,72,29-307,NYR,@,MIN,W,0,0,0,0,0,0,0,0,0,0,0,0,2,0.0,30,22:11,4,0,0,0,
293,2017-03-21,73,29-310,NYR,@,NJD,L-OT,0,0,0,-1,5,0,0,0,0,0,0,0,0,,30,22:39,3,0,0,0,
294,2017-03-22,74,29-311,NYR,,NYI,L,0,1,1,1,0,0,0,0,0,1,0,0,0,,27,18:45,3,1,0,0,
295,2017-03-25,75,29-314,NYR,@,LAK,W,0,0,0,0,0,0,0,0,0,0,0,0,1,0.0,26,20:00,0,2,0,0,
296,2017-03-26,76,29-315,NYR,@,ANA,L,0,0,0,-1,0,0,0,0,0,0,0,0,2,0.0,25,18:23,5,2,0,0,
297,2017-03-28,77,29-317,NYR,@,SJS,L-OT,0,0,0,-1,2,0,0,0,0,0,0,0,2,0.0,26,19:21,3,0,0,0,
298,2017-03-31,78,29-320,NYR,,PIT,L-SO,1,1,2,0,2,0,1,0,0,1,0,0,3,33.3,34,20:42,0,3,0,0,
299,2017-04-02,79,29-322,NYR,,PHI,W,0,0,0,0,0,0,0,0,0,0,0,0,0,,28,19:21,2,1,0,0,
300,2017-04-09,80,29-329,NYR,,PIT,W,0,0,0,1,0,0,0,0,0,0,0,0,1,0.0,30,19:44,4,1,0,0,
301,2017-10-08,1,30-146,NYR,,MTL,W,0,0,0,0,0,0,0,0,0,0,0,0,0,,22,17:14,1,0,0,0,
302,2017-10-10,2,30-148,NYR,,STL,L,0,0,0,0,0,0,0,0,0,0,0,0,1,0.0,18,13:46,4,0,0,0,
303,2017-10-13,3,30-151,NYR,@,CBJ,L,0,0,0,-1,0,0,0,0,0,0,0,0,0,,20,15:18,2,0,0,0,
304,2017-10-14,4,30-152,NYR,,NJD,L,0,0,0,0,0,0,0,0,0,0,0,0,0,,15,9:41,2,0,0,0,
305,2017-10-21,5,30-159,NYR,,NSH,W,0,0,0,0,0,0,0,0,0,0,0,0,1,0.0,19,16:36,5,0,0,0,
306,2017-10-23,6,30-161,NYR,,SJS,L,0,0,0,-2,0,0,0,0,0,0,0,0,0,,18,12:29,0,1,0,0,
307,2017-10-26,7,30-164,NYR,,ARI,W,0,0,0,2,0,0,0,0,0,0,0,0,2,0.0,29,21:38,5,1,0,0,
308,2017-10-28,8,30-166,NYR,@,MTL,L,0,0,0,0,0,0,0,0,0,0,0,0,0,,27,15:48,4,1,0,0,
309,2017-11-02,9,30-171,NYR,@,TBL,W,0,0,0,0,0,0,0,0,0,0,0,0,1,0.0,25,20:11,1,1,0,0,
310,2017-11-04,10,30-173,NYR,@,FLA,W,1,0,1,0,0,1,0,0,0,0,0,0,2,50.0,31,19:55,2,1,0,0,
311,2017-11-06,11,30-175,NYR,,CBJ,W,0,1,1,1,0,0,0,0,0,1,0,0,2,0.0,23,20:25,4,0,0,0,
312,2017-11-08,12,30-177,NYR,,BOS,W,0,0,0,1,2,0,0,0,0,0,0,0,0,,28,18:49,3,1,0,0,
313,2017-11-11,13,30-180,NYR,,EDM,W,0,0,0,1,0,0,0,0,0,0,0,0,1,0.0,26,18:12,2,1,0,0,
314,2017-11-15,14,30-184,NYR,@,CHI,L,0,0,0,-1,0,0,0,0,0,0,0,0,2,0.0,25,19:02,5,1,0,0,
315,2017-11-17,15,30-186,NYR,@,CBJ,L,0,0,0,0,0,0,0,0,0,0,0,0,0,,22,16:52,1,0,0,0,
316,2017-11-19,16,30-188,NYR,,OTT,W,0,0,0,2,0,0,0,0,0,0,0,0,2,0.0,27,19:11,0,0,0,0,
317,2017-11-22,17,30-191,NYR,@,CAR,W,0,1,1,4,0,0,0,0,0,1,0,0,1,0.0,29,22:00,1,1,0,0,
318,2017-11-24,18,30-193,NYR,,DET,W,0,0,0,0,0,0,0,0,0,0,0,0,1,0.0,30,21:41,1,1,0,0,
319,2017-11-26,19,30-195,NYR,,VAN,W,0,1,1,0,0,0,0,0,0,1,0,0,2,0.0,27,17:40,1,3,0,0,
320,2017-11-28,20,30-197,NYR,,FLA,L,0,0,0,-2,0,0,0,0,0,0,0,0,2,0.0,27,19:45,1,1,0,0,
321,2017-12-01,21,30-200,NYR,,CAR,W,0,0,0,0,0,0,0,0,0,0,0,0,0,,26,20:10,4,0,0,0,
322,2017-12-05,22,30-204,NYR,@,PIT,W,0,0,0,-1,0,0,0,0,0,0,0,0,0,,26,20:56,2,3,0,0,
323,2017-12-08,23,30-207,NYR,@,WSH,L,0,0,0,0,0,0,0,0,0,0,0,0,0,,26,19:17,2,2,0,0,
324,2017-12-09,24,30-208,NYR,,NJD,W,0,0,0,2,0,0,0,0,0,0,0,0,2,0.0,26,17:26,2,1,0,0,
325,2017-12-11,25,30-210,NYR,,DAL,L-SO,0,0,0,-1,0,0,0,0,0,0,0,0,0,,22,17:13,3,5,0,0,
326,2017-12-13,26,30-212,NYR,@,OTT,L,0,0,0,1,0,0,0,0,0,0,0,0,0,,27,20:34,1,0,0,0,
327,2017-12-15,27,30-214,NYR,,LAK,W,0,0,0,0,0,0,0,0,0,0,0,0,0,,23,20:39,2,2,0,0,
328,2017-12-16,28,30-215,NYR,@,BOS,W,0,0,0,-1,0,0,0,0,0,0,0,0,0,,28,19:21,3,2,0,0,
329,2017-12-19,29,30-218,NYR,,ANA,W,0,2,2,2,0,0,0,0,0,2,0,0,0,,29,18:21,0,1,0,0,
330,2017-12-21,30,30-220,NYR,@,NJD,L-SO,1,0,1,1,0,1,0,0,0,0,0,0,1,100.0,32,23:06,1,2,0,0,
331,2017-12-23,31,30-222,NYR,,TOR,L,0,0,0,0,2,0,0,0,0,0,0,0,1,0.0,25,17:14,0,2,0,0,
332,2017-12-27,32,30-226,NYR,,WSH,W,0,0,0,0,0,0,0,0,0,0,0,0,1,0.0,25,20:27,4,4,0,0,
333,2017-12-29,33,30-228,NYR,@,DET,L-SO,0,0,0,-1,0,0,0,0,0,0,0,0,1,0.0,27,20:18,3,1,0,0,
334,2018-01-01,34,30-231,NYR,@,BUF,W,0,0,0,0,2,0,0,0,0,0,0,0,0,,30,19:13,2,1,0,0,
335,2018-01-03,35,30-233,NYR,,CHI,L,1,0,1,1,0,1,0,0,0,0,0,0,2,50.0,24,17:11,3,3,0,0,
336,2018-01-06,36,30-236,NYR,@,ARI,W,0,0,0,0,0,0,0,0,0,0,0,0,2,0.0,29,19:06,2,1,0,0,
337,2018-01-07,37,30-237,NYR,@,VEG,L,0,0,0,0,0,0,0,0,0,0,0,0,1,0.0,23,20:44,0,5,0,0,
338,2018-01-13,38,30-243,NYR,,NYI,L,0,0,0,-1,0,0,0,0,0,0,0,0,2,0.0,25,18:54,1,1,0,0,
339,2018-01-14,39,30-244,NYR,@,PIT,L,0,0,0,-1,0,0,0,0,0,0,0,0,1,0.0,30,19:31,1,1,0,0,
340,2018-01-16,40,30-246,NYR,,PHI,W,0,0,0,0,0,0,0,0,0,0,0,0,0,,28,21:46,2,2,0,0,
341,2018-01-18,41,30-248,NYR,,BUF,W,0,1,1,1,0,0,0,0,0,1,0,0,4,0.0,27,20:23,1,1,0,0,
342,2018-01-20,42,30-250,NYR,@,COL,L,0,0,0,0,0,0,0,0,0,0,0,0,1,0.0,29,23:25,3,2,0,0,
343,2018-01-21,43,30-251,NYR,@,LAK,L,0,0,0,0,2,0,0,0,0,0,0,0,2,0.0,29,21:21,2,2,0,0,
344,2018-01-23,44,30-253,NYR,@,ANA,L,0,0,0,0,0,0,0,0,0,0,0,0,2,0.0,25,16:51,2,0,0,0,
345,2018-01-25,45,30-255,NYR,@,SJS,W,0,0,0,1,0,0,0,0,0,0,0,0,0,,31,20:03,1,0,0,0,
346,2018-02-01,46,30-262,NYR,,TOR,L,0,0,0,-1,0,0,0,0,0,0,0,0,1,0.0,25,20:15,2,1,0,0,
347,2018-02-03,47,30-264,NYR,@,NSH,L,0,0,0,-2,0,0,0,0,0,0,0,0,1,0.0,31,23:33,5,1,0,0,
348,2018-02-05,48,30-266,NYR,@,DAL,L,0,0,0,-1,2,0,0,0,0,0,0,0,0,,28,17:55,2,1,0,0,
349,2018-02-07,49,30-268,NYR,,BOS,L,0,0,0,-1,0,0,0,0,0,0,0,0,2,0.0,28,22:04,2,2,0,0,
350,2018-02-09,50,30-270,NYR,,CGY,W,0,1,1,0,2,0,0,0,0,1,0,0,1,0.0,24,15:34,1,0,0,0,
351,2018-02-11,51,30-272,NYR,@,WPG,W,0,1,1,1,0,0,0,0,0,1,0,0,0,,26,20:04,1,1,0,0,
352,2018-02-13,52,30-274,NYR,@,MIN,L,0,0,0,-1,0,0,0,0,0,0,0,0,0,,26,14:47,0,,,,
353,2018-02-15,53,30-276,NYR,@,NYI,L,0,0,0,-2,0,0,0,0,0,0,0,0,2,0.0,24,18:58,1,2,0,0,
354,2018-02-17,54,30-278,NYR,@,OTT,L,0,0,0,-1,2,0,0,0,0,0,0,0,2,0.0,30,23:00,5,2,0,0,
355,2018-02-18,55,30-279,NYR,,PHI,L,0,1,1,-3,0,0,0,0,0,1,0,0,2,0.0,27,18:06,3,1,0,0,
356,2018-03-01,56,30-290,BOS,,PIT,W,0,1,1,0,0,0,0,0,0,0,1,0,4,0.0,27,20:25,3,0,0,0,
357,2018-03-03,57,30-292,BOS,,MTL,W,0,1,1,1,0,0,0,0,0,0,1,0,6,0.0,27,21:52,1,0,0,0,
358,2018-03-06,58,30-295,BOS,,DET,W,0,1,1,1,0,0,0,0,0,1,0,0,1,0.0,24,16:18,1,0,0,0,
359,2018-03-10,59,30-299,BOS,,CHI,W,0,1,1,-1,0,0,0,0,0,0,1,0,0,,23,18:57,0,2,0,0,
360,2018-03-11,60,30-300,BOS,@,CHI,L,0,0,0,0,0,0,0,0,0,0,0,0,0,,17,13:37,2,2,0,0,
361,2018-03-13,61,30-302,BOS,@,CAR,W,0,0,0,1,0,0,0,0,0,0,0,0,1,0.0,28,24:05,1,0,0,0,
362,2018-03-15,62,30-304,BOS,@,FLA,L,0,0,0,-2,0,0,0,0,0,0,0,0,2,0.0,18,16:06,0,1,0,0,
363,2018-03-17,63,30-306,BOS,@,TBL,W,0,0,0,0,0,0,0,0,0,0,0,0,2,0.0,30,21:26,3,0,0,0,
364,2018-03-19,64,30-308,BOS,,CBJ,L-OT,0,0,0,-2,0,0,0,0,0,0,0,0,0,,21,18:18,1,0,0,0,
365,2018-03-21,65,30-310,BOS,@,STL,L-OT,0,0,0,-1,0,0,0,0,0,0,0,0,1,0.0,34,24:56,2,4,0,0,
366,2018-03-23,66,30-312,BOS,@,DAL,W,0,0,0,0,0,0,0,0,0,0,0,0,0,,32,25:31,2,1,0,0,
367,2018-03-25,67,30-314,BOS,@,MIN,W,0,0,0,0,0,0,0,0,0,0,0,0,1,0.0,21,16:36,0,0,0,0,
368,2018-03-27,68,30-316,BOS,@,WPG,L-SO,0,0,0,-2,0,0,0,0,0,0,0,0,2,0.0,22,17:59,0,2,0,0,
369,2018-03-29,69,30-318,BOS,,TBL,W,0,0,0,0,0,0,0,0,0,0,0,0,1,0.0,20,13:21,2,0,0,0,
370,2018-03-31,70,30-320,BOS,,FLA,W,1,0,1,2,0,1,0,0,0,0,0,0,3,33.3,21,20:13,2,0,0,0,
371,2018-04-01,71,30-321,BOS,@,PHI,L-OT,0,0,0,0,0,0,0,0,0,0,0,0,0,,25,19:18,1,0,0,0,
372,2018-04-03,72,30-323,BOS,@,TBL,L,0,0,0,-1,0,0,0,0,0,0,0,0,2,0.0,23,20:16,1,2,0,0,
373,2018-04-07,73,30-327,BOS,,OTT,W,0,0,0,2,0,0,0,0,0,0,0,0,0,,20,14:14,0,0,0,0,
374,2018-10-04,1,31-142,VEG,,PHI,L,0,0,0,-1,0,0,0,0,0,0,0,0,1,0.0,22,17:07,0,0,0,0,
375,2018-10-06,2,31-144,VEG,@,MIN,W,0,0,0,-1,0,0,0,0,0,0,0,0,0,,21,16:26,3,0,0,0,
376,2018-10-08,3,31-146,VEG,@,BUF,L,0,0,0,-1,0,0,0,0,0,0,0,0,2,0.0,18,16:25,1,0,0,0,
377,2018-10-10,4,31-148,VEG,@,WSH,L,0,1,1,2,0,0,0,0,0,1,0,0,4,0.0,27,18:33,0,1,0,0,
378,2018-10-11,5,31-149,VEG,@,PIT,L,0,0,0,1,0,0,0,0,0,0,0,0,0,,25,18:32,3,2,0,0,
379,2018-10-13,6,31-151,VEG,@,PHI,W,0,0,0,1,0,0,0,0,0,0,0,0,0,,31,22:08,2,0,0,0,
380,2018-10-16,7,31-154,VEG,,BUF,W,0,0,0,1,2,0,0,0,0,0,0,0,0,,27,20:39,3,3,0,0,
381,2018-10-20,8,31-158,VEG,,ANA,W,0,1,1,2,0,0,0,0,0,1,0,0,1,0.0,25,21:18,1,5,0,0,
382,2018-10-24,9,31-162,VEG,,VAN,L-SO,0,0,0,-1,0,0,0,0,0,0,0,0,1,0.0,25,16:39,2,3,0,0,
383,2018-10-26,10,31-164,VEG,,TBL,L,0,0,0,-1,0,0,0,0,0,0,0,0,1,0.0,18,15:12,0,0,0,0,
384,2018-10-28,11,31-166,VEG,,OTT,W,0,1,1,0,0,0,0,0,0,1,0,0,1,0.0,16,15:19,0,1,0,0,
385,2018-10-30,12,31-168,VEG,@,NSH,L,0,0,0,-2,0,0,0,0,0,0,0,0,1,0.0,21,20:07,1,0,0,0,
386,2018-11-01,13,31-170,VEG,@,STL,L,0,0,0,-1,0,0,0,0,0,0,0,0,2,0.0,20,17:27,0,0,0,0,
387,2018-11-03,14,31-172,VEG,,CAR,W,0,1,1,1,2,0,0,0,0,1,0,0,0,,21,19:10,2,0,0,0,
388,2018-11-06,15,31-175,VEG,@,TOR,L,0,0,0,-1,0,0,0,0,0,0,0,0,2,0.0,32,20:24,3,0,0,0,
389,2018-11-08,16,31-177,VEG,@,OTT,W,1,0,1,0,0,1,0,0,0,0,0,0,1,100.0,26,22:11,2,0,0,0,
390,2018-11-10,17,31-179,VEG,@,MTL,L,0,0,0,-2,0,0,0,0,0,0,0,0,0,,26,23:10,0,5,0,0,
391,2018-11-11,18,31-180,VEG,@,BOS,L,0,0,0,-1,0,0,0,0,0,0,0,0,2,0.0,20,21:10,2,0,0,0,
392,2018-11-14,19,31-183,VEG,,ANA,W,1,1,2,2,0,1,0,0,0,1,0,0,1,100.0,19,18:47,2,3,0,0,
393,2018-11-16,20,31-185,VEG,,STL,L,0,0,0,-1,0,0,0,0,0,0,0,0,3,0.0,25,19:44,2,1,0,0,
394,2018-11-18,21,31-187,VEG,@,EDM,W,0,0,0,0,0,0,0,0,0,0,0,0,0,,27,19:13,1,1,0,0,
395,2018-11-19,22,31-188,VEG,@,CGY,L,1,0,1,0,0,1,0,0,0,0,0,0,2,50.0,23,19:23,0,3,0,0,
396,2018-11-21,23,31-190,VEG,@,ARI,W,0,0,0,0,0,0,0,0,0,0,0,0,0,,24,19:56,2,2,0,0,
397,2018-11-23,24,31-192,VEG,,CGY,W,0,0,0,0,0,0,0,0,0,0,0,0,1,0.0,22,18:14,1,2,0,0,
398,2018-11-24,25,31-193,VEG,,SJS,W,0,0,0,2,0,0,0,0,0,0,0,0,1,0.0,22,17:09,1,1,0,0,
399,2018-11-27,26,31-196,VEG,@,CHI,W,0,0,0,-1,0,0,0,0,0,0,0,0,3,0.0,23,18:56,4,1,0,0,
400,2018-11-29,27,31-198,VEG,@,VAN,W,0,0,0,-1,0,0,0,0,0,0,0,0,1,0.0,23,15:34,0,2,0,0,
401,2018-12-01,28,31-200,VEG,@,EDM,L,0,0,0,-1,0,0,0,0,0,0,0,0,1,0.0,20,14:41,2,0,0,0,
402,2018-12-04,29,31-203,VEG,,WSH,W,0,0,0,-1,0,0,0,0,0,0,0,0,0,,22,16:21,0,1,0,0,
403,2018-12-06,30,31-205,VEG,,CHI,W,0,0,0,-1,0,0,0,0,0,0,0,0,0,,20,16:30,0,1,0,0,
404,2018-12-08,31,31-207,VEG,@,LAK,L,0,0,0,1,0,0,0,0,0,0,0,0,4,0.0,25,19:41,3,0,0,0,
405,2018-12-09,32,31-208,VEG,,DAL,W,0,0,0,0,0,0,0,0,0,0,0,0,0,,23,17:12,2,1,0,0,
406,2018-12-12,33,31-211,VEG,@,NYI,W,0,0,0,-1,0,0,0,0,0,0,0,0,0,,22,17:05,2,0,0,0,
407,2018-12-14,34,31-213,VEG,@,NJD,L-OT,0,0,0,-1,0,0,0,0,0,0,0,0,1,0.0,23,17:38,1,3,0,0,
408,2018-12-16,35,31-215,VEG,@,NYR,W,0,0,0,0,0,0,0,0,0,0,0,0,3,0.0,25,20:55,3,0,0,0,
409,2018-12-17,36,31-216,VEG,@,CBJ,L,0,0,0,0,0,0,0,0,0,0,0,0,2,0.0,21,18:04,3,0,0,0,
410,2018-12-20,37,31-219,VEG,,NYI,W,0,1,1,1,0,0,0,0,0,1,0,0,1,0.0,23,18:39,1,2,0,0,
411,2018-12-22,38,31-221,VEG,,MTL,L-OT,0,0,0,-1,0,0,0,0,0,0,0,0,1,0.0,18,15:59,3,2,0,0,
412,2018-12-23,39,31-222,VEG,,LAK,L-OT,0,2,2,0,0,0,0,0,0,2,0,0,1,0.0,21,14:17,1,0,0,0,
413,2018-12-27,40,31-226,VEG,,COL,W,0,0,0,1,0,0,0,0,0,0,0,0,2,0.0,19,15:10,1,3,0,0,
414,2018-12-29,41,31-228,VEG,@,LAK,W,0,1,1,1,0,0,0,0,0,1,0,0,1,0.0,24,18:32,0,1,0,0,
415,2018-12-30,42,31-229,VEG,@,ARI,W,0,1,1,3,0,0,0,0,0,0,0,1,1,0.0,22,16:24,1,2,0,0,
416,2019-01-01,43,31-231,VEG,,LAK,W,0,0,0,0,2,0,0,0,0,0,0,0,0,,24,18:11,3,0,0,0,
417,2019-01-04,44,31-234,VEG,@,ANA,W,0,0,0,1,2,0,0,0,0,0,0,0,1,0.0,22,20:53,2,0,0,0,
418,2019-01-06,45,31-236,VEG,,NJD,W,0,0,0,0,0,0,0,0,0,0,0,0,1,0.0,21,17:58,2,2,0,0,
419,2019-01-08,46,31-238,VEG,,NYR,W,0,0,0,1,0,0,0,0,0,0,0,0,2,0.0,24,16:53,0,5,0,0,
420,2019-01-10,47,31-240,VEG,,SJS,L,0,0,0,0,0,0,0,0,0,0,0,0,1,0.0,21,17:20,0,1,0,0,
421,2019-01-12,48,31-242,VEG,@,CHI,W,0,0,0,1,0,0,0,0,0,0,0,0,0,,25,18:31,2,0,0,0,
422,2019-01-15,49,31-245,VEG,@,WPG,L,0,0,0,0,0,0,0,0,0,0,0,0,0,,21,17:30,0,0,0,0,
423,2019-01-19,50,31-249,VEG,,PIT,W,0,0,0,3,0,0,0,0,0,0,0,0,2,0.0,24,19:08,2,2,0,0,
424,2019-01-21,51,31-251,VEG,,MIN,L,0,0,0,-1,0,0,0,0,0,0,0,0,1,0.0,22,17:27,5,1,0,0,
425,2019-02-20,52,31-281,VEG,,BOS,L-SO,0,0,0,0,0,0,0,0,0,0,0,0,1,0.0,24,19:15,1,0,0,0,
426,2019-02-22,53,31-283,VEG,,WPG,L,0,0,0,-1,0,0,0,0,0,0,0,0,1,0.0,17,14:49,3,0,0,0,
427,2019-03-18,54,31-307,VEG,@,SJS,W,0,0,0,1,2,0,0,0,0,0,0,0,2,0.0,25,17:39,0,2,0,0,
428,2019-03-21,55,31-310,VEG,,WPG,W,0,2,2,4,0,0,0,0,0,1,0,1,3,0.0,22,18:56,4,2,0,0,
429,2019-03-23,56,31-312,VEG,,DET,L-OT,0,0,0,0,2,0,0,0,0,0,0,0,1,0.0,21,15:39,3,0,0,0,
430,2019-03-25,57,31-314,VEG,@,STL,L,0,0,0,-2,0,0,0,0,0,0,0,0,1,0.0,23,18:53,3,2,0,0,
431,2019-03-30,58,31-319,VEG,@,SJS,L-OT,0,0,0,1,0,0,0,0,0,0,0,0,1,0.0,26,19:36,6,1,0,0,
432,2019-04-01,59,31-321,VEG,,EDM,W,0,0,0,0,0,0,0,0,0,0,0,0,2,0.0,24,19:00,2,2,0,0,
433,2019-04-04,60,31-324,VEG,,ARI,L,0,0,0,0,0,0,0,0,0,0,0,0,4,0.0,30,23:03,5,2,0,0,
434,2019-04-06,61,31-326,VEG,@,LAK,L,0,0,0,-1,2,0,0,0,0,0,0,0,4,0.0,22,19:08,0,2,0,0,
435,2019-10-02,1,32-140,VEG,,SJS,W,0,0,0,1,0,0,0,0,0,0,0,0,1,0.0,27,23:37,3,0,0,0,
436,2019-10-04,2,32-142,VEG,@,SJS,W,0,0,0,1,0,0,0,0,0,0,0,0,1,0.0,26,22:52,3,1,0,0,
437,2019-10-08,3,32-146,VEG,,BOS,L,0,0,0,-1,0,0,0,0,0,0,0,0,4,0.0,27,23:29,3,3,0,0,
438,2019-10-10,4,32-148,VEG,@,ARI,L,0,0,0,-3,0,0,0,0,0,0,0,0,1,0.0,21,14:55,0,1,0,0,
439,2019-10-12,5,32-150,VEG,,CGY,W,0,0,0,2,0,0,0,0,0,0,0,0,1,0.0,25,19:20,2,1,0,0,
440,2019-10-13,6,32-151,VEG,@,LAK,W,0,0,0,1,0,0,0,0,0,0,0,0,0,,25,22:34,4,1,0,0,
441,2019-10-15,7,32-153,VEG,,NSH,L,0,0,0,-1,0,0,0,0,0,0,0,0,1,0.0,28,18:53,1,1,0,0,
442,2019-10-17,8,32-155,VEG,,OTT,W,1,0,1,0,0,0,1,0,0,0,0,0,3,33.3,28,23:38,2,4,0,0,
443,2019-10-19,9,32-157,VEG,@,PIT,W,0,0,0,0,0,0,0,0,0,0,0,0,1,0.0,26,18:18,1,3,0,0,
444,2019-10-21,10,32-159,VEG,@,PHI,L,0,1,1,-2,0,0,0,0,0,1,0,0,0,,22,18:14,0,1,0,0,
445,2019-10-22,11,32-160,VEG,@,CHI,W,1,0,1,1,0,1,0,0,0,0,0,0,4,25.0,27,20:44,3,1,0,0,
446,2019-10-25,12,32-163,VEG,,COL,L,0,0,0,0,0,0,0,0,0,0,0,0,2,0.0,20,17:56,5,1,0,0,
447,2019-10-27,13,32-165,VEG,,ANA,W,0,0,0,0,0,0,0,0,0,0,0,0,2,0.0,25,19:19,0,1,0,0,
448,2019-10-31,14,32-169,VEG,,MTL,L-OT,0,0,0,1,0,0,0,0,0,0,0,0,3,0.0,20,19:48,4,3,0,0,
449,2019-11-02,15,32-171,VEG,,WPG,L-OT,0,0,0,-1,2,0,0,0,0,0,0,0,0,,21,15:41,4,2,0,0,
450,2019-11-05,16,32-174,VEG,@,CBJ,W,0,1,1,0,0,0,0,0,0,0,0,1,4,0.0,23,18:01,0,0,0,0,
451,2019-11-07,17,32-176,VEG,@,TOR,L-OT,0,0,0,1,2,0,0,0,0,0,0,0,0,,22,18:47,0,3,0,0,
452,2019-11-09,18,32-178,VEG,@,WSH,L,0,0,0,-3,0,0,0,0,0,0,0,0,0,,24,17:06,1,2,0,0,
453,2019-11-10,19,32-179,VEG,@,DET,L,0,0,0,-1,0,0,0,0,0,0,0,0,1,0.0,21,18:43,1,1,0,0,
454,2019-11-13,20,32-182,VEG,,CHI,L,0,0,0,-1,0,0,0,0,0,0,0,0,4,0.0,25,17:59,2,0,0,0,
455,2019-11-16,21,32-185,VEG,@,LAK,L,0,0,0,-1,0,0,0,0,0,0,0,0,1,0.0,20,16:09,3,2,0,0,
456,2019-11-23,22,32-192,VEG,,EDM,L,0,1,1,1,0,0,0,0,0,1,0,0,0,,22,20:58,3,1,0,0,
457,2019-11-25,23,32-194,VEG,@,DAL,L,0,0,0,-1,0,0,0,0,0,0,0,0,0,,23,16:23,4,0,0,0,
458,2019-12-10,24,32-209,VEG,,CHI,W,0,0,0,2,0,0,0,0,0,0,0,0,0,,23,18:37,3,0,0,0,
459,2019-12-12,25,32-211,VEG,@,STL,L,0,0,0,-1,0,0,0,0,0,0,0,0,2,0.0,17,16:14,3,1,0,0,
460,2019-12-13,26,32-212,VEG,@,DAL,W,0,0,0,-1,0,0,0,0,0,0,0,0,2,0.0,25,15:37,1,2,0,0,
461,2019-12-15,27,32-214,VEG,,VAN,W,1,0,1,2,0,1,0,0,0,0,0,0,3,33.3,23,20:00,1,1,0,0,
462,2019-12-17,28,32-216,VEG,,MIN,W,0,0,0,0,0,0,0,0,0,0,0,0,2,0.0,24,18:20,3,2,0,0,
463,2019-12-19,29,32-218,VEG,@,VAN,L-OT,1,0,1,0,0,1,0,0,0,0,0,0,2,50.0,25,15:56,2,1,0,0,
464,2019-12-23,30,32-222,VEG,,COL,L,0,0,0,-1,2,0,0,0,0,0,0,0,0,,25,18:48,2,2,0,0,
465,2019-12-27,31,32-226,VEG,@,ANA,L,0,0,0,0,0,0,0,0,0,0,0,0,1,0.0,19,16:08,2,2,0,0,
466,2019-12-28,32,32-227,VEG,,ARI,W,0,0,0,1,2,0,0,0,0,0,0,0,3,0.0,24,15:32,0,0,0,0,
467,2019-12-31,33,32-230,VEG,,ANA,W,0,0,0,0,0,0,0,0,0,0,0,0,0,,26,20:34,7,1,0,0,
468,2020-01-02,34,32-232,VEG,,PHI,W,0,0,0,1,0,0,0,0,0,0,0,0,1,0.0,25,21:32,7,0,0,0,
469,2020-01-04,35,32-234,VEG,,STL,W,0,0,0,1,0,0,0,0,0,0,0,0,4,0.0,26,20:42,1,0,0,0,
470,2020-01-07,36,32-237,VEG,,PIT,L,0,0,0,0,0,0,0,0,0,0,0,0,2,0.0,24,20:46,0,0,0,0,
471,2020-01-09,37,32-239,VEG,,LAK,L,0,0,0,-1,0,0,0,0,0,0,0,0,3,0.0,24,19:21,4,0,0,0,
472,2020-01-11,38,32-241,VEG,,CBJ,L,0,0,0,-2,0,0,0,0,0,0,0,0,4,0.0,27,20:54,2,2,0,0,
473,2020-01-14,39,32-244,VEG,@,BUF,L,0,0,0,0,0,0,0,0,0,0,0,0,1,0.0,26,18:43,2,0,0,0,
474,2020-01-16,40,32-246,VEG,@,OTT,W,0,0,0,3,0,0,0,0,0,0,0,0,5,0.0,32,23:49,1,0,0,0,
475,2020-01-18,41,32-248,VEG,@,MTL,L-SO,0,0,0,0,0,0,0,0,0,0,0,0,2,0.0,30,18:54,2,0,0,0,
476,2020-01-21,42,32-251,VEG,@,BOS,L,0,0,0,-1,0,0,0,0,0,0,0,0,1,0.0,23,21:03,2,2,0,0,
477,2020-01-31,43,32-261,VEG,@,CAR,W,0,0,0,0,0,0,0,0,0,0,0,0,1,0.0,28,20:43,2,1,0,0,
478,2020-02-01,44,32-262,VEG,@,NSH,W,0,0,0,1,0,0,0,0,0,0,0,0,3,0.0,23,19:44,0,1,0,0,
479,2020-02-04,45,32-265,VEG,@,TBL,L,0,0,0,-1,0,0,0,0,0,0,0,0,2,0.0,27,19:43,2,1,0,0,
480,2020-02-06,46,32-267,VEG,@,FLA,W,0,1,1,3,0,0,0,0,0,1,0,0,1,0.0,22,16:05,1,2,0,0,
481,2020-02-08,47,32-269,VEG,,CAR,L-SO,0,1,1,0,0,0,0,0,0,1,0,0,2,0.0,22,19:15,3,4,0,0,
482,2020-02-11,48,32-272,VEG,@,MIN,L,0,0,0,-1,0,0,0,0,0,0,0,0,0,,18,12:39,1,0,0,0,
483,2020-02-13,49,32-274,VEG,,STL,W,0,0,0,0,0,0,0,0,0,0,0,0,3,0.0,26,23:02,3,1,0,0,
484,2020-02-15,50,32-276,VEG,,NYI,W,0,0,0,0,5,0,0,0,0,0,0,0,2,0.0,21,18:56,6,0,0,0,
485,2020-02-17,51,32-278,VEG,,WSH,W,1,0,1,2,0,1,0,0,0,0,0,0,4,25.0,26,23:58,2,1,0,0,
486,2020-02-20,52,32-281,VEG,,TBL,W,0,0,0,-1,0,0,0,0,0,0,0,0,1,0.0,25,18:00,2,1,0,0,
487,2020-02-22,53,32-283,VEG,,FLA,W,0,1,1,1,0,0,0,0,0,1,0,0,1,0.0,27,20:21,0,1,0,0,
488,2020-02-23,54,32-284,VEG,@,ANA,W,0,0,0,-1,0,0,0,0,0,0,0,0,0,,32,23:25,1,2,0,0,
489,2020-02-26,55,32-287,VEG,,EDM,W,0,0,0,0,0,0,0,0,0,0,0,0,1,0.0,16,13:59,0,2,0,0,
490,2020-02-28,56,32-289,VEG,,BUF,W,0,1,1,1,0,0,0,0,0,1,0,0,3,0.0,23,18:20,3,3,0,0,
491,2020-03-01,57,32-291,VEG,,LAK,L,0,0,0,-2,0,0,0,0,0,0,0,0,0,,19,12:48,2,1,0,0,
492,2020-03-03,58,32-293,VEG,,NJD,W,0,0,0,0,0,0,0,0,0,0,0,0,4,0.0,25,20:42,0,1,0,0,
493,2020-03-06,59,32-296,VEG,@,WPG,L,0,0,0,-1,0,0,0,0,0,0,0,0,0,,22,13:55,3,1,0,0,
494,2020-03-08,60,32-298,VEG,@,CGY,W,1,1,2,1,0,1,0,0,0,1,0,0,1,100.0,21,14:05,0,1,0,0,
495,2020-03-09,61,32-299,VEG,@,EDM,W,0,0,0,0,0,0,0,0,0,0,0,0,0,,20,15:45,4,1,0,0,
