,date_game,game_season,age,team_id,game_location,opp_id,game_result,goals,assists,points,plus_minus,pen_min,goals_ev,goals_pp,goals_sh,goals_gw,assists_ev,assists_pp,assists_sh,shots,shot_pct,shifts,time_on_ice,hits_all,blocks_all,faceoff_wins_all,faceoff_losses_all,faceoff_percentage_all
0,2013-10-03,1,19-000,NSH,@,STL,L,0,0,0,2,0,0,0,0,0,,,,3,0.0,22,18:35,1,0,0,0,
1,2013-10-04,2,19-001,NSH,@,COL,L,0,0,0,-1,0,0,0,0,0,,,,1,0.0,32,25:46,0,0,0,0,
2,2013-10-08,3,19-005,NSH,,MIN,W,0,1,1,0,2,0,0,0,0,,,,2,0.0,28,25:02,0,2,0,0,
3,2013-10-10,4,19-007,NSH,,TOR,L,0,0,0,-2,0,0,0,0,0,,,,5,0.0,29,26:29,0,4,0,0,
4,2013-10-12,5,19-009,NSH,,NYI,W,1,0,1,-1,0,0,1,0,0,,,,3,33.3,23,21:40,0,3,0,0,
5,2013-10-15,6,19-012,NSH,,FLA,W,0,1,1,2,0,0,0,0,0,,,,2,0.0,23,20:40,0,2,0,0,
6,2013-10-17,7,19-014,NSH,,LAK,L-SO,0,0,0,0,0,0,0,0,0,,,,1,0.0,33,28:14,1,1,0,0,
7,2013-10-19,8,19-016,NSH,@,MTL,W,1,0,1,1,0,1,0,0,1,,,,1,100.0,32,27:29,0,2,0,0,
8,2013-10-20,9,19-017,NSH,@,WPG,W,0,0,0,0,0,0,0,0,0,,,,2,0.0,34,26:23,1,4,0,0,
9,2013-10-22,10,19-019,NSH,@,MIN,L,0,0,0,-1,0,0,0,0,0,,,,0,,33,23:32,0,1,0,0,
10,2013-10-24,11,19-021,NSH,,WPG,W,0,1,1,1,0,0,0,0,0,,,,1,0.0,30,28:13,0,1,0,0,
11,2013-10-26,12,19-023,NSH,,STL,L,0,0,0,-1,0,0,0,0,0,,,,2,0.0,29,24:25,0,1,0,0,
12,2013-10-31,13,19-028,NSH,@,PHX,L-SO,0,1,1,0,0,0,0,0,0,,,,3,0.0,30,30:19,1,1,0,0,
13,2013-11-02,14,19-030,NSH,@,LAK,W,0,1,1,0,0,0,0,0,0,,,,0,,30,24:46,0,2,0,0,
14,2013-11-06,15,19-034,NSH,@,COL,W,0,0,0,-2,0,0,0,0,0,,,,0,,33,26:23,0,1,0,0,
15,2013-11-08,16,19-036,NSH,@,WPG,L,0,0,0,-1,0,0,0,0,0,,,,0,,25,16:44,1,1,0,0,
16,2013-11-10,17,19-038,NSH,@,NJD,L,0,0,0,-2,2,0,0,0,0,,,,0,,30,24:43,2,0,0,0,
17,2013-11-12,18,19-040,NSH,@,NYI,L,0,0,0,-1,0,0,0,0,0,,,,0,,27,24:19,0,6,0,0,
18,2013-11-15,19,19-043,NSH,@,PIT,L,0,0,0,-1,0,0,0,0,0,,,,0,,26,17:53,0,1,0,0,
19,2013-11-16,20,19-044,NSH,,CHI,W,0,1,1,0,0,0,0,0,0,,,,0,,26,19:57,2,5,0,0,
20,2013-11-19,21,19-047,NSH,@,DET,W,0,0,0,0,0,0,0,0,0,,,,3,0.0,24,22:23,0,1,0,0,
21,2013-11-21,22,19-049,NSH,@,TOR,W,1,0,1,1,0,0,1,0,0,,,,3,33.3,33,21:13,2,0,0,0,
22,2013-11-23,23,19-051,NSH,,NYR,L,0,0,0,-1,2,0,0,0,0,,,,1,0.0,24,19:46,0,0,0,0,
23,2013-11-25,24,19-053,NSH,,PHX,W,0,0,0,-1,0,0,0,0,0,,,,1,0.0,25,22:29,0,2,0,0,
24,2013-11-27,25,19-055,NSH,@,CBJ,W,0,0,0,0,0,0,0,0,0,,,,1,0.0,21,18:47,1,0,0,0,
25,2013-11-28,26,19-056,NSH,,EDM,L,0,0,0,-1,2,0,0,0,0,,,,3,0.0,27,23:16,3,3,0,0,
26,2013-11-30,27,19-058,NSH,,PHI,L-SO,0,0,0,-1,0,0,0,0,0,,,,3,0.0,35,30:46,2,3,0,0,
27,2013-12-03,28,19-061,NSH,,VAN,L,0,0,0,0,0,0,0,0,0,,,,2,0.0,27,29:40,1,5,0,0,
28,2013-12-05,29,19-063,NSH,,CAR,L,0,1,1,-1,0,0,0,0,0,,,,1,0.0,26,24:40,1,3,0,0,
29,2013-12-07,30,19-065,NSH,@,WSH,L,0,0,0,-1,0,0,0,0,0,,,,1,0.0,20,12:42,2,0,0,0,
30,2013-12-10,31,19-068,NSH,@,NYR,W,0,0,0,1,0,0,0,0,0,,,,1,0.0,20,9:29,1,0,0,0,
31,2013-12-12,32,19-070,NSH,,DAL,W,0,0,0,1,0,0,0,0,0,,,,0,,15,11:00,1,0,0,0,
32,2013-12-14,33,19-072,NSH,,SJS,W,0,0,0,0,0,0,0,0,0,,,,0,,16,13:56,1,0,0,0,
33,2013-12-17,34,19-075,NSH,,CHI,L,0,0,0,0,0,0,0,0,0,,,,2,0.0,16,11:56,0,0,0,0,
34,2013-12-19,35,19-077,NSH,@,TBL,L,0,0,0,0,0,0,0,0,0,,,,0,,22,15:14,2,0,0,0,
35,2013-12-21,36,19-079,NSH,,MTL,L-OT,0,0,0,-1,0,0,0,0,0,,,,0,,10,7:49,0,1,0,0,
36,2013-12-23,37,19-081,NSH,,BOS,L,0,1,1,-2,2,0,0,0,0,,,,1,0.0,19,16:31,1,0,0,0,
37,2013-12-27,38,19-085,NSH,@,DAL,L,0,0,0,-1,0,0,0,0,0,,,,0,,17,11:01,0,2,0,0,
38,2013-12-28,39,19-086,NSH,,LAK,W,0,2,2,2,0,0,0,0,0,,,,3,0.0,23,19:08,0,1,0,0,
39,2013-12-30,40,19-088,NSH,,DET,W,0,2,2,3,0,0,0,0,0,,,,2,0.0,21,16:36,0,0,0,0,
40,2014-01-02,41,19-091,NSH,@,BOS,L-OT,0,0,0,-1,2,0,0,0,0,,,,1,0.0,26,18:50,1,1,0,0,
41,2014-01-04,42,19-093,NSH,@,FLA,L-SO,1,0,1,-1,0,1,0,0,0,,,,3,33.3,27,23:26,1,0,0,0,
42,2014-01-05,43,19-094,NSH,@,CAR,L,0,0,0,0,2,0,0,0,0,,,,3,0.0,24,19:43,1,0,0,0,
43,2014-01-07,44,19-096,NSH,,SJS,W,0,0,0,1,0,0,0,0,0,,,,1,0.0,24,21:07,0,2,0,0,
44,2014-01-09,45,19-098,NSH,,ANA,L,0,0,0,-1,0,0,0,0,0,,,,1,0.0,28,21:46,0,2,0,0,
45,2014-01-11,46,19-100,NSH,,OTT,L-SO,0,1,1,1,0,0,0,0,0,,,,2,0.0,29,23:15,1,0,0,0,
46,2014-01-12,47,19-101,NSH,,MIN,L,0,0,0,-2,0,0,0,0,0,,,,2,0.0,23,18:46,1,0,0,0,
47,2014-01-14,48,19-103,NSH,,CGY,W,0,1,1,-1,2,0,0,0,0,,,,1,0.0,26,19:00,0,0,0,0,
48,2014-01-16,49,19-105,NSH,@,PHI,W,0,0,0,-2,0,0,0,0,0,,,,0,,28,23:26,2,2,0,0,
49,2014-01-18,50,19-107,NSH,,COL,L,0,0,0,-3,0,0,0,0,0,,,,2,0.0,20,19:45,1,1,0,0,
50,2014-01-20,51,19-109,NSH,,DAL,W,0,0,0,0,0,0,0,0,0,,,,3,0.0,19,17:23,0,3,0,0,
51,2014-01-23,52,19-112,NSH,@,VAN,W,0,1,1,0,0,0,0,0,0,,,,0,,26,20:40,4,2,0,0,
52,2014-01-24,53,19-113,NSH,@,CGY,L-SO,0,0,0,1,0,0,0,0,0,,,,1,0.0,27,22:46,1,2,0,0,
53,2014-01-26,54,19-115,NSH,@,EDM,L,0,0,0,0,2,0,0,0,0,,,,0,,25,18:09,0,1,0,0,
54,2014-01-28,55,19-117,NSH,@,WPG,W,1,0,1,1,0,1,0,0,0,,,,1,100.0,29,24:13,1,0,0,0,
55,2014-01-31,56,19-120,NSH,,NJD,W,0,1,1,1,0,0,0,0,0,,,,4,0.0,27,21:47,2,1,0,0,
56,2014-02-01,57,19-121,NSH,@,STL,L-SO,0,0,0,-2,2,0,0,0,0,,,,1,0.0,26,19:38,0,1,0,0,
57,2014-02-06,58,19-126,NSH,@,MIN,L-OT,0,0,0,-1,0,0,0,0,0,,,,0,,25,21:54,2,1,0,0,
58,2014-02-08,59,19-128,NSH,,ANA,L,0,0,0,-1,0,0,0,0,0,,,,4,0.0,25,19:47,1,3,0,0,
59,2014-02-27,60,19-147,NSH,,TBL,W,0,0,0,-1,0,0,0,0,0,,,,1,0.0,19,14:59,0,1,0,0,
60,2014-03-01,61,19-149,NSH,,WPG,L,0,0,0,-1,0,0,0,0,0,,,,1,0.0,22,19:02,0,2,0,0,
61,2014-03-04,62,19-152,NSH,,PIT,L,0,0,0,0,0,0,0,0,0,,,,0,,22,16:58,1,3,0,0,
62,2014-03-06,63,19-154,NSH,,STL,L,0,0,0,-1,0,0,0,0,0,,,,2,0.0,21,17:05,0,0,0,0,
63,2014-03-08,64,19-156,NSH,,CBJ,L,0,0,0,-1,2,0,0,0,0,,,,2,0.0,19,13:39,0,1,0,0,
64,2014-03-10,65,19-158,NSH,@,OTT,W,1,1,2,3,0,1,0,0,1,,,,3,33.3,22,12:52,0,0,0,0,
65,2014-03-11,66,19-159,NSH,@,BUF,W,0,0,0,0,0,0,0,0,0,,,,0,,23,17:46,0,0,0,0,
66,2014-03-14,67,19-162,NSH,@,CHI,W,0,0,0,0,0,0,0,0,0,,,,1,0.0,18,14:49,2,0,0,0,
67,2014-03-15,68,19-163,NSH,,STL,L,0,0,0,-1,0,0,0,0,0,,,,1,0.0,23,18:31,1,1,0,0,
68,2014-03-18,69,19-166,NSH,@,EDM,L,0,0,0,-2,0,0,0,0,0,,,,0,,25,17:53,0,1,0,0,
69,2014-03-19,70,19-167,NSH,@,VAN,L,0,0,0,0,0,0,0,0,0,,,,0,,22,17:29,0,0,0,0,
70,2014-03-21,71,19-169,NSH,@,CGY,W,0,1,1,1,0,0,0,0,0,,,,1,0.0,18,12:03,1,0,0,0,
71,2014-03-23,72,19-171,NSH,@,CHI,W,0,0,0,0,0,0,0,0,0,,,,0,,8,5:48,1,0,0,0,
72,2014-04-05,73,19-184,NSH,@,SJS,W,0,0,0,0,0,0,0,0,0,,,,1,0.0,17,12:40,1,0,0,0,
73,2014-04-08,74,19-187,NSH,@,DAL,L-SO,0,0,0,-1,0,0,0,0,0,,,,1,0.0,20,14:12,0,0,0,0,
74,2014-04-10,75,19-189,NSH,,PHX,W,0,1,1,0,0,0,0,0,0,,,,2,0.0,22,14:06,0,2,0,0,
75,2014-04-12,76,19-191,NSH,,CHI,W,0,0,0,0,2,0,0,0,0,,,,0,,20,17:11,0,2,0,0,
76,2014-04-13,77,19-192,NSH,@,MIN,W,0,0,0,1,0,0,0,0,0,,,,0,,21,18:22,2,5,0,0,
77,2014-10-09,1,20-006,NSH,,OTT,W,0,0,0,0,0,0,0,0,0,0,0,0,1,0.0,24,19:43,1,2,0,0,
78,2014-10-11,2,20-008,NSH,,DAL,W,0,0,0,0,0,0,0,0,0,0,0,0,1,0.0,19,18:48,1,2,0,0,
79,2014-10-14,3,20-011,NSH,,CGY,L-SO,0,0,0,0,0,0,0,0,0,0,0,0,0,,26,17:29,0,3,0,0,
80,2014-10-17,4,20-014,NSH,@,WPG,W,0,1,1,2,0,0,0,0,0,1,0,0,0,,22,17:54,1,0,0,0,
81,2014-10-18,5,20-015,NSH,@,CHI,L-OT,0,0,0,-2,0,0,0,0,0,0,0,0,0,,23,18:21,4,1,0,0,
82,2014-10-21,6,20-018,NSH,,ARI,W,0,1,1,0,0,0,0,0,0,1,0,0,0,,25,18:56,0,0,0,0,
83,2014-10-23,7,20-020,NSH,,CHI,W,0,1,1,1,0,0,0,0,0,1,0,0,1,0.0,22,17:31,0,3,0,0,
84,2014-10-25,8,20-022,NSH,,PIT,L,0,0,0,0,0,0,0,0,0,0,0,0,2,0.0,20,17:50,1,1,0,0,
85,2014-10-29,9,20-026,NSH,@,EDM,W,0,0,0,2,2,0,0,0,0,0,0,0,1,0.0,22,14:46,1,0,0,0,
86,2014-10-31,10,20-028,NSH,@,CGY,L,0,0,0,-1,0,0,0,0,0,0,0,0,1,0.0,21,17:02,1,0,0,0,
87,2014-11-02,11,20-030,NSH,@,VAN,W,0,0,0,0,0,0,0,0,0,0,0,0,0,,25,17:38,0,1,0,0,
88,2014-11-04,12,20-032,NSH,@,WPG,L,0,0,0,0,0,0,0,0,0,0,0,0,1,0.0,23,16:20,0,0,0,0,
89,2014-11-06,13,20-034,NSH,@,DAL,W,0,0,0,0,0,0,0,0,0,0,0,0,0,,23,18:44,0,2,0,0,
90,2014-11-08,14,20-036,NSH,@,STL,W,0,0,0,0,0,0,0,0,0,0,0,0,5,0.0,26,17:57,2,0,0,0,
91,2014-11-11,15,20-039,NSH,,EDM,W,0,1,1,1,0,0,0,0,0,1,0,0,1,0.0,24,15:54,0,1,0,0,
92,2014-11-13,16,20-041,NSH,@,STL,L,0,0,0,-1,0,0,0,0,0,0,0,0,1,0.0,24,15:32,0,0,0,0,
93,2014-11-15,17,20-043,NSH,,WPG,W,0,0,0,0,0,0,0,0,0,0,0,0,1,0.0,18,16:25,0,1,0,0,
94,2014-11-18,18,20-046,NSH,@,TOR,W,0,1,1,1,0,0,0,0,0,0,1,0,1,0.0,27,19:01,1,3,0,0,
95,2014-11-20,19,20-048,NSH,@,OTT,L,0,0,0,1,0,0,0,0,0,0,0,0,1,0.0,21,17:02,0,2,0,0,
96,2014-11-22,20,20-050,NSH,,FLA,W,0,0,0,0,2,0,0,0,0,0,0,0,1,0.0,21,19:08,0,2,0,0,
97,2014-11-25,21,20-053,NSH,,LAK,W,0,0,0,-1,0,0,0,0,0,0,0,0,1,0.0,23,19:18,1,2,0,0,
98,2014-11-27,22,20-055,NSH,,EDM,W,0,0,0,0,4,0,0,0,0,0,0,0,0,,25,20:37,0,1,0,0,
99,2014-11-29,23,20-057,NSH,,CBJ,W,0,0,0,1,0,0,0,0,0,0,0,0,4,0.0,23,19:07,0,0,0,0,
100,2014-12-02,24,20-060,NSH,@,CAR,L,0,0,0,-1,0,0,0,0,0,0,0,0,0,,22,15:12,1,1,0,0,
101,2014-12-04,25,20-062,NSH,,STL,W,0,0,0,0,0,0,0,0,0,0,0,0,0,,20,13:40,0,0,0,0,
102,2014-12-06,26,20-064,NSH,,CHI,L,0,0,0,1,2,0,0,0,0,0,0,0,1,0.0,22,14:18,2,2,0,0,
103,2014-12-09,27,20-067,NSH,@,COL,W,0,1,1,1,0,0,0,0,0,1,0,0,3,0.0,20,16:14,1,0,0,0,
104,2014-12-11,28,20-069,NSH,@,ARI,W,0,0,0,1,0,0,0,0,0,0,0,0,2,0.0,23,17:26,0,1,0,0,
105,2014-12-13,29,20-071,NSH,@,SJS,L,0,0,0,0,2,0,0,0,0,0,0,0,2,0.0,28,18:45,1,1,0,0,
106,2014-12-16,30,20-074,NSH,,BOS,W,0,0,0,1,0,0,0,0,0,0,0,0,3,0.0,24,19:12,0,3,0,0,
107,2014-12-20,31,20-078,NSH,@,MIN,W,0,0,0,-1,0,0,0,0,0,0,0,0,0,,23,14:41,0,0,0,0,
108,2014-12-22,32,20-080,NSH,@,CBJ,W,1,0,1,2,0,1,0,0,0,0,0,0,4,25.0,23,19:42,0,1,0,0,
109,2014-12-23,33,20-081,NSH,@,BOS,L,0,0,0,0,2,0,0,0,0,0,0,0,1,0.0,19,19:24,0,3,0,0,
110,2014-12-27,34,20-085,NSH,,PHI,W,0,1,1,0,0,0,0,0,0,0,1,0,1,0.0,21,19:03,0,2,0,0,
111,2014-12-29,35,20-087,NSH,@,CHI,L-SO,0,0,0,0,0,0,0,0,0,0,0,0,1,0.0,23,16:49,3,2,0,0,
112,2014-12-30,36,20-088,NSH,,STL,W,0,0,0,0,0,0,0,0,0,0,0,0,2,0.0,27,17:43,0,1,0,0,
113,2015-01-03,37,20-092,NSH,@,LAK,W,0,1,1,1,0,0,0,0,0,0,1,0,0,,23,16:21,3,2,0,0,
114,2015-01-04,38,20-093,NSH,@,ANA,L-SO,1,0,1,-1,0,0,1,0,0,0,0,0,1,100.0,23,18:26,1,0,0,0,
115,2015-01-06,39,20-095,NSH,,CAR,W,0,0,0,0,0,0,0,0,0,0,0,0,0,,19,17:30,0,1,0,0,
116,2015-01-08,40,20-097,NSH,,DAL,W,0,0,0,0,2,0,0,0,0,0,0,0,1,0.0,27,22:17,1,0,0,0,
117,2015-01-10,41,20-099,NSH,@,MIN,W,0,0,0,1,0,0,0,0,0,0,0,0,3,0.0,29,24:16,1,0,0,0,
118,2015-01-13,42,20-102,NSH,,VAN,W,0,1,1,0,0,0,0,0,0,0,1,0,2,0.0,24,20:41,3,0,0,0,
119,2015-01-16,43,20-105,NSH,,WSH,W,1,1,2,3,0,1,0,0,0,0,1,0,3,33.3,24,23:01,2,0,0,0,
120,2015-01-17,44,20-106,NSH,@,DET,L,0,0,0,-1,0,0,0,0,0,0,0,0,1,0.0,24,23:11,1,1,0,0,
121,2015-01-20,45,20-109,NSH,@,MTL,L-OT,0,1,1,1,0,0,0,0,0,1,0,0,2,0.0,27,23:31,2,3,0,0,
122,2015-01-27,46,20-116,NSH,,COL,W,0,1,1,-1,0,0,0,0,0,0,1,0,3,0.0,23,22:10,1,0,0,0,
123,2015-01-29,47,20-118,NSH,@,STL,L-SO,0,0,0,-2,0,0,0,0,0,0,0,0,1,0.0,28,23:29,1,2,0,0,
124,2015-01-30,48,20-119,NSH,@,COL,L,0,0,0,-2,0,0,0,0,0,0,0,0,1,0.0,26,22:50,4,2,0,0,
125,2015-02-01,49,20-121,NSH,@,PIT,W,0,0,0,1,0,0,0,0,0,0,0,0,1,0.0,27,22:05,2,3,0,0,
126,2015-02-03,50,20-123,NSH,,TOR,W,1,0,1,2,0,0,0,1,0,0,0,0,2,50.0,25,20:24,1,1,0,0,
127,2015-02-05,51,20-125,NSH,,ANA,L,0,1,1,-1,0,0,0,0,0,1,0,0,2,0.0,26,21:12,1,0,0,0,
128,2015-02-07,52,20-127,NSH,,NYR,W,0,1,1,1,0,0,0,0,0,1,0,0,1,0.0,30,22:38,2,3,0,0,
129,2015-02-08,53,20-128,NSH,@,FLA,W,1,0,1,-2,2,0,1,0,0,0,0,0,2,50.0,31,25:30,2,1,0,0,
130,2015-02-10,54,20-130,NSH,,TBL,W,1,0,1,1,0,1,0,0,0,0,0,0,3,33.3,35,25:35,0,2,0,0,
131,2015-02-12,55,20-132,NSH,,WPG,W,0,0,0,0,0,0,0,0,0,0,0,0,1,0.0,25,20:41,1,1,0,0,
132,2015-02-14,56,20-134,NSH,,NJD,W,0,0,0,1,0,0,0,0,0,0,0,0,1,0.0,22,20:52,2,2,0,0,
133,2015-02-17,57,20-137,NSH,,SJS,W,0,1,1,0,0,0,0,0,0,0,1,0,3,0.0,27,24:29,2,2,0,0,
134,2015-02-19,58,20-139,NSH,@,NYI,L,0,0,0,0,0,0,0,0,0,0,0,0,2,0.0,29,23:16,0,1,0,0,
135,2015-02-21,59,20-141,NSH,@,PHI,L-SO,0,0,0,0,0,0,0,0,0,0,0,0,1,0.0,25,21:09,5,0,0,0,
136,2015-02-22,60,20-142,NSH,@,BUF,W,0,1,1,0,0,0,0,0,0,0,1,0,3,0.0,25,21:29,0,1,0,0,
137,2015-02-24,61,20-144,NSH,,COL,W,0,0,0,0,0,0,0,0,0,0,0,0,2,0.0,26,23:39,2,0,0,0,
138,2015-02-26,62,20-146,NSH,,MIN,L,0,0,0,-1,0,0,0,0,0,0,0,0,4,0.0,25,20:26,0,1,0,0,
139,2015-02-28,63,20-148,NSH,,DET,L,0,0,0,-2,0,0,0,0,0,0,0,0,2,0.0,21,16:42,0,1,0,0,
140,2015-03-02,64,20-150,NSH,@,NYR,L,0,0,0,0,0,0,0,0,0,0,0,0,0,,22,17:17,0,1,0,0,
141,2015-03-03,65,20-151,NSH,@,NJD,L,0,0,0,-1,0,0,0,0,0,0,0,0,0,,25,22:10,0,1,0,0,
142,2015-03-05,66,20-153,NSH,,NYI,L,0,0,0,-1,0,0,0,0,0,0,0,0,0,,27,21:43,1,0,0,0,
143,2015-03-07,67,20-155,NSH,,WPG,L,0,0,0,-1,0,0,0,0,0,0,0,0,0,,26,21:12,1,0,0,0,
144,2015-03-09,68,20-157,NSH,@,ARI,W,0,1,1,1,0,0,0,0,0,1,0,0,2,0.0,25,21:03,0,2,0,0,
145,2015-03-12,69,20-160,NSH,@,SJS,L,0,0,0,0,0,0,0,0,0,0,0,0,1,0.0,25,17:17,0,1,0,0,
146,2015-03-14,70,20-162,NSH,@,LAK,W,0,1,1,0,0,0,0,0,0,0,1,0,0,,27,19:03,1,3,0,0,
147,2015-03-15,71,20-163,NSH,@,ANA,L,0,0,0,0,0,0,0,0,0,0,0,0,4,0.0,24,18:26,1,2,0,0,
148,2015-03-17,72,20-165,NSH,,MIN,L-OT,0,0,0,0,0,0,0,0,0,0,0,0,2,0.0,22,21:16,0,0,0,0,
149,2015-03-21,73,20-169,NSH,,BUF,W,0,0,0,0,0,0,0,0,0,0,0,0,1,0.0,22,17:31,1,1,0,0,
150,2015-03-24,74,20-172,NSH,,MTL,W,0,0,0,0,0,0,0,0,0,0,0,0,1,0.0,26,22:42,1,0,0,0,
151,2015-03-26,75,20-174,NSH,@,TBL,W,0,0,0,1,2,0,0,0,0,0,0,0,0,,30,25:01,1,0,0,0,
152,2015-03-28,76,20-176,NSH,@,WSH,W,0,0,0,-1,0,0,0,0,0,0,0,0,1,0.0,34,27:01,1,1,0,0,
153,2015-03-29,77,20-177,NSH,,CGY,L,1,0,1,0,0,1,0,0,0,0,0,0,4,25.0,28,26:19,0,1,0,0,
154,2015-03-31,78,20-179,NSH,,VAN,L-SO,0,0,0,-1,0,0,0,0,0,0,0,0,4,0.0,30,24:51,0,1,0,0,
155,2015-04-04,79,20-183,NSH,,DAL,L-OT,0,1,1,2,0,0,0,0,0,1,0,0,3,0.0,26,22:49,0,0,0,0,
156,2015-04-07,80,20-186,NSH,@,COL,L,0,0,0,-1,0,0,0,0,0,0,0,0,0,,26,21:39,0,1,0,0,
157,2015-04-09,81,20-188,NSH,,MIN,L,1,0,1,-1,0,1,0,0,0,0,0,0,6,16.7,24,20:30,2,1,0,0,
158,2015-04-11,82,20-190,NSH,@,DAL,L,0,0,0,-1,0,0,0,0,0,0,0,0,2,0.0,22,21:32,0,0,0,0,
159,2015-10-08,1,21-005,NSH,,CAR,W,0,2,2,1,0,0,0,0,0,1,1,0,2,0.0,23,21:04,0,0,0,0,
160,2015-10-10,2,21-007,NSH,,EDM,W,0,0,0,2,0,0,0,0,0,0,0,0,2,0.0,24,19:00,1,2,0,0,
161,2015-10-13,3,21-010,NSH,@,NJD,W,0,0,0,1,0,0,0,0,0,0,0,0,1,0.0,21,19:05,0,0,0,0,
162,2015-10-15,4,21-012,NSH,@,NYI,L,0,0,0,-1,0,0,0,0,0,0,0,0,4,0.0,28,20:34,2,0,0,0,
163,2015-10-17,5,21-014,NSH,@,OTT,W,0,0,0,0,0,0,0,0,0,0,0,0,1,0.0,28,23:50,2,4,0,0,
164,2015-10-20,6,21-017,NSH,,TBL,W,0,0,0,0,0,0,0,0,0,0,0,0,3,0.0,30,24:31,0,1,0,0,
165,2015-10-22,7,21-019,NSH,,ANA,W,0,2,2,1,0,0,0,0,0,1,1,0,1,0.0,28,20:42,2,1,0,0,
166,2015-10-24,8,21-021,NSH,,PIT,L-OT,0,0,0,-1,0,0,0,0,0,0,0,0,2,0.0,24,22:07,1,2,0,0,
167,2015-10-28,9,21-025,NSH,@,SJS,W,0,1,1,1,0,0,0,0,0,1,0,0,1,0.0,23,16:26,0,1,0,0,
168,2015-10-31,10,21-028,NSH,@,LAK,L-OT,0,0,0,-1,0,0,0,0,0,0,0,0,2,0.0,27,19:11,2,1,0,0,
169,2015-11-01,11,21-029,NSH,@,ANA,L,0,0,0,-1,0,0,0,0,0,0,0,0,4,0.0,26,20:22,1,1,0,0,
170,2015-11-05,12,21-033,NSH,@,MIN,W,0,0,0,0,0,0,0,0,0,0,0,0,1,0.0,26,17:53,1,1,0,0,
171,2015-11-07,13,21-035,NSH,,STL,L,0,0,0,-1,0,0,0,0,0,0,0,0,1,0.0,26,19:11,0,1,0,0,
172,2015-11-10,14,21-038,NSH,,OTT,W,0,2,2,1,2,0,0,0,0,2,0,0,5,0.0,23,17:51,1,2,0,0,
173,2015-11-12,15,21-040,NSH,,TOR,L-SO,0,0,0,0,0,0,0,0,0,0,0,0,1,0.0,25,20:32,0,0,0,0,
174,2015-11-14,16,21-042,NSH,,WPG,W,1,2,3,2,0,1,0,0,0,1,1,0,1,100.0,25,19:24,1,0,0,0,
175,2015-11-17,17,21-045,NSH,,ANA,W,0,0,0,-2,0,0,0,0,0,0,0,0,1,0.0,26,21:48,0,3,0,0,
176,2015-11-20,18,21-048,NSH,@,CBJ,L,0,0,0,-1,0,0,0,0,0,0,0,0,3,0.0,22,21:27,1,1,0,0,
177,2015-11-21,19,21-049,NSH,@,MIN,L,0,0,0,0,0,0,0,0,0,0,0,0,1,0.0,26,19:19,0,0,0,0,
178,2015-11-23,20,21-051,NSH,@,NYR,L,0,0,0,0,0,0,0,0,0,0,0,0,2,0.0,23,21:57,2,0,0,0,
179,2015-11-25,21,21-053,NSH,@,BUF,W,0,0,0,0,0,0,0,0,0,0,0,0,3,0.0,25,18:38,0,1,0,0,
180,2015-11-27,22,21-055,NSH,@,PHI,L-OT,0,0,0,1,0,0,0,0,0,0,0,0,3,0.0,26,19:15,0,1,0,0,
181,2015-11-28,23,21-056,NSH,,BUF,L,0,0,0,0,0,0,0,0,0,0,0,0,2,0.0,22,17:43,1,0,0,0,
182,2015-12-01,24,21-059,NSH,,ARI,W,0,0,0,0,2,0,0,0,0,0,0,0,2,0.0,21,19:46,1,1,0,0,
183,2015-12-03,25,21-061,NSH,,FLA,L,0,0,0,0,0,0,0,0,0,0,0,0,1,0.0,19,17:07,2,0,0,0,
184,2015-12-05,26,21-063,NSH,@,DET,L-OT,0,0,0,-3,4,0,0,0,0,0,0,0,4,0.0,25,15:10,0,1,0,0,
185,2015-12-07,27,21-065,NSH,@,BOS,W,0,0,0,0,0,0,0,0,0,0,0,0,2,0.0,24,19:35,0,1,0,0,
186,2015-12-08,28,21-066,NSH,@,CHI,L,0,0,0,-1,0,0,0,0,0,0,0,0,2,0.0,20,18:57,3,1,0,0,
187,2015-12-10,29,21-068,NSH,,CHI,W,0,0,0,0,0,0,0,0,0,0,0,0,0,,23,21:23,0,1,0,0,
188,2015-12-12,30,21-070,NSH,,COL,L,0,0,0,-1,0,0,0,0,0,0,0,0,1,0.0,21,17:35,1,1,0,0,
189,2015-12-15,31,21-073,NSH,,CGY,L-OT,0,0,0,0,0,0,0,0,0,0,0,0,3,0.0,20,20:51,0,2,0,0,
190,2015-12-17,32,21-075,NSH,@,STL,L,0,0,0,0,0,0,0,0,0,0,0,0,2,0.0,21,17:55,1,1,0,0,
191,2015-12-19,33,21-077,NSH,,MIN,W,0,0,0,1,0,0,0,0,0,0,0,0,2,0.0,22,21:53,0,3,0,0,
192,2015-12-21,34,21-079,NSH,,MTL,W,0,0,0,1,0,0,0,0,0,0,0,0,1,0.0,26,19:47,0,3,0,0,
193,2015-12-26,35,21-084,NSH,,DET,L,0,0,0,-2,0,0,0,0,0,0,0,0,1,0.0,21,18:02,0,0,0,0,
194,2015-12-28,36,21-086,NSH,,NYR,W,0,1,1,0,0,0,0,0,0,0,1,0,2,0.0,18,18:59,0,0,0,0,
195,2015-12-29,37,21-087,NSH,@,STL,L-OT,0,0,0,-3,2,0,0,0,0,0,0,0,0,,24,19:23,3,3,0,0,
196,2015-12-31,38,21-089,NSH,@,DAL,L,0,0,0,1,0,0,0,0,0,0,0,0,1,0.0,27,18:53,2,0,0,0,
197,2016-01-02,39,21-091,NSH,@,CAR,W,0,0,0,0,0,0,0,0,0,0,0,0,0,,29,19:56,1,0,0,0,
198,2016-01-05,40,21-094,NSH,,WPG,L,0,0,0,0,0,0,0,0,0,0,0,0,3,0.0,23,18:40,1,1,0,0,
199,2016-01-08,41,21-097,CBJ,@,CAR,L,0,0,0,-2,0,0,0,0,0,0,0,0,1,0.0,28,22:31,2,0,0,0,
200,2016-01-09,42,21-098,CBJ,,CAR,L-OT,0,0,0,0,0,0,0,0,0,0,0,0,1,0.0,26,22:47,1,1,0,0,
201,2016-01-12,43,21-101,CBJ,@,NYI,L,0,0,0,-1,0,0,0,0,0,0,0,0,1,0.0,24,23:44,4,1,0,0,
202,2016-01-13,44,21-102,CBJ,@,TOR,W,0,1,1,1,0,0,0,0,0,1,0,0,0,,30,24:52,3,4,0,0,
203,2016-01-16,45,21-105,CBJ,,COL,W,0,1,1,1,0,0,0,0,0,1,0,0,3,0.0,29,26:08,7,0,0,0,
204,2016-01-19,46,21-108,CBJ,,WSH,L,0,2,2,2,0,0,0,0,0,1,1,0,4,0.0,27,23:21,3,3,0,0,
205,2016-01-21,47,21-110,CBJ,,CGY,L,0,1,1,1,0,0,0,0,0,1,0,0,3,0.0,27,25:26,1,0,0,0,
206,2016-01-23,48,21-112,CBJ,@,BOS,L-SO,0,0,0,-2,0,0,0,0,0,0,0,0,2,0.0,34,27:16,1,2,0,0,
207,2016-01-25,49,21-114,CBJ,,MTL,W,0,0,0,2,0,0,0,0,0,0,0,0,2,0.0,30,22:38,2,2,0,0,
208,2016-01-26,50,21-115,CBJ,@,MTL,W,0,1,1,2,2,0,0,0,0,0,1,0,1,0.0,31,23:42,1,5,0,0,
209,2016-02-02,51,21-122,CBJ,@,EDM,L,0,0,0,-1,2,0,0,0,0,0,0,0,1,0.0,30,23:52,0,3,0,0,
210,2016-02-04,52,21-124,CBJ,@,VAN,W,0,0,0,0,0,0,0,0,0,0,0,0,2,0.0,31,24:37,0,2,0,0,
211,2016-02-05,53,21-125,CBJ,@,CGY,W,0,1,1,1,0,0,0,0,0,1,0,0,3,0.0,26,21:16,0,0,0,0,
212,2016-02-09,54,21-129,CBJ,,NYI,L-SO,0,0,0,0,0,0,0,0,0,0,0,0,2,0.0,32,26:44,0,2,0,0,
213,2016-02-11,55,21-131,CBJ,,ANA,W,0,1,1,-2,0,0,0,0,0,0,1,0,4,0.0,30,28:05,3,0,0,0,
214,2016-02-13,56,21-133,CBJ,,OTT,W,0,2,2,2,0,0,0,0,0,2,0,0,4,0.0,27,22:28,0,3,0,0,
215,2016-02-16,57,21-136,CBJ,,BOS,L-OT,0,0,0,-2,2,0,0,0,0,0,0,0,2,0.0,29,24:05,0,0,0,0,
216,2016-02-19,58,21-139,CBJ,,BUF,L,0,0,0,-1,2,0,0,0,0,0,0,0,6,0.0,25,21:55,2,0,0,0,
217,2016-02-22,59,21-142,CBJ,@,BOS,W,0,1,1,0,0,0,0,0,0,1,0,0,0,,28,19:40,1,2,0,0,
218,2016-02-23,60,21-143,CBJ,@,DET,L-SO,0,0,0,-1,0,0,0,0,0,0,0,0,1,0.0,25,23:43,1,4,0,0,
219,2016-02-25,61,21-145,CBJ,,NJD,W,0,0,0,2,0,0,0,0,0,0,0,0,1,0.0,27,22:19,0,2,0,0,
220,2016-02-27,62,21-147,CBJ,,FLA,W,1,0,1,1,0,0,1,0,0,0,0,0,1,100.0,32,29:10,1,2,0,0,
221,2016-02-29,63,21-149,CBJ,@,NYR,L,0,0,0,-1,0,0,0,0,0,0,0,0,1,0.0,30,24:24,2,2,0,0,
222,2016-03-04,64,21-153,CBJ,,EDM,W,0,1,1,0,2,0,0,0,0,0,1,0,1,0.0,25,22:13,0,5,0,0,
223,2016-03-05,65,21-154,CBJ,@,PHI,L,0,0,0,-3,0,0,0,0,0,0,0,0,3,0.0,30,24:44,0,1,0,0,
224,2016-03-08,66,21-157,CBJ,,DET,W,0,2,2,1,0,0,0,0,0,0,2,0,0,,30,25:34,2,2,0,0,
225,2016-03-11,67,21-160,CBJ,,PIT,L,0,0,0,-1,0,0,0,0,0,0,0,0,1,0.0,29,27:14,0,2,0,0,
226,2016-03-13,68,21-162,CBJ,,TBL,L,0,0,0,-1,0,0,0,0,0,0,0,0,2,0.0,23,24:25,0,1,0,0,
227,2016-03-17,69,21-166,CBJ,,DET,L,0,0,0,-1,0,0,0,0,0,0,0,0,2,0.0,29,26:00,2,3,0,0,
228,2016-03-19,70,21-168,CBJ,,NJD,W,1,0,1,0,0,1,0,0,0,0,0,0,2,50.0,27,23:48,1,0,0,0,
229,2016-03-20,71,21-169,CBJ,@,NJD,L,0,0,0,-2,0,0,0,0,0,0,0,0,1,0.0,24,24:05,0,1,0,0,
230,2016-03-22,72,21-171,CBJ,,PHI,W,0,1,1,1,2,0,0,0,0,0,0,1,5,0.0,28,29:44,0,2,0,0,
231,2016-03-24,73,21-173,CBJ,,CAR,L,0,0,0,-1,0,0,0,0,0,0,0,0,6,0.0,28,24:52,0,4,0,0,
232,2016-03-26,74,21-175,CBJ,@,NSH,L,0,0,0,0,0,0,0,0,0,0,0,0,1,0.0,25,25:37,3,2,0,0,
233,2016-03-28,75,21-177,CBJ,@,WSH,L,0,0,0,-2,0,0,0,0,0,0,0,0,3,0.0,28,25:56,1,3,0,0,
234,2016-03-31,76,21-180,CBJ,@,NYI,L,0,0,0,0,0,0,0,0,0,0,0,0,1,0.0,29,25:27,1,1,0,0,
235,2016-04-02,77,21-182,CBJ,@,CAR,W,0,1,1,0,0,0,0,0,0,0,1,0,2,0.0,33,26:08,2,2,0,0,
236,2016-04-04,78,21-184,CBJ,,NYR,L,0,1,1,-1,0,0,0,0,0,1,0,0,6,0.0,30,29:00,2,2,0,0,
237,2016-04-06,79,21-186,CBJ,@,TOR,W,0,0,0,1,0,0,0,0,0,0,0,0,0,,27,24:14,3,3,0,0,
238,2016-04-08,80,21-188,CBJ,@,BUF,W,0,0,0,0,0,0,0,0,0,0,0,0,0,,26,24:58,1,0,0,0,
239,2016-04-09,81,21-189,CBJ,,CHI,W,0,1,1,-2,0,0,0,0,0,0,1,0,1,0.0,17,13:48,0,2,0,0,
240,2016-10-13,1,22-010,CBJ,,BOS,L,1,1,2,-1,0,1,0,0,0,1,0,0,2,50.0,28,23:06,0,1,0,0,
241,2016-10-15,2,22-012,CBJ,,SJS,L,0,0,0,0,0,0,0,0,0,0,0,0,2,0.0,30,26:29,0,3,0,0,
242,2016-10-21,3,22-018,CBJ,,CHI,W,0,0,0,0,0,0,0,0,0,0,0,0,0,,31,25:56,0,3,0,0,
243,2016-10-22,4,22-019,CBJ,@,DAL,W,0,1,1,2,0,0,0,0,0,1,0,0,1,0.0,31,21:38,1,1,0,0,
244,2016-10-25,5,22-022,CBJ,@,LAK,L-OT,0,0,0,-2,0,0,0,0,0,0,0,0,3,0.0,33,24:48,2,4,0,0,
245,2016-10-27,6,22-024,CBJ,@,SJS,L,0,0,0,0,0,0,0,0,0,0,0,0,2,0.0,29,24:22,2,2,0,0,
246,2016-10-28,7,22-025,CBJ,@,ANA,W,0,0,0,1,0,0,0,0,0,0,0,0,2,0.0,31,22:30,3,0,0,0,
247,2016-11-01,8,22-029,CBJ,,DAL,W,1,0,1,0,0,1,0,0,1,0,0,0,2,50.0,33,25:27,1,5,0,0,
248,2016-11-04,9,22-032,CBJ,,MTL,W,1,1,2,2,0,1,0,0,0,1,0,0,1,100.0,33,21:45,1,1,0,0,
249,2016-11-05,10,22-033,CBJ,@,STL,L-OT,0,0,0,-1,0,0,0,0,0,0,0,0,0,,32,26:19,4,1,0,0,
250,2016-11-21,11,22-049,CBJ,,COL,L-OT,0,0,0,-1,0,0,0,0,0,0,0,0,4,0.0,31,23:46,1,1,0,0,
251,2016-11-23,12,22-051,CBJ,,CGY,L,0,0,0,-1,0,0,0,0,0,0,0,0,3,0.0,27,22:25,0,2,0,0,
252,2016-11-25,13,22-053,CBJ,@,TBL,W,0,0,0,0,0,0,0,0,0,0,0,0,1,0.0,31,23:00,2,0,0,0,
253,2016-11-26,14,22-054,CBJ,@,FLA,L-SO,0,0,0,0,2,0,0,0,0,0,0,0,4,0.0,32,24:19,1,0,0,0,
254,2016-11-29,15,22-057,CBJ,,TBL,W,0,1,1,1,0,0,0,0,0,1,0,0,0,,24,20:48,2,2,0,0,
255,2016-12-01,16,22-059,CBJ,@,COL,W,0,1,1,0,0,0,0,0,0,1,0,0,3,0.0,32,23:34,0,2,0,0,
256,2016-12-03,17,22-061,CBJ,@,ARI,W,0,0,0,1,0,0,0,0,0,0,0,0,2,0.0,34,25:59,0,4,0,0,
257,2016-12-05,18,22-063,CBJ,,ARI,W,0,0,0,1,2,0,0,0,0,0,0,0,1,0.0,26,19:40,1,3,0,0,
258,2016-12-09,19,22-067,CBJ,@,DET,W,0,1,1,1,0,0,0,0,0,1,0,0,3,0.0,29,21:43,0,5,0,0,
259,2016-12-10,20,22-068,CBJ,,NYI,W,1,1,2,2,0,1,0,0,0,1,0,0,3,33.3,29,22:25,1,1,0,0,
260,2016-12-13,21,22-071,CBJ,@,EDM,W,0,0,0,0,0,0,0,0,0,0,0,0,1,0.0,29,21:54,2,0,0,0,
261,2016-12-16,22,22-074,CBJ,@,CGY,W,0,0,0,1,0,0,0,0,0,0,0,0,5,0.0,26,22:20,1,3,0,0,
262,2016-12-18,23,22-076,CBJ,@,VAN,W,1,0,1,1,2,1,0,0,1,0,0,0,3,33.3,35,22:41,2,1,0,0,
263,2016-12-20,24,22-078,CBJ,,LAK,W,0,0,0,-1,0,0,0,0,0,0,0,0,2,0.0,32,25:09,0,2,0,0,
264,2016-12-22,25,22-080,CBJ,,PIT,W,0,1,1,1,0,0,0,0,0,1,0,0,2,0.0,26,22:01,1,1,0,0,
265,2016-12-23,26,22-081,CBJ,,MTL,W,0,0,0,0,2,0,0,0,0,0,0,0,1,0.0,23,15:18,1,1,0,0,
266,2016-12-27,27,22-085,CBJ,,BOS,W,1,0,1,2,2,1,0,0,0,0,0,0,2,50.0,29,24:37,0,3,0,0,
267,2016-12-29,28,22-087,CBJ,@,WPG,W,0,1,1,-1,0,0,0,0,0,0,1,0,4,0.0,32,25:00,1,2,0,0,
268,2016-12-31,29,22-089,CBJ,@,MIN,W,1,0,1,0,0,1,0,0,0,0,0,0,3,33.3,27,21:26,1,2,0,0,
269,2017-01-03,30,22-092,CBJ,,EDM,W,0,1,1,0,2,0,0,0,0,0,1,0,1,0.0,29,18:20,1,0,0,0,
270,2017-01-05,31,22-094,CBJ,@,WSH,L,0,0,0,-1,0,0,0,0,0,0,0,0,2,0.0,26,23:39,1,3,0,0,
271,2017-01-07,32,22-096,CBJ,,NYR,L,0,0,0,-2,0,0,0,0,0,0,0,0,3,0.0,28,23:28,0,2,0,0,
272,2017-01-08,33,22-097,CBJ,,PHI,W,0,1,1,0,0,0,0,0,0,1,0,0,0,,28,24:35,0,2,0,0,
273,2017-01-10,34,22-099,CBJ,@,CAR,L,0,0,0,-1,0,0,0,0,0,0,0,0,3,0.0,33,26:32,0,2,0,0,
274,2017-01-13,35,22-102,CBJ,@,TBL,W,0,0,0,1,0,0,0,0,0,0,0,0,1,0.0,28,22:29,1,2,0,0,
275,2017-01-14,36,22-103,CBJ,@,FLA,L,0,2,2,0,0,0,0,0,0,1,1,0,3,0.0,34,23:24,1,2,0,0,
276,2017-01-17,37,22-106,CBJ,,CAR,W,0,0,0,2,0,0,0,0,0,0,0,0,1,0.0,26,22:35,0,2,0,0,
277,2017-01-19,38,22-108,CBJ,,OTT,L,0,0,0,0,0,0,0,0,0,0,0,0,2,0.0,33,25:33,0,0,0,0,
278,2017-01-21,39,22-110,CBJ,,CAR,W,0,0,0,0,0,0,0,0,0,0,0,0,0,,28,25:10,1,0,0,0,
279,2017-01-22,40,22-111,CBJ,@,OTT,W,0,2,2,0,0,0,0,0,0,1,1,0,2,0.0,35,26:25,1,3,0,0,
280,2017-01-24,41,22-113,CBJ,@,NYI,L,0,0,0,-1,0,0,0,0,0,0,0,0,5,0.0,30,24:18,2,2,0,0,
281,2017-01-26,42,22-115,CBJ,@,NSH,L,0,2,2,1,0,0,0,0,0,2,0,0,5,0.0,30,26:30,0,0,0,0,
282,2017-01-31,43,22-120,CBJ,@,NYR,W,2,0,2,0,0,2,0,0,0,0,0,0,4,50.0,35,23:51,0,0,0,0,
283,2017-02-03,44,22-123,CBJ,@,PIT,L-OT,0,1,1,0,0,0,0,0,0,1,0,0,4,0.0,35,27:22,2,2,0,0,
284,2017-02-04,45,22-124,CBJ,,NJD,L,0,0,0,-2,0,0,0,0,0,0,0,0,2,0.0,31,25:04,0,0,0,0,
285,2017-02-07,46,22-127,CBJ,@,DET,W,1,0,1,1,0,1,0,0,1,0,0,0,2,50.0,32,26:19,2,0,0,0,
286,2017-02-09,47,22-129,CBJ,,VAN,L,0,0,0,-1,0,0,0,0,0,0,0,0,1,0.0,30,23:25,0,1,0,0,
287,2017-02-11,48,22-131,CBJ,,DET,W,0,0,0,1,0,0,0,0,0,0,0,0,2,0.0,30,25:15,0,1,0,0,
288,2017-02-13,49,22-133,CBJ,,NYR,L,0,1,1,1,0,0,0,0,0,1,0,0,4,0.0,29,24:24,1,0,0,0,
289,2017-02-15,50,22-135,CBJ,,TOR,W,0,2,2,3,0,0,0,0,0,2,0,0,0,,31,21:34,0,4,0,0,
290,2017-02-17,51,22-137,CBJ,,PIT,W,0,1,1,0,0,0,0,0,0,1,0,0,2,0.0,31,24:28,0,2,0,0,
291,2017-02-19,52,22-139,CBJ,,NSH,L,0,2,2,1,0,0,0,0,0,2,0,0,0,,31,25:24,1,2,0,0,
292,2017-02-25,53,22-145,CBJ,,NYI,W,0,0,0,0,0,0,0,0,0,0,0,0,3,0.0,26,22:35,0,2,0,0,
293,2017-02-26,54,22-146,CBJ,@,NYR,W,0,0,0,1,0,0,0,0,0,0,0,0,0,,32,20:55,1,1,0,0,
294,2017-02-28,55,22-148,CBJ,@,MTL,L-OT,0,0,0,0,2,0,0,0,0,0,0,0,0,,32,25:01,2,2,0,0,
295,2017-03-02,56,22-150,CBJ,,MIN,W,0,0,0,1,2,0,0,0,0,0,0,0,2,0.0,28,20:42,1,1,0,0,
296,2017-03-04,57,22-152,CBJ,@,OTT,L,0,1,1,1,0,0,0,0,0,1,0,0,1,0.0,28,24:08,2,0,0,0,
297,2017-03-05,58,22-153,CBJ,@,NJD,W,0,0,0,0,0,0,0,0,0,0,0,0,1,0.0,24,18:40,0,0,0,0,
298,2017-03-07,59,22-155,CBJ,,NJD,W,0,1,1,2,0,0,0,0,0,1,0,0,1,0.0,27,23:02,0,0,0,0,
299,2017-03-10,60,22-158,CBJ,,BUF,W,0,1,1,-1,0,0,0,0,0,0,1,0,2,0.0,34,21:48,0,0,0,0,
300,2017-03-11,61,22-159,CBJ,@,BUF,L,0,0,0,-2,0,0,0,0,0,0,0,0,0,,34,25:20,0,5,0,0,
301,2017-03-13,62,22-161,CBJ,@,PHI,W,0,2,2,2,4,0,0,0,0,1,1,0,3,0.0,33,21:22,1,2,0,0,
302,2017-03-16,63,22-164,CBJ,,FLA,W,0,0,0,1,0,0,0,0,0,0,0,0,1,0.0,32,22:20,0,4,0,0,
303,2017-03-18,64,22-166,CBJ,@,NYI,W,0,0,0,0,0,0,0,0,0,0,0,0,0,,27,23:11,0,1,0,0,
304,2017-03-19,65,22-167,CBJ,@,NJD,W,0,0,0,0,0,0,0,0,0,0,0,0,3,0.0,32,21:30,1,0,0,0,
305,2017-03-22,66,22-170,CBJ,,TOR,L,0,0,0,-2,0,0,0,0,0,0,0,0,1,0.0,29,20:31,0,2,0,0,
306,2017-03-23,67,22-171,CBJ,@,WSH,L-SO,1,0,1,0,0,1,0,0,0,0,0,0,1,100.0,32,26:47,2,1,0,0,
307,2017-03-25,68,22-173,CBJ,,PHI,W,0,0,0,0,2,0,0,0,0,0,0,0,3,0.0,28,24:24,1,0,0,0,
308,2017-03-28,69,22-176,CBJ,,BUF,W,0,1,1,1,0,0,0,0,0,1,0,0,3,0.0,27,19:44,1,0,0,0,
309,2017-03-30,70,22-178,CBJ,@,CAR,L-OT,0,0,0,-1,0,0,0,0,0,0,0,0,1,0.0,29,21:58,1,2,0,0,
310,2017-03-31,71,22-179,CBJ,@,CHI,L,0,0,0,-2,0,0,0,0,0,0,0,0,4,0.0,31,24:19,0,2,0,0,
311,2017-04-02,72,22-181,CBJ,,WSH,L,0,0,0,-1,2,0,0,0,0,0,0,0,4,0.0,31,25:02,2,0,0,0,
312,2017-04-04,73,22-183,CBJ,@,PIT,L,0,0,0,-1,0,0,0,0,0,0,0,0,2,0.0,27,23:21,1,3,0,0,
313,2017-04-06,74,22-185,CBJ,,WPG,L,0,0,0,-1,0,0,0,0,0,0,0,0,0,,29,24:45,0,2,0,0,
314,2017-04-08,75,22-187,CBJ,@,PHI,L,1,0,1,-3,0,0,1,0,0,0,0,0,5,20.0,27,23:21,0,0,0,0,
315,2017-10-06,1,23-003,CBJ,,NYI,W,0,1,1,1,0,0,0,0,0,1,0,0,2,0.0,25,21:30,0,2,0,0,
316,2017-10-07,2,23-004,CBJ,@,CHI,L,0,0,0,-2,0,0,0,0,0,0,0,0,3,0.0,30,22:54,3,2,0,0,
317,2017-10-10,3,23-007,CBJ,@,CAR,W,0,0,0,-1,0,0,0,0,0,0,0,0,2,0.0,31,25:46,4,2,0,0,
318,2017-10-13,4,23-010,CBJ,,NYR,W,1,1,2,1,0,1,0,0,0,1,0,0,1,100.0,29,24:33,0,1,0,0,
319,2017-10-14,5,23-011,CBJ,@,MIN,W,0,1,1,2,0,0,0,0,0,1,0,0,5,0.0,31,25:46,1,2,0,0,
320,2017-10-17,6,23-014,CBJ,@,WPG,W,0,1,1,2,0,0,0,0,0,1,0,0,4,0.0,27,21:13,0,1,0,0,
321,2017-10-19,7,23-016,CBJ,,TBL,L,0,0,0,-1,0,0,0,0,0,0,0,0,5,0.0,27,23:55,1,2,0,0,
322,2017-10-21,8,23-018,CBJ,,LAK,L,0,0,0,-2,0,0,0,0,0,0,0,0,1,0.0,30,25:10,0,4,0,0,
323,2017-10-25,9,23-022,CBJ,,BUF,W,1,1,2,2,0,1,0,0,1,0,1,0,3,33.3,31,21:19,0,2,0,0,
324,2017-10-27,10,23-024,CBJ,,WPG,W,0,1,1,1,0,0,0,0,0,1,0,0,1,0.0,34,28:08,0,0,0,0,
325,2017-10-28,11,23-025,CBJ,@,STL,L,0,0,0,0,0,0,0,0,0,0,0,0,3,0.0,26,22:28,3,0,0,0,
326,2017-10-30,12,23-027,CBJ,,BOS,W,0,0,0,0,0,0,0,0,0,0,0,0,2,0.0,30,24:50,1,3,0,0,
327,2017-11-02,13,23-030,CBJ,@,FLA,W,0,1,1,1,0,0,0,0,0,0,1,0,1,0.0,26,19:25,0,0,0,0,
328,2017-11-04,14,23-032,CBJ,@,TBL,L-SO,1,1,2,4,0,1,0,0,0,1,0,0,3,33.3,34,25:50,1,1,0,0,
329,2017-11-06,15,23-034,CBJ,@,NYR,L,0,1,1,0,0,0,0,0,0,1,0,0,2,0.0,30,24:19,2,1,0,0,
330,2017-11-07,16,23-035,CBJ,,NSH,L,0,0,0,0,0,0,0,0,0,0,0,0,5,0.0,26,25:44,0,0,0,0,
331,2017-11-10,17,23-038,CBJ,,CAR,L,0,0,0,-2,0,0,0,0,0,0,0,0,2,0.0,25,21:52,1,3,0,0,
332,2017-11-11,18,23-039,CBJ,@,DET,W,0,0,0,0,0,0,0,0,0,0,0,0,2,0.0,27,25:33,2,0,0,0,
333,2017-11-14,19,23-042,CBJ,@,MTL,W,0,0,0,0,0,0,0,0,0,0,0,0,5,0.0,31,25:45,1,4,0,0,
334,2017-11-17,20,23-045,CBJ,,NYR,W,0,0,0,1,0,0,0,0,0,0,0,0,6,0.0,32,26:34,0,3,0,0,
335,2017-11-20,21,23-048,CBJ,@,BUF,W,0,0,0,-1,2,0,0,0,0,0,0,0,3,0.0,29,22:28,0,0,0,0,
336,2017-11-22,22,23-050,CBJ,,CGY,W,0,0,0,0,0,0,0,0,0,0,0,0,3,0.0,28,24:39,0,1,0,0,
337,2017-11-24,23,23-052,CBJ,,OTT,W,0,0,0,1,0,0,0,0,0,0,0,0,6,0.0,28,25:28,1,0,0,0,
338,2017-11-27,24,23-055,CBJ,@,MTL,L,0,0,0,-1,0,0,0,0,0,0,0,0,1,0.0,28,22:59,2,4,0,0,
339,2017-11-28,25,23-056,CBJ,,CAR,W,0,0,0,-1,0,0,0,0,0,0,0,0,3,0.0,31,28:09,1,1,0,0,
340,2017-12-01,26,23-059,CBJ,,ANA,W,0,0,0,0,0,0,0,0,0,0,0,0,2,0.0,29,24:17,2,0,0,0,
341,2017-12-02,27,23-060,CBJ,@,WSH,L,0,1,1,2,0,0,0,0,0,1,0,0,5,0.0,26,24:29,5,1,0,0,
342,2017-12-05,28,23-063,CBJ,,NJD,L,0,1,1,0,0,0,0,0,0,1,0,0,4,0.0,28,27:29,2,2,0,0,
343,2017-12-08,29,23-066,CBJ,@,NJD,W,0,1,1,2,0,0,0,0,0,1,0,0,2,0.0,31,24:25,1,2,0,0,
344,2017-12-09,30,23-067,CBJ,,ARI,W,0,0,0,1,0,0,0,0,0,0,0,0,2,0.0,27,22:54,1,0,0,0,
345,2017-12-12,31,23-070,CBJ,,EDM,L,0,0,0,-2,0,0,0,0,0,0,0,0,2,0.0,29,23:28,0,1,0,0,
346,2017-12-14,32,23-072,CBJ,,NYI,W,1,0,1,-1,0,1,0,0,0,0,0,0,4,25.0,26,22:07,1,5,0,0,
347,2017-12-16,33,23-074,CBJ,@,CAR,L,0,0,0,-1,2,0,0,0,0,0,0,0,4,0.0,28,24:44,0,1,0,0,
348,2017-12-18,34,23-076,CBJ,@,BOS,L,1,0,1,-3,0,0,1,0,0,0,0,0,4,25.0,29,20:56,1,2,0,0,
349,2017-12-20,35,23-078,CBJ,,TOR,W,1,1,2,1,0,1,0,0,0,0,1,0,2,50.0,29,25:21,3,2,0,0,
350,2017-12-21,36,23-079,CBJ,@,PIT,L-SO,0,1,1,0,6,0,0,0,0,0,1,0,1,0.0,33,26:44,0,1,0,0,
351,2017-12-23,37,23-081,CBJ,,PHI,W,1,0,1,0,0,0,1,0,0,0,0,0,5,20.0,34,27:58,0,1,0,0,
352,2017-12-27,38,23-085,CBJ,@,PIT,L-SO,0,1,1,1,2,0,0,0,0,1,0,0,5,0.0,34,30:08,1,2,0,0,
353,2017-12-29,39,23-087,CBJ,@,OTT,L,0,1,1,-2,0,0,0,0,0,1,0,0,0,,28,23:38,2,0,0,0,
354,2017-12-31,40,23-089,CBJ,,TBL,L,0,0,0,-2,0,0,0,0,0,0,0,0,3,0.0,28,24:26,0,1,0,0,
355,2018-01-02,41,23-091,CBJ,@,DAL,W,0,1,1,1,0,0,0,0,0,1,0,0,2,0.0,29,23:02,0,0,0,0,
356,2018-01-04,42,23-093,CBJ,@,COL,L,0,0,0,-1,2,0,0,0,0,0,0,0,4,0.0,31,25:28,0,1,0,0,
357,2018-01-07,43,23-096,CBJ,,FLA,W,0,2,2,0,2,0,0,0,0,0,2,0,3,0.0,31,28:44,0,1,0,0,
358,2018-01-08,44,23-097,CBJ,@,TOR,W,0,2,2,1,0,0,0,0,0,2,0,0,3,0.0,34,27:53,0,1,0,0,
359,2018-01-11,45,23-100,CBJ,@,BUF,L,0,1,1,-2,0,0,0,0,0,0,1,0,7,0.0,30,25:56,1,1,0,0,
360,2018-01-12,46,23-101,CBJ,,VAN,L,1,0,1,-1,0,0,1,0,0,0,0,0,5,20.0,26,26:03,3,1,0,0,
361,2018-01-18,47,23-107,CBJ,,DAL,W,0,0,0,-1,0,0,0,0,0,0,0,0,3,0.0,32,29:50,3,4,0,0,
362,2018-01-23,48,23-112,CBJ,@,VEG,L,0,1,1,1,0,0,0,0,0,1,0,0,2,0.0,29,25:05,4,5,0,0,
363,2018-01-25,49,23-114,CBJ,@,ARI,W,0,1,1,1,0,0,0,0,0,0,1,0,4,0.0,29,24:53,5,4,0,0,
364,2018-01-30,50,23-119,CBJ,,MIN,L-SO,0,1,1,0,0,0,0,0,0,0,1,0,2,0.0,30,26:37,1,1,0,0,
365,2018-02-02,51,23-122,CBJ,,SJS,L,0,0,0,0,2,0,0,0,0,0,0,0,2,0.0,28,27:14,2,0,0,0,
366,2018-02-03,52,23-123,CBJ,@,NYI,L,0,0,0,0,0,0,0,0,0,0,0,0,5,0.0,30,26:18,2,2,0,0,
367,2018-02-06,53,23-126,CBJ,,WSH,L,0,0,0,0,0,0,0,0,0,0,0,0,6,0.0,30,27:31,4,3,0,0,
368,2018-02-09,54,23-129,CBJ,@,WSH,L,0,1,1,0,0,0,0,0,0,1,0,0,6,0.0,25,25:32,1,1,0,0,
369,2018-02-10,55,23-130,CBJ,,NJD,W,0,2,2,3,0,0,0,0,0,2,0,0,4,0.0,27,22:23,0,0,0,0,
370,2018-02-13,56,23-133,CBJ,@,NYI,W,0,0,0,0,0,0,0,0,0,0,0,0,5,0.0,34,23:22,3,1,0,0,
371,2018-02-14,57,23-134,CBJ,@,TOR,L,0,0,0,-1,0,0,0,0,0,0,0,0,5,0.0,29,25:19,1,1,0,0,
372,2018-02-16,58,23-136,CBJ,,PHI,L-OT,0,0,0,0,0,0,0,0,0,0,0,0,1,0.0,29,26:55,2,2,0,0,
373,2018-02-18,59,23-138,CBJ,,PIT,L,0,0,0,-3,0,0,0,0,0,0,0,0,4,0.0,28,25:38,1,1,0,0,
374,2018-02-20,60,23-140,CBJ,@,NJD,W,0,0,0,1,0,0,0,0,0,0,0,0,1,0.0,27,25:21,0,1,0,0,
375,2018-02-22,61,23-142,CBJ,@,PHI,L,0,0,0,-1,0,0,0,0,0,0,0,0,4,0.0,31,26:24,0,0,0,0,
376,2018-02-24,62,23-144,CBJ,,CHI,W,0,1,1,-1,2,0,0,0,0,0,1,0,5,0.0,28,25:48,1,2,0,0,
377,2018-02-26,63,23-146,CBJ,,WSH,W,1,2,3,1,0,0,1,0,0,1,1,0,5,20.0,24,19:30,2,1,0,0,
378,2018-03-01,64,23-149,CBJ,@,LAK,L,1,0,1,1,0,1,0,0,0,0,0,0,6,16.7,25,23:20,1,1,0,0,
379,2018-03-02,65,23-150,CBJ,@,ANA,L,0,0,0,1,0,0,0,0,0,0,0,0,4,0.0,26,27:29,2,3,0,0,
380,2018-03-04,66,23-152,CBJ,@,SJS,W,0,0,0,-1,0,0,0,0,0,0,0,0,2,0.0,32,24:45,0,0,0,0,
381,2018-03-06,67,23-154,CBJ,,VEG,W,0,0,0,3,2,0,0,0,0,0,0,0,1,0.0,27,19:38,0,1,0,0,
382,2018-03-08,68,23-156,CBJ,,COL,W,1,2,3,1,2,1,0,0,1,1,1,0,7,14.3,31,23:59,0,1,0,0,
383,2018-03-09,69,23-157,CBJ,,DET,W,2,0,2,1,0,2,0,0,1,0,0,0,4,50.0,27,21:06,1,2,0,0,
384,2018-03-12,70,23-160,CBJ,,MTL,W,1,1,2,-1,0,0,1,0,1,0,1,0,3,33.3,17,14:13,2,2,0,0,
385,2018-03-15,71,23-163,CBJ,@,PHI,W,0,1,1,1,0,0,0,0,0,1,0,0,0,,28,23:21,1,2,0,0,
386,2018-03-22,72,23-170,CBJ,,FLA,W,1,0,1,1,2,0,1,0,0,0,0,0,4,25.0,26,19:06,0,1,0,0,
387,2018-03-24,73,23-172,CBJ,,STL,L,0,0,0,0,2,0,0,0,0,0,0,0,2,0.0,29,25:44,0,2,0,0,
388,2018-03-27,74,23-175,CBJ,@,EDM,W,0,0,0,1,0,0,0,0,0,0,0,0,0,,27,22:33,0,4,0,0,
389,2018-03-29,75,23-177,CBJ,@,CGY,W,0,0,0,1,0,0,0,0,0,0,0,0,2,0.0,26,22:53,0,5,0,0,
390,2018-03-31,76,23-179,CBJ,@,VAN,L-OT,1,3,4,2,0,0,1,0,0,2,1,0,2,50.0,35,28:57,2,2,0,0,
391,2018-04-03,77,23-182,CBJ,,DET,W,0,3,3,0,0,0,0,0,0,0,3,0,4,0.0,32,24:49,2,1,0,0,
392,2018-04-05,78,23-184,CBJ,,PIT,L-OT,0,0,0,0,2,0,0,0,0,0,0,0,1,0.0,32,26:57,2,3,0,0,
393,2018-10-23,1,24-020,CBJ,,ARI,L,0,0,0,0,0,0,0,0,0,0,0,0,4,0.0,23,27:24,1,3,0,0,
394,2018-10-25,2,24-022,CBJ,@,STL,W,1,0,1,0,0,1,0,0,0,0,0,0,4,25.0,30,22:38,0,2,0,0,
395,2018-10-27,3,24-024,CBJ,,BUF,W,0,0,0,3,0,0,0,0,0,0,0,0,1,0.0,28,25:38,0,2,0,0,
396,2018-10-30,4,24-027,CBJ,,DET,L,0,0,0,-3,0,0,0,0,0,0,0,0,4,0.0,32,26:43,1,1,0,0,
397,2018-11-01,5,24-029,CBJ,@,SJS,W,1,0,1,1,0,1,0,0,1,0,0,0,1,100.0,34,24:53,0,0,0,0,
398,2018-11-03,6,24-031,CBJ,@,LAK,L,0,0,0,-1,0,0,0,0,0,0,0,0,2,0.0,32,28:13,1,1,0,0,
399,2018-11-04,7,24-032,CBJ,@,ANA,L-OT,0,2,2,0,0,0,0,0,0,2,0,0,2,0.0,32,30:14,3,3,0,0,
400,2018-11-06,8,24-034,CBJ,,DAL,W,0,1,1,2,0,0,0,0,0,1,0,0,1,0.0,27,23:33,0,5,0,0,
401,2018-11-09,9,24-037,CBJ,@,WSH,W,0,0,0,0,0,0,0,0,0,0,0,0,4,0.0,28,25:51,1,0,0,0,
402,2018-11-10,10,24-038,CBJ,,NYR,L-SO,0,3,3,0,0,0,0,0,0,1,1,1,3,0.0,34,28:11,1,3,0,0,
403,2018-11-12,11,24-040,CBJ,@,DAL,W,0,1,1,0,2,0,0,0,0,0,1,0,2,0.0,35,28:38,1,1,0,0,
404,2018-11-15,12,24-043,CBJ,,FLA,W,0,0,0,2,0,0,0,0,0,0,0,0,3,0.0,28,20:33,1,1,0,0,
405,2018-11-17,13,24-045,CBJ,@,CAR,W,0,0,0,0,0,0,0,0,0,0,0,0,0,,32,27:26,3,5,0,0,
406,2018-11-19,14,24-047,CBJ,@,TOR,L,0,0,0,0,0,0,0,0,0,0,0,0,4,0.0,31,21:54,0,3,0,0,
407,2018-11-23,15,24-051,CBJ,,TOR,W,0,0,0,2,0,0,0,0,0,0,0,0,2,0.0,30,28:59,0,1,0,0,
408,2018-11-24,16,24-052,CBJ,@,PIT,L,0,0,0,-1,0,0,0,0,0,0,0,0,6,0.0,34,26:43,1,1,0,0,
409,2018-11-26,17,24-054,CBJ,@,DET,W,1,0,1,-1,0,1,0,0,0,0,0,0,5,20.0,31,26:59,1,2,0,0,
410,2018-11-29,18,24-057,CBJ,,MIN,W,0,1,1,0,0,0,0,0,0,1,0,0,1,0.0,29,26:44,0,0,0,0,
411,2018-12-01,19,24-059,CBJ,@,NYI,L,0,1,1,0,0,0,0,0,0,1,0,0,3,0.0,29,29:24,5,3,0,0,
412,2018-12-04,20,24-062,CBJ,,CGY,L,0,2,2,-2,0,0,0,0,0,2,0,0,2,0.0,28,26:13,0,1,0,0,
413,2018-12-06,21,24-064,CBJ,@,PHI,W,2,0,2,1,2,2,0,0,1,0,0,0,4,50.0,32,27:23,1,0,0,0,
414,2018-12-08,22,24-066,CBJ,,WSH,L,0,0,0,-3,0,0,0,0,0,0,0,0,8,0.0,27,26:07,0,3,0,0,
415,2018-12-11,23,24-069,CBJ,,VAN,L,1,0,1,-1,0,1,0,0,0,0,0,0,4,25.0,29,28:38,2,4,0,0,
416,2018-12-13,24,24-071,CBJ,,LAK,W,0,1,1,2,2,0,0,0,0,0,1,0,3,0.0,27,22:51,0,2,0,0,
417,2018-12-15,25,24-073,CBJ,,ANA,L-OT,0,0,0,-1,0,0,0,0,0,0,0,0,1,0.0,31,29:45,2,0,0,0,
418,2018-12-17,26,24-075,CBJ,,VEG,W,0,1,1,1,0,0,0,0,0,1,0,0,1,0.0,25,26:22,1,2,0,0,
419,2018-12-20,27,24-078,CBJ,,NJD,W,0,1,1,0,0,0,0,0,0,1,0,0,2,0.0,26,25:51,1,3,0,0,
420,2018-12-22,28,24-080,CBJ,@,PHI,W,0,0,0,2,0,0,0,0,0,0,0,0,1,0.0,28,24:13,2,0,0,0,
421,2018-12-23,29,24-081,CBJ,@,NJD,W,0,0,0,1,2,0,0,0,0,0,0,0,1,0.0,26,25:15,1,1,0,0,
422,2018-12-27,30,24-085,CBJ,@,NYR,W,0,1,1,0,0,0,0,0,0,1,0,0,4,0.0,29,26:37,0,2,0,0,
423,2018-12-28,31,24-086,CBJ,,TOR,L,0,1,1,0,0,0,0,0,0,1,0,0,2,0.0,26,25:22,2,0,0,0,
424,2018-12-31,32,24-089,CBJ,,OTT,W,0,1,1,2,0,0,0,0,0,1,0,0,4,0.0,30,25:24,2,2,0,0,
425,2019-01-04,33,24-093,CBJ,@,CAR,L,0,1,1,-2,2,0,0,0,0,1,0,0,1,0.0,26,27:00,1,3,0,0,
426,2019-01-05,34,24-094,CBJ,@,FLA,W,1,0,1,1,2,1,0,0,1,0,0,0,1,100.0,30,24:23,2,2,0,0,
427,2019-01-08,35,24-097,CBJ,@,TBL,L,0,0,0,-3,0,0,0,0,0,0,0,0,2,0.0,29,23:54,0,0,0,0,
428,2019-01-10,36,24-099,CBJ,,NSH,W,0,1,1,0,0,0,0,0,0,0,1,0,1,0.0,32,24:40,1,3,0,0,
429,2019-01-12,37,24-101,CBJ,@,WSH,W,0,1,1,0,0,0,0,0,0,0,1,0,1,0.0,32,28:17,1,4,0,0,
430,2019-01-13,38,24-102,CBJ,,NYR,W,0,0,0,0,0,0,0,0,0,0,0,0,3,0.0,28,23:55,1,0,0,0,
431,2019-01-15,39,24-104,CBJ,,NJD,W,0,0,0,1,2,0,0,0,0,0,0,0,3,0.0,26,21:29,0,1,0,0,
432,2019-01-18,40,24-107,CBJ,,MTL,L,0,1,1,-1,0,0,0,0,0,1,0,0,2,0.0,31,24:48,1,1,0,0,
433,2019-01-19,41,24-108,CBJ,@,MIN,L,0,1,1,-1,4,0,0,0,0,0,1,0,2,0.0,27,27:47,1,2,0,0,
434,2019-01-29,42,24-118,CBJ,,BUF,L,0,0,0,-1,2,0,0,0,0,0,0,0,3,0.0,28,25:55,0,0,0,0,
435,2019-01-31,43,24-120,CBJ,@,WPG,L,0,2,2,0,0,0,0,0,0,1,1,0,2,0.0,34,25:21,2,1,0,0,
436,2019-02-02,44,24-122,CBJ,,STL,L,0,0,0,-2,0,0,0,0,0,0,0,0,1,0.0,29,27:12,1,2,0,0,
437,2019-02-05,45,24-125,CBJ,@,COL,W,0,1,1,0,2,0,0,0,0,0,1,0,4,0.0,35,26:05,3,2,0,0,
438,2019-02-07,46,24-127,CBJ,@,ARI,W,0,1,1,2,0,0,0,0,0,0,1,0,0,,28,24:16,1,1,0,0,
439,2019-02-09,47,24-129,CBJ,@,VEG,W,0,1,1,-1,0,0,0,0,0,1,0,0,1,0.0,34,24:06,4,1,0,0,
440,2019-02-12,48,24-132,CBJ,,WSH,W,0,1,1,2,0,0,0,0,0,1,0,0,1,0.0,27,25:11,2,1,0,0,
441,2019-02-14,49,24-134,CBJ,,NYI,L,0,0,0,-2,0,0,0,0,0,0,0,0,2,0.0,26,24:16,3,2,0,0,
442,2019-02-16,50,24-136,CBJ,@,CHI,W,0,1,1,2,0,0,0,0,0,1,0,0,3,0.0,28,25:51,2,2,0,0,
443,2019-02-18,51,24-138,CBJ,,TBL,L,0,0,0,-2,0,0,0,0,0,0,0,0,2,0.0,31,26:12,0,1,0,0,
444,2019-02-19,52,24-139,CBJ,@,MTL,L,0,0,0,0,0,0,0,0,0,0,0,0,5,0.0,30,28:56,2,1,0,0,
445,2019-02-22,53,24-142,CBJ,@,OTT,W,0,1,1,1,0,0,0,0,0,0,0,1,6,0.0,30,23:50,3,0,0,0,
446,2019-02-23,54,24-143,CBJ,,SJS,W,0,0,0,0,0,0,0,0,0,0,0,0,2,0.0,26,23:18,2,1,0,0,
447,2019-02-26,55,24-146,CBJ,,PIT,L,0,0,0,-1,2,0,0,0,0,0,0,0,0,,30,23:15,1,1,0,0,
448,2019-02-28,56,24-148,CBJ,,PHI,W,1,0,1,2,0,1,0,0,1,0,0,0,3,33.3,31,27:45,3,3,0,0,
449,2019-03-02,57,24-150,CBJ,,EDM,L,0,0,0,-2,0,0,0,0,0,0,0,0,3,0.0,27,21:28,4,1,0,0,
450,2019-03-03,58,24-151,CBJ,,WPG,L,1,0,1,-3,0,1,0,0,0,0,0,0,2,50.0,31,25:50,0,1,0,0,
451,2019-03-05,59,24-153,CBJ,@,NJD,W,0,0,0,0,0,0,0,0,0,0,0,0,2,0.0,30,29:10,3,2,0,0,
452,2019-03-07,60,24-155,CBJ,@,PIT,L,0,0,0,-1,0,0,0,0,0,0,0,0,3,0.0,31,28:50,2,3,0,0,
453,2019-03-09,61,24-157,CBJ,,PIT,W,0,1,1,1,2,0,0,0,0,1,0,0,4,0.0,29,28:57,1,2,0,0,
454,2019-03-11,62,24-159,CBJ,@,NYI,L,0,0,0,-1,0,0,0,0,0,0,0,0,1,0.0,29,27:10,5,0,0,0,
455,2019-03-12,63,24-160,CBJ,,BOS,W,0,1,1,3,0,0,0,0,0,1,0,0,3,0.0,28,22:37,5,2,0,0,
456,2019-03-15,64,24-163,CBJ,,CAR,W,0,1,1,1,0,0,0,0,0,0,0,1,2,0.0,32,26:55,2,2,0,0,
457,2019-03-16,65,24-164,CBJ,@,BOS,L-OT,0,0,0,-1,0,0,0,0,0,0,0,0,0,,32,27:13,2,5,0,0,
458,2019-03-19,66,24-167,CBJ,@,CGY,L,0,0,0,-2,0,0,0,0,0,0,0,0,3,0.0,32,27:46,4,4,0,0,
459,2019-03-21,67,24-169,CBJ,@,EDM,L,0,0,0,-3,0,0,0,0,0,0,0,0,2,0.0,32,25:02,1,4,0,0,
460,2019-03-24,68,24-172,CBJ,@,VAN,W,0,0,0,2,0,0,0,0,0,0,0,0,3,0.0,31,24:32,0,4,0,0,
461,2019-03-26,69,24-174,CBJ,,NYI,W,0,1,1,1,0,0,0,0,0,1,0,0,1,0.0,30,26:38,1,1,0,0,
462,2019-03-28,70,24-176,CBJ,,MTL,W,0,1,1,2,2,0,0,0,0,1,0,0,3,0.0,32,28:19,1,2,0,0,
463,2019-03-30,71,24-178,CBJ,@,NSH,W,0,0,0,2,0,0,0,0,0,0,0,0,1,0.0,28,24:43,0,4,0,0,
464,2019-03-31,72,24-179,CBJ,@,BUF,W,0,1,1,3,0,0,0,0,0,1,0,0,3,0.0,25,20:09,1,1,0,0,
465,2019-04-02,73,24-181,CBJ,,BOS,L,0,1,1,-2,0,0,0,0,0,0,1,0,5,0.0,26,24:40,0,1,0,0,
466,2019-04-05,74,24-184,CBJ,@,NYR,W,0,0,0,0,0,0,0,0,0,0,0,0,2,0.0,33,28:26,2,1,0,0,
467,2019-04-06,75,24-185,CBJ,@,OTT,W,0,0,0,0,0,0,0,0,0,0,0,0,1,0.0,25,19:56,1,1,0,0,
468,2019-10-04,1,25-001,CBJ,,TOR,L,0,0,0,0,0,0,0,0,0,0,0,0,3,0.0,31,24:03,1,1,0,0,
469,2019-10-05,2,25-002,CBJ,@,PIT,L,0,0,0,-1,2,0,0,0,0,0,0,0,1,0.0,29,26:12,1,4,0,0,
470,2019-10-07,3,25-004,CBJ,,BUF,W,0,1,1,1,0,0,0,0,0,1,0,0,5,0.0,31,27:10,0,2,0,0,
471,2019-10-11,4,25-008,CBJ,,ANA,L,0,1,1,1,0,0,0,0,0,1,0,0,3,0.0,24,25:38,0,4,0,0,
472,2019-10-12,5,25-009,CBJ,@,CAR,W,0,0,0,-2,2,0,0,0,0,0,0,0,2,0.0,29,20:52,2,1,0,0,
473,2019-10-16,6,25-013,CBJ,,DAL,W,0,1,1,1,0,0,0,0,0,1,0,0,4,0.0,30,23:13,0,0,0,0,
474,2019-10-18,7,25-015,CBJ,@,CHI,L-OT,0,0,0,-1,2,0,0,0,0,0,0,0,0,,28,23:35,1,2,0,0,
475,2019-10-19,8,25-016,CBJ,,NYI,L-OT,1,0,1,0,0,1,0,0,0,0,0,0,5,20.0,31,25:15,1,0,0,0,
476,2019-10-21,9,25-018,CBJ,@,TOR,W,0,1,1,1,0,0,0,0,0,0,1,0,2,0.0,26,25:23,2,4,0,0,
477,2019-10-24,10,25-021,CBJ,,CAR,W,0,1,1,1,2,0,0,0,0,1,0,0,1,0.0,30,24:18,1,2,0,0,
478,2019-10-26,11,25-023,CBJ,@,PHI,L,0,1,1,-1,0,0,0,0,0,1,0,0,2,0.0,28,26:19,1,1,0,0,
479,2019-10-30,12,25-027,CBJ,,EDM,L,0,0,0,-1,0,0,0,0,0,0,0,0,1,0.0,30,24:54,1,2,0,0,
480,2019-11-01,13,25-029,CBJ,@,STL,L-OT,0,0,0,0,0,0,0,0,0,0,0,0,1,0.0,30,25:28,0,4,0,0,
481,2019-11-02,14,25-030,CBJ,,CGY,L,0,0,0,-3,0,0,0,0,0,0,0,0,2,0.0,30,25:13,1,4,0,0,
482,2019-11-05,15,25-033,CBJ,,VEG,L,0,0,0,0,0,0,0,0,0,0,0,0,2,0.0,31,28:50,2,2,0,0,
483,2019-11-07,16,25-035,CBJ,@,ARI,W,0,1,1,0,0,0,0,0,0,1,0,0,2,0.0,29,21:37,2,2,0,0,
484,2019-11-09,17,25-037,CBJ,@,COL,L,0,1,1,-1,0,0,0,0,0,0,1,0,2,0.0,29,26:39,1,2,0,0,
485,2019-11-12,18,25-040,CBJ,@,MTL,L-SO,0,0,0,0,0,0,0,0,0,0,0,0,3,0.0,32,28:25,2,3,0,0,
486,2019-11-15,19,25-043,CBJ,,STL,W,0,1,1,1,0,0,0,0,0,0,1,0,1,0.0,31,27:56,1,3,0,0,
487,2019-11-19,20,25-047,CBJ,,MTL,W,0,0,0,2,0,0,0,0,0,0,0,0,4,0.0,26,23:07,0,2,0,0,
488,2019-11-21,21,25-049,CBJ,,DET,W,0,2,2,-2,2,0,0,0,0,1,1,0,0,,28,21:18,0,2,0,0,
489,2019-11-23,22,25-051,CBJ,@,WPG,L,1,0,1,-1,0,0,1,0,0,0,0,0,2,50.0,29,25:22,0,2,0,0,
490,2019-11-25,23,25-053,CBJ,,OTT,W,0,0,0,1,0,0,0,0,0,0,0,0,1,0.0,31,24:16,3,4,0,0,
491,2019-11-27,24,25-055,CBJ,,PHI,L,1,0,1,1,2,1,0,0,0,0,0,0,4,25.0,31,25:42,0,2,0,0,
492,2019-11-29,25,25-057,CBJ,,PIT,W,0,1,1,1,0,0,0,0,0,0,1,0,0,,33,20:55,0,2,0,0,
493,2019-11-30,26,25-058,CBJ,@,NYI,L,0,0,0,-1,0,0,0,0,0,0,0,0,3,0.0,33,27:11,4,2,0,0,
494,2019-12-03,27,25-061,CBJ,,ARI,L,0,0,0,-1,0,0,0,0,0,0,0,0,3,0.0,29,26:32,0,0,0,0,
495,2019-12-05,28,25-063,CBJ,,NYR,L,1,0,1,0,0,1,0,0,0,0,0,0,7,14.3,28,24:16,1,1,0,0,
496,2019-12-07,29,25-065,CBJ,@,FLA,L,0,0,0,-1,0,0,0,0,0,0,0,0,2,0.0,30,27:54,0,0,0,0,
497,2019-12-09,30,25-067,CBJ,@,WSH,W,0,1,1,2,0,0,0,0,0,1,0,0,2,0.0,28,25:58,0,2,0,0,
498,2019-12-12,31,25-070,CBJ,@,PIT,L-OT,0,0,0,0,0,0,0,0,0,0,0,0,1,0.0,30,27:20,1,3,0,0,
499,2019-12-14,32,25-072,CBJ,@,OTT,L-OT,0,0,0,-2,2,0,0,0,0,0,0,0,4,0.0,33,27:10,5,1,0,0,
500,2019-12-16,33,25-074,CBJ,,WSH,W,0,0,0,0,0,0,0,0,0,0,0,0,0,,30,26:48,0,3,0,0,
501,2019-12-17,34,25-075,CBJ,@,DET,W,0,2,2,3,0,0,0,0,0,1,1,0,6,0.0,33,25:52,1,1,0,0,
502,2019-12-19,35,25-077,CBJ,,LAK,W,0,1,1,0,2,0,0,0,0,1,0,0,1,0.0,33,27:21,2,1,0,0,
503,2019-12-21,36,25-079,CBJ,,NJD,W,0,2,2,1,0,0,0,0,0,1,0,1,2,0.0,25,23:14,1,3,0,0,
504,2019-12-23,37,25-081,CBJ,@,NYI,W,0,0,0,1,0,0,0,0,0,0,0,0,2,0.0,32,25:38,4,1,0,0,
505,2019-12-27,38,25-085,CBJ,@,WSH,L-OT,0,0,0,0,0,0,0,0,0,0,0,0,1,0.0,34,29:57,3,6,0,0,
506,2019-12-29,39,25-087,CBJ,,CHI,L-SO,0,0,0,0,2,0,0,0,0,0,0,0,5,0.0,31,25:19,1,0,0,0,
507,2019-12-31,40,25-089,CBJ,,FLA,W,0,0,0,2,0,0,0,0,0,0,0,0,2,0.0,25,23:10,0,5,0,0,
508,2020-01-02,41,25-091,CBJ,@,BOS,W,0,1,1,1,0,0,0,0,0,1,0,0,0,,29,26:38,1,3,0,0,
509,2020-01-04,42,25-093,CBJ,,SJS,L,0,1,1,1,0,0,0,0,0,1,0,0,3,0.0,28,25:07,1,0,0,0,
510,2020-01-06,43,25-095,CBJ,@,LAK,W,0,0,0,1,0,0,0,0,0,0,0,0,1,0.0,25,23:24,2,3,0,0,
511,2020-01-07,44,25-096,CBJ,@,ANA,W,0,0,0,-2,0,0,0,0,0,0,0,0,2,0.0,28,25:09,2,2,0,0,
512,2020-01-09,45,25-098,CBJ,@,SJS,L,0,0,0,-1,0,0,0,0,0,0,0,0,0,,27,27:32,0,1,0,0,
513,2020-01-11,46,25-100,CBJ,@,VEG,W,0,1,1,1,0,0,0,0,0,0,1,0,1,0.0,27,23:42,2,1,0,0,
514,2020-01-14,47,25-103,CBJ,,BOS,W,0,0,0,1,0,0,0,0,0,0,0,0,3,0.0,32,27:00,0,4,0,0,
515,2020-01-16,48,25-105,CBJ,,CAR,W,0,0,0,0,0,0,0,0,0,0,0,0,2,0.0,26,24:57,2,5,0,0,
516,2020-01-18,49,25-107,CBJ,,NJD,W,0,0,0,2,0,0,0,0,0,0,0,0,2,0.0,25,23:59,0,2,0,0,
517,2020-01-19,50,25-108,CBJ,@,NYR,W,0,1,1,1,0,0,0,0,0,1,0,0,4,0.0,26,25:37,1,2,0,0,
518,2020-01-22,51,25-111,CBJ,,WPG,W,1,1,2,2,0,1,0,0,0,1,0,0,4,25.0,29,25:14,0,3,0,0,
519,2020-02-01,52,25-121,CBJ,@,BUF,L-OT,0,0,0,-1,0,0,0,0,0,0,0,0,0,,27,23:35,0,1,0,0,
520,2020-02-02,53,25-122,CBJ,@,MTL,W,0,1,1,3,0,0,0,0,0,1,0,0,2,0.0,27,24:23,0,1,0,0,
521,2020-02-04,54,25-124,CBJ,,FLA,W,0,0,0,0,0,0,0,0,0,0,0,0,3,0.0,30,26:13,2,3,0,0,
522,2020-02-07,55,25-127,CBJ,,DET,W,0,0,0,0,2,0,0,0,0,0,0,0,1,0.0,26,24:16,2,3,0,0,
523,2020-02-08,56,25-128,CBJ,,COL,L,1,0,1,-1,0,0,1,0,0,0,0,0,4,25.0,25,23:35,1,3,0,0,
