,date_game,game_season,age,team_id,game_location,opp_id,game_result,goals,assists,points,plus_minus,pen_min,goals_ev,goals_pp,goals_sh,goals_gw,assists_ev,assists_pp,assists_sh,shots,shot_pct,shifts,time_on_ice,hits_all,blocks_all,faceoff_wins_all,faceoff_losses_all,faceoff_percentage_all
0,2010-10-15,1,19-227,NJD,,COL,L,0,0,0,-1,0,0,0,0,0,,,,1,0.0,20,15:15,0,0,5,5,50.0
1,2010-10-16,2,19-228,NJD,,BOS,L,0,0,0,0,0,0,0,0,0,,,,2,0.0,17,13:46,0,0,3,4,42.9
2,2010-10-21,3,19-233,NJD,@,MTL,W,0,0,0,0,0,0,0,0,0,,,,0,,19,12:48,1,0,3,4,42.9
3,2010-10-23,4,19-235,NJD,,BUF,L,0,0,0,0,0,0,0,0,0,,,,0,,16,13:35,0,0,4,7,36.4
4,2010-10-24,5,19-236,NJD,@,NYR,L,0,0,0,0,2,0,0,0,0,,,,3,0.0,16,11:53,1,1,3,4,42.9
5,2010-10-27,6,19-239,NJD,@,SJS,L,0,0,0,-1,0,0,0,0,0,,,,2,0.0,14,10:24,0,0,0,4,0.0
6,2011-02-19,7,19-354,NJD,@,CAR,W,0,0,0,0,0,0,0,0,0,,,,0,,17,11:54,0,0,0,0,
7,2011-02-25,8,19-360,NJD,@,TBL,L,0,0,0,1,0,0,0,0,0,,,,1,0.0,20,13:49,0,0,0,0,
8,2011-03-02,9,20-000,NJD,,TBL,W,0,0,0,1,0,0,0,0,0,,,,0,,15,8:32,0,0,3,3,50.0
9,2011-03-04,10,20-002,NJD,,PIT,W,0,0,0,0,0,0,0,0,0,,,,4,0.0,18,11:11,1,2,2,0,100.0
10,2011-03-06,11,20-004,NJD,@,NYI,W,0,1,1,1,0,0,0,0,0,,,,1,0.0,18,11:46,0,1,3,1,75.0
11,2011-03-08,12,20-006,NJD,,OTT,L,0,0,0,0,0,0,0,0,0,,,,1,0.0,15,11:02,0,0,5,5,50.0
12,2011-03-11,13,20-009,NJD,@,ATL,W,0,0,0,0,0,0,0,0,0,,,,0,,17,11:02,0,0,6,2,75.0
13,2011-03-12,14,20-010,NJD,,NYI,W,1,1,2,2,0,1,0,0,0,,,,2,50.0,19,15:50,0,0,5,8,38.5
14,2011-03-15,15,20-013,NJD,,ATL,W,1,0,1,0,0,1,0,0,1,,,,1,100.0,19,14:00,1,1,4,4,50.0
15,2011-03-17,16,20-015,NJD,@,OTT,L,0,1,1,0,0,0,0,0,0,,,,1,0.0,20,13:36,1,0,5,6,45.5
16,2011-03-18,17,20-016,NJD,,WSH,L,0,0,0,0,0,0,0,0,0,,,,0,,22,14:05,0,0,4,7,36.4
17,2011-03-20,18,20-018,NJD,@,CBJ,W,0,1,1,2,0,0,0,0,0,,,,2,0.0,22,15:19,0,1,4,7,36.4
18,2011-03-22,19,20-020,NJD,@,BOS,L,0,1,1,-1,0,0,0,0,0,,,,1,0.0,19,14:06,1,1,3,3,50.0
19,2011-03-25,20,20-023,NJD,@,PIT,L-SO,0,0,0,0,0,0,0,0,0,,,,1,0.0,19,17:01,0,0,2,3,40.0
20,2011-03-26,21,20-024,NJD,@,BUF,L,0,0,0,-1,0,0,0,0,0,,,,3,0.0,22,15:07,0,0,5,2,71.4
21,2011-03-30,22,20-028,NJD,,NYI,W,1,0,1,1,0,1,0,0,0,,,,1,100.0,16,11:58,0,1,4,0,100.0
22,2011-04-01,23,20-030,NJD,,PHI,W,0,0,0,0,0,0,0,0,0,,,,1,0.0,19,14:20,0,0,6,3,66.7
23,2011-04-02,24,20-031,NJD,,MTL,L,0,0,0,0,0,0,0,0,0,,,,1,0.0,17,11:57,0,0,3,5,37.5
24,2011-04-05,25,20-034,NJD,@,PIT,L,0,0,0,0,2,0,0,0,0,,,,0,,17,12:22,1,0,6,2,75.0
25,2011-04-06,26,20-035,NJD,,TOR,W,0,1,1,1,2,0,0,0,0,,,,0,,20,18:14,1,0,2,6,25.0
26,2011-04-09,27,20-038,NJD,@,NYR,L,0,0,0,0,0,0,0,0,0,,,,1,0.0,17,12:03,0,0,3,5,37.5
27,2011-04-10,28,20-039,NJD,,BOS,W,0,1,1,0,0,0,0,0,0,,,,1,0.0,17,13:43,0,0,2,7,22.2
28,2011-10-08,1,20-220,NJD,,PHI,L,0,0,0,0,0,0,0,0,0,,,,0,,24,18:12,0,0,8,2,80.0
29,2011-10-10,2,20-222,NJD,,CAR,W,0,1,1,1,2,0,0,0,0,,,,1,0.0,24,15:29,0,0,7,7,50.0
30,2011-10-13,3,20-225,NJD,,LAK,W,0,0,0,0,0,0,0,0,0,,,,1,0.0,22,18:19,2,0,9,7,56.3
31,2011-10-15,4,20-227,NJD,@,NSH,W,0,0,0,0,0,0,0,0,0,,,,2,0.0,24,17:00,0,1,10,7,58.8
32,2011-10-21,5,20-233,NJD,,SJS,L-SO,0,0,0,0,0,0,0,0,0,,,,0,,5,3:53,0,0,1,0,100.0
33,2012-01-17,6,20-321,NJD,,WPG,W,0,0,0,0,0,0,0,0,0,,,,0,,18,13:40,0,0,6,5,54.5
34,2012-01-19,7,20-323,NJD,,BOS,L,0,0,0,0,0,0,0,0,0,,,,1,0.0,20,12:59,0,0,1,7,12.5
35,2012-01-21,8,20-325,NJD,,PHI,L,0,0,0,0,0,0,0,0,0,,,,1,0.0,19,12:25,0,0,4,8,33.3
36,2012-01-24,9,20-328,NJD,,BUF,L-SO,0,0,0,0,0,0,0,0,0,,,,1,0.0,12,8:07,0,0,2,2,50.0
37,2012-01-31,10,20-335,NJD,,NYR,W,0,0,0,0,0,0,0,0,0,,,,1,0.0,20,14:03,1,0,7,5,58.3
38,2012-02-02,11,20-337,NJD,,MTL,W,0,0,0,0,0,0,0,0,0,,,,1,0.0,22,14:00,0,1,8,12,40.0
39,2012-02-04,12,20-339,NJD,@,PHI,W,0,1,1,1,0,0,0,0,0,,,,1,0.0,29,15:37,1,1,4,7,36.4
40,2012-02-05,13,20-340,NJD,,PIT,W,0,0,0,1,0,0,0,0,0,,,,0,,17,10:57,0,1,2,4,33.3
41,2012-02-07,14,20-342,NJD,@,NYR,W,0,0,0,0,0,0,0,0,0,,,,1,0.0,15,9:25,1,0,1,3,25.0
42,2012-02-09,15,20-344,NJD,,STL,L-SO,0,0,0,0,0,0,0,0,0,,,,0,,10,6:08,1,0,1,2,33.3
43,2012-02-11,16,20-346,NJD,,FLA,L,0,0,0,0,2,0,0,0,0,,,,0,,10,6:45,0,0,2,2,50.0
44,2012-02-14,17,20-349,NJD,@,BUF,W,0,0,0,0,0,0,0,0,0,,,,1,0.0,12,7:18,0,1,2,3,40.0
45,2012-02-17,18,20-352,NJD,,ANA,W,0,0,0,0,0,0,0,0,0,,,,1,0.0,10,7:05,0,0,1,1,50.0
46,2012-02-19,19,20-354,NJD,@,MTL,W,0,0,0,0,0,0,0,0,0,,,,0,,10,5:46,0,0,0,1,0.0
47,2012-02-21,20,20-356,NJD,@,TOR,W,0,0,0,0,0,0,0,0,0,,,,1,0.0,12,8:08,0,1,5,6,45.5
48,2012-02-24,21,20-359,NJD,,VAN,L,0,0,0,0,0,0,0,0,0,,,,1,0.0,9,5:24,0,1,2,2,50.0
49,2012-02-26,22,20-361,NJD,,TBL,L,0,0,0,0,0,0,0,0,0,,,,0,,13,6:36,0,0,1,1,50.0
50,2012-02-27,23,20-362,NJD,@,NYR,L,0,0,0,0,0,0,0,0,0,,,,2,0.0,13,8:22,0,0,3,4,42.9
51,2012-03-01,24,20-365,NJD,@,BOS,L-OT,0,1,1,1,0,0,0,0,0,,,,0,,20,15:20,2,1,4,5,44.4
52,2012-03-02,25,21-000,NJD,@,WSH,W,0,0,0,1,0,0,0,0,0,,,,0,,23,15:19,1,0,1,6,14.3
53,2012-03-04,26,21-002,NJD,@,NYI,L,0,0,0,0,0,0,0,0,0,,,,2,0.0,23,15:13,1,0,5,3,62.5
54,2012-03-06,27,21-004,NJD,,NYR,W,0,1,1,1,0,0,0,0,0,,,,1,0.0,20,13:52,1,0,8,4,66.7
55,2012-03-08,28,21-006,NJD,,NYI,W,0,1,1,1,0,0,0,0,0,,,,2,0.0,20,14:20,0,0,9,2,81.8
56,2012-03-10,29,21-008,NJD,@,NYI,W,0,1,1,1,0,0,0,0,0,,,,2,0.0,20,15:55,0,2,6,4,60.0
57,2012-03-11,30,21-009,NJD,,PHI,W,0,0,0,1,0,0,0,0,0,,,,2,0.0,20,15:51,0,0,7,4,63.6
58,2012-03-13,31,21-011,NJD,@,PHI,L,0,0,0,0,0,0,0,0,0,,,,1,0.0,18,13:17,1,0,2,1,66.7
59,2012-03-15,32,21-013,NJD,,COL,W,0,0,0,0,0,0,0,0,0,,,,1,0.0,22,17:08,0,0,4,1,80.0
60,2012-03-17,33,21-015,NJD,,PIT,L,0,0,0,0,0,0,0,0,0,,,,0,,24,17:05,1,0,14,5,73.7
61,2012-03-19,34,21-017,NJD,@,NYR,L,0,0,0,-1,2,0,0,0,0,,,,0,,20,15:12,0,1,5,8,38.5
62,2012-03-20,35,21-018,NJD,@,OTT,W,0,0,0,0,0,0,0,0,0,,,,1,0.0,18,13:14,0,0,8,4,66.7
63,2012-03-23,36,21-021,NJD,,TOR,L-SO,1,0,1,1,0,1,0,0,0,,,,4,25.0,17,12:13,1,1,1,5,16.7
64,2012-03-25,37,21-023,NJD,@,PIT,L,0,0,0,-1,0,0,0,0,0,,,,0,,18,11:58,0,0,6,8,42.9
65,2012-03-27,38,21-025,NJD,,CHI,W,0,0,0,0,0,0,0,0,0,,,,1,0.0,19,14:00,1,1,4,5,44.4
66,2012-03-29,39,21-027,NJD,,TBL,W,1,0,1,1,0,1,0,0,0,,,,3,33.3,17,11:36,1,0,7,3,70.0
67,2012-03-31,40,21-029,NJD,@,CAR,W,0,1,1,1,0,0,0,0,0,,,,0,,20,13:28,0,0,3,3,50.0
68,2012-04-03,41,21-032,NJD,,NYI,W,0,0,0,0,0,0,0,0,0,,,,0,,8,5:24,0,0,0,4,0.0
69,2013-01-19,1,21-323,NJD,@,NYI,W,0,0,0,0,0,0,0,0,0,,,,0,,23,13:33,0,0,7,8,46.7
70,2013-01-22,2,21-326,NJD,,PHI,W,0,0,0,0,0,0,0,0,0,,,,3,0.0,24,16:26,1,1,3,9,25.0
71,2013-01-25,3,21-329,NJD,,WSH,W,0,1,1,0,0,0,0,0,0,,,,4,0.0,28,18:52,2,0,8,8,50.0
72,2013-01-27,4,21-331,NJD,@,MTL,L-OT,0,0,0,-2,0,0,0,0,0,,,,0,,27,17:04,0,0,5,5,50.0
73,2013-01-29,5,21-333,NJD,@,BOS,L-SO,0,0,0,-1,0,0,0,0,0,,,,1,0.0,25,14:20,0,0,4,6,40.0
74,2013-01-31,6,21-335,NJD,,NYI,L-OT,0,0,0,-1,0,0,0,0,0,,,,1,0.0,22,15:06,0,2,2,5,28.6
75,2013-02-02,7,21-337,NJD,@,PIT,L,0,0,0,-1,0,0,0,0,0,,,,0,,19,12:43,2,0,2,8,20.0
76,2013-02-03,8,21-338,NJD,@,NYI,W,0,0,0,0,0,0,0,0,0,,,,0,,19,12:16,0,0,7,5,58.3
77,2013-02-05,9,21-340,NJD,,NYR,W,0,0,0,0,0,0,0,0,0,,,,1,0.0,19,11:08,1,1,9,5,64.3
78,2013-02-07,10,21-342,NJD,,TBL,W,0,0,0,-1,0,0,0,0,0,,,,1,0.0,19,12:11,0,0,4,6,40.0
79,2013-02-09,11,21-344,NJD,,PIT,W,0,0,0,0,0,0,0,0,0,,,,0,,19,12:14,0,0,6,5,54.5
80,2013-02-10,12,21-345,NJD,@,PIT,W,0,0,0,0,0,0,0,0,0,,,,1,0.0,24,14:37,0,0,3,8,27.3
81,2013-02-12,13,21-347,NJD,,CAR,L,0,0,0,0,2,0,0,0,0,,,,1,0.0,16,11:34,2,0,6,5,54.5
82,2013-02-15,14,21-350,NJD,,PHI,W,0,0,0,0,0,0,0,0,0,,,,0,,12,8:56,1,1,3,1,75.0
83,2013-02-16,15,21-351,NJD,@,NYI,L,0,0,0,-2,0,0,0,0,0,,,,0,,19,10:55,1,1,4,8,33.3
84,2013-02-24,16,21-359,NJD,,WPG,L,0,0,0,-2,0,0,0,0,0,,,,0,,14,8:57,0,0,5,1,83.3
85,2013-04-07,17,22-036,NJD,@,BUF,L-SO,0,0,0,-1,0,0,0,0,0,,,,1,0.0,16,10:51,0,0,9,5,64.3
86,2013-04-18,18,22-047,NJD,@,PHI,W,0,1,1,1,0,0,0,0,0,,,,0,,19,11:31,0,1,7,4,63.6
87,2013-04-20,19,22-049,NJD,,FLA,W,0,0,0,1,0,0,0,0,0,,,,1,0.0,18,13:17,1,0,7,5,58.3
88,2013-04-23,20,22-052,NJD,,MTL,W,1,0,1,0,0,1,0,0,0,,,,2,50.0,20,15:10,0,0,6,7,46.2
89,2013-04-25,21,22-054,NJD,,PIT,W,0,0,0,0,0,0,0,0,0,,,,1,0.0,14,9:43,0,0,1,3,25.0
90,2013-04-27,22,22-056,NJD,@,NYR,L,0,0,0,-1,0,0,0,0,0,,,,2,0.0,17,14:12,1,0,6,5,54.5
91,2013-10-11,1,22-223,NJD,@,CGY,L,0,0,0,0,0,0,0,0,0,,,,0,,15,7:48,0,0,3,1,75.0
92,2013-10-19,2,22-231,NJD,,NYR,W,0,0,0,1,0,0,0,0,0,,,,2,0.0,16,12:19,1,0,2,6,25.0
93,2013-11-02,3,22-245,NJD,,PHI,L,0,0,0,0,0,0,0,0,0,,,,0,,17,11:59,0,0,4,6,40.0
94,2013-11-03,4,22-246,NJD,@,MIN,L,0,0,0,-2,0,0,0,0,0,,,,2,0.0,18,12:08,0,1,6,6,50.0
95,2013-11-10,5,22-253,NJD,,NSH,W,0,0,0,1,0,0,0,0,0,,,,0,,20,11:59,0,0,7,6,53.8
96,2013-11-12,6,22-255,NJD,@,NYR,W,0,0,0,0,2,0,0,0,0,,,,0,,14,9:59,0,0,5,3,62.5
97,2013-11-23,7,22-266,NJD,@,SJS,L,0,0,0,-1,0,0,0,0,0,,,,0,,16,11:12,1,1,0,2,0.0
98,2013-11-25,8,22-268,NJD,,WPG,L,0,0,0,0,0,0,0,0,0,,,,2,0.0,17,9:25,1,0,4,2,66.7
99,2013-11-27,9,22-270,NJD,,CAR,L,0,0,0,0,0,0,0,0,0,,,,0,,17,11:05,0,0,3,4,42.9
100,2013-11-29,10,22-272,NJD,@,CAR,W,0,0,0,0,0,0,0,0,0,,,,1,0.0,15,9:53,2,0,7,4,63.6
101,2013-11-30,11,22-273,NJD,,BUF,W,0,0,0,0,0,0,0,0,0,,,,1,0.0,16,10:50,0,0,0,5,0.0
102,2013-12-02,12,22-275,NJD,@,MTL,L,0,0,0,0,0,0,0,0,0,,,,0,,11,7:56,0,0,1,6,14.3
103,2013-12-06,13,22-279,NJD,,DET,L,0,0,0,0,0,0,0,0,0,,,,0,,10,7:41,0,0,2,0,100.0
104,2013-12-13,14,22-286,NJD,@,PIT,L,0,0,0,0,0,0,0,0,0,,,,1,0.0,15,10:27,2,0,2,0,100.0
105,2013-12-14,15,22-287,NJD,,TBL,W,0,0,0,0,0,0,0,0,0,,,,0,,14,7:22,0,0,2,1,66.7
106,2013-12-23,16,22-296,NJD,@,CHI,L,0,1,1,1,0,0,0,0,0,,,,1,0.0,16,10:30,2,0,1,0,100.0
107,2014-01-26,17,22-330,NJD,,NYR,L,0,0,0,1,0,0,0,0,0,,,,1,0.0,18,12:55,0,0,1,3,25.0
108,2014-01-28,18,22-332,NJD,@,STL,L,0,0,0,0,0,0,0,0,0,,,,2,0.0,16,9:46,1,0,4,2,66.7
109,2014-03-01,19,22-364,NJD,@,NYI,W,0,0,0,0,0,0,0,0,0,,,,1,0.0,15,9:24,0,0,2,5,28.6
110,2014-03-02,20,23-000,NJD,,SJS,L,0,0,0,0,0,0,0,0,0,,,,2,0.0,14,10:12,0,0,2,2,50.0
111,2014-03-15,21,23-013,NJD,@,TBL,L,0,0,0,-1,0,0,0,0,0,,,,1,0.0,12,6:34,2,0,2,1,66.7
112,2014-03-20,22,23-018,NJD,,MIN,W,0,0,0,0,0,0,0,0,0,,,,1,0.0,13,9:22,0,0,2,2,50.0
113,2014-03-22,23,23-020,NJD,,NYR,L,0,0,0,-1,0,0,0,0,0,,,,0,,16,12:07,0,0,2,2,50.0
114,2014-03-27,24,23-025,NJD,,PHX,L-SO,0,1,1,1,0,0,0,0,0,,,,0,,16,10:44,1,0,0,7,0.0
115,2014-03-31,25,23-029,NJD,,FLA,W,1,0,1,0,0,0,0,1,0,,,,3,33.3,17,12:07,0,1,3,5,37.5
116,2014-04-01,26,23-030,NJD,@,BUF,L-SO,0,0,0,0,2,0,0,0,0,,,,0,,20,10:28,2,1,10,2,83.3
117,2014-04-04,27,23-033,NJD,,WSH,W,0,0,0,0,0,0,0,0,0,,,,0,,11,7:23,0,0,6,2,75.0
118,2014-10-24,1,23-236,NJD,,DAL,L-SO,0,1,1,1,0,0,0,0,0,1,0,0,1,0.0,12,7:09,1,0,1,3,25.0
119,2014-10-25,2,23-237,NJD,@,OTT,W,0,0,0,0,0,0,0,0,0,0,0,0,0,,11,7:18,1,0,2,1,66.7
120,2014-10-28,3,23-240,NJD,@,PIT,L,1,0,1,-1,0,0,0,1,0,0,0,0,2,50.0,21,12:21,0,0,4,4,50.0
121,2014-10-30,4,23-242,NJD,,WPG,W,0,0,0,1,0,0,0,0,0,0,0,0,2,0.0,15,9:41,0,0,4,1,80.0
122,2014-11-01,5,23-244,NJD,,CBJ,W,0,0,0,0,0,0,0,0,0,0,0,0,0,,18,12:20,0,0,5,4,55.6
123,2014-11-04,6,23-247,NJD,,STL,L,0,0,0,0,0,0,0,0,0,0,0,0,0,,13,11:02,0,0,2,3,40.0
124,2014-11-06,7,23-249,NJD,@,STL,L,0,0,0,-1,0,0,0,0,0,0,0,0,0,,19,13:52,1,2,6,4,60.0
125,2014-11-07,8,23-250,NJD,@,DET,L,0,0,0,0,0,0,0,0,0,0,0,0,0,,22,13:10,1,0,4,4,50.0
126,2014-11-10,9,23-253,NJD,@,BOS,L,0,0,0,-1,0,0,0,0,0,0,0,0,1,0.0,14,9:51,0,2,3,1,75.0
127,2014-11-11,10,23-254,NJD,,MIN,W,0,0,0,1,2,0,0,0,0,0,0,0,0,,17,9:47,0,0,6,5,54.5
128,2014-11-14,11,23-257,NJD,@,WSH,W,0,0,0,0,2,0,0,0,0,0,0,0,1,0.0,15,9:01,0,0,4,5,44.4
129,2014-11-15,12,23-258,NJD,,COL,L,0,0,0,-1,0,0,0,0,0,0,0,0,2,0.0,14,10:09,0,0,3,5,37.5
130,2014-11-21,13,23-264,NJD,@,EDM,W,0,0,0,1,0,0,0,0,0,0,0,0,2,0.0,20,13:04,0,0,6,6,50.0
131,2014-11-22,14,23-265,NJD,@,CGY,L-SO,0,0,0,1,0,0,0,0,0,0,0,0,2,0.0,22,12:51,0,1,8,7,53.3
132,2014-11-25,15,23-268,NJD,@,VAN,L,0,0,0,0,2,0,0,0,0,0,0,0,1,0.0,14,9:40,2,0,2,5,28.6
133,2014-11-28,16,23-271,NJD,,DET,L-SO,0,0,0,0,0,0,0,0,0,0,0,0,1,0.0,18,12:47,0,1,1,6,14.3
134,2014-11-29,17,23-272,NJD,@,NYI,L,0,0,0,0,0,0,0,0,0,0,0,0,0,,20,14:02,1,2,9,5,64.3
135,2014-12-02,18,23-275,NJD,@,PIT,L,0,0,0,0,0,0,0,0,0,0,0,0,3,0.0,24,16:08,0,0,2,5,28.6
136,2014-12-04,19,23-277,NJD,@,TOR,W,0,0,0,0,0,0,0,0,0,0,0,0,0,,22,15:18,2,1,6,9,40.0
137,2014-12-08,20,23-281,NJD,@,CAR,W,0,0,0,0,0,0,0,0,0,0,0,0,1,0.0,23,14:37,0,1,2,4,33.3
138,2014-12-09,21,23-282,NJD,,CHI,L-SO,0,0,0,-1,4,0,0,0,0,0,0,0,1,0.0,23,16:46,1,1,5,7,41.7
139,2014-12-11,22,23-284,NJD,@,PHI,L,0,0,0,0,0,0,0,0,0,0,0,0,2,0.0,22,15:41,2,2,4,8,33.3
140,2014-12-13,23,23-286,NJD,@,DAL,L,0,1,1,1,0,0,0,0,0,1,0,0,1,0.0,23,14:29,1,1,6,7,46.2
141,2014-12-15,24,23-288,NJD,@,NYI,L-SO,0,0,0,-1,0,0,0,0,0,0,0,0,0,,16,11:07,1,0,1,2,33.3
142,2014-12-17,25,23-290,NJD,,OTT,L,0,0,0,0,0,0,0,0,0,0,0,0,0,,15,9:21,0,1,1,1,50.0
143,2014-12-27,26,23-300,NJD,@,NYR,L,0,0,0,1,2,0,0,0,0,0,0,0,0,,17,12:05,2,1,0,7,0.0
144,2015-01-19,27,23-323,NJD,@,SJS,W,1,1,2,2,0,0,0,1,0,1,0,0,2,50.0,18,10:42,2,0,8,2,80.0
145,2015-01-28,28,23-332,NJD,,TOR,W,0,0,0,0,0,0,0,0,0,0,0,0,1,0.0,14,11:07,1,2,10,2,83.3
146,2015-01-30,29,23-334,NJD,,PIT,L-OT,0,0,0,0,0,0,0,0,0,0,0,0,0,,14,10:05,0,1,3,6,33.3
147,2015-01-31,30,23-335,NJD,,FLA,W,0,0,0,0,0,0,0,0,0,0,0,0,0,,11,7:01,1,0,6,1,85.7
148,2015-02-03,31,23-338,NJD,,OTT,W,0,0,0,0,0,0,0,0,0,0,0,0,3,0.0,12,9:57,2,0,2,4,33.3
149,2015-02-06,32,23-341,NJD,,TOR,W,0,0,0,1,0,0,0,0,0,0,0,0,2,0.0,15,9:45,0,0,4,3,57.1
150,2015-02-07,33,23-342,NJD,@,MTL,L,1,0,1,1,0,1,0,0,0,0,0,0,1,100.0,16,11:36,1,0,6,7,46.2
151,2015-02-09,34,23-344,NJD,,EDM,L,0,0,0,0,0,0,0,0,0,0,0,0,0,,18,11:04,0,0,5,7,41.7
152,2015-02-13,35,23-348,NJD,@,CHI,L,0,0,0,0,0,0,0,0,0,0,0,0,0,,18,13:21,3,0,7,4,63.6
153,2015-02-14,36,23-349,NJD,@,NSH,L,0,0,0,-1,0,0,0,0,0,0,0,0,2,0.0,15,11:27,0,0,3,9,25.0
154,2015-02-17,37,23-352,NJD,,BUF,W,0,0,0,0,0,0,0,0,0,0,0,0,1,0.0,18,14:07,2,0,8,4,66.7
155,2015-02-20,38,23-355,NJD,,VAN,W,0,0,0,-1,0,0,0,0,0,0,0,0,2,0.0,19,11:13,0,0,7,3,70.0
156,2015-02-21,39,23-356,NJD,,CAR,W,0,0,0,0,0,0,0,0,0,0,0,0,1,0.0,21,14:09,0,0,4,5,44.4
157,2015-02-23,40,23-358,NJD,,ARI,W,0,0,0,0,0,0,0,0,0,0,0,0,3,0.0,23,14:14,1,1,5,5,50.0
158,2015-02-25,41,23-360,NJD,,CGY,L,0,0,0,0,0,0,0,0,0,0,0,0,1,0.0,18,13:33,3,0,3,2,60.0
159,2015-02-27,42,23-362,NJD,,BOS,L-OT,0,1,1,0,0,0,0,0,0,0,1,0,1,0.0,18,12:04,1,0,1,2,33.3
160,2015-02-28,43,23-363,NJD,@,CBJ,W,0,0,0,0,0,0,0,0,0,0,0,0,3,0.0,20,14:56,2,1,3,7,30.0
161,2015-03-03,44,24-001,NJD,,NSH,W,0,0,0,0,2,0,0,0,0,0,0,0,0,,18,13:37,0,1,7,5,58.3
162,2015-03-06,45,24-004,NJD,,CBJ,L,0,1,1,-1,0,0,0,0,0,0,1,0,1,0.0,18,13:34,0,0,5,3,62.5
163,2015-03-08,46,24-006,NJD,,PHI,W,1,0,1,1,0,0,0,1,0,0,0,0,3,33.3,17,13:28,0,1,7,7,50.0
164,2015-03-10,47,24-008,NJD,@,MIN,L,0,0,0,-1,0,0,0,0,0,0,0,0,2,0.0,17,12:02,2,0,6,6,50.0
165,2015-03-12,48,24-010,NJD,@,COL,L-SO,0,0,0,0,0,0,0,0,0,0,0,0,1,0.0,17,12:21,0,1,3,1,75.0
166,2015-03-14,49,24-012,NJD,@,ARI,W,0,0,0,0,0,0,0,0,0,0,0,0,0,,19,14:13,2,0,4,5,44.4
167,2015-03-17,50,24-015,NJD,,PIT,W,1,0,1,1,0,1,0,0,1,0,0,0,1,100.0,16,12:14,0,0,7,4,63.6
168,2015-03-20,51,24-018,NJD,@,BUF,W,0,0,0,0,2,0,0,0,0,0,0,0,0,,23,14:15,2,0,6,4,60.0
169,2015-03-21,52,24-019,NJD,,NYI,L,0,0,0,0,0,0,0,0,0,0,0,0,1,0.0,20,14:05,0,0,7,7,50.0
170,2015-03-23,53,24-021,NJD,,LAK,L,0,0,0,0,0,0,0,0,0,0,0,0,0,,19,15:26,2,1,5,3,62.5
171,2015-03-26,54,24-024,NJD,@,WSH,L-OT,0,0,0,0,2,0,0,0,0,0,0,0,0,,17,13:30,1,0,3,3,50.0
172,2015-03-28,55,24-026,NJD,@,CAR,L,0,0,0,-1,0,0,0,0,0,0,0,0,0,,20,13:06,1,0,7,12,36.8
173,2015-03-29,56,24-027,NJD,,ANA,L,0,0,0,-1,0,0,0,0,0,0,0,0,1,0.0,15,12:46,1,0,4,7,36.4
174,2015-03-31,57,24-029,NJD,@,CBJ,L-OT,0,0,0,0,0,0,0,0,0,0,0,0,1,0.0,23,13:48,0,0,3,7,30.0
175,2015-04-03,58,24-032,NJD,,MTL,W,0,0,0,0,0,0,0,0,0,0,0,0,0,,23,15:17,1,0,5,6,45.5
176,2015-04-04,59,24-033,NJD,@,NYR,L,1,0,1,0,0,1,0,0,0,0,0,0,2,50.0,21,13:43,3,1,8,7,53.3
177,2015-04-07,60,24-036,NJD,,NYR,L,0,0,0,0,6,0,0,0,0,0,0,0,1,0.0,17,11:28,0,0,8,6,57.1
178,2015-04-09,61,24-038,NJD,@,TBL,L-OT,0,0,0,0,0,0,0,0,0,0,0,0,0,,20,14:45,4,2,8,10,44.4
179,2015-04-11,62,24-040,NJD,@,FLA,L,0,0,0,-1,0,0,0,0,0,0,0,0,1,0.0,19,13:09,3,3,4,7,36.4
180,2015-10-09,1,24-221,NJD,,WPG,L,0,0,0,0,0,0,0,0,0,0,0,0,2,0.0,23,16:23,1,2,10,8,55.6
181,2015-10-10,2,24-222,NJD,@,WSH,L,0,0,0,-1,0,0,0,0,0,0,0,0,0,,22,14:31,1,1,9,7,56.3
182,2015-10-13,3,24-225,NJD,,NSH,L,0,1,1,-1,0,0,0,0,0,0,1,0,2,0.0,26,16:28,0,0,9,11,45.0
183,2015-10-16,4,24-228,NJD,,SJS,L-SO,0,0,0,0,0,0,0,0,0,0,0,0,2,0.0,24,19:42,3,1,4,9,30.8
184,2015-10-18,5,24-230,NJD,@,NYR,W,0,0,0,0,0,0,0,0,0,0,0,0,0,,24,15:35,2,1,4,4,50.0
185,2015-10-20,6,24-232,NJD,,ARI,W,0,1,1,0,0,0,0,0,0,0,0,1,0,,24,13:52,0,1,5,4,55.6
186,2015-10-22,7,24-234,NJD,@,OTT,W,0,1,1,0,0,0,0,0,0,0,1,0,0,,27,17:40,0,1,5,6,45.5
187,2015-10-24,8,24-236,NJD,@,BUF,W,0,0,0,0,0,0,0,0,0,0,0,0,0,,23,15:37,0,0,5,5,50.0
188,2015-10-27,9,24-239,NJD,,CBJ,L,0,0,0,-2,0,0,0,0,0,0,0,0,3,0.0,23,16:33,0,0,3,6,33.3
189,2015-10-29,10,24-241,NJD,@,PHI,W,0,1,1,0,0,0,0,0,0,0,1,0,0,,22,15:02,1,1,9,6,60.0
190,2015-10-31,11,24-243,NJD,,NYI,W,0,0,0,-1,0,0,0,0,0,0,0,0,0,,21,16:43,0,1,1,7,12.5
191,2015-11-03,12,24-246,NJD,@,NYI,L,0,0,0,-1,2,0,0,0,0,0,0,0,1,0.0,24,14:41,0,2,4,6,40.0
192,2015-11-06,13,24-249,NJD,,CHI,W,0,0,0,-1,0,0,0,0,0,0,0,0,3,0.0,25,13:44,1,0,9,6,60.0
193,2015-11-08,14,24-251,NJD,,VAN,W,0,0,0,-2,2,0,0,0,0,0,0,0,4,0.0,27,17:00,0,2,9,10,47.4
194,2015-11-10,15,24-253,NJD,,STL,L,0,0,0,0,0,0,0,0,0,0,0,0,4,0.0,19,13:12,0,1,4,4,50.0
195,2015-11-12,16,24-255,NJD,@,CHI,W,0,0,0,0,0,0,0,0,0,0,0,0,3,0.0,24,15:12,3,1,3,3,50.0
196,2015-11-14,17,24-257,NJD,,PIT,W,0,0,0,0,0,0,0,0,0,0,0,0,4,0.0,25,18:03,2,0,7,5,58.3
197,2015-11-17,18,24-260,NJD,@,CGY,L,0,0,0,0,0,0,0,0,0,0,0,0,0,,23,17:41,0,0,8,6,57.1
198,2015-11-20,19,24-263,NJD,@,EDM,L,0,0,0,0,2,0,0,0,0,0,0,0,1,0.0,25,18:53,1,2,4,4,50.0
199,2015-11-22,20,24-265,NJD,@,VAN,W,0,0,0,0,6,0,0,0,0,0,0,0,0,,26,16:12,0,1,10,6,62.5
200,2015-11-25,21,24-268,NJD,,CBJ,L,0,0,0,-1,0,0,0,0,0,0,0,0,0,,21,11:52,1,0,6,3,66.7
201,2015-11-27,22,24-270,NJD,,MTL,L-SO,0,0,0,0,2,0,0,0,0,0,0,0,3,0.0,26,16:47,2,0,12,3,80.0
202,2015-11-28,23,24-271,NJD,@,MTL,W,0,0,0,-1,0,0,0,0,0,0,0,0,1,0.0,17,14:05,2,0,2,13,13.3
203,2015-12-01,24,24-274,NJD,,COL,L,0,0,0,0,0,0,0,0,0,0,0,0,1,0.0,20,13:31,2,0,5,5,50.0
204,2015-12-03,25,24-276,NJD,@,CAR,W,1,0,1,1,0,1,0,0,0,0,0,0,3,33.3,27,18:02,0,1,9,10,47.4
205,2015-12-04,26,24-277,NJD,,PHI,L-OT,0,0,0,0,0,0,0,0,0,0,0,0,1,0.0,22,17:07,2,0,6,5,54.5
206,2015-12-06,27,24-279,NJD,,FLA,W,0,0,0,0,0,0,0,0,0,0,0,0,1,0.0,22,12:08,0,2,1,10,9.1
207,2015-12-08,28,24-281,NJD,@,TOR,L-SO,0,1,1,-1,2,0,0,0,0,0,1,0,1,0.0,28,17:47,3,1,4,12,25.0
208,2015-12-11,29,24-284,NJD,,DET,W,0,0,0,0,0,0,0,0,0,0,0,0,4,0.0,23,15:49,1,0,6,7,46.2
209,2015-12-13,30,24-286,NJD,@,NYI,L,0,0,0,0,0,0,0,0,0,0,0,0,1,0.0,22,18:41,3,2,3,9,25.0
210,2015-12-15,31,24-288,NJD,@,BUF,W,0,0,0,1,0,0,0,0,0,0,0,0,1,0.0,21,13:01,0,0,4,8,33.3
211,2015-12-17,32,24-290,NJD,,FLA,L,0,0,0,0,0,0,0,0,0,0,0,0,2,0.0,25,15:09,0,0,7,8,46.7
212,2015-12-19,33,24-292,NJD,,ANA,L,0,0,0,-1,0,0,0,0,0,0,0,0,0,,20,14:15,6,1,3,1,75.0
213,2015-12-20,34,24-293,NJD,@,BOS,L-SO,0,0,0,0,0,0,0,0,0,0,0,0,0,,12,10:24,0,3,1,4,20.0
214,2015-12-22,35,24-295,NJD,@,DET,W,0,1,1,1,0,0,0,0,0,1,0,0,1,0.0,18,13:55,2,0,2,6,25.0
215,2015-12-26,36,24-299,NJD,@,CAR,L,0,0,0,-1,0,0,0,0,0,0,0,0,0,,16,12:10,1,2,2,4,33.3
216,2016-01-21,37,24-325,NJD,,OTT,W,0,0,0,0,0,0,0,0,0,0,0,0,2,0.0,24,15:00,1,0,9,7,56.3
217,2016-01-23,38,24-327,NJD,@,WPG,W,1,0,1,0,0,0,1,0,1,0,0,0,1,100.0,20,14:27,1,0,4,5,44.4
218,2016-01-26,39,24-330,NJD,@,PIT,L,0,0,0,0,0,0,0,0,0,0,0,0,2,0.0,21,16:37,2,0,10,4,71.4
219,2016-02-02,40,24-337,NJD,,NYR,W,0,0,0,-1,0,0,0,0,0,0,0,0,0,,25,16:45,0,1,10,4,71.4
220,2016-02-04,41,24-339,NJD,@,TOR,L-SO,1,0,1,-1,0,0,1,0,0,0,0,0,4,25.0,26,15:46,1,3,6,9,40.0
221,2016-02-06,42,24-341,NJD,,WSH,L-SO,0,1,1,0,2,0,0,0,0,0,1,0,3,0.0,23,15:01,2,1,6,6,50.0
222,2016-02-08,43,24-343,NJD,@,NYR,L,0,0,0,0,0,0,0,0,0,0,0,0,2,0.0,20,13:56,2,1,5,4,55.6
223,2016-02-09,44,24-344,NJD,,EDM,W,0,0,0,-1,0,0,0,0,0,0,0,0,3,0.0,21,16:03,2,0,6,6,50.0
224,2016-02-13,45,24-348,NJD,@,PHI,W,0,1,1,0,0,0,0,0,0,0,1,0,2,0.0,22,13:12,1,0,1,4,20.0
225,2016-02-14,46,24-349,NJD,,LAK,W,0,0,0,0,0,0,0,0,0,0,0,0,0,,19,13:49,0,0,2,3,40.0
226,2016-02-16,47,24-351,NJD,,PHI,L,0,0,0,-1,0,0,0,0,0,0,0,0,1,0.0,25,19:29,1,1,8,3,72.7
227,2016-02-19,48,24-354,NJD,,NYI,L,0,0,0,0,0,0,0,0,0,0,0,0,1,0.0,21,14:30,2,0,1,1,50.0
228,2016-02-20,49,24-355,NJD,@,WSH,L,0,0,0,0,2,0,0,0,0,0,0,0,1,0.0,19,14:33,3,2,5,4,55.6
229,2016-02-23,50,24-358,NJD,,NYR,W,0,1,1,1,0,0,0,0,0,0,1,0,3,0.0,22,16:36,1,0,2,5,28.6
230,2016-02-25,51,24-360,NJD,@,CBJ,L,0,0,0,-2,0,0,0,0,0,0,0,0,0,,23,16:03,2,0,5,6,45.5
231,2016-03-01,52,24-365,NJD,,CAR,L,0,0,0,0,0,0,0,0,0,0,0,0,1,0.0,22,14:48,0,0,7,11,38.9
232,2016-03-03,53,25-001,NJD,@,NSH,W,0,1,1,-1,0,0,0,0,0,0,1,0,1,0.0,21,14:40,0,0,9,5,64.3
233,2016-03-04,54,25-002,NJD,@,DAL,L,0,0,0,0,0,0,0,0,0,0,0,0,1,0.0,24,18:32,1,0,2,7,22.2
234,2016-04-02,55,25-031,NJD,@,TBL,L,0,0,0,0,0,0,0,0,0,0,0,0,2,0.0,22,16:06,3,0,7,7,50.0
235,2016-04-05,56,25-034,NJD,,BUF,L,1,0,1,-1,0,0,1,0,0,0,0,0,3,33.3,21,16:34,1,0,9,2,81.8
236,2016-04-07,57,25-036,NJD,,TBL,L,0,0,0,-3,0,0,0,0,0,0,0,0,3,0.0,23,14:59,1,0,8,6,57.1
237,2016-04-09,58,25-038,NJD,,TOR,W,0,0,0,0,0,0,0,0,0,0,0,0,1,0.0,17,15:24,0,1,6,4,60.0
238,2016-10-13,1,25-225,NJD,@,FLA,L-OT,0,0,0,1,2,0,0,0,0,0,0,0,1,0.0,16,11:13,0,0,1,0,100.0
239,2016-10-18,2,25-230,NJD,,ANA,W,0,0,0,0,0,0,0,0,0,0,0,0,1,0.0,25,15:17,0,0,0,1,0.0
240,2016-10-20,3,25-232,NJD,@,BOS,L,0,1,1,0,0,0,0,0,0,0,1,0,1,0.0,14,12:10,3,0,1,0,100.0
241,2016-11-06,4,25-249,NJD,@,CAR,W,0,1,1,2,0,0,0,0,0,1,0,0,1,0.0,17,12:06,1,1,7,5,58.3
242,2016-11-08,5,25-251,NJD,,CAR,W,0,0,0,-1,0,0,0,0,0,0,0,0,4,0.0,16,12:13,2,0,8,2,80.0
243,2016-11-11,6,25-254,NJD,@,BUF,W,0,0,0,0,0,0,0,0,0,0,0,0,0,,14,11:32,2,0,2,4,33.3
244,2016-11-12,7,25-255,NJD,,BUF,W,0,0,0,-2,2,0,0,0,0,0,0,0,1,0.0,15,11:28,0,1,7,0,100.0
245,2016-11-15,8,25-258,NJD,@,DAL,W,0,0,0,0,0,0,0,0,0,0,0,0,0,,14,11:59,0,0,1,5,16.7
246,2016-11-17,9,25-260,NJD,@,ANA,L,0,0,0,1,0,0,0,0,0,0,0,0,1,0.0,14,10:45,1,0,6,3,66.7
247,2016-11-21,10,25-264,NJD,@,SJS,L,0,0,0,-1,0,0,0,0,0,0,0,0,2,0.0,15,11:20,0,1,1,1,50.0
248,2016-11-23,11,25-266,NJD,,TOR,W,0,0,0,0,0,0,0,0,0,0,0,0,0,,14,10:27,0,0,4,6,40.0
249,2016-11-25,12,25-268,NJD,,DET,L-OT,0,0,0,0,0,0,0,0,0,0,0,0,0,,15,11:42,0,0,2,2,50.0
250,2016-11-29,13,25-272,NJD,@,WPG,L,0,0,0,1,2,0,0,0,0,0,0,0,0,,10,6:20,2,0,1,1,50.0
251,2016-12-17,14,25-290,NJD,@,OTT,L,0,0,0,-1,0,0,0,0,0,0,0,0,1,0.0,17,10:35,0,1,1,1,50.0
252,2016-12-29,15,25-302,NJD,@,WSH,W,0,0,0,0,0,0,0,0,0,0,0,0,0,,21,14:36,1,2,3,7,30.0
253,2016-12-31,16,25-304,NJD,,WSH,L,0,0,0,-2,0,0,0,0,0,0,0,0,3,0.0,18,15:39,1,0,6,3,66.7
254,2017-01-13,17,25-317,NJD,@,CGY,W,0,0,0,0,2,0,0,0,0,0,0,0,5,0.0,20,12:03,0,1,5,6,45.5
255,2017-01-15,18,25-319,NJD,@,VAN,W,0,0,0,0,0,0,0,0,0,0,0,0,1,0.0,21,13:52,4,0,5,4,55.6
256,2017-01-17,19,25-321,NJD,@,MIN,W,0,0,0,0,0,0,0,0,0,0,0,0,2,0.0,17,12:47,0,0,3,3,50.0
257,2017-01-20,20,25-324,NJD,,MTL,L,0,0,0,0,0,0,0,0,0,0,0,0,1,0.0,17,11:17,1,0,5,6,45.5
258,2017-01-21,21,25-325,NJD,@,PHI,W,0,1,1,1,2,0,0,0,0,1,0,0,1,0.0,22,13:44,1,0,3,6,33.3
259,2017-01-24,22,25-328,NJD,,LAK,L,0,0,0,0,0,0,0,0,0,0,0,0,0,,19,13:54,0,1,4,3,57.1
260,2017-01-26,23,25-330,NJD,,WSH,L,0,1,1,1,0,0,0,0,0,1,0,0,2,0.0,18,12:25,2,0,6,5,54.5
261,2017-01-31,24,25-335,NJD,@,DET,W,0,1,1,1,0,0,0,0,0,1,0,0,0,,17,13:54,0,0,2,5,28.6
262,2017-02-03,25,25-338,NJD,,CGY,L-OT,0,0,0,0,0,0,0,0,0,0,0,0,3,0.0,20,14:09,1,0,4,8,33.3
263,2017-02-04,26,25-339,NJD,@,CBJ,W,1,0,1,1,2,1,0,0,1,0,0,0,2,50.0,19,15:08,1,1,10,5,66.7
264,2017-02-06,27,25-341,NJD,,BUF,W,0,0,0,0,0,0,0,0,0,0,0,0,0,,15,10:55,1,1,9,4,69.2
265,2017-02-12,28,25-347,NJD,,SJS,L,0,1,1,1,2,0,0,0,0,1,0,0,0,,20,14:07,1,0,5,8,38.5
266,2017-02-14,29,25-349,NJD,,COL,W,0,1,1,1,0,0,0,0,0,1,0,0,3,0.0,18,13:06,1,0,9,5,64.3
267,2017-02-16,30,25-351,NJD,,OTT,L,0,0,0,0,2,0,0,0,0,0,0,0,1,0.0,19,14:21,1,1,8,5,61.5
268,2017-02-18,31,25-353,NJD,,NYI,W,0,0,0,-1,0,0,0,0,0,0,0,0,0,,21,14:55,0,0,5,3,62.5
269,2017-02-19,32,25-354,NJD,@,NYI,L,0,0,0,-3,0,0,0,0,0,0,0,0,0,,16,10:27,0,1,4,6,40.0
270,2017-02-21,33,25-356,NJD,,OTT,L,0,0,0,0,0,0,0,0,0,0,0,0,2,0.0,17,11:39,0,0,7,1,87.5
271,2017-02-25,34,25-360,NJD,,NYR,L-OT,0,0,0,0,0,0,0,0,0,0,0,0,2,0.0,19,15:29,0,0,6,6,50.0
272,2017-02-27,35,25-362,NJD,,MTL,L-OT,0,0,0,0,0,0,0,0,0,0,0,0,0,,3,2:21,0,0,0,2,0.0
273,2017-04-06,36,26-035,NJD,,PIT,L,0,1,1,-1,0,0,0,0,0,1,0,0,1,0.0,18,12:38,2,0,4,9,30.8
274,2017-04-08,37,26-037,NJD,,NYI,L,0,0,0,0,0,0,0,0,0,0,0,0,2,0.0,16,10:55,1,0,4,3,57.1
275,2017-04-09,38,26-038,NJD,@,DET,L,0,1,1,0,0,0,0,0,0,1,0,0,0,,15,11:56,1,0,3,7,30.0
276,2017-10-05,1,26-217,BUF,,MTL,L-SO,0,0,0,0,0,0,0,0,0,0,0,0,0,,17,12:34,1,3,7,6,53.8
277,2017-10-07,2,26-219,BUF,@,NYI,L,0,0,0,-1,0,0,0,0,0,0,0,0,2,0.0,18,12:49,4,1,5,8,38.5
278,2017-10-09,3,26-221,BUF,,NJD,L,0,0,0,-2,0,0,0,0,0,0,0,0,0,,17,11:20,0,0,4,8,33.3
279,2017-10-12,4,26-224,BUF,@,SJS,L,0,0,0,0,0,0,0,0,0,0,0,0,0,,17,11:29,0,0,3,2,60.0
280,2017-10-14,5,26-226,BUF,@,LAK,L,0,0,0,0,0,0,0,0,0,0,0,0,1,0.0,17,10:38,2,2,4,3,57.1
281,2017-10-15,6,26-227,BUF,@,ANA,W,0,0,0,0,0,0,0,0,0,0,0,0,0,,9,7:18,0,1,2,2,50.0
282,2017-11-22,7,26-265,BUF,,MIN,L,0,1,1,1,0,0,0,0,0,1,0,0,2,0.0,19,12:04,0,0,3,5,37.5
283,2017-11-24,8,26-267,BUF,,EDM,W,1,0,1,1,0,1,0,0,0,0,0,0,2,50.0,24,14:05,2,2,11,7,61.1
284,2017-11-25,9,26-268,BUF,@,MTL,L,0,0,0,0,0,0,0,0,0,0,0,0,0,,6,5:28,1,2,1,5,16.7
285,2017-12-19,10,26-292,BUF,,BOS,L,0,0,0,0,0,0,0,0,0,0,0,0,0,,18,11:06,1,2,5,6,45.5
286,2017-12-22,11,26-295,BUF,,PHI,W,0,0,0,-1,0,0,0,0,0,0,0,0,1,0.0,20,13:11,1,1,5,6,45.5
287,2017-12-23,12,26-296,BUF,@,CAR,L,0,0,0,0,0,0,0,0,0,0,0,0,3,0.0,20,14:22,0,0,3,11,21.4
288,2017-12-27,13,26-300,BUF,@,NYI,L-OT,0,0,0,0,0,0,0,0,0,0,0,0,1,0.0,15,12:44,0,1,5,6,45.5
289,2017-12-29,14,26-302,BUF,@,NJD,W,1,0,1,1,0,1,0,0,0,0,0,0,3,33.3,20,12:24,2,0,5,7,41.7
290,2018-01-01,15,26-305,BUF,,NYR,L-OT,0,0,0,0,2,0,0,0,0,0,0,0,0,,19,11:14,1,0,8,3,72.7
291,2018-01-04,16,26-308,BUF,@,MIN,L,0,0,0,0,0,0,0,0,0,0,0,0,0,,17,14:07,0,2,7,4,63.6
292,2018-01-05,17,26-309,BUF,@,WPG,L,0,1,1,1,0,0,0,0,0,1,0,0,1,0.0,17,11:48,0,0,5,7,41.7
293,2018-01-07,18,26-311,BUF,@,PHI,L,0,0,0,0,0,0,0,0,0,0,0,0,0,,18,12:57,1,2,7,4,63.6
294,2018-01-09,19,26-313,BUF,,WPG,L,0,0,0,0,0,0,0,0,0,0,0,0,0,,5,4:29,0,1,3,4,42.9
295,2018-02-01,20,26-336,BUF,,FLA,L,0,0,0,0,0,0,0,0,0,0,0,0,0,,14,9:29,0,0,2,4,33.3
296,2018-02-03,21,26-338,BUF,,STL,L,0,0,0,0,0,0,0,0,0,0,0,0,0,,13,9:18,0,3,0,3,0.0
297,2018-02-06,22,26-341,BUF,,ANA,L-OT,0,0,0,1,0,0,0,0,0,0,0,0,1,0.0,15,10:41,1,1,0,4,0.0
298,2018-02-08,23,26-343,BUF,,NYI,W,0,0,0,0,0,0,0,0,0,0,0,0,1,0.0,14,10:14,1,0,4,1,80.0
299,2018-02-10,24,26-345,BUF,@,BOS,W,0,0,0,-1,0,0,0,0,0,0,0,0,0,,20,14:25,0,1,5,2,71.4
300,2018-02-11,25,26-346,BUF,,COL,L,0,0,0,0,2,0,0,0,0,0,0,0,1,0.0,12,7:07,0,0,0,2,0.0
301,2018-02-13,26,26-348,BUF,,TBL,W,0,0,0,1,0,0,0,0,0,0,0,0,1,0.0,17,9:46,0,1,0,4,0.0
302,2018-02-15,27,26-350,BUF,@,OTT,L-OT,0,0,0,0,0,0,0,0,0,0,0,0,0,,17,10:15,1,0,4,2,66.7
303,2018-02-17,28,26-352,BUF,,LAK,L,0,0,0,0,0,0,0,0,0,0,0,0,1,0.0,16,11:20,0,0,2,5,28.6
304,2018-02-19,29,26-354,BUF,,WSH,L,0,0,0,-1,0,0,0,0,0,0,0,0,2,0.0,15,9:17,2,0,2,4,33.3
305,2018-02-22,30,26-357,BUF,@,DET,W,0,0,0,0,0,0,0,0,0,0,0,0,0,,16,11:09,0,2,1,6,14.3
306,2018-02-24,31,26-359,BUF,@,WSH,L,0,0,0,0,0,0,0,0,0,0,0,0,1,0.0,17,11:24,0,0,4,7,36.4
307,2018-02-25,32,26-360,BUF,,BOS,W,0,0,0,0,0,0,0,0,0,0,0,0,0,,17,10:39,1,1,4,6,40.0
308,2018-02-28,33,26-363,BUF,@,TBL,W,0,0,0,-1,0,0,0,0,0,0,0,0,1,0.0,14,10:04,1,0,1,2,33.3
309,2018-03-02,34,27-000,BUF,@,FLA,L,0,0,0,-1,0,0,0,0,0,0,0,0,3,0.0,20,13:01,0,0,3,5,37.5
310,2018-03-05,35,27-003,BUF,,TOR,W,0,0,0,0,0,0,0,0,0,0,0,0,1,0.0,23,16:48,1,1,7,6,53.8
311,2018-03-07,36,27-005,BUF,,CGY,L,0,0,0,0,2,0,0,0,0,0,0,0,1,0.0,20,13:13,0,1,2,4,33.3
312,2018-03-08,37,27-006,BUF,@,OTT,W,0,0,0,0,0,0,0,0,0,0,0,0,2,0.0,19,14:17,0,0,3,1,75.0
313,2018-03-10,38,27-008,BUF,,VEG,L-SO,0,0,0,0,0,0,0,0,0,0,0,0,3,0.0,18,13:09,1,1,1,1,50.0
314,2018-03-15,39,27-013,BUF,,TOR,L,0,0,0,-2,0,0,0,0,0,0,0,0,0,,16,11:58,1,1,3,6,33.3
