,date_game,game_season,age,team_id,game_location,opp_id,game_result,goals,assists,points,plus_minus,pen_min,goals_ev,goals_pp,goals_sh,goals_gw,assists_ev,assists_pp,assists_sh,shots,shot_pct,shifts,time_on_ice,hits_all,blocks_all,faceoff_wins_all,faceoff_losses_all,faceoff_percentage_all
0,2017-12-28,1,22-350,CHI,@,VAN,L,0,0,0,-1,0,0,0,0,0,0,0,0,1,0.0,19,13:45,1,0,6,5,54.5
1,2017-12-29,2,22-351,CHI,@,EDM,W,0,0,0,0,0,0,0,0,0,0,0,0,0,,19,13:25,0,0,10,12,45.5
2,2017-12-31,3,22-353,CHI,@,CGY,L-OT,0,0,0,0,0,0,0,0,0,0,0,0,0,,19,11:16,0,1,6,8,42.9
3,2018-01-03,4,22-356,CHI,@,NYR,W,0,1,1,1,0,0,0,0,0,1,0,0,2,0.0,23,14:32,0,1,3,9,25.0
4,2018-01-05,5,22-358,CHI,,VEG,L,0,0,0,-1,0,0,0,0,0,0,0,0,2,0.0,18,14:26,1,0,7,3,70.0
5,2018-01-07,6,22-360,CHI,,EDM,W,0,1,1,0,0,0,0,0,0,1,0,0,0,,18,10:01,0,0,9,3,75.0
6,2018-01-09,7,22-362,CHI,@,OTT,W,0,1,1,1,0,0,0,0,0,1,0,0,1,0.0,22,15:07,1,0,11,9,55.0
7,2018-01-10,8,22-363,CHI,,MIN,L,0,0,0,-1,0,0,0,0,0,0,0,0,1,0.0,20,12:37,1,0,8,7,53.3
8,2018-01-12,9,23-000,CHI,,WPG,W,1,1,2,2,0,1,0,0,0,1,0,0,2,50.0,22,13:17,0,0,6,5,54.5
9,2018-01-14,10,23-002,CHI,,DET,L,0,0,0,-1,0,0,0,0,0,0,0,0,0,,20,15:25,0,2,7,5,58.3
10,2018-01-20,11,23-008,CHI,,NYI,L,0,0,0,-3,0,0,0,0,0,0,0,0,0,,24,14:18,1,0,8,6,57.1
11,2018-01-22,12,23-010,CHI,,TBL,L,0,0,0,0,0,0,0,0,0,0,0,0,0,,17,10:44,1,3,4,6,40.0
12,2018-01-24,13,23-012,CHI,,TOR,L-OT,0,0,0,0,0,0,0,0,0,0,0,0,0,,20,12:25,1,1,5,7,41.7
13,2018-01-25,14,23-013,CHI,@,DET,W,0,0,0,0,0,0,0,0,0,0,0,0,0,,19,13:43,0,0,2,4,33.3
14,2018-01-30,15,23-018,CHI,@,NSH,W,1,0,1,1,0,1,0,0,0,0,0,0,1,100.0,16,10:37,0,1,4,4,50.0
15,2018-02-01,16,23-020,CHI,@,VAN,L,0,0,0,0,0,0,0,0,0,0,0,0,1,0.0,20,12:37,1,0,3,2,60.0
16,2018-02-03,17,23-022,CHI,@,CGY,L-OT,0,0,0,0,0,0,0,0,0,0,0,0,2,0.0,25,14:48,0,0,10,11,47.6
17,2018-02-06,18,23-025,CHI,,CGY,L,0,0,0,0,0,0,0,0,0,0,0,0,1,0.0,16,11:23,1,1,4,8,33.3
18,2018-02-08,19,23-027,CHI,,DAL,L,0,0,0,0,0,0,0,0,0,0,0,0,0,,19,11:23,1,0,5,3,62.5
19,2018-02-10,20,23-029,CHI,@,MIN,L,0,0,0,0,0,0,0,0,0,0,0,0,0,,20,12:43,0,0,11,7,61.1
20,2018-02-12,21,23-031,CHI,@,ARI,L,0,0,0,0,2,0,0,0,0,0,0,0,1,0.0,21,13:46,0,2,5,6,45.5
21,2018-02-13,22,23-032,CHI,@,VEG,L,0,0,0,0,0,0,0,0,0,0,0,0,0,,19,12:22,2,0,5,3,62.5
22,2018-02-17,23,23-036,CHI,,WSH,W,0,0,0,0,0,0,0,0,0,0,0,0,3,0.0,18,13:50,0,0,3,6,33.3
23,2018-02-19,24,23-038,CHI,,LAK,L,0,0,0,0,0,0,0,0,0,0,0,0,2,0.0,18,11:07,1,0,7,5,58.3
24,2018-02-21,25,23-040,CHI,,OTT,W,0,1,1,0,0,0,0,0,0,1,0,0,0,,16,10:51,0,0,6,6,50.0
25,2018-02-23,26,23-042,CHI,,SJS,W,0,0,0,0,0,0,0,0,0,0,0,0,1,0.0,16,12:11,0,0,4,7,36.4
26,2018-02-24,27,23-043,CHI,@,CBJ,L,1,0,1,0,0,1,0,0,0,0,0,0,2,50.0,14,10:45,0,0,5,4,55.6
27,2018-03-01,28,23-048,CHI,@,SJS,L,0,0,0,-1,0,0,0,0,0,0,0,0,1,0.0,22,16:30,0,0,13,7,65.0
28,2018-03-03,29,23-050,CHI,@,LAK,W,0,0,0,-1,0,0,0,0,0,0,0,0,1,0.0,20,13:59,1,0,8,6,57.1
29,2018-03-04,30,23-051,CHI,@,ANA,L,0,0,0,-2,0,0,0,0,0,0,0,0,3,0.0,17,11:34,1,0,6,4,60.0
30,2018-03-06,31,23-053,CHI,,COL,W,0,0,0,0,2,0,0,0,0,0,0,0,0,,17,10:05,2,0,6,5,54.5
31,2018-03-08,32,23-055,CHI,,CAR,L,0,1,1,1,2,0,0,0,0,1,0,0,3,0.0,16,11:28,1,0,7,3,70.0
32,2018-03-10,33,23-057,CHI,@,BOS,L,0,1,1,0,0,0,0,0,0,1,0,0,1,0.0,18,10:33,1,1,7,5,58.3
33,2018-03-11,34,23-058,CHI,,BOS,W,0,0,0,0,0,0,0,0,0,0,0,0,1,0.0,15,11:31,0,0,4,3,57.1
34,2018-03-15,35,23-062,CHI,@,WPG,L,0,0,0,-2,0,0,0,0,0,0,0,0,0,,17,14:01,0,1,7,6,53.8
35,2018-03-17,36,23-064,CHI,@,BUF,L,0,0,0,-1,0,0,0,0,0,0,0,0,2,0.0,18,12:20,0,0,3,6,33.3
36,2018-03-18,37,23-065,CHI,,STL,L-OT,1,0,1,1,0,1,0,0,0,0,0,0,3,33.3,20,14:00,1,0,5,7,41.7
37,2018-03-20,38,23-067,CHI,,COL,L,0,0,0,-1,2,0,0,0,0,0,0,0,2,0.0,18,11:50,0,1,5,7,41.7
38,2018-03-22,39,23-069,CHI,,VAN,L,0,0,0,0,0,0,0,0,0,0,0,0,2,0.0,16,12:33,1,0,7,4,63.6
39,2018-03-24,40,23-071,CHI,@,NYI,W,0,0,0,-1,0,0,0,0,0,0,0,0,0,,16,13:24,1,2,7,2,77.8
40,2018-03-26,41,23-073,CHI,,SJS,L-SO,0,0,0,2,2,0,0,0,0,0,0,0,0,,16,10:58,3,0,4,4,50.0
41,2018-03-29,42,23-076,CHI,,WPG,W,0,0,0,0,0,0,0,0,0,0,0,0,2,0.0,17,13:46,0,2,8,5,61.5
42,2018-03-30,43,23-077,CHI,@,COL,L,0,0,0,-1,2,0,0,0,0,0,0,0,1,0.0,19,13:40,1,0,8,4,66.7
43,2018-04-04,44,23-082,CHI,@,STL,W,0,0,0,-1,0,0,0,0,0,0,0,0,0,,19,13:23,1,0,7,6,53.8
44,2018-04-06,45,23-084,CHI,,STL,L,0,0,0,0,0,0,0,0,0,0,0,0,1,0.0,17,15:00,0,3,9,5,64.3
45,2018-04-07,46,23-085,CHI,@,WPG,L,0,0,0,0,0,0,0,0,0,0,0,0,0,,19,14:48,2,1,6,8,42.9
46,2018-10-04,1,23-265,CHI,@,OTT,W,0,1,1,1,0,0,0,0,0,1,0,0,3,0.0,19,13:50,0,0,0,2,0.0
47,2018-10-06,2,23-267,CHI,@,STL,W,0,0,0,-1,0,0,0,0,0,0,0,0,1,0.0,18,14:04,0,0,0,0,
48,2018-10-07,3,23-268,CHI,,TOR,L-OT,0,0,0,1,0,0,0,0,0,0,0,0,0,,20,12:09,0,0,5,3,62.5
49,2018-10-11,4,23-272,CHI,@,MIN,L-OT,0,0,0,0,0,0,0,0,0,0,0,0,0,,22,15:07,1,0,1,3,25.0
50,2018-10-13,5,23-274,CHI,,STL,W,0,0,0,0,0,0,0,0,0,0,0,0,3,0.0,21,11:06,0,0,1,1,50.0
51,2018-10-18,6,23-279,CHI,,ARI,L,0,0,0,0,0,0,0,0,0,0,0,0,2,0.0,16,13:05,2,0,0,1,0.0
52,2018-10-20,7,23-281,CHI,@,CBJ,W,0,0,0,0,2,0,0,0,0,0,0,0,1,0.0,22,13:20,0,0,7,4,63.6
53,2018-10-21,8,23-282,CHI,,TBL,L,1,0,1,-1,0,1,0,0,0,0,0,0,2,50.0,16,11:08,0,0,6,4,60.0
54,2018-10-28,9,23-289,CHI,,EDM,L-OT,0,0,0,0,0,0,0,0,0,0,0,0,1,0.0,16,10:53,1,1,0,0,
55,2018-10-31,10,23-292,CHI,@,VAN,L,0,0,0,0,0,0,0,0,0,0,0,0,1,0.0,14,10:10,1,0,1,1,50.0
56,2018-11-03,11,23-295,CHI,@,CGY,L,0,0,0,-1,0,0,0,0,0,0,0,0,0,,16,10:59,0,0,1,3,25.0
57,2018-11-08,12,23-300,CHI,,CAR,L,1,0,1,0,0,1,0,0,0,0,0,0,3,33.3,18,12:02,0,1,2,5,28.6
58,2018-11-10,13,23-302,CHI,@,PHI,L,0,0,0,-1,0,0,0,0,0,0,0,0,2,0.0,18,13:10,2,0,8,2,80.0
59,2018-11-12,14,23-304,CHI,@,CAR,L-OT,0,1,1,0,0,0,0,0,0,1,0,0,3,0.0,26,18:17,0,1,8,9,47.1
60,2018-11-14,15,23-306,CHI,,STL,W,0,0,0,0,0,0,0,0,0,0,0,0,1,0.0,22,16:00,1,1,7,6,53.8
61,2018-11-16,16,23-308,CHI,,LAK,L-SO,0,0,0,-1,0,0,0,0,0,0,0,0,0,,21,15:28,0,0,6,7,46.2
62,2018-11-18,17,23-310,CHI,,MIN,W,0,0,0,1,0,0,0,0,0,0,0,0,3,0.0,19,15:00,1,0,5,6,45.5
63,2018-11-21,18,23-313,CHI,@,WSH,L,0,0,0,0,0,0,0,0,0,0,0,0,2,0.0,21,15:12,0,1,2,9,18.2
64,2018-11-23,19,23-315,CHI,@,TBL,L,0,0,0,0,0,0,0,0,0,0,0,0,1,0.0,21,14:06,1,0,3,6,33.3
65,2018-11-24,20,23-316,CHI,@,FLA,W,1,1,2,2,0,1,0,0,0,1,0,0,1,100.0,24,14:58,0,1,7,3,70.0
66,2018-11-27,21,23-319,CHI,,VEG,L,0,0,0,-1,0,0,0,0,0,0,0,0,2,0.0,19,15:00,0,2,3,8,27.3
67,2018-11-29,22,23-321,CHI,@,WPG,L,0,2,2,3,0,0,0,0,0,2,0,0,2,0.0,23,16:07,0,0,2,9,18.2
68,2018-12-01,23,23-323,CHI,@,NSH,L,0,0,0,-1,0,0,0,0,0,0,0,0,2,0.0,23,16:14,0,0,12,4,75.0
69,2018-12-02,24,23-324,CHI,,CGY,L,0,0,0,0,0,0,0,0,0,0,0,0,1,0.0,25,17:25,0,0,7,5,58.3
70,2018-12-05,25,23-327,CHI,@,ANA,L,0,0,0,-1,0,0,0,0,0,0,0,0,3,0.0,18,14:12,0,0,3,10,23.1
71,2018-12-06,26,23-328,CHI,@,VEG,L,0,1,1,-1,0,0,0,0,0,1,0,0,1,0.0,20,13:07,0,1,2,0,100.0
72,2018-12-09,27,23-331,CHI,,MTL,L,0,0,0,0,0,0,0,0,0,0,0,0,1,0.0,24,18:00,0,0,4,3,57.1
73,2018-12-11,28,23-333,CHI,@,WPG,L,0,1,1,0,0,0,0,0,0,1,0,0,2,0.0,24,16:21,0,0,2,10,16.7
74,2018-12-12,29,23-334,CHI,,PIT,W,0,0,0,1,0,0,0,0,0,0,0,0,0,,22,15:32,1,1,4,3,57.1
75,2018-12-14,30,23-336,CHI,,WPG,L-OT,0,0,0,0,0,0,0,0,0,0,0,0,1,0.0,24,16:34,0,0,10,8,55.6
76,2018-12-16,31,23-338,CHI,,SJS,L,0,0,0,0,2,0,0,0,0,0,0,0,3,0.0,19,14:28,2,3,4,7,36.4
77,2018-12-18,32,23-340,CHI,,NSH,W,0,0,0,0,0,0,0,0,0,0,0,0,3,0.0,22,16:33,2,2,4,9,30.8
78,2018-12-20,33,23-342,CHI,@,DAL,W,0,2,2,2,0,0,0,0,0,2,0,0,1,0.0,23,15:09,1,0,4,9,30.8
79,2018-12-21,34,23-343,CHI,@,COL,W,0,0,0,0,0,0,0,0,0,0,0,0,2,0.0,22,17:04,0,1,4,6,40.0
80,2018-12-23,35,23-345,CHI,,FLA,L,0,0,0,0,0,0,0,0,0,0,0,0,0,,21,15:23,2,0,3,6,33.3
81,2018-12-27,36,23-349,CHI,,MIN,W,0,0,0,-2,0,0,0,0,0,0,0,0,1,0.0,23,15:52,0,2,7,7,50.0
82,2018-12-29,37,23-351,CHI,@,COL,W,0,0,0,-1,0,0,0,0,0,0,0,0,1,0.0,23,16:44,1,0,4,8,33.3
83,2019-01-01,38,23-354,CHI,,BOS,L,0,1,1,1,0,0,0,0,0,1,0,0,1,0.0,21,14:49,1,1,5,8,38.5
84,2019-01-03,39,23-356,CHI,@,NYI,L-OT,0,0,0,0,0,0,0,0,0,0,0,0,0,,22,17:06,1,1,7,4,63.6
85,2019-01-06,40,23-359,CHI,@,PIT,W,0,0,0,-1,0,0,0,0,0,0,0,0,0,,23,14:21,0,0,4,8,33.3
86,2019-01-07,41,23-360,CHI,,CGY,L,0,0,0,1,0,0,0,0,0,0,0,0,1,0.0,20,14:08,0,2,3,6,33.3
87,2019-01-09,42,23-362,CHI,,NSH,L-OT,0,0,0,-1,2,0,0,0,0,0,0,0,1,0.0,25,13:42,0,0,6,7,46.2
88,2019-01-12,43,24-000,CHI,,VEG,L-OT,0,0,0,-3,0,0,0,0,0,0,0,0,1,0.0,21,14:31,1,1,6,7,46.2
89,2019-01-14,44,24-002,CHI,@,NJD,L,0,0,0,-1,0,0,0,0,0,0,0,0,0,,19,14:25,2,0,10,4,71.4
90,2019-01-17,45,24-005,CHI,@,NYR,L,0,1,1,1,0,0,0,0,0,1,0,0,1,0.0,20,12:22,0,0,5,8,38.5
91,2019-01-20,46,24-008,CHI,,WSH,W,0,1,1,-2,2,0,0,0,0,1,0,0,0,,23,18:22,2,0,8,11,42.1
92,2019-01-22,47,24-010,CHI,,NYI,W,0,0,0,-1,0,0,0,0,0,0,0,0,1,0.0,21,15:36,0,0,4,7,36.4
93,2019-02-01,48,24-020,CHI,@,BUF,W,0,1,1,2,0,0,0,0,0,1,0,0,0,,21,14:03,0,0,5,2,71.4
94,2019-02-02,49,24-021,CHI,@,MIN,W,0,0,0,0,0,0,0,0,0,0,0,0,0,,23,15:20,0,1,6,6,50.0
95,2019-02-05,50,24-024,CHI,@,EDM,W,0,0,0,0,0,0,0,0,0,0,0,0,0,,9,5:30,1,1,3,2,60.0
96,2019-03-07,51,24-054,CHI,,BUF,W,0,0,0,0,2,0,0,0,0,0,0,0,1,0.0,21,12:31,0,0,6,6,50.0
97,2019-03-09,52,24-056,CHI,@,DAL,W,1,0,1,1,0,1,0,0,0,0,0,0,2,50.0,20,12:30,0,0,2,8,20.0
98,2019-03-11,53,24-058,CHI,,ARI,W,0,1,1,1,0,0,0,0,0,1,0,0,2,0.0,21,12:34,2,1,10,4,71.4
99,2019-03-13,54,24-060,CHI,@,TOR,W,0,0,0,-2,0,0,0,0,0,0,0,0,1,0.0,20,14:18,1,0,3,8,27.3
100,2019-03-16,55,24-063,CHI,@,MTL,W,0,0,0,0,0,0,0,0,0,0,0,0,1,0.0,23,15:48,1,3,6,6,50.0
101,2019-03-18,56,24-065,CHI,,VAN,L-OT,0,0,0,-1,0,0,0,0,0,0,0,0,0,,15,9:01,1,0,3,3,50.0
102,2019-03-21,57,24-068,CHI,,PHI,L,0,0,0,0,0,0,0,0,0,0,0,0,3,0.0,14,9:38,0,0,4,3,57.1
103,2019-03-23,58,24-070,CHI,@,COL,L,0,0,0,-1,4,0,0,0,0,0,0,0,0,,15,9:13,0,0,3,4,42.9
104,2019-03-24,59,24-071,CHI,,COL,W,0,0,0,0,0,0,0,0,0,0,0,0,0,,18,12:13,2,0,4,6,40.0
105,2019-03-26,60,24-073,CHI,@,ARI,L,0,0,0,0,0,0,0,0,0,0,0,0,0,,20,15:28,1,1,3,9,25.0
106,2019-03-28,61,24-075,CHI,@,SJS,W,0,0,0,0,0,0,0,0,0,0,0,0,0,,21,13:39,3,0,5,4,55.6
107,2019-03-30,62,24-077,CHI,@,LAK,L-OT,0,0,0,0,0,0,0,0,0,0,0,0,0,,4,3:35,1,0,2,0,100.0
108,2019-04-05,63,24-083,CHI,,DAL,W,0,1,1,1,0,0,0,0,0,1,0,0,0,,16,12:27,0,0,4,5,44.4
109,2019-10-04,1,24-265,CHI,@,PHI,L,0,0,0,-1,0,0,0,0,0,0,0,0,4,0.0,19,13:20,3,0,4,9,30.8
110,2019-10-10,2,24-271,CHI,,SJS,L,0,0,0,-1,0,0,0,0,0,0,0,0,2,0.0,17,13:36,0,0,4,5,44.4
111,2019-10-12,3,24-273,CHI,,WPG,L-OT,0,0,0,0,0,0,0,0,0,0,0,0,3,0.0,22,16:01,2,2,5,5,50.0
112,2019-10-14,4,24-275,CHI,,EDM,W,0,1,1,1,0,0,0,0,0,1,0,0,3,0.0,24,18:02,1,0,8,6,57.1
113,2019-10-18,5,24-279,CHI,,CBJ,W,0,0,0,-1,0,0,0,0,0,0,0,0,2,0.0,21,13:42,1,1,1,7,12.5
114,2019-10-20,6,24-281,CHI,,WSH,L,0,1,1,1,0,0,0,0,0,1,0,0,2,0.0,18,11:04,1,2,6,7,46.2
115,2019-10-22,7,24-283,CHI,,VEG,L-SO,0,0,0,-1,0,0,0,0,0,0,0,0,2,0.0,24,19:29,2,1,8,3,72.7
116,2019-10-24,8,24-285,CHI,,PHI,L,0,0,0,-2,0,0,0,0,0,0,0,0,2,0.0,21,15:19,0,0,3,6,33.3
117,2019-10-26,9,24-287,CHI,@,CAR,L,0,0,0,-1,0,0,0,0,0,0,0,0,2,0.0,24,15:30,0,0,8,3,72.7
118,2019-10-27,10,24-288,CHI,,LAK,W,1,0,1,1,0,1,0,0,1,0,0,0,1,100.0,23,16:38,4,1,5,4,55.6
119,2019-10-29,11,24-290,CHI,@,NSH,L,0,0,0,0,0,0,0,0,0,0,0,0,3,0.0,23,13:46,0,1,6,7,46.2
120,2019-11-02,12,24-294,CHI,@,LAK,L-OT,1,0,1,0,0,1,0,0,0,0,0,0,2,50.0,18,15:48,0,0,4,5,44.4
121,2019-11-03,13,24-295,CHI,@,ANA,W,0,0,0,0,0,0,0,0,0,0,0,0,0,,21,14:43,2,0,5,3,62.5
122,2019-11-05,14,24-297,CHI,@,SJS,L,0,0,0,0,0,0,0,0,0,0,0,0,0,,15,13:42,0,0,4,3,57.1
123,2019-11-07,15,24-299,CHI,,VAN,W,1,0,1,1,0,0,0,1,0,0,0,0,2,50.0,22,16:37,0,0,3,4,42.9
124,2019-11-09,16,24-301,CHI,@,PIT,L-SO,0,0,0,1,0,0,0,0,0,0,0,0,3,0.0,23,15:12,2,0,4,3,57.1
125,2019-11-10,17,24-302,CHI,,TOR,W,0,0,0,0,0,0,0,0,0,0,0,0,2,0.0,25,15:45,0,0,8,5,61.5
126,2019-11-13,18,24-305,CHI,@,VEG,W,0,0,0,-1,0,0,0,0,0,0,0,0,1,0.0,18,13:27,2,1,2,2,50.0
127,2019-11-16,19,24-308,CHI,@,NSH,W,1,0,1,0,0,1,0,0,0,0,0,0,1,100.0,19,16:35,0,0,2,4,33.3
128,2019-11-17,20,24-309,CHI,,BUF,W,0,0,0,0,0,0,0,0,0,0,0,0,0,,17,12:08,1,0,8,4,66.7
129,2019-11-19,21,24-311,CHI,,CAR,L,0,0,0,-1,0,0,0,0,0,0,0,0,1,0.0,13,10:17,0,0,1,3,25.0
130,2019-11-21,22,24-313,CHI,,TBL,L,0,0,0,-2,2,0,0,0,0,0,0,0,0,,19,13:24,0,0,2,3,40.0
131,2019-11-23,23,24-315,CHI,@,DAL,L-SO,0,0,0,-1,2,0,0,0,0,0,0,0,3,0.0,19,11:50,0,0,2,4,33.3
132,2019-11-26,24,24-318,CHI,,DAL,W,0,0,0,0,0,0,0,0,0,0,0,0,0,,20,15:46,2,0,4,4,50.0
133,2019-11-29,25,24-321,CHI,,COL,L,0,0,0,-1,0,0,0,0,0,0,0,0,0,,18,13:17,2,0,2,5,28.6
134,2019-11-30,26,24-322,CHI,@,COL,L,0,1,1,1,0,0,0,0,0,1,0,0,0,,21,14:53,0,0,9,2,81.8
135,2019-12-02,27,24-324,CHI,,STL,L,0,0,0,-1,0,0,0,0,0,0,0,0,2,0.0,21,16:53,0,2,3,4,42.9
136,2019-12-05,28,24-327,CHI,@,BOS,W,0,0,0,0,0,0,0,0,0,0,0,0,2,0.0,20,14:21,1,2,2,3,40.0
137,2019-12-06,29,24-328,CHI,@,NJD,W,0,0,0,0,0,0,0,0,0,0,0,0,0,,16,12:39,0,0,2,2,50.0
138,2019-12-08,30,24-330,CHI,,ARI,L-SO,0,0,0,0,0,0,0,0,0,0,0,0,1,0.0,20,15:15,1,0,4,5,44.4
139,2019-12-10,31,24-332,CHI,@,VEG,L,0,0,0,-1,0,0,0,0,0,0,0,0,1,0.0,18,11:56,1,2,2,6,25.0
140,2019-12-12,32,24-334,CHI,@,ARI,L,0,0,0,-1,0,0,0,0,0,0,0,0,1,0.0,14,9:20,0,0,4,1,80.0
141,2019-12-14,33,24-336,CHI,@,STL,L,0,0,0,-1,0,0,0,0,0,0,0,0,0,,16,12:59,1,0,1,0,100.0
142,2019-12-15,34,24-337,CHI,,MIN,W,1,0,1,1,0,1,0,0,0,0,0,0,1,100.0,17,12:40,1,1,4,6,40.0
143,2019-12-18,35,24-340,CHI,,COL,L,0,0,0,0,0,0,0,0,0,0,0,0,1,0.0,17,10:32,1,0,7,2,77.8
144,2019-12-19,36,24-341,CHI,@,WPG,W,0,0,0,0,0,0,0,0,0,0,0,0,0,,22,15:09,0,0,7,3,70.0
145,2019-12-21,37,24-343,CHI,@,COL,W,0,1,1,1,0,0,0,0,0,1,0,0,1,0.0,21,16:05,0,0,4,6,40.0
146,2019-12-23,38,24-345,CHI,,NJD,L,0,1,1,0,2,0,0,0,0,1,0,0,2,0.0,16,11:13,0,1,5,3,62.5
147,2019-12-27,39,24-349,CHI,,NYI,W,0,1,1,1,0,0,0,0,0,1,0,0,0,,16,11:48,1,0,10,4,71.4
148,2019-12-29,40,24-351,CHI,@,CBJ,W,0,0,0,-1,0,0,0,0,0,0,0,0,1,0.0,19,12:57,0,0,7,3,70.0
149,2019-12-31,41,24-353,CHI,@,CGY,W,0,0,0,0,0,0,0,0,0,0,0,0,1,0.0,21,14:00,0,0,5,7,41.7
150,2020-01-02,42,24-355,CHI,@,VAN,L,1,0,1,0,0,1,0,0,0,0,0,0,3,33.3,18,11:51,0,1,7,4,63.6
151,2020-01-05,43,24-358,CHI,,DET,W,0,0,0,0,0,0,0,0,0,0,0,0,0,,16,12:37,1,0,5,3,62.5
152,2020-01-07,44,24-360,CHI,,CGY,L,0,0,0,0,0,0,0,0,0,0,0,0,2,0.0,19,13:04,0,0,3,2,60.0
153,2020-01-09,45,24-362,CHI,,NSH,L,0,0,0,0,0,0,0,0,0,0,0,0,4,0.0,23,16:28,0,0,4,5,44.4
154,2020-01-11,46,24-364,CHI,,ANA,W,0,1,1,1,0,0,0,0,0,1,0,0,1,0.0,17,15:39,2,1,3,6,33.3
155,2020-01-14,47,25-002,CHI,@,OTT,W,0,0,0,0,0,0,0,0,0,0,0,0,2,0.0,20,16:41,4,0,5,3,62.5
156,2020-01-15,48,25-003,CHI,@,MTL,W,0,0,0,0,0,0,0,0,0,0,0,0,1,0.0,21,17:19,0,0,9,6,60.0
157,2020-01-18,49,25-006,CHI,@,TOR,W,0,0,0,0,0,0,0,0,0,0,0,0,2,0.0,17,14:03,1,0,3,1,75.0
158,2020-01-19,50,25-007,CHI,,WPG,W,1,0,1,1,0,1,0,0,1,0,0,0,3,33.3,16,12:02,0,1,5,0,100.0
159,2020-01-21,51,25-009,CHI,,FLA,L,0,0,0,0,0,0,0,0,0,0,0,0,1,0.0,16,11:15,0,0,5,4,55.6
160,2020-02-01,52,25-020,CHI,@,ARI,W,0,0,0,-1,0,0,0,0,0,0,0,0,0,,21,15:08,0,0,8,4,66.7
161,2020-02-04,53,25-023,CHI,@,MIN,L-OT,0,0,0,1,0,0,0,0,0,0,0,0,4,0.0,18,14:46,0,0,8,4,66.7
162,2020-02-05,54,25-024,CHI,,BOS,L-OT,0,0,0,0,0,0,0,0,0,0,0,0,1,0.0,20,14:12,0,1,3,2,60.0
163,2020-02-09,55,25-028,CHI,@,WPG,L,0,0,0,-1,0,0,0,0,0,0,0,0,0,,18,14:38,0,1,2,5,28.6
164,2020-02-11,56,25-030,CHI,@,EDM,L,0,0,0,0,0,0,0,0,0,0,0,0,0,,19,12:25,1,0,3,5,37.5
165,2020-02-12,57,25-031,CHI,@,VAN,L,0,0,0,0,0,0,0,0,0,0,0,0,3,0.0,19,11:46,1,1,2,7,22.2
166,2020-02-15,58,25-034,CHI,@,CGY,W,0,0,0,1,0,0,0,0,0,0,0,0,1,0.0,20,13:42,0,0,4,10,28.6
167,2020-02-16,59,25-035,CHI,@,WPG,L,0,0,0,0,0,0,0,0,0,0,0,0,0,,13,9:37,0,1,3,3,50.0
168,2020-02-19,60,25-038,CHI,,NYR,L,0,0,0,0,0,0,0,0,0,0,0,0,0,,18,13:25,1,1,4,7,36.4
169,2020-02-21,61,25-040,CHI,,NSH,W,0,0,0,0,0,0,0,0,0,0,0,0,1,0.0,15,10:48,0,0,3,4,42.9
170,2020-02-23,62,25-042,CHI,@,DAL,L,0,0,0,-1,0,0,0,0,0,0,0,0,0,,12,10:08,1,0,5,5,50.0
171,2020-02-25,63,25-044,CHI,@,STL,L,0,1,1,0,0,0,0,0,0,1,0,0,2,0.0,15,11:02,1,1,5,3,62.5
172,2020-02-27,64,25-046,CHI,@,TBL,W,0,0,0,0,0,0,0,0,0,0,0,0,0,,21,13:52,0,0,6,4,60.0
173,2020-02-29,65,25-048,CHI,@,FLA,W,0,0,0,-1,0,0,0,0,0,0,0,0,0,,20,15:44,0,0,4,5,44.4
174,2020-03-03,66,25-051,CHI,,ANA,W,1,0,1,0,2,1,0,0,0,0,0,0,3,33.3,18,11:27,1,0,5,5,50.0
175,2020-03-05,67,25-053,CHI,,EDM,W,0,0,0,-2,0,0,0,0,0,0,0,0,0,,16,12:24,3,0,7,2,77.8
176,2020-03-06,68,25-054,CHI,@,DET,L,0,0,0,0,0,0,0,0,0,0,0,0,0,,14,10:09,1,0,2,1,66.7
177,2020-03-08,69,25-056,CHI,,STL,L,0,0,0,0,0,0,0,0,0,0,0,0,0,,15,9:46,1,0,2,3,40.0
178,2020-03-11,70,25-059,CHI,,SJS,W,0,0,0,0,0,0,0,0,0,0,0,0,1,0.0,18,13:05,1,0,3,1,75.0
