,date_game,game_season,age,team_id,game_location,opp_id,game_result,goals,assists,points,plus_minus,pen_min,goals_ev,goals_pp,goals_sh,goals_gw,assists_ev,assists_pp,assists_sh,shots,shot_pct,shifts,time_on_ice,hits_all,blocks_all,faceoff_wins_all,faceoff_losses_all,faceoff_percentage_all
0,2007-10-04,1,18-319,CHI,@,MIN,L,0,0,0,0,0,0,0,0,0,,,,2,0.0,21,16:44,0,0,1,0,100.0
1,2007-10-06,2,18-321,CHI,,DET,W,0,1,1,0,2,0,0,0,0,,,,1,0.0,22,16:12,0,0,0,0,
2,2007-10-10,3,18-325,CHI,,SJS,L,0,1,1,1,0,0,0,0,0,,,,3,0.0,17,16:45,1,0,0,0,
3,2007-10-12,4,18-327,CHI,@,DET,W,0,1,1,0,0,0,0,0,0,,,,6,0.0,22,17:38,0,0,0,0,
4,2007-10-13,5,18-328,CHI,,DAL,W,0,1,1,0,2,0,0,0,0,,,,6,0.0,23,21:23,1,0,0,0,
5,2007-10-17,6,18-332,CHI,,STL,L,0,0,0,0,2,0,0,0,0,,,,4,0.0,25,21:13,1,0,0,0,
6,2007-10-19,7,18-334,CHI,,COL,W,1,2,3,1,2,1,0,0,0,,,,3,33.3,27,17:27,0,0,0,0,
7,2007-10-20,8,18-335,CHI,@,TOR,W,0,2,2,0,0,0,0,0,0,,,,5,0.0,24,22:48,0,0,0,0,
8,2007-10-23,9,18-338,CHI,,CBJ,L,2,2,4,2,0,2,0,0,0,,,,2,100.0,22,20:01,2,0,0,0,
9,2007-10-25,10,18-340,CHI,@,BOS,L,0,0,0,-2,0,0,0,0,0,,,,1,0.0,23,21:46,0,0,0,0,
10,2007-10-27,11,18-342,CHI,,ATL,L,1,0,1,-1,4,0,1,0,0,,,,5,20.0,23,22:38,0,0,0,0,
11,2007-10-31,12,18-346,CHI,@,DAL,W,1,1,2,0,0,1,0,0,0,,,,2,50.0,20,13:19,1,0,0,0,
12,2007-11-03,13,18-349,CHI,@,STL,W,0,0,0,0,2,0,0,0,0,,,,1,0.0,22,18:01,1,0,0,0,
13,2007-11-04,14,18-350,CHI,,NSH,L,0,1,1,0,0,0,0,0,0,,,,3,0.0,21,19:10,0,0,0,0,
14,2007-11-07,15,18-353,CHI,,CBJ,W,0,0,0,2,0,0,0,0,0,,,,1,0.0,23,17:26,0,1,0,0,
15,2007-11-09,16,18-355,CHI,,STL,W,1,1,2,1,0,0,1,0,0,,,,5,20.0,21,16:21,0,0,0,0,
16,2007-11-11,17,18-357,CHI,,DET,W,1,1,2,0,0,0,1,0,0,,,,4,25.0,21,17:07,0,0,0,0,
17,2007-11-14,18,18-360,CHI,@,CBJ,L,0,0,0,-2,0,0,0,0,0,,,,1,0.0,23,18:44,0,0,0,0,
18,2007-11-15,19,18-361,CHI,@,NSH,L-OT,0,1,1,-3,0,0,0,0,0,,,,1,0.0,22,17:43,0,1,0,0,
19,2007-11-17,20,18-363,CHI,@,DET,W,0,0,0,0,0,0,0,0,0,,,,1,0.0,24,18:15,0,0,0,0,
20,2007-11-22,21,19-003,CHI,@,CGY,W,0,0,0,0,0,0,0,0,0,,,,1,0.0,21,16:20,0,0,0,0,
21,2007-11-24,22,19-005,CHI,@,EDM,L-SO,0,0,0,0,2,0,0,0,0,,,,4,0.0,27,23:39,0,0,0,0,
22,2007-11-25,23,19-006,CHI,@,VAN,L,0,0,0,-1,0,0,0,0,0,,,,3,0.0,24,19:40,0,0,0,0,
23,2007-11-28,24,19-009,CHI,,TBL,W,0,3,3,2,0,0,0,0,0,,,,1,0.0,21,18:25,1,0,0,0,
24,2007-11-30,25,19-011,CHI,,PHX,W,0,2,2,1,0,0,0,0,0,,,,2,0.0,15,14:52,0,0,0,1,0.0
25,2007-12-01,26,19-012,CHI,@,STL,L,0,0,0,-1,0,0,0,0,0,,,,1,0.0,21,19:57,0,0,0,0,
26,2007-12-05,27,19-016,CHI,,VAN,L,0,0,0,-2,0,0,0,0,0,,,,3,0.0,21,16:24,1,0,1,0,100.0
27,2007-12-07,28,19-018,CHI,,ANA,L,0,1,1,0,0,0,0,0,0,,,,2,0.0,22,18:32,0,0,1,0,100.0
28,2007-12-09,29,19-020,CHI,,CGY,L,0,0,0,-1,0,0,0,0,0,,,,2,0.0,22,16:26,0,0,1,1,50.0
29,2007-12-12,30,19-023,CHI,,LAK,W,0,2,2,1,0,0,0,0,0,,,,5,0.0,23,19:45,0,0,0,0,
30,2007-12-15,31,19-026,CHI,@,BUF,L,1,0,1,0,2,1,0,0,0,,,,5,20.0,24,18:16,1,0,0,0,
31,2007-12-16,32,19-027,CHI,,FLA,L,0,0,0,0,4,0,0,0,0,,,,2,0.0,24,20:39,0,1,0,0,
32,2007-12-19,33,19-030,CHI,,NSH,W,0,1,1,0,0,0,0,0,0,,,,3,0.0,21,14:59,0,0,0,0,
33,2007-12-22,34,19-033,CHI,@,OTT,W,0,0,0,-1,0,0,0,0,0,,,,0,,25,19:03,0,1,0,0,
34,2007-12-23,35,19-034,CHI,,EDM,W,0,1,1,1,2,0,0,0,0,,,,2,0.0,29,20:17,0,0,0,0,
35,2007-12-26,36,19-037,CHI,,NSH,W,1,1,2,2,0,1,0,0,0,,,,5,20.0,22,18:09,0,0,0,0,
36,2007-12-30,37,19-041,CHI,,LAK,L-OT,0,1,1,1,2,0,0,0,0,,,,4,0.0,24,20:10,0,0,0,0,
37,2008-01-01,38,19-043,CHI,@,LAK,L,0,1,1,-3,0,0,0,0,0,,,,1,0.0,24,16:50,0,0,0,0,
38,2008-01-03,39,19-045,CHI,@,PHX,L,0,1,1,-2,0,0,0,0,0,,,,2,0.0,21,18:37,1,0,0,0,
39,2008-01-04,40,19-046,CHI,@,ANA,L,0,1,1,1,2,0,0,0,0,,,,3,0.0,22,18:12,0,0,0,0,
40,2008-01-06,41,19-048,CHI,,DET,L,0,0,0,-1,0,0,0,0,0,,,,1,0.0,22,17:07,0,0,0,0,
41,2008-01-08,42,19-050,CHI,@,MTL,L-OT,0,0,0,-1,0,0,0,0,0,,,,2,0.0,21,16:23,0,0,0,0,
42,2008-01-09,43,19-051,CHI,,DAL,L,0,0,0,-1,0,0,0,0,0,,,,2,0.0,18,17:26,0,0,0,0,
43,2008-01-11,44,19-053,CHI,,MIN,L,0,0,0,-2,0,0,0,0,0,,,,6,0.0,22,20:56,1,0,0,0,
44,2008-01-13,45,19-055,CHI,@,NSH,W,0,1,1,1,0,0,0,0,0,,,,2,0.0,26,22:26,2,0,0,1,0.0
45,2008-01-16,46,19-058,CHI,,STL,W,2,1,3,2,0,1,1,0,0,,,,3,66.7,21,19:21,0,0,0,0,
46,2008-01-18,47,19-060,CHI,@,COL,W,1,0,1,0,2,1,0,0,0,,,,1,100.0,28,24:11,0,0,0,0,
47,2008-01-19,48,19-061,CHI,@,PHX,W,0,1,1,0,2,0,0,0,0,,,,2,0.0,26,22:46,0,0,0,0,
48,2008-01-22,49,19-064,CHI,@,SJS,L,0,0,0,-1,0,0,0,0,0,,,,2,0.0,21,18:11,0,0,0,0,
49,2008-01-24,50,19-066,CHI,,CBJ,L,0,0,0,0,4,0,0,0,0,,,,1,0.0,23,20:05,0,0,0,0,
50,2008-01-30,51,19-072,CHI,@,COL,L,0,0,0,0,2,0,0,0,0,,,,0,,20,19:40,0,1,0,0,
51,2008-02-02,52,19-075,CHI,@,SJS,L-SO,0,0,0,0,0,0,0,0,0,,,,2,0.0,19,13:41,0,0,0,0,
52,2008-02-06,53,19-079,CHI,@,EDM,L,0,0,0,-1,0,0,0,0,0,,,,5,0.0,21,19:23,0,0,0,0,
53,2008-02-07,54,19-080,CHI,@,CGY,W,0,1,1,1,0,0,0,0,0,,,,1,0.0,24,16:29,0,0,0,0,
54,2008-02-10,55,19-083,CHI,@,VAN,L-SO,0,0,0,-1,0,0,0,0,0,,,,1,0.0,25,18:40,0,0,0,0,
55,2008-02-13,56,19-086,CHI,@,CBJ,W,1,0,1,1,0,0,1,0,0,,,,3,33.3,19,14:01,0,0,0,0,
56,2008-02-14,57,19-087,CHI,@,NSH,W,0,2,2,3,0,0,0,0,0,,,,0,,18,15:20,0,0,0,0,
57,2008-02-17,58,19-090,CHI,,COL,W,0,1,1,-1,0,0,0,0,0,,,,2,0.0,19,13:28,0,0,0,0,
58,2008-02-19,59,19-092,CHI,@,STL,L,0,0,0,-2,0,0,0,0,0,,,,0,,18,15:08,0,0,1,0,100.0
59,2008-02-20,60,19-093,CHI,,MIN,W,1,0,1,1,0,1,0,0,1,,,,2,50.0,22,18:28,0,0,0,0,
60,2008-02-23,61,19-096,CHI,@,LAK,W,0,1,1,-1,0,0,0,0,0,,,,2,0.0,19,15:16,0,0,0,0,
61,2008-02-24,62,19-097,CHI,@,ANA,L,0,0,0,-1,0,0,0,0,0,,,,3,0.0,22,16:25,0,0,0,0,
62,2008-02-27,63,19-100,CHI,,PHX,W,0,0,0,0,2,0,0,0,0,,,,0,,22,17:35,0,0,0,0,
63,2008-02-28,64,19-101,CHI,@,DAL,L,0,0,0,-1,0,0,0,0,0,,,,1,0.0,22,16:13,0,0,0,0,
64,2008-03-02,65,19-104,CHI,,VAN,W,2,1,3,2,0,1,1,0,1,,,,3,66.7,21,15:16,0,0,1,0,100.0
65,2008-03-04,66,19-106,CHI,@,MIN,W,0,0,0,0,0,0,0,0,0,,,,4,0.0,24,15:03,0,0,0,0,
66,2008-03-05,67,19-107,CHI,,ANA,W,0,2,2,0,0,0,0,0,0,,,,3,0.0,26,18:41,0,0,1,1,50.0
67,2008-03-07,68,19-109,CHI,,SJS,L,0,1,1,0,0,0,0,0,0,,,,1,0.0,23,19:23,0,0,0,0,
68,2008-03-09,69,19-111,CHI,,EDM,L-OT,0,1,1,0,2,0,0,0,0,,,,2,0.0,24,20:19,0,0,1,0,100.0
69,2008-03-11,70,19-113,CHI,@,DET,L,0,0,0,-1,0,0,0,0,0,,,,1,0.0,24,18:25,0,0,0,1,0.0
70,2008-03-12,71,19-114,CHI,,CAR,L,0,0,0,0,2,0,0,0,0,,,,3,0.0,27,19:14,1,0,0,0,
71,2008-03-14,72,19-116,CHI,@,CBJ,W,1,1,2,1,4,1,0,0,1,,,,2,50.0,19,15:39,0,0,0,0,
72,2008-03-16,73,19-118,CHI,,CGY,L,0,1,1,-2,0,0,0,0,0,,,,5,0.0,25,23:54,0,0,0,0,
73,2008-03-19,74,19-121,CHI,,WSH,W,0,1,1,0,0,0,0,0,0,,,,2,0.0,21,18:00,0,0,1,2,33.3
74,2008-03-22,75,19-124,CHI,@,NSH,L-SO,0,0,0,0,0,0,0,0,0,,,,0,,30,20:54,0,0,2,1,66.7
75,2008-03-23,76,19-125,CHI,,STL,W,1,1,2,0,2,1,0,0,1,,,,2,50.0,23,19:10,0,0,2,1,66.7
76,2008-03-26,77,19-128,CHI,@,CBJ,L,0,0,0,-1,2,0,0,0,0,,,,0,,21,18:31,0,0,1,1,50.0
77,2008-03-29,78,19-131,CHI,@,STL,W,0,0,0,1,0,0,0,0,0,,,,1,0.0,23,19:58,0,1,0,0,
78,2008-03-30,79,19-132,CHI,,CBJ,W,0,1,1,-1,0,0,0,0,0,,,,2,0.0,29,24:05,0,1,1,0,100.0
79,2008-04-02,80,19-135,CHI,,DET,W,1,2,3,2,0,1,0,0,0,,,,3,33.3,21,17:58,1,0,1,0,100.0
80,2008-04-04,81,19-137,CHI,,NSH,W,1,1,2,2,0,1,0,0,0,,,,1,100.0,19,16:32,0,0,0,0,
81,2008-04-06,82,19-139,CHI,@,DET,L,1,0,1,0,0,0,1,0,0,,,,4,25.0,21,16:25,0,0,0,0,
82,2008-10-10,1,19-326,CHI,@,NYR,L,1,0,1,1,0,1,0,0,0,,,,2,50.0,25,20:23,0,0,1,1,50.0
83,2008-10-11,2,19-327,CHI,@,WSH,L,0,0,0,-3,0,0,0,0,0,,,,2,0.0,22,21:49,0,0,0,0,
84,2008-10-13,3,19-329,CHI,,NSH,L-SO,0,1,1,-1,0,0,0,0,0,,,,2,0.0,28,21:32,0,0,0,0,
85,2008-10-15,4,19-331,CHI,,PHX,W,0,0,0,0,0,0,0,0,0,,,,3,0.0,25,17:17,0,0,0,0,
86,2008-10-18,5,19-334,CHI,@,STL,L-SO,2,1,3,2,0,1,1,0,0,,,,3,66.7,29,21:27,0,0,0,0,
87,2008-10-19,6,19-335,CHI,,VAN,W,1,2,3,1,0,0,1,0,1,,,,6,16.7,22,20:06,0,0,0,0,
88,2008-10-22,7,19-338,CHI,,EDM,W,0,0,0,0,0,0,0,0,0,,,,0,,22,17:47,0,1,1,1,50.0
89,2008-10-25,8,19-341,CHI,,DET,L-SO,1,0,1,-1,0,0,1,0,0,,,,5,20.0,30,24:14,0,0,0,1,0.0
90,2008-10-27,9,19-343,CHI,@,MIN,L,0,0,0,0,2,0,0,0,0,,,,7,0.0,24,23:54,0,0,0,1,0.0
91,2008-10-31,10,19-347,CHI,,DAL,W,1,2,3,2,0,1,0,0,0,,,,4,25.0,21,20:12,0,0,0,1,0.0
92,2008-11-01,11,19-348,CHI,@,CBJ,W,0,1,1,0,2,0,0,0,0,,,,1,0.0,20,16:57,1,0,0,0,
93,2008-11-03,12,19-350,CHI,,COL,W,0,2,2,0,0,0,0,0,0,,,,3,0.0,22,21:11,0,0,0,1,0.0
94,2008-11-09,13,19-356,CHI,,CGY,W,1,2,3,2,0,1,0,0,0,,,,3,33.3,23,18:28,0,0,0,0,
95,2008-11-12,14,19-359,CHI,,BOS,L-SO,0,1,1,0,0,0,0,0,0,,,,3,0.0,24,20:42,0,0,1,0,100.0
96,2008-11-14,15,19-361,CHI,,STL,L-OT,0,0,0,-2,0,0,0,0,0,,,,3,0.0,26,17:03,1,0,0,0,
97,2008-11-16,16,19-363,CHI,,SJS,L,1,1,2,0,0,0,1,0,0,,,,3,33.3,24,17:53,0,0,0,2,0.0
98,2008-11-18,17,19-365,CHI,@,PHX,W,0,1,1,1,4,0,0,0,0,,,,2,0.0,23,15:59,0,0,0,0,
99,2008-11-20,18,20-001,CHI,@,DAL,W,2,0,2,2,0,2,0,0,0,,,,4,50.0,24,19:33,1,0,0,0,
100,2008-11-22,19,20-003,CHI,@,TOR,W,1,0,1,0,0,1,0,0,0,,,,3,33.3,27,21:25,0,0,1,1,50.0
101,2008-11-26,20,20-007,CHI,@,SJS,L-OT,0,1,1,0,0,0,0,0,0,,,,3,0.0,29,21:29,0,1,0,0,
102,2008-11-28,21,20-009,CHI,@,ANA,L,0,0,0,0,0,0,0,0,0,,,,1,0.0,23,22:04,0,0,0,0,
103,2008-11-29,22,20-010,CHI,@,LAK,L,1,1,2,-1,2,0,1,0,0,,,,5,20.0,25,18:27,1,0,1,0,100.0
104,2008-12-03,23,20-014,CHI,,ANA,W,0,1,1,-1,0,0,0,0,0,,,,1,0.0,24,19:39,0,0,1,0,100.0
105,2008-12-06,24,20-017,CHI,@,DET,L-SO,0,2,2,-1,0,0,0,0,0,,,,5,0.0,26,20:49,1,0,0,0,
106,2008-12-07,25,20-018,CHI,,PHX,W,0,1,1,0,0,0,0,0,0,,,,2,0.0,20,15:26,1,0,0,0,
107,2008-12-10,26,20-021,CHI,,OTT,W,1,0,1,1,8,0,1,0,1,,,,3,33.3,22,16:30,0,0,0,0,
108,2008-12-12,27,20-023,CHI,@,COL,W,0,0,0,0,0,0,0,0,0,,,,3,0.0,25,18:01,1,0,0,0,
109,2008-12-14,28,20-025,CHI,,CBJ,W,0,1,1,-1,0,0,0,0,0,,,,4,0.0,21,17:52,0,0,0,0,
110,2008-12-16,29,20-027,CHI,@,EDM,W,1,2,3,2,2,0,1,0,0,,,,5,20.0,20,15:54,0,0,0,0,
111,2008-12-19,30,20-030,CHI,@,CGY,W,1,0,1,0,0,0,1,0,0,,,,3,33.3,21,14:39,0,0,0,0,
112,2008-12-20,31,20-031,CHI,@,VAN,W,1,0,1,2,2,1,0,0,0,,,,1,100.0,23,15:28,0,0,0,1,0.0
113,2008-12-26,32,20-037,CHI,,PHI,W,0,2,2,2,0,0,0,0,0,,,,3,0.0,26,21:31,0,0,0,0,
114,2008-12-28,33,20-039,CHI,@,MIN,W,0,0,0,-1,0,0,0,0,0,,,,3,0.0,25,17:28,0,0,0,0,
115,2008-12-30,34,20-041,CHI,@,DET,L,0,0,0,-1,4,0,0,0,0,,,,2,0.0,19,14:02,0,0,0,0,
116,2009-01-01,35,20-043,CHI,,DET,L,0,0,0,0,0,0,0,0,0,,,,3,0.0,23,17:51,0,0,0,0,
117,2009-01-08,36,20-050,CHI,@,COL,L,0,1,1,0,0,0,0,0,0,,,,5,0.0,29,17:41,0,0,0,0,
118,2009-01-10,37,20-052,CHI,@,NSH,L,0,0,0,-3,0,0,0,0,0,,,,3,0.0,25,17:21,0,1,0,0,
119,2009-01-11,38,20-053,CHI,,NSH,W,0,0,0,0,0,0,0,0,0,,,,1,0.0,19,16:37,0,0,1,0,100.0
120,2009-01-14,39,20-056,CHI,,BUF,W,0,0,0,0,0,0,0,0,0,,,,1,0.0,20,15:05,0,0,0,0,
121,2009-01-16,40,20-058,CHI,,NYR,L-OT,0,0,0,0,0,0,0,0,0,,,,4,0.0,22,18:52,0,0,0,0,
122,2009-01-17,41,20-059,CHI,@,STL,W,0,0,0,0,0,0,0,0,0,,,,2,0.0,21,18:48,0,0,0,0,
123,2009-01-19,42,20-061,CHI,,MIN,L,0,0,0,-1,0,0,0,0,0,,,,5,0.0,21,17:36,0,1,0,0,
124,2009-01-21,43,20-063,CHI,,STL,L,0,0,0,0,2,0,0,0,0,,,,1,0.0,26,19:28,0,0,1,0,100.0
125,2009-01-28,44,20-070,CHI,@,ANA,W,1,0,1,-1,0,0,1,0,0,,,,2,50.0,23,14:17,0,0,0,0,
126,2009-01-29,45,20-071,CHI,@,LAK,L,0,0,0,-2,0,0,0,0,0,,,,2,0.0,22,18:41,0,1,0,0,
127,2009-01-31,46,20-073,CHI,@,SJS,W,0,1,1,1,0,0,0,0,0,,,,2,0.0,23,18:54,1,0,0,2,0.0
128,2009-02-03,47,20-076,CHI,@,EDM,W,0,1,1,0,2,0,0,0,0,,,,2,0.0,21,17:27,0,0,3,1,75.0
129,2009-02-05,48,20-078,CHI,@,CGY,W,0,0,0,0,4,0,0,0,0,,,,4,0.0,20,16:20,1,0,0,0,
130,2009-02-07,49,20-080,CHI,@,VAN,L,0,0,0,-1,0,0,0,0,0,,,,5,0.0,20,16:59,0,0,0,0,
131,2009-02-11,50,20-084,CHI,@,ATL,W,0,1,1,0,0,0,0,0,0,,,,4,0.0,21,18:11,0,0,0,0,
132,2009-02-13,51,20-086,CHI,@,STL,L,0,0,0,0,2,0,0,0,0,,,,0,,22,20:06,0,0,0,0,
133,2009-02-14,52,20-087,CHI,,DAL,W,0,2,2,2,0,0,0,0,0,,,,4,0.0,21,21:44,0,0,0,1,0.0
134,2009-02-17,53,20-090,CHI,@,TBL,W,1,2,3,1,0,0,1,0,0,,,,7,14.3,30,19:03,1,0,0,0,
135,2009-02-19,54,20-092,CHI,@,FLA,W,0,0,0,0,0,0,0,0,0,,,,4,0.0,21,18:40,0,1,1,0,100.0
136,2009-02-21,55,20-094,CHI,@,DAL,W,1,0,1,1,0,1,0,0,1,,,,6,16.7,22,18:45,2,0,0,0,
137,2009-02-22,56,20-095,CHI,,MIN,L,0,1,1,0,0,0,0,0,0,,,,2,0.0,24,20:18,0,0,0,0,
138,2009-02-24,57,20-097,CHI,@,NSH,L,1,0,1,0,0,1,0,0,0,,,,4,25.0,22,16:55,0,0,0,0,
139,2009-02-27,58,20-100,CHI,,PIT,L-OT,0,1,1,-1,0,0,0,0,0,,,,4,0.0,27,21:55,1,0,0,0,
140,2009-03-01,59,20-102,CHI,,LAK,W,0,1,1,1,2,0,0,0,0,,,,2,0.0,19,17:35,0,0,0,0,
141,2009-03-03,60,20-104,CHI,,ANA,W,0,0,0,0,0,0,0,0,0,,,,4,0.0,22,17:08,0,0,0,0,
142,2009-03-07,61,20-108,CHI,@,BOS,L,1,1,2,-1,0,0,1,0,0,,,,6,16.7,22,18:30,0,0,0,0,
143,2009-03-08,62,20-109,CHI,,COL,L,0,0,0,0,0,0,0,0,0,,,,4,0.0,21,17:51,0,0,0,0,
144,2009-03-11,63,20-112,CHI,,CAR,W,0,1,1,0,0,0,0,0,0,,,,6,0.0,28,20:31,0,0,0,0,
145,2009-03-13,64,20-114,CHI,,CBJ,L,1,0,1,-2,0,0,1,0,0,,,,4,25.0,26,17:46,0,0,0,0,
146,2009-03-15,65,20-116,CHI,,NYI,L,1,0,1,-1,2,0,1,0,0,,,,7,14.3,21,22:29,0,0,0,0,
147,2009-03-17,66,20-118,CHI,@,NJD,L,0,1,1,-2,0,0,0,0,0,,,,2,0.0,23,18:12,0,0,1,2,33.3
148,2009-03-18,67,20-119,CHI,@,CBJ,L-OT,1,1,2,-1,0,1,0,0,0,,,,5,20.0,25,20:28,0,1,0,0,
149,2009-03-20,68,20-121,CHI,,EDM,L-SO,0,0,0,0,0,0,0,0,0,,,,5,0.0,24,18:47,0,0,0,0,
150,2009-03-22,69,20-123,CHI,,LAK,W,0,0,0,0,0,0,0,0,0,,,,2,0.0,17,17:15,1,0,0,0,
151,2009-03-25,70,20-126,CHI,,SJS,W,0,0,0,-1,0,0,0,0,0,,,,4,0.0,22,17:46,0,1,0,1,0.0
152,2009-03-27,71,20-128,CHI,,NJD,W,0,0,0,-1,0,0,0,0,0,,,,2,0.0,23,19:48,0,0,0,0,
153,2009-03-29,72,20-130,CHI,,VAN,L,0,0,0,-1,0,0,0,0,0,,,,3,0.0,22,17:28,0,0,0,0,
154,2009-03-31,73,20-132,CHI,@,MTL,L,0,0,0,0,0,0,0,0,0,,,,5,0.0,26,18:23,1,0,0,1,0.0
155,2009-04-01,74,20-133,CHI,,STL,W,0,1,1,1,2,0,0,0,0,,,,2,0.0,23,19:52,0,0,0,0,
156,2009-04-03,75,20-135,CHI,,NSH,W,0,1,1,2,0,0,0,0,0,,,,2,0.0,26,17:13,0,0,0,0,
157,2009-04-05,76,20-137,CHI,@,CBJ,W,0,0,0,0,0,0,0,0,0,,,,3,0.0,30,20:29,3,0,0,0,
158,2009-04-07,77,20-139,CHI,@,NSH,W,1,1,2,3,0,1,0,0,1,,,,3,33.3,29,19:41,0,0,0,0,
159,2009-04-08,78,20-140,CHI,,CBJ,L-SO,0,1,1,-2,0,0,0,0,0,,,,2,0.0,24,17:56,0,0,0,0,
160,2009-04-11,79,20-143,CHI,@,DET,W,0,0,0,1,0,0,0,0,0,,,,0,,21,16:38,1,0,0,0,
161,2009-04-12,80,20-144,CHI,,DET,W,0,1,1,1,0,0,0,0,0,,,,1,0.0,18,16:09,0,1,0,0,
162,2009-10-02,1,20-317,CHI,,FLA,L-SO,1,1,2,2,2,1,0,0,0,,,,8,12.5,29,20:14,0,0,0,0,
163,2009-10-03,2,20-318,CHI,@,FLA,W,1,1,2,1,0,1,0,0,0,,,,4,25.0,20,18:35,0,1,0,0,
164,2009-10-08,3,20-323,CHI,@,DET,L,0,0,0,0,0,0,0,0,0,,,,2,0.0,26,21:15,1,2,0,0,
165,2009-10-10,4,20-325,CHI,,COL,W,0,0,0,-1,4,0,0,0,0,,,,4,0.0,24,19:46,0,0,0,0,
166,2009-10-12,5,20-327,CHI,,CGY,W,1,2,3,2,0,1,0,0,0,,,,4,25.0,24,18:46,1,0,0,0,
167,2009-10-14,6,20-329,CHI,,EDM,W,0,0,0,0,0,0,0,0,0,,,,4,0.0,20,15:58,0,0,0,0,
168,2009-10-15,7,20-330,CHI,@,NSH,W,0,0,0,0,2,0,0,0,0,,,,3,0.0,23,16:41,0,0,0,0,
169,2009-10-17,8,20-332,CHI,,DAL,L,0,0,0,-1,2,0,0,0,0,,,,2,0.0,22,19:25,0,0,0,0,
170,2009-10-21,9,20-336,CHI,,VAN,L,0,1,1,0,0,0,0,0,0,,,,1,0.0,24,17:08,0,0,0,0,
171,2009-10-24,10,20-339,CHI,,NSH,W,0,1,1,1,0,0,0,0,0,,,,4,0.0,22,18:46,0,0,0,1,0.0
172,2009-10-26,11,20-341,CHI,,MIN,W,1,0,1,1,0,1,0,0,0,,,,4,25.0,22,19:43,0,0,0,1,0.0
173,2009-10-29,12,20-344,CHI,@,NSH,L,0,0,0,-1,0,0,0,0,0,,,,2,0.0,23,21:11,1,0,0,0,
174,2009-10-30,13,20-345,CHI,,MTL,W,0,2,2,0,0,0,0,0,0,,,,2,0.0,28,23:47,0,2,0,0,
175,2009-11-05,14,20-351,CHI,@,PHX,L,0,1,1,-1,0,0,0,0,0,,,,1,0.0,24,21:26,0,1,0,0,
176,2009-11-06,15,20-352,CHI,@,COL,L-SO,0,2,2,0,0,0,0,0,0,,,,1,0.0,28,20:37,0,0,0,0,
177,2009-11-09,16,20-355,CHI,,LAK,W,0,1,1,1,0,0,0,0,0,,,,1,0.0,21,17:07,0,0,0,0,
178,2009-11-11,17,20-357,CHI,,COL,W,1,0,1,0,0,1,0,0,0,,,,3,33.3,26,21:05,0,0,0,0,
179,2009-11-13,18,20-359,CHI,,TOR,W,1,0,1,1,0,1,0,0,0,,,,2,50.0,24,20:21,0,1,0,0,
180,2009-11-15,19,20-361,CHI,,SJS,W,1,0,1,0,0,1,0,0,0,,,,1,100.0,26,20:36,0,0,0,0,
181,2009-11-19,20,21-000,CHI,@,CGY,W,1,1,2,1,0,0,1,0,0,,,,3,33.3,19,15:08,0,0,0,0,
182,2009-11-21,21,21-002,CHI,@,EDM,W,1,1,2,1,0,1,0,0,1,,,,3,33.3,27,16:00,0,0,0,0,
183,2009-11-22,22,21-003,CHI,@,VAN,W,0,0,0,1,0,0,0,0,0,,,,1,0.0,25,19:29,0,1,0,0,
184,2009-11-25,23,21-006,CHI,@,SJS,W,0,1,1,0,0,0,0,0,0,,,,5,0.0,19,15:44,0,0,0,0,
185,2009-11-27,24,21-008,CHI,@,ANA,L,0,0,0,0,0,0,0,0,0,,,,2,0.0,20,17:34,0,0,1,0,100.0
186,2009-11-28,25,21-009,CHI,@,LAK,L-SO,0,1,1,0,0,0,0,0,0,,,,3,0.0,28,21:38,0,0,0,1,0.0
187,2009-12-01,26,21-012,CHI,,CBJ,W,0,1,1,-1,0,0,0,0,0,,,,2,0.0,27,20:32,0,0,0,1,0.0
188,2009-12-04,27,21-015,CHI,,NSH,L,0,0,0,-1,0,0,0,0,0,,,,5,0.0,25,18:32,0,0,0,0,
189,2009-12-05,28,21-016,CHI,@,PIT,W,0,1,1,1,0,0,0,0,0,,,,2,0.0,27,18:54,0,0,1,0,100.0
190,2009-12-09,29,21-020,CHI,,NYR,W,0,1,1,0,0,0,0,0,0,,,,4,0.0,23,22:43,0,0,0,0,
191,2009-12-11,30,21-022,CHI,@,BUF,L,0,1,1,1,0,0,0,0,0,,,,7,0.0,25,23:04,1,0,0,0,
192,2009-12-13,31,21-024,CHI,,TBL,W,1,0,1,1,0,1,0,0,1,,,,1,100.0,6,4:43,0,0,0,0,
193,2009-12-16,32,21-027,CHI,,STL,W,0,3,3,2,2,0,0,0,0,,,,2,0.0,24,18:46,0,1,0,0,
194,2009-12-18,33,21-029,CHI,,BOS,W,0,1,1,1,0,0,0,0,0,,,,4,0.0,27,21:09,0,0,0,1,0.0
195,2009-12-20,34,21-031,CHI,,DET,W,0,0,0,0,2,0,0,0,0,,,,2,0.0,20,17:20,0,0,0,0,
196,2009-12-22,35,21-033,CHI,,SJS,L,1,1,2,-1,0,1,0,0,0,,,,8,12.5,26,23:09,0,1,2,0,100.0
197,2009-12-23,36,21-034,CHI,@,DET,W,1,1,2,1,0,0,1,0,1,,,,3,33.3,23,17:33,0,0,0,0,
198,2009-12-26,37,21-037,CHI,@,NSH,W,1,0,1,2,0,1,0,0,1,,,,5,20.0,22,18:17,1,0,0,0,
199,2009-12-27,38,21-038,CHI,,NSH,W,2,1,3,0,0,2,0,0,1,,,,6,33.3,23,20:15,0,0,0,0,
200,2009-12-29,39,21-040,CHI,@,DAL,L,2,0,2,-1,0,1,1,0,0,,,,7,28.6,22,19:00,1,0,0,0,
201,2009-12-31,40,21-042,CHI,,NJD,W,0,1,1,1,0,0,0,0,0,,,,1,0.0,22,16:57,0,1,1,0,100.0
202,2010-01-02,41,21-044,CHI,@,STL,W,0,1,1,1,0,0,0,0,0,,,,3,0.0,19,17:47,0,0,0,0,
203,2010-01-03,42,21-045,CHI,,ANA,W,0,2,2,2,0,0,0,0,0,,,,3,0.0,21,16:38,0,0,1,0,100.0
204,2010-01-05,43,21-047,CHI,,MIN,W,1,0,1,0,0,0,1,0,0,,,,4,25.0,22,19:01,0,0,0,0,
205,2010-01-07,44,21-049,CHI,@,BOS,W,1,0,1,0,2,1,0,0,0,,,,6,16.7,26,17:25,1,0,1,1,50.0
206,2010-01-09,45,21-051,CHI,@,MIN,L-SO,0,2,2,-1,0,0,0,0,0,,,,2,0.0,24,19:02,0,0,0,0,
207,2010-01-10,46,21-052,CHI,,ANA,L,0,0,0,-1,0,0,0,0,0,,,,4,0.0,22,23:02,0,1,1,0,100.0
208,2010-01-14,47,21-056,CHI,,CBJ,W,0,0,0,0,0,0,0,0,0,,,,3,0.0,21,16:38,1,0,0,1,0.0
209,2010-01-16,48,21-058,CHI,@,CBJ,W,0,3,3,-1,0,0,0,0,0,,,,0,,24,17:47,1,0,0,0,
210,2010-01-17,49,21-059,CHI,@,DET,W,1,0,1,1,0,0,1,0,0,,,,4,25.0,25,19:11,0,0,0,1,0.0
211,2010-01-19,50,21-061,CHI,@,OTT,L,0,0,0,0,2,0,0,0,0,,,,5,0.0,21,19:36,0,1,0,0,
212,2010-01-21,51,21-063,CHI,@,CGY,W,1,0,1,0,0,0,1,0,0,,,,3,33.3,24,18:36,0,1,0,0,
213,2010-01-23,52,21-065,CHI,@,VAN,L,0,0,0,-2,0,0,0,0,0,,,,1,0.0,24,20:57,0,0,0,0,
214,2010-01-26,53,21-068,CHI,@,EDM,W,0,2,2,1,0,0,0,0,0,,,,2,0.0,24,17:46,0,0,0,0,
215,2010-01-28,54,21-070,CHI,@,SJS,W,0,1,1,1,0,0,0,0,0,,,,4,0.0,25,21:37,0,0,0,0,
216,2010-01-30,55,21-072,CHI,@,CAR,L,0,0,0,-2,0,0,0,0,0,,,,7,0.0,25,20:19,0,0,0,0,
217,2010-02-03,56,21-076,CHI,,STL,L,1,0,1,1,0,1,0,0,0,,,,2,50.0,26,21:56,0,0,0,0,
218,2010-02-05,57,21-078,CHI,,PHX,L-SO,0,0,0,0,0,0,0,0,0,,,,2,0.0,24,19:28,1,1,0,0,
219,2010-02-06,58,21-079,CHI,@,STL,W,0,1,1,1,0,0,0,0,0,,,,2,0.0,23,18:53,0,0,0,1,0.0
220,2010-02-09,59,21-082,CHI,,DAL,W,2,0,2,2,0,2,0,0,0,,,,4,50.0,24,22:18,0,0,0,0,
221,2010-02-13,60,21-086,CHI,,ATL,W,0,2,2,1,0,0,0,0,0,,,,5,0.0,27,23:34,1,0,0,0,
222,2010-02-14,61,21-087,CHI,@,CBJ,W,1,0,1,1,0,0,1,0,0,,,,3,33.3,27,23:55,0,0,0,0,
223,2010-03-02,62,21-103,CHI,@,NYI,L,1,2,3,-1,0,0,1,0,0,,,,3,33.3,22,20:35,0,0,0,0,
224,2010-03-03,63,21-104,CHI,,EDM,W,0,2,2,2,0,0,0,0,0,,,,3,0.0,20,18:09,0,0,0,1,0.0
225,2010-03-05,64,21-106,CHI,,VAN,W,0,1,1,1,0,0,0,0,0,,,,2,0.0,21,19:09,0,0,0,0,
226,2010-03-07,65,21-108,CHI,,DET,L,0,1,1,-3,0,0,0,0,0,,,,2,0.0,24,18:33,1,0,0,0,
227,2010-03-10,66,21-111,CHI,,LAK,W,0,1,1,1,0,0,0,0,0,,,,2,0.0,26,20:15,0,0,0,1,0.0
228,2010-03-13,67,21-114,CHI,@,PHI,L,0,0,0,-1,0,0,0,0,0,,,,2,0.0,20,20:23,1,0,0,0,
229,2010-03-14,68,21-115,CHI,,WSH,L-OT,0,2,2,0,0,0,0,0,0,,,,4,0.0,25,17:14,0,0,0,1,0.0
230,2010-03-17,69,21-118,CHI,@,ANA,L,0,0,0,0,0,0,0,0,0,,,,5,0.0,26,21:02,0,0,0,0,
231,2010-03-18,70,21-119,CHI,@,LAK,W,0,1,1,1,0,0,0,0,0,,,,2,0.0,23,18:12,0,0,0,0,
232,2010-03-20,71,21-121,CHI,@,PHX,L-SO,1,1,2,-1,0,0,1,0,0,,,,8,12.5,27,20:17,0,0,0,0,
233,2010-03-23,72,21-124,CHI,,PHX,W,1,0,1,1,0,1,0,0,1,,,,2,50.0,21,19:34,0,0,0,0,
234,2010-03-25,73,21-126,CHI,@,CBJ,L,0,1,1,-1,0,0,0,0,0,,,,0,,21,16:24,0,0,0,0,
235,2010-03-28,74,21-129,CHI,,CBJ,L,0,0,0,-3,2,0,0,0,0,,,,3,0.0,24,20:42,0,0,1,0,100.0
236,2010-03-30,75,21-131,CHI,@,STL,L,0,0,0,-1,0,0,0,0,0,,,,2,0.0,21,18:51,2,0,0,1,0.0
237,2010-03-31,76,21-132,CHI,@,MIN,W,0,0,0,0,0,0,0,0,0,,,,2,0.0,21,18:26,0,0,0,0,
238,2010-04-02,77,21-134,CHI,@,NJD,W,0,0,0,-1,0,0,0,0,0,,,,1,0.0,22,20:08,1,1,0,0,
239,2010-04-04,78,21-136,CHI,,CGY,W,1,1,2,2,0,1,0,0,0,,,,3,33.3,20,18:01,0,0,0,0,
240,2010-04-06,79,21-138,CHI,@,DAL,W,1,0,1,2,0,1,0,0,0,,,,6,16.7,20,16:09,0,0,0,0,
241,2010-04-07,80,21-139,CHI,,STL,W,0,1,1,0,0,0,0,0,0,,,,3,0.0,28,20:09,0,0,0,0,
242,2010-04-09,81,21-141,CHI,@,COL,W,0,1,1,0,0,0,0,0,0,,,,4,0.0,19,18:05,0,0,0,0,
243,2010-04-11,82,21-143,CHI,,DET,L-OT,0,1,1,-1,0,0,0,0,0,,,,4,0.0,23,19:28,1,1,0,0,
244,2010-10-07,1,21-322,CHI,@,COL,L-OT,0,0,0,-1,0,0,0,0,0,,,,2,0.0,28,20:47,0,0,0,1,0.0
245,2010-10-09,2,21-324,CHI,,DET,L,0,1,1,-1,0,0,0,0,0,,,,1,0.0,23,18:47,1,0,0,0,
246,2010-10-11,3,21-326,CHI,@,BUF,W,1,0,1,-2,0,0,1,0,0,,,,5,20.0,20,15:59,0,0,0,0,
247,2010-10-13,4,21-328,CHI,,NSH,L,1,0,1,-1,0,0,1,0,0,,,,2,50.0,23,16:59,0,1,0,0,
248,2010-10-16,5,21-331,CHI,,BUF,W,0,2,2,0,0,0,0,0,0,,,,2,0.0,20,17:41,0,0,0,0,
249,2010-10-18,6,21-333,CHI,,STL,W,0,1,1,0,0,0,0,0,0,,,,2,0.0,25,22:13,0,1,0,0,
250,2010-10-20,7,21-335,CHI,,VAN,W,0,0,0,0,0,0,0,0,0,,,,3,0.0,21,19:27,0,0,0,0,
251,2010-10-22,8,21-337,CHI,@,STL,L,0,0,0,-1,0,0,0,0,0,,,,3,0.0,21,18:03,0,0,0,0,
252,2010-10-23,9,21-338,CHI,,CBJ,L,0,1,1,-1,0,0,0,0,0,,,,2,0.0,20,18:55,0,0,0,0,
253,2010-10-27,10,21-342,CHI,,LAK,W,0,1,1,1,0,0,0,0,0,,,,1,0.0,24,19:15,0,0,0,0,
254,2010-10-29,11,21-344,CHI,,EDM,L,1,0,1,-2,0,1,0,0,0,,,,3,33.3,20,19:51,0,0,0,1,0.0
255,2010-10-30,12,21-345,CHI,@,MIN,W,0,2,2,1,0,0,0,0,0,,,,1,0.0,22,20:28,0,1,0,0,
256,2010-11-01,13,21-347,CHI,@,NYR,L,1,0,1,1,0,1,0,0,0,,,,6,16.7,20,22:05,0,0,0,0,
257,2010-11-03,14,21-349,CHI,,NJD,L,0,0,0,-1,0,0,0,0,0,,,,1,0.0,24,21:14,0,3,0,0,
258,2010-11-06,15,21-352,CHI,@,ATL,W,2,1,3,2,2,1,1,0,0,,,,8,25.0,33,21:08,1,0,1,0,100.0
259,2010-11-07,16,21-353,CHI,,EDM,L,0,0,0,0,2,0,0,0,0,,,,4,0.0,23,21:30,0,2,0,0,
260,2010-11-10,17,21-356,CHI,,PHX,L,0,0,0,-1,0,0,0,0,0,,,,1,0.0,23,21:15,0,0,0,1,0.0
261,2010-11-13,18,21-359,CHI,@,NSH,L-SO,0,0,0,-1,2,0,0,0,0,,,,6,0.0,30,22:50,0,2,0,0,
262,2010-11-14,19,21-360,CHI,,ANA,W,1,1,2,0,0,0,1,0,0,,,,6,16.7,25,20:10,0,0,0,0,
263,2010-11-17,20,21-363,CHI,@,EDM,W,0,2,2,2,0,0,0,0,0,,,,4,0.0,19,16:05,0,0,0,0,
264,2010-11-19,21,22-000,CHI,@,CGY,L,0,0,0,-2,2,0,0,0,0,,,,4,0.0,26,19:41,0,0,0,0,
265,2010-11-20,22,22-001,CHI,@,VAN,W,1,2,3,2,0,1,0,0,0,,,,4,25.0,23,18:14,1,0,0,0,
266,2010-11-24,23,22-005,CHI,@,SJS,L,0,0,0,-1,0,0,0,0,0,,,,4,0.0,25,21:45,0,0,0,0,
267,2010-11-26,24,22-007,CHI,@,ANA,W,0,0,0,0,0,0,0,0,0,,,,3,0.0,25,16:30,0,0,0,0,
268,2010-11-27,25,22-008,CHI,@,LAK,W,1,1,2,2,0,1,0,0,1,,,,3,33.3,23,16:48,0,1,0,0,
269,2010-11-30,26,22-011,CHI,,STL,W,2,1,3,1,4,2,0,0,1,,,,3,66.7,28,18:14,0,0,0,0,
270,2010-12-03,27,22-014,CHI,,VAN,L,0,0,0,-1,0,0,0,0,0,,,,4,0.0,24,20:12,1,0,0,0,
271,2010-12-05,28,22-016,CHI,,CGY,W,0,0,0,0,0,0,0,0,0,,,,0,,1,0:23,0,0,0,0,
272,2010-12-28,29,22-039,CHI,@,STL,L,0,0,0,-2,0,0,0,0,0,,,,0,,27,19:45,0,0,0,0,
273,2010-12-30,30,22-041,CHI,,SJS,L,0,1,1,-2,0,0,0,0,0,,,,4,0.0,25,19:46,0,0,0,0,
274,2011-01-02,31,22-044,CHI,@,ANA,L,0,0,0,-1,0,0,0,0,0,,,,2,0.0,25,19:24,0,0,0,0,
275,2011-01-03,32,22-045,CHI,@,LAK,W,0,1,1,0,0,0,0,0,0,,,,2,0.0,21,16:23,0,0,0,0,
276,2011-01-05,33,22-047,CHI,,DAL,L,0,1,1,0,0,0,0,0,0,,,,5,0.0,24,20:47,1,0,0,0,
277,2011-01-07,34,22-049,CHI,,OTT,W,1,0,1,1,0,1,0,0,0,,,,3,33.3,26,18:42,0,0,0,1,0.0
278,2011-01-09,35,22-051,CHI,,NYI,W,1,1,2,1,0,1,0,0,0,,,,5,20.0,19,15:38,0,0,0,0,
279,2011-01-12,36,22-054,CHI,,COL,W,0,1,1,1,0,0,0,0,0,,,,5,0.0,21,16:21,0,0,0,0,
280,2011-01-15,37,22-057,CHI,@,NSH,L-SO,0,0,0,-1,0,0,0,0,0,,,,2,0.0,25,17:50,0,0,0,0,
281,2011-01-16,38,22-058,CHI,,NSH,W,0,1,1,2,0,0,0,0,0,,,,3,0.0,24,19:30,0,0,0,0,
282,2011-01-22,39,22-064,CHI,@,DET,W,0,1,1,1,0,0,0,0,0,,,,2,0.0,21,17:53,0,0,0,0,
283,2011-01-23,40,22-065,CHI,,PHI,L,0,0,0,-3,0,0,0,0,0,,,,3,0.0,25,18:57,0,0,0,0,
284,2011-01-25,41,22-067,CHI,,MIN,L,0,1,1,-1,0,0,0,0,0,,,,2,0.0,22,20:20,2,0,0,0,
285,2011-02-01,42,22-074,CHI,@,CBJ,W,1,1,2,0,0,1,0,0,0,,,,1,100.0,22,16:21,0,0,0,0,
286,2011-02-04,43,22-077,CHI,@,VAN,L,0,0,0,1,0,0,0,0,0,,,,7,0.0,24,21:23,0,0,0,1,0.0
287,2011-02-07,44,22-080,CHI,@,CGY,L,1,0,1,0,2,1,0,0,0,,,,1,100.0,24,20:23,2,0,0,0,
288,2011-02-09,45,22-082,CHI,@,EDM,W,2,1,3,2,0,1,1,0,0,,,,2,100.0,26,22:05,0,1,0,0,
289,2011-02-11,46,22-084,CHI,@,DAL,L-SO,1,2,3,0,0,1,0,0,0,,,,1,100.0,30,21:49,0,0,0,0,
290,2011-02-12,47,22-085,CHI,@,PHX,L-SO,0,0,0,-1,0,0,0,0,0,,,,4,0.0,27,24:13,1,0,0,0,
291,2011-02-16,48,22-089,CHI,,MIN,W,0,0,0,0,0,0,0,0,0,,,,3,0.0,26,19:02,0,0,0,0,
292,2011-02-18,49,22-091,CHI,,CBJ,L,1,2,3,2,0,1,0,0,0,,,,5,20.0,31,21:36,0,0,0,0,
293,2011-02-20,50,22-093,CHI,,PIT,W,0,0,0,0,2,0,0,0,0,,,,2,0.0,28,19:08,0,1,0,0,
294,2011-02-21,51,22-094,CHI,@,STL,W,1,1,2,1,2,1,0,0,0,,,,4,25.0,27,18:34,0,0,0,0,
295,2011-02-24,52,22-097,CHI,@,NSH,W,0,0,0,2,0,0,0,0,0,,,,2,0.0,23,16:42,0,1,0,0,
296,2011-02-27,53,22-100,CHI,,PHX,W,0,2,2,0,0,0,0,0,0,,,,3,0.0,25,19:00,0,0,0,0,
297,2011-02-28,54,22-101,CHI,@,MIN,W,0,1,1,0,0,0,0,0,0,,,,2,0.0,23,17:55,0,0,0,0,
298,2011-03-02,55,22-103,CHI,,CGY,W,0,1,1,1,2,0,0,0,0,,,,3,0.0,25,19:42,0,0,0,0,
299,2011-03-04,56,22-105,CHI,,CAR,W,1,0,1,2,2,1,0,0,0,,,,1,100.0,25,17:39,1,0,0,0,
300,2011-03-05,57,22-106,CHI,@,TOR,W,0,1,1,0,0,0,0,0,0,,,,2,0.0,20,17:06,1,0,0,0,
301,2011-03-08,58,22-109,CHI,@,FLA,L,1,0,1,1,0,1,0,0,0,,,,6,16.7,21,21:21,0,0,0,0,
302,2011-03-09,59,22-110,CHI,@,TBL,L-SO,1,1,2,2,0,1,0,0,0,,,,2,50.0,28,22:20,0,1,0,0,
303,2011-03-13,60,22-114,CHI,@,WSH,L-OT,0,0,0,-2,0,0,0,0,0,,,,3,0.0,25,21:28,0,0,0,0,
304,2011-03-14,61,22-115,CHI,,SJS,W,1,1,2,2,0,1,0,0,0,,,,2,50.0,23,20:18,1,0,0,0,
305,2011-03-17,62,22-118,CHI,@,DAL,L,0,0,0,-1,0,0,0,0,0,,,,1,0.0,24,17:19,0,0,0,0,
306,2011-03-20,63,22-121,CHI,@,PHX,W,0,1,1,-1,0,0,0,0,0,,,,2,0.0,25,20:56,1,0,0,1,0.0
307,2011-03-23,64,22-124,CHI,,FLA,W,1,1,2,2,0,1,0,0,0,,,,5,20.0,24,20:16,1,0,0,1,0.0
308,2011-03-26,65,22-127,CHI,,ANA,L,0,0,0,-2,2,0,0,0,0,,,,2,0.0,23,19:13,0,0,0,0,
309,2011-03-28,66,22-129,CHI,@,DET,W,0,2,2,1,0,0,0,0,0,,,,7,0.0,26,22:25,0,0,0,0,
310,2011-03-29,67,22-130,CHI,@,BOS,L,0,0,0,-2,0,0,0,0,0,,,,3,0.0,25,20:31,1,0,0,0,
311,2011-04-01,68,22-133,CHI,@,CBJ,W,1,1,2,2,4,1,0,0,0,,,,1,100.0,27,22:24,0,1,1,0,100.0
312,2011-04-03,69,22-135,CHI,,TBL,L,0,0,0,-1,0,0,0,0,0,,,,3,0.0,25,20:45,1,0,0,3,0.0
313,2011-04-05,70,22-137,CHI,@,MTL,L-OT,1,0,1,1,0,1,0,0,0,,,,5,20.0,29,21:04,0,0,0,1,0.0
314,2011-04-06,71,22-138,CHI,,STL,W,0,0,0,0,0,0,0,0,0,,,,4,0.0,27,19:48,0,0,0,1,0.0
315,2011-04-08,72,22-140,CHI,@,DET,W,0,2,2,2,0,0,0,0,0,,,,0,,22,15:51,0,0,0,0,
316,2011-04-10,73,22-142,CHI,,DET,L,0,1,1,1,0,0,0,0,0,,,,1,0.0,25,21:25,0,1,0,0,
317,2011-10-07,1,22-322,CHI,@,DAL,L,0,1,1,0,0,0,0,0,0,,,,5,0.0,23,21:52,0,0,6,3,66.7
318,2011-10-08,2,22-323,CHI,,DAL,W,0,1,1,0,0,0,0,0,0,,,,3,0.0,23,20:13,0,0,2,4,33.3
319,2011-10-13,3,22-328,CHI,,WPG,W,1,2,3,2,0,1,0,0,0,,,,4,25.0,20,19:28,1,0,10,4,71.4
320,2011-10-15,4,22-330,CHI,,BOS,L-SO,1,0,1,1,0,1,0,0,0,,,,5,20.0,27,21:18,0,1,8,9,47.1
321,2011-10-18,5,22-333,CHI,@,PHX,W,0,0,0,-1,0,0,0,0,0,,,,1,0.0,20,18:22,0,0,5,4,55.6
322,2011-10-20,6,22-335,CHI,@,COL,W,0,0,0,0,0,0,0,0,0,,,,4,0.0,24,18:15,0,0,3,5,37.5
323,2011-10-22,7,22-337,CHI,,COL,L-SO,0,0,0,1,0,0,0,0,0,,,,4,0.0,27,21:01,0,1,10,6,62.5
324,2011-10-25,8,22-340,CHI,,ANA,W,0,2,2,1,2,0,0,0,0,,,,3,0.0,28,17:40,0,0,7,5,58.3
325,2011-10-28,9,22-343,CHI,@,CAR,L,0,0,0,-1,4,0,0,0,0,,,,4,0.0,20,18:07,0,1,1,7,12.5
326,2011-10-29,10,22-344,CHI,,CBJ,W,0,0,0,0,2,0,0,0,0,,,,4,0.0,24,19:24,0,1,7,7,50.0
327,2011-10-31,11,22-346,CHI,,NSH,W,2,1,3,3,0,2,0,0,0,,,,3,66.7,23,21:44,1,0,1,6,14.3
328,2011-11-03,12,22-349,CHI,@,FLA,W,0,1,1,0,0,0,0,0,0,,,,1,0.0,25,19:49,0,0,7,4,63.6
329,2011-11-04,13,22-350,CHI,@,TBL,L-OT,0,3,3,2,0,0,0,0,0,,,,4,0.0,26,23:13,0,0,2,9,18.2
330,2011-11-06,14,22-352,CHI,,VAN,L,0,0,0,0,2,0,0,0,0,,,,4,0.0,21,19:50,0,0,2,7,22.2
331,2011-11-08,15,22-354,CHI,@,STL,L,0,0,0,0,0,0,0,0,0,,,,3,0.0,22,18:11,0,0,3,3,50.0
332,2011-11-10,16,22-356,CHI,@,CBJ,W,1,0,1,0,0,1,0,0,0,,,,4,25.0,23,17:34,0,0,5,7,41.7
333,2011-11-11,17,22-357,CHI,,CGY,W,1,0,1,1,0,1,0,0,0,,,,3,33.3,20,18:03,1,0,5,7,41.7
334,2011-11-13,18,22-359,CHI,,EDM,W,0,2,2,2,2,0,0,0,0,,,,2,0.0,20,17:09,0,0,3,4,42.9
335,2011-11-16,19,22-362,CHI,@,VAN,W,1,1,2,1,0,0,1,0,1,,,,4,25.0,25,17:54,0,1,6,4,60.0
336,2011-11-18,20,22-364,CHI,@,CGY,L,0,0,0,-1,0,0,0,0,0,,,,1,0.0,26,20:00,0,0,5,5,50.0
337,2011-11-19,21,23-000,CHI,@,EDM,L,0,1,1,-1,6,0,0,0,0,,,,2,0.0,18,16:04,0,0,6,3,66.7
338,2011-11-23,22,23-004,CHI,@,SJS,L,0,0,0,0,2,0,0,0,0,,,,7,0.0,24,18:58,0,1,3,5,37.5
339,2011-11-25,23,23-006,CHI,@,ANA,W,0,1,1,-1,0,0,0,0,0,,,,3,0.0,26,23:41,0,1,3,10,23.1
340,2011-11-26,24,23-007,CHI,@,LAK,W,0,0,0,0,0,0,0,0,0,,,,0,,22,18:35,0,0,6,8,42.9
341,2011-11-29,25,23-010,CHI,,PHX,L,0,1,1,0,0,0,0,0,0,,,,3,0.0,24,19:04,0,0,3,7,30.0
342,2011-12-02,26,23-013,CHI,,NYI,W,0,2,2,-1,0,0,0,0,0,,,,2,0.0,29,22:19,1,0,0,0,
343,2011-12-03,27,23-014,CHI,@,STL,W,0,2,2,1,0,0,0,0,0,,,,6,0.0,23,19:18,0,0,0,1,0.0
344,2011-12-05,28,23-016,CHI,,PHX,L-SO,1,1,2,2,0,1,0,0,0,,,,5,20.0,25,21:28,0,0,2,0,100.0
345,2011-12-08,29,23-019,CHI,@,NYI,W,0,1,1,-1,2,0,0,0,0,,,,2,0.0,23,20:32,1,1,0,3,0.0
346,2011-12-11,30,23-022,CHI,,SJS,W,0,0,0,0,0,0,0,0,0,,,,3,0.0,28,25:21,0,0,1,1,50.0
347,2011-12-14,31,23-025,CHI,@,MIN,W,0,0,0,0,0,0,0,0,0,,,,4,0.0,24,22:52,0,0,0,0,
348,2011-12-16,32,23-027,CHI,,ANA,W,0,0,0,0,0,0,0,0,0,,,,1,0.0,19,18:05,0,0,0,0,
349,2011-12-18,33,23-029,CHI,,CGY,W,1,0,1,0,0,0,1,0,1,,,,3,33.3,23,22:02,0,0,0,0,
350,2011-12-20,34,23-031,CHI,@,PIT,L,0,1,1,-1,4,0,0,0,0,,,,4,0.0,24,17:09,0,0,2,4,33.3
351,2011-12-21,35,23-032,CHI,,MTL,W,0,1,1,2,2,0,0,0,0,,,,2,0.0,23,18:53,0,0,0,0,
352,2011-12-26,36,23-037,CHI,,CBJ,W,0,0,0,-1,0,0,0,0,0,,,,2,0.0,21,17:40,0,0,0,0,
353,2011-12-28,37,23-039,CHI,,LAK,L,0,0,0,-1,0,0,0,0,0,,,,3,0.0,28,22:32,2,0,2,3,40.0
354,2011-12-30,38,23-041,CHI,,DET,W,0,1,1,0,0,0,0,0,0,,,,4,0.0,26,21:42,0,0,5,4,55.6
355,2012-01-02,39,23-044,CHI,,EDM,L,0,1,1,0,0,0,0,0,0,,,,2,0.0,21,19:42,0,0,3,6,33.3
356,2012-01-05,40,23-047,CHI,@,PHI,L,1,0,1,0,2,1,0,0,0,,,,5,20.0,21,18:48,0,1,2,8,20.0
357,2012-01-06,41,23-048,CHI,,COL,L,0,0,0,-1,0,0,0,0,0,,,,2,0.0,23,19:06,0,0,0,0,
358,2012-01-08,42,23-050,CHI,,DET,L-OT,0,0,0,-2,0,0,0,0,0,,,,5,0.0,27,23:24,0,1,0,0,
359,2012-01-10,43,23-052,CHI,,CBJ,W,0,1,1,-1,0,0,0,0,0,,,,2,0.0,25,18:50,0,0,1,0,100.0
360,2012-01-12,44,23-054,CHI,,MIN,W,0,0,0,1,0,0,0,0,0,,,,1,0.0,24,20:39,0,0,0,0,
361,2012-01-14,45,23-056,CHI,@,DET,L-OT,0,0,0,0,0,0,0,0,0,,,,2,0.0,29,21:49,0,0,0,0,
362,2012-01-15,46,23-057,CHI,,SJS,W,0,1,1,2,0,0,0,0,0,,,,5,0.0,22,21:24,0,0,0,2,0.0
363,2012-01-18,47,23-060,CHI,,BUF,W,0,0,0,1,0,0,0,0,0,,,,3,0.0,21,18:57,0,0,2,0,100.0
364,2012-01-20,48,23-062,CHI,,FLA,W,1,1,2,2,0,1,0,0,0,,,,5,20.0,25,18:03,2,0,0,1,0.0
365,2012-01-21,49,23-063,CHI,@,NSH,L,0,0,0,-2,0,0,0,0,0,,,,1,0.0,24,18:38,0,1,0,3,0.0
366,2012-01-24,50,23-066,CHI,,NSH,L,0,0,0,0,0,0,0,0,0,,,,3,0.0,27,20:53,0,0,1,2,33.3
367,2012-01-31,51,23-073,CHI,@,VAN,L-OT,0,1,1,-1,0,0,0,0,0,,,,2,0.0,26,19:02,0,0,0,0,
368,2012-02-02,52,23-075,CHI,@,EDM,L,0,1,1,0,0,0,0,0,0,,,,3,0.0,27,18:35,0,0,2,0,100.0
369,2012-02-03,53,23-076,CHI,@,CGY,L,0,1,1,1,0,0,0,0,0,,,,0,,24,20:50,0,0,1,0,100.0
370,2012-02-07,54,23-080,CHI,@,COL,L,1,0,1,0,0,1,0,0,0,,,,4,25.0,25,19:11,0,0,2,0,100.0
371,2012-02-10,55,23-083,CHI,@,SJS,L,0,0,0,1,0,0,0,0,0,,,,4,0.0,27,19:02,1,1,0,1,0.0
372,2012-02-11,56,23-084,CHI,@,PHX,L,0,0,0,-1,0,0,0,0,0,,,,1,0.0,25,23:06,2,0,0,0,
373,2012-02-14,57,23-087,CHI,@,NSH,L,0,0,0,-1,0,0,0,0,0,,,,5,0.0,26,20:36,0,0,0,1,0.0
374,2012-02-16,58,23-089,CHI,@,NYR,W,0,1,1,2,0,0,0,0,0,,,,1,0.0,23,19:03,0,1,0,0,
375,2012-02-18,59,23-091,CHI,@,CBJ,W,1,1,2,2,0,1,0,0,0,,,,4,25.0,23,20:19,0,0,0,0,
376,2012-02-19,60,23-092,CHI,,STL,W,0,1,1,1,0,0,0,0,0,,,,1,0.0,28,22:21,1,0,0,0,
377,2012-02-21,61,23-094,CHI,,DET,W,0,0,0,0,0,0,0,0,0,,,,5,0.0,24,21:20,0,0,0,4,0.0
378,2012-02-23,62,23-096,CHI,,DAL,L,0,0,0,-1,0,0,0,0,0,,,,1,0.0,26,23:20,0,0,0,4,0.0
379,2012-02-25,63,23-098,CHI,@,LAK,L,0,0,0,-1,0,0,0,0,0,,,,2,0.0,28,22:44,1,0,4,3,57.1
380,2012-02-26,64,23-099,CHI,@,ANA,L,1,0,1,0,0,0,1,0,0,,,,3,33.3,21,20:01,0,0,0,0,
381,2012-02-29,65,23-102,CHI,,TOR,W,1,1,2,2,2,1,0,0,0,,,,6,16.7,27,20:56,0,0,4,7,36.4
382,2012-03-02,66,23-104,CHI,@,OTT,W,0,0,0,0,0,0,0,0,0,,,,5,0.0,25,20:05,0,1,3,6,33.3
383,2012-03-04,67,23-106,CHI,@,DET,W,1,0,1,0,2,1,0,0,1,,,,2,50.0,25,21:18,0,1,3,5,37.5
384,2012-03-06,68,23-108,CHI,@,STL,L,0,0,0,-1,0,0,0,0,0,,,,3,0.0,25,19:52,0,0,4,8,33.3
385,2012-03-09,69,23-111,CHI,,NYR,W,1,1,2,0,0,1,0,0,1,,,,3,33.3,26,22:11,0,0,6,4,60.0
386,2012-03-11,70,23-113,CHI,,LAK,L-SO,1,0,1,0,0,1,0,0,0,,,,3,33.3,31,22:12,0,1,8,12,40.0
387,2012-03-13,71,23-115,CHI,,STL,W,0,1,1,-1,0,0,0,0,0,,,,5,0.0,34,22:46,2,1,6,7,46.2
388,2012-03-16,72,23-118,CHI,@,DAL,W,0,1,1,0,0,0,0,0,0,,,,2,0.0,26,19:48,0,2,5,9,35.7
389,2012-03-18,73,23-120,CHI,,WSH,W,1,0,1,-1,0,1,0,0,1,,,,5,20.0,23,19:07,0,2,6,3,66.7
390,2012-03-20,74,23-122,CHI,@,CBJ,W,0,0,0,-1,0,0,0,0,0,,,,2,0.0,18,16:40,0,0,6,7,46.2
391,2012-03-21,75,23-123,CHI,,VAN,W,1,0,1,0,0,1,0,0,0,,,,4,25.0,27,21:00,2,1,3,15,16.7
392,2012-03-25,76,23-127,CHI,,NSH,L,0,0,0,0,0,0,0,0,0,,,,2,0.0,24,20:19,0,1,4,11,26.7
393,2012-03-27,77,23-129,CHI,@,NJD,L-SO,0,0,0,0,0,0,0,0,0,,,,2,0.0,25,23:54,0,1,5,8,38.5
394,2012-03-29,78,23-131,CHI,,STL,W,0,1,1,-2,0,0,0,0,0,,,,3,0.0,27,19:26,0,1,4,8,33.3
395,2012-03-31,79,23-133,CHI,@,NSH,W,1,1,2,0,0,1,0,0,0,,,,6,16.7,26,19:36,1,1,2,6,25.0
396,2012-04-01,80,23-134,CHI,,MIN,L-SO,2,0,2,0,0,1,1,0,0,,,,3,66.7,26,19:43,0,0,9,3,75.0
397,2012-04-05,81,23-138,CHI,@,MIN,L-SO,0,0,0,0,6,0,0,0,0,,,,1,0.0,21,21:34,0,1,4,8,33.3
398,2012-04-07,82,23-140,CHI,@,DET,W,0,1,1,0,0,0,0,0,0,,,,2,0.0,26,20:40,0,0,9,8,52.9
399,2013-01-19,1,24-061,CHI,@,LAK,W,1,1,2,0,0,0,1,0,0,,,,2,50.0,21,17:38,0,0,0,0,
400,2013-01-20,2,24-062,CHI,@,PHX,W,0,2,2,1,0,0,0,0,0,,,,2,0.0,24,17:54,0,0,0,1,0.0
401,2013-01-22,3,24-064,CHI,,STL,W,1,0,1,0,0,1,0,0,0,,,,2,50.0,21,19:09,0,0,0,0,
402,2013-01-24,4,24-066,CHI,@,DAL,W,0,2,2,-1,0,0,0,0,0,,,,6,0.0,23,21:59,0,0,0,0,
403,2013-01-26,5,24-068,CHI,@,CBJ,W,0,2,2,2,2,0,0,0,0,,,,4,0.0,25,21:15,0,0,0,0,
404,2013-01-27,6,24-069,CHI,,DET,W,0,0,0,0,0,0,0,0,0,,,,1,0.0,22,16:19,0,0,0,0,
405,2013-01-30,7,24-072,CHI,@,MIN,L-SO,0,1,1,0,0,0,0,0,0,,,,1,0.0,26,20:01,0,0,0,0,
406,2013-02-01,8,24-074,CHI,@,VAN,L-SO,1,0,1,1,0,1,0,0,0,,,,2,50.0,24,21:12,0,0,0,1,0.0
407,2013-02-02,9,24-075,CHI,@,CGY,W,1,1,2,1,0,1,0,0,0,,,,3,33.3,24,18:57,0,1,0,0,
408,2013-02-05,10,24-078,CHI,@,SJS,W,2,0,2,1,0,2,0,0,1,,,,4,50.0,23,18:23,0,0,0,0,
409,2013-02-07,11,24-080,CHI,@,PHX,W,2,1,3,1,0,0,2,0,0,,,,3,66.7,22,21:42,0,0,0,0,
410,2013-02-10,12,24-083,CHI,@,NSH,W,1,0,1,1,0,1,0,0,0,,,,3,33.3,21,19:21,0,0,0,0,
411,2013-02-12,13,24-085,CHI,,ANA,L-SO,0,1,1,-1,0,0,0,0,0,,,,2,0.0,27,24:22,0,1,0,0,
412,2013-02-15,14,24-088,CHI,,SJS,W,0,1,1,1,0,0,0,0,0,,,,1,0.0,21,18:59,1,0,0,2,0.0
413,2013-02-17,15,24-090,CHI,,LAK,W,0,0,0,1,0,0,0,0,0,,,,2,0.0,22,18:42,0,0,0,0,
414,2013-02-19,16,24-092,CHI,,VAN,W,0,1,1,1,0,0,0,0,0,,,,4,0.0,31,24:07,0,1,0,0,
415,2013-02-22,17,24-095,CHI,,SJS,W,0,1,1,0,0,0,0,0,0,,,,4,0.0,21,18:49,2,0,0,0,
416,2013-02-24,18,24-097,CHI,,CBJ,W,0,0,0,0,0,0,0,0,0,,,,3,0.0,21,22:29,0,0,0,1,0.0
417,2013-02-25,19,24-098,CHI,,EDM,W,1,0,1,0,0,0,1,0,0,,,,5,20.0,24,19:57,0,0,0,0,
418,2013-02-28,20,24-101,CHI,@,STL,W,0,0,0,0,0,0,0,0,0,,,,0,,21,17:58,0,0,0,0,
419,2013-03-01,21,24-102,CHI,,CBJ,W,0,1,1,1,0,0,0,0,0,,,,3,0.0,23,21:29,0,0,0,0,
420,2013-03-03,22,24-104,CHI,@,DET,W,1,0,1,0,0,0,1,0,0,,,,3,33.3,28,23:29,1,0,0,0,
421,2013-03-05,23,24-106,CHI,,MIN,W,1,0,1,1,0,1,0,0,0,,,,2,50.0,24,20:17,0,1,0,0,
422,2013-03-06,24,24-107,CHI,,COL,W,0,0,0,-1,0,0,0,0,0,,,,3,0.0,23,22:15,2,1,0,0,
423,2013-03-08,25,24-109,CHI,@,COL,L,0,0,0,-2,0,0,0,0,0,,,,1,0.0,24,19:00,0,0,0,0,
424,2013-03-10,26,24-111,CHI,,EDM,L,2,1,3,1,0,1,1,0,0,,,,5,40.0,24,22:13,0,0,0,0,
425,2013-03-14,27,24-115,CHI,@,CBJ,W,0,1,1,1,0,0,0,0,0,,,,2,0.0,23,20:20,1,0,0,0,
426,2013-03-16,28,24-117,CHI,@,DAL,W,1,2,3,2,0,0,1,0,0,,,,3,33.3,20,16:01,0,1,0,1,0.0
427,2013-03-18,29,24-119,CHI,@,COL,W,1,2,3,3,0,1,0,0,1,,,,4,25.0,31,22:30,0,0,0,0,
428,2013-03-20,30,24-121,CHI,@,ANA,L,0,1,1,-4,0,0,0,0,0,,,,3,0.0,32,25:21,0,0,0,0,
429,2013-03-25,31,24-126,CHI,,LAK,L,1,0,1,0,2,1,0,0,0,,,,5,20.0,25,21:03,0,0,0,0,
430,2013-03-26,32,24-127,CHI,,CGY,W,0,2,2,2,0,0,0,0,0,,,,2,0.0,24,22:11,0,0,0,0,
431,2013-03-29,33,24-130,CHI,,ANA,L,1,0,1,-1,0,0,1,0,0,,,,5,20.0,24,24:08,0,1,0,0,
432,2013-03-31,34,24-132,CHI,@,DET,W,0,0,0,2,0,0,0,0,0,,,,1,0.0,17,16:31,0,0,0,0,
433,2013-04-01,35,24-133,CHI,,NSH,W,1,0,1,-1,0,1,0,0,0,,,,6,16.7,25,21:46,0,0,0,0,
434,2013-04-04,36,24-136,CHI,,STL,L-SO,0,1,1,-1,0,0,0,0,0,,,,3,0.0,24,20:22,1,0,0,0,
435,2013-04-06,37,24-138,CHI,@,NSH,W,0,0,0,0,0,0,0,0,0,,,,2,0.0,20,16:39,0,0,1,1,50.0
436,2013-04-07,38,24-139,CHI,,NSH,W,1,1,2,2,0,1,0,0,0,,,,4,25.0,20,16:49,1,0,0,1,0.0
437,2013-04-09,39,24-141,CHI,@,MIN,W,0,0,0,1,0,0,0,0,0,,,,3,0.0,24,20:19,0,0,0,0,
438,2013-04-12,40,24-144,CHI,,DET,W,0,0,0,-1,2,0,0,0,0,,,,2,0.0,23,17:55,1,0,0,0,
439,2013-04-14,41,24-146,CHI,@,STL,W,0,0,0,0,0,0,0,0,0,,,,2,0.0,24,19:38,0,0,0,0,
440,2013-04-15,42,24-147,CHI,,DAL,W,0,1,1,0,0,0,0,0,0,,,,0,,19,16:47,0,2,0,0,
441,2013-04-19,43,24-151,CHI,,NSH,W,1,1,2,-2,2,1,0,0,0,,,,4,25.0,21,17:45,0,0,1,0,100.0
442,2013-04-20,44,24-152,CHI,,PHX,L-SO,0,2,2,-1,0,0,0,0,0,,,,0,,21,20:34,0,0,0,0,
443,2013-04-22,45,24-154,CHI,@,VAN,L,0,0,0,-2,0,0,0,0,0,,,,6,0.0,24,20:34,1,0,0,0,
444,2013-04-24,46,24-156,CHI,@,EDM,W,1,2,3,2,0,1,0,0,1,,,,5,20.0,17,16:56,0,0,0,0,
445,2013-04-26,47,24-158,CHI,,CGY,W,1,0,1,0,0,1,0,0,0,,,,5,20.0,20,20:33,0,0,0,0,
446,2013-10-01,1,24-316,CHI,,WSH,W,1,0,1,0,2,1,0,0,0,,,,5,20.0,22,17:54,0,0,0,0,
447,2013-10-05,2,24-320,CHI,,TBL,L-SO,1,0,1,1,0,1,0,0,0,,,,5,20.0,23,21:36,0,1,0,0,
448,2013-10-09,3,24-324,CHI,@,STL,L,1,1,2,-1,0,0,1,0,0,,,,2,50.0,24,18:24,1,0,0,0,
449,2013-10-11,4,24-326,CHI,,NYI,W,0,0,0,-2,0,0,0,0,0,,,,0,,22,20:13,0,1,0,0,
450,2013-10-12,5,24-327,CHI,,BUF,W,1,0,1,-1,2,0,1,0,1,,,,6,16.7,22,19:09,0,0,0,0,
451,2013-10-15,6,24-330,CHI,@,CAR,W,0,0,0,0,0,0,0,0,0,,,,5,0.0,22,20:18,0,1,0,0,
452,2013-10-17,7,24-332,CHI,,STL,L-SO,0,0,0,0,0,0,0,0,0,,,,2,0.0,26,22:19,0,0,0,1,0.0
453,2013-10-19,8,24-334,CHI,,TOR,W,0,0,0,0,0,0,0,0,0,,,,4,0.0,21,17:42,0,0,0,0,
454,2013-10-22,9,24-337,CHI,@,FLA,W,0,1,1,0,0,0,0,0,0,,,,2,0.0,22,18:30,0,0,0,0,
455,2013-10-24,10,24-339,CHI,@,TBL,L-OT,1,1,2,-3,0,1,0,0,0,,,,7,14.3,22,20:49,0,0,0,0,
456,2013-10-26,11,24-341,CHI,,MIN,L,1,0,1,-3,0,0,1,0,0,,,,2,50.0,19,19:44,0,0,0,0,
457,2013-10-28,12,24-343,CHI,@,MIN,W,1,1,2,1,0,1,0,0,0,,,,3,33.3,20,17:28,0,0,0,0,
458,2013-10-29,13,24-344,CHI,,OTT,W,0,0,0,-1,0,0,0,0,0,,,,2,0.0,25,19:02,0,0,0,0,
459,2013-11-02,14,24-348,CHI,@,WPG,W,0,0,0,0,0,0,0,0,0,,,,1,0.0,24,18:30,0,0,0,0,
460,2013-11-03,15,24-349,CHI,,CGY,L-OT,1,1,2,0,0,1,0,0,0,,,,5,20.0,29,21:30,0,0,0,0,
461,2013-11-06,16,24-352,CHI,,WPG,W,1,0,1,2,2,1,0,0,1,,,,3,33.3,20,19:37,0,0,0,0,
462,2013-11-09,17,24-355,CHI,@,DAL,W,1,1,2,1,2,0,1,0,1,,,,3,33.3,24,17:35,1,1,0,0,
463,2013-11-10,18,24-356,CHI,,EDM,W,0,1,1,2,0,0,0,0,0,,,,2,0.0,17,21:32,1,0,1,0,100.0
464,2013-11-14,19,24-360,CHI,,PHX,W,0,2,2,0,0,0,0,0,0,,,,1,0.0,24,22:57,0,0,0,0,
465,2013-11-16,20,24-362,CHI,@,NSH,L,1,0,1,1,0,1,0,0,0,,,,3,33.3,25,20:48,0,0,0,0,
466,2013-11-17,21,24-363,CHI,,SJS,W,0,1,1,0,0,0,0,0,0,,,,0,,20,17:54,0,0,0,0,
467,2013-11-19,22,25-000,CHI,@,COL,L,0,1,1,0,0,0,0,0,0,,,,3,0.0,25,21:22,0,0,0,0,
468,2013-11-21,23,25-002,CHI,@,WPG,W,1,1,2,0,2,0,1,0,0,,,,4,25.0,19,19:51,0,0,0,0,
469,2013-11-23,24,25-004,CHI,@,VAN,W,0,1,1,1,0,0,0,0,0,,,,5,0.0,27,19:43,1,0,0,0,
470,2013-11-25,25,25-006,CHI,@,EDM,W,1,0,1,-1,0,0,1,0,1,,,,2,50.0,23,17:56,0,0,0,0,
471,2013-11-27,26,25-008,CHI,@,CGY,W,2,0,2,0,0,2,0,0,1,,,,3,66.7,27,19:42,0,0,0,0,
472,2013-11-29,27,25-010,CHI,@,DAL,W,0,0,0,0,0,0,0,0,0,,,,5,0.0,27,20:34,1,0,0,0,
473,2013-11-30,28,25-011,CHI,@,PHX,W,1,1,2,0,0,0,1,0,0,,,,2,50.0,21,18:36,1,0,0,0,
474,2013-12-03,29,25-014,CHI,,DAL,L,0,2,2,2,0,0,0,0,0,,,,5,0.0,25,23:37,0,0,0,0,
475,2013-12-05,30,25-016,CHI,@,MIN,L,0,1,1,1,0,0,0,0,0,,,,0,,28,20:34,0,0,0,0,
476,2013-12-06,31,25-017,CHI,,ANA,L-SO,0,1,1,1,0,0,0,0,0,,,,3,0.0,24,24:46,1,0,0,0,
477,2013-12-08,32,25-019,CHI,,FLA,W,0,3,3,1,0,0,0,0,0,,,,4,0.0,20,20:29,0,0,0,0,
478,2013-12-10,33,25-021,CHI,@,DAL,W,1,2,3,2,0,1,0,0,0,,,,4,25.0,20,18:12,0,0,0,0,
479,2013-12-11,34,25-022,CHI,,PHI,W,0,2,2,1,0,0,0,0,0,,,,2,0.0,22,18:41,1,0,0,0,
480,2013-12-14,35,25-025,CHI,@,TOR,L,2,0,2,0,0,1,1,0,0,,,,8,25.0,24,21:03,0,1,0,0,
481,2013-12-15,36,25-026,CHI,,LAK,W,0,1,1,1,0,0,0,0,0,,,,5,0.0,21,16:47,0,0,0,0,
482,2013-12-17,37,25-028,CHI,@,NSH,W,1,0,1,0,2,0,1,0,1,,,,3,33.3,23,16:39,0,0,0,1,0.0
483,2013-12-20,38,25-031,CHI,,VAN,L-SO,1,1,2,2,0,1,0,0,0,,,,1,100.0,21,20:00,0,0,0,1,0.0
484,2013-12-23,39,25-034,CHI,,NJD,W,1,0,1,0,0,1,0,0,0,,,,4,25.0,22,19:13,1,2,0,0,
485,2013-12-27,40,25-038,CHI,,COL,W,0,1,1,2,0,0,0,0,0,,,,9,0.0,17,17:01,0,1,0,0,
486,2013-12-28,41,25-039,CHI,@,STL,L-SO,1,2,3,1,0,1,0,0,0,,,,2,50.0,26,20:12,0,1,0,0,
487,2013-12-30,42,25-041,CHI,,LAK,W,0,0,0,0,0,0,0,0,0,,,,5,0.0,22,19:25,1,1,0,0,
488,2014-01-02,43,25-044,CHI,@,NYI,L-OT,0,0,0,-2,0,0,0,0,0,,,,4,0.0,22,18:18,0,0,0,0,
489,2014-01-03,44,25-045,CHI,@,NJD,W,0,1,1,1,2,0,0,0,0,,,,3,0.0,21,19:07,0,0,0,0,
490,2014-01-05,45,25-047,CHI,,SJS,L-SO,0,0,0,0,0,0,0,0,0,,,,7,0.0,29,22:36,1,0,0,0,
491,2014-01-08,46,25-050,CHI,,NYR,L,0,0,0,0,0,0,0,0,0,,,,2,0.0,24,21:36,0,2,0,0,
492,2014-01-11,47,25-053,CHI,@,MTL,L-OT,0,0,0,-2,0,0,0,0,0,,,,2,0.0,21,18:57,0,0,0,0,
493,2014-01-12,48,25-054,CHI,,EDM,W,0,2,2,1,0,0,0,0,0,,,,5,0.0,23,19:44,0,0,0,0,
494,2014-01-14,49,25-056,CHI,,COL,L-OT,0,0,0,1,2,0,0,0,0,,,,5,0.0,28,21:49,0,0,0,0,
495,2014-01-17,50,25-059,CHI,,ANA,W,0,0,0,0,0,0,0,0,0,,,,1,0.0,25,23:03,0,1,0,0,
496,2014-01-19,51,25-061,CHI,,BOS,W,0,0,0,0,0,0,0,0,0,,,,1,0.0,23,19:01,0,0,0,0,
497,2014-01-22,52,25-064,CHI,@,DET,L-SO,0,2,2,1,0,0,0,0,0,,,,2,0.0,26,18:53,1,0,0,0,
498,2014-01-23,53,25-065,CHI,@,MIN,L,1,0,1,0,0,1,0,0,0,,,,3,33.3,21,19:37,0,0,0,0,
499,2014-01-26,54,25-068,CHI,,WPG,L,0,0,0,-1,0,0,0,0,0,,,,3,0.0,22,21:17,0,0,1,0,100.0
500,2014-01-28,55,25-070,CHI,@,CGY,L-OT,1,0,1,-1,0,1,0,0,0,,,,1,100.0,24,19:48,0,0,0,0,
501,2014-01-29,56,25-071,CHI,@,VAN,W,0,0,0,0,0,0,0,0,0,,,,2,0.0,20,17:08,0,0,0,0,
502,2014-02-01,57,25-074,CHI,@,SJS,L-SO,0,0,0,-1,2,0,0,0,0,,,,3,0.0,24,18:14,0,0,0,0,
503,2014-02-03,58,25-076,CHI,@,LAK,W,2,1,3,0,0,1,1,0,0,,,,6,33.3,23,18:23,1,0,0,0,
504,2014-02-05,59,25-078,CHI,@,ANA,W,0,0,0,0,0,0,0,0,0,,,,3,0.0,21,16:18,0,0,0,0,
505,2014-02-27,60,25-100,CHI,@,NYR,L,0,0,0,0,0,0,0,0,0,,,,2,0.0,24,22:13,1,0,0,0,
506,2014-03-01,61,25-102,CHI,,PIT,W,0,1,1,0,0,0,0,0,0,,,,2,0.0,25,17:55,0,0,0,0,
507,2014-03-04,62,25-105,CHI,,COL,L,0,0,0,-1,0,0,0,0,0,,,,3,0.0,23,19:41,1,0,0,0,
508,2014-03-06,63,25-107,CHI,,CBJ,W,0,1,1,-1,0,0,0,0,0,,,,1,0.0,22,17:46,0,1,0,0,
509,2014-03-09,64,25-110,CHI,@,BUF,W,1,0,1,0,0,1,0,0,0,,,,4,25.0,23,20:00,0,0,0,0,
510,2014-03-12,65,25-113,CHI,@,COL,L,1,0,1,2,2,1,0,0,0,,,,6,16.7,24,23:23,0,0,0,0,
511,2014-03-14,66,25-115,CHI,,NSH,L,0,0,0,-1,0,0,0,0,0,,,,4,0.0,27,22:35,0,0,0,0,
512,2014-03-16,67,25-117,CHI,,DET,W,0,1,1,1,2,0,0,0,0,,,,3,0.0,22,19:11,0,1,1,0,100.0
513,2014-03-18,68,25-119,CHI,@,PHI,L-OT,0,0,0,-1,0,0,0,0,0,,,,5,0.0,24,20:45,1,0,0,1,0.0
514,2014-03-19,69,25-120,CHI,,STL,W,0,1,1,0,0,0,0,0,0,,,,2,0.0,10,7:54,0,0,1,0,100.0
515,2014-10-09,1,25-324,CHI,@,DAL,W,0,1,1,-1,0,0,0,0,0,0,1,0,5,0.0,26,24:14,0,0,0,0,
516,2014-10-11,2,25-326,CHI,,BUF,W,1,1,2,1,0,1,0,0,1,0,1,0,5,20.0,19,18:51,1,0,0,0,
517,2014-10-15,3,25-330,CHI,,CGY,L-OT,0,0,0,0,0,0,0,0,0,0,0,0,6,0.0,25,23:38,0,0,0,0,
518,2014-10-18,4,25-333,CHI,,NSH,W,0,0,0,0,0,0,0,0,0,0,0,0,1,0.0,24,19:38,2,0,0,0,
519,2014-10-21,5,25-336,CHI,,PHI,W,2,0,2,0,0,0,2,0,0,0,0,0,2,100.0,21,18:08,1,0,0,0,
520,2014-10-23,6,25-338,CHI,@,NSH,L,0,0,0,0,0,0,0,0,0,0,0,0,3,0.0,22,23:12,0,0,0,0,
521,2014-10-25,7,25-340,CHI,@,STL,L,0,1,1,-2,0,0,0,0,0,0,1,0,1,0.0,20,20:31,0,0,0,0,
522,2014-10-26,8,25-341,CHI,,OTT,W,0,1,1,1,0,0,0,0,0,1,0,0,2,0.0,22,18:09,0,1,0,0,
523,2014-10-28,9,25-343,CHI,,ANA,L,0,0,0,0,0,0,0,0,0,0,0,0,1,0.0,20,20:19,0,0,0,0,
524,2014-10-30,10,25-345,CHI,@,OTT,W,0,0,0,0,0,0,0,0,0,0,0,0,3,0.0,21,17:29,0,0,0,0,
525,2014-11-01,11,25-347,CHI,@,TOR,L,0,1,1,-2,0,0,0,0,0,0,1,0,2,0.0,26,20:29,0,0,0,0,
526,2014-11-02,12,25-348,CHI,,WPG,L,0,0,0,-1,0,0,0,0,0,0,0,0,3,0.0,23,20:20,0,0,0,0,
527,2014-11-04,13,25-350,CHI,@,MTL,W,1,0,1,1,0,1,0,0,0,0,0,0,3,33.3,21,18:41,1,2,0,0,
528,2014-11-07,14,25-353,CHI,,WSH,L,0,0,0,0,0,0,0,0,0,0,0,0,1,0.0,26,22:56,0,0,0,0,
529,2014-11-09,15,25-355,CHI,,SJS,W,0,1,1,2,0,0,0,0,0,1,0,0,3,0.0,23,17:28,0,2,0,0,
530,2014-11-11,16,25-357,CHI,,TBL,W,0,0,0,-2,0,0,0,0,0,0,0,0,5,0.0,25,23:34,1,0,0,0,
531,2014-11-14,17,25-360,CHI,@,DET,L,1,0,1,-3,0,0,1,0,0,0,0,0,6,16.7,20,18:08,0,0,0,0,
532,2014-11-16,18,25-362,CHI,,DAL,W,1,2,3,3,0,1,0,0,1,1,1,0,3,33.3,27,21:56,0,0,0,0,
533,2014-11-20,19,26-001,CHI,@,CGY,W,1,1,2,1,0,1,0,0,1,1,0,0,3,33.3,22,17:52,0,0,2,0,100.0
534,2014-11-22,20,26-003,CHI,@,EDM,W,1,1,2,1,0,1,0,0,0,0,1,0,2,50.0,19,15:56,0,0,0,0,
535,2014-11-23,21,26-004,CHI,@,VAN,L,0,0,0,-1,0,0,0,0,0,0,0,0,0,,24,21:50,1,0,0,0,
536,2014-11-26,22,26-007,CHI,@,COL,W,0,3,3,0,0,0,0,0,0,1,2,0,4,0.0,25,20:31,0,0,0,0,
537,2014-11-28,23,26-009,CHI,@,ANA,W,2,0,2,3,0,2,0,0,0,0,0,0,8,25.0,24,18:24,1,0,0,0,
538,2014-11-29,24,26-010,CHI,@,LAK,W,0,0,0,2,0,0,0,0,0,0,0,0,2,0.0,19,18:51,1,0,0,0,
539,2014-12-03,25,26-014,CHI,,STL,W,2,0,2,3,0,2,0,0,0,0,0,0,4,50.0,23,18:09,0,1,0,0,
540,2014-12-05,26,26-016,CHI,,MTL,W,0,1,1,1,2,0,0,0,0,1,0,0,4,0.0,21,17:58,0,1,0,0,
541,2014-12-06,27,26-017,CHI,@,NSH,W,0,0,0,0,0,0,0,0,0,0,0,0,2,0.0,25,21:48,1,0,0,1,0.0
542,2014-12-09,28,26-020,CHI,@,NJD,W,0,0,0,0,0,0,0,0,0,0,0,0,4,0.0,24,22:40,1,0,0,0,
543,2014-12-11,29,26-022,CHI,@,BOS,W,1,0,1,0,0,1,0,0,1,0,0,0,2,50.0,28,21:53,0,0,0,0,
544,2014-12-13,30,26-024,CHI,@,NYI,L,1,0,1,0,0,1,0,0,0,0,0,0,3,33.3,19,18:17,0,0,0,0,
545,2014-12-14,31,26-025,CHI,,CGY,W,0,1,1,-1,0,0,0,0,0,0,1,0,1,0.0,21,17:30,0,0,0,0,
546,2014-12-16,32,26-027,CHI,,MIN,W,1,2,3,2,0,0,1,0,1,2,0,0,7,14.3,22,19:48,1,1,0,0,
547,2014-12-20,33,26-031,CHI,@,CBJ,L-SO,0,1,1,1,0,0,0,0,0,1,0,0,2,0.0,26,21:47,0,0,0,0,
548,2014-12-21,34,26-032,CHI,,TOR,W,1,2,3,2,0,0,1,0,0,2,0,0,3,33.3,20,17:36,0,0,0,0,
549,2014-12-23,35,26-034,CHI,,WPG,L,0,0,0,-2,0,0,0,0,0,0,0,0,4,0.0,27,20:53,0,0,0,0,
550,2014-12-27,36,26-038,CHI,@,COL,W,2,1,3,1,0,2,0,0,0,0,1,0,4,50.0,21,18:30,0,1,0,0,
551,2014-12-29,37,26-040,CHI,,NSH,W,0,1,1,1,0,0,0,0,0,0,1,0,4,0.0,28,23:34,1,0,0,0,
552,2015-01-01,38,26-043,CHI,@,WSH,L,0,1,1,-1,0,0,0,0,0,0,1,0,5,0.0,24,21:56,0,0,0,0,
553,2015-01-04,39,26-046,CHI,,DAL,W,1,0,1,0,0,1,0,0,0,0,0,0,2,50.0,24,20:25,0,0,0,0,
554,2015-01-06,40,26-048,CHI,,COL,L,0,0,0,-2,0,0,0,0,0,0,0,0,7,0.0,27,21:41,0,0,0,0,
555,2015-01-08,41,26-050,CHI,@,MIN,W,1,2,3,2,0,0,1,0,0,2,0,0,2,50.0,21,16:35,0,1,0,0,
556,2015-01-09,42,26-051,CHI,@,EDM,L,0,0,0,-3,0,0,0,0,0,0,0,0,2,0.0,23,19:31,0,0,0,1,0.0
557,2015-01-11,43,26-053,CHI,,MIN,W,0,2,2,2,0,0,0,0,0,2,0,0,1,0.0,17,14:57,1,0,0,0,
558,2015-01-16,44,26-058,CHI,,WPG,L,0,0,0,0,0,0,0,0,0,0,0,0,0,,20,17:28,1,0,0,0,
559,2015-01-18,45,26-060,CHI,,DAL,L,1,0,1,-1,0,1,0,0,0,0,0,0,3,33.3,25,20:37,0,0,0,0,
560,2015-01-20,46,26-062,CHI,,ARI,W,1,2,3,2,0,1,0,0,0,1,1,0,3,33.3,20,20:41,1,0,0,0,
561,2015-01-21,47,26-063,CHI,@,PIT,W,0,0,0,-1,0,0,0,0,0,0,0,0,2,0.0,26,20:16,0,0,0,0,
562,2015-01-28,48,26-070,CHI,@,LAK,L,1,1,2,0,0,1,0,0,0,0,1,0,3,33.3,25,19:43,0,0,0,0,
563,2015-01-30,49,26-072,CHI,@,ANA,W,2,1,3,4,0,2,0,0,0,1,0,0,3,66.7,20,17:44,0,0,0,0,
564,2015-01-31,50,26-073,CHI,@,SJS,L,0,0,0,-2,0,0,0,0,0,0,0,0,2,0.0,27,21:41,0,0,0,0,
565,2015-02-03,51,26-076,CHI,@,MIN,L,0,0,0,-2,0,0,0,0,0,0,0,0,1,0.0,24,18:34,1,0,0,0,
566,2015-02-06,52,26-079,CHI,@,WPG,W,1,1,2,1,0,1,0,0,0,1,0,0,5,20.0,25,18:19,0,0,0,0,
567,2015-02-08,53,26-081,CHI,@,STL,W,0,1,1,1,0,0,0,0,0,1,0,0,1,0.0,25,21:08,1,0,0,0,
568,2015-02-09,54,26-082,CHI,,ARI,L-SO,0,0,0,0,2,0,0,0,0,0,0,0,1,0.0,26,23:24,1,0,0,0,
569,2015-02-11,55,26-084,CHI,,VAN,L-OT,1,2,3,-1,0,1,0,0,0,1,1,0,5,20.0,27,21:15,0,1,1,2,33.3
570,2015-02-13,56,26-086,CHI,,NJD,W,0,1,1,1,0,0,0,0,0,1,0,0,3,0.0,25,23:27,0,0,0,0,
571,2015-02-15,57,26-088,CHI,,PIT,W,0,0,0,-1,4,0,0,0,0,0,0,0,3,0.0,25,22:19,2,0,0,0,
572,2015-02-18,58,26-091,CHI,,DET,L-SO,0,0,0,0,0,0,0,0,0,0,0,0,5,0.0,24,23:36,0,2,0,0,
573,2015-02-20,59,26-093,CHI,,COL,L,0,0,0,1,0,0,0,0,0,0,0,0,6,0.0,25,21:29,0,0,0,0,
574,2015-02-22,60,26-095,CHI,,BOS,L,0,1,1,-1,2,0,0,0,0,0,1,0,2,0.0,21,20:26,1,1,0,0,
575,2015-02-24,61,26-097,CHI,,FLA,W,0,0,0,0,0,0,0,0,0,0,0,0,1,0.0,3,2:14,0,0,0,0,
576,2015-10-07,1,26-322,CHI,,NYR,L,0,1,1,-1,0,0,0,0,0,1,0,0,5,0.0,27,22:22,0,0,0,0,
577,2015-10-09,2,26-324,CHI,@,NYI,W,2,0,2,0,0,1,1,0,1,0,0,0,5,40.0,25,17:08,0,0,0,0,
578,2015-10-10,3,26-325,CHI,,NYI,W,1,2,3,2,0,1,0,0,0,2,0,0,7,14.3,23,19:24,0,1,1,1,50.0
579,2015-10-14,4,26-329,CHI,@,PHI,L,0,0,0,0,0,0,0,0,0,0,0,0,4,0.0,24,20:48,0,0,1,1,50.0
580,2015-10-15,5,26-330,CHI,@,WSH,L,0,0,0,0,0,0,0,0,0,0,0,0,1,0.0,24,18:48,0,1,0,0,
581,2015-10-17,6,26-332,CHI,,CBJ,W,1,0,1,2,0,1,0,0,0,0,0,0,4,25.0,22,18:28,0,0,0,0,
582,2015-10-22,7,26-337,CHI,,FLA,W,1,2,3,0,0,0,1,0,1,1,1,0,1,100.0,24,22:46,1,1,0,1,0.0
583,2015-10-24,8,26-339,CHI,,TBL,W,0,1,1,1,0,0,0,0,0,1,0,0,3,0.0,26,21:24,0,1,0,1,0.0
584,2015-10-26,9,26-341,CHI,,ANA,W,0,1,1,1,0,0,0,0,0,1,0,0,1,0.0,28,21:47,0,0,0,0,
585,2015-10-29,10,26-344,CHI,@,WPG,L,1,0,1,0,0,0,1,0,0,0,0,0,3,33.3,28,22:26,1,0,0,1,0.0
586,2015-10-30,11,26-345,CHI,@,MIN,L,0,1,1,0,0,0,0,0,0,0,1,0,4,0.0,27,21:02,0,0,0,0,
587,2015-11-02,12,26-348,CHI,,LAK,W,1,1,2,2,0,1,0,0,0,1,0,0,4,25.0,24,19:20,2,0,0,0,
588,2015-11-04,13,26-350,CHI,,STL,L-OT,1,1,2,2,2,0,1,0,0,1,0,0,5,20.0,31,24:50,1,0,0,0,
589,2015-11-06,14,26-352,CHI,@,NJD,L,1,0,1,0,0,1,0,0,0,0,0,0,5,20.0,30,25:27,1,0,0,0,
590,2015-11-08,15,26-354,CHI,,EDM,W,1,3,4,2,0,1,0,0,1,2,1,0,4,25.0,25,21:53,1,0,1,0,100.0
591,2015-11-12,16,26-358,CHI,,NJD,L,1,1,2,1,4,0,1,0,0,1,0,0,6,16.7,27,24:13,0,1,0,1,0.0
592,2015-11-14,17,26-360,CHI,@,STL,W,1,0,1,1,2,0,1,0,1,0,0,0,3,33.3,26,19:00,0,0,0,1,0.0
593,2015-11-15,18,26-361,CHI,,CGY,W,1,1,2,1,0,1,0,0,0,1,0,0,3,33.3,20,17:37,0,0,0,1,0.0
594,2015-11-18,19,26-364,CHI,@,EDM,W,0,2,2,-1,0,0,0,0,0,1,1,0,4,0.0,27,21:32,1,0,0,2,0.0
595,2015-11-20,20,27-001,CHI,@,CGY,L-OT,0,1,1,-1,0,0,0,0,0,0,1,0,2,0.0,26,21:04,0,0,0,0,
596,2015-11-21,21,27-002,CHI,@,VAN,L,0,1,1,-1,2,0,0,0,0,1,0,0,3,0.0,24,22:13,0,0,0,0,
597,2015-11-25,22,27-006,CHI,@,SJS,W,0,2,2,2,2,0,0,0,0,2,0,0,4,0.0,19,19:42,3,1,1,1,50.0
598,2015-11-27,23,27-008,CHI,@,ANA,W,0,1,1,0,0,0,0,0,0,1,0,0,5,0.0,30,24:59,1,0,0,5,0.0
599,2015-11-28,24,27-009,CHI,@,LAK,L-OT,1,1,2,-1,0,0,1,0,0,1,0,0,2,50.0,26,21:16,1,0,0,0,
600,2015-12-01,25,27-012,CHI,,MIN,L,1,0,1,-1,0,0,1,0,0,0,0,0,3,33.3,23,21:51,1,1,1,0,100.0
601,2015-12-03,26,27-014,CHI,@,OTT,L-OT,1,2,3,0,0,0,1,0,0,2,0,0,3,33.3,23,22:26,0,0,0,2,0.0
602,2015-12-06,27,27-017,CHI,,WPG,W,0,1,1,1,0,0,0,0,0,1,0,0,3,0.0,30,23:12,0,1,0,1,0.0
603,2015-12-08,28,27-019,CHI,,NSH,W,1,0,1,1,0,1,0,0,0,0,0,0,1,100.0,22,19:44,0,0,0,0,
604,2015-12-10,29,27-021,CHI,@,NSH,L,1,0,1,-2,0,1,0,0,0,0,0,0,5,20.0,24,22:35,2,0,0,0,
605,2015-12-11,30,27-022,CHI,,WPG,W,1,0,1,0,0,0,1,0,0,0,0,0,3,33.3,24,18:22,1,1,0,0,
606,2015-12-13,31,27-024,CHI,,VAN,W,0,1,1,0,0,0,0,0,0,0,1,0,2,0.0,23,18:05,0,0,0,0,
607,2015-12-15,32,27-026,CHI,,COL,L,0,0,0,-1,0,0,0,0,0,0,0,0,0,,24,23:11,0,0,0,0,
608,2015-12-17,33,27-028,CHI,,EDM,W,0,1,1,1,0,0,0,0,0,1,0,0,3,0.0,19,19:45,0,2,0,0,
609,2015-12-19,34,27-030,CHI,@,BUF,W,1,0,1,0,0,0,1,0,0,0,0,0,4,25.0,21,22:16,0,0,0,0,
610,2015-12-20,35,27-031,CHI,,SJS,W,1,1,2,4,2,1,0,0,0,1,0,0,7,14.3,30,23:39,2,0,0,1,0.0
611,2015-12-22,36,27-033,CHI,@,DAL,L,0,0,0,0,2,0,0,0,0,0,0,0,1,0.0,22,19:55,1,1,0,0,
612,2015-12-27,37,27-038,CHI,,CAR,L,0,0,0,0,0,0,0,0,0,0,0,0,4,0.0,22,21:23,0,0,0,0,
613,2015-12-29,38,27-040,CHI,@,ARI,W,1,2,3,1,0,1,0,0,0,0,2,0,3,33.3,23,17:19,0,0,0,2,0.0
614,2015-12-31,39,27-042,CHI,@,COL,W,1,2,3,1,0,0,1,0,0,1,1,0,7,14.3,29,22:07,0,1,0,0,
615,2016-01-03,40,27-045,CHI,,OTT,W,0,1,1,1,0,0,0,0,0,1,0,0,4,0.0,23,17:35,0,0,0,2,0.0
616,2016-01-05,41,27-047,CHI,@,PIT,W,0,2,2,0,0,0,0,0,0,2,0,0,1,0.0,26,20:43,1,0,0,0,
617,2016-01-06,42,27-048,CHI,,PIT,W,0,1,1,2,0,0,0,0,0,1,0,0,4,0.0,25,18:41,1,0,0,1,0.0
618,2016-01-08,43,27-050,CHI,,BUF,W,0,0,0,0,0,0,0,0,0,0,0,0,9,0.0,25,20:16,0,0,0,1,0.0
619,2016-01-10,44,27-052,CHI,,COL,W,2,0,2,-1,0,1,1,0,1,0,0,0,6,33.3,21,18:06,0,0,0,1,0.0
620,2016-01-12,45,27-054,CHI,,NSH,W,0,1,1,1,0,0,0,0,0,1,0,0,1,0.0,20,19:57,0,0,0,0,
621,2016-01-14,46,27-056,CHI,@,MTL,W,0,0,0,0,0,0,0,0,0,0,0,0,2,0.0,22,17:27,0,0,0,1,0.0
622,2016-01-15,47,27-057,CHI,@,TOR,W,3,1,4,2,2,2,1,0,1,0,1,0,4,75.0,24,18:21,0,0,1,0,100.0
623,2016-01-17,48,27-059,CHI,,MTL,W,1,1,2,0,0,1,0,0,0,0,1,0,7,14.3,23,19:28,0,0,0,0,
624,2016-01-19,49,27-061,CHI,@,NSH,W,1,1,2,2,2,1,0,0,0,1,0,0,2,50.0,23,19:01,0,0,0,0,
625,2016-01-21,50,27-063,CHI,@,TBL,L,0,1,1,1,4,0,0,0,0,1,0,0,1,0.0,23,20:33,0,0,0,0,
626,2016-01-22,51,27-064,CHI,@,FLA,L,0,0,0,-2,0,0,0,0,0,0,0,0,3,0.0,23,19:12,1,0,0,0,
627,2016-01-24,52,27-066,CHI,,STL,W,0,1,1,1,0,0,0,0,0,1,0,0,4,0.0,27,20:25,0,0,0,0,
628,2016-01-26,53,27-068,CHI,@,CAR,L,0,0,0,-2,0,0,0,0,0,0,0,0,5,0.0,22,20:15,1,0,0,1,0.0
629,2016-02-02,54,27-075,CHI,@,COL,W,0,1,1,0,0,0,0,0,0,1,0,0,1,0.0,26,20:17,0,0,1,1,50.0
630,2016-02-04,55,27-077,CHI,@,ARI,W,1,0,1,0,0,1,0,0,0,0,0,0,2,50.0,26,22:25,0,1,0,1,0.0
631,2016-02-06,56,27-079,CHI,@,DAL,W,1,0,1,1,0,1,0,0,0,0,0,0,2,50.0,23,19:19,0,0,0,1,0.0
632,2016-02-09,57,27-082,CHI,,SJS,L,0,0,0,-1,0,0,0,0,0,0,0,0,3,0.0,24,23:00,1,1,0,0,
633,2016-02-11,58,27-084,CHI,,DAL,L,1,0,1,1,0,1,0,0,0,0,0,0,7,14.3,23,21:56,1,0,0,0,
634,2016-02-13,59,27-086,CHI,,ANA,L-OT,0,1,1,-1,0,0,0,0,0,0,1,0,1,0.0,30,22:52,1,0,0,0,
635,2016-02-15,60,27-088,CHI,,TOR,W,1,3,4,1,0,1,0,0,0,0,3,0,5,20.0,23,17:50,2,1,1,0,100.0
636,2016-02-17,61,27-090,CHI,@,NYR,W,0,1,1,0,0,0,0,0,0,0,1,0,3,0.0,25,21:07,0,0,0,0,
637,2016-02-21,62,27-094,CHI,@,MIN,L,1,0,1,-2,0,1,0,0,0,0,0,0,5,20.0,22,17:22,0,0,1,0,100.0
638,2016-02-25,63,27-098,CHI,,NSH,L,0,0,0,-1,0,0,0,0,0,0,0,0,6,0.0,25,22:00,1,1,0,0,
639,2016-02-28,64,27-101,CHI,,WSH,W,1,0,1,1,2,1,0,0,0,0,0,0,3,33.3,23,19:59,2,0,0,0,
640,2016-03-02,65,27-104,CHI,@,DET,W,1,2,3,1,2,0,1,0,1,1,1,0,3,33.3,21,18:44,0,0,0,1,0.0
641,2016-03-03,66,27-105,CHI,@,BOS,L,0,0,0,-3,0,0,0,0,0,0,0,0,2,0.0,20,20:06,0,0,0,1,0.0
642,2016-03-06,67,27-108,CHI,,DET,W,1,0,1,0,0,1,0,0,0,0,0,0,1,100.0,22,17:06,1,1,0,0,
643,2016-03-09,68,27-111,CHI,@,STL,L-SO,0,0,0,1,0,0,0,0,0,0,0,0,5,0.0,26,20:57,0,1,0,0,
644,2016-03-11,69,27-113,CHI,@,DAL,L,0,0,0,0,2,0,0,0,0,0,0,0,1,0.0,21,18:52,1,0,1,1,50.0
645,2016-03-14,70,27-116,CHI,,LAK,L,0,0,0,-2,0,0,0,0,0,0,0,0,6,0.0,22,22:08,0,0,0,2,0.0
646,2016-03-16,71,27-118,CHI,,PHI,L,0,1,1,-1,0,0,0,0,0,1,0,0,2,0.0,22,19:47,0,0,0,0,
647,2016-03-18,72,27-120,CHI,@,WPG,W,1,1,2,2,0,1,0,0,1,1,0,0,6,16.7,21,15:58,1,0,0,0,
648,2016-03-20,73,27-122,CHI,,MIN,L-SO,0,0,0,0,0,0,0,0,0,0,0,0,2,0.0,25,20:37,2,0,0,0,
649,2016-03-22,74,27-124,CHI,,DAL,L,0,0,0,-3,0,0,0,0,0,0,0,0,2,0.0,22,16:26,0,0,0,0,
650,2016-03-26,75,27-128,CHI,@,CGY,W,0,1,1,0,0,0,0,0,0,1,0,0,2,0.0,22,17:49,0,0,1,1,50.0
651,2016-03-27,76,27-129,CHI,@,VAN,W,0,1,1,0,0,0,0,0,0,1,0,0,4,0.0,21,17:42,0,1,0,1,0.0
652,2016-03-29,77,27-131,CHI,@,MIN,L,0,0,0,-3,0,0,0,0,0,0,0,0,3,0.0,21,20:17,0,0,0,0,
653,2016-04-01,78,27-134,CHI,@,WPG,W,1,1,2,0,0,1,0,0,0,0,1,0,5,20.0,23,21:31,0,0,0,0,
654,2016-04-03,79,27-136,CHI,,BOS,W,3,1,4,3,0,2,1,0,0,1,0,0,4,75.0,24,21:16,0,1,0,0,
655,2016-04-05,80,27-138,CHI,,ARI,W,1,1,2,-1,0,0,1,0,1,0,1,0,2,50.0,16,15:16,0,0,0,1,0.0
656,2016-04-07,81,27-140,CHI,,STL,L-OT,0,1,1,0,0,0,0,0,0,1,0,0,4,0.0,29,24:08,0,0,0,0,
657,2016-04-09,82,27-142,CHI,@,CBJ,L-OT,2,1,3,2,0,2,0,0,0,0,1,0,5,40.0,20,21:33,0,0,0,0,
658,2016-10-12,1,27-328,CHI,,STL,L,0,0,0,-2,0,0,0,0,0,0,0,0,2,0.0,24,23:16,1,0,0,1,0.0
659,2016-10-14,2,27-330,CHI,@,NSH,L,0,0,0,0,2,0,0,0,0,0,0,0,6,0.0,24,22:56,0,0,0,0,
660,2016-10-15,3,27-331,CHI,,NSH,W,0,2,2,1,0,0,0,0,0,1,1,0,2,0.0,22,18:06,1,0,1,2,33.3
661,2016-10-18,4,27-334,CHI,,PHI,W,1,3,4,3,2,1,0,0,0,3,0,0,6,16.7,24,20:12,1,0,0,2,0.0
662,2016-10-21,5,27-337,CHI,@,CBJ,L,0,0,0,0,0,0,0,0,0,0,0,0,1,0.0,29,28:48,0,0,0,2,0.0
663,2016-10-22,6,27-338,CHI,,TOR,W,0,1,1,3,0,0,0,0,0,1,0,0,1,0.0,27,25:21,0,0,0,0,
664,2016-10-24,7,27-340,CHI,,CGY,L-SO,1,0,1,2,0,1,0,0,0,0,0,0,4,25.0,24,22:33,0,1,0,3,0.0
665,2016-10-28,8,27-344,CHI,@,NJD,W,0,1,1,0,2,0,0,0,0,0,1,0,5,0.0,24,23:34,1,0,0,0,
666,2016-10-30,9,27-346,CHI,,LAK,W,0,0,0,0,0,0,0,0,0,0,0,0,2,0.0,25,23:02,1,0,0,0,
667,2016-11-01,10,27-348,CHI,,CGY,W,1,2,3,1,0,1,0,0,0,1,1,0,4,25.0,21,19:54,0,0,1,0,100.0
668,2016-11-03,11,27-350,CHI,,COL,W,0,1,1,2,2,0,0,0,0,1,0,0,1,0.0,22,19:13,0,0,1,1,50.0
669,2016-11-05,12,27-352,CHI,@,DAL,W,1,1,2,-1,0,0,1,0,1,1,0,0,4,25.0,24,20:36,0,0,0,0,
670,2016-11-06,13,27-353,CHI,,DAL,W,1,0,1,0,4,1,0,0,0,0,0,0,3,33.3,28,23:04,0,0,0,0,
671,2016-11-09,14,27-356,CHI,@,STL,W,0,1,1,0,0,0,0,0,0,1,0,0,6,0.0,24,25:45,0,0,0,1,0.0
672,2016-11-11,15,27-358,CHI,,WSH,L-OT,0,0,0,-2,0,0,0,0,0,0,0,0,1,0.0,24,22:48,1,1,0,0,
673,2016-11-13,16,27-360,CHI,,MTL,W,1,0,1,0,0,1,0,0,1,0,0,0,3,33.3,25,20:03,0,0,0,1,0.0
674,2016-11-15,17,27-362,CHI,@,WPG,L,0,0,0,0,0,0,0,0,0,0,0,0,6,0.0,25,23:05,0,0,0,1,0.0
675,2016-11-18,18,27-365,CHI,@,CGY,W,0,1,1,-2,0,0,0,0,0,0,1,0,0,,21,18:26,0,0,0,0,
676,2016-11-19,19,28-000,CHI,@,VAN,W,0,1,1,0,0,0,0,0,0,1,0,0,7,0.0,25,24:38,0,0,0,0,
677,2016-11-21,20,28-002,CHI,@,EDM,L,0,0,0,-2,0,0,0,0,0,0,0,0,5,0.0,21,18:29,1,0,0,1,0.0
678,2016-11-23,21,28-004,CHI,@,SJS,L,0,0,0,-1,0,0,0,0,0,0,0,0,0,,25,23:09,1,0,0,0,
679,2016-11-25,22,28-006,CHI,@,ANA,W,1,1,2,0,0,0,1,0,0,1,0,0,4,25.0,22,21:31,0,0,0,2,0.0
680,2016-11-26,23,28-007,CHI,@,LAK,L-OT,1,0,1,0,0,1,0,0,0,0,0,0,1,100.0,21,19:32,1,0,1,1,50.0
681,2016-11-29,24,28-010,CHI,,FLA,W,0,0,0,0,2,0,0,0,0,0,0,0,3,0.0,23,25:34,1,0,0,0,
682,2016-12-01,25,28-012,CHI,,NJD,W,0,1,1,1,0,0,0,0,0,1,0,0,3,0.0,21,23:01,0,2,0,0,
683,2016-12-03,26,28-014,CHI,@,PHI,L,0,1,1,0,0,0,0,0,0,1,0,0,2,0.0,19,20:29,0,0,0,2,0.0
684,2016-12-04,27,28-015,CHI,,WPG,L,0,1,1,0,2,0,0,0,0,1,0,0,1,0.0,23,22:42,3,0,0,2,0.0
685,2016-12-06,28,28-017,CHI,,ARI,W,0,1,1,0,0,0,0,0,0,0,1,0,2,0.0,18,18:01,0,0,0,1,0.0
686,2016-12-09,29,28-020,CHI,,NYR,L-OT,0,0,0,0,2,0,0,0,0,0,0,0,4,0.0,20,19:41,0,0,0,1,0.0
687,2016-12-11,30,28-022,CHI,,DAL,W,0,1,1,0,0,0,0,0,0,0,1,0,3,0.0,22,20:11,0,0,0,3,0.0
688,2016-12-13,31,28-024,CHI,@,NYR,W,0,0,0,0,0,0,0,0,0,0,0,0,5,0.0,22,18:09,0,1,0,1,0.0
689,2016-12-15,32,28-026,CHI,@,NYI,W,0,1,1,-2,2,0,0,0,0,0,1,0,2,0.0,21,17:49,0,0,1,1,50.0
690,2016-12-17,33,28-028,CHI,@,STL,W,1,1,2,2,0,1,0,0,0,1,0,0,4,25.0,23,23:04,0,0,0,0,
691,2016-12-18,34,28-029,CHI,,SJS,W,1,0,1,2,0,1,0,0,0,0,0,0,4,25.0,23,21:18,0,1,0,0,
692,2016-12-20,35,28-031,CHI,,OTT,L,0,2,2,0,0,0,0,0,0,1,1,0,6,0.0,25,26:01,0,0,0,2,0.0
693,2016-12-23,36,28-034,CHI,,COL,L-OT,0,0,0,-1,0,0,0,0,0,0,0,0,2,0.0,27,25:36,0,2,0,0,
694,2016-12-27,37,28-038,CHI,,WPG,L,0,1,1,1,0,0,0,0,0,1,0,0,4,0.0,25,24:38,0,0,0,2,0.0
695,2016-12-29,38,28-040,CHI,@,NSH,W,1,1,2,1,0,1,0,0,1,0,1,0,4,25.0,27,23:32,0,0,0,0,
696,2016-12-30,39,28-041,CHI,@,CAR,L,0,0,0,-2,2,0,0,0,0,0,0,0,3,0.0,27,20:15,0,0,0,0,
697,2017-01-02,40,28-044,CHI,@,STL,L,0,0,0,0,0,0,0,0,0,0,0,0,3,0.0,21,20:30,0,0,0,0,
698,2017-01-05,41,28-047,CHI,,BUF,W,1,2,3,3,0,1,0,0,1,2,0,0,7,14.3,23,21:33,0,0,0,1,0.0
699,2017-01-06,42,28-048,CHI,,CAR,W,0,1,1,0,0,0,0,0,0,0,1,0,2,0.0,22,19:31,1,0,0,0,
700,2017-01-08,43,28-050,CHI,,NSH,W,0,3,3,2,0,0,0,0,0,3,0,0,2,0.0,25,19:00,0,0,0,0,
701,2017-01-10,44,28-052,CHI,,DET,W,0,1,1,-2,2,0,0,0,0,0,1,0,3,0.0,26,23:36,0,0,0,1,0.0
702,2017-01-13,45,28-055,CHI,@,WSH,L,0,0,0,-1,0,0,0,0,0,0,0,0,5,0.0,22,19:32,0,0,0,0,
703,2017-01-15,46,28-057,CHI,,MIN,L,2,0,2,1,0,2,0,0,0,0,0,0,12,16.7,26,27:09,2,0,0,1,0.0
704,2017-01-17,47,28-059,CHI,@,COL,W,0,0,0,0,0,0,0,0,0,0,0,0,2,0.0,24,21:08,0,1,0,2,0.0
705,2017-01-20,48,28-062,CHI,@,BOS,W,0,0,0,0,0,0,0,0,0,0,0,0,5,0.0,23,24:13,0,0,0,0,
706,2017-01-22,49,28-064,CHI,,VAN,W,1,0,1,0,0,1,0,0,0,0,0,0,4,25.0,19,17:58,0,0,0,0,
707,2017-01-24,50,28-066,CHI,,TBL,L,0,0,0,0,0,0,0,0,0,0,0,0,2,0.0,22,21:36,0,0,0,0,
708,2017-01-26,51,28-068,CHI,,WPG,L,0,1,1,-2,2,0,0,0,0,1,0,0,5,0.0,19,19:12,0,0,0,0,
709,2017-01-31,52,28-073,CHI,@,SJS,L,0,0,0,-1,0,0,0,0,0,0,0,0,2,0.0,22,19:13,2,1,0,0,
710,2017-02-02,53,28-075,CHI,@,ARI,W,1,1,2,1,0,0,1,0,0,1,0,0,5,20.0,23,19:37,0,0,0,0,
711,2017-02-04,54,28-077,CHI,@,DAL,W,1,0,1,1,0,1,0,0,0,0,0,0,4,25.0,24,21:05,0,0,0,0,
712,2017-02-08,55,28-081,CHI,@,MIN,W,0,1,1,-2,0,0,0,0,0,0,1,0,6,0.0,25,19:44,1,0,0,0,
713,2017-02-10,56,28-083,CHI,@,WPG,W,1,1,2,2,2,1,0,0,0,1,0,0,6,16.7,20,17:35,0,0,0,1,0.0
714,2017-02-11,57,28-084,CHI,@,EDM,W,1,2,3,0,0,0,1,0,1,1,1,0,2,50.0,21,19:16,0,1,0,0,
715,2017-02-18,58,28-091,CHI,,EDM,L,0,0,0,-1,0,0,0,0,0,0,0,0,3,0.0,21,23:12,0,0,0,0,
716,2017-02-19,59,28-092,CHI,@,BUF,W,1,1,2,2,0,1,0,0,0,1,0,0,3,33.3,20,18:06,0,0,0,0,
717,2017-02-21,60,28-094,CHI,@,MIN,W,0,0,0,0,0,0,0,0,0,0,0,0,6,0.0,23,20:03,0,0,0,0,
718,2017-02-23,61,28-096,CHI,,ARI,W,3,0,3,2,0,3,0,0,0,0,0,0,5,60.0,24,21:09,0,0,0,0,
719,2017-02-26,62,28-099,CHI,,STL,W,1,1,2,1,0,0,1,0,0,1,0,0,3,33.3,23,21:30,1,0,0,0,
720,2017-03-01,63,28-102,CHI,,PIT,W,3,0,3,2,0,3,0,0,0,0,0,0,5,60.0,28,21:07,1,0,0,0,
721,2017-03-03,64,28-104,CHI,,NYI,W,0,0,0,1,0,0,0,0,0,0,0,0,2,0.0,27,26:10,0,0,0,0,
722,2017-03-04,65,28-105,CHI,@,NSH,W,2,0,2,-1,0,1,1,0,0,0,0,0,6,33.3,23,17:08,1,0,0,0,
723,2017-03-09,66,28-110,CHI,,ANA,L,0,0,0,0,0,0,0,0,0,0,0,0,6,0.0,24,21:09,0,0,0,1,0.0
724,2017-03-10,67,28-111,CHI,@,DET,L,0,1,1,-3,0,0,0,0,0,1,0,0,2,0.0,24,19:31,0,1,0,0,
725,2017-03-12,68,28-113,CHI,,MIN,W,1,1,2,0,0,1,0,0,0,1,0,0,5,20.0,25,21:24,0,0,0,0,
726,2017-03-14,69,28-115,CHI,@,MTL,W,1,2,3,3,2,1,0,0,0,2,0,0,4,25.0,29,23:13,3,0,0,0,
727,2017-03-16,70,28-117,CHI,@,OTT,W,0,1,1,1,0,0,0,0,0,0,1,0,3,0.0,20,20:06,1,1,0,0,
728,2017-03-18,71,28-119,CHI,@,TOR,W,0,0,0,0,0,0,0,0,0,0,0,0,5,0.0,23,23:13,1,0,0,0,
729,2017-03-19,72,28-120,CHI,,COL,W,1,1,2,2,0,1,0,0,0,1,0,0,2,50.0,26,22:18,0,0,0,0,
730,2017-03-21,73,28-122,CHI,,VAN,L-OT,0,1,1,-1,0,0,0,0,0,1,0,0,4,0.0,23,24:33,0,1,0,0,
731,2017-03-23,74,28-124,CHI,,DAL,W,1,0,1,-1,0,0,1,0,0,0,0,0,5,20.0,29,24:25,0,0,0,0,
732,2017-03-25,75,28-126,CHI,@,FLA,L,0,0,0,-4,2,0,0,0,0,0,0,0,1,0.0,20,16:27,0,0,0,0,
733,2017-03-27,76,28-128,CHI,@,TBL,L-OT,1,0,1,1,0,1,0,0,0,0,0,0,3,33.3,25,24:10,1,1,0,0,
734,2017-03-29,77,28-130,CHI,@,PIT,W,0,2,2,3,0,0,0,0,0,2,0,0,1,0.0,19,18:51,0,0,1,1,50.0
735,2017-03-31,78,28-132,CHI,,CBJ,W,0,3,3,2,0,0,0,0,0,2,1,0,4,0.0,24,19:12,0,0,0,1,0.0
736,2017-04-02,79,28-134,CHI,,BOS,L,0,0,0,0,0,0,0,0,0,0,0,0,5,0.0,23,22:00,0,0,0,2,0.0
737,2017-04-04,80,28-136,CHI,@,COL,L-OT,0,1,1,-2,0,0,0,0,0,0,1,0,0,,21,18:27,0,0,0,0,
738,2017-04-06,81,28-138,CHI,@,ANA,L,0,0,0,-1,0,0,0,0,0,0,0,0,3,0.0,19,18:53,0,0,1,0,100.0
739,2017-04-08,82,28-140,CHI,@,LAK,L-OT,0,1,1,-1,0,0,0,0,0,1,0,0,3,0.0,23,18:36,0,0,0,0,
740,2017-10-05,1,28-320,CHI,,PIT,W,1,3,4,5,0,1,0,0,0,3,0,0,2,50.0,22,16:55,0,0,0,0,
741,2017-10-07,2,28-322,CHI,,CBJ,W,1,1,2,1,0,1,0,0,0,1,0,0,6,16.7,25,21:10,3,0,0,0,
742,2017-10-09,3,28-324,CHI,@,TOR,L-OT,0,0,0,-3,0,0,0,0,0,0,0,0,1,0.0,24,22:25,0,0,1,0,100.0
743,2017-10-10,4,28-325,CHI,@,MTL,W,0,0,0,-1,0,0,0,0,0,0,0,0,2,0.0,21,16:44,0,0,0,0,
744,2017-10-12,5,28-327,CHI,,MIN,L,0,1,1,-2,0,0,0,0,0,1,0,0,2,0.0,20,18:30,0,0,0,0,
745,2017-10-14,6,28-329,CHI,,NSH,W,0,1,1,1,0,0,0,0,0,1,0,0,0,,27,23:37,0,1,0,0,
746,2017-10-18,7,28-333,CHI,@,STL,L,0,1,1,0,0,0,0,0,0,0,1,0,3,0.0,21,23:44,0,0,0,0,
747,2017-10-19,8,28-334,CHI,,EDM,L-OT,1,0,1,1,2,1,0,0,0,0,0,0,5,20.0,25,22:37,1,0,0,0,
748,2017-10-21,9,28-336,CHI,@,ARI,W,1,0,1,1,0,1,0,0,0,0,0,0,3,33.3,20,16:36,0,0,0,0,
749,2017-10-24,10,28-339,CHI,@,VEG,L,1,0,1,0,0,1,0,0,0,0,0,0,6,16.7,24,19:27,0,0,0,0,
750,2017-10-27,11,28-342,CHI,,NSH,L,0,0,0,-1,4,0,0,0,0,0,0,0,5,0.0,22,19:22,0,0,0,0,
751,2017-10-28,12,28-343,CHI,@,COL,L,0,0,0,-2,0,0,0,0,0,0,0,0,4,0.0,22,19:49,0,0,0,0,
752,2017-11-01,13,28-347,CHI,,PHI,W,0,1,1,0,0,0,0,0,0,0,1,0,2,0.0,25,17:48,0,0,0,0,
753,2017-11-04,14,28-350,CHI,@,MIN,W,0,1,1,0,0,0,0,0,0,0,1,0,1,0.0,23,17:09,0,0,0,0,
754,2017-11-05,15,28-351,CHI,,MTL,L,0,0,0,0,0,0,0,0,0,0,0,0,3,0.0,23,19:37,0,0,0,0,
755,2017-11-09,16,28-355,CHI,@,PHI,L,0,0,0,-2,0,0,0,0,0,0,0,0,5,0.0,24,20:39,0,0,0,0,
756,2017-11-11,17,28-357,CHI,@,CAR,W,0,1,1,1,0,0,0,0,0,1,0,0,3,0.0,26,21:34,0,0,0,0,
757,2017-11-12,18,28-358,CHI,,NJD,L,1,1,2,-2,0,0,1,0,0,1,0,0,6,16.7,27,21:54,0,0,2,0,100.0
758,2017-11-15,19,28-361,CHI,,NYR,W,0,1,1,2,0,0,0,0,0,1,0,0,4,0.0,25,19:26,0,0,0,0,
759,2017-11-18,20,28-364,CHI,@,PIT,W,0,1,1,0,0,0,0,0,0,0,1,0,5,0.0,23,19:40,0,0,0,0,
760,2017-11-22,21,29-003,CHI,@,TBL,L-OT,2,0,2,0,0,1,1,0,0,0,0,0,5,40.0,21,18:03,1,0,0,0,
761,2017-11-25,22,29-006,CHI,@,FLA,W,1,0,1,1,2,1,0,0,0,0,0,0,2,50.0,21,15:37,0,0,0,0,
762,2017-11-27,23,29-008,CHI,,ANA,W,0,3,3,1,2,0,0,0,0,1,2,0,3,0.0,20,16:34,0,2,0,0,
763,2017-11-28,24,29-009,CHI,@,NSH,L,0,0,0,0,2,0,0,0,0,0,0,0,6,0.0,24,20:04,0,0,0,0,
764,2017-11-30,25,29-011,CHI,,DAL,L-OT,1,1,2,0,0,1,0,0,0,0,1,0,5,20.0,23,22:20,0,0,0,0,
765,2017-12-02,26,29-013,CHI,@,DAL,L-SO,0,0,0,0,2,0,0,0,0,0,0,0,0,,24,20:53,0,0,0,0,
766,2017-12-03,27,29-014,CHI,,LAK,L,0,0,0,-2,0,0,0,0,0,0,0,0,5,0.0,24,21:13,0,0,0,0,
767,2017-12-06,28,29-017,CHI,@,WSH,L,0,0,0,-3,0,0,0,0,0,0,0,0,2,0.0,22,20:22,0,1,0,0,
768,2017-12-08,29,29-019,CHI,,BUF,W,0,0,0,-1,0,0,0,0,0,0,0,0,5,0.0,26,23:17,0,0,0,0,
769,2017-12-10,30,29-021,CHI,,ARI,W,0,2,2,2,0,0,0,0,0,2,0,0,2,0.0,23,18:31,0,0,0,0,
770,2017-12-12,31,29-023,CHI,,FLA,W,1,0,1,0,0,1,0,0,1,0,0,0,2,50.0,23,23:52,1,1,0,0,
771,2017-12-14,32,29-025,CHI,@,WPG,W,1,1,2,2,0,1,0,0,0,1,0,0,3,33.3,21,16:43,0,0,0,0,
772,2017-12-17,33,29-028,CHI,,MIN,W,2,0,2,2,0,2,0,0,1,0,0,0,5,40.0,20,20:18,1,0,0,0,
773,2017-12-21,34,29-032,CHI,@,DAL,L,0,0,0,-1,2,0,0,0,0,0,0,0,2,0.0,21,19:11,1,1,0,0,
774,2017-12-23,35,29-034,CHI,@,NJD,L,1,0,1,1,0,1,0,0,0,0,0,0,7,14.3,27,23:13,0,0,0,0,
775,2017-12-28,36,29-039,CHI,@,VAN,L,0,1,1,-2,0,0,0,0,0,0,1,0,2,0.0,25,23:18,0,0,0,0,
776,2017-12-29,37,29-040,CHI,@,EDM,W,1,1,2,1,0,1,0,0,1,1,0,0,6,16.7,21,18:51,0,0,0,0,
777,2017-12-31,38,29-042,CHI,@,CGY,L-OT,0,0,0,-1,0,0,0,0,0,0,0,0,5,0.0,24,22:06,0,0,0,0,
778,2018-01-03,39,29-045,CHI,@,NYR,W,1,1,2,1,0,1,0,0,0,1,0,0,5,20.0,19,17:52,0,0,0,0,
779,2018-01-05,40,29-047,CHI,,VEG,L,0,0,0,-1,0,0,0,0,0,0,0,0,2,0.0,24,23:57,0,0,0,0,
780,2018-01-07,41,29-049,CHI,,EDM,W,0,0,0,1,2,0,0,0,0,0,0,0,3,0.0,24,22:13,0,0,0,0,
781,2018-01-09,42,29-051,CHI,@,OTT,W,1,4,5,-1,0,0,1,0,0,1,3,0,3,33.3,17,16:14,0,1,0,0,
782,2018-01-10,43,29-052,CHI,,MIN,L,0,0,0,0,2,0,0,0,0,0,0,0,3,0.0,28,26:52,0,0,0,0,
783,2018-01-12,44,29-054,CHI,,WPG,W,0,0,0,-1,0,0,0,0,0,0,0,0,2,0.0,22,19:50,0,0,0,0,
784,2018-01-14,45,29-056,CHI,,DET,L,0,0,0,-1,0,0,0,0,0,0,0,0,4,0.0,23,19:53,0,0,0,0,
785,2018-01-20,46,29-062,CHI,,NYI,L,2,1,3,2,0,2,0,0,0,1,0,0,5,40.0,28,22:33,0,0,0,0,
786,2018-01-22,47,29-064,CHI,,TBL,L,0,0,0,-2,0,0,0,0,0,0,0,0,3,0.0,25,23:30,0,1,0,0,
787,2018-01-24,48,29-066,CHI,,TOR,L-OT,0,1,1,-1,0,0,0,0,0,0,1,0,5,0.0,28,21:37,1,0,1,0,100.0
788,2018-01-25,49,29-067,CHI,@,DET,W,0,0,0,0,0,0,0,0,0,0,0,0,2,0.0,20,17:23,0,0,0,0,
789,2018-01-30,50,29-072,CHI,@,NSH,W,0,1,1,1,0,0,0,0,0,1,0,0,1,0.0,24,21:41,0,0,0,0,
790,2018-02-01,51,29-074,CHI,@,VAN,L,0,0,0,-3,0,0,0,0,0,0,0,0,3,0.0,24,22:23,0,0,0,0,
791,2018-02-03,52,29-076,CHI,@,CGY,L-OT,0,2,2,0,0,0,0,0,0,1,1,0,4,0.0,22,17:58,1,0,0,0,
792,2018-02-06,53,29-079,CHI,,CGY,L,1,0,1,0,0,1,0,0,0,0,0,0,4,25.0,24,22:21,0,0,0,0,
793,2018-02-08,54,29-081,CHI,,DAL,L,0,0,0,-1,0,0,0,0,0,0,0,0,5,0.0,22,20:18,1,0,0,0,
794,2018-02-10,55,29-083,CHI,@,MIN,L,0,0,0,-2,2,0,0,0,0,0,0,0,5,0.0,24,22:28,0,0,0,0,
795,2018-02-12,56,29-085,CHI,@,ARI,L,0,0,0,-2,0,0,0,0,0,0,0,0,5,0.0,21,18:40,0,0,0,0,
796,2018-02-13,57,29-086,CHI,@,VEG,L,0,0,0,-1,2,0,0,0,0,0,0,0,2,0.0,19,16:21,0,0,0,0,
797,2018-02-15,58,29-088,CHI,,ANA,L,0,0,0,-1,0,0,0,0,0,0,0,0,6,0.0,30,21:58,0,0,0,0,
798,2018-02-17,59,29-090,CHI,,WSH,W,1,1,2,2,0,1,0,0,0,0,1,0,7,14.3,19,17:20,0,0,0,1,0.0
799,2018-02-19,60,29-092,CHI,,LAK,L,0,0,0,-2,0,0,0,0,0,0,0,0,0,,23,19:17,0,0,0,0,
800,2018-02-21,61,29-094,CHI,,OTT,W,1,1,2,1,0,1,0,0,0,1,0,0,5,20.0,27,23:40,1,0,0,0,
801,2018-02-23,62,29-096,CHI,,SJS,W,0,0,0,1,0,0,0,0,0,0,0,0,5,0.0,24,21:31,1,0,0,0,
802,2018-02-24,63,29-097,CHI,@,CBJ,L,0,1,1,0,0,0,0,0,0,1,0,0,2,0.0,25,23:47,0,1,0,0,
803,2018-03-01,64,29-102,CHI,@,SJS,L,0,1,1,0,0,0,0,0,0,1,0,0,1,0.0,19,16:22,1,0,0,0,
804,2018-03-03,65,29-104,CHI,@,LAK,W,1,2,3,0,0,1,0,0,0,0,2,0,2,50.0,24,21:13,0,0,0,0,
805,2018-03-04,66,29-105,CHI,@,ANA,L,0,0,0,-2,0,0,0,0,0,0,0,0,7,0.0,22,21:15,0,1,0,0,
806,2018-03-06,67,29-107,CHI,,COL,W,0,1,1,2,0,0,0,0,0,1,0,0,4,0.0,24,20:38,0,0,0,0,
807,2018-03-08,68,29-109,CHI,,CAR,L,0,0,0,-1,0,0,0,0,0,0,0,0,1,0.0,21,21:05,0,1,0,0,
808,2018-03-10,69,29-111,CHI,@,BOS,L,0,1,1,1,4,0,0,0,0,1,0,0,5,0.0,22,19:21,0,0,0,0,
809,2018-03-11,70,29-112,CHI,,BOS,W,1,1,2,0,0,0,1,0,1,1,0,0,5,20.0,21,21:44,1,0,0,0,
810,2018-03-15,71,29-116,CHI,@,WPG,L,0,1,1,-2,0,0,0,0,0,1,0,0,1,0.0,19,19:47,0,0,0,0,
811,2018-03-17,72,29-118,CHI,@,BUF,L,0,2,2,1,0,0,0,0,0,2,0,0,2,0.0,23,19:30,0,0,0,0,
812,2018-03-18,73,29-119,CHI,,STL,L-OT,0,0,0,-1,2,0,0,0,0,0,0,0,6,0.0,29,21:39,0,0,0,0,
813,2018-03-20,74,29-121,CHI,,COL,L,0,1,1,-2,0,0,0,0,0,0,1,0,6,0.0,20,18:48,0,1,0,0,
814,2018-03-22,75,29-123,CHI,,VAN,L,0,1,1,-1,0,0,0,0,0,1,0,0,1,0.0,23,20:51,1,0,0,0,
815,2018-03-24,76,29-125,CHI,@,NYI,W,1,0,1,1,0,0,1,0,0,0,0,0,3,33.3,20,17:34,0,0,2,9,18.2
816,2018-03-26,77,29-127,CHI,,SJS,L-SO,0,0,0,-3,0,0,0,0,0,0,0,0,2,0.0,21,20:11,0,0,0,0,
817,2018-03-29,78,29-130,CHI,,WPG,W,1,1,2,1,0,1,0,0,0,1,0,0,4,25.0,20,18:07,0,0,0,1,0.0
818,2018-03-30,79,29-131,CHI,@,COL,L,0,0,0,-1,0,0,0,0,0,0,0,0,2,0.0,19,16:51,1,1,0,0,
819,2018-04-04,80,29-136,CHI,@,STL,W,0,0,0,-1,0,0,0,0,0,0,0,0,1,0.0,18,18:44,0,0,1,0,100.0
820,2018-04-06,81,29-138,CHI,,STL,L,0,1,1,-1,2,0,0,0,0,1,0,0,3,0.0,24,19:43,1,0,0,0,
821,2018-04-07,82,29-139,CHI,@,WPG,L,0,1,1,0,0,0,0,0,0,1,0,0,3,0.0,18,17:09,0,1,0,0,
822,2018-10-04,1,29-319,CHI,@,OTT,W,1,1,2,1,0,1,0,0,1,1,0,0,6,16.7,26,23:49,0,0,0,0,
823,2018-10-06,2,29-321,CHI,@,STL,W,1,1,2,2,2,1,0,0,0,1,0,0,7,14.3,26,21:28,0,1,0,0,
824,2018-10-07,3,29-322,CHI,,TOR,L-OT,2,0,2,0,2,2,0,0,0,0,0,0,7,28.6,25,22:06,0,0,0,0,
825,2018-10-11,4,29-326,CHI,@,MIN,L-OT,0,1,1,0,0,0,0,0,0,0,1,0,4,0.0,28,23:31,0,0,0,0,
826,2018-10-13,5,29-328,CHI,,STL,W,1,0,1,0,0,0,1,0,0,0,0,0,9,11.1,25,24:36,0,0,0,0,
827,2018-10-18,6,29-333,CHI,,ARI,L,0,0,0,-1,0,0,0,0,0,0,0,0,1,0.0,23,19:38,0,0,0,0,
828,2018-10-20,7,29-335,CHI,@,CBJ,W,2,1,3,2,0,2,0,0,0,1,0,0,4,50.0,26,19:16,0,0,0,0,
829,2018-10-21,8,29-336,CHI,,TBL,L,0,1,1,-3,0,0,0,0,0,0,1,0,5,0.0,21,20:00,1,0,0,1,0.0
830,2018-10-23,9,29-338,CHI,,ANA,W,1,0,1,0,0,1,0,0,1,0,0,0,5,20.0,22,18:15,1,1,0,0,
831,2018-10-25,10,29-340,CHI,,NYR,W,1,0,1,1,0,1,0,0,0,0,0,0,5,20.0,21,20:01,0,0,0,0,
832,2018-10-27,11,29-342,CHI,@,STL,L,2,1,3,1,0,2,0,0,0,1,0,0,2,100.0,27,21:34,0,0,0,0,
833,2018-10-28,12,29-343,CHI,,EDM,L-OT,0,1,1,-1,0,0,0,0,0,0,1,0,3,0.0,20,20:50,0,0,0,0,
834,2018-11-01,13,29-347,CHI,@,EDM,L,0,0,0,0,0,0,0,0,0,0,0,0,6,0.0,20,18:57,0,1,0,0,
835,2018-11-03,14,29-349,CHI,@,CGY,L,0,1,1,-2,0,0,0,0,0,0,1,0,0,,21,19:53,0,0,0,0,
836,2018-11-08,15,29-354,CHI,,CAR,L,1,1,2,0,0,1,0,0,0,1,0,0,3,33.3,27,27:43,1,1,0,0,
837,2018-11-10,16,29-356,CHI,@,PHI,L,0,0,0,-3,0,0,0,0,0,0,0,0,4,0.0,24,24:33,1,1,0,0,
838,2018-11-12,17,29-358,CHI,@,CAR,L-OT,0,1,1,0,0,0,0,0,0,1,0,0,6,0.0,25,20:52,1,0,0,0,
839,2018-11-14,18,29-360,CHI,,STL,W,0,1,1,0,0,0,0,0,0,0,1,0,0,,22,22:26,0,1,0,0,
840,2018-11-16,19,29-362,CHI,,LAK,L-SO,0,0,0,1,0,0,0,0,0,0,0,0,2,0.0,23,24:09,0,0,0,0,
841,2018-11-18,20,29-364,CHI,,MIN,W,0,2,2,1,0,0,0,0,0,1,1,0,2,0.0,23,19:35,0,0,0,0,
842,2018-11-21,21,30-002,CHI,@,WSH,L,0,0,0,0,0,0,0,0,0,0,0,0,4,0.0,22,24:36,0,0,1,0,100.0
843,2018-11-23,22,30-004,CHI,@,TBL,L,0,0,0,-2,0,0,0,0,0,0,0,0,5,0.0,21,21:46,0,0,0,0,
844,2018-11-24,23,30-005,CHI,@,FLA,W,1,1,2,0,4,1,0,0,0,1,0,0,6,16.7,27,24:25,1,0,0,0,
845,2018-11-27,24,30-008,CHI,,VEG,L,0,1,1,0,2,0,0,0,0,1,0,0,2,0.0,18,19:00,0,0,0,0,
846,2018-11-29,25,30-010,CHI,@,WPG,L,0,1,1,-4,0,0,0,0,0,1,0,0,2,0.0,24,22:48,0,0,0,0,
847,2018-12-01,26,30-012,CHI,@,NSH,L,0,1,1,-1,0,0,0,0,0,1,0,0,0,,25,21:28,0,1,0,0,
848,2018-12-02,27,30-013,CHI,,CGY,L,0,0,0,0,0,0,0,0,0,0,0,0,4,0.0,25,23:54,0,0,0,0,
849,2018-12-05,28,30-016,CHI,@,ANA,L,0,1,1,-1,0,0,0,0,0,1,0,0,3,0.0,21,21:48,1,0,0,0,
850,2018-12-06,29,30-017,CHI,@,VEG,L,0,1,1,1,0,0,0,0,0,1,0,0,4,0.0,29,27:49,0,0,0,0,
851,2018-12-09,30,30-020,CHI,,MTL,L,2,0,2,0,0,1,1,0,0,0,0,0,8,25.0,22,21:16,0,0,0,0,
852,2018-12-11,31,30-022,CHI,@,WPG,L,0,2,2,2,2,0,0,0,0,2,0,0,3,0.0,22,20:29,0,0,0,0,
853,2018-12-12,32,30-023,CHI,,PIT,W,0,1,1,-1,0,0,0,0,0,0,1,0,2,0.0,23,22:05,2,0,0,0,
854,2018-12-14,33,30-025,CHI,,WPG,L-OT,0,0,0,-1,0,0,0,0,0,0,0,0,8,0.0,24,23:45,0,0,0,0,
855,2018-12-16,34,30-027,CHI,,SJS,L,0,1,1,0,2,0,0,0,0,1,0,0,2,0.0,24,23:24,0,0,0,0,
856,2018-12-18,35,30-029,CHI,,NSH,W,0,1,1,-1,0,0,0,0,0,0,1,0,7,0.0,22,20:08,0,1,0,0,
857,2018-12-20,36,30-031,CHI,@,DAL,W,2,1,3,1,0,2,0,0,1,0,1,0,4,50.0,21,19:56,0,1,0,0,
858,2018-12-21,37,30-032,CHI,@,COL,W,0,1,1,0,0,0,0,0,0,1,0,0,4,0.0,21,19:37,0,0,0,0,
859,2018-12-23,38,30-034,CHI,,FLA,L,0,1,1,-1,0,0,0,0,0,1,0,0,2,0.0,22,19:41,0,1,0,0,
860,2018-12-27,39,30-038,CHI,,MIN,W,3,0,3,2,0,2,1,0,1,0,0,0,4,75.0,24,21:22,0,1,0,0,
861,2018-12-29,40,30-040,CHI,@,COL,W,2,1,3,1,0,1,1,0,1,0,1,0,4,50.0,23,22:49,0,0,0,0,
862,2019-01-01,41,30-043,CHI,,BOS,L,0,0,0,-1,2,0,0,0,0,0,0,0,5,0.0,27,23:21,0,0,0,0,
863,2019-01-03,42,30-045,CHI,@,NYI,L-OT,1,0,1,-2,0,0,1,0,0,0,0,0,4,25.0,27,23:05,0,0,0,0,
864,2019-01-06,43,30-048,CHI,@,PIT,W,0,3,3,1,0,0,0,0,0,2,1,0,2,0.0,22,20:43,1,1,0,0,
865,2019-01-07,44,30-049,CHI,,CGY,L,1,1,2,0,0,1,0,0,0,1,0,0,3,33.3,26,21:51,0,0,0,0,
866,2019-01-09,45,30-051,CHI,,NSH,L-OT,0,2,2,-1,0,0,0,0,0,1,1,0,4,0.0,21,20:43,0,0,0,0,
867,2019-01-12,46,30-054,CHI,,VEG,L-OT,1,1,2,0,0,0,1,0,0,0,1,0,3,33.3,23,21:19,1,0,0,0,
868,2019-01-14,47,30-056,CHI,@,NJD,L,2,2,4,2,0,1,1,0,0,2,0,0,9,22.2,30,28:50,0,0,0,0,
869,2019-01-17,48,30-059,CHI,@,NYR,L,0,1,1,-2,0,0,0,0,0,0,1,0,5,0.0,24,25:17,0,0,0,0,
870,2019-01-20,49,30-062,CHI,,WSH,W,2,3,5,5,0,1,1,0,0,3,0,0,5,40.0,24,20:51,0,0,0,0,
871,2019-01-22,50,30-064,CHI,,NYI,W,0,1,1,0,2,0,0,0,0,0,1,0,4,0.0,27,25:29,0,0,0,0,
872,2019-02-01,51,30-074,CHI,@,BUF,W,2,2,4,3,0,2,0,0,0,2,0,0,4,50.0,20,21:37,1,0,0,0,
873,2019-02-02,52,30-075,CHI,@,MIN,W,0,1,1,-1,0,0,0,0,0,0,1,0,4,0.0,25,26:46,0,0,0,0,
874,2019-02-05,53,30-078,CHI,@,EDM,W,1,1,2,2,0,1,0,0,0,1,0,0,4,25.0,25,23:44,0,0,0,0,
875,2019-02-07,54,30-080,CHI,,VAN,W,0,1,1,-1,0,0,0,0,0,0,1,0,4,0.0,23,22:41,0,0,0,0,
876,2019-02-10,55,30-083,CHI,,DET,W,1,1,2,1,0,1,0,0,0,1,0,0,5,20.0,22,22:54,0,1,0,0,
877,2019-02-12,56,30-085,CHI,@,BOS,L,0,1,1,-1,0,0,0,0,0,1,0,0,1,0.0,23,23:07,3,0,0,0,
878,2019-02-14,57,30-087,CHI,,NJD,W,1,2,3,3,0,1,0,0,0,2,0,0,3,33.3,23,22:19,0,0,0,0,
879,2019-02-16,58,30-089,CHI,,CBJ,L,1,1,2,0,0,0,1,0,0,1,0,0,6,16.7,23,22:13,0,0,0,0,
880,2019-02-18,59,30-091,CHI,,OTT,W,1,2,3,0,0,1,0,0,0,0,2,0,6,16.7,24,21:53,0,0,0,0,
881,2019-02-20,60,30-093,CHI,@,DET,W,2,0,2,2,2,2,0,0,1,0,0,0,3,66.7,26,24:38,0,0,0,0,
882,2019-02-22,61,30-095,CHI,,COL,L,1,0,1,-2,0,1,0,0,0,0,0,0,13,7.7,26,24:46,1,0,0,0,
883,2019-02-24,62,30-097,CHI,,DAL,L,0,0,0,0,0,0,0,0,0,0,0,0,7,0.0,22,25:50,1,0,0,0,
884,2019-02-27,63,30-100,CHI,@,ANA,W,1,0,1,-2,0,1,0,0,1,0,0,0,5,20.0,26,23:55,0,0,0,0,
885,2019-03-02,64,30-103,CHI,@,LAK,L,0,0,0,-3,0,0,0,0,0,0,0,0,6,0.0,25,26:14,1,1,0,0,
886,2019-03-03,65,30-104,CHI,@,SJS,L,0,0,0,-1,0,0,0,0,0,0,0,0,3,0.0,21,23:34,0,0,0,0,
887,2019-03-07,66,30-108,CHI,,BUF,W,0,2,2,1,0,0,0,0,0,2,0,0,4,0.0,27,25:13,0,0,0,0,
888,2019-03-09,67,30-110,CHI,@,DAL,W,0,1,1,1,0,0,0,0,0,1,0,0,6,0.0,26,24:50,0,3,0,0,
889,2019-03-11,68,30-112,CHI,,ARI,W,1,0,1,1,0,1,0,0,0,0,0,0,3,33.3,19,16:43,0,0,0,0,
890,2019-03-13,69,30-114,CHI,@,TOR,W,0,1,1,1,2,0,0,0,0,1,0,0,0,,21,18:22,0,0,0,0,
891,2019-03-16,70,30-117,CHI,@,MTL,W,0,0,0,0,0,0,0,0,0,0,0,0,2,0.0,21,18:19,0,0,0,0,
892,2019-03-18,71,30-119,CHI,,VAN,L-OT,0,2,2,0,0,0,0,0,0,1,1,0,4,0.0,25,24:08,1,0,0,0,
893,2019-03-21,72,30-122,CHI,,PHI,L,0,0,0,-1,0,0,0,0,0,0,0,0,2,0.0,25,23:23,0,0,0,0,
894,2019-03-23,73,30-124,CHI,@,COL,L,0,1,1,0,0,0,0,0,0,1,0,0,3,0.0,22,24:28,0,0,0,1,0.0
895,2019-03-24,74,30-125,CHI,,COL,W,0,0,0,0,0,0,0,0,0,0,0,0,7,0.0,23,22:32,1,0,0,0,
896,2019-03-26,75,30-127,CHI,@,ARI,L,0,0,0,0,0,0,0,0,0,0,0,0,2,0.0,23,21:02,1,0,0,0,
897,2019-03-28,76,30-129,CHI,@,SJS,W,0,2,2,1,0,0,0,0,0,1,1,0,2,0.0,22,21:37,0,1,0,2,0.0
898,2019-03-30,77,30-131,CHI,@,LAK,L-OT,0,1,1,1,0,0,0,0,0,1,0,0,8,0.0,26,26:18,0,0,0,0,
899,2019-04-01,78,30-133,CHI,,WPG,L-OT,0,0,0,-1,0,0,0,0,0,0,0,0,4,0.0,24,24:17,0,0,0,0,
900,2019-04-03,79,30-135,CHI,,STL,W,1,1,2,0,0,1,0,0,0,1,0,0,6,16.7,26,23:31,0,0,0,0,
901,2019-04-05,80,30-137,CHI,,DAL,W,2,0,2,3,0,2,0,0,0,0,0,0,9,22.2,19,21:06,0,0,0,0,
902,2019-04-06,81,30-138,CHI,@,NSH,L,0,1,1,-1,0,0,0,0,0,1,0,0,2,0.0,23,22:50,0,0,0,0,
903,2019-10-04,1,30-319,CHI,@,PHI,L,1,2,3,1,0,1,0,0,0,1,1,0,2,50.0,24,21:28,0,0,0,0,
904,2019-10-10,2,30-325,CHI,,SJS,L,0,1,1,0,2,0,0,0,0,1,0,0,2,0.0,23,20:25,1,0,0,0,
905,2019-10-12,3,30-327,CHI,,WPG,L-OT,0,0,0,-1,0,0,0,0,0,0,0,0,2,0.0,20,20:29,1,0,0,0,
906,2019-10-14,4,30-329,CHI,,EDM,W,1,0,1,1,0,1,0,0,0,0,0,0,2,50.0,21,19:21,1,0,0,0,
907,2019-10-18,5,30-333,CHI,,CBJ,W,0,2,2,0,0,0,0,0,0,1,1,0,9,0.0,23,21:19,0,0,0,0,
908,2019-10-20,6,30-335,CHI,,WSH,L,1,0,1,-2,0,1,0,0,0,0,0,0,3,33.3,22,24:32,1,0,0,0,
909,2019-10-22,7,30-337,CHI,,VEG,L-SO,0,0,0,0,0,0,0,0,0,0,0,0,4,0.0,24,22:36,1,0,0,0,
910,2019-10-24,8,30-339,CHI,,PHI,L,0,0,0,-3,2,0,0,0,0,0,0,0,1,0.0,25,22:23,1,0,0,0,
911,2019-10-26,9,30-341,CHI,@,CAR,L,0,0,0,-1,0,0,0,0,0,0,0,0,3,0.0,21,21:14,0,0,0,0,
912,2019-10-27,10,30-342,CHI,,LAK,W,0,1,1,0,0,0,0,0,0,1,0,0,5,0.0,19,16:16,0,0,0,0,
913,2019-10-29,11,30-344,CHI,@,NSH,L,0,0,0,0,4,0,0,0,0,0,0,0,2,0.0,23,20:14,0,1,0,0,
914,2019-11-02,12,30-348,CHI,@,LAK,L-OT,0,1,1,0,0,0,0,0,0,1,0,0,2,0.0,23,23:03,0,0,0,1,0.0
915,2019-11-03,13,30-349,CHI,@,ANA,W,1,1,2,0,0,1,0,0,1,0,1,0,3,33.3,20,19:45,0,0,0,0,
916,2019-11-05,14,30-351,CHI,@,SJS,L,0,1,1,0,0,0,0,0,0,1,0,0,2,0.0,20,23:35,2,0,0,0,
917,2019-11-07,15,30-353,CHI,,VAN,W,1,2,3,0,0,0,1,0,1,1,1,0,4,25.0,22,19:23,2,1,0,0,
918,2019-11-09,16,30-355,CHI,@,PIT,L-SO,1,0,1,1,2,1,0,0,0,0,0,0,3,33.3,25,24:28,0,0,0,0,
919,2019-11-10,17,30-356,CHI,,TOR,W,2,1,3,1,0,2,0,0,0,0,1,0,5,40.0,20,18:45,0,0,0,0,
920,2019-11-13,18,30-359,CHI,@,VEG,W,1,2,3,3,0,1,0,0,0,2,0,0,4,25.0,24,19:13,0,0,0,0,
921,2019-11-16,19,30-362,CHI,@,NSH,W,1,1,2,2,0,1,0,0,0,1,0,0,2,50.0,20,17:51,0,0,0,0,
922,2019-11-17,20,30-363,CHI,,BUF,W,1,0,1,0,0,0,1,0,0,0,0,0,3,33.3,20,18:01,0,1,0,0,
923,2019-11-19,21,31-000,CHI,,CAR,L,0,2,2,-1,12,0,0,0,0,2,0,0,4,0.0,22,23:14,0,0,0,0,
924,2019-11-21,22,31-002,CHI,,TBL,L,0,1,1,0,0,0,0,0,0,1,0,0,8,0.0,30,27:52,0,0,0,0,
925,2019-11-23,23,31-004,CHI,@,DAL,L-SO,0,1,1,1,0,0,0,0,0,1,0,0,8,0.0,26,23:10,0,1,0,0,
926,2019-11-26,24,31-007,CHI,,DAL,W,1,0,1,0,0,0,1,0,0,0,0,0,3,33.3,20,21:53,0,0,0,0,
927,2019-11-29,25,31-010,CHI,,COL,L,1,0,1,1,0,1,0,0,0,0,0,0,3,33.3,22,21:25,1,0,0,0,
928,2019-11-30,26,31-011,CHI,@,COL,L,1,0,1,-3,0,0,1,0,0,0,0,0,5,20.0,22,22:02,0,0,0,0,
929,2019-12-02,27,31-013,CHI,,STL,L,0,0,0,-1,2,0,0,0,0,0,0,0,6,0.0,25,24:30,1,0,0,0,
930,2019-12-05,28,31-016,CHI,@,BOS,W,0,1,1,1,2,0,0,0,0,0,1,0,5,0.0,23,21:55,0,0,0,0,
931,2019-12-06,29,31-017,CHI,@,NJD,W,0,1,1,0,0,0,0,0,0,0,1,0,4,0.0,26,22:05,0,2,0,0,
932,2019-12-08,30,31-019,CHI,,ARI,L-SO,0,1,1,0,0,0,0,0,0,0,1,0,0,,23,20:30,1,3,0,1,0.0
933,2019-12-10,31,31-021,CHI,@,VEG,L,0,0,0,-1,0,0,0,0,0,0,0,0,2,0.0,21,19:15,0,0,0,0,
934,2019-12-12,32,31-023,CHI,@,ARI,L,0,0,0,-3,0,0,0,0,0,0,0,0,1,0.0,22,20:23,0,0,0,0,
935,2019-12-14,33,31-025,CHI,@,STL,L,1,0,1,1,2,1,0,0,0,0,0,0,3,33.3,21,20:52,0,0,0,0,
936,2019-12-15,34,31-026,CHI,,MIN,W,3,0,3,1,0,2,1,0,0,0,0,0,7,42.9,21,19:24,0,0,0,0,
937,2019-12-18,35,31-029,CHI,,COL,L,0,0,0,-1,0,0,0,0,0,0,0,0,3,0.0,19,22:23,1,0,0,0,
938,2019-12-19,36,31-030,CHI,@,WPG,W,1,3,4,3,0,1,0,0,0,2,1,0,8,12.5,26,19:12,0,0,0,0,
939,2019-12-21,37,31-032,CHI,@,COL,W,1,1,2,2,0,1,0,0,0,1,0,0,2,50.0,23,21:06,0,0,0,0,
940,2019-12-23,38,31-034,CHI,,NJD,L,0,0,0,-3,2,0,0,0,0,0,0,0,2,0.0,24,21:23,0,0,0,0,
941,2019-12-27,39,31-038,CHI,,NYI,W,0,1,1,0,0,0,0,0,0,1,0,0,2,0.0,19,20:12,0,1,0,0,
942,2019-12-29,40,31-040,CHI,@,CBJ,W,0,0,0,-1,0,0,0,0,0,0,0,0,3,0.0,27,24:14,0,0,0,0,
943,2019-12-31,41,31-042,CHI,@,CGY,W,2,2,4,2,2,2,0,0,0,1,1,0,6,33.3,22,19:30,0,1,1,1,50.0
944,2020-01-02,42,31-044,CHI,@,VAN,L,2,0,2,0,0,1,1,0,0,0,0,0,6,33.3,24,23:02,0,1,0,0,
945,2020-01-05,43,31-047,CHI,,DET,W,0,1,1,1,0,0,0,0,0,1,0,0,0,,22,21:02,1,0,0,0,
946,2020-01-07,44,31-049,CHI,,CGY,L,0,1,1,0,0,0,0,0,0,1,0,0,7,0.0,22,23:42,1,0,0,0,
947,2020-01-09,45,31-051,CHI,,NSH,L,0,1,1,-3,0,0,0,0,0,0,1,0,4,0.0,23,22:35,0,1,0,0,
948,2020-01-11,46,31-053,CHI,,ANA,W,0,1,1,2,0,0,0,0,0,1,0,0,4,0.0,20,20:01,0,1,0,0,
949,2020-01-14,47,31-056,CHI,@,OTT,W,0,2,2,1,0,0,0,0,0,2,0,0,3,0.0,23,21:16,0,0,0,0,
950,2020-01-15,48,31-057,CHI,@,MTL,W,0,1,1,0,0,0,0,0,0,0,1,0,4,0.0,19,18:45,0,0,0,0,
951,2020-01-18,49,31-060,CHI,@,TOR,W,0,1,1,2,2,0,0,0,0,1,0,0,4,0.0,20,18:39,1,0,0,0,
952,2020-01-19,50,31-061,CHI,,WPG,W,0,1,1,0,0,0,0,0,0,1,0,0,6,0.0,18,18:50,1,0,0,0,
953,2020-01-21,51,31-063,CHI,,FLA,L,1,0,1,1,0,1,0,0,0,0,0,0,6,16.7,23,26:05,0,0,0,0,
954,2020-02-01,52,31-074,CHI,@,ARI,W,0,2,2,2,0,0,0,0,0,2,0,0,4,0.0,25,21:51,0,0,0,0,
955,2020-02-04,53,31-077,CHI,@,MIN,L-OT,0,0,0,-1,2,0,0,0,0,0,0,0,3,0.0,25,20:22,1,0,0,0,
956,2020-02-05,54,31-078,CHI,,BOS,L-OT,0,1,1,0,0,0,0,0,0,0,1,0,1,0.0,21,20:31,0,0,0,0,
957,2020-02-09,55,31-082,CHI,@,WPG,L,0,1,1,-2,0,0,0,0,0,1,0,0,3,0.0,22,20:49,2,0,0,0,
958,2020-02-11,56,31-084,CHI,@,EDM,L,0,2,2,1,0,0,0,0,0,2,0,0,6,0.0,24,23:10,0,1,0,0,
959,2020-02-12,57,31-085,CHI,@,VAN,L,0,0,0,-1,0,0,0,0,0,0,0,0,8,0.0,24,22:33,0,0,0,0,
960,2020-02-15,58,31-088,CHI,@,CGY,W,1,2,3,2,0,1,0,0,0,2,0,0,2,50.0,20,17:21,1,0,0,0,
961,2020-02-16,59,31-089,CHI,@,WPG,L,1,1,2,1,0,1,0,0,0,1,0,0,3,33.3,22,20:45,0,1,0,0,
962,2020-02-19,60,31-092,CHI,,NYR,L,0,1,1,1,0,0,0,0,0,1,0,0,5,0.0,18,20:13,2,0,0,0,
963,2020-02-21,61,31-094,CHI,,NSH,W,0,1,1,-1,0,0,0,0,0,0,1,0,1,0.0,20,22:36,0,0,0,0,
964,2020-02-23,62,31-096,CHI,@,DAL,L,0,1,1,0,0,0,0,0,0,0,1,0,6,0.0,21,24:29,0,0,0,0,
965,2020-02-25,63,31-098,CHI,@,STL,L,1,0,1,-1,0,0,1,0,0,0,0,0,2,50.0,23,22:35,0,0,0,0,
966,2020-02-27,64,31-100,CHI,@,TBL,W,0,0,0,0,2,0,0,0,0,0,0,0,3,0.0,19,20:26,0,1,0,0,
967,2020-02-29,65,31-102,CHI,@,FLA,W,0,0,0,-1,0,0,0,0,0,0,0,0,4,0.0,30,23:23,0,0,0,0,
968,2020-03-03,66,31-105,CHI,,ANA,W,1,1,2,2,2,1,0,0,0,1,0,0,5,20.0,22,18:11,0,1,0,0,
969,2020-03-05,67,31-107,CHI,,EDM,W,1,0,1,0,0,1,0,0,0,0,0,0,3,33.3,22,21:11,0,0,0,0,
970,2020-03-06,68,31-108,CHI,@,DET,L,1,0,1,1,0,1,0,0,0,0,0,0,6,16.7,21,24:13,0,0,0,0,
971,2020-03-08,69,31-110,CHI,,STL,L,0,0,0,-1,0,0,0,0,0,0,0,0,7,0.0,23,26:21,0,0,0,0,
972,2020-03-11,70,31-113,CHI,,SJS,W,2,0,2,2,0,1,1,0,0,0,0,0,11,18.2,19,18:03,0,1,0,0,
