,date_game,game_season,age,team_id,game_location,opp_id,game_result,goals,assists,points,plus_minus,pen_min,goals_ev,goals_pp,goals_sh,goals_gw,assists_ev,assists_pp,assists_sh,shots,shot_pct,shifts,time_on_ice,hits_all,blocks_all,faceoff_wins_all,faceoff_losses_all,faceoff_percentage_all
0,2014-03-11,1,20-234,EDM,@,MIN,W,0,1,1,0,0,0,0,0,0,,,,2,0.0,20,15:19,0,2,0,0,
1,2014-03-13,2,20-236,EDM,@,STL,L,0,0,0,-1,0,0,0,0,0,,,,3,0.0,21,15:01,1,1,0,0,
2,2014-03-14,3,20-237,EDM,@,DET,L-SO,0,0,0,0,0,0,0,0,0,,,,0,,18,11:46,1,0,0,0,
3,2014-03-16,4,20-239,EDM,@,CAR,W,0,0,0,0,0,0,0,0,0,,,,1,0.0,17,10:52,0,1,0,0,
4,2014-03-18,5,20-241,EDM,,NSH,W,0,0,0,0,0,0,0,0,0,,,,0,,17,11:48,1,2,0,0,
5,2014-03-20,6,20-243,EDM,,BUF,L,0,0,0,0,0,0,0,0,0,,,,1,0.0,17,12:47,0,2,0,0,
6,2014-03-22,7,20-245,EDM,,CGY,L,0,0,0,-3,0,0,0,0,0,,,,0,,23,16:58,0,1,0,0,
7,2014-03-25,8,20-248,EDM,,SJS,L,0,0,0,-1,0,0,0,0,0,,,,1,0.0,18,15:17,0,2,0,0,
8,2014-03-28,9,20-251,EDM,,ANA,W,1,0,1,0,0,1,0,0,0,,,,2,50.0,25,16:40,1,1,0,0,
9,2014-03-30,10,20-253,EDM,,NYR,L,0,0,0,0,0,0,0,0,0,,,,0,,19,14:30,0,1,0,0,
10,2014-04-01,11,20-255,EDM,@,SJS,L,0,1,1,1,0,0,0,0,0,,,,0,,24,17:39,1,1,0,0,
11,2014-04-02,12,20-256,EDM,@,ANA,L,0,0,0,0,0,0,0,0,0,,,,1,0.0,22,16:38,0,2,0,0,
12,2014-04-04,13,20-258,EDM,@,PHX,W,0,0,0,0,0,0,0,0,0,,,,2,0.0,33,21:57,0,2,0,0,
13,2014-04-06,14,20-260,EDM,,ANA,W,0,0,0,1,0,0,0,0,0,,,,0,,24,17:27,0,3,0,0,
14,2014-04-08,15,20-262,EDM,,COL,L,0,0,0,-1,0,0,0,0,0,,,,0,,22,18:03,0,0,0,0,
15,2014-04-10,16,20-264,EDM,,LAK,L,0,0,0,-3,0,0,0,0,0,,,,1,0.0,27,20:54,1,4,0,0,
16,2014-04-12,17,20-266,EDM,,VAN,W,0,0,0,1,0,0,0,0,0,,,,0,,19,14:57,0,0,0,0,
17,2014-11-04,1,21-107,EDM,@,PHI,L,0,0,0,-2,0,0,0,0,0,0,0,0,1,0.0,26,18:22,0,2,0,0,
18,2014-11-06,2,21-109,EDM,@,BOS,L,0,0,0,0,0,0,0,0,0,0,0,0,1,0.0,27,18:53,0,0,0,0,
19,2014-11-27,3,21-130,EDM,@,NSH,L-OT,0,0,0,0,0,0,0,0,0,0,0,0,1,0.0,21,14:32,0,0,0,0,
20,2014-11-28,4,21-131,EDM,@,STL,L-OT,0,0,0,-2,2,0,0,0,0,0,0,0,1,0.0,25,17:21,1,0,0,0,
21,2014-12-01,5,21-134,EDM,,ARI,L,0,1,1,1,0,0,0,0,0,1,0,0,1,0.0,23,17:54,3,1,0,0,
22,2014-12-03,6,21-136,EDM,@,WPG,L-OT,0,0,0,-1,0,0,0,0,0,0,0,0,2,0.0,35,24:14,1,2,0,0,
23,2014-12-07,7,21-140,EDM,,SJS,W,0,0,0,1,0,0,0,0,0,0,0,0,0,,35,24:20,1,0,0,0,
24,2014-12-09,8,21-142,EDM,@,SJS,L,0,0,0,1,0,0,0,0,0,0,0,0,1,0.0,33,23:22,1,0,0,0,
25,2014-12-10,9,21-143,EDM,@,ANA,L,0,0,0,-1,0,0,0,0,0,0,0,0,0,,30,25:34,2,3,0,0,
26,2014-12-12,10,21-145,EDM,,ANA,L,0,0,0,-2,0,0,0,0,0,0,0,0,0,,28,20:50,1,2,0,0,
27,2014-12-18,11,21-151,EDM,@,SJS,L,0,0,0,-1,2,0,0,0,0,0,0,0,0,,30,22:27,2,1,0,0,
28,2014-12-21,12,21-154,EDM,,DAL,L-SO,0,0,0,-1,0,0,0,0,0,0,0,0,1,0.0,34,25:45,1,3,0,0,
29,2014-12-23,13,21-156,EDM,,ARI,L,0,0,0,-3,0,0,0,0,0,0,0,0,2,0.0,24,18:35,0,1,0,0,
30,2014-12-27,14,21-160,EDM,@,CGY,L,0,0,0,-1,0,0,0,0,0,0,0,0,0,,29,18:23,0,2,0,0,
31,2014-12-30,15,21-163,EDM,,LAK,W,0,1,1,1,0,0,0,0,0,1,0,0,0,,30,25:27,1,2,0,0,
32,2014-12-31,16,21-164,EDM,@,CGY,L-OT,0,0,0,-1,0,0,0,0,0,0,0,0,2,0.0,29,24:57,0,6,0,0,
33,2015-01-02,17,21-166,EDM,@,COL,L-SO,0,0,0,0,0,0,0,0,0,0,0,0,2,0.0,29,20:38,1,0,0,0,
34,2015-01-04,18,21-168,EDM,,NYI,W,0,0,0,1,0,0,0,0,0,0,0,0,1,0.0,29,23:35,2,3,0,0,
35,2015-01-06,19,21-170,EDM,,DET,L,0,0,0,-1,0,0,0,0,0,0,0,0,2,0.0,16,15:30,3,3,0,0,
36,2015-01-09,20,21-173,EDM,,CHI,W,0,0,0,1,0,0,0,0,0,0,0,0,0,,24,17:43,1,1,0,0,
37,2015-01-11,21,21-175,EDM,,FLA,L,0,0,0,1,0,0,0,0,0,0,0,0,2,0.0,29,23:27,3,0,0,0,
38,2015-01-13,22,21-177,EDM,@,STL,L,0,0,0,-1,0,0,0,0,0,0,0,0,0,,23,20:02,1,2,0,0,
39,2015-01-15,23,21-179,EDM,@,TBL,L,0,0,0,-1,0,0,0,0,0,0,0,0,2,0.0,21,16:27,2,3,0,0,
40,2015-01-17,24,21-181,EDM,@,FLA,W,0,0,0,0,0,0,0,0,0,0,0,0,1,0.0,24,17:54,0,0,0,0,
41,2015-01-20,25,21-184,EDM,@,WSH,W,0,1,1,0,0,0,0,0,0,1,0,0,1,0.0,23,19:25,1,3,0,0,
42,2015-01-27,26,21-191,EDM,,MIN,L,0,1,1,1,0,0,0,0,0,1,0,0,1,0.0,27,19:49,0,0,0,0,
43,2015-01-29,27,21-193,EDM,,BUF,W,1,0,1,3,0,1,0,0,0,0,0,0,3,33.3,28,19:59,0,1,0,0,
44,2015-01-31,28,21-195,EDM,@,CGY,L,0,0,0,-1,0,0,0,0,0,0,0,0,2,0.0,33,21:43,0,1,0,0,
45,2015-02-02,29,21-197,EDM,@,SJS,W,0,1,1,2,0,0,0,0,0,1,0,0,3,0.0,30,24:52,1,3,0,0,
46,2015-02-04,30,21-199,EDM,,PIT,L,0,0,0,0,0,0,0,0,0,0,0,0,5,0.0,26,22:37,0,1,0,0,
47,2015-02-07,31,21-202,EDM,@,TOR,L,0,1,1,0,0,0,0,0,0,1,0,0,2,0.0,26,22:47,1,1,0,0,
48,2015-02-09,32,21-204,EDM,@,NJD,W,1,0,1,1,0,1,0,0,0,0,0,0,3,33.3,26,19:21,1,1,0,0,
49,2015-02-10,33,21-205,EDM,@,NYI,L,0,0,0,-1,0,0,0,0,0,0,0,0,2,0.0,26,21:11,0,2,0,0,
50,2015-02-12,34,21-207,EDM,@,MTL,W,0,2,2,-1,0,0,0,0,0,2,0,0,3,0.0,28,26:25,1,3,0,0,
51,2015-02-14,35,21-209,EDM,@,OTT,L,0,0,0,-2,0,0,0,0,0,0,0,0,0,,24,20:32,0,0,0,0,
52,2015-02-16,36,21-211,EDM,@,WPG,L-SO,0,0,0,0,0,0,0,0,0,0,0,0,2,0.0,29,25:00,1,0,0,0,
53,2015-02-18,37,21-213,EDM,,BOS,W,0,1,1,-1,0,0,0,0,0,1,0,0,4,0.0,35,26:34,0,2,0,0,
54,2015-02-20,38,21-215,EDM,,MIN,L,0,0,0,-3,0,0,0,0,0,0,0,0,2,0.0,30,25:38,0,0,0,0,
55,2015-02-21,39,21-216,EDM,,ANA,L,0,0,0,-1,0,0,0,0,0,0,0,0,1,0.0,25,23:42,1,3,0,0,
56,2015-02-24,40,21-219,EDM,@,MIN,W,0,1,1,0,0,0,0,0,0,1,0,0,0,,31,22:08,0,6,0,0,
57,2015-02-28,41,21-223,EDM,,STL,L,0,0,0,-1,0,0,0,0,0,0,0,0,2,0.0,29,22:56,0,3,0,0,
58,2015-03-03,42,21-226,EDM,,LAK,L,0,0,0,-2,0,0,0,0,0,0,0,0,0,,24,18:57,1,2,0,0,
59,2015-03-06,43,21-229,EDM,@,CHI,L-SO,0,0,0,1,0,0,0,0,0,0,0,0,7,0.0,37,26:46,2,3,0,0,
60,2015-03-08,44,21-231,EDM,@,CAR,L,0,0,0,-3,0,0,0,0,0,0,0,0,0,,27,20:09,1,1,0,0,
61,2015-03-09,45,21-232,EDM,@,DET,L,0,0,0,0,0,0,0,0,0,0,0,0,2,0.0,27,19:40,0,1,0,0,
62,2015-03-12,46,21-235,EDM,@,PIT,L,0,1,1,-2,0,0,0,0,0,0,1,0,0,,30,23:00,0,2,0,0,
63,2015-03-13,47,21-236,EDM,@,CBJ,L-SO,0,1,1,0,0,0,0,0,0,0,1,0,1,0.0,30,26:00,1,1,0,0,
64,2015-03-16,48,21-239,EDM,,TOR,W,0,0,0,0,0,0,0,0,0,0,0,0,3,0.0,35,26:25,1,1,0,0,
65,2015-03-18,49,21-241,EDM,,CBJ,L-SO,0,1,1,1,0,0,0,0,0,1,0,0,3,0.0,23,19:33,0,2,0,0,
66,2015-03-21,50,21-244,EDM,,PHI,W,0,0,0,1,0,0,0,0,0,0,0,0,4,0.0,26,22:11,1,2,0,0,
67,2015-03-23,51,21-246,EDM,,WPG,L,0,1,1,0,0,0,0,0,0,1,0,0,1,0.0,29,25:16,0,3,0,0,
68,2015-03-25,52,21-248,EDM,,COL,W,0,1,1,0,0,0,0,0,0,1,0,0,4,0.0,29,26:13,0,4,0,0,
69,2015-03-27,53,21-250,EDM,,DAL,W,0,0,0,1,0,0,0,0,0,0,0,0,2,0.0,27,21:51,2,6,0,0,
70,2015-03-30,54,21-253,EDM,@,COL,W,0,0,0,1,0,0,0,0,0,0,0,0,1,0.0,26,24:03,0,0,0,0,
71,2015-04-01,55,21-255,EDM,@,ANA,L,0,0,0,-1,0,0,0,0,0,0,0,0,1,0.0,23,18:05,1,0,0,0,
72,2015-04-02,56,21-256,EDM,@,LAK,L,0,1,1,-3,0,0,0,0,0,1,0,0,2,0.0,30,23:57,0,3,0,0,
73,2015-04-04,57,21-258,EDM,,CGY,L,0,0,0,-2,0,0,0,0,0,0,0,0,2,0.0,30,25:17,0,1,0,0,
74,2015-04-07,58,21-261,EDM,,LAK,W,0,1,1,1,0,0,0,0,0,1,0,0,0,,29,25:50,1,1,0,0,
75,2015-04-09,59,21-263,EDM,,SJS,L,0,0,0,0,0,0,0,0,0,0,0,0,2,0.0,31,20:26,0,2,0,0,
76,2015-04-11,60,21-265,EDM,@,VAN,L-OT,0,1,1,1,0,0,0,0,0,1,0,0,4,0.0,31,25:26,0,0,0,0,
77,2015-10-08,1,22-080,EDM,@,STL,L,0,0,0,-1,0,0,0,0,0,0,0,0,0,,29,20:40,0,1,0,0,
78,2015-10-10,2,22-082,EDM,@,NSH,L,0,0,0,0,0,0,0,0,0,0,0,0,4,0.0,28,21:05,2,1,0,0,
79,2015-10-13,3,22-085,EDM,@,DAL,L,1,0,1,0,0,1,0,0,0,0,0,0,2,50.0,29,21:50,2,3,0,0,
80,2015-10-15,4,22-087,EDM,,STL,L,0,0,0,0,0,0,0,0,0,0,0,0,2,0.0,28,21:19,1,2,0,0,
81,2015-10-17,5,22-089,EDM,@,CGY,W,0,1,1,0,0,0,0,0,0,1,0,0,0,,28,18:51,1,2,0,0,
82,2015-10-18,6,22-090,EDM,@,VAN,W,0,0,0,0,0,0,0,0,0,0,0,0,0,,26,19:10,1,0,0,0,
83,2015-10-21,7,22-093,EDM,,DET,W,0,0,0,0,0,0,0,0,0,0,0,0,0,,25,20:50,1,8,0,0,
84,2015-10-23,8,22-095,EDM,,WSH,L,0,0,0,-4,0,0,0,0,0,0,0,0,0,,25,16:51,0,1,0,0,
85,2015-10-25,9,22-097,EDM,,LAK,L,0,1,1,-1,0,0,0,0,0,0,1,0,0,,25,23:27,2,3,0,0,
86,2015-10-27,10,22-099,EDM,@,MIN,L,0,1,1,0,0,0,0,0,0,1,0,0,1,0.0,25,22:08,0,2,0,0,
87,2015-10-29,11,22-101,EDM,,MTL,W,0,1,1,0,0,0,0,0,0,0,1,0,0,,26,21:02,2,1,0,0,
88,2015-10-31,12,22-103,EDM,,CGY,L,0,0,0,1,0,0,0,0,0,0,0,0,1,0.0,30,23:56,1,0,0,0,
89,2015-11-03,13,22-106,EDM,,PHI,W,0,0,0,2,0,0,0,0,0,0,0,0,2,0.0,24,23:02,0,2,0,0,
90,2015-11-06,14,22-109,EDM,,PIT,L,1,0,1,1,0,1,0,0,0,0,0,0,5,20.0,29,24:30,0,3,0,0,
91,2015-11-08,15,22-111,EDM,@,CHI,L,0,1,1,-3,2,0,0,0,0,0,1,0,1,0.0,27,19:42,1,3,0,0,
92,2015-11-11,16,22-114,EDM,@,ANA,W,1,0,1,1,0,1,0,0,0,0,0,0,5,20.0,30,24:01,2,0,0,0,
93,2015-11-12,17,22-115,EDM,@,ARI,L,0,0,0,-1,0,0,0,0,0,0,0,0,1,0.0,27,23:03,1,4,0,0,
94,2015-11-14,18,22-117,EDM,@,LAK,L,0,2,2,2,2,0,0,0,0,2,0,0,0,,33,24:48,1,2,0,0,
95,2015-11-18,19,22-121,EDM,,CHI,L-OT,0,0,0,0,2,0,0,0,0,0,0,0,1,0.0,31,22:53,0,0,0,0,
96,2015-11-20,20,22-123,EDM,,NJD,W,1,0,1,2,0,1,0,0,1,0,0,0,3,33.3,29,22:53,0,2,0,0,
97,2015-11-23,21,22-126,EDM,@,WSH,L,0,0,0,-1,0,0,0,0,0,0,0,0,2,0.0,26,21:16,0,2,0,0,
98,2015-11-25,22,22-128,EDM,@,CAR,L,0,0,0,-2,0,0,0,0,0,0,0,0,1,0.0,26,21:16,0,2,0,0,
99,2015-11-27,23,22-130,EDM,@,DET,L-OT,0,0,0,-2,0,0,0,0,0,0,0,0,1,0.0,28,24:57,0,3,0,0,
100,2015-11-28,24,22-131,EDM,@,PIT,W,0,0,0,0,0,0,0,0,0,0,0,0,2,0.0,32,25:11,0,3,0,0,
101,2015-11-30,25,22-133,EDM,@,TOR,L,0,0,0,0,0,0,0,0,0,0,0,0,2,0.0,26,20:04,1,3,0,0,
102,2015-12-02,26,22-135,EDM,,BOS,W,0,0,0,0,0,0,0,0,0,0,0,0,0,,31,25:01,0,1,0,0,
103,2015-12-04,27,22-137,EDM,,DAL,W,0,0,0,1,0,0,0,0,0,0,0,0,1,0.0,29,23:09,1,3,0,0,
104,2015-12-06,28,22-139,EDM,,BUF,W,0,1,1,1,0,0,0,0,0,1,0,0,2,0.0,31,22:14,0,3,0,0,
105,2015-12-09,29,22-142,EDM,,SJS,W,0,0,0,0,0,0,0,0,0,0,0,0,2,0.0,28,25:29,0,1,0,0,
106,2015-12-11,30,22-144,EDM,,NYR,W,0,0,0,0,0,0,0,0,0,0,0,0,7,0.0,13,11:55,1,1,0,0,
107,2016-10-12,1,23-084,EDM,,CGY,W,0,1,1,1,0,0,0,0,0,1,0,0,0,,29,24:47,0,2,0,0,
108,2016-10-14,2,23-086,EDM,@,CGY,W,0,0,0,1,0,0,0,0,0,0,0,0,0,,27,21:59,0,3,0,0,
109,2016-10-16,3,23-088,EDM,,BUF,L,0,0,0,-1,0,0,0,0,0,0,0,0,3,0.0,23,17:15,1,1,0,0,
110,2016-10-18,4,23-090,EDM,,CAR,W,0,0,0,0,0,0,0,0,0,0,0,0,3,0.0,31,22:26,0,0,0,0,
111,2016-10-20,5,23-092,EDM,,STL,W,0,0,0,2,0,0,0,0,0,0,0,0,1,0.0,26,19:25,1,6,0,0,
112,2016-10-23,6,23-095,EDM,@,WPG,W,0,0,0,1,0,0,0,0,0,0,0,0,4,0.0,28,21:06,0,0,0,0,
113,2016-10-26,7,23-098,EDM,,WSH,W,0,1,1,1,0,0,0,0,0,1,0,0,1,0.0,26,18:33,1,2,0,0,
114,2016-10-28,8,23-100,EDM,@,VAN,W,0,0,0,2,0,0,0,0,0,0,0,0,0,,26,20:41,1,1,0,0,
115,2016-10-30,9,23-102,EDM,,OTT,L,0,0,0,-2,0,0,0,0,0,0,0,0,1,0.0,25,22:46,0,2,0,0,
116,2016-11-01,10,23-104,EDM,@,TOR,L-OT,0,0,0,-1,0,0,0,0,0,0,0,0,8,0.0,28,24:32,2,4,0,0,
117,2016-11-03,11,23-106,EDM,@,NYR,L,0,0,0,-2,0,0,0,0,0,0,0,0,0,,28,21:51,1,1,0,0,
118,2016-11-05,12,23-108,EDM,@,NYI,W,0,0,0,0,0,0,0,0,0,0,0,0,2,0.0,27,22:32,1,3,0,0,
119,2016-11-06,13,23-109,EDM,@,DET,W,0,1,1,1,0,0,0,0,0,0,1,0,4,0.0,29,24:13,2,2,0,0,
120,2016-11-08,14,23-111,EDM,@,PIT,L,0,0,0,-3,0,0,0,0,0,0,0,0,3,0.0,27,23:32,0,3,0,0,
121,2016-11-11,15,23-114,EDM,,DAL,L,0,0,0,-1,0,0,0,0,0,0,0,0,1,0.0,24,22:59,0,0,0,0,
122,2016-11-13,16,23-116,EDM,,NYR,L,0,0,0,0,0,0,0,0,0,0,0,0,2,0.0,26,22:36,1,0,0,0,
123,2016-11-15,17,23-118,EDM,@,ANA,L,0,0,0,-1,0,0,0,0,0,0,0,0,4,0.0,25,24:13,2,0,0,0,
124,2016-11-17,18,23-120,EDM,@,LAK,L,1,0,1,-1,0,1,0,0,0,0,0,0,3,33.3,21,18:13,0,0,0,0,
125,2016-11-19,19,23-122,EDM,@,DAL,W,1,0,1,2,0,1,0,0,1,0,0,0,3,33.3,28,24:25,0,2,0,0,
126,2016-11-21,20,23-124,EDM,,CHI,W,1,1,2,1,0,1,0,0,1,0,1,0,4,25.0,24,22:58,1,1,0,0,
127,2016-11-23,21,23-126,EDM,@,COL,W,0,0,0,0,0,0,0,0,0,0,0,0,3,0.0,29,24:52,0,0,0,0,
128,2016-11-25,22,23-128,EDM,@,ARI,L-SO,0,1,1,0,0,0,0,0,0,1,0,0,6,0.0,29,24:10,2,3,0,0,
129,2016-11-27,23,23-130,EDM,,ARI,L,0,0,0,0,0,0,0,0,0,0,0,0,3,0.0,27,21:20,0,5,0,0,
130,2016-11-29,24,23-132,EDM,,TOR,L,0,0,0,-3,0,0,0,0,0,0,0,0,1,0.0,24,20:34,1,0,0,0,
131,2016-12-01,25,23-134,EDM,@,WPG,W,0,0,0,-1,0,0,0,0,0,0,0,0,0,,21,16:20,0,0,0,0,
132,2016-12-03,26,23-136,EDM,,ANA,W,0,1,1,2,0,0,0,0,0,1,0,0,0,,24,18:29,0,5,0,0,
133,2016-12-04,27,23-137,EDM,,MIN,L-OT,0,0,0,1,0,0,0,0,0,0,0,0,0,,27,19:08,0,0,0,0,
134,2016-12-06,28,23-139,EDM,@,BUF,L-OT,0,0,0,0,0,0,0,0,0,0,0,0,3,0.0,27,19:57,0,1,0,0,
135,2016-12-08,29,23-141,EDM,@,PHI,L,1,0,1,-4,0,0,1,0,0,0,0,0,3,33.3,29,22:12,0,5,0,0,
136,2016-12-09,30,23-142,EDM,@,MIN,L-SO,0,1,1,0,0,0,0,0,0,0,1,0,2,0.0,30,21:34,0,1,0,0,
137,2016-12-11,31,23-144,EDM,,WPG,W,1,0,1,1,0,1,0,0,0,0,0,0,5,20.0,27,19:22,0,2,0,0,
138,2016-12-13,32,23-146,EDM,,CBJ,L,0,0,0,0,0,0,0,0,0,0,0,0,1,0.0,21,17:50,0,0,0,0,
139,2016-12-17,33,23-150,EDM,,TBL,W,0,0,0,0,0,0,0,0,0,0,0,0,4,0.0,29,24:39,2,0,0,0,
140,2016-12-19,34,23-152,EDM,@,STL,W,0,0,0,1,0,0,0,0,0,0,0,0,4,0.0,25,20:48,2,1,0,0,
141,2016-12-21,35,23-154,EDM,@,ARI,W,0,0,0,0,0,0,0,0,0,0,0,0,3,0.0,23,20:01,0,2,0,0,
142,2016-12-23,36,23-156,EDM,@,SJS,L-OT,0,0,0,-2,0,0,0,0,0,0,0,0,0,,23,19:04,1,0,0,0,
143,2016-12-29,37,23-162,EDM,,LAK,W,0,0,0,0,0,0,0,0,0,0,0,0,0,,30,19:38,0,0,0,0,
144,2016-12-31,38,23-164,EDM,,VAN,L-SO,0,0,0,0,0,0,0,0,0,0,0,0,2,0.0,27,21:02,0,0,0,0,
145,2017-01-03,39,23-167,EDM,@,CBJ,L,1,0,1,0,0,1,0,0,0,0,0,0,2,50.0,27,19:44,0,1,0,0,
146,2017-01-05,40,23-169,EDM,@,BOS,W,0,0,0,2,0,0,0,0,0,0,0,0,1,0.0,26,17:09,1,1,0,0,
147,2017-01-07,41,23-171,EDM,@,NJD,W,0,1,1,-1,0,0,0,0,0,0,1,0,9,0.0,25,21:09,0,0,0,0,
148,2017-01-08,42,23-172,EDM,@,OTT,L,0,0,0,-1,0,0,0,0,0,0,0,0,6,0.0,26,21:42,0,1,0,0,
149,2017-01-10,43,23-174,EDM,,SJS,L,1,0,1,-1,0,1,0,0,0,0,0,0,1,100.0,29,20:41,0,2,0,0,
150,2017-01-12,44,23-176,EDM,,NJD,W,0,1,1,1,0,0,0,0,0,1,0,0,2,0.0,29,23:44,0,6,0,0,
151,2017-01-14,45,23-178,EDM,,CGY,W,0,0,0,-1,0,0,0,0,0,0,0,0,5,0.0,34,25:45,1,1,0,0,
152,2017-01-16,46,23-180,EDM,,ARI,W,0,0,0,1,0,0,0,0,0,0,0,0,0,,25,21:42,0,2,0,0,
153,2017-01-18,47,23-182,EDM,,FLA,W,0,0,0,3,0,0,0,0,0,0,0,0,5,0.0,30,26:02,0,1,0,0,
154,2017-01-20,48,23-184,EDM,,NSH,L-SO,0,0,0,-1,0,0,0,0,0,0,0,0,3,0.0,37,25:34,1,1,0,0,
155,2017-01-21,49,23-185,EDM,@,CGY,W,1,1,2,1,0,0,1,0,0,1,0,0,2,50.0,30,22:41,0,3,0,0,
156,2017-01-25,50,23-189,EDM,@,ANA,W,0,0,0,2,0,0,0,0,0,0,0,0,3,0.0,27,22:25,2,1,0,0,
157,2017-01-26,51,23-190,EDM,@,SJS,W,0,0,0,2,0,0,0,0,0,0,0,0,2,0.0,32,25:37,0,3,0,0,
158,2017-01-31,52,23-195,EDM,,MIN,L,0,1,1,0,0,0,0,0,0,1,0,0,4,0.0,29,22:39,0,0,0,0,
159,2017-02-02,53,23-197,EDM,@,NSH,L,0,0,0,-2,0,0,0,0,0,0,0,0,4,0.0,27,20:15,0,2,0,0,
160,2017-02-03,54,23-198,EDM,@,CAR,L,0,1,1,0,0,0,0,0,0,1,0,0,1,0.0,26,26:47,0,4,0,0,
161,2017-02-05,55,23-200,EDM,@,MTL,W,0,0,0,0,0,0,0,0,0,0,0,0,2,0.0,28,25:35,0,2,0,0,
162,2017-02-11,56,23-206,EDM,,CHI,L,0,0,0,-1,0,0,0,0,0,0,0,0,1,0.0,23,23:38,0,1,0,0,
163,2017-02-14,57,23-209,EDM,,ARI,W,1,2,3,2,2,1,0,0,0,1,1,0,4,25.0,29,25:26,0,3,0,0,
164,2017-02-16,58,23-211,EDM,,PHI,W,1,0,1,3,0,1,0,0,0,0,0,0,2,50.0,26,22:10,1,2,0,0,
165,2017-02-18,59,23-213,EDM,@,CHI,W,0,0,0,2,0,0,0,0,0,0,0,0,2,0.0,26,23:17,2,3,0,0,
166,2017-02-21,60,23-216,EDM,@,TBL,L,0,1,1,0,0,0,0,0,0,1,0,0,3,0.0,26,26:46,0,0,0,0,
167,2017-02-22,61,23-217,EDM,@,FLA,W,1,0,1,0,0,1,0,0,0,0,0,0,5,20.0,32,26:32,0,1,0,0,
168,2017-02-24,62,23-219,EDM,@,WSH,L,0,0,0,0,2,0,0,0,0,0,0,0,1,0.0,23,22:29,1,2,0,0,
169,2017-02-26,63,23-221,EDM,@,NSH,L,0,2,2,1,0,0,0,0,0,0,2,0,3,0.0,26,22:02,1,1,0,0,
170,2017-02-28,64,23-223,EDM,@,STL,W,0,0,0,1,0,0,0,0,0,0,0,0,1,0.0,24,23:48,0,2,0,0,
171,2017-03-04,65,23-227,EDM,,DET,W,0,0,0,2,0,0,0,0,0,0,0,0,1,0.0,23,22:46,0,1,0,0,
172,2017-03-07,66,23-230,EDM,,NYI,L,0,0,0,-2,0,0,0,0,0,0,0,0,3,0.0,23,21:43,2,2,0,0,
173,2017-03-10,67,23-233,EDM,,PIT,L-SO,0,0,0,-2,0,0,0,0,0,0,0,0,3,0.0,28,24:52,0,2,0,0,
174,2017-03-12,68,23-235,EDM,,MTL,L,0,0,0,-2,0,0,0,0,0,0,0,0,3,0.0,30,22:41,0,2,0,0,
175,2017-03-14,69,23-237,EDM,,DAL,W,1,0,1,1,0,0,1,0,1,0,0,0,1,100.0,23,16:34,0,7,0,0,
176,2017-03-16,70,23-239,EDM,,BOS,W,0,0,0,-1,2,0,0,0,0,0,0,0,5,0.0,29,23:27,0,3,0,0,
177,2017-03-18,71,23-241,EDM,,VAN,W,0,1,1,0,0,0,0,0,0,0,1,0,2,0.0,23,24:42,0,3,0,0,
178,2017-03-20,72,23-243,EDM,,LAK,W,0,0,0,1,0,0,0,0,0,0,0,0,3,0.0,28,23:11,0,4,0,0,
179,2017-03-22,73,23-245,EDM,@,ANA,L,0,0,0,-1,0,0,0,0,0,0,0,0,2,0.0,25,21:02,3,1,0,0,
180,2017-03-23,74,23-246,EDM,@,COL,W,0,0,0,0,0,0,0,0,0,0,0,0,0,,26,23:28,1,1,0,0,
181,2017-03-25,75,23-248,EDM,,COL,W,0,0,0,-1,0,0,0,0,0,0,0,0,2,0.0,25,24:40,1,4,0,0,
182,2017-03-28,76,23-251,EDM,,LAK,W,0,0,0,0,0,0,0,0,0,0,0,0,2,0.0,28,23:21,2,2,0,0,
183,2017-03-30,77,23-253,EDM,,SJS,W,0,1,1,1,0,0,0,0,0,0,0,1,3,0.0,26,22:43,0,3,0,0,
184,2017-04-01,78,23-255,EDM,,ANA,W,0,0,0,2,0,0,0,0,0,0,0,0,2,0.0,27,24:23,0,1,0,0,
185,2017-04-04,79,23-258,EDM,@,LAK,L,0,1,1,-1,0,0,0,0,0,0,1,0,3,0.0,28,22:52,0,3,0,0,
186,2017-04-06,80,23-260,EDM,@,SJS,W,0,4,4,1,0,0,0,0,0,2,2,0,5,0.0,32,24:40,2,2,0,0,
187,2017-04-08,81,23-262,EDM,@,VAN,W,0,1,1,-1,0,0,0,0,0,0,1,0,0,,27,24:53,0,0,0,0,
188,2017-04-09,82,23-263,EDM,,VAN,W,0,1,1,2,0,0,0,0,0,0,1,0,0,,24,25:02,0,1,0,0,
189,2017-10-04,1,24-076,EDM,,CGY,W,0,0,0,3,0,0,0,0,0,0,0,0,9,0.0,26,22:30,0,1,0,0,
190,2017-10-07,2,24-079,EDM,@,VAN,L,0,0,0,-2,2,0,0,0,0,0,0,0,2,0.0,29,25:45,1,3,0,0,
191,2017-10-09,3,24-081,EDM,,WPG,L,0,0,0,-1,0,0,0,0,0,0,0,0,2,0.0,30,24:20,0,4,0,0,
192,2017-10-14,4,24-086,EDM,,OTT,L,0,0,0,-1,0,0,0,0,0,0,0,0,2,0.0,26,21:03,0,0,0,0,
193,2017-10-17,5,24-089,EDM,,CAR,L,0,0,0,-2,0,0,0,0,0,0,0,0,2,0.0,24,19:32,1,2,0,0,
194,2017-10-19,6,24-091,EDM,@,CHI,W,0,1,1,0,0,0,0,0,0,0,1,0,3,0.0,28,26:27,1,5,0,0,
195,2017-10-21,7,24-093,EDM,@,PHI,L,0,0,0,0,0,0,0,0,0,0,0,0,2,0.0,26,27:14,0,4,0,0,
196,2017-10-24,8,24-096,EDM,@,PIT,L-OT,0,1,1,0,0,0,0,0,0,1,0,0,3,0.0,29,25:30,0,2,0,0,
197,2017-10-26,9,24-098,EDM,,DAL,W,0,0,0,1,0,0,0,0,0,0,0,0,3,0.0,29,27:39,0,5,0,0,
198,2017-10-28,10,24-100,EDM,,WSH,L,0,0,0,-4,0,0,0,0,0,0,0,0,6,0.0,27,26:12,0,1,0,0,
199,2017-11-01,11,24-104,EDM,,PIT,L,0,0,0,0,0,0,0,0,0,0,0,0,3,0.0,28,23:09,1,4,0,0,
200,2017-11-03,12,24-106,EDM,,NJD,W,1,0,1,0,0,1,0,0,0,0,0,0,5,20.0,27,21:05,2,2,0,0,
201,2017-11-05,13,24-108,EDM,,DET,L,0,0,0,0,0,0,0,0,0,0,0,0,4,0.0,27,22:25,2,1,0,0,
202,2017-11-07,14,24-110,EDM,@,NYI,W,0,0,0,0,0,0,0,0,0,0,0,0,0,,27,21:16,0,0,0,0,
203,2017-11-09,15,24-112,EDM,@,NJD,W,0,0,0,0,2,0,0,0,0,0,0,0,4,0.0,29,25:10,3,2,0,0,
204,2017-11-11,16,24-114,EDM,@,NYR,L,0,1,1,-2,0,0,0,0,0,0,1,0,4,0.0,26,24:22,0,2,0,0,
205,2017-11-12,17,24-115,EDM,@,WSH,L-SO,0,0,0,0,0,0,0,0,0,0,0,0,1,0.0,28,22:23,1,2,0,0,
206,2017-11-14,18,24-117,EDM,,VEG,W,1,1,2,3,0,0,0,1,0,1,0,0,3,33.3,29,20:14,0,1,0,0,
207,2017-11-16,19,24-119,EDM,,STL,L,0,0,0,-2,0,0,0,0,0,0,0,0,3,0.0,30,23:24,1,0,0,0,
208,2017-11-18,20,24-121,EDM,@,DAL,L,0,0,0,-3,0,0,0,0,0,0,0,0,1,0.0,29,20:49,0,1,0,0,
209,2017-11-21,21,24-124,EDM,@,STL,L,0,0,0,-4,0,0,0,0,0,0,0,0,4,0.0,21,17:32,0,1,0,0,
210,2017-11-22,22,24-125,EDM,@,DET,W,0,0,0,0,0,0,0,0,0,0,0,0,1,0.0,25,20:17,1,3,0,0,
211,2017-11-26,23,24-129,EDM,@,BOS,W,0,0,0,1,0,0,0,0,0,0,0,0,3,0.0,22,17:26,1,0,0,0,
212,2017-11-28,24,24-131,EDM,,ARI,W,0,0,0,0,0,0,0,0,0,0,0,0,1,0.0,27,21:16,1,3,0,0,
213,2017-11-30,25,24-133,EDM,,TOR,L,0,0,0,-1,0,0,0,0,0,0,0,0,2,0.0,32,24:49,1,2,0,0,
214,2017-12-02,26,24-135,EDM,@,CGY,W,0,1,1,1,4,0,0,0,0,1,0,0,3,0.0,26,20:04,0,3,0,0,
215,2017-12-06,27,24-139,EDM,,PHI,L,0,0,0,0,2,0,0,0,0,0,0,0,2,0.0,28,23:29,2,1,0,0,
216,2017-12-09,28,24-142,EDM,@,MTL,W,1,0,1,0,0,0,1,0,0,0,0,0,3,33.3,27,23:19,0,4,0,0,
217,2017-12-10,29,24-143,EDM,@,TOR,L,0,0,0,0,0,0,0,0,0,0,0,0,7,0.0,25,24:01,2,3,0,0,
218,2017-12-12,30,24-145,EDM,@,CBJ,W,0,0,0,1,0,0,0,0,0,0,0,0,1,0.0,27,22:15,1,1,0,0,
219,2017-12-14,31,24-147,EDM,,NSH,L,0,0,0,-1,2,0,0,0,0,0,0,0,4,0.0,25,21:23,0,4,0,0,
220,2017-12-16,32,24-149,EDM,@,MIN,W,0,0,0,2,0,0,0,0,0,0,0,0,1,0.0,30,25:26,1,0,0,0,
221,2017-12-18,33,24-151,EDM,,SJS,W,0,1,1,3,0,0,0,0,0,1,0,0,3,0.0,28,19:41,0,0,0,0,
222,2017-12-29,34,24-162,EDM,,CHI,L-OT,0,1,1,0,0,0,0,0,0,0,1,0,4,0.0,28,23:05,1,3,0,0,
223,2017-12-31,35,24-164,EDM,,WPG,L,0,0,0,-1,0,0,0,0,0,0,0,0,5,0.0,27,19:31,0,2,0,0,
224,2018-01-02,36,24-166,EDM,,LAK,L,0,0,0,-1,0,0,0,0,0,0,0,0,2,0.0,26,18:14,1,2,0,0,
225,2018-01-04,37,24-168,EDM,,ANA,W,0,0,0,1,0,0,0,0,0,0,0,0,4,0.0,30,24:27,0,3,0,0,
226,2018-01-06,38,24-170,EDM,@,DAL,L,0,0,0,-2,0,0,0,0,0,0,0,0,4,0.0,28,22:24,1,1,0,0,
227,2018-01-07,39,24-171,EDM,@,CHI,L,0,0,0,-1,0,0,0,0,0,0,0,0,2,0.0,25,20:59,1,5,0,0,
228,2018-01-09,40,24-173,EDM,@,NSH,L,0,0,0,0,0,0,0,0,0,0,0,0,3,0.0,29,23:45,1,1,0,0,
229,2018-01-12,41,24-176,EDM,@,ARI,W,0,1,1,1,0,0,0,0,0,1,0,0,3,0.0,24,21:30,1,3,0,0,
230,2018-01-13,42,24-177,EDM,@,VEG,W,0,0,0,1,2,0,0,0,0,0,0,0,1,0.0,32,23:02,1,3,0,0,
231,2018-01-20,43,24-184,EDM,,VAN,W,0,0,0,-1,0,0,0,0,0,0,0,0,0,,26,19:45,0,2,0,0,
232,2018-01-23,44,24-187,EDM,,BUF,L,0,0,0,-1,0,0,0,0,0,0,0,0,4,0.0,27,23:38,2,2,0,0,
233,2018-01-25,45,24-189,EDM,,CGY,W,0,0,0,2,0,0,0,0,0,0,0,0,4,0.0,33,27:04,1,3,0,0,
234,2018-02-01,46,24-196,EDM,,COL,L-OT,0,0,0,1,0,0,0,0,0,0,0,0,7,0.0,28,23:31,1,2,0,0,
235,2018-02-05,47,24-200,EDM,,TBL,W,0,1,1,0,0,0,0,0,0,0,1,0,2,0.0,28,22:59,0,4,0,0,
236,2018-02-07,48,24-202,EDM,@,LAK,L,0,1,1,-4,0,0,0,0,0,0,1,0,3,0.0,28,22:25,0,4,0,0,
237,2018-02-09,49,24-204,EDM,@,ANA,L,0,0,0,1,0,0,0,0,0,0,0,0,4,0.0,26,26:46,1,0,0,0,
238,2018-02-10,50,24-205,EDM,@,SJS,L,0,1,1,-1,0,0,0,0,0,1,0,0,1,0.0,28,23:50,1,0,0,0,
239,2018-02-12,51,24-207,EDM,,FLA,L,0,0,0,1,0,0,0,0,0,0,0,0,3,0.0,31,22:57,3,1,0,0,
240,2018-02-15,52,24-210,EDM,@,VEG,L,0,1,1,0,0,0,0,0,0,1,0,0,4,0.0,26,20:50,0,5,0,0,
241,2018-02-17,53,24-212,EDM,@,ARI,L,0,0,0,0,0,0,0,0,0,0,0,0,4,0.0,27,22:37,1,1,0,0,
242,2018-02-18,54,24-213,EDM,@,COL,W,0,1,1,2,0,0,0,0,0,1,0,0,4,0.0,30,22:46,0,1,0,0,
243,2018-02-20,55,24-215,EDM,,BOS,L,0,0,0,0,0,0,0,0,0,0,0,0,1,0.0,30,23:03,2,2,0,0,
244,2018-02-22,56,24-217,EDM,,COL,W,0,1,1,0,0,0,0,0,0,1,0,0,4,0.0,27,25:10,3,2,0,0,
245,2018-02-24,57,24-219,EDM,@,LAK,W,0,0,0,0,0,0,0,0,0,0,0,0,5,0.0,26,22:52,0,1,0,0,
246,2018-02-25,58,24-220,EDM,@,ANA,W,0,0,0,1,0,0,0,0,0,0,0,0,1,0.0,26,24:19,0,0,0,0,
247,2018-02-27,59,24-222,EDM,@,SJS,L,0,0,0,-2,0,0,0,0,0,0,0,0,1,0.0,29,23:48,0,1,0,0,
248,2018-03-01,60,24-224,EDM,,NSH,L,0,0,0,0,0,0,0,0,0,0,0,0,1,0.0,32,24:19,2,4,0,0,
249,2018-03-03,61,24-226,EDM,,NYR,L,0,0,0,-1,0,0,0,0,0,0,0,0,4,0.0,26,23:25,1,5,0,0,
250,2018-03-05,62,24-228,EDM,,ARI,W,1,0,1,1,0,1,0,0,1,0,0,0,6,16.7,31,24:28,0,2,0,0,
251,2018-03-08,63,24-231,EDM,,NYI,W,0,1,1,1,0,0,0,0,0,1,0,0,4,0.0,29,23:25,0,2,0,0,
252,2018-03-14,64,24-237,EDM,,SJS,L-OT,1,1,2,-1,0,1,0,0,0,1,0,0,2,50.0,26,19:46,0,2,0,0,
253,2018-03-17,65,24-240,EDM,@,FLA,W,0,0,0,-1,4,0,0,0,0,0,0,0,4,0.0,29,20:27,1,0,0,0,
254,2018-03-18,66,24-241,EDM,@,TBL,L,0,0,0,0,0,0,0,0,0,0,0,0,5,0.0,29,25:21,0,0,0,0,
255,2018-10-06,1,25-078,EDM,@,NJD,L,0,0,0,0,0,0,0,0,0,0,0,0,2,0.0,29,20:41,1,2,0,0,
256,2018-10-11,2,25-083,EDM,@,BOS,L,0,0,0,-2,2,0,0,0,0,0,0,0,3,0.0,26,22:37,0,2,0,0,
257,2018-10-13,3,25-085,EDM,@,NYR,W,0,0,0,0,0,0,0,0,0,0,0,0,1,0.0,26,23:51,1,1,0,0,
258,2018-10-16,4,25-088,EDM,@,WPG,W,0,1,1,1,0,0,0,0,0,1,0,0,3,0.0,31,24:03,1,1,0,0,
259,2018-10-18,5,25-090,EDM,,BOS,W,0,1,1,1,0,0,0,0,0,0,1,0,1,0.0,36,28:04,1,1,0,0,
260,2018-10-20,6,25-092,EDM,,NSH,L,0,0,0,-2,0,0,0,0,0,0,0,0,5,0.0,25,30:09,2,0,0,0,
261,2018-10-23,7,25-095,EDM,,PIT,L-OT,0,1,1,0,0,0,0,0,0,0,1,0,5,0.0,37,28:16,1,3,0,0,
262,2018-10-25,8,25-097,EDM,,WSH,W,0,0,0,1,0,0,0,0,0,0,0,0,6,0.0,29,26:17,0,1,0,0,
263,2018-10-27,9,25-099,EDM,@,NSH,W,0,1,1,1,0,0,0,0,0,1,0,0,2,0.0,30,30:15,1,1,0,0,
264,2018-10-28,10,25-100,EDM,@,CHI,W,0,0,0,1,0,0,0,0,0,0,0,0,2,0.0,28,25:56,0,2,0,0,
265,2018-10-30,11,25-102,EDM,,MIN,L,0,1,1,2,0,0,0,0,0,1,0,0,7,0.0,26,27:09,2,3,0,0,
266,2018-11-01,12,25-104,EDM,,CHI,W,0,0,0,2,0,0,0,0,0,0,0,0,2,0.0,28,24:51,1,1,0,0,
267,2018-11-03,13,25-106,EDM,@,DET,W,0,1,1,3,0,0,0,0,0,1,0,0,3,0.0,26,24:57,0,0,0,0,
268,2018-11-05,14,25-108,EDM,@,WSH,L,0,1,1,-2,0,0,0,0,0,0,1,0,5,0.0,30,25:49,0,0,0,0,
269,2018-11-06,15,25-109,EDM,@,TBL,L,0,1,1,1,0,0,0,0,0,1,0,0,2,0.0,29,25:58,0,0,0,0,
270,2018-11-08,16,25-111,EDM,@,FLA,L,0,0,0,-1,0,0,0,0,0,0,0,0,1,0.0,27,25:24,0,0,0,0,
271,2018-11-11,17,25-114,EDM,,COL,L,0,0,0,-1,0,0,0,0,0,0,0,0,0,,24,24:50,0,0,0,0,
272,2018-11-13,18,25-116,EDM,,MTL,W,0,0,0,0,0,0,0,0,0,0,0,0,4,0.0,24,25:13,0,2,0,0,
273,2018-11-17,19,25-120,EDM,@,CGY,L,0,0,0,-2,0,0,0,0,0,0,0,0,2,0.0,31,25:33,0,2,0,0,
274,2018-11-18,20,25-121,EDM,,VEG,L,0,0,0,-2,0,0,0,0,0,0,0,0,2,0.0,27,24:21,0,5,0,0,
275,2018-11-20,21,25-123,EDM,@,SJS,W,0,0,0,2,2,0,0,0,0,0,0,0,4,0.0,31,23:14,0,0,0,0,
276,2018-11-23,22,25-126,EDM,@,ANA,L-OT,0,0,0,-2,0,0,0,0,0,0,0,0,5,0.0,29,27:23,3,2,0,0,
277,2018-11-25,23,25-128,EDM,@,LAK,L,0,2,2,0,2,0,0,0,0,1,1,0,8,0.0,29,26:10,0,5,0,0,
278,2018-11-27,24,25-130,EDM,,DAL,W,1,0,1,1,0,1,0,0,1,0,0,0,6,16.7,33,28:30,1,4,0,0,
279,2018-11-29,25,25-132,EDM,,LAK,W,1,1,2,0,0,0,1,0,1,0,1,0,3,33.3,29,25:14,1,3,0,0,
280,2018-12-01,26,25-134,EDM,,VEG,W,0,1,1,-1,0,0,0,0,0,1,0,0,0,,26,24:38,0,3,0,0,
281,2018-12-03,27,25-136,EDM,@,DAL,L,0,0,0,-2,0,0,0,0,0,0,0,0,1,0.0,26,24:31,1,4,0,0,
282,2018-12-05,28,25-138,EDM,@,STL,W,1,0,1,1,0,1,0,0,0,0,0,0,3,33.3,33,30:42,0,0,0,0,
283,2018-12-07,29,25-140,EDM,,MIN,W,0,0,0,1,2,0,0,0,0,0,0,0,1,0.0,30,24:33,0,2,0,0,
284,2018-12-09,30,25-142,EDM,,CGY,W,0,0,0,0,0,0,0,0,0,0,0,0,4,0.0,28,28:03,0,3,0,0,
285,2018-12-11,31,25-144,EDM,@,COL,W,0,0,0,0,0,0,0,0,0,0,0,0,0,,13,10:36,0,2,0,0,
286,2019-02-05,32,25-200,EDM,,CHI,L,0,0,0,-1,0,0,0,0,0,0,0,0,1,0.0,29,20:56,0,1,0,0,
287,2019-02-07,33,25-202,EDM,@,MIN,W,0,0,0,1,0,0,0,0,0,0,0,0,1,0.0,31,23:55,3,2,0,0,
288,2019-02-09,34,25-204,EDM,,SJS,L,0,0,0,-2,2,0,0,0,0,0,0,0,2,0.0,30,22:17,0,5,0,0,
289,2019-02-13,35,25-208,EDM,@,PIT,L,0,1,1,0,0,0,0,0,0,1,0,0,2,0.0,31,24:29,0,0,0,0,
290,2019-02-15,36,25-210,EDM,@,CAR,L,0,0,0,-2,0,0,0,0,0,0,0,0,3,0.0,29,23:21,1,0,0,0,
291,2019-02-16,37,25-211,EDM,@,NYI,L,0,1,1,-1,0,0,0,0,0,0,1,0,7,0.0,28,25:51,1,2,0,0,
292,2019-02-19,38,25-214,EDM,,ARI,L-SO,0,0,0,1,0,0,0,0,0,0,0,0,2,0.0,29,22:25,2,0,0,0,
293,2019-02-21,39,25-216,EDM,,NYI,W,1,0,1,0,0,1,0,0,0,0,0,0,5,20.0,30,24:23,0,3,0,0,
294,2019-02-23,40,25-218,EDM,,ANA,W,0,0,0,1,0,0,0,0,0,0,0,0,0,,29,24:47,0,2,0,0,
295,2019-02-25,41,25-220,EDM,@,NSH,L-SO,0,0,0,1,0,0,0,0,0,0,0,0,2,0.0,30,25:02,0,1,0,0,
296,2019-02-27,42,25-222,EDM,@,TOR,L,0,0,0,-2,0,0,0,0,0,0,0,0,5,0.0,26,20:57,1,5,0,0,
297,2019-02-28,43,25-223,EDM,@,OTT,W,0,0,0,0,0,0,0,0,0,0,0,0,2,0.0,28,21:18,1,4,0,0,
298,2019-03-02,44,25-225,EDM,@,CBJ,W,0,0,0,1,0,0,0,0,0,0,0,0,1,0.0,26,24:17,1,1,0,0,
299,2019-03-04,45,25-227,EDM,@,BUF,W,0,0,0,0,2,0,0,0,0,0,0,0,1,0.0,29,23:00,2,2,0,0,
300,2019-03-07,46,25-230,EDM,,VAN,W,0,0,0,-1,2,0,0,0,0,0,0,0,5,0.0,31,24:53,0,2,0,0,
301,2019-03-09,47,25-232,EDM,,TOR,L,1,0,1,1,0,1,0,0,0,0,0,0,4,25.0,29,23:00,1,1,0,0,
302,2019-03-11,48,25-234,EDM,,NYR,W,0,0,0,0,0,0,0,0,0,0,0,0,1,0.0,7,5:45,0,0,0,0,
303,2019-03-13,49,25-236,EDM,,NJD,L,0,1,1,-2,2,0,0,0,0,0,1,0,2,0.0,28,23:38,0,2,0,0,
304,2019-03-16,50,25-239,EDM,@,ARI,W,0,1,1,1,0,0,0,0,0,1,0,0,2,0.0,27,26:05,1,0,0,0,
305,2019-03-17,51,25-240,EDM,@,VEG,L,0,1,1,-1,0,0,0,0,0,0,1,0,4,0.0,23,21:10,0,0,0,0,
306,2019-03-19,52,25-242,EDM,@,STL,L,0,1,1,-2,0,0,0,0,0,1,0,0,1,0.0,29,22:44,1,1,0,0,
307,2019-03-21,53,25-244,EDM,,CBJ,W,0,0,0,-1,0,0,0,0,0,0,0,0,2,0.0,29,23:26,1,1,0,0,
308,2019-03-23,54,25-246,EDM,,OTT,L-OT,0,0,0,0,0,0,0,0,0,0,0,0,3,0.0,29,24:04,2,0,0,0,
309,2019-03-26,55,25-249,EDM,,LAK,W,0,3,3,0,0,0,0,0,0,2,1,0,1,0.0,28,22:54,1,2,0,0,
310,2019-03-28,56,25-251,EDM,,DAL,L-SO,0,0,0,1,0,0,0,0,0,0,0,0,4,0.0,31,25:04,2,2,0,0,
311,2019-03-30,57,25-253,EDM,,ANA,L,0,1,1,-1,0,0,0,0,0,1,0,0,3,0.0,26,20:13,1,3,0,0,
312,2019-04-01,58,25-255,EDM,@,VEG,L,0,0,0,-2,0,0,0,0,0,0,0,0,0,,25,23:54,1,3,0,0,
313,2019-04-02,59,25-256,EDM,@,COL,L,0,0,0,-1,0,0,0,0,0,0,0,0,3,0.0,26,21:31,3,0,0,0,
314,2019-04-04,60,25-258,EDM,,SJS,L,0,0,0,0,0,0,0,0,0,0,0,0,2,0.0,21,21:52,1,1,0,0,
315,2019-04-06,61,25-260,EDM,@,CGY,W,0,1,1,-1,0,0,0,0,0,0,1,0,3,0.0,25,17:43,0,1,0,0,
316,2019-10-02,1,26-074,EDM,,VAN,W,0,0,0,-1,0,0,0,0,0,0,0,0,3,0.0,28,24:21,1,2,0,0,
317,2019-10-05,2,26-077,EDM,,LAK,W,0,3,3,0,0,0,0,0,0,1,2,0,3,0.0,27,26:33,1,5,0,0,
318,2019-10-08,3,26-080,EDM,@,NYI,W,0,1,1,1,0,0,0,0,0,1,0,0,0,,24,26:44,1,1,0,0,
319,2019-10-10,4,26-082,EDM,@,NJD,W,0,1,1,-1,0,0,0,0,0,0,1,0,3,0.0,28,25:29,2,2,0,0,
320,2019-10-12,5,26-084,EDM,@,NYR,W,1,1,2,0,0,1,0,0,0,0,1,0,3,33.3,28,21:43,2,0,0,0,
321,2019-10-14,6,26-086,EDM,@,CHI,L,0,0,0,-2,0,0,0,0,0,0,0,0,1,0.0,27,23:30,3,4,0,0,
322,2019-10-16,7,26-088,EDM,,PHI,W,0,2,2,2,0,0,0,0,0,2,0,0,2,0.0,29,24:01,1,3,0,0,
323,2019-10-18,8,26-090,EDM,,DET,W,0,0,0,0,0,0,0,0,0,0,0,0,3,0.0,25,24:54,0,2,0,0,
324,2019-10-20,9,26-092,EDM,@,WPG,L-SO,0,0,0,0,0,0,0,0,0,0,0,0,3,0.0,30,27:05,0,3,0,0,
325,2019-10-22,10,26-094,EDM,@,MIN,L,0,0,0,-1,2,0,0,0,0,0,0,0,3,0.0,26,25:12,0,2,0,0,
326,2019-10-24,11,26-096,EDM,,WSH,W,0,0,0,1,0,0,0,0,0,0,0,0,3,0.0,27,25:54,0,0,0,0,
327,2019-10-27,12,26-099,EDM,,FLA,L,0,0,0,-2,0,0,0,0,0,0,0,0,3,0.0,27,27:39,0,2,0,0,
328,2019-10-29,13,26-101,EDM,@,DET,L,0,0,0,-1,0,0,0,0,0,0,0,0,2,0.0,28,25:45,0,4,0,0,
329,2019-10-30,14,26-102,EDM,@,CBJ,W,0,0,0,2,0,0,0,0,0,0,0,0,5,0.0,25,27:19,1,4,0,0,
330,2019-11-02,15,26-105,EDM,@,PIT,W,0,0,0,-1,0,0,0,0,0,0,0,0,2,0.0,26,27:42,1,4,0,0,
331,2019-11-04,16,26-107,EDM,,ARI,L-OT,0,0,0,-1,0,0,0,0,0,0,0,0,1,0.0,25,27:35,1,6,0,0,
332,2019-11-06,17,26-109,EDM,,STL,L,0,0,0,-2,0,0,0,0,0,0,0,0,2,0.0,27,25:36,1,4,0,0,
333,2019-11-08,18,26-111,EDM,,NJD,W,0,0,0,2,2,0,0,0,0,0,0,0,0,,28,23:23,1,2,0,0,
334,2019-11-10,19,26-113,EDM,@,ANA,W,0,2,2,-1,0,0,0,0,0,0,2,0,2,0.0,29,26:19,0,5,0,0,
335,2019-11-12,20,26-115,EDM,@,SJS,L,0,0,0,-1,0,0,0,0,0,0,0,0,1,0.0,29,24:24,0,4,0,0,
336,2019-11-14,21,26-117,EDM,,COL,W,0,3,3,1,0,0,0,0,0,0,3,0,1,0.0,30,27:30,1,0,0,0,
337,2019-11-16,22,26-119,EDM,,DAL,L-OT,0,1,1,0,2,0,0,0,0,1,0,0,4,0.0,27,25:58,0,4,0,0,
338,2019-11-19,23,26-122,EDM,@,SJS,W,0,2,2,1,0,0,0,0,0,1,1,0,3,0.0,31,31:38,2,4,0,0,
339,2019-11-21,24,26-124,EDM,@,LAK,L,0,0,0,-1,0,0,0,0,0,0,0,0,2,0.0,26,26:13,0,4,0,0,
340,2019-11-23,25,26-126,EDM,@,VEG,W,0,0,0,-1,0,0,0,0,0,0,0,0,1,0.0,27,23:28,1,5,0,0,
341,2019-11-24,26,26-127,EDM,@,ARI,W,0,1,1,1,0,0,0,0,0,1,0,0,3,0.0,25,25:41,1,4,0,0,
342,2019-11-27,27,26-130,EDM,@,COL,L,0,0,0,-3,0,0,0,0,0,0,0,0,2,0.0,30,25:10,1,3,0,0,
343,2019-11-30,28,26-133,EDM,,VAN,L,0,0,0,-2,0,0,0,0,0,0,0,0,3,0.0,25,24:29,0,2,0,0,
344,2019-12-01,29,26-134,EDM,@,VAN,W,0,0,0,-1,0,0,0,0,0,0,0,0,3,0.0,30,26:19,1,8,0,0,
345,2019-12-04,30,26-137,EDM,,OTT,L,1,0,1,-4,0,0,1,0,0,0,0,0,5,20.0,26,27:33,0,4,0,0,
346,2019-12-06,31,26-139,EDM,,LAK,W,0,0,0,0,0,0,0,0,0,0,0,0,3,0.0,27,19:21,2,4,0,0,
347,2019-12-08,32,26-141,EDM,,BUF,L-OT,0,0,0,-2,0,0,0,0,0,0,0,0,2,0.0,24,21:20,1,1,0,0,
348,2019-12-10,33,26-143,EDM,,CAR,L,0,0,0,-3,0,0,0,0,0,0,0,0,4,0.0,26,26:41,2,1,0,0,
349,2019-12-12,34,26-145,EDM,@,MIN,L,1,1,2,2,2,1,0,0,0,0,1,0,7,14.3,28,25:54,0,0,0,0,
350,2019-12-14,35,26-147,EDM,,TOR,L,0,1,1,0,0,0,0,0,0,0,1,0,4,0.0,27,28:11,1,4,0,0,
351,2019-12-16,36,26-149,EDM,@,DAL,W,0,0,0,0,0,0,0,0,0,0,0,0,2,0.0,27,30:32,0,6,0,0,
352,2019-12-18,37,26-151,EDM,@,STL,L,0,0,0,0,4,0,0,0,0,0,0,0,2,0.0,28,26:02,0,2,0,0,
353,2019-12-20,38,26-153,EDM,,PIT,L,0,0,0,-2,0,0,0,0,0,0,0,0,5,0.0,25,25:55,2,2,0,0,
354,2019-12-21,39,26-154,EDM,,MTL,W,0,0,0,0,0,0,0,0,0,0,0,0,2,0.0,25,28:05,0,4,0,0,
355,2019-12-23,40,26-156,EDM,@,VAN,L,1,0,1,-2,0,0,1,0,0,0,0,0,2,50.0,26,25:05,1,6,0,0,
356,2019-12-27,41,26-160,EDM,,CGY,L,0,0,0,-2,0,0,0,0,0,0,0,0,3,0.0,24,21:59,2,4,0,0,
357,2019-12-31,42,26-164,EDM,,NYR,W,0,2,2,2,0,0,0,0,0,1,1,0,3,0.0,22,20:22,0,3,0,0,
358,2020-01-02,43,26-166,EDM,@,BUF,L-OT,0,0,0,1,0,0,0,0,0,0,0,0,3,0.0,30,27:16,0,2,0,0,
359,2020-01-04,44,26-168,EDM,@,BOS,W,0,0,0,2,0,0,0,0,0,0,0,0,2,0.0,29,28:22,0,2,0,0,
360,2020-01-06,45,26-170,EDM,@,TOR,W,1,0,1,1,0,1,0,0,0,0,0,0,4,25.0,24,27:56,0,3,0,0,
361,2020-01-09,46,26-173,EDM,@,MTL,W,0,1,1,3,0,0,0,0,0,1,0,0,1,0.0,24,26:06,1,1,0,0,
362,2020-01-11,47,26-175,EDM,@,CGY,L,0,0,0,0,0,0,0,0,0,0,0,0,3,0.0,25,24:46,1,0,0,0,
363,2020-01-14,48,26-178,EDM,,NSH,W,0,1,1,0,0,0,0,0,0,1,0,0,2,0.0,28,28:33,0,1,0,0,
364,2020-01-18,49,26-182,EDM,,ARI,W,0,0,0,1,0,0,0,0,0,0,0,0,2,0.0,24,20:37,0,5,0,0,
365,2020-01-29,50,26-193,EDM,,CGY,L-SO,0,0,0,1,0,0,0,0,0,0,0,0,0,,28,25:41,0,2,0,0,
366,2020-01-31,51,26-195,EDM,,STL,W,0,0,0,0,2,0,0,0,0,0,0,0,3,0.0,25,24:11,0,1,0,0,
367,2020-02-01,52,26-196,EDM,@,CGY,W,0,2,2,2,0,0,0,0,0,2,0,0,2,0.0,30,23:45,0,2,0,0,
368,2020-02-04,53,26-199,EDM,@,ARI,L,0,0,0,-2,0,0,0,0,0,0,0,0,3,0.0,25,26:30,0,3,0,0,
369,2020-02-06,54,26-201,EDM,,SJS,L,0,0,0,-2,6,0,0,0,0,0,0,0,3,0.0,28,21:44,1,1,0,0,
370,2020-02-08,55,26-203,EDM,,NSH,W,0,2,2,0,0,0,0,0,0,0,2,0,5,0.0,26,24:37,1,5,0,0,
371,2020-02-11,56,26-206,EDM,,CHI,W,0,0,0,0,2,0,0,0,0,0,0,0,1,0.0,28,24:40,1,3,0,0,
372,2020-02-13,57,26-208,EDM,@,TBL,L,0,0,0,-3,0,0,0,0,0,0,0,0,3,0.0,28,24:09,1,1,0,0,
373,2020-02-15,58,26-210,EDM,@,FLA,W,0,0,0,0,0,0,0,0,0,0,0,0,1,0.0,27,25:45,0,4,0,0,
374,2020-02-16,59,26-211,EDM,@,CAR,W,0,1,1,-2,0,0,0,0,0,0,1,0,2,0.0,30,30:57,1,2,0,0,
375,2020-03-07,60,26-231,EDM,,CBJ,W,0,0,0,3,0,0,0,0,0,0,0,0,1,0.0,27,22:11,4,2,0,0,
376,2020-03-09,61,26-233,EDM,,VEG,L-OT,0,1,1,0,2,0,0,0,0,1,0,0,3,0.0,27,22:27,0,2,0,0,
377,2020-03-11,62,26-235,EDM,,WPG,L,0,0,0,0,0,0,0,0,0,0,0,0,4,0.0,24,20:43,0,4,0,0,
