,date_game,game_season,age,team_id,game_location,opp_id,game_result,goals,assists,points,plus_minus,pen_min,goals_ev,goals_pp,goals_sh,goals_gw,assists_ev,assists_pp,assists_sh,shots,shot_pct,shifts,time_on_ice,hits_all,blocks_all,faceoff_wins_all,faceoff_losses_all,faceoff_percentage_all
0,2007-03-10,1,25-302,CHI,@,PHX,W,0,0,0,0,42,0,0,0,0,,,,0,,5,2:31,,,,,
1,2007-03-13,2,25-305,CHI,@,SJS,L,0,0,0,-2,0,0,0,0,0,,,,0,,7,5:28,,,,,
2,2007-03-15,3,25-307,CHI,@,LAK,W,0,0,0,-1,0,0,0,0,0,,,,0,,8,4:58,,,,,
3,2007-03-16,4,25-308,CHI,@,ANA,L,0,0,0,0,30,0,0,0,0,,,,0,,10,5:19,,,,,
4,2007-03-20,5,25-312,CHI,@,CBJ,L,0,0,0,-1,0,0,0,0,0,,,,0,,2,0:49,,,,,
5,2007-03-23,6,25-315,CHI,,LAK,L,0,0,0,0,5,0,0,0,0,,,,0,,7,2:34,,,,,
6,2007-03-25,7,25-317,CHI,,CGY,L,0,0,0,1,2,0,0,0,0,,,,1,0.0,13,7:27,,,,,
7,2007-03-28,8,25-320,CHI,,ANA,L,0,0,0,0,7,0,0,0,0,,,,2,0.0,10,6:35,,,,,
8,2007-03-30,9,25-322,CHI,,CBJ,W,0,0,0,0,2,0,0,0,0,,,,0,,11,6:59,,,,,
9,2007-10-04,1,26-145,CHI,@,MIN,L,0,0,0,0,5,0,0,0,0,,,,0,,9,6:32,1,2,0,0,
10,2007-10-06,2,26-147,CHI,,DET,W,0,0,0,0,2,0,0,0,0,,,,0,,6,4:52,1,0,0,0,
11,2007-10-13,3,26-154,CHI,,DAL,W,0,0,0,0,5,0,0,0,0,,,,0,,6,3:58,3,0,0,0,
12,2007-10-17,4,26-158,CHI,,STL,L,0,0,0,0,0,0,0,0,0,,,,0,,5,3:48,1,0,0,0,
13,2007-10-20,5,26-161,CHI,@,TOR,W,0,0,0,-1,5,0,0,0,0,,,,0,,9,4:07,1,0,0,0,
14,2007-10-23,6,26-164,CHI,,CBJ,L,0,0,0,0,2,0,0,0,0,,,,0,,9,4:45,0,0,0,0,
15,2007-10-25,7,26-166,CHI,@,BOS,L,0,0,0,0,5,0,0,0,0,,,,0,,4,1:40,0,0,0,0,
16,2007-11-22,8,26-194,CHI,@,CGY,W,0,0,0,0,2,0,0,0,0,,,,1,0.0,8,4:49,1,0,0,0,
17,2007-11-24,9,26-196,CHI,@,EDM,L-SO,0,0,0,0,5,0,0,0,0,,,,0,,3,1:18,0,0,0,0,
18,2007-11-28,10,26-200,CHI,,TBL,W,0,0,0,0,5,0,0,0,0,,,,0,,8,5:08,2,0,0,0,
19,2007-11-30,11,26-202,CHI,,PHX,W,0,0,0,-1,2,0,0,0,0,,,,0,,14,8:43,0,0,0,0,
20,2007-12-01,12,26-203,CHI,@,STL,L,0,0,0,0,0,0,0,0,0,,,,0,,3,3:23,0,,,,
21,2007-12-07,13,26-209,CHI,,ANA,L,0,0,0,-1,5,0,0,0,0,,,,0,,4,1:54,0,0,0,0,
22,2007-12-09,14,26-211,CHI,,CGY,L,0,0,0,0,0,0,0,0,0,,,,0,,1,0:50,0,,,,
23,2007-12-16,15,26-218,CHI,,FLA,L,0,0,0,-1,0,0,0,0,0,,,,0,,4,2:08,4,0,0,0,
24,2008-01-01,16,26-234,CHI,@,LAK,L,0,0,0,0,25,0,0,0,0,,,,1,0.0,6,2:35,2,0,0,0,
25,2008-01-04,17,26-237,CHI,@,ANA,L,0,0,0,0,0,0,0,0,0,,,,0,,6,3:37,0,,,,
26,2008-01-16,18,26-249,CHI,,STL,W,0,0,0,0,0,0,0,0,0,,,,0,,2,1:19,1,0,0,0,
27,2008-10-18,1,27-159,TBL,,MIN,L-SO,0,0,0,0,4,0,0,0,0,,,,0,,3,0:41,0,0,0,0,
28,2008-11-06,2,27-178,STL,@,SJS,L-SO,0,0,0,-1,0,0,0,0,0,,,,0,,3,1:21,1,0,0,0,
29,2008-11-08,3,27-180,STL,@,LAK,L,0,0,0,0,2,0,0,0,0,,,,4,0.0,11,6:09,5,0,0,0,
30,2008-11-12,4,27-184,STL,@,BUF,L,0,0,0,-1,7,0,0,0,0,,,,1,0.0,8,3:44,3,0,0,0,
31,2008-11-14,5,27-186,STL,@,CHI,W,0,0,0,0,0,0,0,0,0,,,,0,,8,3:13,0,,,,
32,2008-11-26,6,27-198,TBL,,NYR,L-SO,0,0,0,0,5,0,0,0,0,,,,0,,5,2:02,1,0,0,0,
33,2009-01-12,7,27-245,TBL,@,LAK,W,0,0,0,0,15,0,0,0,0,,,,0,,4,2:28,1,0,0,0,
34,2009-01-13,8,27-246,TBL,@,SJS,L,0,0,0,1,12,0,0,0,0,,,,0,,14,9:08,5,0,0,0,
35,2009-01-15,9,27-248,TBL,,PHI,W,0,0,0,0,10,0,0,0,0,,,,0,,10,6:55,0,0,0,0,
36,2009-01-17,10,27-250,TBL,,FLA,L,0,0,0,1,0,0,0,0,0,,,,0,,8,4:08,0,,,,
37,2009-01-19,11,27-252,TBL,,DAL,W,0,0,0,1,0,0,0,0,0,,,,0,,10,4:33,1,0,0,0,
38,2009-01-21,12,27-254,TBL,,BUF,W,0,0,0,0,6,0,0,0,0,,,,1,0.0,8,4:32,1,0,0,0,
39,2009-01-27,13,27-260,TBL,,MTL,W,0,0,0,-1,0,0,0,0,0,,,,0,,3,2:10,0,,,,
40,2009-01-30,14,27-263,TBL,,PHI,L,0,0,0,0,5,0,0,0,0,,,,0,,7,4:08,0,1,0,0,
41,2009-02-04,15,27-268,TBL,@,PIT,L-OT,0,0,0,0,0,0,0,0,0,,,,0,,6,4:08,1,0,0,0,
42,2009-02-07,16,27-271,TBL,,NYI,W,0,0,0,0,0,0,0,0,0,,,,0,,3,1:31,0,,,,
43,2009-02-10,17,27-274,TBL,,ATL,L,0,0,0,1,0,0,0,0,0,,,,0,,7,6:48,1,0,0,0,
44,2009-02-14,18,27-278,TBL,,WSH,L,0,0,0,0,0,0,0,0,0,,,,2,0.0,13,10:50,0,0,0,0,
45,2009-02-20,19,27-284,TBL,@,CAR,L,0,0,0,0,2,0,0,0,0,,,,0,,16,10:44,2,0,0,0,
46,2009-02-22,20,27-286,TBL,,BOS,W,0,1,1,1,5,0,0,0,0,,,,0,,13,7:06,3,0,0,0,
47,2009-02-24,21,27-288,TBL,@,EDM,L,0,0,0,0,7,0,0,0,0,,,,1,0.0,10,6:09,0,0,0,0,
48,2009-02-27,22,27-291,TBL,@,VAN,L,0,0,0,0,0,0,0,0,0,,,,0,,11,7:33,0,0,0,0,
49,2009-03-01,23,27-293,TBL,@,CGY,W,0,0,0,1,0,0,0,0,0,,,,2,0.0,12,8:42,1,0,0,0,
50,2009-03-03,24,27-295,TBL,,PIT,L,0,0,0,-1,5,0,0,0,0,,,,0,,12,6:43,0,1,0,0,
51,2009-03-06,25,27-298,TBL,,STL,L-OT,0,0,0,0,0,0,0,0,0,,,,0,,9,6:52,0,0,0,0,
52,2009-03-07,26,27-299,TBL,,CAR,L,0,0,0,-2,4,0,0,0,0,,,,0,,17,11:59,1,0,0,0,
53,2009-03-17,27,27-309,TBL,,TOR,L-SO,0,0,0,0,10,0,0,0,0,,,,0,,8,4:47,1,1,0,0,
54,2009-03-21,28,27-313,TBL,,ATL,L-SO,0,0,0,0,2,0,0,0,0,,,,1,0.0,14,6:45,1,1,0,0,
55,2009-03-24,29,27-316,TBL,,CBJ,W,0,0,0,0,2,0,0,0,0,,,,0,,11,8:07,1,0,0,0,
56,2009-03-26,30,27-318,TBL,@,MTL,L-OT,1,0,1,1,0,1,0,0,0,,,,1,100.0,8,4:06,0,0,0,0,
57,2009-03-27,31,27-319,TBL,@,WSH,L,0,0,0,0,2,0,0,0,0,,,,0,,7,5:35,1,1,0,0,
58,2009-03-29,32,27-321,TBL,,OTT,L,0,0,0,0,2,0,0,0,0,,,,0,,19,12:40,0,0,0,0,
59,2009-04-03,33,27-326,TBL,@,NJD,L-OT,0,0,0,1,0,0,0,0,0,,,,0,,15,8:47,5,0,0,0,
60,2009-04-04,34,27-327,TBL,@,NYI,L,0,0,0,0,15,0,0,0,0,,,,0,,10,6:34,0,0,0,0,
61,2009-04-07,35,27-330,TBL,,PIT,L,0,0,0,0,17,0,0,0,0,,,,0,,8,6:00,3,0,0,0,
62,2009-04-09,36,27-332,TBL,,WSH,L,0,0,0,0,2,0,0,0,0,,,,0,,12,6:30,0,0,0,0,
63,2009-04-11,37,27-334,TBL,@,ATL,L,0,0,0,-1,0,0,0,0,0,,,,0,,8,6:01,0,,,,
64,2009-10-01,1,28-142,COL,,SJS,W,0,0,0,0,5,0,0,0,0,,,,0,,3,2:11,0,0,0,0,
65,2009-10-03,2,28-144,COL,,VAN,W,0,0,0,0,0,0,0,0,0,,,,0,,2,1:20,0,,,,
66,2009-10-10,3,28-151,COL,@,CHI,L-SO,0,0,0,1,0,0,0,0,0,,,,0,,7,3:26,1,0,0,0,
67,2009-10-12,4,28-153,COL,@,BOS,W,0,0,0,-1,0,0,0,0,0,,,,0,,5,3:35,6,0,0,0,
68,2009-10-13,5,28-154,COL,@,TOR,W,0,0,0,0,5,0,0,0,0,,,,0,,10,6:06,1,1,0,0,
69,2009-10-15,6,28-156,COL,@,MTL,W,0,0,0,0,0,0,0,0,0,,,,0,,5,3:54,1,0,0,0,
70,2009-10-17,7,28-158,COL,@,DET,W,0,0,0,0,0,0,0,0,0,,,,1,0.0,5,4:26,0,0,0,0,
71,2009-10-21,8,28-162,COL,@,MIN,L-SO,0,0,0,0,5,0,0,0,0,,,,0,,5,2:17,0,0,0,0,
72,2009-10-23,9,28-164,COL,,CAR,W,0,0,0,0,0,0,0,0,0,,,,0,,5,4:15,1,0,0,0,
73,2009-10-24,10,28-165,COL,,DET,W,0,0,0,0,0,0,0,0,0,,,,0,,7,4:46,3,0,0,0,
74,2009-10-27,11,28-168,COL,@,EDM,W,0,0,0,0,2,0,0,0,0,,,,0,,8,3:51,1,0,0,0,
75,2009-10-28,12,28-169,COL,@,CGY,W,1,0,1,1,0,1,0,0,0,,,,2,50.0,6,4:05,1,0,0,0,
76,2009-10-30,13,28-171,COL,@,SJS,L,0,0,0,0,2,0,0,0,0,,,,0,,9,5:38,1,0,0,0,
77,2009-11-01,14,28-173,COL,@,VAN,L,0,0,0,0,0,0,0,0,0,,,,0,,9,6:46,2,0,0,0,
78,2009-11-04,15,28-176,COL,,PHX,W,0,0,0,0,2,0,0,0,0,,,,0,,8,3:19,0,0,0,0,
79,2009-11-06,16,28-178,COL,,CHI,W,0,0,0,0,0,0,0,0,0,,,,0,,4,2:25,0,0,0,0,
80,2009-11-08,17,28-180,COL,,EDM,L,0,0,0,0,0,0,0,0,0,,,,0,,3,1:49,0,,,,
81,2009-11-11,18,28-183,COL,@,CHI,L-SO,0,0,0,0,0,0,0,0,0,,,,0,,3,2:46,1,0,0,0,
82,2009-11-14,19,28-186,COL,,VAN,L,0,0,0,-1,0,0,0,0,0,,,,0,,3,2:01,0,,,,
83,2009-11-17,20,28-189,COL,@,CGY,W,0,0,0,0,0,0,0,0,0,,,,0,,5,2:29,0,,,,
84,2009-11-18,21,28-190,COL,@,EDM,L,0,0,0,0,0,0,0,0,0,,,,0,,4,2:09,0,,,,
85,2009-11-20,22,28-192,COL,@,VAN,L,0,0,0,0,2,0,0,0,0,,,,0,,9,3:18,1,0,0,0,
86,2009-11-23,23,28-195,COL,,PHI,W,0,0,0,0,2,0,0,0,0,,,,0,,5,2:31,0,0,0,0,
87,2009-11-25,24,28-197,COL,,NSH,L-OT,0,0,0,0,2,0,0,0,0,,,,0,,5,2:24,0,0,0,0,
88,2009-11-27,25,28-199,COL,@,MIN,L,0,0,0,0,2,0,0,0,0,,,,1,0.0,4,1:46,0,0,0,0,
89,2009-11-28,26,28-200,COL,,MIN,L-SO,0,0,0,0,5,0,0,0,0,,,,0,,5,4:04,0,0,0,0,
90,2009-11-30,27,28-202,COL,@,TBL,W,0,0,0,0,0,0,0,0,0,,,,0,,2,1:12,0,,,,
91,2009-12-02,28,28-204,COL,@,FLA,L-SO,0,0,0,0,0,0,0,0,0,,,,0,,4,1:40,0,,,,
92,2009-12-05,29,28-207,COL,@,CBJ,W,0,0,0,0,5,0,0,0,0,,,,0,,3,1:12,2,0,0,0,
93,2009-12-07,30,28-209,COL,@,STL,W,0,0,0,0,0,0,0,0,0,,,,0,,4,2:35,1,0,0,0,
94,2009-12-11,31,28-213,COL,,TBL,W,0,0,0,0,0,0,0,0,0,,,,0,,6,4:04,2,0,0,0,
95,2009-12-13,32,28-215,COL,,CGY,W,0,0,0,0,5,0,0,0,0,,,,0,,1,0:02,0,0,0,0,
96,2009-12-15,33,28-217,COL,,WSH,L,0,0,0,-1,20,0,0,0,0,,,,0,,8,4:52,3,0,0,0,
97,2010-01-11,34,28-244,COL,@,CGY,W,0,0,0,0,5,0,0,0,0,,,,1,0.0,5,2:50,0,0,0,0,
98,2010-01-16,35,28-249,COL,,NJD,W,0,0,0,0,5,0,0,0,0,,,,0,,5,2:03,0,0,0,0,
99,2010-01-18,36,28-251,COL,,EDM,W,0,0,0,0,0,0,0,0,0,,,,1,0.0,12,7:27,0,1,0,0,
100,2010-01-22,37,28-255,COL,,NSH,W,0,0,0,0,5,0,0,0,0,,,,0,,3,1:14,1,0,0,0,
101,2010-01-24,38,28-257,COL,,DAL,W,0,0,0,0,0,0,0,0,0,,,,0,,4,2:57,0,0,0,0,
102,2010-01-28,39,28-261,COL,,MIN,L,0,0,0,0,0,0,0,0,0,,,,0,,2,1:16,0,0,0,0,
103,2010-01-31,40,28-264,COL,,NYR,L,0,0,0,0,0,0,0,0,0,,,,0,,3,2:05,1,0,0,0,
104,2010-02-06,41,28-270,COL,,EDM,W,0,0,0,0,0,0,0,0,0,,,,0,,3,2:51,1,0,0,0,
105,2010-02-08,42,28-272,COL,,STL,W,0,0,0,0,5,0,0,0,0,,,,0,,1,0:12,1,0,0,0,
106,2010-04-07,43,28-330,COL,@,EDM,L-OT,0,0,0,-1,0,0,0,0,0,,,,0,,7,5:03,1,0,0,0,
107,2010-11-30,1,29-202,COL,,ATL,L-OT,0,0,0,0,0,0,0,0,0,,,,0,,5,3:03,1,0,0,0,
108,2010-12-07,2,29-209,COL,@,FLA,L-OT,0,0,0,-1,0,0,0,0,0,,,,0,,2,1:10,0,,,,
109,2010-12-13,3,29-215,COL,,CHI,W,0,0,0,0,5,0,0,0,0,,,,0,,4,2:16,0,0,0,0,
110,2010-12-15,4,29-217,COL,@,CHI,W,0,0,0,0,0,0,0,0,0,,,,0,,3,1:00,0,0,0,0,
111,2010-12-17,5,29-219,COL,,OTT,W,0,0,0,-1,0,0,0,0,0,,,,0,,6,2:16,1,0,0,0,
112,2010-12-19,6,29-221,COL,,MTL,W,0,0,0,0,0,0,0,0,0,,,,0,,6,2:52,1,0,0,0,
113,2010-12-23,7,29-225,COL,,MIN,L,0,0,0,0,2,0,0,0,0,,,,0,,4,2:34,2,0,0,0,
114,2010-12-30,8,29-232,COL,@,EDM,W,0,0,0,0,0,0,0,0,0,,,,0,,6,2:29,2,0,0,0,
115,2011-01-08,9,29-241,COL,,NYI,L-OT,1,0,1,1,0,1,0,0,0,,,,2,50.0,8,5:10,2,0,0,0,
116,2011-01-14,10,29-247,COL,@,MIN,W,0,0,0,0,0,0,0,0,0,,,,0,,6,4:19,0,2,0,0,
117,2011-01-18,11,29-251,COL,,VAN,W,0,0,0,0,0,0,0,0,0,,,,0,,7,2:41,0,,,,
118,2011-01-20,12,29-253,COL,,NSH,L,0,0,0,-1,2,0,0,0,0,,,,0,,8,5:01,0,0,0,0,
119,2011-01-22,13,29-255,COL,,BOS,L,0,0,0,0,10,0,0,0,0,,,,0,,10,5:52,5,1,0,0,
120,2011-01-24,14,29-257,COL,,STL,W,0,0,0,0,5,0,0,0,0,,,,0,,3,1:54,1,1,0,0,
121,2011-01-26,15,29-259,COL,,PHX,L,0,0,0,0,2,0,0,0,0,,,,0,,4,1:43,1,0,0,0,
122,2011-02-11,16,29-275,COL,@,CBJ,L,0,0,0,1,5,0,0,0,0,,,,1,0.0,7,4:06,0,0,0,0,
123,2011-02-12,17,29-276,COL,@,NSH,L,0,0,0,0,0,0,0,0,0,,,,0,,3,2:04,0,,,,
124,2011-02-14,18,29-278,COL,,CGY,L,0,0,0,-2,0,0,0,0,0,,,,1,0.0,11,7:54,1,0,0,0,
125,2011-02-16,19,29-280,COL,,PIT,L-OT,0,0,0,0,0,0,0,0,0,,,,0,,3,1:30,1,0,0,0,
126,2011-02-23,20,29-287,COL,,EDM,L,0,0,0,-1,0,0,0,0,0,,,,1,0.0,4,3:06,1,0,0,0,
127,2011-02-26,21,29-290,COL,@,LAK,L,0,0,0,-1,5,0,0,0,0,,,,0,,6,4:19,1,0,0,0,
128,2011-02-27,22,29-291,COL,@,ANA,L,0,0,0,0,5,0,0,0,0,,,,0,,4,1:45,0,0,0,0,
129,2011-03-01,23,29-293,COL,@,SJS,L-SO,0,0,0,0,0,0,0,0,0,,,,1,0.0,5,2:42,0,0,0,0,
130,2011-03-05,24,29-297,COL,,EDM,L,0,0,0,0,15,0,0,0,0,,,,1,0.0,11,5:43,0,0,0,0,
131,2011-03-08,25,29-300,COL,@,MIN,L,0,0,0,0,0,0,0,0,0,,,,0,,5,2:52,1,0,0,0,
132,2011-03-11,26,29-303,COL,,ANA,L,0,0,0,0,0,0,0,0,0,,,,0,,6,4:25,0,0,0,0,
133,2011-03-12,27,29-304,COL,@,NSH,L,0,0,0,0,0,0,0,0,0,,,,1,0.0,3,2:41,1,0,0,0,
134,2011-03-19,28,29-311,COL,@,EDM,W,0,0,0,0,0,0,0,0,0,,,,0,,3,2:49,0,,,,
135,2011-03-28,29,29-320,COL,@,ANA,L,0,0,0,-1,7,0,0,0,0,,,,0,,4,2:47,1,0,0,0,
136,2011-04-01,30,29-324,COL,@,PHX,W,0,0,0,0,0,0,0,0,0,,,,0,,12,7:30,1,1,0,0,
137,2011-04-03,31,29-326,COL,,CGY,L,0,0,0,0,0,0,0,0,0,,,,0,,7,3:57,0,0,0,0,
138,2011-04-05,32,29-328,COL,@,STL,L,0,0,0,0,15,0,0,0,0,,,,0,,5,3:06,2,0,0,0,
139,2011-04-07,33,29-330,COL,@,DAL,L,0,0,0,0,0,0,0,0,0,,,,1,0.0,10,7:09,1,0,0,0,
140,2011-04-08,34,29-331,COL,,DAL,L,0,0,0,0,2,0,0,0,0,,,,0,,20,12:29,1,0,0,0,
141,2011-04-10,35,29-333,COL,,EDM,W,0,0,0,1,0,0,0,0,0,,,,0,,21,15:49,0,0,0,0,
