,date_game,game_season,age,team_id,game_location,opp_id,game_result,goals,assists,points,plus_minus,pen_min,goals_ev,goals_pp,goals_sh,goals_gw,assists_ev,assists_pp,assists_sh,shots,shot_pct,shifts,time_on_ice,hits_all,blocks_all,faceoff_wins_all,faceoff_losses_all,faceoff_percentage_all
0,2015-03-31,1,21-041,TBL,@,TOR,L,0,0,0,-1,0,0,0,0,0,0,0,0,2,0.0,21,15:31,0,0,0,0,
1,2015-04-02,2,21-043,TBL,@,OTT,L-OT,0,0,0,0,0,0,0,0,0,0,0,0,3,0.0,24,17:55,1,3,0,0,
2,2015-04-04,3,21-045,TBL,@,FLA,W,0,0,0,1,2,0,0,0,0,0,0,0,1,0.0,23,16:19,1,0,0,0,
3,2015-10-17,1,21-241,TBL,,BUF,W,0,0,0,-1,0,0,0,0,0,0,0,0,0,,14,10:21,1,1,0,0,
4,2016-02-16,2,21-363,TBL,,SJS,L,0,0,0,0,0,0,0,0,0,0,0,0,1,0.0,10,7:58,0,0,0,0,
5,2016-02-18,3,22-000,TBL,,WPG,W,0,0,0,1,2,0,0,0,0,0,0,0,1,0.0,12,7:59,0,0,0,0,
6,2016-02-20,4,22-002,TBL,@,PIT,W,0,0,0,0,0,0,0,0,0,0,0,0,1,0.0,17,9:27,2,1,0,0,
7,2016-03-07,5,22-018,TBL,@,PHI,L,0,1,1,1,0,0,0,0,0,1,0,0,2,0.0,25,13:27,1,2,0,0,
8,2016-03-08,6,22-019,TBL,,BOS,L-OT,0,0,0,0,0,0,0,0,0,0,0,0,1,0.0,17,11:05,0,0,0,0,
9,2016-03-26,7,22-037,TBL,,FLA,L,0,0,0,-1,0,0,0,0,0,0,0,0,0,,10,5:57,0,0,0,0,
10,2016-03-31,8,22-042,TBL,,MTL,L,0,0,0,-1,0,0,0,0,0,0,0,0,3,0.0,18,14:27,0,0,0,0,
11,2016-04-05,9,22-047,TBL,@,NYR,L,0,0,0,0,0,0,0,0,0,0,0,0,2,0.0,17,12:08,2,1,0,0,
12,2016-11-01,1,22-257,TBL,@,NYI,W,0,2,2,2,2,0,0,0,0,2,0,0,0,,19,13:12,1,2,0,0,
13,2016-11-03,2,22-259,TBL,,BOS,L-SO,0,1,1,0,0,0,0,0,0,1,0,0,2,0.0,18,13:20,1,2,0,0,
14,2016-11-05,3,22-261,TBL,,NJD,W,0,0,0,0,0,0,0,0,0,0,0,0,1,0.0,17,14:48,4,0,0,0,
15,2016-11-07,4,22-263,TBL,@,FLA,L,0,0,0,0,0,0,0,0,0,0,0,0,1,0.0,16,11:11,3,0,0,0,
16,2016-11-10,5,22-266,TBL,,NYI,W,0,0,0,1,0,0,0,0,0,0,0,0,0,,18,14:46,0,1,0,0,
17,2016-11-12,6,22-268,TBL,,SJS,L,0,0,0,-1,0,0,0,0,0,0,0,0,0,,20,15:49,0,1,0,0,
18,2016-11-14,7,22-270,TBL,@,NYI,W,0,0,0,2,0,0,0,0,0,0,0,0,1,0.0,19,11:16,0,1,0,0,
19,2016-11-15,8,22-271,TBL,@,DET,W,0,0,0,0,2,0,0,0,0,0,0,0,1,0.0,21,13:42,1,0,0,0,
20,2016-11-17,9,22-273,TBL,@,BUF,W,0,0,0,0,2,0,0,0,0,0,0,0,5,0.0,22,16:15,0,3,0,0,
21,2016-11-19,10,22-275,TBL,@,PHI,W,0,0,0,1,0,0,0,0,0,0,0,0,0,,16,10:45,2,0,0,0,
22,2016-11-21,11,22-277,TBL,@,NSH,L,0,0,0,-1,0,0,0,0,0,0,0,0,2,0.0,20,12:27,0,1,0,0,
23,2016-11-23,12,22-279,TBL,,PHI,W,0,1,1,2,0,0,0,0,0,1,0,0,0,,10,7:32,1,0,0,0,
24,2016-11-25,13,22-281,TBL,,CBJ,L,0,0,0,0,0,0,0,0,0,0,0,0,1,0.0,19,15:31,0,1,0,0,
25,2016-11-27,14,22-283,TBL,@,BOS,L,0,0,0,-3,0,0,0,0,0,0,0,0,1,0.0,22,13:59,0,0,0,0,
26,2016-11-29,15,22-285,TBL,@,CBJ,L,0,0,0,-1,0,0,0,0,0,0,0,0,1,0.0,14,11:55,0,1,0,0,
27,2016-12-03,16,22-289,TBL,,WSH,W,0,0,0,0,0,0,0,0,0,0,0,0,1,0.0,22,15:04,2,0,0,0,
28,2016-12-04,17,22-290,TBL,@,CAR,L-OT,0,0,0,0,0,0,0,0,0,0,0,0,0,,19,14:59,3,1,0,0,
29,2016-12-14,18,22-300,TBL,@,CGY,W,0,0,0,1,0,0,0,0,0,0,0,0,3,0.0,19,13:38,0,3,0,0,
30,2016-12-16,19,22-302,TBL,@,VAN,L,0,0,0,-2,0,0,0,0,0,0,0,0,0,,18,14:25,1,0,0,0,
31,2016-12-17,20,22-303,TBL,@,EDM,L-SO,0,0,0,0,2,0,0,0,0,0,0,0,1,0.0,12,7:23,1,2,0,0,
32,2016-12-20,21,22-306,TBL,,DET,W,0,0,0,0,0,0,0,0,0,0,0,0,0,,19,11:23,1,0,0,0,
33,2016-12-22,22,22-308,TBL,,STL,W,0,0,0,-1,0,0,0,0,0,0,0,0,2,0.0,19,13:24,1,0,0,0,
34,2016-12-23,23,22-309,TBL,@,WSH,L,0,0,0,-1,0,0,0,0,0,0,0,0,2,0.0,21,15:34,1,2,0,0,
35,2016-12-28,24,22-314,TBL,,MTL,W,0,0,0,-1,0,0,0,0,0,0,0,0,1,0.0,15,11:31,0,1,0,0,
36,2016-12-29,25,22-315,TBL,,TOR,L-OT,0,0,0,1,0,0,0,0,0,0,0,0,0,,14,11:32,0,1,0,0,
37,2016-12-31,26,22-317,TBL,,CAR,W,0,0,0,-1,0,0,0,0,0,0,0,0,0,,14,9:47,0,1,0,0,
38,2017-01-03,27,22-320,TBL,,WPG,L,0,0,0,0,0,0,0,0,0,0,0,0,0,,20,13:57,1,1,0,0,
39,2017-01-05,28,22-322,TBL,,NSH,L,0,0,0,-1,0,0,0,0,0,0,0,0,1,0.0,20,16:29,1,1,0,0,
40,2017-01-08,29,22-325,TBL,@,PIT,L,0,0,0,-1,0,0,0,0,0,0,0,0,0,,16,11:10,0,1,0,0,
41,2017-10-09,1,23-233,TBL,,WSH,W,0,0,0,0,0,0,0,0,0,0,0,0,0,,6,3:09,0,,,,
42,2017-10-12,2,23-236,TBL,,PIT,W,2,0,2,1,2,2,0,0,1,0,0,0,3,66.7,16,9:44,1,1,0,0,
43,2017-10-14,3,23-238,TBL,,STL,W,0,0,0,0,2,0,0,0,0,0,0,0,1,0.0,12,8:42,1,0,0,0,
44,2017-10-16,4,23-240,TBL,@,DET,W,0,0,0,0,2,0,0,0,0,0,0,0,0,,13,7:01,0,2,0,0,
45,2017-10-21,5,23-245,TBL,,PIT,W,0,0,0,0,0,0,0,0,0,0,0,0,0,,18,11:15,1,0,0,0,
46,2017-10-28,6,23-252,TBL,,ANA,L,0,0,0,-1,0,0,0,0,0,0,0,0,1,0.0,11,6:36,0,0,0,0,
47,2017-11-08,7,23-263,TBL,@,SJS,W,1,0,1,1,2,1,0,0,0,0,0,0,2,50.0,15,9:14,2,2,0,0,
48,2017-11-09,8,23-264,TBL,@,LAK,W,0,1,1,1,0,0,0,0,0,1,0,0,1,0.0,8,6:22,0,0,0,0,
49,2017-11-18,9,23-273,TBL,,NYI,L,0,1,1,2,0,0,0,0,0,1,0,0,0,,12,9:01,1,0,0,0,
50,2017-11-24,10,23-279,TBL,@,WSH,L,0,0,0,0,0,0,0,0,0,0,0,0,0,,10,6:52,1,0,0,0,
51,2017-11-25,11,23-280,TBL,@,PIT,L,0,0,0,0,0,0,0,0,0,0,0,0,3,0.0,20,16:19,0,0,0,0,
52,2017-11-28,12,23-283,TBL,@,BUF,W,0,0,0,0,0,0,0,0,0,0,0,0,2,0.0,13,9:42,2,0,0,0,
53,2017-12-02,13,23-287,TBL,,SJS,W,0,0,0,0,0,0,0,0,0,0,0,0,1,0.0,21,14:36,0,1,0,0,
54,2017-12-05,14,23-290,TBL,,NYI,W,0,1,1,1,0,0,0,0,0,1,0,0,1,0.0,20,16:16,2,1,0,0,
55,2017-12-07,15,23-292,TBL,,COL,W,0,0,0,-1,0,0,0,0,0,0,0,0,3,0.0,19,13:19,0,0,0,0,
56,2017-12-09,16,23-294,TBL,,WPG,W,0,0,0,-1,0,0,0,0,0,0,0,0,1,0.0,17,11:36,0,2,0,0,
57,2017-12-12,17,23-297,TBL,@,STL,W,0,0,0,0,0,0,0,0,0,0,0,0,0,,16,10:36,0,1,0,0,
58,2017-12-14,18,23-299,TBL,@,ARI,W,0,0,0,1,0,0,0,0,0,0,0,0,1,0.0,26,16:21,2,2,0,0,
59,2017-12-19,19,23-304,TBL,@,VEG,L,0,0,0,0,2,0,0,0,0,0,0,0,2,0.0,17,8:50,1,1,0,0,
60,2017-12-29,20,23-314,TBL,,PHI,L,0,0,0,0,0,0,0,0,0,0,0,0,0,,14,8:09,0,0,0,0,
61,2018-01-06,21,23-322,TBL,@,OTT,L,1,0,1,0,0,1,0,0,0,0,0,0,4,25.0,25,15:19,3,1,0,0,
62,2018-01-07,22,23-323,TBL,@,DET,W,0,0,0,1,0,0,0,0,0,0,0,0,1,0.0,18,14:56,1,0,0,0,
63,2018-01-18,23,23-334,TBL,,VEG,L,0,0,0,-2,0,0,0,0,0,0,0,0,1,0.0,23,18:31,3,1,0,0,
64,2018-01-20,24,23-336,TBL,@,MIN,L,0,0,0,-1,2,0,0,0,0,0,0,0,0,,15,10:00,0,1,0,0,
65,2018-01-23,25,23-339,TBL,@,NSH,W,0,1,1,2,0,0,0,0,0,1,0,0,0,,27,18:34,1,2,0,0,
66,2018-01-25,26,23-341,TBL,@,PHI,W,0,0,0,1,0,0,0,0,0,0,0,0,3,0.0,23,17:12,2,2,0,0,
67,2018-02-01,27,23-348,TBL,@,CGY,W,0,0,0,1,0,0,0,0,0,0,0,0,2,0.0,20,15:03,2,1,0,0,
68,2018-02-03,28,23-350,TBL,@,VAN,W,0,0,0,-1,0,0,0,0,0,0,0,0,1,0.0,14,12:51,0,0,0,0,
69,2018-02-05,29,23-352,TBL,@,EDM,L,0,0,0,-1,0,0,0,0,0,0,0,0,1,0.0,17,13:19,4,0,0,0,
70,2018-02-13,30,23-360,TBL,@,BUF,L,0,0,0,-1,2,0,0,0,0,0,0,0,1,0.0,11,6:26,0,1,0,0,
71,2018-02-22,31,24-004,TBL,@,OTT,W,0,0,0,1,2,0,0,0,0,0,0,0,0,,12,7:49,2,2,0,0,
72,2018-02-26,32,24-008,TBL,,TOR,W,0,0,0,1,0,0,0,0,0,0,0,0,2,0.0,12,7:49,0,0,0,0,
73,2018-03-08,33,24-018,TBL,,NYR,W,0,0,0,-1,0,0,0,0,0,0,0,0,2,0.0,21,17:02,1,0,0,0,
74,2018-03-26,34,24-036,TBL,,ARI,L,0,0,0,0,0,0,0,0,0,0,0,0,2,0.0,12,7:37,2,0,0,0,
75,2018-04-07,35,24-048,TBL,@,CAR,L-OT,0,0,0,0,2,0,0,0,0,0,0,0,1,0.0,14,7:06,1,0,0,0,
76,2018-10-27,1,24-251,TBL,@,ARI,L,0,0,0,-2,0,0,0,0,0,0,0,0,1,0.0,18,15:27,2,0,0,0,
77,2018-10-30,2,24-254,TBL,,NJD,W,0,0,0,1,2,0,0,0,0,0,0,0,3,0.0,23,15:11,3,4,0,0,
78,2018-11-01,3,24-256,TBL,,NSH,L,1,0,1,0,0,1,0,0,0,0,0,0,3,33.3,20,17:21,0,0,0,0,
79,2018-11-03,4,24-258,TBL,@,MTL,W,0,0,0,1,0,0,0,0,0,0,0,0,2,0.0,20,14:34,1,5,0,0,
80,2018-11-04,5,24-259,TBL,@,OTT,W,0,0,0,-1,0,0,0,0,0,0,0,0,2,0.0,19,13:54,2,1,0,0,
81,2018-11-06,6,24-261,TBL,,EDM,W,0,0,0,1,0,0,0,0,0,0,0,0,2,0.0,14,12:53,0,1,0,0,
82,2018-11-08,7,24-263,TBL,,NYI,W,0,0,0,0,2,0,0,0,0,0,0,0,1,0.0,19,13:54,0,0,0,0,
83,2018-11-10,8,24-265,TBL,,OTT,L,0,0,0,-1,0,0,0,0,0,0,0,0,1,0.0,20,16:09,0,0,0,0,
84,2018-11-19,9,24-274,TBL,@,NSH,L,0,0,0,1,0,0,0,0,0,0,0,0,0,,13,9:37,0,1,0,0,
85,2019-01-14,10,24-330,CHI,@,NJD,L,0,0,0,-1,0,0,0,0,0,0,0,0,2,0.0,16,12:27,1,0,0,0,
86,2019-01-20,11,24-336,CHI,,WSH,W,0,0,0,1,0,0,0,0,0,0,0,0,2,0.0,24,16:26,6,2,0,0,
87,2019-01-22,12,24-338,CHI,,NYI,W,0,0,0,-1,0,0,0,0,0,0,0,0,3,0.0,19,16:14,3,3,0,0,
88,2019-02-05,13,24-352,CHI,@,EDM,W,0,0,0,1,0,0,0,0,0,0,0,0,1,0.0,25,21:02,2,2,0,0,
89,2019-02-07,14,24-354,CHI,,VAN,W,0,0,0,1,2,0,0,0,0,0,0,0,0,,25,18:15,4,0,0,0,
90,2019-02-10,15,24-357,CHI,,DET,W,0,0,0,0,0,0,0,0,0,0,0,0,1,0.0,20,13:14,1,1,0,0,
91,2019-02-14,16,24-361,CHI,,NJD,W,0,1,1,1,0,0,0,0,0,1,0,0,1,0.0,20,14:50,4,0,0,0,
92,2019-02-16,17,24-363,CHI,,CBJ,L,0,0,0,-2,0,0,0,0,0,0,0,0,3,0.0,24,18:53,1,2,0,0,
93,2019-02-18,18,25-000,CHI,,OTT,W,0,0,0,1,4,0,0,0,0,0,0,0,1,0.0,23,14:04,0,4,0,0,
94,2019-02-20,19,25-002,CHI,@,DET,W,0,0,0,0,0,0,0,0,0,0,0,0,0,,28,21:28,1,1,0,0,
95,2019-02-22,20,25-004,CHI,,COL,L,0,0,0,-2,2,0,0,0,0,0,0,0,0,,25,16:52,1,3,0,0,
96,2019-02-24,21,25-006,CHI,,DAL,L,0,0,0,-1,0,0,0,0,0,0,0,0,0,,16,12:24,3,1,0,0,
97,2019-02-27,22,25-009,CHI,@,ANA,W,0,0,0,0,0,0,0,0,0,0,0,0,0,,20,15:05,1,2,0,0,
98,2019-03-02,23,25-012,CHI,@,LAK,L,0,1,1,0,0,0,0,0,0,1,0,0,3,0.0,26,17:14,0,2,0,0,
99,2019-03-07,24,25-017,CHI,,BUF,W,0,1,1,1,0,0,0,0,0,1,0,0,1,0.0,17,11:19,0,1,0,0,
100,2019-03-16,25,25-026,CHI,@,MTL,W,0,1,1,2,0,0,0,0,0,1,0,0,0,,28,22:30,1,4,0,0,
101,2019-03-18,26,25-028,CHI,,VAN,L-OT,0,0,0,-1,0,0,0,0,0,0,0,0,0,,23,16:36,2,1,0,0,
102,2019-03-24,27,25-034,CHI,,COL,W,0,0,0,0,0,0,0,0,0,0,0,0,1,0.0,23,17:12,2,0,0,0,
103,2019-03-26,28,25-036,CHI,@,ARI,L,0,0,0,0,0,0,0,0,0,0,0,0,1,0.0,24,17:46,1,2,0,0,
104,2019-03-28,29,25-038,CHI,@,SJS,W,0,0,0,0,2,0,0,0,0,0,0,0,0,,22,15:59,6,1,0,0,
105,2019-04-05,30,25-046,CHI,,DAL,W,1,0,1,3,0,1,0,0,0,0,0,0,1,100.0,21,17:24,4,2,0,0,
106,2019-04-06,31,25-047,CHI,@,NSH,L,0,0,0,1,0,0,0,0,0,0,0,0,0,,20,14:33,2,2,0,0,
107,2019-10-04,1,25-228,CHI,@,PHI,L,0,0,0,-2,0,0,0,0,0,0,0,0,0,,21,13:43,1,1,0,0,
108,2019-10-10,2,25-234,CHI,,SJS,L,0,0,0,-1,0,0,0,0,0,0,0,0,1,0.0,20,14:50,1,1,0,0,
109,2019-10-24,3,25-248,CHI,,PHI,L,0,0,0,-1,0,0,0,0,0,0,0,0,2,0.0,20,15:39,2,0,0,0,
110,2019-10-26,4,25-250,CHI,@,CAR,L,0,0,0,0,0,0,0,0,0,0,0,0,1,0.0,20,14:41,2,0,0,0,
111,2019-10-27,5,25-251,CHI,,LAK,W,0,2,2,4,2,0,0,0,0,2,0,0,1,0.0,25,18:29,4,1,0,0,
112,2019-10-29,6,25-253,CHI,@,NSH,L,0,0,0,0,4,0,0,0,0,0,0,0,1,0.0,25,17:46,3,1,0,0,
113,2019-11-02,7,25-257,CHI,@,LAK,L-OT,0,0,0,-2,2,0,0,0,0,0,0,0,0,,19,14:02,2,4,0,0,
114,2019-11-09,8,25-264,CHI,@,PIT,L-SO,0,1,1,-1,0,0,0,0,0,1,0,0,1,0.0,22,14:38,2,0,0,0,
115,2019-11-21,9,25-276,CHI,,TBL,L,0,0,0,0,0,0,0,0,0,0,0,0,1,0.0,11,8:14,0,0,0,0,
116,2019-11-30,10,25-285,CHI,@,COL,L,0,0,0,-1,0,0,0,0,0,0,0,0,0,,21,15:34,2,0,0,0,
117,2019-12-02,11,25-287,CHI,,STL,L,0,0,0,0,0,0,0,0,0,0,0,0,1,0.0,21,17:08,1,1,0,0,
118,2019-12-05,12,25-290,CHI,@,BOS,W,0,0,0,0,0,0,0,0,0,0,0,0,0,,25,17:08,2,2,0,0,
119,2019-12-06,13,25-291,CHI,@,NJD,W,0,0,0,0,0,0,0,0,0,0,0,0,1,0.0,27,18:34,0,4,0,0,
120,2019-12-08,14,25-293,CHI,,ARI,L-SO,0,0,0,0,2,0,0,0,0,0,0,0,1,0.0,21,16:13,4,0,0,0,
121,2019-12-27,15,25-312,CHI,,NYI,W,0,0,0,1,10,0,0,0,0,0,0,0,0,,19,15:37,3,1,0,0,
122,2019-12-29,16,25-314,CHI,@,CBJ,W,0,0,0,-1,2,0,0,0,0,0,0,0,1,0.0,20,14:28,2,1,0,0,
123,2020-01-09,17,25-325,CHI,,NSH,L,0,0,0,-1,0,0,0,0,0,0,0,0,0,,22,17:00,4,0,0,0,
124,2020-01-11,18,25-327,CHI,,ANA,W,0,0,0,2,0,0,0,0,0,0,0,0,1,0.0,21,18:23,0,2,0,0,
125,2020-01-14,19,25-330,CHI,@,OTT,W,0,1,1,1,2,0,0,0,0,1,0,0,1,0.0,25,17:10,4,2,0,0,
126,2020-01-15,20,25-331,CHI,@,MTL,W,0,1,1,2,0,0,0,0,0,1,0,0,1,0.0,19,14:47,2,1,0,0,
127,2020-01-18,21,25-334,CHI,@,TOR,W,0,1,1,2,0,0,0,0,0,1,0,0,2,0.0,23,20:16,2,2,0,0,
128,2020-01-19,22,25-335,CHI,,WPG,W,0,0,0,1,0,0,0,0,0,0,0,0,1,0.0,22,17:59,0,2,0,0,
129,2020-01-21,23,25-337,CHI,,FLA,L,0,1,1,0,0,0,0,0,0,1,0,0,2,0.0,18,14:31,1,1,0,0,
130,2020-02-01,24,25-348,CHI,@,ARI,W,0,0,0,1,0,0,0,0,0,0,0,0,3,0.0,22,19:33,1,2,0,0,
131,2020-02-04,25,25-351,CHI,@,MIN,L-OT,0,0,0,0,2,0,0,0,0,0,0,0,1,0.0,22,15:25,0,0,0,0,
132,2020-02-05,26,25-352,CHI,,BOS,L-OT,0,0,0,0,2,0,0,0,0,0,0,0,1,0.0,22,18:27,1,2,0,0,
133,2020-02-09,27,25-356,CHI,@,WPG,L,0,0,0,0,2,0,0,0,0,0,0,0,1,0.0,24,18:59,2,4,0,0,
134,2020-02-11,28,25-358,CHI,@,EDM,L,0,0,0,0,0,0,0,0,0,0,0,0,2,0.0,21,14:43,2,1,0,0,
135,2020-02-12,29,25-359,CHI,@,VAN,L,0,0,0,-1,0,0,0,0,0,0,0,0,2,0.0,21,15:19,1,1,0,0,
136,2020-02-15,30,25-362,CHI,@,CGY,W,0,1,1,3,0,0,0,0,0,1,0,0,1,0.0,25,21:13,1,3,0,0,
137,2020-02-16,31,25-363,CHI,@,WPG,L,0,0,0,0,0,0,0,0,0,0,0,0,2,0.0,20,18:05,0,0,0,0,
138,2020-02-19,32,26-001,CHI,,NYR,L,0,0,0,1,2,0,0,0,0,0,0,0,3,0.0,21,17:29,2,2,0,0,
139,2020-02-21,33,26-003,CHI,,NSH,W,0,0,0,0,6,0,0,0,0,0,0,0,2,0.0,26,21:03,5,4,0,0,
140,2020-02-23,34,26-005,CHI,@,DAL,L,0,0,0,-1,0,0,0,0,0,0,0,0,0,,18,15:26,0,3,0,0,
141,2020-02-25,35,26-007,CHI,@,STL,L,0,0,0,-1,2,0,0,0,0,0,0,0,1,0.0,19,15:24,1,0,0,0,
142,2020-02-27,36,26-009,CHI,@,TBL,W,1,0,1,0,2,1,0,0,1,0,0,0,1,100.0,25,17:15,0,0,0,0,
143,2020-02-29,37,26-011,CHI,@,FLA,W,0,0,0,-1,0,0,0,0,0,0,0,0,2,0.0,24,19:23,0,0,0,0,
144,2020-03-03,38,26-014,CHI,,ANA,W,0,0,0,0,0,0,0,0,0,0,0,0,1,0.0,24,17:10,0,1,0,0,
145,2020-03-05,39,26-016,CHI,,EDM,W,0,0,0,0,0,0,0,0,0,0,0,0,2,0.0,22,17:24,1,1,0,0,
146,2020-03-06,40,26-017,CHI,@,DET,L,0,0,0,-1,0,0,0,0,0,0,0,0,0,,21,19:12,0,2,0,0,
147,2020-03-08,41,26-019,CHI,,STL,L,0,0,0,0,0,0,0,0,0,0,0,0,1,0.0,21,16:59,0,1,0,0,
148,2020-03-11,42,26-022,CHI,,SJS,W,0,1,1,0,0,0,0,0,0,1,0,0,1,0.0,23,18:31,3,4,0,0,
