,date_game,game_season,age,team_id,game_location,opp_id,game_result,goals,assists,points,plus_minus,pen_min,goals_ev,goals_pp,goals_sh,goals_gw,assists_ev,assists_pp,assists_sh,shots,shot_pct,shifts,time_on_ice,hits_all,blocks_all,faceoff_wins_all,faceoff_losses_all,faceoff_percentage_all
0,2011-10-08,1,18-330,NJD,,PHI,L,0,0,0,-1,0,0,0,0,0,,,,3,0.0,22,21:46,2,1,0,0,
1,2011-10-10,2,18-332,NJD,,CAR,W,0,0,0,1,0,0,0,0,0,,,,1,0.0,23,24:35,2,1,0,0,
2,2011-10-13,3,18-335,NJD,,LAK,W,0,0,0,0,0,0,0,0,0,,,,2,0.0,24,24:59,1,1,0,0,
3,2011-10-15,4,18-337,NJD,@,NSH,W,0,0,0,-1,0,0,0,0,0,,,,1,0.0,25,25:37,0,3,0,0,
4,2011-10-21,5,18-343,NJD,,SJS,L-SO,0,0,0,1,2,0,0,0,0,,,,0,,23,23:34,0,1,0,0,
5,2011-10-22,6,18-344,NJD,@,PIT,L,0,0,0,-1,2,0,0,0,0,,,,3,0.0,25,22:38,2,3,0,0,
6,2011-10-25,7,18-347,NJD,@,LAK,W,0,0,0,0,0,0,0,0,0,,,,1,0.0,24,23:56,6,0,0,0,
7,2011-10-27,8,18-349,NJD,@,PHX,L,0,0,0,-2,0,0,0,0,0,,,,0,,24,21:46,1,1,0,0,
8,2011-10-29,9,18-351,NJD,@,DAL,L,0,0,0,-1,0,0,0,0,0,,,,2,0.0,24,24:39,3,0,0,0,
9,2011-11-02,10,18-355,NJD,,TOR,L,0,1,1,-2,0,0,0,0,0,,,,0,,25,22:53,1,0,0,0,
10,2011-11-03,11,18-356,NJD,@,PHI,W,0,0,0,2,4,0,0,0,0,,,,3,0.0,25,23:35,1,3,0,0,
11,2011-11-05,12,18-358,NJD,,WPG,W,0,1,1,2,0,0,0,0,0,,,,1,0.0,26,23:59,3,0,0,0,
12,2011-11-08,13,18-361,NJD,,CAR,W,0,0,0,-1,0,0,0,0,0,,,,0,,23,23:13,1,0,0,0,
13,2011-11-11,14,18-364,NJD,,WSH,L,1,0,1,-1,0,1,0,0,0,,,,3,33.3,28,22:03,2,0,0,0,
14,2011-11-12,15,19-000,NJD,@,WSH,W,0,0,0,0,0,0,0,0,0,,,,0,,24,21:01,2,1,0,0,
15,2011-11-15,16,19-003,NJD,@,BOS,L,0,0,0,-1,0,0,0,0,0,,,,0,,23,18:32,1,1,0,0,
16,2011-11-16,17,19-004,NJD,@,BUF,W,0,0,0,2,0,0,0,0,0,,,,0,,21,22:30,0,3,0,0,
17,2011-11-19,18,19-007,NJD,@,TBL,W,0,1,1,-1,0,0,0,0,0,,,,1,0.0,25,21:45,2,0,0,0,
18,2011-11-21,19,19-009,NJD,@,FLA,L,0,1,1,0,0,0,0,0,0,,,,2,0.0,26,24:41,1,2,0,0,
19,2011-11-23,20,19-011,NJD,,CBJ,W,0,1,1,1,2,0,0,0,0,,,,3,0.0,25,18:49,1,1,0,0,
20,2011-11-25,21,19-013,NJD,@,NYI,W,0,1,1,0,0,0,0,0,0,,,,0,,18,14:14,1,1,0,0,
21,2011-11-26,22,19-014,NJD,,NYI,L,1,0,1,-1,0,1,0,0,0,,,,2,50.0,23,20:46,0,2,0,0,
22,2011-11-30,23,19-018,NJD,@,COL,L,0,0,0,0,0,0,0,0,0,,,,0,,25,23:20,1,3,0,0,
23,2011-12-02,24,19-020,NJD,@,MIN,L,0,0,0,0,0,0,0,0,0,,,,1,0.0,26,22:54,0,1,0,0,
24,2011-12-03,25,19-021,NJD,@,WPG,L,0,1,1,-1,0,0,0,0,0,,,,1,0.0,26,23:06,1,0,0,0,
25,2011-12-06,26,19-024,NJD,@,TOR,W,0,0,0,-2,0,0,0,0,0,,,,0,,22,23:09,4,1,0,0,
26,2011-12-08,27,19-026,NJD,,OTT,W,0,1,1,0,0,0,0,0,0,,,,0,,27,22:11,1,0,0,0,
27,2011-12-10,28,19-028,NJD,,MTL,L,0,0,0,0,0,0,0,0,0,,,,1,0.0,21,19:39,0,0,0,0,
28,2011-12-12,29,19-030,NJD,@,TBL,W,0,0,0,0,4,0,0,0,0,,,,1,0.0,25,19:02,1,0,0,0,
29,2011-12-13,30,19-031,NJD,@,FLA,W,0,0,0,0,0,0,0,0,0,,,,3,0.0,21,18:17,1,0,0,0,
30,2011-12-16,31,19-034,NJD,,DAL,W,0,2,2,-1,0,0,0,0,0,,,,2,0.0,18,18:18,0,0,0,0,
31,2011-12-17,32,19-035,NJD,@,MTL,W,0,1,1,-1,0,0,0,0,0,,,,1,0.0,23,20:08,0,1,0,0,
32,2011-12-20,33,19-038,NJD,,NYR,L,0,0,0,0,0,0,0,0,0,,,,1,0.0,22,21:50,1,2,0,0,
33,2011-12-28,34,19-046,NJD,,BUF,W,0,0,0,0,0,0,0,0,0,,,,1,0.0,24,20:04,0,1,0,0,
34,2011-12-31,35,19-049,NJD,,PIT,W,0,0,0,0,0,0,0,0,0,,,,0,,23,18:40,3,2,0,0,
35,2012-01-02,36,19-051,NJD,@,OTT,L-OT,0,0,0,2,0,0,0,0,0,,,,0,,26,22:36,0,5,0,0,
36,2012-01-04,37,19-053,NJD,,BOS,L,0,0,0,-4,2,0,0,0,0,,,,2,0.0,23,17:47,2,0,0,0,
37,2012-01-06,38,19-055,NJD,,FLA,W,0,0,0,1,0,0,0,0,0,,,,0,,24,20:41,0,0,0,0,
38,2012-01-07,39,19-056,NJD,@,PIT,W,0,0,0,1,0,0,0,0,0,,,,1,0.0,24,23:41,3,2,0,0,
39,2012-01-10,40,19-059,NJD,@,CGY,L,0,1,1,1,0,0,0,0,0,,,,2,0.0,23,20:07,2,0,0,0,
40,2012-01-11,41,19-060,NJD,@,EDM,W,0,0,0,0,0,0,0,0,0,,,,0,,25,22:05,3,4,0,0,
41,2012-01-14,42,19-063,NJD,@,WPG,W,0,1,1,0,0,0,0,0,0,,,,2,0.0,25,18:47,2,0,0,0,
42,2012-01-17,43,19-066,NJD,,WPG,W,0,0,0,1,0,0,0,0,0,,,,1,0.0,23,22:42,3,1,0,0,
43,2012-01-19,44,19-068,NJD,,BOS,L,0,0,0,0,0,0,0,0,0,,,,1,0.0,26,22:40,1,1,0,0,
44,2012-01-21,45,19-070,NJD,,PHI,L,0,0,0,1,2,0,0,0,0,,,,1,0.0,24,22:05,1,1,0,0,
45,2012-01-24,46,19-073,NJD,,BUF,L-SO,0,0,0,0,0,0,0,0,0,,,,1,0.0,26,26:15,1,1,0,0,
46,2012-01-31,47,19-080,NJD,,NYR,W,0,1,1,0,0,0,0,0,0,,,,1,0.0,31,26:31,4,4,0,0,
47,2012-02-02,48,19-082,NJD,,MTL,W,0,0,0,0,0,0,0,0,0,,,,1,0.0,22,18:19,2,0,0,0,
48,2012-02-26,49,19-106,NJD,,TBL,L,0,0,0,-1,0,0,0,0,0,,,,0,,21,18:17,2,0,0,0,
49,2012-02-27,50,19-107,NJD,@,NYR,L,0,0,0,-1,0,0,0,0,0,,,,1,0.0,23,18:27,0,0,0,0,
50,2012-03-01,51,19-110,NJD,@,BOS,L-OT,0,0,0,1,0,0,0,0,0,,,,1,0.0,20,17:22,0,2,0,0,
51,2012-03-02,52,19-111,NJD,@,WSH,W,0,0,0,2,0,0,0,0,0,,,,1,0.0,26,19:43,2,1,0,0,
52,2012-03-04,53,19-113,NJD,@,NYI,L,0,0,0,-1,0,0,0,0,0,,,,1,0.0,25,22:24,4,3,0,0,
53,2012-03-06,54,19-115,NJD,,NYR,W,0,0,0,1,0,0,0,0,0,,,,0,,22,15:11,1,0,0,0,
54,2012-03-08,55,19-117,NJD,,NYI,W,0,1,1,1,0,0,0,0,0,,,,2,0.0,23,21:09,2,1,0,0,
55,2012-03-10,56,19-119,NJD,@,NYI,W,0,0,0,0,0,0,0,0,0,,,,0,,18,16:38,2,0,0,0,
56,2012-03-11,57,19-120,NJD,,PHI,W,0,0,0,0,0,0,0,0,0,,,,1,0.0,13,10:33,0,0,0,0,
57,2012-03-13,58,19-122,NJD,@,PHI,L,0,0,0,-1,2,0,0,0,0,,,,0,,20,14:26,3,0,0,0,
58,2012-03-15,59,19-124,NJD,,COL,W,0,0,0,0,0,0,0,0,0,,,,0,,23,20:55,3,0,0,0,
59,2012-03-17,60,19-126,NJD,,PIT,L,0,0,0,0,0,0,0,0,0,,,,0,,24,19:28,2,0,0,0,
60,2012-03-19,61,19-128,NJD,@,NYR,L,0,0,0,-1,0,0,0,0,0,,,,0,,20,17:46,0,2,0,0,
61,2012-03-20,62,19-129,NJD,@,OTT,W,0,0,0,0,0,0,0,0,0,,,,1,0.0,20,16:26,1,2,0,0,
62,2012-03-23,63,19-132,NJD,,TOR,L-SO,0,1,1,0,0,0,0,0,0,,,,2,0.0,19,16:06,0,0,0,0,
63,2012-03-25,64,19-134,NJD,@,PIT,L,0,0,0,-1,0,0,0,0,0,,,,3,0.0,20,16:25,1,1,0,0,
64,2012-04-07,65,19-147,NJD,,OTT,W,0,0,0,0,0,0,0,0,0,,,,2,0.0,17,12:39,1,0,0,0,
65,2013-01-31,1,20-080,NJD,,NYI,L-OT,0,0,0,1,0,0,0,0,0,,,,0,,22,17:51,1,2,0,0,
66,2013-02-02,2,20-082,NJD,@,PIT,L,0,0,0,-1,0,0,0,0,0,,,,1,0.0,26,20:06,2,2,0,0,
67,2013-02-03,3,20-083,NJD,@,NYI,W,0,0,0,1,2,0,0,0,0,,,,1,0.0,24,17:10,1,1,0,0,
68,2013-02-05,4,20-085,NJD,,NYR,W,0,0,0,1,0,0,0,0,0,,,,0,,22,18:33,2,3,0,0,
69,2013-02-07,5,20-087,NJD,,TBL,W,0,0,0,0,2,0,0,0,0,,,,0,,26,17:38,0,1,0,0,
70,2013-02-09,6,20-089,NJD,,PIT,W,0,1,1,1,0,0,0,0,0,,,,1,0.0,16,12:37,2,0,0,0,
71,2013-02-10,7,20-090,NJD,@,PIT,W,0,0,0,1,0,0,0,0,0,,,,0,,28,22:48,2,1,0,0,
72,2013-02-12,8,20-092,NJD,,CAR,L,0,0,0,-1,0,0,0,0,0,,,,0,,20,15:49,1,2,0,0,
73,2013-02-15,9,20-095,NJD,,PHI,W,0,1,1,3,0,0,0,0,0,,,,0,,24,20:04,3,1,0,0,
74,2013-02-16,10,20-096,NJD,@,NYI,L,0,0,0,-1,0,0,0,0,0,,,,1,0.0,26,17:24,0,1,0,0,
75,2013-02-18,11,20-098,NJD,,OTT,L-SO,0,0,0,0,0,0,0,0,0,,,,0,,23,21:16,2,0,0,0,
76,2013-02-21,12,20-101,NJD,@,WSH,W,0,1,1,1,2,0,0,0,0,,,,2,0.0,21,13:25,0,1,0,0,
77,2013-02-23,13,20-103,NJD,@,WSH,L,0,0,0,0,4,0,0,0,0,,,,0,,23,18:19,1,1,0,0,
78,2013-02-24,14,20-104,NJD,,WPG,L,0,0,0,-2,0,0,0,0,0,,,,1,0.0,22,15:59,0,2,0,0,
79,2013-02-28,15,20-108,NJD,@,WPG,L,0,0,0,0,0,0,0,0,0,,,,0,,24,17:09,0,0,0,0,
80,2013-03-02,16,20-110,NJD,@,BUF,L-SO,0,0,0,1,0,0,0,0,0,,,,1,0.0,24,17:06,1,0,0,0,
81,2013-03-04,17,20-112,NJD,@,TOR,L,0,0,0,-1,0,0,0,0,0,,,,2,0.0,26,20:30,2,2,0,0,
82,2013-03-05,18,20-113,NJD,,TBL,L,0,0,0,0,0,0,0,0,0,,,,0,,23,19:47,1,1,0,0,
83,2013-03-09,19,20-117,NJD,@,CAR,L,0,0,0,-1,0,0,0,0,0,,,,0,,26,20:30,0,3,0,0,
84,2013-03-10,20,20-118,NJD,,WPG,W,0,1,1,-1,0,0,0,0,0,,,,0,,26,22:04,2,3,0,0,
85,2013-03-13,21,20-121,NJD,,PHI,W,0,0,0,2,0,0,0,0,0,,,,0,,23,18:26,0,1,0,0,
86,2013-03-15,22,20-123,NJD,@,PHI,L-SO,0,0,0,-1,0,0,0,0,0,,,,0,,26,19:54,1,1,0,0,
87,2013-03-16,23,20-124,NJD,,MTL,L,0,0,0,0,0,0,0,0,0,,,,0,,19,15:53,1,2,0,0,
88,2013-03-19,24,20-127,NJD,,NYR,L,0,0,0,1,0,0,0,0,0,,,,2,0.0,24,16:58,1,1,0,0,
89,2013-03-21,25,20-129,NJD,@,CAR,W,0,1,1,1,0,0,0,0,0,,,,0,,24,17:22,2,1,0,0,
90,2013-03-23,26,20-131,NJD,,FLA,W,0,0,0,2,2,0,0,0,0,,,,0,,22,15:52,0,3,0,0,
91,2013-03-25,27,20-133,NJD,@,OTT,L-SO,0,0,0,-2,0,0,0,0,0,,,,3,0.0,28,21:40,1,3,0,0,
92,2013-03-30,28,20-138,NJD,@,FLA,L-OT,0,0,0,-1,0,0,0,0,0,,,,0,,18,12:40,0,0,0,0,
93,2013-04-07,29,20-146,NJD,@,BUF,L-SO,0,0,0,-1,0,0,0,0,0,,,,1,0.0,25,20:58,0,4,0,0,
94,2013-04-12,30,20-151,NJD,,OTT,L,0,0,0,0,0,0,0,0,0,,,,1,0.0,21,16:40,2,1,0,0,
95,2013-04-15,31,20-154,NJD,@,TOR,L,0,0,0,0,0,0,0,0,0,,,,1,0.0,22,17:51,2,0,0,0,
96,2013-04-18,32,20-157,NJD,@,PHI,W,0,0,0,1,0,0,0,0,0,,,,3,0.0,23,16:36,0,2,0,0,
97,2013-04-20,33,20-159,NJD,,FLA,W,0,1,1,1,0,0,0,0,0,,,,0,,27,20:50,1,2,0,0,
98,2013-04-21,34,20-160,NJD,@,NYR,L,0,0,0,-1,0,0,0,0,0,,,,2,0.0,24,19:09,2,1,0,0,
99,2013-04-23,35,20-162,NJD,,MTL,W,0,0,0,0,0,0,0,0,0,,,,1,0.0,24,18:43,1,0,0,0,
100,2013-04-25,36,20-164,NJD,,PIT,W,0,0,0,2,0,0,0,0,0,,,,4,0.0,26,18:36,0,0,0,0,
101,2013-04-27,37,20-166,NJD,@,NYR,L,0,0,0,-2,0,0,0,0,0,,,,2,0.0,23,15:32,0,0,0,0,
102,2013-10-03,1,20-325,NJD,@,PIT,L,0,0,0,-2,0,0,0,0,0,,,,2,0.0,25,20:49,1,0,0,0,
103,2013-10-04,2,20-326,NJD,,NYI,L-SO,0,0,0,-2,0,0,0,0,0,,,,2,0.0,20,12:09,0,0,0,0,
104,2013-10-07,3,20-329,NJD,@,EDM,L-SO,0,0,0,0,0,0,0,0,0,,,,2,0.0,24,17:00,3,1,0,0,
105,2013-10-11,4,20-333,NJD,@,CGY,L,0,0,0,1,0,0,0,0,0,,,,2,0.0,23,19:47,2,1,0,0,
106,2013-10-13,5,20-335,NJD,@,WPG,L,0,0,0,-1,0,0,0,0,0,,,,0,,25,18:22,1,2,0,0,
107,2013-10-17,6,20-339,NJD,@,OTT,L,0,0,0,-1,0,0,0,0,0,,,,2,0.0,23,14:19,1,1,0,0,
108,2013-10-24,7,20-346,NJD,,VAN,L-SO,0,0,0,0,0,0,0,0,0,,,,0,,24,19:09,2,0,0,0,
109,2013-10-26,8,20-348,NJD,@,BOS,W,0,0,0,0,0,0,0,0,0,,,,2,0.0,28,17:23,1,2,0,0,
110,2013-10-29,9,20-351,NJD,,TBL,W,0,0,0,1,0,0,0,0,0,,,,0,,23,17:31,2,2,0,0,
111,2013-11-02,10,20-355,NJD,,PHI,L,0,0,0,-1,0,0,0,0,0,,,,0,,25,17:44,1,1,0,0,
112,2013-11-03,11,20-356,NJD,@,MIN,L,0,0,0,0,0,0,0,0,0,,,,1,0.0,31,26:24,2,0,0,0,
113,2013-11-07,12,20-360,NJD,@,PHI,W,0,1,1,2,2,0,0,0,0,,,,0,,22,14:45,2,1,0,0,
114,2013-11-08,13,20-361,NJD,@,TOR,L-SO,0,0,0,0,0,0,0,0,0,,,,1,0.0,24,18:35,2,1,0,0,
115,2013-11-10,14,20-363,NJD,,NSH,W,0,0,0,0,0,0,0,0,0,,,,0,,18,17:07,2,0,0,0,
116,2013-11-12,15,21-000,NJD,@,NYR,W,0,1,1,1,2,0,0,0,0,,,,0,,25,17:16,1,3,0,0,
117,2013-11-15,16,21-003,NJD,,LAK,L,0,0,0,0,0,0,0,0,0,,,,0,,23,17:01,0,0,0,0,
118,2013-11-16,17,21-004,NJD,,PIT,W,1,0,1,1,2,1,0,0,1,,,,1,100.0,24,15:56,3,3,0,0,
119,2013-11-20,18,21-008,NJD,@,ANA,W,0,0,0,-1,2,0,0,0,0,,,,0,,26,19:51,2,1,0,0,
120,2013-11-21,19,21-009,NJD,@,LAK,W,0,0,0,0,0,0,0,0,0,,,,1,0.0,26,19:33,2,7,0,0,
121,2013-11-23,20,21-011,NJD,@,SJS,L,0,0,0,-2,0,0,0,0,0,,,,0,,22,16:57,2,0,0,0,
122,2014-03-31,21,21-139,NJD,,FLA,W,0,0,0,0,2,0,0,0,0,,,,0,,27,19:23,1,3,0,0,
123,2014-04-01,22,21-140,NJD,@,BUF,L-SO,0,0,0,1,0,0,0,0,0,,,,0,,24,18:05,2,5,0,0,
124,2014-04-04,23,21-143,NJD,,WSH,W,0,0,0,0,2,0,0,0,0,,,,2,0.0,16,10:33,1,0,0,0,
125,2014-04-10,24,21-149,NJD,@,OTT,L-SO,0,0,0,1,0,0,0,0,0,,,,2,0.0,26,17:16,2,3,0,0,
126,2014-04-11,25,21-150,NJD,,NYI,L-SO,0,0,0,1,0,0,0,0,0,,,,0,,25,17:14,1,0,0,0,
127,2014-04-13,26,21-152,NJD,,BOS,W,0,0,0,0,0,0,0,0,0,,,,0,,23,22:15,2,0,0,0,
128,2014-10-21,1,21-343,NJD,,NYR,L-OT,0,0,0,0,0,0,0,0,0,0,0,0,2,0.0,19,12:30,0,1,0,0,
129,2014-10-30,2,21-352,NJD,,WPG,W,0,0,0,0,0,0,0,0,0,0,0,0,1,0.0,21,15:11,3,0,0,0,
130,2014-11-01,3,21-354,NJD,,CBJ,W,1,0,1,1,0,1,0,0,1,0,0,0,1,100.0,23,15:19,1,1,0,0,
131,2014-11-04,4,21-357,NJD,,STL,L,0,0,0,0,2,0,0,0,0,0,0,0,2,0.0,25,17:09,0,1,0,0,
132,2014-11-06,5,21-359,NJD,@,STL,L,0,0,0,0,0,0,0,0,0,0,0,0,1,0.0,22,17:28,0,3,0,0,
133,2014-11-07,6,21-360,NJD,@,DET,L,0,0,0,-1,0,0,0,0,0,0,0,0,0,,19,11:52,2,1,0,0,
134,2014-11-10,7,21-363,NJD,@,BOS,L,0,0,0,0,2,0,0,0,0,0,0,0,3,0.0,19,12:31,2,0,0,0,
135,2014-11-11,8,21-364,NJD,,MIN,W,0,1,1,1,0,0,0,0,0,1,0,0,1,0.0,24,18:04,1,2,0,0,
136,2014-11-14,9,22-002,NJD,@,WSH,W,0,0,0,0,0,0,0,0,0,0,0,0,2,0.0,27,20:28,1,5,0,0,
137,2014-11-15,10,22-003,NJD,,COL,L,0,0,0,-1,0,0,0,0,0,0,0,0,1,0.0,25,18:47,2,0,0,0,
138,2014-11-18,11,22-006,NJD,@,WPG,L,0,0,0,-2,0,0,0,0,0,0,0,0,0,,22,16:38,0,3,0,0,
139,2014-11-21,12,22-009,NJD,@,EDM,W,0,0,0,0,0,0,0,0,0,0,0,0,0,,22,17:06,1,3,0,0,
140,2014-11-22,13,22-010,NJD,@,CGY,L-SO,0,1,1,0,0,0,0,0,0,1,0,0,0,,29,22:30,1,3,0,0,
141,2014-11-25,14,22-013,NJD,@,VAN,L,0,0,0,0,0,0,0,0,0,0,0,0,0,,24,16:15,0,1,0,0,
142,2014-11-28,15,22-016,NJD,,DET,L-SO,0,0,0,0,2,0,0,0,0,0,0,0,0,,21,15:27,1,0,0,0,
143,2014-11-29,16,22-017,NJD,@,NYI,L,0,1,1,0,0,0,0,0,0,1,0,0,5,0.0,26,19:38,1,1,0,0,
144,2014-12-02,17,22-020,NJD,@,PIT,L,0,0,0,0,0,0,0,0,0,0,0,0,1,0.0,19,13:00,1,3,0,0,
145,2014-12-23,18,22-041,NJD,,CAR,L-SO,0,0,0,-1,0,0,0,0,0,0,0,0,1,0.0,25,14:58,1,0,0,0,
146,2014-12-27,19,22-045,NJD,@,NYR,L,0,0,0,0,0,0,0,0,0,0,0,0,0,,22,16:09,1,1,0,0,
147,2014-12-29,20,22-047,NJD,,PIT,W,0,0,0,0,0,0,0,0,0,0,0,0,2,0.0,22,17:35,2,2,0,0,
148,2014-12-31,21,22-049,NJD,@,DET,L,0,0,0,-1,0,0,0,0,0,0,0,0,0,,23,19:50,0,0,0,0,
149,2015-01-02,22,22-051,NJD,,MTL,L,0,0,0,0,0,0,0,0,0,0,0,0,1,0.0,28,26:37,2,4,0,0,
150,2015-01-03,23,22-052,NJD,,PHI,W,0,1,1,1,2,0,0,0,0,1,0,0,2,0.0,28,24:38,1,4,0,0,
151,2015-01-06,24,22-055,NJD,,BUF,W,0,1,1,2,0,0,0,0,0,1,0,0,2,0.0,25,23:35,3,2,0,0,
152,2015-01-08,25,22-057,NJD,@,BOS,L,0,0,0,0,0,0,0,0,0,0,0,0,2,0.0,30,22:16,0,6,0,0,
153,2015-01-09,26,22-058,NJD,,NYI,L-OT,0,1,1,-2,2,0,0,0,0,1,0,0,0,,28,24:47,4,2,0,0,
154,2015-01-14,27,22-063,NJD,@,LAK,W,0,1,1,1,0,0,0,0,0,1,0,0,0,,27,21:54,0,3,0,0,
155,2015-01-16,28,22-065,NJD,@,ANA,L,0,0,0,-2,0,0,0,0,0,0,0,0,3,0.0,28,20:06,4,0,0,0,
156,2015-01-19,29,22-068,NJD,@,SJS,W,0,1,1,2,2,0,0,0,0,1,0,0,3,0.0,30,23:42,0,4,0,0,
157,2015-01-28,30,22-077,NJD,,TOR,W,1,0,1,1,2,1,0,0,0,0,0,0,4,25.0,27,24:59,0,1,0,0,
158,2015-01-30,31,22-079,NJD,,PIT,L-OT,0,0,0,1,0,0,0,0,0,0,0,0,0,,28,24:22,0,2,0,0,
159,2015-01-31,32,22-080,NJD,,FLA,W,0,0,0,0,0,0,0,0,0,0,0,0,2,0.0,27,23:38,3,3,0,0,
160,2015-02-03,33,22-083,NJD,,OTT,W,0,0,0,0,0,0,0,0,0,0,0,0,0,,22,22:17,3,1,0,0,
161,2015-02-06,34,22-086,NJD,,TOR,W,0,2,2,2,0,0,0,0,0,2,0,0,1,0.0,27,23:18,1,1,0,0,
162,2015-02-07,35,22-087,NJD,@,MTL,L,0,0,0,-1,0,0,0,0,0,0,0,0,0,,26,23:12,1,3,0,0,
163,2015-02-09,36,22-089,NJD,,EDM,L,0,0,0,-1,4,0,0,0,0,0,0,0,0,,26,19:55,3,0,0,0,
164,2015-02-13,37,22-093,NJD,@,CHI,L,0,0,0,0,0,0,0,0,0,0,0,0,2,0.0,27,24:07,5,1,0,0,
165,2015-02-14,38,22-094,NJD,@,NSH,L,0,0,0,-1,4,0,0,0,0,0,0,0,2,0.0,28,20:34,0,3,0,0,
166,2015-02-17,39,22-097,NJD,,BUF,W,0,0,0,0,0,0,0,0,0,0,0,0,3,0.0,28,25:26,1,3,0,0,
167,2015-02-20,40,22-100,NJD,,VAN,W,0,3,3,1,0,0,0,0,0,2,0,1,0,,23,20:01,0,1,0,0,
168,2015-02-21,41,22-101,NJD,,CAR,W,0,1,1,3,0,0,0,0,0,1,0,0,0,,28,27:19,1,3,0,0,
169,2015-02-23,42,22-103,NJD,,ARI,W,0,1,1,1,0,0,0,0,0,1,0,0,4,0.0,29,23:32,2,1,0,0,
170,2015-02-25,43,22-105,NJD,,CGY,L,0,0,0,0,2,0,0,0,0,0,0,0,3,0.0,26,23:53,0,2,0,0,
171,2015-02-27,44,22-107,NJD,,BOS,L-OT,0,1,1,-2,0,0,0,0,0,1,0,0,2,0.0,31,22:14,2,2,0,0,
172,2015-02-28,45,22-108,NJD,@,CBJ,W,0,0,0,1,0,0,0,0,0,0,0,0,1,0.0,25,25:58,2,4,0,0,
173,2015-03-03,46,22-111,NJD,,NSH,W,1,0,1,2,0,1,0,0,0,0,0,0,1,100.0,22,23:02,1,1,0,0,
174,2015-03-06,47,22-114,NJD,,CBJ,L,0,0,0,0,0,0,0,0,0,0,0,0,3,0.0,24,20:40,0,1,0,0,
175,2015-03-08,48,22-116,NJD,,PHI,W,0,0,0,1,2,0,0,0,0,0,0,0,1,0.0,27,20:24,3,1,0,0,
176,2015-03-10,49,22-118,NJD,@,MIN,L,0,0,0,-3,0,0,0,0,0,0,0,0,3,0.0,25,20:29,1,2,0,0,
177,2015-03-12,50,22-120,NJD,@,COL,L-SO,0,1,1,0,0,0,0,0,0,1,0,0,2,0.0,33,24:13,3,2,0,0,
178,2015-03-14,51,22-122,NJD,@,ARI,W,0,1,1,0,0,0,0,0,0,1,0,0,1,0.0,30,21:51,4,2,0,0,
179,2015-03-17,52,22-125,NJD,,PIT,W,0,0,0,0,0,0,0,0,0,0,0,0,0,,29,22:23,1,1,0,0,
180,2015-03-20,53,22-128,NJD,@,BUF,W,0,0,0,1,0,0,0,0,0,0,0,0,1,0.0,25,21:16,1,1,0,0,
181,2015-03-21,54,22-129,NJD,,NYI,L,0,0,0,0,0,0,0,0,0,0,0,0,5,0.0,26,21:32,1,1,0,0,
182,2015-03-23,55,22-131,NJD,,LAK,L,0,0,0,-2,0,0,0,0,0,0,0,0,1,0.0,20,22:50,0,3,0,0,
183,2015-03-26,56,22-134,NJD,@,WSH,L-OT,0,1,1,1,0,0,0,0,0,0,0,1,2,0.0,32,26:00,1,0,0,0,
184,2015-03-28,57,22-136,NJD,@,CAR,L,0,0,0,-1,0,0,0,0,0,0,0,0,2,0.0,26,22:12,3,1,0,0,
185,2015-03-29,58,22-137,NJD,,ANA,L,0,0,0,1,0,0,0,0,0,0,0,0,0,,24,21:37,2,0,0,0,
186,2015-03-31,59,22-139,NJD,@,CBJ,L-OT,0,1,1,0,0,0,0,0,0,0,0,1,1,0.0,32,25:56,3,2,0,0,
187,2015-04-03,60,22-142,NJD,,MTL,W,0,1,1,1,2,0,0,0,0,1,0,0,1,0.0,31,24:41,3,2,0,0,
188,2015-04-04,61,22-143,NJD,@,NYR,L,0,0,0,-1,0,0,0,0,0,0,0,0,2,0.0,20,19:27,2,1,0,0,
189,2015-04-07,62,22-146,NJD,,NYR,L,0,0,0,-1,2,0,0,0,0,0,0,0,1,0.0,28,22:07,2,3,0,0,
190,2015-04-09,63,22-148,NJD,@,TBL,L-OT,0,0,0,0,4,0,0,0,0,0,0,0,1,0.0,32,26:03,2,8,0,0,
191,2015-04-11,64,22-150,NJD,@,FLA,L,0,0,0,0,0,0,0,0,0,0,0,0,3,0.0,29,24:09,1,5,0,0,
192,2015-10-09,1,22-331,NJD,,WPG,L,0,0,0,0,0,0,0,0,0,0,0,0,1,0.0,27,22:32,2,0,0,0,
193,2015-10-10,2,22-332,NJD,@,WSH,L,0,0,0,0,0,0,0,0,0,0,0,0,2,0.0,31,22:08,0,4,0,0,
194,2015-10-13,3,22-335,NJD,,NSH,L,0,0,0,0,0,0,0,0,0,0,0,0,0,,28,23:57,4,2,0,0,
195,2015-10-16,4,22-338,NJD,,SJS,L-SO,0,0,0,0,0,0,0,0,0,0,0,0,1,0.0,27,24:07,2,1,0,0,
196,2015-10-18,5,22-340,NJD,@,NYR,W,0,0,0,-1,0,0,0,0,0,0,0,0,1,0.0,28,23:15,1,2,0,0,
197,2015-10-20,6,22-342,NJD,,ARI,W,1,1,2,2,0,1,0,0,1,0,0,1,1,100.0,30,23:55,2,3,0,0,
198,2015-10-22,7,22-344,NJD,@,OTT,W,0,0,0,1,0,0,0,0,0,0,0,0,2,0.0,29,25:08,2,2,0,0,
199,2015-10-24,8,22-346,NJD,@,BUF,W,0,0,0,0,2,0,0,0,0,0,0,0,1,0.0,30,24:13,3,1,0,0,
200,2015-10-27,9,22-349,NJD,,CBJ,L,0,0,0,-2,0,0,0,0,0,0,0,0,0,,24,18:31,3,0,0,0,
201,2015-10-29,10,22-351,NJD,@,PHI,W,0,0,0,1,0,0,0,0,0,0,0,0,2,0.0,27,22:31,5,6,0,0,
202,2015-10-31,11,22-353,NJD,,NYI,W,0,0,0,0,0,0,0,0,0,0,0,0,0,,24,24:16,1,2,0,0,
203,2015-11-03,12,22-356,NJD,@,NYI,L,0,0,0,-1,0,0,0,0,0,0,0,0,0,,24,20:15,3,1,0,0,
204,2015-11-06,13,22-359,NJD,,CHI,W,0,0,0,2,2,0,0,0,0,0,0,0,1,0.0,28,27:29,0,4,0,0,
205,2015-11-08,14,22-361,NJD,,VAN,W,0,1,1,2,17,0,0,0,0,1,0,0,0,,24,17:14,0,2,0,0,
206,2015-11-10,15,22-363,NJD,,STL,L,0,0,0,0,0,0,0,0,0,0,0,0,0,,27,22:05,1,1,0,0,
207,2015-11-12,16,23-000,NJD,@,CHI,W,0,0,0,1,0,0,0,0,0,0,0,0,0,,29,24:30,5,2,0,0,
208,2015-11-14,17,23-002,NJD,,PIT,W,0,0,0,1,0,0,0,0,0,0,0,0,2,0.0,25,21:40,3,1,0,0,
209,2015-11-17,18,23-005,NJD,@,CGY,L,0,0,0,-1,0,0,0,0,0,0,0,0,0,,25,22:02,1,3,0,0,
210,2015-11-20,19,23-008,NJD,@,EDM,L,0,0,0,-1,0,0,0,0,0,0,0,0,0,,20,17:11,0,3,0,0,
211,2015-11-22,20,23-010,NJD,@,VAN,W,0,1,1,2,2,0,0,0,0,1,0,0,0,,25,21:47,1,0,0,0,
212,2015-11-25,21,23-013,NJD,,CBJ,L,0,0,0,0,0,0,0,0,0,0,0,0,3,0.0,24,20:36,0,1,0,0,
213,2015-11-27,22,23-015,NJD,,MTL,L-SO,0,0,0,-1,0,0,0,0,0,0,0,0,0,,33,24:41,2,2,0,0,
214,2015-11-28,23,23-016,NJD,@,MTL,W,0,1,1,1,0,0,0,0,0,1,0,0,0,,33,23:01,1,2,0,0,
215,2015-12-01,24,23-019,NJD,,COL,L,0,0,0,0,0,0,0,0,0,0,0,0,0,,24,21:13,3,2,0,0,
216,2015-12-03,25,23-021,NJD,@,CAR,W,0,0,0,1,2,0,0,0,0,0,0,0,0,,26,19:59,4,4,0,0,
217,2015-12-04,26,23-022,NJD,,PHI,L-OT,0,0,0,1,0,0,0,0,0,0,0,0,1,0.0,25,20:44,3,3,0,0,
218,2015-12-06,27,23-024,NJD,,FLA,W,0,1,1,-1,0,0,0,0,0,1,0,0,1,0.0,27,24:36,3,1,0,0,
219,2015-12-08,28,23-026,NJD,@,TOR,L-SO,0,0,0,-1,0,0,0,0,0,0,0,0,0,,29,20:48,3,0,0,0,
220,2015-12-11,29,23-029,NJD,,DET,W,0,0,0,0,0,0,0,0,0,0,0,0,2,0.0,28,22:09,0,1,0,0,
221,2015-12-13,30,23-031,NJD,@,NYI,L,0,0,0,-1,17,0,0,0,0,0,0,0,1,0.0,20,16:19,2,2,0,0,
222,2015-12-15,31,23-033,NJD,@,BUF,W,0,0,0,1,0,0,0,0,0,0,0,0,1,0.0,29,22:42,0,3,0,0,
223,2015-12-17,32,23-035,NJD,,FLA,L,0,0,0,-1,2,0,0,0,0,0,0,0,0,,26,20:09,2,1,0,0,
224,2015-12-19,33,23-037,NJD,,ANA,L,0,0,0,-1,0,0,0,0,0,0,0,0,1,0.0,25,19:49,4,0,0,0,
225,2015-12-20,34,23-038,NJD,@,BOS,L-SO,0,1,1,0,0,0,0,0,0,1,0,0,1,0.0,29,24:04,3,2,0,0,
226,2015-12-22,35,23-040,NJD,@,DET,W,0,0,0,1,0,0,0,0,0,0,0,0,0,,25,24:51,7,1,0,0,
227,2015-12-26,36,23-044,NJD,@,CAR,L,0,0,0,-2,0,0,0,0,0,0,0,0,2,0.0,24,21:11,0,1,0,0,
228,2015-12-29,37,23-047,NJD,,CAR,W,0,0,0,1,0,0,0,0,0,0,0,0,1,0.0,22,20:01,3,3,0,0,
229,2015-12-30,38,23-048,NJD,@,OTT,W,0,0,0,2,0,0,0,0,0,0,0,0,0,,25,20:53,1,2,0,0,
230,2016-01-02,39,23-051,NJD,,DAL,W,0,0,0,-1,0,0,0,0,0,0,0,0,1,0.0,27,21:05,1,1,0,0,
231,2016-01-04,40,23-053,NJD,,DET,L,0,0,0,0,0,0,0,0,0,0,0,0,3,0.0,25,20:59,2,0,0,0,
232,2016-01-06,41,23-055,NJD,@,MTL,L,0,0,0,1,0,0,0,0,0,0,0,0,2,0.0,27,23:37,0,2,0,0,
233,2016-01-08,42,23-057,NJD,,BOS,L,0,1,1,0,0,0,0,0,0,1,0,0,1,0.0,28,21:16,3,4,0,0,
234,2016-01-10,43,23-059,NJD,@,MIN,W,0,0,0,0,0,0,0,0,0,0,0,0,0,,32,26:32,0,1,0,0,
235,2016-01-12,44,23-061,NJD,@,STL,L,0,2,2,1,2,0,0,0,0,2,0,0,1,0.0,29,21:32,3,3,0,0,
236,2016-01-14,45,23-063,NJD,@,COL,L,0,0,0,0,0,0,0,0,0,0,0,0,1,0.0,24,19:50,1,1,0,0,
237,2016-01-16,46,23-065,NJD,@,ARI,W,0,1,1,1,2,0,0,0,0,1,0,0,1,0.0,28,24:34,3,7,0,0,
238,2016-01-19,47,23-068,NJD,,CGY,W,1,1,2,2,0,1,0,0,0,1,0,0,1,100.0,30,23:13,0,0,0,0,
239,2016-01-21,48,23-070,NJD,,OTT,W,0,0,0,2,4,0,0,0,0,0,0,0,0,,30,24:42,3,2,0,0,
240,2016-01-23,49,23-072,NJD,@,WPG,W,0,0,0,0,0,0,0,0,0,0,0,0,0,,29,24:17,1,1,0,0,
241,2016-01-26,50,23-075,NJD,@,PIT,L,0,0,0,0,0,0,0,0,0,0,0,0,0,,27,21:28,5,3,0,0,
242,2016-02-02,51,23-082,NJD,,NYR,W,0,0,0,1,4,0,0,0,0,0,0,0,1,0.0,33,24:21,2,2,0,0,
243,2016-02-04,52,23-084,NJD,@,TOR,L-SO,0,0,0,-1,0,0,0,0,0,0,0,0,1,0.0,34,26:47,3,2,0,0,
244,2016-02-06,53,23-086,NJD,,WSH,L-SO,0,0,0,0,0,0,0,0,0,0,0,0,1,0.0,36,25:48,1,1,0,0,
245,2016-02-08,54,23-088,NJD,@,NYR,L,0,0,0,0,0,0,0,0,0,0,0,0,1,0.0,29,28:33,1,5,0,0,
246,2016-02-09,55,23-089,NJD,,EDM,W,0,0,0,0,0,0,0,0,0,0,0,0,0,,26,21:50,2,2,0,0,
247,2016-02-13,56,23-093,NJD,@,PHI,W,0,0,0,0,0,0,0,0,0,0,0,0,0,,34,28:36,1,3,0,0,
248,2016-02-14,57,23-094,NJD,,LAK,W,0,0,0,0,0,0,0,0,0,0,0,0,1,0.0,26,24:15,1,2,0,0,
249,2016-02-16,58,23-096,NJD,,PHI,L,0,0,0,0,2,0,0,0,0,0,0,0,1,0.0,26,19:18,2,0,0,0,
250,2016-02-19,59,23-099,NJD,,NYI,L,0,0,0,0,0,0,0,0,0,0,0,0,2,0.0,27,23:05,0,1,0,0,
251,2016-02-20,60,23-100,NJD,@,WSH,L,0,0,0,-1,0,0,0,0,0,0,0,0,1,0.0,30,23:19,1,2,0,0,
252,2016-02-23,61,23-103,NJD,,NYR,W,1,1,2,3,0,1,0,0,0,1,0,0,2,50.0,26,21:55,3,3,0,0,
253,2016-02-25,62,23-105,NJD,@,CBJ,L,0,0,0,0,0,0,0,0,0,0,0,0,0,,26,19:49,0,1,0,0,
254,2016-02-26,63,23-106,NJD,,TBL,L,0,0,0,-2,4,0,0,0,0,0,0,0,2,0.0,29,20:13,1,2,0,0,
255,2016-03-01,64,23-110,NJD,,CAR,L,0,0,0,1,0,0,0,0,0,0,0,0,0,,26,20:56,2,0,0,0,
256,2016-03-03,65,23-112,NJD,@,NSH,W,0,0,0,0,2,0,0,0,0,0,0,0,1,0.0,28,22:35,7,1,0,0,
257,2016-03-04,66,23-113,NJD,@,DAL,L,0,1,1,1,5,0,0,0,0,1,0,0,2,0.0,24,21:53,3,4,0,0,
258,2016-03-06,67,23-115,NJD,,PIT,L,0,0,0,1,0,0,0,0,0,0,0,0,0,,30,22:42,0,0,0,0,
259,2016-03-10,68,23-119,NJD,@,SJS,W,0,0,0,3,0,0,0,0,0,0,0,0,0,,30,25:38,2,2,0,0,
260,2016-03-12,69,23-121,NJD,@,LAK,W,0,0,0,0,0,0,0,0,0,0,0,0,2,0.0,32,24:26,2,4,0,0,
261,2016-03-14,70,23-123,NJD,@,ANA,L,0,0,0,-2,0,0,0,0,0,0,0,0,1,0.0,27,19:51,5,1,0,0,
262,2016-03-17,71,23-126,NJD,,MIN,W,0,0,0,0,0,0,0,0,0,0,0,0,0,,29,23:53,2,1,0,0,
263,2016-03-19,72,23-128,NJD,@,CBJ,L,0,0,0,-1,2,0,0,0,0,0,0,0,1,0.0,28,19:35,1,0,0,0,
264,2016-03-20,73,23-129,NJD,,CBJ,W,0,1,1,2,0,0,0,0,0,1,0,0,0,,26,27:54,0,3,0,0,
265,2016-03-24,74,23-133,NJD,@,PIT,W,0,0,0,1,0,0,0,0,0,0,0,0,0,,30,27:13,5,0,0,0,
266,2016-03-25,75,23-134,NJD,,WSH,L-OT,0,0,0,0,0,0,0,0,0,0,0,0,1,0.0,26,23:48,3,0,0,0,
267,2016-03-27,76,23-136,NJD,@,CAR,L,0,0,0,0,0,0,0,0,0,0,0,0,1,0.0,29,21:30,1,0,0,0,
268,2016-03-29,77,23-138,NJD,,BOS,W,0,0,0,-1,2,0,0,0,0,0,0,0,0,,32,23:42,1,4,0,0,
269,2016-03-31,78,23-140,NJD,@,FLA,L,0,0,0,-1,2,0,0,0,0,0,0,0,0,,26,20:18,0,1,0,0,
270,2016-04-02,79,23-142,NJD,@,TBL,L,0,0,0,0,2,0,0,0,0,0,0,0,1,0.0,26,20:41,2,3,0,0,
271,2016-04-05,80,23-145,NJD,,BUF,L,0,0,0,0,0,0,0,0,0,0,0,0,0,,24,20:04,2,0,0,0,
272,2016-04-07,81,23-147,NJD,,TBL,L,0,0,0,-2,0,0,0,0,0,0,0,0,1,0.0,26,24:05,3,0,0,0,
273,2016-04-09,82,23-149,NJD,,TOR,W,0,1,1,1,0,0,0,0,0,1,0,0,2,0.0,20,17:37,2,2,0,0,
274,2016-10-12,1,23-335,EDM,,CGY,W,0,1,1,2,0,0,0,0,0,1,0,0,0,,27,21:20,2,0,0,0,
275,2016-10-14,2,23-337,EDM,@,CGY,W,0,0,0,0,0,0,0,0,0,0,0,0,1,0.0,28,19:38,0,2,0,0,
276,2016-10-16,3,23-339,EDM,,BUF,L,0,0,0,-1,0,0,0,0,0,0,0,0,2,0.0,27,18:39,2,1,0,0,
277,2016-10-18,4,23-341,EDM,,CAR,W,0,0,0,-1,2,0,0,0,0,0,0,0,1,0.0,33,23:34,5,2,0,0,
278,2016-10-20,5,23-343,EDM,,STL,W,0,0,0,0,2,0,0,0,0,0,0,0,0,,26,19:26,1,3,0,0,
279,2016-10-23,6,23-346,EDM,@,WPG,W,0,0,0,2,0,0,0,0,0,0,0,0,1,0.0,27,19:53,4,1,0,0,
280,2016-10-26,7,23-349,EDM,,WSH,W,0,0,0,1,0,0,0,0,0,0,0,0,1,0.0,24,17:50,5,2,0,0,
281,2016-10-28,8,23-351,EDM,@,VAN,W,0,1,1,2,0,0,0,0,0,1,0,0,2,0.0,27,21:46,2,1,0,0,
282,2016-10-30,9,23-353,EDM,,OTT,L,0,0,0,-1,0,0,0,0,0,0,0,0,1,0.0,24,20:34,3,4,0,0,
283,2016-11-01,10,23-355,EDM,@,TOR,L-OT,0,0,0,0,0,0,0,0,0,0,0,0,2,0.0,25,20:44,4,0,0,0,
284,2016-11-03,11,23-357,EDM,@,NYR,L,1,0,1,-2,2,1,0,0,0,0,0,0,2,50.0,25,19:58,2,3,0,0,
285,2016-11-05,12,23-359,EDM,@,NYI,W,0,0,0,-1,0,0,0,0,0,0,0,0,1,0.0,27,20:04,6,1,0,0,
286,2016-11-06,13,23-360,EDM,@,DET,W,0,0,0,1,0,0,0,0,0,0,0,0,0,,29,23:42,1,3,0,0,
287,2016-11-08,14,23-362,EDM,@,PIT,L,0,0,0,-3,0,0,0,0,0,0,0,0,0,,27,21:16,2,4,0,0,
288,2016-11-11,15,23-365,EDM,,DAL,L,0,0,0,-1,2,0,0,0,0,0,0,0,1,0.0,23,18:38,4,0,0,0,
289,2016-11-13,16,24-001,EDM,,NYR,L,0,0,0,0,0,0,0,0,0,0,0,0,2,0.0,23,18:33,2,1,0,0,
290,2016-11-15,17,24-003,EDM,@,ANA,L,0,0,0,0,0,0,0,0,0,0,0,0,1,0.0,27,19:48,2,1,0,0,
291,2016-11-17,18,24-005,EDM,@,LAK,L,0,0,0,-1,2,0,0,0,0,0,0,0,1,0.0,26,20:53,8,1,0,0,
292,2016-11-19,19,24-007,EDM,@,DAL,W,0,0,0,2,0,0,0,0,0,0,0,0,4,0.0,27,22:34,2,1,0,0,
293,2016-11-21,20,24-009,EDM,,CHI,W,0,0,0,1,2,0,0,0,0,0,0,0,0,,24,19:34,5,2,0,0,
294,2016-11-23,21,24-011,EDM,@,COL,W,0,1,1,-1,0,0,0,0,0,1,0,0,0,,27,21:15,7,1,0,0,
295,2016-11-25,22,24-013,EDM,@,ARI,L-SO,1,0,1,0,0,1,0,0,0,0,0,0,3,33.3,29,21:14,2,0,0,0,
296,2016-11-27,23,24-015,EDM,,ARI,L,0,0,0,-1,4,0,0,0,0,0,0,0,0,,27,17:28,0,3,0,0,
297,2016-11-29,24,24-017,EDM,,TOR,L,0,0,0,0,2,0,0,0,0,0,0,0,4,0.0,23,14:55,5,2,0,0,
298,2016-12-01,25,24-019,EDM,@,WPG,W,0,1,1,1,2,0,0,0,0,1,0,0,0,,23,16:31,1,2,0,0,
299,2016-12-03,26,24-021,EDM,,ANA,W,0,0,0,0,2,0,0,0,0,0,0,0,1,0.0,31,24:09,4,2,0,0,
300,2016-12-04,27,24-022,EDM,,MIN,L-OT,0,0,0,-1,0,0,0,0,0,0,0,0,1,0.0,27,22:23,0,3,0,0,
301,2016-12-06,28,24-024,EDM,@,BUF,L-OT,0,0,0,0,2,0,0,0,0,0,0,0,0,,28,19:52,2,0,0,0,
302,2016-12-08,29,24-026,EDM,@,PHI,L,0,0,0,-2,0,0,0,0,0,0,0,0,0,,26,20:08,7,2,0,0,
303,2016-12-09,30,24-027,EDM,@,MIN,L-SO,0,0,0,-1,2,0,0,0,0,0,0,0,0,,25,16:43,1,2,0,0,
304,2016-12-11,31,24-029,EDM,,WPG,W,0,0,0,0,0,0,0,0,0,0,0,0,1,0.0,26,19:30,2,1,0,0,
305,2016-12-13,32,24-031,EDM,,CBJ,L,0,0,0,1,0,0,0,0,0,0,0,0,0,,20,19:22,4,3,0,0,
306,2016-12-17,33,24-035,EDM,,TBL,W,0,0,0,0,0,0,0,0,0,0,0,0,0,,27,23:24,3,4,0,0,
307,2016-12-19,34,24-037,EDM,@,STL,W,0,0,0,1,0,0,0,0,0,0,0,0,2,0.0,24,19:26,1,3,0,0,
308,2016-12-21,35,24-039,EDM,@,ARI,W,0,0,0,0,0,0,0,0,0,0,0,0,0,,27,22:01,1,3,0,0,
309,2016-12-23,36,24-041,EDM,@,SJS,L-OT,0,0,0,0,0,0,0,0,0,0,0,0,1,0.0,27,19:06,4,3,0,0,
310,2016-12-29,37,24-047,EDM,,LAK,W,0,0,0,0,0,0,0,0,0,0,0,0,1,0.0,29,20:01,7,2,0,0,
311,2016-12-31,38,24-049,EDM,,VAN,L-SO,0,0,0,0,0,0,0,0,0,0,0,0,1,0.0,26,18:32,3,0,0,0,
312,2017-01-03,39,24-052,EDM,@,CBJ,L,0,0,0,0,0,0,0,0,0,0,0,0,0,,27,17:36,0,0,0,0,
313,2017-01-05,40,24-054,EDM,@,BOS,W,0,0,0,2,0,0,0,0,0,0,0,0,3,0.0,26,22:14,3,2,0,0,
314,2017-01-07,41,24-056,EDM,@,NJD,W,0,0,0,0,0,0,0,0,0,0,0,0,2,0.0,26,22:26,2,1,0,0,
315,2017-01-08,42,24-057,EDM,@,OTT,L,0,1,1,1,0,0,0,0,0,1,0,0,2,0.0,28,20:31,5,0,0,0,
316,2017-01-10,43,24-059,EDM,,SJS,L,0,0,0,1,0,0,0,0,0,0,0,0,2,0.0,30,21:49,3,1,0,0,
317,2017-01-12,44,24-061,EDM,,NJD,W,0,1,1,0,2,0,0,0,0,1,0,0,0,,25,16:34,1,3,0,0,
318,2017-01-16,45,24-065,EDM,,ARI,W,0,1,1,1,0,0,0,0,0,1,0,0,1,0.0,27,22:48,2,4,0,0,
319,2017-01-18,46,24-067,EDM,,FLA,W,0,0,0,2,0,0,0,0,0,0,0,0,1,0.0,29,21:46,3,0,0,0,
320,2017-01-20,47,24-069,EDM,,NSH,L-SO,0,0,0,0,0,0,0,0,0,0,0,0,0,,32,19:28,4,1,0,0,
321,2017-01-21,48,24-070,EDM,@,CGY,W,0,3,3,3,2,0,0,0,0,3,0,0,1,0.0,28,18:04,4,3,0,0,
322,2017-01-25,49,24-074,EDM,@,ANA,W,0,0,0,2,0,0,0,0,0,0,0,0,0,,26,20:44,7,0,0,0,
323,2017-01-26,50,24-075,EDM,@,SJS,W,0,0,0,2,4,0,0,0,0,0,0,0,0,,30,22:02,4,3,0,0,
324,2017-01-31,51,24-080,EDM,,MIN,L,1,0,1,1,2,1,0,0,0,0,0,0,5,20.0,27,18:37,3,3,0,0,
325,2017-02-02,52,24-082,EDM,@,NSH,L,0,0,0,-2,2,0,0,0,0,0,0,0,0,,27,18:07,3,1,0,0,
326,2017-02-03,53,24-083,EDM,@,CAR,L,0,1,1,1,0,0,0,0,0,1,0,0,0,,26,22:02,2,2,0,0,
327,2017-02-05,54,24-085,EDM,@,MTL,W,0,0,0,0,0,0,0,0,0,0,0,0,1,0.0,27,23:14,7,2,0,0,
328,2017-02-11,55,24-091,EDM,,CHI,L,0,0,0,-2,0,0,0,0,0,0,0,0,3,0.0,23,23:30,4,2,0,0,
329,2017-02-14,56,24-094,EDM,,ARI,W,0,0,0,2,0,0,0,0,0,0,0,0,1,0.0,29,21:45,0,4,0,0,
330,2017-02-16,57,24-096,EDM,,PHI,W,0,0,0,3,0,0,0,0,0,0,0,0,1,0.0,27,22:40,3,2,0,0,
331,2017-02-18,58,24-098,EDM,@,CHI,W,0,0,0,0,0,0,0,0,0,0,0,0,1,0.0,24,20:39,3,2,0,0,
332,2017-02-21,59,24-101,EDM,@,TBL,L,0,1,1,0,0,0,0,0,0,1,0,0,3,0.0,19,14:49,3,1,0,0,
333,2017-02-26,60,24-106,EDM,@,NSH,L,0,0,0,1,0,0,0,0,0,0,0,0,2,0.0,19,13:49,2,0,0,0,
334,2017-02-28,61,24-108,EDM,@,STL,W,0,0,0,1,2,0,0,0,0,0,0,0,1,0.0,22,21:07,1,2,0,0,
335,2017-03-04,62,24-112,EDM,,DET,W,1,1,2,2,0,1,0,0,0,1,0,0,2,50.0,23,20:36,1,3,0,0,
336,2017-03-07,63,24-115,EDM,,NYI,L,0,0,0,-1,0,0,0,0,0,0,0,0,0,,22,20:51,5,1,0,0,
337,2017-03-10,64,24-118,EDM,,PIT,L-SO,0,0,0,-2,2,0,0,0,0,0,0,0,1,0.0,29,21:17,1,3,0,0,
338,2017-03-12,65,24-120,EDM,,MTL,L,0,0,0,0,0,0,0,0,0,0,0,0,0,,28,19:22,6,0,0,0,
339,2017-03-14,66,24-122,EDM,,DAL,W,0,0,0,2,0,0,0,0,0,0,0,0,0,,27,20:07,7,7,0,0,
340,2017-03-16,67,24-124,EDM,,BOS,W,0,0,0,1,0,0,0,0,0,0,0,0,1,0.0,23,18:40,1,3,0,0,
341,2017-03-18,68,24-126,EDM,,VAN,W,0,0,0,0,0,0,0,0,0,0,0,0,2,0.0,19,18:50,4,3,0,0,
342,2017-03-20,69,24-128,EDM,,LAK,W,0,0,0,1,0,0,0,0,0,0,0,0,1,0.0,25,20:48,7,6,0,0,
343,2017-03-22,70,24-130,EDM,@,ANA,L,0,0,0,-1,2,0,0,0,0,0,0,0,2,0.0,25,17:41,5,0,0,0,
344,2017-03-23,71,24-131,EDM,@,COL,W,0,0,0,1,0,0,0,0,0,0,0,0,2,0.0,25,20:11,1,2,0,0,
345,2017-03-25,72,24-133,EDM,,COL,W,0,0,0,-1,0,0,0,0,0,0,0,0,2,0.0,23,20:25,5,2,0,0,
346,2017-03-28,73,24-136,EDM,,LAK,W,0,0,0,0,0,0,0,0,0,0,0,0,1,0.0,28,22:48,6,3,0,0,
347,2017-03-30,74,24-138,EDM,,SJS,W,0,0,0,1,5,0,0,0,0,0,0,0,0,,24,19:25,2,2,0,0,
348,2017-04-01,75,24-140,EDM,,ANA,W,0,1,1,1,0,0,0,0,0,1,0,0,1,0.0,27,20:54,4,3,0,0,
349,2017-04-04,76,24-143,EDM,@,LAK,L,0,0,0,0,4,0,0,0,0,0,0,0,0,,29,20:31,3,2,0,0,
350,2017-04-06,77,24-145,EDM,@,SJS,W,0,1,1,1,2,0,0,0,0,1,0,0,0,,28,19:45,5,6,0,0,
351,2017-04-08,78,24-147,EDM,@,VAN,W,0,0,0,-1,0,0,0,0,0,0,0,0,0,,26,21:31,2,4,0,0,
352,2017-04-09,79,24-148,EDM,,VAN,W,0,0,0,1,0,0,0,0,0,0,0,0,2,0.0,22,17:22,3,2,0,0,
353,2017-10-04,1,24-326,EDM,,CGY,W,0,0,0,3,0,0,0,0,0,0,0,0,2,0.0,26,20:27,3,2,0,0,
354,2017-10-07,2,24-329,EDM,@,VAN,L,0,0,0,-1,2,0,0,0,0,0,0,0,3,0.0,28,24:25,3,0,0,0,
355,2017-10-09,3,24-331,EDM,,WPG,L,0,0,0,-2,2,0,0,0,0,0,0,0,4,0.0,28,20:19,6,2,0,0,
356,2017-10-14,4,24-336,EDM,,OTT,L,1,0,1,-1,0,1,0,0,0,0,0,0,2,50.0,25,18:07,2,1,0,0,
357,2017-10-17,5,24-339,EDM,,CAR,L,0,0,0,-2,0,0,0,0,0,0,0,0,1,0.0,28,18:22,3,0,0,0,
358,2017-10-19,6,24-341,EDM,@,CHI,W,0,0,0,0,0,0,0,0,0,0,0,0,4,0.0,25,23:41,3,3,0,0,
359,2017-10-21,7,24-343,EDM,@,PHI,L,0,0,0,0,0,0,0,0,0,0,0,0,1,0.0,26,24:21,4,3,0,0,
360,2017-10-24,8,24-346,EDM,@,PIT,L-OT,0,0,0,1,2,0,0,0,0,0,0,0,1,0.0,29,22:42,6,1,0,0,
361,2017-10-26,9,24-348,EDM,,DAL,W,0,0,0,1,0,0,0,0,0,0,0,0,1,0.0,31,23:03,7,4,0,0,
362,2017-10-28,10,24-350,EDM,,WSH,L,1,0,1,-2,0,1,0,0,0,0,0,0,2,50.0,25,22:21,5,2,0,0,
363,2017-11-01,11,24-354,EDM,,PIT,L,0,0,0,0,0,0,0,0,0,0,0,0,3,0.0,30,20:15,2,1,0,0,
364,2017-11-03,12,24-356,EDM,,NJD,W,0,1,1,2,0,0,0,0,0,1,0,0,3,0.0,27,23:07,13,6,0,0,
365,2017-11-05,13,24-358,EDM,,DET,L,0,0,0,-1,0,0,0,0,0,0,0,0,3,0.0,26,21:36,3,1,0,0,
366,2017-11-07,14,24-360,EDM,@,NYI,W,0,0,0,0,0,0,0,0,0,0,0,0,2,0.0,28,22:16,5,2,0,0,
367,2017-11-09,15,24-362,EDM,@,NJD,W,0,0,0,-1,4,0,0,0,0,0,0,0,1,0.0,29,20:52,1,1,0,0,
368,2017-11-11,16,24-364,EDM,@,NYR,L,0,0,0,1,0,0,0,0,0,0,0,0,1,0.0,29,22:32,2,0,0,0,
369,2017-11-12,17,25-000,EDM,@,WSH,L-SO,0,0,0,0,0,0,0,0,0,0,0,0,0,,29,24:24,1,0,0,0,
370,2017-11-14,18,25-002,EDM,,VEG,W,0,0,0,0,0,0,0,0,0,0,0,0,1,0.0,30,23:57,6,2,0,0,
371,2017-11-16,19,25-004,EDM,,STL,L,0,0,0,0,2,0,0,0,0,0,0,0,2,0.0,28,20:32,2,4,0,0,
372,2017-11-18,20,25-006,EDM,@,DAL,L,0,0,0,1,0,0,0,0,0,0,0,0,2,0.0,31,27:47,3,1,0,0,
373,2017-11-21,21,25-009,EDM,@,STL,L,0,0,0,-3,2,0,0,0,0,0,0,0,0,,31,25:41,3,3,0,0,
374,2017-11-22,22,25-010,EDM,@,DET,W,0,0,0,1,0,0,0,0,0,0,0,0,1,0.0,25,24:41,0,5,0,0,
375,2017-11-24,23,25-012,EDM,@,BUF,L,0,0,0,0,0,0,0,0,0,0,0,0,0,,26,21:04,1,2,0,0,
376,2017-11-26,24,25-014,EDM,@,BOS,W,1,0,1,2,0,1,0,0,0,0,0,0,2,50.0,27,23:06,5,4,0,0,
377,2017-11-28,25,25-016,EDM,,ARI,W,0,0,0,-1,0,0,0,0,0,0,0,0,0,,30,22:49,1,2,0,0,
378,2017-12-18,26,25-036,EDM,,SJS,W,0,0,0,0,0,0,0,0,0,0,0,0,0,,24,21:55,5,4,0,0,
379,2017-12-21,27,25-039,EDM,,STL,W,0,0,0,-1,0,0,0,0,0,0,0,0,1,0.0,26,22:00,3,2,0,0,
380,2017-12-23,28,25-041,EDM,,MTL,W,0,0,0,1,2,0,0,0,0,0,0,0,2,0.0,25,17:21,8,0,0,0,
381,2017-12-27,29,25-045,EDM,@,WPG,L,0,0,0,-1,2,0,0,0,0,0,0,0,0,,27,19:28,4,2,0,0,
382,2017-12-29,30,25-047,EDM,,CHI,L-OT,0,0,0,1,0,0,0,0,0,0,0,0,2,0.0,26,21:25,9,0,0,0,
383,2017-12-31,31,25-049,EDM,,WPG,L,0,0,0,0,0,0,0,0,0,0,0,0,0,,25,16:44,8,4,0,0,
384,2018-01-02,32,25-051,EDM,,LAK,L,0,0,0,0,2,0,0,0,0,0,0,0,2,0.0,27,19:32,2,1,0,0,
385,2018-01-04,33,25-053,EDM,,ANA,W,0,0,0,0,0,0,0,0,0,0,0,0,1,0.0,26,20:37,4,4,0,0,
386,2018-01-06,34,25-055,EDM,@,DAL,L,0,0,0,-2,0,0,0,0,0,0,0,0,0,,29,19:27,1,3,0,0,
387,2018-01-07,35,25-056,EDM,@,CHI,L,0,0,0,-1,2,0,0,0,0,0,0,0,0,,25,18:02,3,3,0,0,
388,2018-01-09,36,25-058,EDM,@,NSH,L,0,0,0,-1,0,0,0,0,0,0,0,0,0,,25,19:52,1,1,0,0,
389,2018-01-12,37,25-061,EDM,@,ARI,W,0,1,1,2,0,0,0,0,0,1,0,0,0,,24,18:24,1,2,0,0,
390,2018-01-13,38,25-062,EDM,@,VEG,W,0,0,0,1,2,0,0,0,0,0,0,0,1,0.0,30,19:19,2,2,0,0,
391,2018-01-20,39,25-069,EDM,,VAN,W,0,1,1,4,0,0,0,0,0,1,0,0,0,,28,24:00,4,2,0,0,
392,2018-01-23,40,25-072,EDM,,BUF,L,0,0,0,-1,2,0,0,0,0,0,0,0,1,0.0,25,19:40,3,1,0,0,
393,2018-02-17,41,25-097,EDM,@,ARI,L,0,0,0,0,4,0,0,0,0,0,0,0,3,0.0,27,18:56,2,6,0,0,
394,2018-02-18,42,25-098,EDM,@,COL,W,0,1,1,1,0,0,0,0,0,1,0,0,3,0.0,27,22:00,2,1,0,0,
395,2018-02-20,43,25-100,EDM,,BOS,L,0,0,0,-1,0,0,0,0,0,0,0,0,2,0.0,27,22:20,7,3,0,0,
396,2018-02-22,44,25-102,EDM,,COL,W,0,0,0,0,2,0,0,0,0,0,0,0,1,0.0,27,21:49,5,4,0,0,
397,2018-02-24,45,25-104,EDM,@,LAK,W,0,1,1,2,0,0,0,0,0,1,0,0,2,0.0,29,23:16,6,2,0,0,
398,2018-02-25,46,25-105,EDM,@,ANA,W,0,0,0,2,2,0,0,0,0,0,0,0,2,0.0,26,21:36,2,1,0,0,
399,2018-02-27,47,25-107,EDM,@,SJS,L,0,0,0,0,0,0,0,0,0,0,0,0,2,0.0,28,23:47,6,2,0,0,
400,2018-03-08,48,25-116,EDM,,NYI,W,0,0,0,-1,0,0,0,0,0,0,0,0,2,0.0,24,21:16,6,6,0,0,
401,2018-03-10,49,25-118,EDM,,MIN,W,0,1,1,1,0,0,0,0,0,1,0,0,1,0.0,30,22:53,8,6,0,0,
402,2018-03-13,50,25-121,EDM,@,CGY,L,0,0,0,-1,0,0,0,0,0,0,0,0,1,0.0,25,17:44,4,3,0,0,
403,2018-03-14,51,25-122,EDM,,SJS,L-OT,0,0,0,1,0,0,0,0,0,0,0,0,2,0.0,27,25:00,3,4,0,0,
404,2018-03-17,52,25-125,EDM,@,FLA,W,1,0,1,3,0,1,0,0,1,0,0,0,2,50.0,31,26:14,5,2,0,0,
405,2018-03-18,53,25-126,EDM,@,TBL,L,0,1,1,0,0,0,0,0,0,1,0,0,0,,26,20:31,3,2,0,0,
406,2018-03-20,54,25-128,EDM,@,CAR,W,0,0,0,2,0,0,0,0,0,0,0,0,0,,26,25:46,4,0,0,0,
407,2018-03-22,55,25-130,EDM,@,OTT,W,0,0,0,4,0,0,0,0,0,0,0,0,0,,28,21:29,4,2,0,0,
408,2018-03-24,56,25-132,EDM,,LAK,W,0,1,1,0,0,0,0,0,0,1,0,0,2,0.0,26,24:12,1,2,0,0,
409,2018-03-25,57,25-133,EDM,,ANA,L-OT,0,0,0,-1,0,0,0,0,0,0,0,0,1,0.0,29,22:56,3,1,0,0,
410,2018-03-27,58,25-135,EDM,,CBJ,L,0,0,0,0,0,0,0,0,0,0,0,0,3,0.0,28,22:30,10,2,0,0,
411,2018-03-29,59,25-137,EDM,@,VAN,L,0,1,1,0,0,0,0,0,0,1,0,0,1,0.0,26,23:22,1,1,0,0,
412,2018-03-31,60,25-139,EDM,@,CGY,L,0,0,0,0,0,0,0,0,0,0,0,0,5,0.0,28,21:55,2,1,0,0,
413,2018-04-02,61,25-141,EDM,@,MIN,L,0,0,0,-2,0,0,0,0,0,0,0,0,1,0.0,28,21:58,3,2,0,0,
414,2018-04-05,62,25-144,EDM,,VEG,W,0,0,0,1,0,0,0,0,0,0,0,0,3,0.0,30,23:11,3,1,0,0,
415,2018-04-07,63,25-146,EDM,,VAN,W,0,0,0,-1,0,0,0,0,0,0,0,0,1,0.0,30,26:50,1,3,0,0,
416,2018-10-06,1,25-328,EDM,@,NJD,L,0,0,0,0,0,0,0,0,0,0,0,0,0,,26,19:17,2,0,0,0,
417,2018-10-11,2,25-333,EDM,@,BOS,L,0,0,0,-1,2,0,0,0,0,0,0,0,1,0.0,26,25:39,2,1,0,0,
418,2018-10-13,3,25-335,EDM,@,NYR,W,0,0,0,-1,0,0,0,0,0,0,0,0,1,0.0,24,21:32,5,1,0,0,
419,2018-10-16,4,25-338,EDM,@,WPG,W,0,0,0,1,0,0,0,0,0,0,0,0,2,0.0,28,22:31,0,1,0,0,
420,2018-10-18,5,25-340,EDM,,BOS,W,0,1,1,1,2,0,0,0,0,1,0,0,0,,31,23:17,7,4,0,0,
421,2018-10-20,6,25-342,EDM,,NSH,L,0,0,0,0,0,0,0,0,0,0,0,0,2,0.0,23,20:59,3,4,0,0,
422,2018-10-23,7,25-345,EDM,,PIT,L-OT,0,1,1,0,2,0,0,0,0,1,0,0,3,0.0,31,22:10,5,2,0,0,
423,2018-10-25,8,25-347,EDM,,WSH,W,0,1,1,2,0,0,0,0,0,1,0,0,1,0.0,31,24:20,2,5,0,0,
424,2018-10-27,9,25-349,EDM,@,NSH,W,0,0,0,1,0,0,0,0,0,0,0,0,1,0.0,23,18:15,0,2,0,0,
425,2018-10-28,10,25-350,EDM,@,CHI,W,0,0,0,0,0,0,0,0,0,0,0,0,1,0.0,26,23:26,2,0,0,0,
426,2018-10-30,11,25-352,EDM,,MIN,L,0,0,0,0,0,0,0,0,0,0,0,0,0,,23,19:14,8,1,0,0,
427,2018-11-01,12,25-354,EDM,,CHI,W,0,0,0,1,4,0,0,0,0,0,0,0,2,0.0,24,18:53,0,1,0,0,
428,2018-11-03,13,25-356,EDM,@,DET,W,0,1,1,3,0,0,0,0,0,1,0,0,1,0.0,24,23:43,2,2,0,0,
429,2018-11-05,14,25-358,EDM,@,WSH,L,0,1,1,-2,2,0,0,0,0,1,0,0,1,0.0,27,20:12,0,0,0,0,
430,2018-11-06,15,25-359,EDM,@,TBL,L,0,0,0,0,2,0,0,0,0,0,0,0,2,0.0,26,19:39,1,1,0,0,
431,2018-11-08,16,25-361,EDM,@,FLA,L,0,0,0,0,2,0,0,0,0,0,0,0,1,0.0,27,21:38,3,1,0,0,
432,2018-11-11,17,25-364,EDM,,COL,L,0,1,1,-1,0,0,0,0,0,1,0,0,1,0.0,22,21:24,4,3,0,0,
433,2018-11-13,18,26-001,EDM,,MTL,W,0,0,0,-1,2,0,0,0,0,0,0,0,3,0.0,24,22:05,2,2,0,0,
434,2018-11-17,19,26-005,EDM,@,CGY,L,0,1,1,-1,2,0,0,0,0,0,0,1,3,0.0,28,22:04,1,2,0,0,
435,2018-11-18,20,26-006,EDM,,VEG,L,0,0,0,-2,0,0,0,0,0,0,0,0,3,0.0,26,21:32,3,1,0,0,
436,2018-11-20,21,26-008,EDM,@,SJS,W,0,1,1,0,0,0,0,0,0,1,0,0,1,0.0,29,23:32,3,2,0,0,
437,2018-11-23,22,26-011,EDM,@,ANA,L-OT,0,0,0,-1,0,0,0,0,0,0,0,0,1,0.0,27,25:24,7,2,0,0,
438,2018-11-25,23,26-013,EDM,@,LAK,L,0,0,0,0,0,0,0,0,0,0,0,0,2,0.0,30,22:07,0,2,0,0,
439,2018-11-27,24,26-015,EDM,,DAL,W,0,0,0,0,0,0,0,0,0,0,0,0,0,,31,23:48,6,0,0,0,
440,2018-11-29,25,26-017,EDM,,LAK,W,0,0,0,0,0,0,0,0,0,0,0,0,2,0.0,30,23:53,6,4,0,0,
441,2018-12-01,26,26-019,EDM,,VEG,W,0,0,0,0,0,0,0,0,0,0,0,0,2,0.0,29,22:07,3,3,0,0,
442,2018-12-03,27,26-021,EDM,@,DAL,L,0,0,0,-1,0,0,0,0,0,0,0,0,4,0.0,26,21:54,2,1,0,0,
443,2018-12-05,28,26-023,EDM,@,STL,W,0,0,0,0,0,0,0,0,0,0,0,0,4,0.0,27,20:58,2,2,0,0,
444,2018-12-07,29,26-025,EDM,,MIN,W,0,0,0,2,0,0,0,0,0,0,0,0,0,,24,20:54,6,2,0,0,
445,2018-12-09,30,26-027,EDM,,CGY,W,0,0,0,0,0,0,0,0,0,0,0,0,0,,25,20:54,5,3,0,0,
446,2018-12-11,31,26-029,EDM,@,COL,W,0,1,1,0,0,0,0,0,0,1,0,0,2,0.0,34,28:40,6,1,0,0,
447,2018-12-13,32,26-031,EDM,@,WPG,L-OT,0,0,0,-1,0,0,0,0,0,0,0,0,0,,38,28:45,2,1,0,0,
448,2018-12-14,33,26-032,EDM,,PHI,W,1,0,1,1,0,1,0,0,0,0,0,0,1,100.0,30,25:10,3,1,0,0,
449,2018-12-16,34,26-034,EDM,@,VAN,L,0,1,1,2,2,0,0,0,0,1,0,0,0,,32,24:13,1,1,0,0,
450,2018-12-18,35,26-036,EDM,,STL,L,0,0,0,0,0,0,0,0,0,0,0,0,2,0.0,30,20:53,3,2,0,0,
451,2018-12-22,36,26-040,EDM,,TBL,L,0,0,0,-4,2,0,0,0,0,0,0,0,1,0.0,30,22:44,2,1,0,0,
452,2018-12-27,37,26-045,EDM,,VAN,L,0,0,0,-2,0,0,0,0,0,0,0,0,1,0.0,29,23:56,5,1,0,0,
453,2018-12-29,38,26-047,EDM,,SJS,L,0,0,0,-3,0,0,0,0,0,0,0,0,2,0.0,32,23:27,4,0,0,0,
454,2018-12-31,39,26-049,EDM,,WPG,L,0,0,0,0,2,0,0,0,0,0,0,0,0,,27,20:56,5,1,0,0,
455,2019-01-02,40,26-051,EDM,@,ARI,W,0,1,1,3,0,0,0,0,0,1,0,0,1,0.0,28,21:42,5,3,0,0,
456,2019-01-05,41,26-054,EDM,@,LAK,L,0,0,0,-1,0,0,0,0,0,0,0,0,1,0.0,28,20:11,3,2,0,0,
457,2019-01-06,42,26-055,EDM,@,ANA,W,0,0,0,3,0,0,0,0,0,0,0,0,1,0.0,29,23:39,3,0,0,0,
458,2019-01-08,43,26-057,EDM,@,SJS,L,0,0,0,-3,0,0,0,0,0,0,0,0,0,,29,24:46,4,0,0,0,
459,2019-01-10,44,26-059,EDM,,FLA,W,0,0,0,-3,0,0,0,0,0,0,0,0,1,0.0,26,16:50,2,0,0,0,
460,2019-01-12,45,26-061,EDM,,ARI,L,0,0,0,0,0,0,0,0,0,0,0,0,2,0.0,24,21:52,6,3,0,0,
461,2019-01-14,46,26-063,EDM,,BUF,W,0,1,1,2,0,0,0,0,0,1,0,0,1,0.0,30,24:17,3,1,0,0,
462,2019-01-16,47,26-065,EDM,@,VAN,W,0,0,0,-1,0,0,0,0,0,0,0,0,1,0.0,28,23:26,1,2,0,0,
463,2019-01-19,48,26-068,EDM,,CGY,L,0,0,0,-3,0,0,0,0,0,0,0,0,0,,25,17:15,0,1,0,0,
464,2019-01-20,49,26-069,EDM,,CAR,L,0,0,0,-3,0,0,0,0,0,0,0,0,0,,24,17:46,6,0,0,0,
465,2019-01-22,50,26-071,EDM,,DET,L,0,0,0,1,2,0,0,0,0,0,0,0,1,0.0,28,18:46,2,1,0,0,
466,2019-02-02,51,26-082,EDM,@,PHI,L-OT,1,0,1,1,0,1,0,0,0,0,0,0,3,33.3,29,22:47,1,2,0,0,
467,2019-02-03,52,26-083,EDM,@,MTL,L-OT,0,0,0,-1,2,0,0,0,0,0,0,0,2,0.0,28,21:16,2,4,0,0,
468,2019-02-05,53,26-085,EDM,,CHI,L,0,0,0,-1,0,0,0,0,0,0,0,0,1,0.0,28,20:59,4,2,0,0,
469,2019-02-07,54,26-087,EDM,@,MIN,W,0,0,0,1,0,0,0,0,0,0,0,0,0,,30,21:13,4,3,0,0,
470,2019-02-09,55,26-089,EDM,,SJS,L,0,1,1,0,2,0,0,0,0,1,0,0,2,0.0,30,23:20,5,1,0,0,
471,2019-02-13,56,26-093,EDM,@,PIT,L,0,0,0,1,2,0,0,0,0,0,0,0,2,0.0,30,22:38,2,2,0,0,
472,2019-02-15,57,26-095,EDM,@,CAR,L,0,0,0,-3,2,0,0,0,0,0,0,0,1,0.0,30,18:49,2,1,0,0,
473,2019-02-16,58,26-096,EDM,@,NYI,L,0,0,0,-2,0,0,0,0,0,0,0,0,0,,27,22:49,1,0,0,0,
474,2019-02-19,59,26-099,EDM,,ARI,L-SO,1,0,1,1,2,1,0,0,0,0,0,0,6,16.7,27,20:44,2,2,0,0,
475,2019-02-21,60,26-101,EDM,,NYI,W,0,0,0,-1,0,0,0,0,0,0,0,0,0,,27,19:37,4,1,0,0,
476,2019-02-23,61,26-103,EDM,,ANA,W,0,0,0,0,0,0,0,0,0,0,0,0,0,,29,26:02,6,3,0,0,
477,2019-02-25,62,26-105,EDM,@,NSH,L-SO,0,0,0,1,0,0,0,0,0,0,0,0,1,0.0,32,24:41,2,4,0,0,
478,2019-02-27,63,26-107,EDM,@,TOR,L,0,0,0,-1,0,0,0,0,0,0,0,0,5,0.0,26,20:56,5,0,0,0,
479,2019-02-28,64,26-108,EDM,@,OTT,W,0,0,0,-1,0,0,0,0,0,0,0,0,0,,25,20:14,3,1,0,0,
480,2019-03-02,65,26-110,EDM,@,CBJ,W,0,0,0,1,0,0,0,0,0,0,0,0,3,0.0,26,22:36,0,3,0,0,
481,2019-03-04,66,26-112,EDM,@,BUF,W,0,1,1,0,0,0,0,0,0,1,0,0,5,0.0,29,21:58,1,1,0,0,
482,2019-03-07,67,26-115,EDM,,VAN,W,0,0,0,-1,0,0,0,0,0,0,0,0,1,0.0,29,22:20,2,2,0,0,
483,2019-03-09,68,26-117,EDM,,TOR,L,0,0,0,-1,0,0,0,0,0,0,0,0,4,0.0,28,19:46,5,0,0,0,
484,2019-03-11,69,26-119,EDM,,NYR,W,0,0,0,-1,0,0,0,0,0,0,0,0,0,,26,23:34,2,1,0,0,
485,2019-03-13,70,26-121,EDM,,NJD,L,0,0,0,-1,0,0,0,0,0,0,0,0,0,,25,17:53,5,0,0,0,
486,2019-03-16,71,26-124,EDM,@,ARI,W,0,0,0,0,0,0,0,0,0,0,0,0,2,0.0,24,19:06,3,0,0,0,
487,2019-03-17,72,26-125,EDM,@,VEG,L,0,0,0,-1,0,0,0,0,0,0,0,0,1,0.0,22,19:32,4,2,0,0,
488,2019-03-19,73,26-127,EDM,@,STL,L,0,1,1,0,0,0,0,0,0,1,0,0,0,,26,19:49,1,0,0,0,
489,2019-03-21,74,26-129,EDM,,CBJ,W,0,0,0,-1,0,0,0,0,0,0,0,0,0,,29,22:49,5,3,0,0,
490,2019-03-23,75,26-131,EDM,,OTT,L-OT,0,0,0,-1,0,0,0,0,0,0,0,0,4,0.0,28,19:27,3,2,0,0,
491,2019-03-26,76,26-134,EDM,,LAK,W,0,2,2,0,2,0,0,0,0,2,0,0,0,,29,18:42,6,2,0,0,
492,2019-03-28,77,26-136,EDM,,DAL,L-SO,0,0,0,0,2,0,0,0,0,0,0,0,3,0.0,29,20:54,5,2,0,0,
493,2019-03-30,78,26-138,EDM,,ANA,L,0,0,0,-1,0,0,0,0,0,0,0,0,3,0.0,25,19:20,7,1,0,0,
494,2019-04-01,79,26-140,EDM,@,VEG,L,0,0,0,-1,0,0,0,0,0,0,0,0,0,,23,20:42,4,5,0,0,
495,2019-04-02,80,26-141,EDM,@,COL,L,0,0,0,-1,0,0,0,0,0,0,0,0,3,0.0,25,19:48,1,0,0,0,
496,2019-04-04,81,26-143,EDM,,SJS,L,0,0,0,-1,0,0,0,0,0,0,0,0,0,,17,15:54,1,1,0,0,
497,2019-04-06,82,26-145,EDM,@,CGY,W,0,0,0,-1,2,0,0,0,0,0,0,0,2,0.0,26,16:16,0,0,0,0,
498,2019-10-02,1,26-324,EDM,,VAN,W,0,0,0,0,0,0,0,0,0,0,0,0,1,0.0,26,22:19,3,4,0,0,
499,2019-11-21,2,27-009,EDM,@,LAK,L,0,0,0,0,0,0,0,0,0,0,0,0,0,,17,13:37,0,1,0,0,
500,2019-11-23,3,27-011,EDM,@,VEG,W,0,0,0,0,0,0,0,0,0,0,0,0,0,,20,15:35,1,2,0,0,
501,2019-11-24,4,27-012,EDM,@,ARI,W,0,0,0,0,0,0,0,0,0,0,0,0,1,0.0,19,17:24,3,1,0,0,
502,2019-11-27,5,27-015,EDM,@,COL,L,0,0,0,0,15,0,0,0,0,0,0,0,0,,7,6:13,2,1,0,0,
503,2019-11-30,6,27-018,EDM,,VAN,L,0,0,0,0,0,0,0,0,0,0,0,0,4,0.0,18,18:02,2,0,0,0,
504,2019-12-01,7,27-019,EDM,@,VAN,W,0,0,0,-1,0,0,0,0,0,0,0,0,2,0.0,32,23:40,1,5,0,0,
505,2019-12-04,8,27-022,EDM,,OTT,L,0,0,0,-4,2,0,0,0,0,0,0,0,1,0.0,21,16:29,0,2,0,0,
506,2019-12-06,9,27-024,EDM,,LAK,W,0,0,0,-1,0,0,0,0,0,0,0,0,0,,27,22:53,1,1,0,0,
507,2019-12-08,10,27-026,EDM,,BUF,L-OT,0,0,0,0,0,0,0,0,0,0,0,0,2,0.0,22,19:46,1,3,0,0,
508,2019-12-10,11,27-028,EDM,,CAR,L,0,0,0,-1,0,0,0,0,0,0,0,0,1,0.0,22,16:58,2,5,0,0,
509,2019-12-12,12,27-030,EDM,@,MIN,L,0,1,1,0,0,0,0,0,0,1,0,0,1,0.0,26,23:24,0,1,0,0,
510,2019-12-14,13,27-032,EDM,,TOR,L,0,0,0,0,0,0,0,0,0,0,0,0,4,0.0,25,24:43,2,0,0,0,
511,2019-12-16,14,27-034,EDM,@,DAL,W,0,0,0,0,0,0,0,0,0,0,0,0,0,,24,21:48,6,1,0,0,
512,2019-12-18,15,27-036,EDM,@,STL,L,0,0,0,0,0,0,0,0,0,0,0,0,0,,23,19:49,0,2,0,0,
513,2019-12-20,16,27-038,EDM,,PIT,L,0,0,0,0,0,0,0,0,0,0,0,0,1,0.0,22,19:15,2,4,0,0,
514,2019-12-21,17,27-039,EDM,,MTL,W,0,0,0,0,0,0,0,0,0,0,0,0,1,0.0,22,21:14,1,5,0,0,
515,2019-12-23,18,27-041,EDM,@,VAN,L,0,0,0,-1,0,0,0,0,0,0,0,0,1,0.0,24,21:35,0,2,0,0,
516,2019-12-27,19,27-045,EDM,,CGY,L,0,0,0,-1,0,0,0,0,0,0,0,0,1,0.0,20,19:31,2,1,0,0,
517,2019-12-31,20,27-049,EDM,,NYR,W,0,0,0,-3,0,0,0,0,0,0,0,0,0,,22,18:44,0,1,0,0,
518,2020-01-02,21,27-051,EDM,@,BUF,L-OT,0,1,1,0,0,0,0,0,0,1,0,0,1,0.0,17,12:09,1,0,0,0,
519,2020-01-04,22,27-053,EDM,@,BOS,W,0,0,0,1,0,0,0,0,0,0,0,0,3,0.0,23,21:57,4,2,0,0,
520,2020-01-06,23,27-055,EDM,@,TOR,W,0,1,1,1,0,0,0,0,0,1,0,0,1,0.0,20,17:39,4,1,0,0,
521,2020-01-09,24,27-058,EDM,@,MTL,W,0,1,1,2,0,0,0,0,0,1,0,0,3,0.0,22,20:45,2,1,0,0,
522,2020-01-11,25,27-060,EDM,@,CGY,L,0,0,0,-1,0,0,0,0,0,0,0,0,3,0.0,22,19:03,2,1,0,0,
523,2020-01-14,26,27-063,EDM,,NSH,W,0,0,0,1,0,0,0,0,0,0,0,0,0,,25,21:20,1,3,0,0,
524,2020-01-18,27,27-067,EDM,,ARI,W,0,0,0,0,4,0,0,0,0,0,0,0,1,0.0,20,15:06,4,1,0,0,
525,2020-01-29,28,27-078,EDM,,CGY,L-SO,0,0,0,0,0,0,0,0,0,0,0,0,3,0.0,22,18:34,2,1,0,0,
526,2020-01-31,29,27-080,EDM,,STL,W,0,0,0,0,0,0,0,0,0,0,0,0,0,,26,22:56,3,6,0,0,
527,2020-02-01,30,27-081,EDM,@,CGY,W,0,0,0,3,0,0,0,0,0,0,0,0,1,0.0,26,19:26,1,1,0,0,
528,2020-02-04,31,27-084,EDM,@,ARI,L,0,0,0,0,2,0,0,0,0,0,0,0,3,0.0,24,20:10,4,2,0,0,
529,2020-02-06,32,27-086,EDM,,SJS,L,0,0,0,-2,0,0,0,0,0,0,0,0,0,,24,19:57,5,3,0,0,
530,2020-02-08,33,27-088,EDM,,NSH,W,0,0,0,-1,0,0,0,0,0,0,0,0,0,,25,20:38,5,0,0,0,
531,2020-02-11,34,27-091,EDM,,CHI,W,0,0,0,3,0,0,0,0,0,0,0,0,3,0.0,26,23:38,5,1,0,0,
532,2020-02-13,35,27-093,EDM,@,TBL,L,0,0,0,-1,0,0,0,0,0,0,0,0,1,0.0,23,17:29,2,1,0,0,
533,2020-02-15,36,27-095,EDM,@,FLA,W,1,0,1,2,0,1,0,0,0,0,0,0,1,100.0,28,25:19,0,2,0,0,
534,2020-02-16,37,27-096,EDM,@,CAR,W,0,0,0,-2,2,0,0,0,0,0,0,0,2,0.0,26,23:21,2,0,0,0,
535,2020-02-19,38,27-099,EDM,,BOS,L-OT,0,0,0,0,2,0,0,0,0,0,0,0,2,0.0,32,23:50,2,0,0,0,
536,2020-02-21,39,27-101,EDM,,MIN,L,0,0,0,-1,2,0,0,0,0,0,0,0,2,0.0,28,19:50,4,1,0,0,
537,2020-02-23,40,27-103,EDM,@,LAK,W,0,0,0,2,0,0,0,0,0,0,0,0,0,,27,22:43,0,1,0,0,
538,2020-02-25,41,27-105,EDM,@,ANA,L-OT,0,0,0,1,2,0,0,0,0,0,0,0,1,0.0,24,21:42,2,0,0,0,
539,2020-02-26,42,27-106,EDM,@,VEG,L,0,0,0,0,2,0,0,0,0,0,0,0,0,,22,16:57,2,0,0,0,
540,2020-02-29,43,27-109,EDM,,WPG,W,0,1,1,0,0,0,0,0,0,1,0,0,1,0.0,25,20:14,3,3,0,0,
541,2020-03-02,44,27-111,EDM,@,NSH,W,0,0,0,2,0,0,0,0,0,0,0,0,3,0.0,29,25:08,5,2,0,0,
542,2020-03-03,45,27-112,EDM,@,DAL,W,0,0,0,0,2,0,0,0,0,0,0,0,1,0.0,24,19:29,3,3,0,0,
543,2020-03-05,46,27-114,EDM,@,CHI,L,0,0,0,-1,0,0,0,0,0,0,0,0,1,0.0,22,18:59,4,2,0,0,
544,2020-03-07,47,27-116,EDM,,CBJ,W,0,0,0,3,0,0,0,0,0,0,0,0,1,0.0,27,20:30,3,1,0,0,
545,2020-03-09,48,27-118,EDM,,VEG,L-OT,0,0,0,0,0,0,0,0,0,0,0,0,1,0.0,26,20:33,4,1,0,0,
546,2020-03-11,49,27-120,EDM,,WPG,L,0,0,0,0,0,0,0,0,0,0,0,0,1,0.0,24,19:23,4,0,0,0,
