,date_game,game_season,age,team_id,game_location,opp_id,game_result,goals,assists,points,plus_minus,pen_min,goals_ev,goals_pp,goals_sh,goals_gw,assists_ev,assists_pp,assists_sh,shots,shot_pct,shifts,time_on_ice,hits_all,blocks_all,faceoff_wins_all,faceoff_losses_all,faceoff_percentage_all
0,2014-10-09,1,19-249,OTT,@,NSH,L,0,0,0,0,0,0,0,0,0,0,0,0,2,0.0,20,15:04,3,0,5,3,62.5
1,2014-10-11,2,19-251,OTT,@,TBL,W,0,0,0,0,0,0,0,0,0,0,0,0,0,,21,14:38,1,2,3,5,37.5
2,2014-10-16,3,19-256,OTT,,COL,W,0,1,1,1,0,0,0,0,0,1,0,0,3,0.0,23,15:09,3,0,1,0,100.0
3,2014-10-18,4,19-258,OTT,,CBJ,W,0,0,0,-1,0,0,0,0,0,0,0,0,2,0.0,21,14:15,4,2,2,0,100.0
4,2014-10-25,5,19-265,OTT,,NJD,L-OT,0,0,0,0,2,0,0,0,0,0,0,0,1,0.0,18,10:47,4,0,1,0,100.0
5,2014-10-28,6,19-268,OTT,@,CBJ,W,0,0,0,0,0,0,0,0,0,0,0,0,2,0.0,19,10:55,3,0,5,5,50.0
6,2014-10-30,7,19-270,OTT,,CHI,L-SO,0,1,1,0,0,0,0,0,0,1,0,0,1,0.0,21,12:24,1,0,3,6,33.3
7,2014-11-01,8,19-272,OTT,@,BOS,L,0,0,0,-1,0,0,0,0,0,0,0,0,1,0.0,21,12:43,2,2,8,6,57.1
8,2014-11-04,9,19-275,OTT,,DET,W,0,1,1,1,0,0,0,0,0,1,0,0,2,0.0,20,11:35,2,0,3,4,42.9
9,2014-11-06,10,19-277,OTT,,MIN,W,0,1,1,2,2,0,0,0,0,1,0,0,1,0.0,19,11:28,2,1,7,3,70.0
10,2014-11-08,11,19-279,OTT,,WPG,L-SO,0,0,0,0,0,0,0,0,0,0,0,0,4,0.0,19,11:43,0,2,1,3,25.0
11,2014-11-09,12,19-280,OTT,,TOR,L,0,0,0,1,0,0,0,0,0,0,0,0,0,,17,11:44,3,1,2,5,28.6
12,2014-11-11,13,19-282,OTT,@,VAN,L-OT,0,1,1,0,0,0,0,0,0,1,0,0,5,0.0,17,13:56,1,1,5,2,71.4
13,2014-11-13,14,19-284,OTT,@,EDM,W,0,1,1,1,0,0,0,0,0,1,0,0,0,,19,12:08,0,0,3,6,33.3
14,2014-11-15,15,19-286,OTT,@,CGY,L,0,0,0,-1,0,0,0,0,0,0,0,0,0,,21,11:37,2,0,5,7,41.7
15,2014-11-24,16,19-295,OTT,@,DET,L,0,0,0,-1,0,0,0,0,0,0,0,0,2,0.0,17,12:17,3,1,5,5,50.0
16,2014-11-25,17,19-296,OTT,@,STL,W,0,0,0,0,2,0,0,0,0,0,0,0,0,,22,12:37,1,1,4,8,33.3
17,2014-11-28,18,19-299,OTT,@,FLA,L,0,0,0,0,0,0,0,0,0,0,0,0,1,0.0,21,13:47,1,3,5,4,55.6
18,2014-11-29,19,19-300,OTT,@,TBL,L,0,0,0,0,0,0,0,0,0,0,0,0,1,0.0,17,11:42,1,0,5,6,45.5
19,2014-12-02,20,19-303,OTT,@,NYI,L-OT,0,0,0,-1,0,0,0,0,0,0,0,0,0,,22,16:38,3,2,0,1,0.0
20,2014-12-04,21,19-305,OTT,,NYI,L,0,0,0,0,2,0,0,0,0,0,0,0,0,,18,13:02,2,1,6,4,60.0
21,2014-12-06,22,19-307,OTT,@,PIT,L,0,0,0,-1,0,0,0,0,0,0,0,0,2,0.0,17,11:40,3,1,5,4,55.6
22,2014-12-07,23,19-308,OTT,,VAN,W,0,0,0,-2,0,0,0,0,0,0,0,0,2,0.0,18,12:01,2,0,4,9,30.8
23,2014-12-11,24,19-312,OTT,,LAK,L,0,0,0,1,0,0,0,0,0,0,0,0,2,0.0,21,14:23,3,1,3,5,37.5
24,2014-12-13,25,19-314,OTT,@,BOS,W,0,0,0,0,0,0,0,0,0,0,0,0,0,,20,16:30,5,1,1,10,9.1
25,2014-12-15,26,19-316,OTT,@,BUF,L-SO,1,0,1,1,0,1,0,0,0,0,0,0,1,100.0,16,11:11,2,1,4,3,57.1
26,2014-12-17,27,19-318,OTT,@,NJD,W,0,0,0,0,0,0,0,0,0,0,0,0,0,,15,8:30,1,1,2,0,100.0
27,2015-01-10,28,19-342,OTT,@,ARI,W,0,0,0,1,2,0,0,0,0,0,0,0,3,0.0,17,11:41,2,0,0,1,0.0
28,2015-01-13,29,19-345,OTT,@,DAL,L,0,0,0,0,0,0,0,0,0,0,0,0,1,0.0,14,10:17,0,2,0,0,
29,2015-01-15,30,19-347,OTT,,MTL,W,0,0,0,0,0,0,0,0,0,0,0,0,4,0.0,15,9:18,2,1,2,0,100.0
30,2015-01-17,31,19-349,OTT,,CAR,L,0,0,0,0,0,0,0,0,0,0,0,0,2,0.0,14,7:34,1,0,0,1,0.0
31,2015-01-21,32,19-353,OTT,,TOR,W,0,0,0,0,0,0,0,0,0,0,0,0,3,0.0,14,11:48,4,0,2,6,25.0
32,2015-01-29,33,19-361,OTT,,DAL,L,0,0,0,0,0,0,0,0,0,0,0,0,0,,14,9:13,3,0,4,3,57.1
33,2015-01-31,34,19-363,OTT,,ARI,W,0,0,0,1,0,0,0,0,0,0,0,0,1,0.0,18,13:50,2,0,0,0,
34,2015-02-03,35,20-001,OTT,@,NJD,L,1,0,1,0,2,1,0,0,0,0,0,0,1,100.0,16,11:40,3,0,0,0,
35,2015-02-05,36,20-003,OTT,,WSH,L,0,0,0,-1,0,0,0,0,0,0,0,0,1,0.0,18,13:18,4,1,1,0,100.0
36,2015-02-07,37,20-005,OTT,,CBJ,L,0,0,0,-3,0,0,0,0,0,0,0,0,2,0.0,20,16:25,3,0,0,0,
37,2015-02-10,38,20-008,OTT,@,BUF,W,0,0,0,0,0,0,0,0,0,0,0,0,2,0.0,18,15:44,0,0,0,0,
38,2015-02-12,39,20-010,OTT,,PIT,L-SO,0,0,0,0,0,0,0,0,0,0,0,0,2,0.0,18,13:43,2,1,8,7,53.3
39,2015-02-14,40,20-012,OTT,,EDM,W,0,0,0,2,0,0,0,0,0,0,0,0,2,0.0,18,13:49,2,1,7,7,50.0
40,2015-02-16,41,20-014,OTT,,CAR,L,0,0,0,-1,0,0,0,0,0,0,0,0,1,0.0,18,14:06,2,1,6,5,54.5
41,2015-02-18,42,20-016,OTT,,MTL,W,0,0,0,-1,0,0,0,0,0,0,0,0,1,0.0,18,13:49,7,0,0,0,
42,2015-02-21,43,20-019,OTT,,FLA,W,1,0,1,1,0,1,0,0,0,0,0,0,3,33.3,19,14:38,4,0,0,0,
43,2015-02-25,44,20-023,OTT,@,ANA,W,0,0,0,1,0,0,0,0,0,0,0,0,0,,17,11:26,3,1,0,0,
44,2015-02-26,45,20-024,OTT,@,LAK,W,0,0,0,0,0,0,0,0,0,0,0,0,1,0.0,17,15:06,6,0,0,0,
45,2015-03-03,46,20-029,OTT,@,MIN,L-SO,0,0,0,0,0,0,0,0,0,0,0,0,1,0.0,14,10:13,2,0,0,0,
46,2015-03-04,47,20-030,OTT,@,WPG,W,0,0,0,0,0,0,0,0,0,0,0,0,0,,14,8:43,3,0,0,0,
47,2015-03-06,48,20-032,OTT,,BUF,W,0,0,0,0,0,0,0,0,0,0,0,0,0,,18,13:54,5,1,0,0,
48,2015-03-08,49,20-034,OTT,,CGY,W,0,0,0,0,0,0,0,0,0,0,0,0,2,0.0,18,12:45,4,0,0,0,
49,2015-03-10,50,20-036,OTT,,BOS,L,0,0,0,0,2,0,0,0,0,0,0,0,3,0.0,15,11:15,3,0,1,0,100.0
50,2015-03-12,51,20-038,OTT,@,MTL,W,0,0,0,1,0,0,0,0,0,0,0,0,0,,17,12:15,3,0,0,0,
51,2015-03-13,52,20-039,OTT,@,NYI,W,0,0,0,-1,0,0,0,0,0,0,0,0,1,0.0,22,14:39,5,0,0,0,
52,2015-03-15,53,20-041,OTT,,PHI,W,0,0,0,1,0,0,0,0,0,0,0,0,2,0.0,19,13:00,5,1,0,0,
53,2015-03-17,54,20-043,OTT,@,CAR,W,0,0,0,-1,0,0,0,0,0,0,0,0,1,0.0,19,14:06,2,0,0,0,
54,2015-03-19,55,20-045,OTT,,BOS,W,0,0,0,-1,0,0,0,0,0,0,0,0,1,0.0,16,11:43,3,0,0,0,
55,2015-03-21,56,20-047,OTT,,TOR,W,1,0,1,1,0,1,0,0,0,0,0,0,2,50.0,23,15:14,3,0,0,0,
56,2015-03-23,57,20-049,OTT,,SJS,W,0,0,0,0,0,0,0,0,0,0,0,0,1,0.0,20,16:07,1,1,0,0,
57,2015-03-26,58,20-052,OTT,,NYR,L,1,0,1,0,0,1,0,0,0,0,0,0,3,33.3,20,14:30,2,0,0,0,
58,2015-03-28,59,20-054,OTT,@,TOR,L-OT,1,0,1,1,0,1,0,0,0,0,0,0,1,100.0,23,16:33,0,1,0,0,
59,2015-03-29,60,20-055,OTT,,FLA,L,0,1,1,1,0,0,0,0,0,1,0,0,0,,16,14:34,2,1,0,0,
60,2015-03-31,61,20-057,OTT,@,DET,W,0,0,0,0,0,0,0,0,0,0,0,0,1,0.0,20,13:54,3,0,0,0,
61,2015-04-02,62,20-059,OTT,,TBL,W,0,0,0,0,0,0,0,0,0,0,0,0,1,0.0,17,14:31,2,1,0,0,
62,2015-04-04,63,20-061,OTT,,WSH,W,0,0,0,0,0,0,0,0,0,0,0,0,0,,18,12:01,3,0,0,0,
63,2015-04-05,64,20-062,OTT,@,TOR,L-SO,0,0,0,-1,0,0,0,0,0,0,0,0,2,0.0,20,13:46,2,1,0,0,
64,2015-04-07,65,20-064,OTT,,PIT,W,0,0,0,-1,0,0,0,0,0,0,0,0,1,0.0,18,11:39,2,0,0,0,
65,2015-04-09,66,20-066,OTT,@,NYR,W,0,1,1,1,0,0,0,0,0,1,0,0,3,0.0,17,12:26,3,1,0,0,
66,2015-04-11,67,20-068,OTT,@,PHI,W,0,1,1,0,0,0,0,0,0,1,0,0,1,0.0,21,14:28,1,0,0,0,
67,2015-10-08,1,20-248,OTT,@,BUF,W,1,0,1,1,0,1,0,0,0,0,0,0,1,100.0,26,17:30,2,1,1,1,50.0
68,2015-10-10,2,20-250,OTT,@,TOR,W,0,0,0,-2,0,0,0,0,0,0,0,0,2,0.0,24,14:28,2,0,1,0,100.0
69,2015-10-11,3,20-251,OTT,,MTL,L,0,0,0,1,0,0,0,0,0,0,0,0,1,0.0,16,11:26,0,2,0,0,
70,2015-10-14,4,20-254,OTT,@,CBJ,W,0,0,0,1,0,0,0,0,0,0,0,0,0,,22,17:20,0,2,0,0,
71,2015-10-15,5,20-255,OTT,@,PIT,L,0,0,0,0,0,0,0,0,0,0,0,0,1,0.0,20,13:53,2,0,0,1,0.0
72,2015-10-17,6,20-257,OTT,,NSH,L-SO,0,0,0,0,0,0,0,0,0,0,0,0,5,0.0,24,19:31,4,2,0,0,
73,2015-10-22,7,20-262,OTT,,NJD,L-SO,0,1,1,0,0,0,0,0,0,0,1,0,2,0.0,22,17:29,1,0,0,1,0.0
74,2015-10-24,8,20-264,OTT,,ARI,L,0,0,0,-1,0,0,0,0,0,0,0,0,1,0.0,7,4:54,0,0,0,0,
75,2015-11-03,9,20-274,OTT,@,MTL,W,0,0,0,1,0,0,0,0,0,0,0,0,1,0.0,23,17:28,5,3,0,0,
76,2015-11-05,10,20-276,OTT,,WPG,W,0,0,0,0,0,0,0,0,0,0,0,0,2,0.0,25,20:03,3,1,1,2,33.3
77,2015-11-07,11,20-278,OTT,@,CAR,L-OT,0,0,0,0,0,0,0,0,0,0,0,0,1,0.0,22,12:42,0,1,2,2,50.0
78,2015-11-10,12,20-281,OTT,@,NSH,L,1,0,1,-2,0,0,1,0,0,0,0,0,1,100.0,17,11:06,0,0,0,0,
79,2015-11-12,13,20-283,OTT,,VAN,W,0,0,0,0,0,0,0,0,0,0,0,0,1,0.0,19,17:31,2,2,0,2,0.0
80,2015-11-14,14,20-285,OTT,,NYR,L-SO,0,0,0,0,0,0,0,0,0,0,0,0,1,0.0,15,11:24,0,1,1,0,100.0
81,2015-11-16,15,20-287,OTT,,DET,L-OT,0,0,0,1,0,0,0,0,0,0,0,0,1,0.0,20,13:22,1,0,3,0,100.0
82,2015-11-19,16,20-290,OTT,,CBJ,W,0,0,0,0,5,0,0,0,0,0,0,0,0,,18,11:51,2,0,0,1,0.0
83,2015-11-21,17,20-292,OTT,,PHI,W,0,1,1,1,0,0,0,0,0,1,0,0,2,0.0,21,13:37,2,1,1,1,50.0
84,2015-11-24,18,20-295,OTT,@,DAL,W,0,1,1,1,0,0,0,0,0,0,0,1,2,0.0,23,15:04,0,2,2,1,66.7
85,2015-11-25,19,20-296,OTT,@,COL,W,0,0,0,0,0,0,0,0,0,0,0,0,3,0.0,22,18:17,0,0,1,1,50.0
86,2015-11-28,20,20-299,OTT,@,ARI,L,0,0,0,-3,0,0,0,0,0,0,0,0,2,0.0,23,16:29,0,1,3,2,60.0
87,2015-12-01,21,20-302,OTT,,PHI,L,0,0,0,-1,0,0,0,0,0,0,0,0,0,,21,15:35,3,0,1,2,33.3
88,2015-12-03,22,20-304,OTT,,CHI,W,0,0,0,-1,0,0,0,0,0,0,0,0,0,,20,15:37,2,0,0,0,
89,2015-12-05,23,20-306,OTT,,NYI,W,0,0,0,0,0,0,0,0,0,0,0,0,1,0.0,19,14:07,4,0,0,0,
90,2015-12-06,24,20-307,OTT,@,NYR,L,0,0,0,0,0,0,0,0,0,0,0,0,1,0.0,16,11:40,1,0,1,0,100.0
91,2015-12-08,25,20-309,OTT,@,FLA,W,0,0,0,-1,0,0,0,0,0,0,0,0,0,,15,10:59,2,0,0,0,
92,2015-12-10,26,20-311,OTT,@,TBL,L,0,0,0,1,0,0,0,0,0,0,0,0,1,0.0,14,8:48,0,0,5,3,62.5
93,2015-12-12,27,20-313,OTT,@,MTL,L,0,0,0,0,0,0,0,0,0,0,0,0,0,,17,11:08,4,0,3,5,37.5
94,2015-12-14,28,20-315,OTT,,LAK,W,0,1,1,1,2,0,0,0,0,1,0,0,0,,15,9:04,3,0,0,5,0.0
95,2015-12-16,29,20-317,OTT,@,WSH,L,0,0,0,-2,0,0,0,0,0,0,0,0,0,,11,8:20,1,0,3,5,37.5
96,2015-12-18,30,20-319,OTT,,SJS,W,0,1,1,1,0,0,0,0,0,1,0,0,0,,12,8:49,1,0,2,4,33.3
97,2015-12-20,31,20-321,OTT,@,TBL,L,0,1,1,0,0,0,0,0,0,0,0,1,1,0.0,19,11:46,1,2,2,2,50.0
98,2015-12-22,32,20-323,OTT,@,FLA,L-SO,0,0,0,0,0,0,0,0,0,0,0,0,0,,7,4:04,0,1,0,0,
99,2015-12-30,33,20-331,OTT,,NJD,L,0,0,0,-1,0,0,0,0,0,0,0,0,0,,16,12:37,2,0,2,0,100.0
100,2016-01-03,34,20-335,OTT,@,CHI,L,0,0,0,0,0,0,0,0,0,0,0,0,2,0.0,16,11:20,2,0,0,3,0.0
101,2016-01-04,35,20-336,OTT,@,STL,W,0,0,0,-1,0,0,0,0,0,0,0,0,2,0.0,21,15:03,4,0,2,1,66.7
102,2016-01-07,36,20-339,OTT,,FLA,L,0,0,0,0,0,0,0,0,0,0,0,0,0,,15,13:07,2,1,0,0,
103,2016-01-09,37,20-341,OTT,,BOS,W,0,0,0,0,0,0,0,0,0,0,0,0,0,,20,14:03,3,2,0,1,0.0
104,2016-01-10,38,20-342,OTT,@,WSH,L,0,0,0,-1,0,0,0,0,0,0,0,0,0,,21,16:16,0,1,0,1,0.0
105,2016-01-13,39,20-345,OTT,@,ANA,L,1,0,1,0,0,1,0,0,0,0,0,0,4,25.0,21,18:03,2,0,0,0,
106,2016-01-16,40,20-348,OTT,@,LAK,W,0,1,1,3,0,0,0,0,0,1,0,0,1,0.0,23,16:39,2,3,0,0,
107,2016-01-18,41,20-350,OTT,@,SJS,W,0,0,0,-1,0,0,0,0,0,0,0,0,0,,24,17:26,1,0,0,0,
108,2016-01-21,42,20-353,OTT,@,NJD,L,0,0,0,0,0,0,0,0,0,0,0,0,0,,19,14:30,2,0,0,0,
109,2016-01-22,43,20-354,OTT,,NYI,L,0,1,1,1,0,0,0,0,0,1,0,0,1,0.0,18,13:08,2,1,0,0,
110,2016-01-24,44,20-356,OTT,,NYR,W,0,0,0,0,0,0,0,0,0,0,0,0,1,0.0,19,15:16,1,0,0,5,0.0
111,2016-01-26,45,20-358,OTT,,BUF,L,0,0,0,-1,2,0,0,0,0,0,0,0,1,0.0,18,10:32,1,0,2,3,40.0
112,2016-02-02,46,21-000,OTT,@,PIT,L,0,1,1,1,0,0,0,0,0,1,0,0,0,,22,14:56,1,0,6,7,46.2
113,2016-02-04,47,21-002,OTT,,EDM,L,0,0,0,0,0,0,0,0,0,0,0,0,0,,21,16:51,3,2,5,5,50.0
114,2016-02-06,48,21-004,OTT,,TOR,W,2,0,2,3,0,2,0,0,0,0,0,0,3,66.7,17,12:28,1,0,4,4,50.0
115,2016-02-08,49,21-006,OTT,,TBL,W,0,0,0,0,0,0,0,0,0,0,0,0,0,,15,10:52,3,1,5,2,71.4
116,2016-02-10,50,21-008,OTT,@,DET,L,0,0,0,0,0,0,0,0,0,0,0,0,2,0.0,16,10:07,0,0,1,3,25.0
117,2016-02-11,51,21-009,OTT,,COL,L,0,1,1,1,0,0,0,0,0,1,0,0,2,0.0,21,14:36,3,1,5,4,55.6
118,2016-02-13,52,21-011,OTT,@,CBJ,L,0,0,0,0,0,0,0,0,0,0,0,0,0,,19,14:48,0,1,3,8,27.3
119,2016-02-16,53,21-014,OTT,,BUF,W,0,0,0,-1,0,0,0,0,0,0,0,0,1,0.0,20,14:47,4,0,3,3,50.0
120,2016-02-18,54,21-016,OTT,,CAR,W,0,1,1,1,0,0,0,0,0,1,0,0,0,,17,12:23,0,0,3,4,42.9
121,2016-02-20,55,21-018,OTT,,DET,W,0,0,0,1,0,0,0,0,0,0,0,0,1,0.0,21,14:35,2,1,1,0,100.0
122,2016-02-23,56,21-021,OTT,@,EDM,W,0,1,1,1,2,0,0,0,0,1,0,0,2,0.0,19,13:23,0,0,2,2,50.0
123,2016-02-25,57,21-023,OTT,@,VAN,L,0,0,0,0,0,0,0,0,0,0,0,0,0,,20,12:57,2,0,2,2,50.0
124,2016-02-27,58,21-025,OTT,@,CGY,W,0,1,1,0,0,0,0,0,0,1,0,0,0,,24,14:19,0,0,3,5,37.5
125,2016-03-01,59,21-028,OTT,,STL,L-SO,0,0,0,0,0,0,0,0,0,0,0,0,2,0.0,17,13:04,0,2,4,5,44.4
126,2016-03-03,60,21-030,OTT,,TBL,L,0,0,0,-1,0,0,0,0,0,0,0,0,0,,20,14:35,3,2,8,5,61.5
127,2016-03-05,61,21-032,OTT,@,TOR,W,0,0,0,-1,0,0,0,0,0,0,0,0,1,0.0,22,13:28,2,0,3,7,30.0
128,2016-03-06,62,21-033,OTT,,DAL,L,0,0,0,0,0,0,0,0,0,0,0,0,1,0.0,15,9:49,2,1,3,5,37.5
129,2016-03-08,63,21-035,OTT,@,CAR,L-SO,0,1,1,1,0,0,0,0,0,0,0,1,1,0.0,21,12:22,1,1,3,5,37.5
130,2016-03-10,64,21-037,OTT,@,FLA,L,0,0,0,-1,0,0,0,0,0,0,0,0,2,0.0,19,12:52,0,0,4,8,33.3
131,2016-03-12,65,21-039,OTT,,TOR,W,0,0,0,0,0,0,0,0,0,0,0,0,1,0.0,26,17:02,2,1,6,7,46.2
132,2016-03-15,66,21-042,OTT,,MIN,W,0,0,0,0,0,0,0,0,0,0,0,0,0,,17,11:12,3,0,4,5,44.4
133,2016-03-18,67,21-045,OTT,@,BUF,L,0,0,0,-1,0,0,0,0,0,0,0,0,1,0.0,22,17:15,1,1,6,7,46.2
134,2016-03-19,68,21-046,OTT,,MTL,W,1,0,1,2,0,0,0,1,0,0,0,0,4,25.0,25,15:54,5,0,9,8,52.9
135,2016-03-22,69,21-049,OTT,,WSH,L,0,0,0,-1,0,0,0,0,0,0,0,0,1,0.0,19,15:17,0,0,4,7,36.4
136,2016-03-23,70,21-050,OTT,@,NYI,L,0,0,0,-1,0,0,0,0,0,0,0,0,1,0.0,19,13:10,2,0,5,7,41.7
137,2016-03-26,71,21-053,OTT,,ANA,L-OT,0,0,0,0,5,0,0,0,0,0,0,0,2,0.0,23,14:51,1,1,5,3,62.5
138,2016-03-30,72,21-057,OTT,@,WPG,W,0,0,0,1,2,0,0,0,0,0,0,0,0,,20,14:39,0,1,6,4,60.0
139,2016-03-31,73,21-058,OTT,@,MIN,W,0,0,0,0,0,0,0,0,0,0,0,0,1,0.0,24,16:55,1,1,4,7,36.4
140,2016-04-02,74,21-060,OTT,@,PHI,L,0,0,0,0,0,0,0,0,0,0,0,0,0,,24,16:04,2,0,3,5,37.5
141,2016-04-05,75,21-063,OTT,,PIT,L,0,0,0,-1,0,0,0,0,0,0,0,0,3,0.0,26,17:29,1,0,3,9,25.0
142,2016-04-07,76,21-065,OTT,,FLA,W,0,0,0,-1,0,0,0,0,0,0,0,0,0,,22,16:54,1,0,6,8,42.9
143,2016-11-19,1,21-291,OTT,,FLA,L,0,0,0,-1,0,0,0,0,0,0,0,0,3,0.0,16,11:12,3,0,1,4,20.0
144,2016-11-22,2,21-294,OTT,@,MTL,W,0,0,0,1,0,0,0,0,0,0,0,0,0,,16,13:31,1,0,0,0,
145,2016-11-24,3,21-296,OTT,,BOS,W,0,0,0,0,0,0,0,0,0,0,0,0,1,0.0,17,10:49,3,0,0,2,0.0
146,2016-11-26,4,21-298,OTT,,CAR,W,0,0,0,0,0,0,0,0,0,0,0,0,1,0.0,16,9:52,2,1,0,2,0.0
147,2016-11-27,5,21-299,OTT,@,NYR,W,0,0,0,0,2,0,0,0,0,0,0,0,1,0.0,15,10:31,0,2,2,2,50.0
148,2016-11-29,6,21-301,OTT,,BUF,L,0,0,0,-1,0,0,0,0,0,0,0,0,1,0.0,11,8:21,3,0,1,0,100.0
149,2016-12-01,7,21-303,OTT,,PHI,L-OT,0,0,0,0,0,0,0,0,0,0,0,0,1,0.0,14,9:00,3,1,0,1,0.0
150,2016-12-03,8,21-305,OTT,,FLA,W,0,0,0,0,0,0,0,0,0,0,0,0,1,0.0,10,7:56,0,0,0,0,
151,2016-12-05,9,21-307,OTT,@,PIT,L,0,0,0,0,0,0,0,0,0,0,0,0,0,,6,3:57,1,0,0,2,0.0
152,2016-12-14,10,21-316,OTT,,SJS,L-SO,0,0,0,0,0,0,0,0,0,0,0,0,1,0.0,19,10:00,0,0,0,1,0.0
153,2016-12-17,11,21-319,OTT,,NJD,W,0,0,0,-1,0,0,0,0,0,0,0,0,4,0.0,16,11:29,5,0,1,0,100.0
154,2016-12-18,12,21-320,OTT,@,NYI,W,0,0,0,1,2,0,0,0,0,0,0,0,1,0.0,20,14:23,1,1,0,2,0.0
155,2016-12-20,13,21-322,OTT,@,CHI,W,0,0,0,-1,0,0,0,0,0,0,0,0,1,0.0,13,7:59,0,0,1,0,100.0
156,2016-12-22,14,21-324,OTT,,ANA,W,0,0,0,0,0,0,0,0,0,0,0,0,1,0.0,13,8:49,2,1,2,1,66.7
157,2016-12-27,15,21-329,OTT,@,NYR,L,0,0,0,-1,0,0,0,0,0,0,0,0,1,0.0,13,7:09,3,0,1,1,50.0
158,2016-12-29,16,21-331,OTT,,DET,L-OT,0,0,0,0,0,0,0,0,0,0,0,0,1,0.0,10,6:23,2,0,2,1,66.7
159,2017-01-01,17,21-334,OTT,@,WSH,L,0,0,0,-1,0,0,0,0,0,0,0,0,0,,10,5:57,2,0,2,1,66.7
160,2017-01-07,18,21-340,OTT,,WSH,L,0,0,0,0,0,0,0,0,0,0,0,0,0,,12,7:35,1,0,2,0,100.0
161,2017-01-08,19,21-341,OTT,,EDM,W,0,0,0,0,0,0,0,0,0,0,0,0,0,,12,8:05,3,0,1,1,50.0
162,2017-01-12,20,21-345,OTT,,PIT,W,0,0,0,0,0,0,0,0,0,0,0,0,0,,10,6:29,1,0,1,2,33.3
163,2017-01-14,21,21-347,OTT,,TOR,L,0,0,0,0,0,0,0,0,0,0,0,0,1,0.0,12,5:49,3,0,1,2,33.3
164,2017-01-17,22,21-350,OTT,@,STL,W,0,0,0,-2,0,0,0,0,0,0,0,0,0,,15,10:36,4,2,3,4,42.9
165,2017-01-19,23,21-352,OTT,@,CBJ,W,0,0,0,0,0,0,0,0,0,0,0,0,0,,11,6:50,0,1,0,2,0.0
166,2017-01-21,24,21-354,OTT,@,TOR,W,0,0,0,0,0,0,0,0,0,0,0,0,1,0.0,10,4:35,2,0,1,3,25.0
167,2017-01-22,25,21-355,OTT,,CBJ,L-OT,0,1,1,0,0,0,0,0,0,1,0,0,1,0.0,10,6:10,0,0,0,1,0.0
168,2017-01-24,26,21-357,OTT,,WSH,W,0,0,0,0,0,0,0,0,0,0,0,0,0,,10,5:38,0,0,0,2,0.0
169,2017-01-26,27,21-359,OTT,,CGY,L-OT,0,0,0,0,0,0,0,0,0,0,0,0,0,,11,6:53,3,1,1,2,33.3
170,2017-02-02,28,22-000,OTT,@,TBL,W,0,0,0,-1,0,0,0,0,0,0,0,0,1,0.0,11,8:01,1,0,0,1,0.0
171,2017-02-04,29,22-002,OTT,@,BUF,L,0,0,0,-1,0,0,0,0,0,0,0,0,0,,13,9:35,1,0,1,0,100.0
172,2017-02-16,30,22-014,OTT,@,NJD,W,0,0,0,0,0,0,0,0,0,0,0,0,0,,14,10:29,1,2,4,2,66.7
173,2017-02-19,31,22-017,OTT,,WPG,L,0,0,0,-1,0,0,0,0,0,0,0,0,0,,17,11:29,5,1,0,3,0.0
174,2017-02-21,32,22-019,OTT,@,NJD,W,0,0,0,0,0,0,0,0,0,0,0,0,0,,19,12:53,0,2,0,0,
175,2017-02-24,33,22-022,OTT,@,CAR,L,0,0,0,-1,0,0,0,0,0,0,0,0,1,0.0,19,12:26,1,1,0,2,0.0
176,2017-03-19,34,22-045,CGY,,LAK,W,0,1,1,1,0,0,0,0,0,1,0,0,0,,14,10:08,3,0,0,0,
177,2017-03-21,35,22-047,CGY,@,WSH,L,0,0,0,-1,0,0,0,0,0,0,0,0,0,,12,8:27,1,0,0,0,
178,2017-04-06,36,22-063,CGY,@,LAK,W,0,1,1,1,0,0,0,0,0,1,0,0,1,0.0,19,12:10,3,1,9,8,52.9
179,2017-04-08,37,22-065,CGY,@,SJS,L,1,0,1,1,0,1,0,0,0,0,0,0,1,100.0,20,16:21,2,0,2,5,28.6
180,2017-10-07,1,22-247,CGY,,WPG,W,0,1,1,2,0,0,0,0,0,1,0,0,2,0.0,15,11:07,3,0,0,0,
181,2017-10-09,2,22-249,CGY,@,ANA,W,0,0,0,0,0,0,0,0,0,0,0,0,0,,13,11:02,1,2,0,0,
182,2017-10-13,3,22-253,CGY,,OTT,L,0,0,0,-2,0,0,0,0,0,0,0,0,0,,18,12:52,3,0,0,4,0.0
183,2017-10-14,4,22-254,CGY,@,VAN,W,0,0,0,0,0,0,0,0,0,0,0,0,2,0.0,15,11:16,0,0,0,2,0.0
184,2017-10-21,5,22-261,CGY,,MIN,L,0,0,0,-1,0,0,0,0,0,0,0,0,2,0.0,15,10:07,2,0,1,1,50.0
185,2017-10-24,6,22-264,CGY,@,NSH,W,0,0,0,0,2,0,0,0,0,0,0,0,2,0.0,15,12:54,3,0,1,1,50.0
186,2017-10-25,7,22-265,CGY,@,STL,L,0,0,0,0,0,0,0,0,0,0,0,0,0,,11,8:15,1,0,0,0,
187,2017-10-29,8,22-269,CGY,,WSH,W,0,0,0,1,0,0,0,0,0,0,0,0,0,,16,11:02,3,0,0,0,
188,2017-11-02,9,22-273,CGY,,PIT,W,0,0,0,0,0,0,0,0,0,0,0,0,1,0.0,14,10:15,3,0,0,0,
189,2017-11-05,10,22-276,CGY,,NJD,W,0,0,0,-2,0,0,0,0,0,0,0,0,1,0.0,14,9:31,2,1,0,0,
190,2017-11-07,11,22-278,CGY,,VAN,L,0,0,0,-1,0,0,0,0,0,0,0,0,0,,12,9:12,0,1,3,2,60.0
191,2017-11-09,12,22-280,CGY,,DET,W,0,0,0,0,0,0,0,0,0,0,0,0,1,0.0,14,9:21,2,0,5,2,71.4
192,2017-11-13,13,22-284,CGY,,STL,W,0,1,1,1,0,0,0,0,0,1,0,0,1,0.0,15,10:41,0,1,1,4,20.0
193,2017-11-15,14,22-286,CGY,@,DET,L,0,0,0,-1,0,0,0,0,0,0,0,0,0,,16,11:56,2,0,1,1,50.0
194,2017-11-18,15,22-289,CGY,@,PHI,W,0,0,0,-1,0,0,0,0,0,0,0,0,1,0.0,13,11:08,3,0,0,0,
195,2017-11-24,16,22-295,CGY,@,DAL,L,0,0,0,-1,2,0,0,0,0,0,0,0,0,,14,8:51,3,1,0,1,0.0
196,2017-11-28,17,22-299,CGY,,TOR,L,0,0,0,0,0,0,0,0,0,0,0,0,1,0.0,9,6:52,2,1,0,0,
197,2017-12-04,18,22-305,CGY,,PHI,L,0,1,1,1,0,0,0,0,0,1,0,0,2,0.0,14,9:25,1,0,3,2,60.0
198,2017-12-06,19,22-307,CGY,@,TOR,L-SO,0,0,0,0,0,0,0,0,0,0,0,0,2,0.0,12,8:08,0,0,2,0,100.0
199,2017-12-07,20,22-308,CGY,@,MTL,W,0,0,0,-1,0,0,0,0,0,0,0,0,0,,12,6:28,5,0,0,2,0.0
200,2017-12-09,21,22-310,CGY,,VAN,W,0,1,1,0,0,0,0,0,0,1,0,0,1,0.0,10,6:45,0,2,0,1,0.0
201,2017-12-12,22,22-313,CGY,@,MIN,L-SO,0,0,0,0,0,0,0,0,0,0,0,0,0,,14,11:24,1,0,0,1,0.0
202,2017-12-14,23,22-315,CGY,,SJS,L,0,0,0,0,0,0,0,0,0,0,0,0,0,,11,8:01,2,0,0,1,0.0
203,2017-12-20,24,22-321,CGY,,STL,W,0,0,0,0,0,0,0,0,0,0,0,0,0,,8,6:11,0,0,0,1,0.0
204,2017-12-29,25,22-330,CGY,@,ANA,L,0,0,0,0,2,0,0,0,0,0,0,0,0,,12,8:09,0,0,2,0,100.0
205,2018-01-04,26,22-336,CGY,,LAK,W,0,0,0,-1,0,0,0,0,0,0,0,0,0,,15,10:05,1,0,1,2,33.3
206,2018-01-06,27,22-338,CGY,,ANA,W,0,0,0,0,0,0,0,0,0,0,0,0,0,,9,6:19,4,1,1,1,50.0
207,2018-01-09,28,22-341,CGY,@,MIN,W,0,0,0,0,0,0,0,0,0,0,0,0,0,,12,8:07,2,0,0,2,0.0
208,2018-01-11,29,22-343,CGY,@,TBL,W,0,0,0,0,0,0,0,0,0,0,0,0,0,,14,9:59,3,1,0,1,0.0
209,2018-01-12,30,22-344,CGY,@,FLA,W,0,0,0,0,0,0,0,0,0,0,0,0,3,0.0,15,10:09,1,0,1,1,50.0
210,2018-01-14,31,22-346,CGY,@,CAR,W,0,1,1,1,0,0,0,0,0,1,0,0,1,0.0,13,9:56,3,0,0,0,
211,2018-01-20,32,22-352,CGY,,WPG,L-SO,0,0,0,-1,0,0,0,0,0,0,0,0,1,0.0,12,7:39,2,1,0,1,0.0
212,2018-01-22,33,22-354,CGY,,BUF,L-OT,0,0,0,0,5,0,0,0,0,0,0,0,1,0.0,11,7:53,0,0,1,0,100.0
213,2018-01-24,34,22-356,CGY,,LAK,L-OT,0,0,0,0,2,0,0,0,0,0,0,0,1,0.0,12,7:38,1,0,1,0,100.0
214,2018-01-25,35,22-357,CGY,@,EDM,L-SO,0,0,0,-1,0,0,0,0,0,0,0,0,2,0.0,13,9:05,2,0,0,2,0.0
215,2018-01-30,36,22-362,CGY,,VEG,L,0,0,0,0,0,0,0,0,0,0,0,0,0,,12,7:57,1,0,0,0,
216,2018-02-01,37,22-364,CGY,,TBL,L,0,0,0,0,0,0,0,0,0,0,0,0,5,0.0,15,9:30,3,0,0,0,
217,2018-02-03,38,23-001,CGY,,CHI,W,0,0,0,0,0,0,0,0,0,0,0,0,2,0.0,12,9:49,2,1,0,0,
218,2018-02-06,39,23-004,CGY,@,CHI,W,0,0,0,0,0,0,0,0,0,0,0,0,1,0.0,8,7:17,5,0,1,2,33.3
219,2018-02-09,40,23-007,CGY,@,NYR,L,1,0,1,1,0,1,0,0,0,0,0,0,1,100.0,12,8:27,0,1,0,5,0.0
220,2018-02-11,41,23-009,CGY,@,NYI,W,0,0,0,-1,0,0,0,0,0,0,0,0,0,,11,8:05,1,0,0,0,
221,2018-02-13,42,23-011,CGY,@,BOS,L,0,0,0,1,0,0,0,0,0,0,0,0,1,0.0,12,9:57,2,0,0,1,0.0
222,2018-02-15,43,23-013,CGY,@,NSH,W,1,0,1,1,0,1,0,0,1,0,0,0,1,100.0,11,7:28,1,1,1,2,33.3
223,2018-02-17,44,23-015,CGY,,FLA,L,0,0,0,0,0,0,0,0,0,0,0,0,0,,17,9:54,3,0,1,1,50.0
224,2018-02-19,45,23-017,CGY,,BOS,L-OT,0,0,0,0,0,0,0,0,0,0,0,0,1,0.0,16,10:32,4,0,3,2,60.0
225,2018-02-21,46,23-019,CGY,@,VEG,L,0,0,0,-1,0,0,0,0,0,0,0,0,1,0.0,18,12:03,6,0,0,2,0.0
226,2018-02-22,47,23-020,CGY,@,ARI,W,0,0,0,0,0,0,0,0,0,0,0,0,3,0.0,15,10:19,1,1,1,2,33.3
227,2018-02-24,48,23-022,CGY,,COL,W,0,0,0,0,0,0,0,0,0,0,0,0,1,0.0,14,10:48,4,2,1,1,50.0
228,2018-02-27,49,23-025,CGY,@,DAL,L,0,0,0,0,2,0,0,0,0,0,0,0,0,,10,4:47,0,0,1,0,100.0
229,2018-03-05,50,23-031,CGY,@,PIT,L-OT,0,0,0,1,0,0,0,0,0,0,0,0,0,,12,10:10,3,1,0,1,0.0
230,2018-03-07,51,23-033,CGY,@,BUF,W,0,0,0,0,4,0,0,0,0,0,0,0,0,,16,12:59,4,1,0,0,
231,2018-03-09,52,23-035,CGY,@,OTT,W,0,1,1,1,2,0,0,0,0,1,0,0,0,,15,10:29,1,2,1,1,50.0
232,2018-03-11,53,23-037,CGY,,NYI,L,0,0,0,-1,0,0,0,0,0,0,0,0,3,0.0,12,9:53,0,0,2,0,100.0
233,2018-03-13,54,23-039,CGY,,EDM,W,0,0,0,0,2,0,0,0,0,0,0,0,4,0.0,13,8:10,0,1,2,0,100.0
234,2018-03-16,55,23-042,CGY,,SJS,L,0,1,1,1,0,0,0,0,0,1,0,0,1,0.0,15,10:00,3,1,0,0,
235,2018-03-18,56,23-044,CGY,@,VEG,L,0,0,0,0,0,0,0,0,0,0,0,0,1,0.0,17,11:43,3,1,0,0,
236,2018-03-19,57,23-045,CGY,@,ARI,L,0,0,0,-1,0,0,0,0,0,0,0,0,2,0.0,14,11:04,4,0,0,0,
237,2018-03-21,58,23-047,CGY,,ANA,L,0,0,0,0,0,0,0,0,0,0,0,0,3,0.0,12,10:45,1,0,1,4,20.0
238,2018-03-24,59,23-050,CGY,@,SJS,L,0,0,0,-2,0,0,0,0,0,0,0,0,1,0.0,15,12:21,3,1,0,4,0.0
239,2018-03-26,60,23-052,CGY,@,LAK,L,0,0,0,0,0,0,0,0,0,0,0,0,1,0.0,17,13:24,1,0,0,0,
240,2018-03-29,61,23-055,CGY,,CBJ,L,0,1,1,-1,0,0,0,0,0,1,0,0,3,0.0,19,17:57,6,0,0,0,
241,2018-03-31,62,23-057,CGY,,EDM,W,0,0,0,-1,0,0,0,0,0,0,0,0,0,,17,11:44,3,0,4,3,57.1
242,2018-04-03,63,23-060,CGY,,ARI,L,0,1,1,0,0,0,0,0,0,1,0,0,1,0.0,20,13:13,1,0,0,0,
243,2018-04-05,64,23-062,CGY,@,WPG,L,0,0,0,0,0,0,0,0,0,0,0,0,0,,14,9:26,1,0,2,5,28.6
244,2018-04-07,65,23-064,CGY,,VEG,W,0,1,1,1,0,0,0,0,0,1,0,0,0,,15,12:49,2,0,3,1,75.0
245,2019-03-19,1,24-045,CGY,,CBJ,W,0,0,0,-1,0,0,0,0,0,0,0,0,0,,9,4:48,0,1,3,1,75.0
246,2019-11-14,1,24-285,BUF,,CAR,L-OT,1,0,1,0,0,1,0,0,0,0,0,0,2,50.0,16,8:47,2,2,1,2,33.3
247,2019-11-16,2,24-287,BUF,,OTT,W,0,0,0,-1,0,0,0,0,0,0,0,0,0,,17,11:09,2,2,1,0,100.0
248,2019-11-17,3,24-288,BUF,@,CHI,L,0,0,0,0,0,0,0,0,0,0,0,0,0,,17,11:44,4,0,1,0,100.0
249,2019-11-19,4,24-290,BUF,,MIN,L,0,0,0,-1,0,0,0,0,0,0,0,0,0,,9,4:31,0,0,0,1,0.0
250,2019-11-21,5,24-292,BUF,@,BOS,L,0,0,0,0,7,0,0,0,0,0,0,0,0,,12,7:52,2,0,1,0,100.0
251,2019-11-25,6,24-296,BUF,@,TBL,L,0,0,0,0,0,0,0,0,0,0,0,0,0,,15,9:04,3,1,0,1,0.0
252,2019-12-21,7,24-322,BUF,,LAK,W,0,0,0,0,0,0,0,0,0,0,0,0,1,0.0,21,15:53,2,0,2,5,28.6
253,2019-12-23,8,24-324,BUF,@,OTT,L,0,0,0,0,0,0,0,0,0,0,0,0,1,0.0,12,9:08,2,1,5,5,50.0
254,2019-12-27,9,24-328,BUF,,BOS,L,0,0,0,0,0,0,0,0,0,0,0,0,1,0.0,18,12:56,1,0,6,3,66.7
255,2019-12-29,10,24-330,BUF,@,BOS,L,1,0,1,1,0,1,0,0,0,0,0,0,1,100.0,23,14:14,5,1,2,5,28.6
256,2019-12-31,11,24-332,BUF,,TBL,L,0,1,1,1,0,0,0,0,0,1,0,0,0,,18,9:19,1,0,6,5,54.5
257,2020-01-02,12,24-334,BUF,,EDM,W,1,0,1,0,0,1,0,0,0,0,0,0,2,50.0,16,10:39,2,0,6,2,75.0
258,2020-01-04,13,24-336,BUF,,FLA,W,0,0,0,-1,0,0,0,0,0,0,0,0,0,,23,13:06,2,1,6,4,60.0
259,2020-01-09,14,24-341,BUF,@,STL,L,0,0,0,-2,0,0,0,0,0,0,0,0,1,0.0,16,11:29,0,1,5,5,50.0
260,2020-01-11,15,24-343,BUF,,VAN,L,0,0,0,0,0,0,0,0,0,0,0,0,1,0.0,14,8:50,1,0,5,2,71.4
261,2020-01-12,16,24-344,BUF,@,DET,W,0,2,2,1,0,0,0,0,0,2,0,0,0,,18,10:31,1,0,2,5,28.6
262,2020-01-14,17,24-346,BUF,,VEG,W,1,0,1,1,0,1,0,0,0,0,0,0,2,50.0,26,18:06,1,4,7,5,58.3
263,2020-01-16,18,24-348,BUF,@,DAL,W,0,1,1,2,0,0,0,0,0,0,0,1,1,0.0,22,13:51,0,0,8,8,50.0
264,2020-01-18,19,24-350,BUF,@,NSH,L,0,0,0,0,0,0,0,0,0,0,0,0,0,,19,13:40,2,1,3,5,37.5
265,2020-01-28,20,24-360,BUF,,OTT,L,0,0,0,0,0,0,0,0,0,0,0,0,1,0.0,18,14:29,3,0,6,6,50.0
266,2020-01-30,21,24-362,BUF,,MTL,L,0,0,0,0,0,0,0,0,0,0,0,0,0,,18,11:01,2,1,2,9,18.2
267,2020-02-01,22,24-364,BUF,,CBJ,W,0,0,0,0,0,0,0,0,0,0,0,0,0,,21,13:22,0,0,9,5,64.3
268,2020-02-06,23,25-004,BUF,,DET,L-SO,0,0,0,0,0,0,0,0,0,0,0,0,2,0.0,21,13:11,2,1,8,7,53.3
269,2020-02-07,24,25-005,BUF,@,NYR,W,0,0,0,-1,0,0,0,0,0,0,0,0,0,,22,11:45,3,0,8,5,61.5
270,2020-02-09,25,25-007,BUF,,ANA,L,0,0,0,0,0,0,0,0,0,0,0,0,2,0.0,13,9:10,1,0,4,1,80.0
271,2020-02-11,26,25-009,BUF,,DET,W,0,1,1,1,0,0,0,0,0,1,0,0,0,,23,17:30,1,0,8,10,44.4
272,2020-02-13,27,25-011,BUF,,CBJ,W,0,0,0,0,0,0,0,0,0,0,0,0,0,,24,14:48,4,0,7,9,43.8
273,2020-02-16,28,25-014,BUF,,TOR,W,0,0,0,1,0,0,0,0,0,0,0,0,3,0.0,19,12:59,2,1,14,4,77.8
274,2020-02-18,29,25-016,BUF,@,OTT,L,0,0,0,-1,0,0,0,0,0,0,0,0,0,,18,11:16,2,1,5,9,35.7
275,2020-02-22,30,25-020,BUF,@,PIT,W,0,0,0,-1,2,0,0,0,0,0,0,0,0,,19,13:14,2,1,7,6,53.8
276,2020-02-23,31,25-021,BUF,,WPG,W,0,0,0,0,0,0,0,0,0,0,0,0,4,0.0,20,13:05,3,0,2,9,18.2
277,2020-02-26,32,25-024,BUF,@,COL,L,1,0,1,1,0,1,0,0,0,0,0,0,2,50.0,18,12:10,3,4,10,5,66.7
278,2020-02-28,33,25-026,BUF,@,VEG,L,0,0,0,1,0,0,0,0,0,0,0,0,2,0.0,16,10:39,3,0,3,6,33.3
279,2020-02-29,34,25-027,BUF,@,ARI,L,0,0,0,-1,0,0,0,0,0,0,0,0,1,0.0,15,10:57,0,1,5,3,62.5
280,2020-03-03,35,25-030,BUF,@,WPG,L,0,0,0,-1,0,0,0,0,0,0,0,0,1,0.0,17,13:43,0,0,5,4,55.6
281,2020-03-05,36,25-032,BUF,,PIT,L,0,0,0,-2,0,0,0,0,0,0,0,0,0,,16,10:48,4,0,4,2,66.7
282,2020-03-07,37,25-034,BUF,@,PHI,L,0,0,0,-1,0,0,0,0,0,0,0,0,1,0.0,15,9:09,1,0,3,5,37.5
283,2020-03-09,38,25-036,BUF,,WSH,W,0,0,0,0,0,0,0,0,0,0,0,0,1,0.0,16,11:34,1,0,8,8,50.0
