,date_game,game_season,age,team_id,game_location,opp_id,game_result,goals,assists,points,plus_minus,pen_min,goals_ev,goals_pp,goals_sh,goals_gw,assists_ev,assists_pp,assists_sh,shots,shot_pct,shifts,time_on_ice,hits_all,blocks_all,faceoff_wins_all,faceoff_losses_all,faceoff_percentage_all
0,2006-10-05,1,19-164,PIT,,PHI,W,0,0,0,1,0,0,0,0,0,,,,0,,17,15:01,,,,,
1,2006-10-07,2,19-166,PIT,,DET,L,0,0,0,-1,0,0,0,0,0,,,,1,0.0,18,14:56,,,,,
2,2006-10-12,3,19-171,PIT,@,NYR,W,1,0,1,-1,0,0,1,0,0,,,,2,50.0,15,9:41,,,,,
3,2006-10-14,4,19-173,PIT,,CAR,L,1,0,1,-1,0,0,1,0,0,,,,2,50.0,21,16:34,,,,,
4,2006-10-18,5,19-177,PIT,,NJD,L,0,0,0,-1,0,0,0,0,0,,,,0,,8,5:30,,,,,
5,2006-10-19,6,19-178,PIT,@,NYI,W,0,0,0,0,4,0,0,0,0,,,,1,0.0,11,9:02,,,,,
6,2006-10-21,7,19-180,PIT,,CBJ,W,0,0,0,0,0,0,0,0,0,,,,2,0.0,14,10:08,,,,,
7,2007-11-15,1,20-205,PIT,,NYI,W,0,0,0,-1,0,0,0,0,0,,,,1,0.0,19,17:08,0,0,0,0,
8,2007-11-17,2,20-207,PIT,,NYR,L-OT,0,0,0,0,0,0,0,0,0,,,,2,0.0,18,15:54,1,0,0,0,
9,2007-11-21,3,20-211,PIT,,NJD,L,0,0,0,0,0,0,0,0,0,,,,1,0.0,18,15:50,2,0,0,0,
10,2007-11-22,4,20-212,PIT,@,OTT,W,0,1,1,-1,0,0,0,0,0,,,,2,0.0,22,18:18,0,2,0,0,
11,2007-11-24,5,20-214,PIT,,ATL,W,0,0,0,1,0,0,0,0,0,,,,0,,18,24:09,0,2,0,0,
12,2007-11-30,6,20-220,PIT,,DAL,W,0,0,0,0,0,0,0,0,0,,,,1,0.0,17,15:31,2,0,0,0,
13,2007-12-01,7,20-221,PIT,@,TOR,L,0,0,0,-1,0,0,0,0,0,,,,1,0.0,22,19:57,2,0,0,0,
14,2007-12-03,8,20-223,PIT,,PHX,W,1,0,1,0,0,0,1,0,1,,,,2,50.0,20,21:10,0,1,0,0,
15,2007-12-05,9,20-225,PIT,@,EDM,W,1,0,1,0,0,1,0,0,0,,,,3,33.3,16,12:58,0,1,0,0,
16,2007-12-06,10,20-226,PIT,@,CGY,W,0,0,0,0,0,0,0,0,0,,,,1,0.0,19,13:38,1,0,0,0,
17,2007-12-08,11,20-228,PIT,@,VAN,W,0,0,0,0,0,0,0,0,0,,,,2,0.0,20,12:41,2,0,0,0,
18,2007-12-11,12,20-231,PIT,@,PHI,L,0,0,0,0,4,0,0,0,0,,,,2,0.0,25,19:32,2,3,0,0,
19,2007-12-13,13,20-233,PIT,,OTT,L,0,0,0,-1,0,0,0,0,0,,,,0,,16,16:38,1,0,0,0,
20,2007-12-15,14,20-235,PIT,@,NYI,W,0,1,1,-1,0,0,0,0,0,,,,1,0.0,25,25:50,4,1,0,0,
21,2007-12-18,15,20-238,PIT,@,NYR,L,0,0,0,0,4,0,0,0,0,,,,1,0.0,23,16:42,1,1,0,0,
22,2007-12-20,16,20-240,PIT,@,BOS,W,0,0,0,1,0,0,0,0,0,,,,3,0.0,23,15:18,1,0,0,0,
23,2007-12-21,17,20-241,PIT,,NYI,L,0,0,0,-1,0,0,0,0,0,,,,1,0.0,20,19:23,3,4,0,0,
24,2007-12-23,18,20-243,PIT,,BOS,W,0,0,0,1,0,0,0,0,0,,,,1,0.0,19,17:47,1,3,0,0,
25,2007-12-27,19,20-247,PIT,,WSH,W,0,0,0,0,0,0,0,0,0,,,,3,0.0,22,20:54,3,2,0,0,
26,2007-12-29,20,20-249,PIT,,BUF,W,0,0,0,0,0,0,0,0,0,,,,1,0.0,21,19:53,2,0,0,0,
27,2008-01-01,21,20-252,PIT,@,BUF,W,0,0,0,0,0,0,0,0,0,,,,0,,19,16:38,0,1,0,0,
28,2008-01-03,22,20-254,PIT,,TOR,W,0,1,1,3,0,0,0,0,0,,,,1,0.0,23,20:44,1,4,0,0,
29,2008-01-05,23,20-256,PIT,,FLA,W,0,0,0,0,0,0,0,0,0,,,,1,0.0,20,18:38,0,1,0,0,
30,2008-01-08,24,20-259,PIT,@,FLA,W,0,0,0,0,0,0,0,0,0,,,,2,0.0,21,21:13,0,2,0,0,
31,2008-01-10,25,20-261,PIT,@,TBL,W,0,1,1,0,0,0,0,0,0,,,,2,0.0,20,16:20,1,1,0,0,
32,2008-01-12,26,20-263,PIT,@,ATL,L-SO,0,1,1,1,0,0,0,0,0,,,,1,0.0,25,19:56,0,2,0,0,
33,2008-01-14,27,20-265,PIT,,NYR,W,0,1,1,0,2,0,0,0,0,,,,2,0.0,22,19:01,2,1,0,0,
34,2008-01-18,28,20-269,PIT,,TBL,L,0,0,0,-1,0,0,0,0,0,,,,1,0.0,15,15:12,2,0,0,0,
35,2008-01-19,29,20-270,PIT,@,MTL,W,0,0,0,0,0,0,0,0,0,,,,0,,16,13:17,1,2,0,0,
36,2008-01-21,30,20-272,PIT,,WSH,L-SO,0,0,0,-1,0,0,0,0,0,,,,0,,23,19:43,3,0,0,0,
37,2008-01-24,31,20-275,PIT,@,PHI,L,0,0,0,-1,2,0,0,0,0,,,,0,,18,17:12,1,3,0,0,
38,2008-01-29,32,20-280,PIT,@,NJD,W,0,0,0,0,0,0,0,0,0,,,,1,0.0,19,17:06,0,1,0,0,
39,2008-01-30,33,20-281,PIT,@,ATL,L,0,0,0,0,0,0,0,0,0,,,,0,,18,14:44,0,0,0,0,
40,2008-02-02,34,20-284,PIT,,CAR,W,0,0,0,1,0,0,0,0,0,,,,2,0.0,20,16:48,0,1,0,0,
41,2008-02-04,35,20-286,PIT,@,NJD,L-OT,0,1,1,-1,0,0,0,0,0,,,,2,0.0,24,19:42,0,0,0,0,
42,2008-02-07,36,20-289,PIT,,NYI,W,1,0,1,1,0,1,0,0,1,,,,1,100.0,22,16:59,0,2,0,0,
43,2008-02-09,37,20-291,PIT,,LAK,W,0,1,1,0,0,0,0,0,0,,,,1,0.0,22,16:36,0,3,0,0,
44,2008-02-10,38,20-292,PIT,,PHI,W,1,1,2,2,0,1,0,0,1,,,,2,50.0,23,20:43,0,0,0,0,
45,2008-02-13,39,20-295,PIT,,BOS,L,0,0,0,-1,0,0,0,0,0,,,,0,,23,17:02,2,2,0,0,
46,2008-02-14,40,20-296,PIT,@,CAR,L,0,0,0,0,0,0,0,0,0,,,,0,,20,18:18,3,1,0,0,
47,2008-02-17,41,20-299,PIT,@,BUF,W,0,0,0,1,0,0,0,0,0,,,,1,0.0,24,18:45,0,2,0,0,
48,2008-02-19,42,20-301,PIT,,FLA,W,0,0,0,-1,0,0,0,0,0,,,,0,,21,19:17,1,0,0,0,
49,2008-02-21,43,20-303,PIT,@,MTL,W,0,0,0,0,0,0,0,0,0,,,,0,,23,18:58,0,4,0,0,
50,2008-02-23,44,20-305,PIT,,OTT,L-OT,0,0,0,-2,0,0,0,0,0,,,,0,,24,19:02,1,0,0,0,
51,2008-02-24,45,20-306,PIT,,SJS,L-SO,0,0,0,0,0,0,0,0,0,,,,1,0.0,25,20:34,2,2,0,0,
52,2008-02-26,46,20-308,PIT,@,NYI,W,0,0,0,0,2,0,0,0,0,,,,0,,27,20:36,0,2,0,0,
53,2008-02-28,47,20-310,PIT,@,BOS,L,0,0,0,-2,0,0,0,0,0,,,,1,0.0,24,16:21,0,1,0,0,
54,2008-03-01,48,20-312,PIT,@,OTT,L,0,0,0,-1,0,0,0,0,0,,,,0,,28,25:18,3,0,0,0,
55,2008-03-02,49,20-313,PIT,,ATL,W,0,0,0,-1,0,0,0,0,0,,,,2,0.0,25,25:13,2,3,0,0,
56,2008-03-04,50,20-315,PIT,@,TBL,W,0,0,0,0,0,0,0,0,0,,,,0,,24,18:12,1,2,0,0,
57,2008-03-06,51,20-317,PIT,@,FLA,L,1,0,1,1,2,1,0,0,0,,,,2,50.0,23,18:43,4,2,0,0,
58,2008-03-09,52,20-320,PIT,@,WSH,W,0,0,0,1,0,0,0,0,0,,,,1,0.0,25,19:49,3,2,0,0,
59,2008-03-12,53,20-323,PIT,,BUF,W,1,1,2,3,0,1,0,0,0,,,,3,33.3,27,23:07,2,2,0,0,
60,2008-03-16,54,20-327,PIT,,PHI,W,0,0,0,3,0,0,0,0,0,,,,1,0.0,22,19:20,2,0,0,0,
61,2008-03-18,55,20-329,PIT,@,NYR,L,0,0,0,-1,0,0,0,0,0,,,,0,,23,18:04,1,1,0,0,
62,2008-03-20,56,20-331,PIT,,TBL,W,0,0,0,0,0,0,0,0,0,,,,0,,21,18:14,1,1,0,0,
63,2008-03-22,57,20-333,PIT,,NJD,W,0,1,1,1,0,0,0,0,0,,,,0,,22,15:39,1,1,0,0,
64,2008-03-24,58,20-335,PIT,@,NYI,L,0,0,0,-1,0,0,0,0,0,,,,2,0.0,19,13:52,2,0,0,0,
65,2008-03-25,59,20-336,PIT,@,NJD,W,0,0,0,0,0,0,0,0,0,,,,2,0.0,24,16:42,0,1,0,0,
66,2008-03-27,60,20-338,PIT,,NYI,W,0,0,0,-1,0,0,0,0,0,,,,1,0.0,19,17:40,1,0,0,0,
67,2008-03-30,61,20-341,PIT,,NYR,W,0,0,0,0,7,0,0,0,0,,,,1,0.0,15,13:04,3,1,0,0,
68,2008-04-02,62,20-344,PIT,,PHI,W,0,0,0,-1,0,0,0,0,0,,,,2,0.0,19,15:26,5,1,0,0,
69,2008-04-06,63,20-348,PIT,@,PHI,L,0,0,0,0,0,0,0,0,0,,,,0,,21,17:06,0,0,0,0,
70,2008-10-04,1,21-163,PIT,@,OTT,W,0,0,0,0,2,0,0,0,0,,,,2,0.0,30,24:40,0,1,0,0,
71,2008-10-05,2,21-164,PIT,,OTT,L,0,0,0,-1,0,0,0,0,0,,,,1,0.0,21,22:50,5,3,0,0,
72,2008-10-11,3,21-170,PIT,,NJD,L-OT,0,0,0,-1,0,0,0,0,0,,,,1,0.0,34,25:37,4,4,0,0,
73,2008-10-14,4,21-173,PIT,,PHI,W,0,2,2,0,0,0,0,0,0,,,,2,0.0,26,22:07,1,0,0,0,
74,2008-10-16,5,21-175,PIT,,WSH,L,0,0,0,-3,0,0,0,0,0,,,,0,,20,16:39,3,3,0,0,
75,2008-10-18,6,21-177,PIT,,TOR,W,0,1,1,1,0,0,0,0,0,,,,0,,21,18:58,1,1,0,0,
76,2008-10-20,7,21-179,PIT,@,BOS,W,0,0,0,0,0,0,0,0,0,,,,1,0.0,25,23:32,0,2,0,0,
77,2008-10-23,8,21-182,PIT,,CAR,W,0,0,0,1,0,0,0,0,0,,,,0,,22,19:56,1,3,0,0,
78,2008-10-25,9,21-184,PIT,@,NYR,L-SO,0,1,1,0,0,0,0,0,0,,,,3,0.0,26,22:33,5,0,0,0,
79,2008-10-28,10,21-187,PIT,@,SJS,L,0,0,0,1,0,0,0,0,0,,,,1,0.0,25,19:50,0,2,0,0,
80,2008-10-30,11,21-189,PIT,@,PHX,L,0,0,0,-1,0,0,0,0,0,,,,1,0.0,26,23:24,1,3,0,0,
81,2008-11-01,12,21-191,PIT,@,STL,W,0,1,1,3,0,0,0,0,0,,,,1,0.0,32,25:28,6,4,0,0,
82,2008-11-06,13,21-196,PIT,,EDM,W,0,1,1,0,2,0,0,0,0,,,,1,0.0,26,21:04,1,2,0,0,
83,2008-11-08,14,21-198,PIT,@,NYI,W,0,1,1,0,0,0,0,0,0,,,,2,0.0,31,29:49,0,3,0,0,
84,2008-11-11,15,21-201,PIT,@,DET,W,0,1,1,1,2,0,0,0,0,,,,4,0.0,28,23:19,1,0,0,0,
85,2008-11-13,16,21-203,PIT,,PHI,W,0,1,1,0,0,0,0,0,0,,,,1,0.0,25,21:35,2,3,0,0,
86,2008-11-15,17,21-205,PIT,,BUF,W,0,0,0,1,0,0,0,0,0,,,,0,,25,19:38,2,2,0,0,
87,2008-11-18,18,21-208,PIT,,MIN,L-SO,0,0,0,0,2,0,0,0,0,,,,2,0.0,23,21:38,1,6,0,0,
88,2008-11-20,19,21-210,PIT,@,ATL,W,0,0,0,0,0,0,0,0,0,,,,0,,24,20:31,1,0,0,0,
89,2008-11-22,20,21-212,PIT,,VAN,L,0,0,0,-1,0,0,0,0,0,,,,2,0.0,26,24:08,1,3,0,0,
90,2008-11-26,21,21-216,PIT,@,NYI,W,0,1,1,3,0,0,0,0,0,,,,3,0.0,22,19:41,1,0,0,0,
91,2008-11-28,22,21-218,PIT,@,BUF,L,0,0,0,-1,0,0,0,0,0,,,,4,0.0,26,23:14,3,2,0,0,
92,2008-11-29,23,21-219,PIT,,NJD,W,0,0,0,1,2,0,0,0,0,,,,2,0.0,26,21:53,1,1,0,0,
93,2008-12-03,24,21-223,PIT,@,NYR,L-SO,0,0,0,-1,0,0,0,0,0,,,,4,0.0,31,26:25,4,6,0,0,
94,2008-12-04,25,21-224,PIT,@,CAR,W,0,1,1,2,0,0,0,0,0,,,,2,0.0,29,21:15,1,0,0,0,
95,2008-12-06,26,21-226,PIT,@,OTT,L,0,0,0,-2,0,0,0,0,0,,,,0,,26,24:48,2,3,0,0,
96,2008-12-08,27,21-228,PIT,,BUF,L,1,0,1,-3,0,0,1,0,0,,,,5,20.0,25,21:47,0,2,0,0,
97,2008-12-10,28,21-230,PIT,@,NJD,L,0,0,0,-1,0,0,0,0,0,,,,2,0.0,29,24:09,1,7,0,0,
98,2008-12-11,29,21-231,PIT,,NYI,W,0,0,0,1,0,0,0,0,0,,,,5,0.0,23,23:53,0,0,0,0,
99,2008-12-13,30,21-233,PIT,@,PHI,L,0,0,0,2,0,0,0,0,0,,,,0,,16,13:36,1,2,0,0,
100,2008-12-18,31,21-238,PIT,@,ATL,W,0,0,0,-1,0,0,0,0,0,,,,0,,24,17:41,2,0,0,0,
101,2008-12-20,32,21-240,PIT,,TOR,L,0,1,1,-1,0,0,0,0,0,,,,2,0.0,22,22:45,3,0,0,0,
102,2008-12-22,33,21-242,PIT,@,BUF,W,0,0,0,-1,0,0,0,0,0,,,,3,0.0,20,18:01,1,1,0,0,
103,2009-01-01,34,21-252,PIT,@,BOS,L,0,0,0,-2,0,0,0,0,0,,,,4,0.0,17,13:55,0,0,0,0,
104,2009-01-03,35,21-254,PIT,,FLA,L,0,0,0,-1,0,0,0,0,0,,,,1,0.0,24,21:07,2,1,0,0,
105,2009-01-05,36,21-256,PIT,@,NYR,L,0,0,0,-2,0,0,0,0,0,,,,1,0.0,19,20:54,1,1,0,0,
106,2009-01-06,37,21-257,PIT,,ATL,W,0,0,0,0,2,0,0,0,0,,,,1,0.0,19,14:44,1,1,0,0,
107,2009-01-08,38,21-259,PIT,@,NSH,L,0,0,0,1,0,0,0,0,0,,,,1,0.0,24,20:14,0,4,0,0,
108,2009-01-10,39,21-261,PIT,@,COL,L,0,0,0,1,0,0,0,0,0,,,,1,0.0,22,19:25,0,2,0,0,
109,2009-01-13,40,21-264,PIT,@,PHI,W,0,1,1,1,0,0,0,0,0,,,,1,0.0,27,25:34,2,2,0,0,
110,2009-01-14,41,21-265,PIT,,WSH,L,0,0,0,0,0,0,0,0,0,,,,1,0.0,25,20:23,2,2,0,0,
111,2009-01-18,42,21-269,PIT,,NYR,W,0,0,0,0,0,0,0,0,0,,,,2,0.0,22,21:18,0,0,0,0,
112,2009-01-20,43,21-271,PIT,,CAR,L,0,0,0,0,2,0,0,0,0,,,,1,0.0,22,24:15,1,2,0,0,
113,2009-01-28,44,21-279,PIT,,NYR,W,2,0,2,2,0,2,0,0,1,,,,5,40.0,24,22:05,3,0,0,0,
114,2009-01-30,45,21-281,PIT,@,NJD,L-OT,0,0,0,0,2,0,0,0,0,,,,0,,25,19:49,0,1,0,0,
115,2009-01-31,46,21-282,PIT,@,TOR,L,0,0,0,0,0,0,0,0,0,,,,0,,24,23:16,4,1,0,0,
116,2009-02-03,47,21-285,PIT,@,MTL,L,0,0,0,-1,0,0,0,0,0,,,,2,0.0,29,24:03,0,2,0,0,
117,2009-02-04,48,21-286,PIT,,TBL,W,0,0,0,0,0,0,0,0,0,,,,0,,29,26:24,1,0,0,0,
118,2009-02-06,49,21-288,PIT,,CBJ,W,2,0,2,1,0,1,1,0,0,,,,5,40.0,25,22:20,1,1,0,0,
119,2009-02-08,50,21-290,PIT,,DET,L,0,0,0,-1,0,0,0,0,0,,,,4,0.0,24,22:43,2,2,0,0,
120,2009-02-11,51,21-293,PIT,,SJS,W,0,0,0,1,0,0,0,0,0,,,,2,0.0,26,25:38,1,6,0,0,
121,2009-02-14,52,21-296,PIT,@,TOR,L,0,1,1,-3,0,0,0,0,0,,,,3,0.0,24,19:02,0,0,0,0,
122,2009-02-16,53,21-298,PIT,@,NYI,L-SO,0,0,0,-2,0,0,0,0,0,,,,1,0.0,25,21:21,1,4,0,0,
123,2009-02-25,54,21-307,PIT,,NYI,W,0,0,0,0,0,0,0,0,0,,,,4,0.0,21,20:45,2,1,0,0,
124,2009-02-27,55,21-309,PIT,@,CHI,W,0,0,0,0,0,0,0,0,0,,,,2,0.0,24,20:15,0,0,0,0,
125,2009-03-01,56,21-311,PIT,@,DAL,W,1,0,1,1,0,1,0,0,1,,,,2,50.0,20,19:18,2,2,0,0,
126,2009-03-03,57,21-313,PIT,@,TBL,W,0,0,0,0,0,0,0,0,0,,,,1,0.0,23,20:05,4,2,0,0,
127,2009-03-05,58,21-315,PIT,@,FLA,W,1,0,1,3,0,1,0,0,0,,,,5,20.0,25,21:41,0,0,0,0,
128,2009-03-08,59,21-318,PIT,@,WSH,W,0,2,2,-1,2,0,0,0,0,,,,0,,23,18:02,2,1,0,0,
129,2009-03-10,60,21-320,PIT,,FLA,W,0,1,1,1,0,0,0,0,0,,,,3,0.0,22,21:26,1,2,0,0,
130,2009-03-12,61,21-322,PIT,@,CBJ,L-SO,0,0,0,-2,2,0,0,0,0,,,,3,0.0,24,16:06,2,0,0,0,
131,2009-03-14,62,21-324,PIT,,OTT,L-SO,0,0,0,-1,0,0,0,0,0,,,,1,0.0,21,18:10,3,1,0,0,
132,2009-03-15,63,21-325,PIT,,BOS,W,0,1,1,-1,0,0,0,0,0,,,,1,0.0,23,19:30,2,0,0,0,
133,2009-03-17,64,21-327,PIT,,ATL,W,0,2,2,2,0,0,0,0,0,,,,2,0.0,22,20:15,0,3,0,0,
134,2009-03-20,65,21-330,PIT,,LAK,W,0,0,0,0,2,0,0,0,0,,,,2,0.0,20,17:56,0,2,0,0,
135,2009-03-22,66,21-332,PIT,,PHI,L,1,0,1,-1,0,0,1,0,0,,,,4,25.0,22,21:13,0,3,0,0,
136,2009-03-25,67,21-335,PIT,,CGY,W,1,0,1,0,0,0,1,0,1,,,,3,33.3,17,14:55,4,0,0,0,
137,2009-03-28,68,21-338,PIT,,NYR,W,0,0,0,-1,0,0,0,0,0,,,,1,0.0,22,23:22,0,1,0,0,
138,2009-04-01,69,21-342,PIT,,NJD,W,0,1,1,-1,2,0,0,0,0,,,,1,0.0,24,20:29,2,2,0,0,
139,2009-04-04,70,21-345,PIT,@,CAR,L-OT,0,0,0,0,0,0,0,0,0,,,,1,0.0,20,21:04,2,3,0,1,0.0
140,2009-04-05,71,21-346,PIT,@,FLA,L,0,1,1,-1,0,0,0,0,0,,,,4,0.0,26,21:13,1,1,0,0,
141,2009-04-07,72,21-348,PIT,@,TBL,W,0,1,1,0,0,0,0,0,0,,,,0,,20,17:22,1,0,0,0,
142,2009-04-09,73,21-350,PIT,,NYI,W,0,0,0,1,0,0,0,0,0,,,,3,0.0,20,17:28,1,2,0,0,
143,2009-04-11,74,21-352,PIT,@,MTL,W,1,0,1,0,0,0,0,1,0,,,,2,50.0,21,19:19,4,0,0,0,
144,2009-10-02,1,22-161,PIT,,NYR,W,0,1,1,1,0,0,0,0,0,,,,1,0.0,23,18:52,2,4,0,0,
145,2009-10-03,2,22-162,PIT,@,NYI,W,0,1,1,1,0,0,0,0,0,,,,1,0.0,30,20:56,3,2,0,0,
146,2009-10-07,3,22-166,PIT,,PHX,L,0,0,0,-1,0,0,0,0,0,,,,2,0.0,23,22:48,2,1,0,0,
147,2009-10-08,4,22-167,PIT,@,PHI,W,0,1,1,1,2,0,0,0,0,,,,2,0.0,27,20:04,0,1,0,0,
148,2009-10-10,5,22-169,PIT,@,TOR,W,0,0,0,0,0,0,0,0,0,,,,2,0.0,27,19:33,3,1,0,0,
149,2009-10-12,6,22-171,PIT,@,OTT,W,0,0,0,2,2,0,0,0,0,,,,3,0.0,23,21:07,1,1,0,0,
150,2009-10-14,7,22-173,PIT,@,CAR,W,0,0,0,-1,0,0,0,0,0,,,,2,0.0,26,24:41,0,,,,
151,2009-10-17,8,22-176,PIT,,TBL,W,0,0,0,0,0,0,0,0,0,,,,2,0.0,21,17:11,3,0,0,0,
152,2009-10-20,9,22-179,PIT,,STL,W,0,2,2,0,0,0,0,0,0,,,,0,,24,21:50,2,1,0,0,
153,2009-10-23,10,22-182,PIT,,FLA,W,0,0,0,0,0,0,0,0,0,,,,4,0.0,27,24:19,2,3,0,0,
154,2009-10-24,11,22-183,PIT,,NJD,L,0,0,0,-1,0,0,0,0,0,,,,1,0.0,21,25:16,3,0,0,0,
155,2009-10-28,12,22-187,PIT,,MTL,W,0,0,0,1,0,0,0,0,0,,,,2,0.0,26,23:46,0,2,0,0,
156,2009-10-30,13,22-189,PIT,@,CBJ,W,0,0,0,0,0,0,0,0,0,,,,2,0.0,30,25:20,2,0,0,0,
157,2009-10-31,14,22-190,PIT,,MIN,L,0,0,0,-1,2,0,0,0,0,,,,4,0.0,28,25:15,2,1,0,0,
158,2009-11-03,15,22-193,PIT,@,ANA,W,1,1,2,0,0,1,0,0,0,,,,3,33.3,24,23:46,1,3,0,0,
159,2009-11-05,16,22-195,PIT,@,LAK,L,0,0,0,0,0,0,0,0,0,,,,3,0.0,22,24:49,2,1,0,0,
160,2009-11-07,17,22-197,PIT,@,SJS,L,0,0,0,-1,0,0,0,0,0,,,,0,,5,3:38,0,0,0,0,
161,2009-11-28,18,22-218,PIT,,NYR,W,0,2,2,2,0,0,0,0,0,,,,3,0.0,22,18:04,0,1,0,0,
162,2009-11-30,19,22-220,PIT,@,NYR,W,0,0,0,1,0,0,0,0,0,,,,4,0.0,26,23:55,5,1,0,0,
163,2009-12-03,20,22-223,PIT,,COL,W,0,0,0,1,0,0,0,0,0,,,,4,0.0,24,22:21,3,1,0,0,
164,2009-12-05,21,22-225,PIT,,CHI,L-OT,0,0,0,0,0,0,0,0,0,,,,0,,26,22:15,7,1,0,0,
165,2009-12-07,22,22-227,PIT,,CAR,L,0,1,1,1,0,0,0,0,0,,,,1,0.0,27,24:16,0,0,0,0,
166,2009-12-10,23,22-230,PIT,@,MTL,W,0,0,0,0,0,0,0,0,0,,,,2,0.0,28,22:19,3,0,0,0,
167,2009-12-12,24,22-232,PIT,,FLA,W,0,0,0,-1,0,0,0,0,0,,,,1,0.0,24,18:19,2,0,0,0,
168,2009-12-15,25,22-235,PIT,,PHI,W,0,1,1,2,0,0,0,0,0,,,,5,0.0,23,17:49,1,0,0,0,
169,2009-12-17,26,22-237,PIT,@,PHI,W,0,0,0,0,0,0,0,0,0,,,,1,0.0,27,18:47,2,1,0,0,
170,2009-12-19,27,22-239,PIT,@,BUF,W,0,0,0,0,2,0,0,0,0,,,,2,0.0,24,20:02,1,1,0,0,
171,2009-12-21,28,22-241,PIT,,NJD,L,0,0,0,-1,0,0,0,0,0,,,,0,,20,20:18,0,1,0,0,
172,2009-12-23,29,22-243,PIT,,OTT,W,0,0,0,0,0,0,0,0,0,,,,3,0.0,23,22:13,2,1,0,0,
173,2009-12-27,30,22-247,PIT,,TOR,L,0,0,0,0,0,0,0,0,0,,,,0,,26,21:23,1,2,0,0,
174,2009-12-29,31,22-249,PIT,@,BUF,L,0,1,1,1,0,0,0,0,0,,,,2,0.0,20,17:26,0,1,0,0,
175,2009-12-30,32,22-250,PIT,@,NJD,L,0,0,0,0,0,0,0,0,0,,,,2,0.0,23,18:28,0,2,0,0,
176,2010-01-02,33,22-253,PIT,@,TBL,L,0,0,0,0,2,0,0,0,0,,,,4,0.0,27,20:24,2,0,0,0,
177,2010-01-03,34,22-254,PIT,@,FLA,L,0,0,0,-3,0,0,0,0,0,,,,2,0.0,25,23:07,1,0,0,0,
178,2010-01-05,35,22-256,PIT,,ATL,W,1,0,1,2,0,1,0,0,0,,,,2,50.0,26,24:43,4,0,0,0,
179,2010-01-07,36,22-258,PIT,,PHI,L,0,1,1,1,2,0,0,0,0,,,,4,0.0,30,23:12,4,0,0,0,
180,2010-01-09,37,22-260,PIT,@,TOR,W,0,0,0,0,2,0,0,0,0,,,,2,0.0,31,25:18,4,8,0,0,
181,2010-01-11,38,22-262,PIT,@,MIN,L,0,0,0,0,0,0,0,0,0,,,,2,0.0,29,24:49,1,0,0,0,
182,2010-01-13,39,22-264,PIT,@,CGY,W,0,0,0,0,0,0,0,0,0,,,,1,0.0,29,20:14,1,0,0,0,
183,2010-01-14,40,22-265,PIT,@,EDM,W,0,1,1,1,0,0,0,0,0,,,,3,0.0,24,21:10,0,2,0,0,
184,2010-01-16,41,22-267,PIT,@,VAN,L,0,0,0,-1,0,0,0,0,0,,,,2,0.0,28,23:05,0,4,0,0,
185,2010-01-19,42,22-270,PIT,,NYI,W,0,1,1,1,2,0,0,0,0,,,,4,0.0,26,19:34,0,1,0,0,
186,2010-01-21,43,22-272,PIT,,WSH,L,1,0,1,-1,2,1,0,0,0,,,,3,33.3,27,20:58,2,1,0,0,
187,2010-01-24,44,22-275,PIT,@,PHI,W,0,0,0,0,9,0,0,0,0,,,,1,0.0,24,18:55,3,1,0,0,
188,2010-01-25,45,22-276,PIT,@,NYR,W,0,2,2,-1,0,0,0,0,0,,,,3,0.0,29,20:38,4,1,0,0,
189,2010-01-28,46,22-279,PIT,,OTT,L,0,0,0,-1,0,0,0,0,0,,,,4,0.0,23,21:01,4,0,0,0,
190,2010-01-31,47,22-282,PIT,,DET,W,0,0,0,-1,0,0,0,0,0,,,,6,0.0,28,22:08,0,3,0,0,
191,2010-02-01,48,22-283,PIT,,BUF,W,0,2,2,3,2,0,0,0,0,,,,3,0.0,29,24:34,0,3,0,0,
192,2010-02-06,49,22-288,PIT,@,MTL,L,0,0,0,-3,0,0,0,0,0,,,,2,0.0,23,19:04,0,2,0,0,
193,2010-02-07,50,22-289,PIT,@,WSH,L-OT,0,0,0,-1,2,0,0,0,0,,,,5,0.0,32,23:08,2,2,0,0,
194,2010-02-10,51,22-292,PIT,,NYI,W,0,0,0,-1,2,0,0,0,0,,,,2,0.0,25,21:56,0,2,0,0,
195,2010-02-12,52,22-294,PIT,,NYR,L-OT,0,0,0,0,0,0,0,0,0,,,,4,0.0,23,21:41,0,1,0,0,
196,2010-02-14,53,22-296,PIT,,NSH,L-SO,0,1,1,1,0,0,0,0,0,,,,1,0.0,23,21:23,2,0,0,0,
197,2010-03-02,54,22-312,PIT,,BUF,W,0,1,1,0,2,0,0,0,0,,,,3,0.0,29,21:28,2,3,0,0,
198,2010-03-04,55,22-314,PIT,@,NYR,W,0,0,0,2,0,0,0,0,0,,,,2,0.0,26,20:06,2,3,0,0,
199,2010-03-06,56,22-316,PIT,,DAL,W,0,2,2,1,2,0,0,0,0,,,,1,0.0,25,20:13,4,0,0,0,
200,2010-03-07,57,22-317,PIT,,BOS,W,0,0,0,1,0,0,0,0,0,,,,3,0.0,25,20:32,2,2,0,0,
201,2010-03-11,58,22-321,PIT,@,CAR,L-OT,0,0,0,-3,0,0,0,0,0,,,,0,,26,18:54,1,0,0,0,
202,2010-03-12,59,22-322,PIT,@,NJD,L,0,0,0,0,4,0,0,0,0,,,,2,0.0,24,23:25,3,2,0,0,
203,2010-03-14,60,22-324,PIT,@,TBL,W,0,0,0,-1,0,0,0,0,0,,,,3,0.0,26,22:44,1,0,0,0,
204,2010-03-17,61,22-327,PIT,@,NJD,L,0,1,1,-1,2,0,0,0,0,,,,1,0.0,21,20:57,0,2,0,0,
205,2010-03-18,62,22-328,PIT,@,BOS,W,0,1,1,2,0,0,0,0,0,,,,3,0.0,26,21:35,1,3,0,0,
206,2010-03-20,63,22-330,PIT,,CAR,L-OT,0,0,0,-1,0,0,0,0,0,,,,2,0.0,28,22:39,0,1,0,0,
207,2010-03-22,64,22-332,PIT,@,DET,L,0,0,0,0,0,0,0,0,0,,,,4,0.0,24,20:23,2,3,0,0,
208,2010-03-24,65,22-334,PIT,@,WSH,L-SO,0,0,0,-1,2,0,0,0,0,,,,2,0.0,26,24:55,2,3,0,0,
209,2010-03-27,66,22-337,PIT,,PHI,W,0,0,0,1,0,0,0,0,0,,,,5,0.0,27,26:11,1,1,0,0,
210,2010-03-28,67,22-338,PIT,,TOR,W,0,0,0,0,2,0,0,0,0,,,,9,0.0,29,24:31,0,3,0,0,
211,2010-03-31,68,22-341,PIT,,TBL,L,0,0,0,-1,0,0,0,0,0,,,,2,0.0,27,26:46,2,0,0,0,
212,2010-04-03,69,22-344,PIT,,ATL,W,0,0,0,1,0,0,0,0,0,,,,5,0.0,25,21:26,3,0,0,0,
213,2010-04-06,70,22-347,PIT,,WSH,L,0,0,0,-3,0,0,0,0,0,,,,1,0.0,25,20:27,0,0,0,0,
214,2010-04-08,71,22-349,PIT,,NYI,W,0,0,0,1,2,0,0,0,0,,,,1,0.0,28,18:51,1,2,0,0,
215,2010-04-10,72,22-351,PIT,@,ATL,L,0,0,0,0,0,0,0,0,0,,,,0,,25,22:45,0,2,0,0,
216,2010-04-11,73,22-352,PIT,@,NYI,W,0,0,0,0,2,0,0,0,0,,,,1,0.0,28,22:59,0,0,0,0,
217,2010-10-07,1,23-166,PIT,,PHI,L,0,1,1,0,0,0,0,0,0,,,,3,0.0,28,23:04,1,0,0,0,
218,2010-10-09,2,23-168,PIT,,MTL,L,0,0,0,0,0,0,0,0,0,,,,3,0.0,22,21:24,2,0,0,0,
219,2010-10-11,3,23-170,PIT,@,NJD,W,0,1,1,1,0,0,0,0,0,,,,0,,28,25:18,1,1,0,0,
220,2010-10-13,4,23-172,PIT,,TOR,L,0,0,0,0,2,0,0,0,0,,,,1,0.0,26,25:32,3,0,0,0,
221,2010-10-15,5,23-174,PIT,,NYI,W,0,0,0,2,15,0,0,0,0,,,,2,0.0,12,10:55,1,0,0,0,
222,2010-10-16,6,23-175,PIT,@,PHI,W,0,2,2,2,0,0,0,0,0,,,,2,0.0,28,27:29,3,3,1,0,100.0
223,2010-10-18,7,23-177,PIT,,OTT,W,1,0,1,2,0,1,0,0,0,,,,4,25.0,28,24:01,1,2,0,0,
224,2010-10-21,8,23-180,PIT,@,NSH,W,1,2,3,2,0,1,0,0,1,,,,4,25.0,27,26:35,0,1,0,0,
225,2010-10-23,9,23-182,PIT,@,STL,L-OT,0,0,0,-1,0,0,0,0,0,,,,3,0.0,28,23:08,3,1,0,0,
226,2010-10-27,10,23-186,PIT,@,TBL,L,0,1,1,-1,0,0,0,0,0,,,,3,0.0,24,20:33,2,0,0,0,
227,2010-10-29,11,23-188,PIT,,PHI,L,1,1,2,1,0,1,0,0,0,,,,2,50.0,31,26:09,0,1,0,0,
228,2010-10-30,12,23-189,PIT,@,CAR,W,0,0,0,0,0,0,0,0,0,,,,0,,12,9:44,1,0,0,0,
229,2010-11-03,13,23-193,PIT,@,DAL,L,0,0,0,-2,9,0,0,0,0,,,,1,0.0,24,17:53,1,0,0,0,
230,2010-11-05,14,23-195,PIT,@,ANA,L,0,2,2,1,0,0,0,0,0,,,,1,0.0,25,26:20,0,1,0,0,
231,2010-11-06,15,23-196,PIT,@,PHX,W,0,0,0,0,0,0,0,0,0,,,,4,0.0,29,25:32,0,1,0,0,
232,2010-11-10,16,23-200,PIT,,BOS,L,0,2,2,-1,2,0,0,0,0,,,,3,0.0,28,24:31,3,1,0,0,
233,2010-11-12,17,23-202,PIT,,TBL,W,0,1,1,2,2,0,0,0,0,,,,2,0.0,28,23:50,3,0,0,0,
234,2010-11-13,18,23-203,PIT,@,ATL,W,0,1,1,1,0,0,0,0,0,,,,2,0.0,25,24:23,0,3,0,0,
235,2010-11-15,19,23-205,PIT,,NYR,L-OT,0,0,0,0,0,0,0,0,0,,,,5,0.0,24,31:41,3,2,0,0,
236,2010-11-17,20,23-207,PIT,,VAN,W,0,0,0,-1,0,0,0,0,0,,,,2,0.0,23,18:31,1,5,0,0,
237,2010-11-19,21,23-209,PIT,,CAR,W,0,1,1,1,0,0,0,0,0,,,,3,0.0,29,26:39,2,1,0,0,
238,2010-11-22,22,23-212,PIT,@,FLA,W,1,0,1,0,0,0,1,0,0,,,,3,33.3,21,22:40,3,0,0,0,
239,2010-11-24,23,23-214,PIT,@,BUF,W,0,0,0,1,0,0,0,0,0,,,,6,0.0,26,26:04,2,0,0,0,
240,2010-11-26,24,23-216,PIT,,OTT,W,0,0,0,0,0,0,0,0,0,,,,1,0.0,27,23:14,0,1,0,0,
241,2010-11-27,25,23-217,PIT,,CGY,W,0,3,3,1,2,0,0,0,0,,,,3,0.0,24,21:03,1,2,0,0,
242,2010-11-29,26,23-219,PIT,@,NYR,W,1,0,1,1,2,1,0,0,1,,,,2,50.0,24,20:26,5,2,0,0,
243,2010-12-02,27,23-222,PIT,,ATL,W,0,1,1,1,2,0,0,0,0,,,,5,0.0,22,21:15,0,2,0,0,
244,2010-12-04,28,23-224,PIT,@,CBJ,W,0,2,2,1,0,0,0,0,0,,,,2,0.0,22,22:53,1,0,0,0,
245,2010-12-06,29,23-226,PIT,,NJD,W,0,0,0,1,0,0,0,0,0,,,,7,0.0,24,24:44,2,1,0,0,
246,2010-12-08,30,23-228,PIT,,TOR,W,0,0,0,1,0,0,0,0,0,,,,3,0.0,27,24:17,3,1,0,0,
247,2010-12-11,31,23-231,PIT,@,BUF,W,0,0,0,2,2,0,0,0,0,,,,1,0.0,24,24:10,0,0,0,0,
248,2010-12-14,32,23-234,PIT,@,PHI,L,0,1,1,-1,0,0,0,0,0,,,,3,0.0,25,26:10,4,0,0,0,
249,2010-12-15,33,23-235,PIT,,NYR,L,0,0,0,0,2,0,0,0,0,,,,4,0.0,25,23:28,3,0,0,0,
250,2010-12-20,34,23-240,PIT,,PHX,W,1,1,2,1,2,0,1,0,0,,,,2,50.0,26,23:19,4,0,0,0,
251,2010-12-22,35,23-242,PIT,,FLA,W,0,1,1,0,2,0,0,0,0,,,,5,0.0,24,24:35,5,0,0,0,
252,2010-12-23,36,23-243,PIT,@,WSH,W,0,1,1,0,0,0,0,0,0,,,,4,0.0,29,27:26,5,3,0,0,
253,2010-12-26,37,23-246,PIT,@,OTT,L,0,0,0,0,2,0,0,0,0,,,,7,0.0,24,24:27,3,2,0,0,
254,2010-12-28,38,23-248,PIT,,ATL,W,0,1,1,1,2,0,0,0,0,,,,2,0.0,25,23:26,1,0,0,0,
255,2010-12-29,39,23-249,PIT,@,NYI,L-SO,0,0,0,0,2,0,0,0,0,,,,3,0.0,28,25:56,3,0,0,0,
256,2011-01-01,40,23-252,PIT,,WSH,L,0,1,1,1,0,0,0,0,0,,,,7,0.0,25,27:06,1,2,0,0,
257,2011-01-05,41,23-256,PIT,,TBL,W,0,3,3,3,0,0,0,0,0,,,,3,0.0,22,21:48,1,2,0,0,
258,2011-01-06,42,23-257,PIT,@,MTL,L-SO,0,0,0,0,0,0,0,0,0,,,,3,0.0,29,26:54,1,0,0,0,
259,2011-01-08,43,23-259,PIT,,MIN,L,0,0,0,-2,0,0,0,0,0,,,,3,0.0,23,25:48,2,1,0,0,
260,2011-01-10,44,23-261,PIT,,BOS,L,1,0,1,-1,2,0,1,0,0,,,,3,33.3,26,26:56,2,3,0,0,
261,2011-01-12,45,23-263,PIT,@,MTL,W,0,3,3,0,2,0,0,0,0,,,,3,0.0,23,26:05,1,4,0,0,
262,2011-01-15,46,23-266,PIT,@,BOS,W,0,0,0,1,0,0,0,0,0,,,,4,0.0,25,25:25,2,1,0,0,
263,2011-01-18,47,23-269,PIT,,DET,W,0,0,0,1,2,0,0,0,0,,,,1,0.0,25,22:48,2,1,0,0,
264,2011-01-20,48,23-271,PIT,@,NJD,L,0,0,0,-1,0,0,0,0,0,,,,1,0.0,25,24:14,1,0,0,0,
265,2011-01-22,49,23-273,PIT,,CAR,W,0,1,1,1,0,0,0,0,0,,,,2,0.0,27,26:11,5,1,0,0,
266,2011-01-25,50,23-276,PIT,,NYI,W,0,0,0,0,2,0,0,0,0,,,,5,0.0,22,24:27,3,1,0,0,
267,2011-02-01,51,23-283,PIT,@,NYR,W,0,0,0,-1,2,0,0,0,0,,,,0,,34,25:25,6,1,0,0,
268,2011-02-02,52,23-284,PIT,,NYI,W,0,0,0,1,0,0,0,0,0,,,,1,0.0,20,21:23,2,3,0,0,
269,2011-02-04,53,23-286,PIT,,BUF,W,0,0,0,1,2,0,0,0,0,,,,7,0.0,22,23:59,2,1,0,0,
270,2011-02-06,54,23-288,PIT,@,WSH,L,0,0,0,-2,0,0,0,0,0,,,,2,0.0,25,22:17,2,2,0,0,
271,2011-02-08,55,23-290,PIT,,CBJ,L,0,0,0,-3,0,0,0,0,0,,,,1,0.0,20,17:58,1,2,0,0,
272,2011-02-10,56,23-292,PIT,,LAK,W,0,0,0,1,0,0,0,0,0,,,,1,0.0,29,27:01,6,4,0,0,
273,2011-02-11,57,23-293,PIT,@,NYI,L,1,1,2,-3,12,0,1,0,0,,,,5,20.0,23,18:55,3,0,0,0,
274,2011-02-13,58,23-295,PIT,@,NYR,L,0,1,1,-1,2,0,0,0,0,,,,5,0.0,25,23:53,2,3,0,0,
275,2011-02-16,59,23-298,PIT,@,COL,W,0,1,1,1,0,0,0,0,0,,,,1,0.0,25,24:22,1,0,0,0,
276,2011-02-20,60,23-302,PIT,@,CHI,L-SO,0,0,0,-1,2,0,0,0,0,,,,4,0.0,31,26:45,5,1,0,0,
277,2011-02-21,61,23-303,PIT,,WSH,L,0,0,0,0,0,0,0,0,0,,,,3,0.0,26,27:45,2,4,0,0,
278,2011-02-23,62,23-305,PIT,,SJS,L-OT,0,0,0,0,0,0,0,0,0,,,,4,0.0,30,31:21,3,4,0,0,
279,2011-02-25,63,23-307,PIT,@,CAR,L,0,0,0,-2,0,0,0,0,0,,,,5,0.0,24,25:44,2,2,0,0,
280,2011-02-26,64,23-308,PIT,@,TOR,W,0,1,1,0,0,0,0,0,0,,,,3,0.0,34,32:47,1,0,0,0,
281,2011-03-02,65,23-312,PIT,@,TOR,L-OT,0,0,0,-3,2,0,0,0,0,,,,1,0.0,26,24:07,3,2,0,0,
282,2011-03-04,66,23-314,PIT,@,NJD,L-OT,0,0,0,0,15,0,0,0,0,,,,0,,4,1:57,2,0,0,0,
283,2011-03-05,67,23-315,PIT,@,BOS,W,0,0,0,0,0,0,0,0,0,,,,3,0.0,28,26:57,0,3,0,0,
284,2011-03-08,68,23-318,PIT,,BUF,W,0,0,0,0,0,0,0,0,0,,,,3,0.0,25,29:16,4,3,0,0,
285,2011-03-12,69,23-322,PIT,,MTL,L,0,0,0,-1,0,0,0,0,0,,,,4,0.0,24,25:19,0,2,0,0,
286,2011-03-13,70,23-323,PIT,,EDM,W,0,0,0,1,0,0,0,0,0,,,,1,0.0,24,25:37,0,3,0,0,
287,2011-03-15,71,23-325,PIT,@,OTT,W,0,0,0,2,0,0,0,0,0,,,,2,0.0,23,24:50,1,0,0,0,
288,2011-03-20,72,23-330,PIT,,NYR,L,0,0,0,0,0,0,0,0,0,,,,1,0.0,23,25:22,1,1,0,0,
289,2011-03-21,73,23-331,PIT,@,DET,W,0,1,1,2,2,0,0,0,0,,,,1,0.0,32,28:39,5,0,0,0,
290,2011-03-24,74,23-334,PIT,@,PHI,W,0,1,1,0,0,0,0,0,0,,,,4,0.0,29,27:56,2,1,0,0,
291,2011-03-25,75,23-335,PIT,,NJD,W,0,0,0,0,2,0,0,0,0,,,,3,0.0,25,26:03,3,3,0,0,
292,2011-03-27,76,23-337,PIT,,FLA,W,0,0,0,-1,0,0,0,0,0,,,,2,0.0,30,26:22,1,3,0,0,
293,2011-03-29,77,23-339,PIT,,PHI,L,0,1,1,1,0,0,0,0,0,,,,7,0.0,21,21:47,3,1,0,0,
294,2011-03-31,78,23-341,PIT,@,TBL,L,0,0,0,-1,0,0,0,0,0,,,,7,0.0,24,24:35,2,1,0,0,
295,2011-04-02,79,23-343,PIT,@,FLA,W,0,0,0,2,2,0,0,0,0,,,,1,0.0,22,22:09,2,1,0,0,
296,2011-04-05,80,23-346,PIT,,NJD,W,0,0,0,0,0,0,0,0,0,,,,1,0.0,26,25:15,1,1,0,0,
297,2011-04-08,81,23-349,PIT,@,NYI,W,0,1,1,-1,0,0,0,0,0,,,,4,0.0,25,26:07,1,1,0,0,
298,2011-04-10,82,23-351,PIT,@,ATL,W,0,0,0,1,0,0,0,0,0,,,,1,0.0,19,18:25,1,3,0,0,
299,2011-10-06,1,24-165,PIT,@,VAN,W,0,2,2,1,2,0,0,0,0,,,,1,0.0,30,27:06,2,1,0,0,
300,2011-10-08,2,24-167,PIT,@,CGY,W,0,2,2,0,2,0,0,0,0,,,,3,0.0,29,25:02,0,4,0,0,
301,2011-10-09,3,24-168,PIT,@,EDM,L-SO,1,0,1,0,0,0,1,0,0,,,,6,16.7,33,29:16,1,2,0,0,
302,2011-10-11,4,24-170,PIT,,FLA,W,0,1,1,3,2,0,0,0,0,,,,2,0.0,26,25:48,2,1,0,0,
303,2011-10-13,5,24-172,PIT,,WSH,L-OT,0,0,0,-1,0,0,0,0,0,,,,1,0.0,24,28:04,0,2,0,0,
304,2011-10-15,6,24-174,PIT,,BUF,L,0,0,0,0,0,0,0,0,0,,,,2,0.0,23,23:20,0,1,0,0,
305,2011-10-17,7,24-176,PIT,@,WPG,L,0,1,1,0,2,0,0,0,0,,,,3,0.0,24,23:37,2,1,0,0,
306,2011-10-22,8,24-181,PIT,,NJD,W,0,1,1,0,0,0,0,0,0,,,,4,0.0,23,23:35,2,1,0,0,
307,2011-10-25,9,24-184,PIT,@,NYI,W,0,0,0,2,0,0,0,0,0,,,,1,0.0,25,24:43,4,3,0,0,
308,2011-10-27,10,24-186,PIT,,NYI,W,0,1,1,1,0,0,0,0,0,,,,1,0.0,32,30:16,0,1,0,0,
309,2011-10-29,11,24-188,PIT,@,TOR,L,0,2,2,-1,0,0,0,0,0,,,,4,0.0,25,25:56,0,3,0,0,
310,2011-11-03,12,24-193,PIT,@,SJS,L-SO,0,1,1,0,0,0,0,0,0,,,,5,0.0,31,33:56,1,2,0,0,
311,2011-11-05,13,24-195,PIT,@,LAK,W,0,1,1,-1,2,0,0,0,0,,,,2,0.0,29,32:33,7,1,0,0,
312,2011-11-11,14,24-201,PIT,,DAL,W,0,1,1,-1,0,0,0,0,0,,,,1,0.0,25,26:44,1,3,0,0,
313,2011-11-12,15,24-202,PIT,@,CAR,L,0,0,0,-2,0,0,0,0,0,,,,5,0.0,26,26:56,1,1,0,0,
314,2011-11-15,16,24-205,PIT,,COL,W,1,1,2,1,0,1,0,0,0,,,,4,25.0,25,24:12,3,2,0,0,
315,2011-11-17,17,24-207,PIT,@,TBL,L,0,0,0,-1,2,0,0,0,0,,,,4,0.0,23,23:33,0,0,0,0,
316,2011-11-19,18,24-209,PIT,@,FLA,L,0,0,0,0,0,0,0,0,0,,,,2,0.0,23,23:56,1,0,0,0,
317,2011-11-21,19,24-211,PIT,,NYI,W,0,1,1,2,0,0,0,0,0,,,,2,0.0,26,24:09,1,2,0,0,
318,2011-11-23,20,24-213,PIT,,STL,L-OT,0,0,0,0,0,0,0,0,0,,,,3,0.0,32,26:48,2,0,0,0,
319,2011-11-25,21,24-215,PIT,,OTT,W,0,1,1,0,0,0,0,0,0,,,,2,0.0,23,21:50,2,3,0,0,
320,2011-11-26,22,24-216,PIT,@,MTL,W,1,0,1,2,0,1,0,0,1,,,,6,16.7,26,24:36,5,1,0,0,
321,2012-01-19,23,24-270,PIT,@,NYR,W,0,1,1,2,0,0,0,0,0,,,,3,0.0,27,24:17,3,2,0,0,
322,2012-01-20,24,24-271,PIT,,MTL,W,1,1,2,2,2,1,0,0,0,,,,4,25.0,29,28:14,0,1,0,0,
323,2012-01-22,25,24-273,PIT,,WSH,W,1,0,1,0,0,0,1,0,0,,,,3,33.3,30,27:09,0,4,0,0,
324,2012-01-24,26,24-275,PIT,@,STL,W,0,0,0,-1,0,0,0,0,0,,,,2,0.0,25,24:27,3,0,0,0,
325,2012-01-31,27,24-282,PIT,,TOR,W,0,0,0,1,0,0,0,0,0,,,,2,0.0,29,24:41,0,3,0,0,
326,2012-02-01,28,24-283,PIT,@,TOR,L,0,0,0,-1,4,0,0,0,0,,,,1,0.0,25,25:00,3,5,0,0,
327,2012-02-04,29,24-286,PIT,@,BOS,W,0,0,0,0,2,0,0,0,0,,,,1,0.0,25,25:51,0,3,0,0,
328,2012-02-05,30,24-287,PIT,@,NJD,L,0,0,0,-3,0,0,0,0,0,,,,3,0.0,22,22:19,2,0,0,0,
329,2012-02-07,31,24-289,PIT,@,MTL,L-SO,0,0,0,-1,0,0,0,0,0,,,,1,0.0,24,27:31,2,0,0,0,
330,2012-02-11,32,24-293,PIT,,WPG,W,2,1,3,3,2,1,1,0,0,,,,3,66.7,26,24:45,1,3,0,0,
331,2012-02-12,33,24-294,PIT,,TBL,W,1,2,3,2,0,1,0,0,1,,,,2,50.0,25,23:11,0,2,0,0,
332,2012-02-15,34,24-297,PIT,,ANA,L,0,0,0,-1,0,0,0,0,0,,,,4,0.0,25,23:43,3,2,0,0,
333,2012-02-18,35,24-300,PIT,@,PHI,W,0,0,0,2,0,0,0,0,0,,,,1,0.0,23,23:24,2,1,0,0,
334,2012-02-19,36,24-301,PIT,@,BUF,L,0,0,0,-4,0,0,0,0,0,,,,2,0.0,20,18:52,0,1,0,0,
335,2012-02-21,37,24-303,PIT,,NYR,W,0,1,1,1,0,0,0,0,0,,,,2,0.0,23,28:41,2,1,0,0,
336,2012-02-25,38,24-307,PIT,,TBL,W,0,0,0,2,0,0,0,0,0,,,,3,0.0,30,22:55,1,1,0,0,
337,2012-02-26,39,24-308,PIT,,CBJ,W,1,0,1,-2,0,0,1,0,1,,,,5,20.0,25,26:29,1,4,0,0,
338,2012-02-29,40,24-311,PIT,@,DAL,W,0,0,0,0,0,0,0,0,0,,,,1,0.0,5,5:02,0,0,0,0,
339,2012-03-15,41,24-326,PIT,@,NYR,W,0,1,1,5,0,0,0,0,0,,,,2,0.0,24,24:22,2,2,0,0,
340,2012-03-17,42,24-328,PIT,@,NJD,W,0,0,0,0,0,0,0,0,0,,,,6,0.0,25,22:34,2,1,0,0,
341,2012-03-18,43,24-329,PIT,@,PHI,L-OT,0,2,2,1,6,0,0,0,0,,,,6,0.0,29,24:12,3,2,0,0,
342,2012-03-20,44,24-331,PIT,,WPG,W,0,0,0,0,0,0,0,0,0,,,,2,0.0,25,24:25,0,3,0,0,
343,2012-03-22,45,24-333,PIT,,NSH,W,0,2,2,2,0,0,0,0,0,,,,0,,24,23:50,4,2,0,0,
344,2012-03-24,46,24-335,PIT,@,OTT,L,0,0,0,0,0,0,0,0,0,,,,6,0.0,24,24:00,1,2,0,0,
345,2012-03-25,47,24-336,PIT,,NJD,W,0,0,0,1,0,0,0,0,0,,,,3,0.0,24,22:10,5,1,0,0,
346,2012-04-01,48,24-343,PIT,,PHI,L,0,0,0,0,0,0,0,0,0,,,,2,0.0,30,27:58,3,3,0,0,
347,2012-04-03,49,24-345,PIT,@,BOS,W,0,3,3,0,0,0,0,0,0,,,,4,0.0,26,24:30,1,0,0,0,
348,2012-04-05,50,24-347,PIT,,NYR,W,1,1,2,3,4,0,0,1,0,,,,2,50.0,24,23:47,0,0,0,0,
349,2012-04-07,51,24-349,PIT,,PHI,W,0,1,1,2,2,0,0,0,0,,,,2,0.0,23,22:31,2,2,0,0,
350,2013-01-19,1,25-270,PIT,@,PHI,W,0,0,0,1,0,0,0,0,0,,,,3,0.0,26,27:03,0,2,0,0,
351,2013-01-20,2,25-271,PIT,@,NYR,W,1,1,2,1,0,1,0,0,0,,,,4,25.0,25,24:17,0,2,0,0,
352,2013-01-23,3,25-274,PIT,,TOR,L,0,1,1,-2,2,0,0,0,0,,,,1,0.0,29,27:31,0,1,0,0,
353,2013-01-25,4,25-276,PIT,@,WPG,L,0,1,1,-1,0,0,0,0,0,,,,0,,26,26:01,2,1,0,0,
354,2013-01-27,5,25-278,PIT,@,OTT,W,0,0,0,1,0,0,0,0,0,,,,4,0.0,31,29:10,1,1,0,0,
355,2013-01-29,6,25-280,PIT,,NYI,L,0,0,0,0,0,0,0,0,0,,,,1,0.0,22,23:46,1,3,0,0,
356,2013-01-31,7,25-282,PIT,@,NYR,W,0,1,1,2,0,0,0,0,0,,,,3,0.0,27,24:46,1,3,0,0,
357,2013-02-02,8,25-284,PIT,,NJD,W,1,0,1,2,0,1,0,0,0,,,,4,25.0,27,23:20,1,0,0,0,
358,2013-02-03,9,25-285,PIT,@,WSH,W,1,1,2,0,0,1,0,0,0,,,,4,25.0,23,19:57,3,1,0,0,
359,2013-02-05,10,25-287,PIT,@,NYI,W,0,1,1,0,0,0,0,0,0,,,,4,0.0,25,25:19,2,3,0,0,
360,2013-02-13,11,25-295,PIT,,OTT,W,0,0,0,0,0,0,0,0,0,,,,1,0.0,29,27:33,1,2,0,0,
361,2013-02-15,12,25-297,PIT,@,WPG,W,0,1,1,0,0,0,0,0,0,,,,1,0.0,25,27:54,1,2,0,0,
362,2013-02-17,13,25-299,PIT,@,BUF,W,0,1,1,1,0,0,0,0,0,,,,3,0.0,28,26:27,0,3,0,0,
363,2013-02-20,14,25-302,PIT,,PHI,L,0,1,1,0,2,0,0,0,0,,,,3,0.0,27,28:20,1,1,0,0,
364,2013-02-22,15,25-304,PIT,,FLA,W,0,1,1,1,0,0,0,0,0,,,,2,0.0,24,26:44,1,1,0,0,
365,2013-02-24,16,25-306,PIT,,TBL,W,0,2,2,1,0,0,0,0,0,,,,1,0.0,24,26:28,3,1,0,0,
366,2013-02-26,17,25-308,PIT,@,FLA,L,0,0,0,-1,2,0,0,0,0,,,,2,0.0,23,24:47,2,0,0,0,
367,2013-02-28,18,25-310,PIT,@,CAR,L,0,0,0,-1,2,0,0,0,0,,,,1,0.0,28,29:25,1,3,0,0,
368,2013-03-02,19,25-312,PIT,@,MTL,W,0,4,4,-2,0,0,0,0,0,,,,3,0.0,29,26:43,2,2,0,0,
369,2013-03-04,20,25-314,PIT,,TBL,W,0,2,2,2,0,0,0,0,0,,,,4,0.0,28,28:19,0,2,0,0,
370,2013-03-07,21,25-317,PIT,@,PHI,W,0,1,1,1,0,0,0,0,0,,,,0,,29,23:59,0,2,0,0,
371,2013-03-09,22,25-319,PIT,@,TOR,W,0,2,2,1,0,0,0,0,0,,,,4,0.0,25,30:23,1,2,0,0,
372,2013-03-10,23,25-320,PIT,,NYI,W,0,2,2,3,0,0,0,0,0,,,,2,0.0,24,23:31,1,2,0,0,
373,2013-03-12,24,25-322,PIT,,BOS,W,0,1,1,1,0,0,0,0,0,,,,8,0.0,28,27:49,3,1,0,0,
374,2013-03-14,25,25-324,PIT,@,TOR,W,0,0,0,1,0,0,0,0,0,,,,3,0.0,28,27:40,3,2,0,0,
375,2013-03-16,26,25-326,PIT,,NYR,W,0,1,1,0,0,0,0,0,0,,,,4,0.0,25,25:35,2,4,0,0,
376,2013-03-17,27,25-327,PIT,,BOS,W,0,0,0,-1,0,0,0,0,0,,,,1,0.0,8,7:03,0,1,0,0,
377,2013-03-26,28,25-336,PIT,,MTL,W,0,0,0,0,0,0,0,0,0,,,,2,0.0,26,24:20,3,0,0,0,
378,2013-04-11,29,25-352,PIT,@,TBL,W,0,1,1,1,0,0,0,0,0,,,,3,0.0,28,23:31,2,0,0,0,
379,2013-04-13,30,25-354,PIT,@,FLA,W,1,0,1,2,0,1,0,0,0,,,,2,50.0,28,28:19,1,1,0,0,
380,2013-04-17,31,25-358,PIT,,MTL,W,0,3,3,0,0,0,0,0,0,,,,3,0.0,22,28:55,1,0,0,0,
381,2013-04-20,32,25-361,PIT,@,BOS,W,1,0,1,-1,0,0,1,0,1,,,,4,25.0,28,24:24,2,3,0,0,
382,2013-04-23,33,25-364,PIT,,BUF,L,0,1,1,0,0,0,0,0,0,,,,5,0.0,23,28:16,0,6,0,0,
383,2013-04-25,34,26-001,PIT,@,NJD,L,0,1,1,0,0,0,0,0,0,,,,2,0.0,25,26:07,1,0,0,0,
384,2013-04-27,35,26-003,PIT,,CAR,W,0,2,2,3,0,0,0,0,0,,,,3,0.0,28,23:34,2,1,0,0,
385,2013-10-25,1,26-184,PIT,,NYI,L,0,0,0,-1,0,0,0,0,0,,,,3,0.0,22,25:32,0,2,0,0,
386,2013-10-26,2,26-185,PIT,@,TOR,L,1,0,1,-2,0,0,1,0,0,,,,5,20.0,27,25:40,2,0,0,0,
387,2013-10-28,3,26-187,PIT,@,CAR,W,0,0,0,0,0,0,0,0,0,,,,2,0.0,26,24:07,3,1,0,0,
388,2013-10-30,4,26-189,PIT,,BOS,W,0,1,1,-1,2,0,0,0,0,,,,2,0.0,27,23:29,2,2,0,0,
389,2013-11-01,5,26-191,PIT,,CBJ,W,1,0,1,-1,4,0,1,0,1,,,,1,100.0,24,21:52,3,1,0,0,
390,2013-11-02,6,26-192,PIT,@,CBJ,W,0,0,0,2,2,0,0,0,0,,,,2,0.0,25,23:23,1,0,0,0,
391,2013-11-06,7,26-196,PIT,@,NYR,L,1,0,1,-1,0,0,1,0,0,,,,3,33.3,22,22:56,1,1,0,0,
392,2013-11-09,8,26-199,PIT,@,STL,L,0,0,0,0,0,0,0,0,0,,,,3,0.0,28,29:04,2,0,0,0,
393,2013-11-13,9,26-203,PIT,,PHI,L,0,0,0,0,0,0,0,0,0,,,,5,0.0,27,28:37,1,1,0,0,
394,2013-11-15,10,26-205,PIT,,NSH,W,1,0,1,0,0,1,0,0,0,,,,6,16.7,23,22:40,0,0,0,0,
395,2013-11-16,11,26-206,PIT,@,NJD,L,0,0,0,-3,0,0,0,0,0,,,,1,0.0,28,26:11,0,3,0,0,
396,2013-11-18,12,26-208,PIT,,ANA,W,0,0,0,1,0,0,0,0,0,,,,2,0.0,24,24:38,0,0,0,0,
397,2013-11-20,13,26-210,PIT,@,WSH,W,0,0,0,1,0,0,0,0,0,,,,6,0.0,23,23:02,0,2,0,0,
398,2013-11-22,14,26-212,PIT,,NYI,W,0,0,0,-1,0,0,0,0,0,,,,3,0.0,27,24:28,0,1,0,0,
399,2013-11-23,15,26-213,PIT,@,MTL,L,0,0,0,-2,0,0,0,0,0,,,,2,0.0,25,24:17,0,2,0,0,
400,2013-11-25,16,26-215,PIT,@,BOS,L-OT,0,0,0,2,0,0,0,0,0,,,,2,0.0,24,25:27,0,0,0,0,
401,2013-11-27,17,26-217,PIT,,TOR,W,1,2,3,-2,0,0,1,0,0,,,,3,33.3,27,23:33,0,3,0,0,
402,2013-11-29,18,26-219,PIT,@,TBL,W,0,1,1,2,0,0,0,0,0,,,,2,0.0,25,23:12,1,1,0,0,
403,2013-11-30,19,26-220,PIT,@,FLA,W,0,1,1,2,0,0,0,0,0,,,,2,0.0,26,23:09,2,3,0,0,
404,2013-12-03,20,26-223,PIT,@,NYI,W,0,0,0,0,0,0,0,0,0,,,,4,0.0,28,27:14,2,0,0,0,
405,2013-12-05,21,26-225,PIT,,SJS,W,1,0,1,1,0,1,0,0,0,,,,6,16.7,26,23:15,1,2,0,0,
406,2013-12-07,22,26-227,PIT,@,BOS,L,0,0,0,-2,0,0,0,0,0,,,,3,0.0,33,31:18,3,4,0,0,
407,2013-12-09,23,26-229,PIT,,CBJ,W,0,0,0,0,0,0,0,0,0,,,,5,0.0,28,26:44,0,3,0,0,
408,2013-12-13,24,26-233,PIT,,NJD,W,0,0,0,-1,0,0,0,0,0,,,,0,,25,23:28,1,3,0,0,
409,2014-01-05,25,26-256,PIT,,WPG,W,0,1,1,0,0,0,0,0,0,,,,1,0.0,22,24:31,2,2,0,0,
410,2014-01-07,26,26-258,PIT,@,VAN,W,1,0,1,1,0,1,0,0,0,,,,6,16.7,29,24:54,3,1,0,0,
411,2014-01-10,27,26-261,PIT,@,EDM,L-OT,1,0,1,0,2,0,1,0,0,,,,2,50.0,24,22:25,1,0,0,0,
412,2014-01-11,28,26-262,PIT,@,CGY,W,0,0,0,0,0,0,0,0,0,,,,3,0.0,26,22:30,1,1,0,0,
413,2014-01-15,29,26-266,PIT,,WSH,W,1,0,1,-1,0,1,0,0,0,,,,4,25.0,23,23:20,5,2,0,0,
414,2014-01-20,30,26-271,PIT,,FLA,L,0,1,1,-1,0,0,0,0,0,,,,3,0.0,29,23:48,1,2,0,0,
415,2014-01-22,31,26-273,PIT,,MTL,W,0,1,1,0,0,0,0,0,0,,,,0,,23,22:54,0,3,0,0,
416,2014-01-23,32,26-274,PIT,@,NYI,W,1,0,1,0,2,0,1,0,0,,,,4,25.0,20,19:01,0,0,0,0,
417,2014-01-25,33,26-276,PIT,@,DAL,L,0,0,0,0,2,0,0,0,0,,,,2,0.0,19,20:51,0,1,0,0,
418,2014-01-27,34,26-278,PIT,,BUF,W,0,0,0,1,0,0,0,0,0,,,,2,0.0,21,22:05,1,0,0,0,
419,2014-04-09,35,26-350,PIT,,DET,W,0,1,1,-1,0,0,0,0,0,,,,2,0.0,25,22:30,1,3,0,0,
420,2014-04-12,36,26-353,PIT,,PHI,L-OT,1,1,2,-1,2,1,0,0,0,,,,4,25.0,28,23:42,3,1,0,0,
421,2014-04-13,37,26-354,PIT,,OTT,L-SO,0,1,1,0,0,0,0,0,0,,,,2,0.0,28,26:52,0,0,0,0,
422,2014-10-09,1,27-168,PIT,,ANA,W,0,0,0,1,0,0,0,0,0,0,0,0,3,0.0,26,23:44,2,2,0,0,
423,2014-10-11,2,27-170,PIT,@,TOR,W,0,2,2,0,2,0,0,0,0,0,2,0,1,0.0,26,21:16,1,3,0,0,
424,2014-10-16,3,27-175,PIT,,DAL,L,0,1,1,0,0,0,0,0,0,0,1,0,5,0.0,29,26:09,1,1,0,0,
425,2014-10-18,4,27-177,PIT,,NYI,W,0,1,1,0,4,0,0,0,0,0,1,0,0,,25,23:39,5,1,0,0,
426,2014-10-22,5,27-181,PIT,,PHI,L,0,0,0,-4,0,0,0,0,0,0,0,0,1,0.0,30,25:51,2,2,0,0,
427,2014-10-23,6,27-182,PIT,@,DET,L-OT,0,0,0,-1,0,0,0,0,0,0,0,0,3,0.0,28,25:07,0,1,0,0,
428,2014-10-25,7,27-184,PIT,@,NSH,W,0,0,0,1,0,0,0,0,0,0,0,0,4,0.0,25,22:56,0,3,0,0,
429,2014-10-28,8,27-187,PIT,,NJD,W,0,1,1,-1,0,0,0,0,0,0,1,0,1,0.0,25,26:31,6,2,0,0,
430,2014-10-30,9,27-189,PIT,,LAK,W,1,0,1,0,0,0,1,0,0,0,0,0,5,20.0,26,24:13,0,2,0,0,
431,2014-11-01,10,27-191,PIT,,BUF,W,0,1,1,2,0,0,0,0,0,0,1,0,7,0.0,27,21:37,0,2,0,0,
432,2014-11-04,11,27-194,PIT,@,MIN,W,0,1,1,0,0,0,0,0,0,0,1,0,3,0.0,30,28:48,4,1,0,0,
433,2014-11-06,12,27-196,PIT,@,WPG,W,0,0,0,-2,2,0,0,0,0,0,0,0,3,0.0,31,27:52,1,3,0,0,
434,2014-11-08,13,27-198,PIT,@,BUF,W,2,2,4,3,0,2,0,0,0,1,1,0,5,40.0,26,23:44,0,0,0,0,
435,2014-11-11,14,27-201,PIT,@,NYR,L,0,0,0,-1,2,0,0,0,0,0,0,0,2,0.0,21,19:25,3,2,0,1,0.0
436,2014-11-14,15,27-204,PIT,@,TOR,W,0,0,0,-1,0,0,0,0,0,0,0,0,6,0.0,33,27:14,5,1,0,0,
437,2014-11-15,16,27-205,PIT,,NYR,W,0,0,0,0,2,0,0,0,0,0,0,0,3,0.0,28,26:09,3,2,0,0,
438,2014-11-18,17,27-208,PIT,@,MTL,W,0,1,1,1,0,0,0,0,0,1,0,0,2,0.0,29,24:22,0,4,0,0,
439,2014-11-21,18,27-211,PIT,,NYI,L-SO,0,0,0,1,2,0,0,0,0,0,0,0,5,0.0,33,29:29,2,1,0,0,
440,2014-11-22,19,27-212,PIT,@,NYI,L,0,0,0,-2,0,0,0,0,0,0,0,0,4,0.0,26,24:58,0,2,0,0,
441,2014-11-24,20,27-214,PIT,@,BOS,W,0,2,2,2,0,0,0,0,0,1,1,0,4,0.0,29,26:26,2,0,0,0,
442,2014-11-26,21,27-216,PIT,,TOR,W,0,2,2,1,0,0,0,0,0,1,1,0,2,0.0,30,27:18,2,2,0,0,
443,2014-11-28,22,27-218,PIT,,CAR,L,1,0,1,1,0,1,0,0,0,0,0,0,1,100.0,26,24:39,1,3,0,0,
444,2014-12-12,23,27-232,PIT,,CGY,W,1,0,1,1,0,1,0,0,1,0,0,0,2,50.0,27,27:16,1,0,0,0,
445,2014-12-13,24,27-233,PIT,@,CBJ,L-SO,2,0,2,3,2,1,0,1,0,0,0,0,4,50.0,30,25:44,3,1,0,0,
446,2014-12-15,25,27-235,PIT,,TBL,W,0,0,0,0,2,0,0,0,0,0,0,0,4,0.0,23,23:52,1,2,0,0,
447,2014-12-18,26,27-238,PIT,,COL,W,0,0,0,0,0,0,0,0,0,0,0,0,4,0.0,29,28:24,5,4,0,0,
448,2014-12-20,27,27-240,PIT,,FLA,W,0,1,1,1,5,0,0,0,0,1,0,0,3,0.0,26,26:30,1,2,0,0,
449,2014-12-22,28,27-242,PIT,@,FLA,L-SO,0,0,0,0,0,0,0,0,0,0,0,0,5,0.0,34,29:06,3,2,0,0,
450,2014-12-23,29,27-243,PIT,@,TBL,L,1,0,1,1,0,1,0,0,0,0,0,0,2,50.0,28,24:15,0,2,0,0,
451,2014-12-27,30,27-247,PIT,,WSH,L,0,0,0,-1,4,0,0,0,0,0,0,0,3,0.0,30,23:56,6,1,0,0,
452,2014-12-29,31,27-249,PIT,@,NJD,L,0,0,0,-1,0,0,0,0,0,0,0,0,1,0.0,32,28:58,2,1,0,0,
453,2014-12-31,32,27-251,PIT,,CAR,W,0,0,0,-1,0,0,0,0,0,0,0,0,2,0.0,30,26:44,1,1,0,0,
454,2015-01-02,33,27-253,PIT,,TBL,W,0,2,2,1,0,0,0,0,0,1,1,0,2,0.0,28,28:10,3,2,0,0,
455,2015-01-03,34,27-254,PIT,,MTL,L,0,0,0,-1,0,0,0,0,0,0,0,0,5,0.0,33,28:02,2,3,0,0,
456,2015-01-07,35,27-258,PIT,,BOS,L-OT,0,0,0,0,0,0,0,0,0,0,0,0,3,0.0,26,27:28,1,2,0,0,
457,2015-01-10,36,27-261,PIT,@,MTL,W,0,1,1,0,0,0,0,0,0,0,1,0,1,0.0,32,27:40,0,1,0,0,
458,2015-01-13,37,27-264,PIT,,MIN,W,1,1,2,2,0,1,0,0,0,0,1,0,2,50.0,28,23:23,0,1,0,0,
459,2015-01-16,38,27-267,PIT,@,NYI,L,0,2,2,-1,0,0,0,0,0,1,1,0,1,0.0,31,22:59,3,2,0,0,
460,2015-01-18,39,27-269,PIT,,NYR,L,0,2,2,-3,0,0,0,0,0,1,1,0,1,0.0,30,25:53,5,2,0,0,
461,2015-01-20,40,27-271,PIT,@,PHI,L-OT,0,0,0,0,0,0,0,0,0,0,0,0,4,0.0,8,7:51,0,0,0,0,
462,2015-01-27,41,27-278,PIT,,WPG,W,0,5,5,2,2,0,0,0,0,3,2,0,3,0.0,28,22:51,2,0,0,0,
463,2015-01-28,42,27-279,PIT,@,WSH,L,0,0,0,-1,0,0,0,0,0,0,0,0,0,,29,23:06,2,3,0,0,
464,2015-01-30,43,27-281,PIT,@,NJD,W,0,2,2,1,2,0,0,0,0,1,1,0,5,0.0,31,28:51,2,0,0,0,
465,2015-02-01,44,27-283,PIT,,NSH,L,0,0,0,-2,0,0,0,0,0,0,0,0,4,0.0,30,25:36,1,2,0,0,
466,2015-02-04,45,27-286,PIT,@,EDM,W,0,1,1,2,0,0,0,0,0,1,0,0,1,0.0,31,25:18,0,4,0,0,
467,2015-02-06,46,27-288,PIT,@,CGY,W,0,1,1,1,0,0,0,0,0,1,0,0,2,0.0,29,23:51,0,1,0,0,
468,2015-02-07,47,27-289,PIT,@,VAN,L,0,0,0,-2,6,0,0,0,0,0,0,0,5,0.0,35,27:08,2,0,0,0,
469,2015-02-11,48,27-293,PIT,,DET,W,0,1,1,3,0,0,0,0,0,1,0,0,1,0.0,29,25:44,2,3,0,0,
470,2015-02-12,49,27-294,PIT,@,OTT,W,1,1,2,2,2,1,0,0,0,1,0,0,3,33.3,35,28:40,3,0,0,0,
471,2015-02-15,50,27-297,PIT,@,CHI,L-SO,0,0,0,-1,0,0,0,0,0,0,0,0,4,0.0,33,30:27,5,1,0,0,
472,2015-02-17,51,27-299,PIT,,WSH,L,0,1,1,0,2,0,0,0,0,1,0,0,3,0.0,29,26:54,5,2,0,0,
473,2015-02-19,52,27-301,PIT,,CBJ,L,0,0,0,1,0,0,0,0,0,0,0,0,5,0.0,31,28:09,3,4,0,0,
474,2015-02-21,53,27-303,PIT,@,STL,W,0,1,1,0,2,0,0,0,0,0,1,0,2,0.0,29,29:00,2,1,0,0,
475,2015-02-22,54,27-304,PIT,,FLA,W,0,1,1,3,0,0,0,0,0,1,0,0,1,0.0,27,25:33,0,1,0,0,
476,2015-02-25,55,27-307,PIT,@,WSH,W,0,0,0,0,2,0,0,0,0,0,0,0,3,0.0,33,29:53,1,1,0,0,
477,2015-03-01,56,27-311,PIT,,CBJ,W,0,2,2,1,0,0,0,0,0,0,2,0,2,0.0,31,28:43,0,3,0,0,
478,2015-03-04,57,27-314,PIT,@,COL,L,0,0,0,0,0,0,0,0,0,0,0,0,1,0.0,31,26:47,0,4,0,0,
479,2015-03-06,58,27-316,PIT,@,ANA,W,0,1,1,1,0,0,0,0,0,1,0,0,1,0.0,29,29:26,2,0,0,0,
480,2015-03-07,59,27-317,PIT,@,LAK,W,0,0,0,0,2,0,0,0,0,0,0,0,2,0.0,28,26:24,3,1,0,0,
481,2015-03-09,60,27-319,PIT,@,SJS,L-SO,0,1,1,0,0,0,0,0,0,1,0,0,4,0.0,28,29:00,2,1,0,0,
482,2015-03-12,61,27-322,PIT,,EDM,W,0,1,1,2,2,0,0,0,0,0,1,0,2,0.0,30,23:45,1,3,0,0,
483,2015-03-14,62,27-324,PIT,,BOS,L,0,0,0,-1,0,0,0,0,0,0,0,0,1,0.0,28,25:16,3,1,0,0,
484,2015-03-15,63,27-325,PIT,,DET,L,0,0,0,-1,22,0,0,0,0,0,0,0,2,0.0,16,12:48,1,1,0,0,
485,2015-03-17,64,27-327,PIT,@,NJD,L,0,0,0,-1,0,0,0,0,0,0,0,0,1,0.0,25,24:30,2,2,0,0,
486,2015-03-19,65,27-329,PIT,@,DAL,L,1,0,1,0,6,0,1,0,0,0,0,0,7,14.3,29,27:01,3,4,0,0,
487,2015-03-21,66,27-331,PIT,@,ARI,W,0,1,1,1,2,0,0,0,0,1,0,0,4,0.0,31,31:09,3,1,0,0,
488,2015-03-24,67,27-334,PIT,,STL,L-OT,0,0,0,0,0,0,0,0,0,0,0,0,2,0.0,27,25:15,2,3,0,0,
489,2015-03-26,68,27-336,PIT,@,CAR,L,0,0,0,-1,0,0,0,0,0,0,0,0,5,0.0,26,25:38,0,1,0,0,
490,2015-03-28,69,27-338,PIT,,ARI,W,0,0,0,0,0,0,0,0,0,0,0,0,2,0.0,17,14:24,2,0,0,0,
491,2015-10-08,1,28-167,PIT,@,DAL,L,0,0,0,0,0,0,0,0,0,0,0,0,8,0.0,29,28:18,2,2,0,0,
492,2015-10-10,2,28-169,PIT,@,ARI,L,0,0,0,-1,2,0,0,0,0,0,0,0,2,0.0,30,26:05,1,4,0,0,
493,2015-10-13,3,28-172,PIT,,MTL,L,1,0,1,-1,0,1,0,0,0,0,0,0,5,20.0,28,26:40,4,1,0,0,
494,2015-10-15,4,28-174,PIT,,OTT,W,0,1,1,1,0,0,0,0,0,1,0,0,1,0.0,28,28:06,2,2,0,0,
495,2015-10-17,5,28-176,PIT,,TOR,W,0,0,0,0,0,0,0,0,0,0,0,0,3,0.0,34,28:34,2,1,0,0,
496,2015-10-20,6,28-179,PIT,,FLA,W,0,2,2,-2,0,0,0,0,0,0,2,0,2,0.0,29,25:26,1,1,0,0,
497,2015-10-22,7,28-181,PIT,,DAL,L,0,0,0,0,0,0,0,0,0,0,0,0,3,0.0,26,26:07,0,1,0,0,
498,2015-10-24,8,28-183,PIT,@,NSH,W,0,0,0,0,0,0,0,0,0,0,0,0,1,0.0,29,26:44,0,1,0,0,
499,2015-10-28,9,28-187,PIT,@,WSH,W,0,0,0,0,2,0,0,0,0,0,0,0,3,0.0,28,24:19,2,1,0,0,
500,2015-10-29,10,28-188,PIT,,BUF,W,0,0,0,-1,2,0,0,0,0,0,0,0,2,0.0,26,23:18,1,3,0,0,
501,2015-10-31,11,28-190,PIT,@,TOR,W,0,0,0,0,0,0,0,0,0,0,0,0,2,0.0,28,25:48,0,2,0,0,
502,2015-11-04,12,28-194,PIT,@,VAN,W,0,1,1,-1,0,0,0,0,0,0,1,0,0,,29,25:16,1,3,0,0,
503,2015-11-06,13,28-196,PIT,@,EDM,W,0,1,1,-1,0,0,0,0,0,0,1,0,3,0.0,31,26:16,1,1,0,0,
504,2015-11-07,14,28-197,PIT,@,CGY,L,0,0,0,-4,0,0,0,0,0,0,0,0,0,,31,25:48,2,1,0,0,
505,2015-11-11,15,28-201,PIT,,MTL,W,0,1,1,-1,2,0,0,0,0,1,0,0,2,0.0,34,28:15,2,0,0,0,
506,2015-11-13,16,28-203,PIT,,CBJ,L,0,1,1,0,0,0,0,0,0,1,0,0,5,0.0,32,27:56,2,1,0,0,
507,2015-11-14,17,28-204,PIT,@,NJD,L,0,0,0,0,8,0,0,0,0,0,0,0,2,0.0,32,24:38,2,2,0,0,
508,2015-11-17,18,28-207,PIT,,MIN,W,0,2,2,0,0,0,0,0,0,1,1,0,3,0.0,31,29:37,2,1,0,0,
509,2015-11-19,19,28-209,PIT,,COL,W,0,1,1,0,0,0,0,0,0,0,1,0,3,0.0,31,23:28,2,4,0,0,
510,2015-11-21,20,28-211,PIT,,SJS,L,0,0,0,-2,0,0,0,0,0,0,0,0,6,0.0,31,25:54,2,1,0,0,
511,2015-11-25,21,28-215,PIT,,STL,W,0,2,2,0,0,0,0,0,0,1,1,0,4,0.0,32,26:19,3,4,0,0,
512,2015-11-27,22,28-217,PIT,@,CBJ,L-OT,0,0,0,-1,0,0,0,0,0,0,0,0,4,0.0,31,28:59,1,1,0,0,
513,2015-11-28,23,28-218,PIT,,EDM,L-SO,0,1,1,0,0,0,0,0,0,0,1,0,5,0.0,30,28:43,0,1,0,0,
514,2015-12-01,24,28-221,PIT,@,SJS,W,0,0,0,0,0,0,0,0,0,0,0,0,2,0.0,28,23:07,2,4,0,0,
515,2015-12-09,25,28-229,PIT,@,COL,W,0,0,0,0,0,0,0,0,0,0,0,0,2,0.0,33,22:51,1,2,0,0,
516,2015-12-26,26,28-246,PIT,@,MIN,W,0,2,2,1,0,0,0,0,0,1,1,0,3,0.0,28,21:42,0,0,0,0,
517,2015-12-30,27,28-250,PIT,,TOR,L-SO,0,0,0,0,2,0,0,0,0,0,0,0,4,0.0,30,27:00,1,0,0,0,
518,2015-12-31,28,28-251,PIT,@,DET,W,2,1,3,0,6,1,1,0,0,0,1,0,5,40.0,34,25:55,4,3,0,0,
519,2016-01-02,29,28-253,PIT,,NYI,W,0,3,3,1,0,0,0,0,0,0,2,1,3,0.0,29,25:21,7,2,0,0,
520,2016-01-05,30,28-256,PIT,,CHI,L-OT,1,1,2,1,4,1,0,0,0,1,0,0,7,14.3,34,26:26,4,1,0,0,
521,2016-01-06,31,28-257,PIT,@,CHI,L,0,1,1,-1,2,0,0,0,0,0,1,0,2,0.0,30,26:54,3,1,0,0,
522,2016-01-09,32,28-260,PIT,@,MTL,W,0,0,0,0,2,0,0,0,0,0,0,0,1,0.0,28,26:15,1,5,0,0,
523,2016-01-12,33,28-263,PIT,@,CAR,L-OT,1,0,1,1,0,1,0,0,0,0,0,0,2,50.0,31,28:47,2,2,0,0,
524,2016-01-15,34,28-266,PIT,@,TBL,L-OT,1,1,2,2,0,1,0,0,0,0,1,0,2,50.0,32,28:47,3,2,0,0,
525,2016-01-18,35,28-269,PIT,@,STL,L,0,2,2,-1,0,0,0,0,0,2,0,0,2,0.0,29,26:01,2,0,0,0,
526,2016-01-21,36,28-272,PIT,,PHI,W,0,0,0,1,0,0,0,0,0,0,0,0,5,0.0,32,26:54,1,2,0,0,
527,2016-01-23,37,28-274,PIT,,VAN,W,0,2,2,-3,0,0,0,0,0,1,1,0,0,,30,25:43,3,1,0,0,
528,2016-01-26,38,28-277,PIT,,NJD,W,0,1,1,0,2,0,0,0,0,0,1,0,2,0.0,29,25:58,1,4,0,0,
529,2016-02-02,39,28-284,PIT,,OTT,W,1,1,2,0,0,1,0,0,0,0,1,0,6,16.7,29,25:03,0,1,0,0,
530,2016-02-05,40,28-287,PIT,@,TBL,L,0,0,0,-2,2,0,0,0,0,0,0,0,3,0.0,28,23:21,1,1,0,0,
531,2016-02-06,41,28-288,PIT,@,FLA,W,2,1,3,2,0,1,1,0,1,1,0,0,7,28.6,35,27:57,2,0,0,0,
532,2016-02-08,42,28-290,PIT,,ANA,W,0,2,2,3,2,0,0,0,0,2,0,0,1,0.0,32,23:28,1,3,0,0,
533,2016-02-10,43,28-292,PIT,,NYR,L,0,0,0,-1,2,0,0,0,0,0,0,0,6,0.0,34,27:19,2,1,0,0,
534,2016-02-12,44,28-294,PIT,@,CAR,W,0,0,0,-1,2,0,0,0,0,0,0,0,0,,29,27:14,2,2,0,0,
535,2016-02-15,45,28-297,PIT,@,FLA,L-SO,0,0,0,1,4,0,0,0,0,0,0,0,1,0.0,35,27:38,6,3,0,0,
536,2016-02-18,46,28-300,PIT,,DET,W,0,1,1,2,0,0,0,0,0,1,0,0,1,0.0,30,26:23,3,1,0,0,
537,2016-02-20,47,28-302,PIT,,TBL,L,0,1,1,-1,6,0,0,0,0,1,0,0,7,0.0,34,30:13,4,1,0,0,
538,2016-02-21,48,28-303,PIT,@,BUF,W,0,3,3,2,0,0,0,0,0,2,0,1,5,0.0,34,28:43,1,1,0,0,
539,2016-02-24,49,28-306,PIT,@,BOS,L,0,0,0,-3,0,0,0,0,0,0,0,0,3,0.0,29,23:59,0,2,0,0,
540,2016-02-27,50,28-309,PIT,,WPG,W,1,0,1,1,0,1,0,0,0,0,0,0,2,50.0,28,25:19,3,0,0,0,
541,2016-02-29,51,28-311,PIT,,ARI,W,1,1,2,4,0,1,0,0,0,1,0,0,3,33.3,29,26:38,1,4,0,0,
542,2016-03-01,52,28-312,PIT,@,WSH,L,0,0,0,0,2,0,0,0,0,0,0,0,3,0.0,34,25:57,2,2,0,0,
543,2016-03-03,53,28-314,PIT,,NYR,W,0,1,1,1,0,0,0,0,0,1,0,0,1,0.0,30,27:04,1,1,0,0,
544,2016-03-05,54,28-316,PIT,,CGY,L,0,0,0,0,0,0,0,0,0,0,0,0,5,0.0,30,27:20,2,1,0,0,
545,2016-03-06,55,28-317,PIT,@,NJD,W,0,1,1,1,0,0,0,0,0,0,1,0,1,0.0,31,24:22,1,0,0,0,
546,2016-03-08,56,28-319,PIT,@,NYI,L,1,0,1,1,0,1,0,0,0,0,0,0,2,50.0,31,26:58,1,1,0,0,
547,2016-03-11,57,28-322,PIT,@,CBJ,W,1,0,1,0,0,0,1,0,0,0,0,0,2,50.0,31,28:31,2,1,0,0,
548,2016-03-13,58,28-324,PIT,@,NYR,W,0,1,1,-2,0,0,0,0,0,0,1,0,1,0.0,34,29:37,2,3,0,0,
549,2016-03-15,59,28-326,PIT,,NYI,W,0,0,0,0,0,0,0,0,0,0,0,0,2,0.0,35,31:52,0,3,0,0,
550,2016-03-17,60,28-328,PIT,,CAR,W,0,0,0,0,0,0,0,0,0,0,0,0,5,0.0,32,29:40,4,1,0,0,
551,2016-03-19,61,28-330,PIT,@,PHI,W,1,0,1,1,0,1,0,0,0,0,0,0,4,25.0,35,27:57,6,2,0,0,
552,2016-03-20,62,28-331,PIT,,WSH,W,0,1,1,1,0,0,0,0,0,1,0,0,2,0.0,29,30:07,5,0,0,0,
553,2016-03-24,63,28-335,PIT,,NJD,L,0,0,0,-1,2,0,0,0,0,0,0,0,5,0.0,29,27:43,3,0,0,0,
554,2016-03-26,64,28-337,PIT,@,DET,W,1,1,2,2,0,0,1,0,0,1,0,0,3,33.3,31,29:52,1,1,0,0,
555,2016-03-27,65,28-338,PIT,@,NYR,W,0,1,1,1,2,0,0,0,0,1,0,0,4,0.0,38,31:45,2,4,0,0,
556,2016-03-29,66,28-340,PIT,,BUF,W,0,1,1,1,0,0,0,0,0,0,0,1,8,0.0,36,35:14,2,2,0,0,
557,2016-03-31,67,28-342,PIT,,NSH,W,1,1,2,1,0,0,1,0,1,0,1,0,6,16.7,32,28:50,2,3,0,0,
558,2016-04-02,68,28-344,PIT,@,NYI,W,0,1,1,1,2,0,0,0,0,0,1,0,2,0.0,33,24:34,0,2,0,0,
559,2016-04-03,69,28-345,PIT,,PHI,W,0,2,2,3,0,0,0,0,0,1,1,0,2,0.0,29,27:06,1,4,0,0,
560,2016-04-05,70,28-347,PIT,@,OTT,W,0,2,2,1,2,0,0,0,0,2,0,0,2,0.0,30,26:23,0,1,0,0,
561,2016-04-07,71,28-349,PIT,@,WSH,W,0,1,1,2,4,0,0,0,0,1,0,0,2,0.0,35,30:44,2,2,0,0,
562,2016-10-13,1,29-172,PIT,,WSH,W,0,1,1,1,0,0,0,0,0,0,1,0,4,0.0,32,30:40,5,4,0,0,
563,2016-10-15,2,29-174,PIT,,ANA,W,0,0,0,-1,0,0,0,0,0,0,0,0,5,0.0,30,26:45,2,0,0,0,
564,2016-10-17,3,29-176,PIT,,COL,L-OT,0,1,1,-1,0,0,0,0,0,0,1,0,4,0.0,33,28:17,1,0,0,0,
565,2016-10-18,4,29-177,PIT,@,MTL,L,0,0,0,-1,4,0,0,0,0,0,0,0,3,0.0,26,18:55,1,2,0,0,
566,2016-11-02,5,29-192,PIT,@,ANA,W,1,1,2,3,0,0,1,0,0,1,0,0,6,16.7,30,23:20,1,1,0,0,
567,2016-11-03,6,29-193,PIT,@,LAK,L-OT,0,2,2,-1,0,0,0,0,0,2,0,0,1,0.0,30,26:52,4,2,0,0,
568,2016-11-05,7,29-195,PIT,@,SJS,W,0,0,0,1,0,0,0,0,0,0,0,0,2,0.0,28,23:36,2,1,0,0,
569,2016-11-08,8,29-198,PIT,,EDM,W,0,0,0,-1,2,0,0,0,0,0,0,0,2,0.0,31,26:25,1,2,0,0,
570,2016-11-10,9,29-200,PIT,,MIN,L,0,1,1,-2,0,0,0,0,0,0,1,0,3,0.0,27,27:18,1,2,0,0,
571,2016-11-12,10,29-202,PIT,,TOR,W,0,2,2,2,0,0,0,0,0,1,1,0,4,0.0,29,24:02,1,1,0,0,
572,2016-11-16,11,29-206,PIT,@,WSH,L,0,0,0,-5,4,0,0,0,0,0,0,0,0,,27,23:50,5,5,0,0,
573,2016-11-18,12,29-208,PIT,@,NYI,W,1,1,2,0,0,1,0,0,1,0,1,0,5,20.0,30,26:41,2,2,0,0,
574,2016-11-19,13,29-209,PIT,@,BUF,L-SO,0,0,0,0,0,0,0,0,0,0,0,0,5,0.0,34,30:15,0,0,0,0,
575,2016-11-21,14,29-211,PIT,,NYR,L,0,0,0,-2,2,0,0,0,0,0,0,0,1,0.0,34,26:13,1,2,0,0,
576,2016-11-23,15,29-213,PIT,@,NYR,W,0,1,1,3,0,0,0,0,0,1,0,0,2,0.0,30,25:50,2,2,0,0,
577,2016-11-25,16,29-215,PIT,@,MIN,L,0,0,0,-1,0,0,0,0,0,0,0,0,4,0.0,32,25:20,1,1,0,0,
578,2016-11-26,17,29-216,PIT,,NJD,W,0,0,0,0,0,0,0,0,0,0,0,0,6,0.0,33,29:20,4,6,0,0,
579,2016-11-30,18,29-220,PIT,@,NYI,L,0,0,0,0,2,0,0,0,0,0,0,0,3,0.0,29,24:43,4,0,0,0,
580,2016-12-01,19,29-221,PIT,,DAL,W,0,1,1,1,2,0,0,0,0,1,0,0,3,0.0,28,25:51,1,3,0,0,
581,2016-12-03,20,29-223,PIT,,DET,W,0,1,1,0,0,0,0,0,0,1,0,0,2,0.0,31,24:12,3,3,0,0,
582,2016-12-05,21,29-225,PIT,,OTT,W,0,1,1,1,0,0,0,0,0,1,0,0,4,0.0,31,23:31,2,1,0,0,
583,2016-12-08,22,29-228,PIT,@,FLA,W,0,0,0,1,2,0,0,0,0,0,0,0,2,0.0,29,27:45,0,2,0,0,
584,2016-12-10,23,29-230,PIT,@,TBL,W,0,3,3,1,0,0,0,0,0,1,2,0,4,0.0,37,29:01,2,1,0,0,
585,2016-12-12,24,29-232,PIT,,ARI,W,0,1,1,0,0,0,0,0,0,0,1,0,0,,26,26:38,1,1,0,0,
586,2016-12-14,25,29-234,PIT,,BOS,W,0,0,0,-2,2,0,0,0,0,0,0,0,4,0.0,28,26:23,5,4,0,0,
587,2016-12-31,26,29-251,PIT,,MTL,W,0,2,2,0,0,0,0,0,0,1,1,0,1,0.0,30,25:40,2,2,0,0,
588,2017-01-08,27,29-259,PIT,,TBL,W,1,0,1,1,0,0,1,0,0,0,0,0,2,50.0,30,27:01,3,1,0,0,
589,2017-01-11,28,29-262,PIT,@,WSH,L,0,0,0,-2,0,0,0,0,0,0,0,0,3,0.0,31,26:19,0,2,0,0,
590,2017-01-12,29,29-263,PIT,@,OTT,L,0,0,0,-2,0,0,0,0,0,0,0,0,3,0.0,31,22:58,0,0,0,0,
591,2017-01-14,30,29-265,PIT,@,DET,L,1,0,1,1,0,1,0,0,0,0,0,0,1,100.0,4,2:06,0,0,0,0,
592,2017-01-31,31,29-282,PIT,,NSH,W,0,0,0,2,2,0,0,0,0,0,0,0,2,0.0,25,23:45,1,1,0,0,
593,2017-02-03,32,29-285,PIT,,CBJ,W,0,2,2,0,0,0,0,0,0,1,1,0,2,0.0,28,25:22,2,2,0,0,
594,2017-02-04,33,29-286,PIT,@,STL,W,1,0,1,2,2,1,0,0,1,0,0,0,3,33.3,26,23:24,0,1,0,0,
595,2017-02-07,34,29-289,PIT,,CGY,L-SO,0,1,1,0,2,0,0,0,0,1,0,0,6,0.0,29,25:18,2,1,0,0,
596,2017-02-09,35,29-291,PIT,@,COL,W,0,0,0,1,0,0,0,0,0,0,0,0,4,0.0,31,26:35,0,2,0,0,
597,2017-02-11,36,29-293,PIT,@,ARI,L-OT,0,1,1,1,2,0,0,0,0,1,0,0,5,0.0,30,25:59,1,1,0,0,
598,2017-02-14,37,29-296,PIT,,VAN,W,0,1,1,2,2,0,0,0,0,1,0,0,4,0.0,26,24:06,1,1,0,0,
599,2017-02-16,38,29-298,PIT,,WPG,W,0,3,3,0,0,0,0,0,0,2,1,0,3,0.0,40,31:07,3,4,0,0,
600,2017-02-17,39,29-299,PIT,@,CBJ,L-OT,0,0,0,0,0,0,0,0,0,0,0,0,2,0.0,32,29:24,1,2,0,0,
601,2017-02-19,40,29-301,PIT,,DET,L,0,1,1,-3,2,0,0,0,0,0,0,1,0,,31,26:38,1,1,0,0,
602,2017-02-21,41,29-303,PIT,@,CAR,W,0,1,1,2,0,0,0,0,0,0,1,0,2,0.0,28,28:49,1,1,0,0,
603,2017-10-04,1,30-163,PIT,,STL,L-OT,0,0,0,-2,0,0,0,0,0,0,0,0,2,0.0,28,26:05,1,1,0,0,
604,2017-10-05,2,30-164,PIT,@,CHI,L,0,0,0,-5,2,0,0,0,0,0,0,0,5,0.0,30,23:43,2,1,0,0,
605,2017-10-07,3,30-166,PIT,,NSH,W,0,0,0,2,0,0,0,0,0,0,0,0,5,0.0,33,25:59,1,3,0,0,
606,2017-10-11,4,30-170,PIT,@,WSH,W,1,0,1,-1,0,0,1,0,0,0,0,0,3,33.3,30,27:09,4,2,0,0,
607,2017-10-12,5,30-171,PIT,@,TBL,L,0,1,1,1,2,0,0,0,0,1,0,0,4,0.0,27,25:38,2,1,0,0,
608,2017-10-14,6,30-173,PIT,,FLA,W,0,2,2,2,0,0,0,0,0,1,1,0,5,0.0,30,28:20,1,0,0,0,
609,2017-10-17,7,30-176,PIT,@,NYR,W,0,0,0,-1,0,0,0,0,0,0,0,0,2,0.0,31,27:01,1,1,0,0,
610,2017-10-20,8,30-179,PIT,@,FLA,W,0,1,1,-2,0,0,0,0,0,0,1,0,2,0.0,29,26:18,1,1,0,0,
611,2017-10-21,9,30-180,PIT,@,TBL,L,0,1,1,-3,2,0,0,0,0,0,1,0,2,0.0,28,22:46,2,1,0,0,
612,2017-10-24,10,30-183,PIT,,EDM,W,0,0,0,0,0,0,0,0,0,0,0,0,5,0.0,32,27:58,3,5,0,0,
613,2017-10-26,11,30-185,PIT,,WPG,W,0,0,0,-1,0,0,0,0,0,0,0,0,5,0.0,30,30:12,1,1,0,0,
614,2017-10-28,12,30-187,PIT,@,MIN,L,0,1,1,-1,0,0,0,0,0,0,1,0,1,0.0,28,27:10,1,3,0,0,
615,2017-10-29,13,30-188,PIT,@,WPG,L,0,1,1,-3,0,0,0,0,0,0,1,0,3,0.0,28,26:11,1,1,0,0,
616,2017-11-01,14,30-191,PIT,@,EDM,W,0,2,2,0,0,0,0,0,0,0,2,0,3,0.0,33,26:30,2,2,0,0,
617,2017-11-02,15,30-192,PIT,@,CGY,L-OT,0,1,1,1,2,0,0,0,0,1,0,0,1,0.0,33,25:56,2,2,0,0,
618,2017-11-04,16,30-194,PIT,@,VAN,L,0,0,0,-3,0,0,0,0,0,0,0,0,3,0.0,27,25:18,0,0,0,0,
619,2017-11-07,17,30-197,PIT,,ARI,W,0,0,0,1,0,0,0,0,0,0,0,0,3,0.0,29,23:38,0,4,0,0,
620,2017-11-10,18,30-200,PIT,@,WSH,L,0,0,0,-1,4,0,0,0,0,0,0,0,1,0.0,27,19:55,1,1,0,0,
621,2017-11-11,19,30-201,PIT,@,NSH,L-SO,0,2,2,2,2,0,0,0,0,1,0,1,3,0.0,37,28:16,4,1,0,0,
622,2017-11-14,20,30-204,PIT,,BUF,W,0,1,1,1,2,0,0,0,0,1,0,0,4,0.0,33,25:35,0,0,0,0,
623,2017-11-16,21,30-206,PIT,@,OTT,W,0,1,1,1,0,0,0,0,0,1,0,0,3,0.0,31,24:28,1,0,0,0,
624,2017-11-18,22,30-208,PIT,,CHI,L,0,0,0,0,6,0,0,0,0,0,0,0,4,0.0,31,23:34,3,1,0,0,
625,2017-11-22,23,30-212,PIT,,VAN,L,0,1,1,-2,0,0,0,0,0,0,1,0,2,0.0,27,23:21,2,1,0,0,
626,2017-11-24,24,30-214,PIT,@,BOS,L,0,1,1,-2,0,0,0,0,0,0,1,0,1,0.0,28,24:36,4,2,0,0,
627,2017-11-25,25,30-215,PIT,,TBL,W,0,0,0,0,0,0,0,0,0,0,0,0,2,0.0,25,23:11,1,1,0,0,
628,2017-11-27,26,30-217,PIT,,PHI,W,0,1,1,3,0,0,0,0,0,1,0,0,2,0.0,30,25:50,1,2,0,0,
629,2017-12-01,27,30-221,PIT,@,BUF,W,0,0,0,0,0,0,0,0,0,0,0,0,1,0.0,31,25:50,1,0,0,0,
630,2017-12-02,28,30-222,PIT,,BUF,W,0,2,2,1,0,0,0,0,0,1,1,0,2,0.0,30,26:02,2,0,0,0,
631,2017-12-05,29,30-225,PIT,,NYR,L,0,1,1,-2,0,0,0,0,0,1,0,0,3,0.0,29,27:57,2,3,0,0,
632,2017-12-07,30,30-227,PIT,,NYI,W,1,1,2,-1,0,0,1,0,0,0,1,0,4,25.0,31,24:31,1,2,0,0,
633,2017-12-09,31,30-229,PIT,,TOR,L,0,1,1,2,2,0,0,0,0,1,0,0,8,0.0,28,25:34,0,0,0,0,
634,2017-12-11,32,30-231,PIT,,COL,L,0,0,0,0,0,0,0,0,0,0,0,0,3,0.0,30,27:39,2,2,0,0,
635,2017-12-14,33,30-234,PIT,@,VEG,L,0,0,0,-1,0,0,0,0,0,0,0,0,1,0.0,28,25:14,0,5,0,0,
636,2017-12-16,34,30-236,PIT,@,ARI,W,0,0,0,2,0,0,0,0,0,0,0,0,4,0.0,32,27:12,0,1,0,0,
637,2017-12-18,35,30-238,PIT,@,COL,L,0,0,0,0,2,0,0,0,0,0,0,0,2,0.0,31,25:35,1,2,0,0,
638,2017-12-21,36,30-241,PIT,,CBJ,W,0,1,1,-1,4,0,0,0,0,0,1,0,5,0.0,36,29:42,1,1,0,0,
639,2017-12-23,37,30-243,PIT,,ANA,L,0,0,0,-2,0,0,0,0,0,0,0,0,2,0.0,28,23:44,1,1,0,0,
640,2018-01-02,38,30-253,PIT,@,PHI,W,0,0,0,0,2,0,0,0,0,0,0,0,1,0.0,30,27:01,2,1,0,0,
641,2018-01-04,39,30-255,PIT,,CAR,L,0,0,0,-1,0,0,0,0,0,0,0,0,0,,27,23:09,2,0,0,0,
642,2018-01-05,40,30-256,PIT,@,NYI,W,0,0,0,2,0,0,0,0,0,0,0,0,5,0.0,28,25:14,0,0,0,0,
643,2018-01-07,41,30-258,PIT,,BOS,W,1,1,2,1,2,1,0,0,0,1,0,0,4,25.0,31,23:55,0,0,0,0,
644,2018-01-13,42,30-264,PIT,,DET,W,0,0,0,0,0,0,0,0,0,0,0,0,2,0.0,28,26:36,3,2,0,0,
645,2018-01-14,43,30-265,PIT,,NYR,W,0,1,1,1,0,0,0,0,0,1,0,0,4,0.0,29,27:34,4,0,0,0,
646,2018-01-17,44,30-268,PIT,@,ANA,L,0,0,0,-3,2,0,0,0,0,0,0,0,2,0.0,28,24:14,2,0,0,1,0.0
647,2018-01-18,45,30-269,PIT,@,LAK,W,0,0,0,-1,0,0,0,0,0,0,0,0,5,0.0,32,25:52,0,0,0,0,
648,2018-01-20,46,30-271,PIT,@,SJS,L,0,0,0,0,0,0,0,0,0,0,0,0,5,0.0,30,23:29,1,3,0,0,
649,2018-01-23,47,30-274,PIT,,CAR,W,0,0,0,2,2,0,0,0,0,0,0,0,0,,30,22:13,0,2,0,0,
650,2018-01-25,48,30-276,PIT,,MIN,W,0,0,0,1,2,0,0,0,0,0,0,0,4,0.0,28,22:07,1,4,0,0,
651,2018-01-30,49,30-281,PIT,,SJS,W,0,1,1,3,4,0,0,0,0,1,0,0,5,0.0,30,23:21,4,1,0,0,
652,2018-02-02,50,30-284,PIT,,WSH,W,0,1,1,-2,2,0,0,0,0,0,1,0,2,0.0,29,24:02,3,0,0,0,
653,2018-02-03,51,30-285,PIT,@,NJD,L,0,0,0,-2,2,0,0,0,0,0,0,0,1,0.0,31,22:20,1,0,0,0,
654,2018-02-06,52,30-288,PIT,,VEG,W,0,0,0,-1,0,0,0,0,0,0,0,0,3,0.0,29,23:18,1,3,0,0,
655,2018-02-09,53,30-291,PIT,@,DAL,L-SO,0,1,1,1,0,0,0,0,0,1,0,0,2,0.0,36,26:57,1,1,0,0,
656,2018-02-11,54,30-293,PIT,@,STL,W,0,0,0,-1,0,0,0,0,0,0,0,0,2,0.0,32,27:06,2,1,0,0,
657,2018-02-13,55,30-295,PIT,,OTT,W,1,1,2,4,0,1,0,0,0,1,0,0,5,20.0,28,22:50,0,1,0,0,
658,2018-02-15,56,30-297,PIT,,LAK,W,1,0,1,2,0,0,1,0,1,0,0,0,2,50.0,27,23:47,0,2,0,0,
659,2018-02-17,57,30-299,PIT,,TOR,W,0,2,2,1,0,0,0,0,0,2,0,0,7,0.0,27,26:03,0,1,0,0,
660,2018-02-18,58,30-300,PIT,@,CBJ,W,0,1,1,1,0,0,0,0,0,1,0,0,2,0.0,28,23:26,1,4,0,0,
661,2018-02-23,59,30-305,PIT,@,CAR,W,0,1,1,0,0,0,0,0,0,0,1,0,3,0.0,30,24:23,2,2,0,0,
662,2018-02-24,60,30-306,PIT,@,FLA,L,0,0,0,0,0,0,0,0,0,0,0,0,1,0.0,31,25:33,1,1,0,0,
663,2018-02-27,61,30-309,PIT,,NJD,L,0,0,0,1,4,0,0,0,0,0,0,0,1,0.0,33,25:07,0,0,0,0,
664,2018-03-01,62,30-311,PIT,@,BOS,L,0,0,0,0,0,0,0,0,0,0,0,0,2,0.0,35,25:44,2,2,0,0,
665,2018-03-03,63,30-313,PIT,,NYI,W,0,1,1,0,0,0,0,0,0,1,0,0,1,0.0,31,27:59,0,3,0,0,
666,2018-03-05,64,30-315,PIT,,CGY,W,1,0,1,0,0,1,0,0,0,0,0,0,4,25.0,29,26:44,4,3,0,0,
667,2018-03-07,65,30-317,PIT,@,PHI,W,0,0,0,0,0,0,0,0,0,0,0,0,2,0.0,33,27:00,1,2,0,0,
668,2018-03-10,66,30-320,PIT,@,TOR,L,0,1,1,-2,0,0,0,0,0,1,0,0,2,0.0,27,24:01,1,0,0,0,
669,2018-03-11,67,30-321,PIT,,DAL,W,0,0,0,1,0,0,0,0,0,0,0,0,2,0.0,30,27:42,2,2,0,0,
670,2018-03-14,68,30-324,PIT,@,NYR,L-OT,0,1,1,1,0,0,0,0,0,1,0,0,2,0.0,30,25:04,2,0,0,0,
671,2018-03-15,69,30-325,PIT,@,MTL,W,0,2,2,1,0,0,0,0,0,1,1,0,2,0.0,27,22:58,0,2,0,0,
672,2018-03-20,70,30-330,PIT,@,NYI,L,0,0,0,-1,2,0,0,0,0,0,0,0,4,0.0,27,23:25,0,1,0,0,
673,2018-03-21,71,30-331,PIT,,MTL,W,0,0,0,-1,0,0,0,0,0,0,0,0,0,,31,25:33,1,0,0,0,
674,2018-03-23,72,30-333,PIT,,NJD,L-OT,0,0,0,-2,0,0,0,0,0,0,0,0,5,0.0,29,26:34,1,0,0,0,
675,2018-03-25,73,30-335,PIT,,PHI,W,0,1,1,0,0,0,0,0,0,1,0,0,2,0.0,28,23:52,4,1,0,0,
676,2018-03-27,74,30-337,PIT,@,DET,L,1,0,1,-1,0,1,0,0,0,0,0,0,3,33.3,27,24:39,1,0,0,0,
677,2018-03-29,75,30-339,PIT,@,NJD,W,1,1,2,2,2,1,0,0,0,1,0,0,4,25.0,30,25:45,0,2,0,0,
678,2018-03-31,76,30-341,PIT,,MTL,W,0,1,1,0,0,0,0,0,0,0,1,0,1,0.0,27,24:10,2,1,0,0,
679,2018-04-01,77,30-342,PIT,,WSH,L,0,0,0,-2,0,0,0,0,0,0,0,0,3,0.0,28,25:08,0,2,0,0,
680,2018-04-05,78,30-346,PIT,@,CBJ,W,1,0,1,0,0,0,1,0,0,0,0,0,3,33.3,32,28:14,1,0,0,0,
681,2018-04-06,79,30-347,PIT,,OTT,W,0,1,1,1,0,0,0,0,0,1,0,0,1,0.0,28,23:11,3,3,0,0,
682,2018-10-04,1,31-163,PIT,,WSH,W,2,1,3,0,0,1,1,0,1,1,0,0,3,66.7,28,25:41,2,2,0,0,
683,2018-10-06,2,31-165,PIT,,MTL,L,0,1,1,-1,0,0,0,0,0,1,0,0,2,0.0,27,24:32,3,0,0,0,
684,2018-10-11,3,31-170,PIT,,VEG,W,0,0,0,1,0,0,0,0,0,0,0,0,2,0.0,28,24:07,4,3,0,0,
685,2018-10-13,4,31-172,PIT,@,MTL,L-SO,1,1,2,0,0,1,0,0,0,1,0,0,5,20.0,41,32:00,4,2,0,0,
686,2018-10-16,5,31-175,PIT,,VAN,L-OT,0,0,0,0,0,0,0,0,0,0,0,0,4,0.0,25,25:27,1,1,0,0,
687,2018-10-18,6,31-177,PIT,@,TOR,W,1,1,2,2,0,1,0,0,0,0,1,0,6,16.7,27,25:01,1,1,0,0,
688,2018-10-23,7,31-182,PIT,@,EDM,W,0,1,1,0,0,0,0,0,0,0,1,0,1,0.0,37,28:54,3,1,0,0,
689,2018-10-25,8,31-184,PIT,@,CGY,W,0,2,2,5,2,0,0,0,0,2,0,0,2,0.0,29,23:11,1,4,0,0,
690,2018-10-27,9,31-186,PIT,@,VAN,W,0,0,0,1,2,0,0,0,0,0,0,0,2,0.0,25,21:07,0,0,0,0,
691,2018-11-01,10,31-191,PIT,@,NYI,L-SO,0,1,1,-1,0,0,0,0,0,0,1,0,4,0.0,31,26:01,3,2,0,0,
692,2018-11-03,11,31-193,PIT,,TOR,L,0,0,0,-1,0,0,0,0,0,0,0,0,3,0.0,32,26:59,1,3,0,0,
693,2018-11-05,12,31-195,PIT,,NJD,L,0,0,0,0,2,0,0,0,0,0,0,0,7,0.0,32,25:19,2,2,0,0,
694,2018-11-07,13,31-197,PIT,@,WSH,L,0,0,0,0,0,0,0,0,0,0,0,0,3,0.0,32,26:16,0,3,0,0,
695,2018-11-10,14,31-200,PIT,,ARI,W,0,0,0,1,0,0,0,0,0,0,0,0,1,0.0,28,26:04,0,1,0,0,
696,2018-11-13,15,31-203,PIT,@,NJD,L,0,0,0,-4,0,0,0,0,0,0,0,0,5,0.0,29,25:37,3,3,0,0,
697,2018-11-15,16,31-205,PIT,,TBL,L,0,1,1,0,4,0,0,0,0,0,1,0,1,0.0,26,25:52,1,2,0,0,
698,2018-11-17,17,31-207,PIT,@,OTT,L,1,0,1,1,0,0,1,0,0,0,0,0,5,20.0,30,27:59,2,1,0,0,
699,2018-11-19,18,31-209,PIT,,BUF,L-OT,0,0,0,-1,0,0,0,0,0,0,0,0,2,0.0,32,26:24,1,3,0,0,
700,2018-11-21,19,31-211,PIT,,DAL,W,0,1,1,0,2,0,0,0,0,0,1,0,3,0.0,28,24:14,1,1,0,0,
701,2018-11-23,20,31-213,PIT,@,BOS,L-OT,0,1,1,-1,0,0,0,0,0,0,1,0,6,0.0,30,29:01,1,1,0,0,
702,2018-11-24,21,31-214,PIT,,CBJ,W,0,3,3,3,0,0,0,0,0,3,0,0,5,0.0,32,25:37,1,1,0,0,
703,2018-11-27,22,31-217,PIT,@,WPG,W,0,1,1,0,0,0,0,0,0,1,0,0,1,0.0,29,25:57,1,3,0,0,
704,2018-11-28,23,31-218,PIT,@,COL,L,0,0,0,-1,0,0,0,0,0,0,0,0,3,0.0,29,27:11,2,0,0,0,
705,2018-12-01,24,31-221,PIT,,PHI,L,0,0,0,-2,4,0,0,0,0,0,0,0,2,0.0,31,23:47,1,1,0,0,
706,2018-12-04,25,31-224,PIT,,COL,W,0,2,2,1,2,0,0,0,0,1,1,0,3,0.0,32,24:46,2,2,0,0,
707,2018-12-06,26,31-226,PIT,,NYI,W,2,0,2,2,0,2,0,0,0,0,0,0,6,33.3,28,26:22,5,1,0,0,
708,2018-12-08,27,31-228,PIT,@,OTT,L-OT,0,0,0,0,4,0,0,0,0,0,0,0,4,0.0,32,26:41,3,2,0,0,
709,2018-12-10,28,31-230,PIT,@,NYI,W,0,0,0,0,2,0,0,0,0,0,0,0,1,0.0,30,25:56,1,1,0,0,
710,2018-12-12,29,31-232,PIT,@,CHI,L,0,0,0,-1,0,0,0,0,0,0,0,0,7,0.0,30,29:39,5,1,0,0,
711,2018-12-14,30,31-234,PIT,,BOS,W,0,1,1,1,0,0,0,0,0,1,0,0,0,,30,21:33,3,5,0,0,
712,2018-12-17,31,31-237,PIT,,ANA,L,0,1,1,-1,0,0,0,0,0,0,1,0,2,0.0,27,26:04,0,2,0,0,
713,2018-12-19,32,31-239,PIT,@,WSH,W,0,1,1,1,2,0,0,0,0,0,1,0,3,0.0,33,32:22,0,1,0,0,
714,2018-12-20,33,31-240,PIT,,MIN,W,0,0,0,2,0,0,0,0,0,0,0,0,6,0.0,27,26:37,1,0,0,0,
715,2018-12-22,34,31-242,PIT,@,CAR,W,1,0,1,1,0,1,0,0,1,0,0,0,3,33.3,30,25:20,0,1,0,0,
716,2018-12-27,35,31-247,PIT,,DET,W,0,1,1,1,0,0,0,0,0,0,1,0,3,0.0,25,24:51,0,3,0,0,
717,2018-12-29,36,31-249,PIT,@,STL,W,0,3,3,1,0,0,0,0,0,1,2,0,2,0.0,28,23:20,0,2,0,0,
718,2018-12-31,37,31-251,PIT,@,MIN,W,0,1,1,1,0,0,0,0,0,0,1,0,0,,30,25:16,1,0,0,0,
719,2019-01-02,38,31-253,PIT,@,NYR,W,1,1,2,2,0,1,0,0,1,0,1,0,2,50.0,27,25:20,3,4,0,0,
720,2019-01-04,39,31-255,PIT,,WPG,W,1,0,1,1,0,1,0,0,0,0,0,0,3,33.3,28,27:00,0,2,0,0,
721,2019-01-06,40,31-257,PIT,,CHI,L,0,1,1,-2,2,0,0,0,0,1,0,0,4,0.0,31,27:35,2,4,0,0,
722,2019-01-08,41,31-259,PIT,,FLA,W,0,0,0,1,2,0,0,0,0,0,0,0,1,0.0,31,28:15,4,6,0,0,
723,2019-01-11,42,31-262,PIT,@,ANA,W,0,1,1,0,0,0,0,0,0,1,0,0,1,0.0,29,26:09,3,2,0,0,
724,2019-01-12,43,31-263,PIT,@,LAK,L,0,0,0,-3,0,0,0,0,0,0,0,0,7,0.0,31,27:51,0,1,0,0,
725,2019-01-15,44,31-266,PIT,@,SJS,L,1,0,1,0,0,1,0,0,0,0,0,0,2,50.0,32,26:10,1,1,0,0,
726,2019-01-18,45,31-269,PIT,@,ARI,W,0,0,0,-1,0,0,0,0,0,0,0,0,2,0.0,32,27:01,3,2,0,0,
727,2019-01-19,46,31-270,PIT,@,VEG,L,0,1,1,0,0,0,0,0,0,1,0,0,0,,30,25:54,6,1,0,0,
728,2019-01-28,47,31-279,PIT,,NJD,L,0,0,0,-2,0,0,0,0,0,0,0,0,2,0.0,31,26:43,4,0,0,0,
729,2019-01-30,48,31-281,PIT,,TBL,W,1,1,2,3,0,1,0,0,0,1,0,0,5,20.0,29,27:28,3,4,0,0,
730,2019-02-01,49,31-283,PIT,,OTT,W,0,1,1,2,0,0,0,0,0,1,0,0,2,0.0,28,27:34,2,2,0,0,
731,2019-02-02,50,31-284,PIT,@,TOR,L,0,1,1,-2,0,0,0,0,0,0,1,0,2,0.0,35,25:43,3,3,0,0,
732,2019-02-05,51,31-287,PIT,,CAR,L,0,0,0,0,0,0,0,0,0,0,0,0,4,0.0,28,27:26,4,0,0,0,
733,2019-02-07,52,31-289,PIT,@,FLA,L-OT,0,2,2,0,0,0,0,0,0,1,0,1,5,0.0,32,27:07,2,2,0,0,
734,2019-02-09,53,31-291,PIT,@,TBL,L,0,0,0,-2,0,0,0,0,0,0,0,0,1,0.0,32,26:33,3,1,0,0,
735,2019-02-11,54,31-293,PIT,@,PHI,W,1,1,2,3,0,0,0,1,0,1,0,0,2,50.0,31,31:31,2,1,0,0,
736,2019-02-13,55,31-295,PIT,,EDM,W,0,1,1,2,0,0,0,0,0,1,0,0,9,0.0,30,23:53,2,0,0,0,
737,2019-02-16,56,31-298,PIT,,CGY,L,0,1,1,-3,0,0,0,0,0,0,1,0,2,0.0,30,28:55,3,1,0,0,
738,2019-02-17,57,31-299,PIT,,NYR,W,2,0,2,1,0,2,0,0,0,0,0,0,4,50.0,27,25:30,0,2,0,0,
739,2019-02-19,58,31-301,PIT,@,NJD,W,0,0,0,-1,0,0,0,0,0,0,0,0,4,0.0,30,24:57,0,0,0,0,
740,2019-02-21,59,31-303,PIT,,SJS,L,0,0,0,-1,2,0,0,0,0,0,0,0,6,0.0,29,23:22,1,1,0,0,
741,2019-02-23,60,31-305,PIT,@,PHI,L-OT,0,1,1,1,2,0,0,0,0,1,0,0,0,,8,6:18,0,0,0,0,
742,2019-03-19,61,31-329,PIT,@,CAR,L-SO,1,0,1,1,12,1,0,0,0,0,0,0,4,25.0,35,26:45,1,1,0,0,
743,2019-03-21,62,31-331,PIT,@,NSH,W,0,1,1,1,0,0,0,0,0,1,0,0,2,0.0,31,27:00,1,4,0,0,
744,2019-03-23,63,31-333,PIT,@,DAL,W,0,1,1,1,2,0,0,0,0,0,1,0,3,0.0,32,24:26,0,1,0,0,
745,2019-04-04,64,31-345,PIT,,DET,W,0,0,0,1,0,0,0,0,0,0,0,0,5,0.0,27,25:52,1,2,0,0,
746,2019-04-06,65,31-347,PIT,,NYR,L-OT,0,0,0,-1,0,0,0,0,0,0,0,0,4,0.0,27,27:58,2,1,0,0,
747,2019-10-03,1,32-162,PIT,,BUF,L,0,1,1,-2,0,0,0,0,0,0,1,0,4,0.0,28,27:45,1,3,0,0,
748,2019-10-05,2,32-164,PIT,,CBJ,W,1,0,1,1,0,0,1,0,0,0,0,0,3,33.3,26,24:08,1,1,0,0,
749,2019-10-08,3,32-167,PIT,,WPG,L,0,1,1,-1,0,0,0,0,0,1,0,0,3,0.0,25,24:12,3,0,0,0,
750,2019-10-10,4,32-169,PIT,,ANA,W,0,1,1,0,0,0,0,0,0,0,1,0,4,0.0,28,28:42,1,1,0,0,
751,2019-10-12,5,32-171,PIT,@,MIN,W,1,1,2,3,0,1,0,0,0,1,0,0,4,25.0,29,23:29,1,0,0,0,
752,2019-10-13,6,32-172,PIT,@,WPG,W,0,2,2,3,0,0,0,0,0,2,0,0,3,0.0,28,25:21,1,0,0,0,
753,2019-10-16,7,32-175,PIT,,COL,W,0,0,0,-2,0,0,0,0,0,0,0,0,7,0.0,27,26:40,5,2,0,0,
754,2019-10-18,8,32-177,PIT,,DAL,W,2,0,2,3,0,2,0,0,0,0,0,0,5,40.0,28,24:57,0,1,0,0,
755,2019-10-19,9,32-178,PIT,,VEG,L,0,0,0,-2,0,0,0,0,0,0,0,0,1,0.0,26,26:29,1,0,0,0,
756,2019-10-22,10,32-181,PIT,@,FLA,L,0,0,0,-2,0,0,0,0,0,0,0,0,3,0.0,25,23:20,2,0,0,0,
757,2019-10-23,11,32-182,PIT,@,TBL,L,0,0,0,2,0,0,0,0,0,0,0,0,4,0.0,26,23:16,3,3,0,0,
758,2019-10-26,12,32-185,PIT,@,DAL,W,0,0,0,1,2,0,0,0,0,0,0,0,1,0.0,30,25:18,1,2,0,0,
759,2019-10-29,13,32-188,PIT,,PHI,W,0,1,1,3,0,0,0,0,0,1,0,0,2,0.0,27,24:40,3,1,0,0,
760,2019-11-02,14,32-192,PIT,,EDM,L-OT,0,0,0,-1,0,0,0,0,0,0,0,0,5,0.0,29,28:55,2,2,0,0,
761,2019-11-04,15,32-194,PIT,@,BOS,L,0,1,1,-1,2,0,0,0,0,1,0,0,6,0.0,22,17:41,1,0,0,0,
762,2019-11-25,16,32-215,PIT,,CGY,W,0,0,0,1,0,0,0,0,0,0,0,0,4,0.0,31,25:37,2,2,0,0,
763,2019-11-27,17,32-217,PIT,,VAN,W,1,1,2,1,2,1,0,0,1,1,0,0,6,16.7,30,24:46,1,4,0,0,
764,2019-11-29,18,32-219,PIT,@,CBJ,L,1,0,1,-1,0,1,0,0,0,0,0,0,6,16.7,31,24:55,2,0,0,0,
765,2019-11-30,19,32-220,PIT,@,STL,L,1,0,1,0,0,1,0,0,0,0,0,0,4,25.0,29,28:23,0,1,0,0,
766,2019-12-04,20,32-224,PIT,,STL,W,0,0,0,0,0,0,0,0,0,0,0,0,1,0.0,31,27:48,1,0,0,0,
767,2019-12-06,21,32-226,PIT,,ARI,W,0,0,0,2,0,0,0,0,0,0,0,0,3,0.0,28,25:54,3,2,0,0,
768,2019-12-07,22,32-227,PIT,@,DET,W,0,2,2,1,2,0,0,0,0,1,1,0,1,0.0,28,23:40,1,2,0,0,
769,2019-12-10,23,32-230,PIT,,MTL,L,0,0,0,-2,0,0,0,0,0,0,0,0,1,0.0,30,22:43,2,3,0,0,
770,2019-12-12,24,32-232,PIT,,CBJ,W,0,1,1,0,0,0,0,0,0,0,1,0,3,0.0,27,25:47,1,0,0,0,
771,2019-12-14,25,32-234,PIT,,LAK,W,0,3,3,-1,0,0,0,0,0,2,1,0,2,0.0,31,27:41,3,2,0,0,
772,2019-12-17,26,32-237,PIT,@,CGY,W,1,1,2,2,0,1,0,0,0,1,0,0,1,100.0,30,27:54,0,1,0,0,
773,2019-12-20,27,32-240,PIT,@,EDM,W,1,0,1,-2,0,0,1,0,0,0,0,0,2,50.0,27,25:35,1,3,0,0,
774,2019-12-21,28,32-241,PIT,@,VAN,L,0,0,0,0,0,0,0,0,0,0,0,0,1,0.0,28,26:09,0,1,0,0,
775,2019-12-27,29,32-247,PIT,@,NSH,W,0,0,0,-2,0,0,0,0,0,0,0,0,3,0.0,29,25:41,1,2,0,0,
776,2019-12-28,30,32-248,PIT,,NSH,W,1,0,1,0,0,0,1,0,0,0,0,0,4,25.0,30,28:01,3,2,0,0,
777,2019-12-30,31,32-250,PIT,,OTT,W,0,0,0,3,0,0,0,0,0,0,0,0,2,0.0,29,22:51,3,1,0,0,
778,2020-01-02,32,32-253,PIT,,SJS,L-OT,0,0,0,1,2,0,0,0,0,0,0,0,2,0.0,30,25:10,1,3,0,0,
779,2020-01-04,33,32-255,PIT,@,MTL,W,0,0,0,0,2,0,0,0,0,0,0,0,1,0.0,34,28:57,2,3,0,0,
780,2020-01-05,34,32-256,PIT,,FLA,L,0,0,0,-2,0,0,0,0,0,0,0,0,0,,27,24:10,0,4,0,0,
781,2020-01-07,35,32-258,PIT,@,VEG,W,0,2,2,1,0,0,0,0,0,2,0,0,0,,27,26:19,6,2,0,0,
782,2020-01-10,36,32-261,PIT,@,COL,W,0,0,0,2,0,0,0,0,0,0,0,0,4,0.0,34,24:37,3,0,0,0,
783,2020-01-12,37,32-263,PIT,@,ARI,W,0,0,0,-2,0,0,0,0,0,0,0,0,2,0.0,34,29:37,5,2,0,0,
784,2020-01-14,38,32-265,PIT,,MIN,W,0,1,1,3,0,0,0,0,0,0,1,0,6,0.0,30,26:06,1,1,0,0,
785,2020-01-16,39,32-267,PIT,@,BOS,L,0,0,0,-1,2,0,0,0,0,0,0,0,2,0.0,31,27:50,3,1,0,0,
786,2020-01-17,40,32-268,PIT,@,DET,W,0,1,1,0,0,0,0,0,0,0,1,0,5,0.0,29,28:36,2,2,0,0,
787,2020-01-19,41,32-270,PIT,,BOS,W,0,1,1,0,4,0,0,0,0,1,0,0,2,0.0,32,24:12,1,4,0,0,
788,2020-01-21,42,32-272,PIT,@,PHI,L,0,0,0,-1,2,0,0,0,0,0,0,0,3,0.0,29,26:30,3,0,0,0,
789,2020-01-31,43,32-282,PIT,,PHI,W,1,1,2,0,0,0,1,0,0,1,0,0,2,50.0,30,24:48,2,2,0,0,
790,2020-02-02,44,32-284,PIT,@,WSH,W,0,0,0,0,2,0,0,0,0,0,0,0,1,0.0,29,29:28,1,1,0,0,
791,2020-02-06,45,32-288,PIT,@,TBL,L,0,1,1,-1,0,0,0,0,0,1,0,0,9,0.0,28,27:16,1,1,0,0,
792,2020-02-08,46,32-290,PIT,@,FLA,W,1,1,2,1,2,1,0,0,0,1,0,0,5,20.0,33,25:41,4,3,0,0,
793,2020-02-11,47,32-293,PIT,,TBL,L-OT,0,1,1,0,2,0,0,0,0,0,1,0,1,0.0,29,29:07,0,0,0,0,
794,2020-02-14,48,32-296,PIT,,MTL,W,1,0,1,0,0,0,1,0,0,0,0,0,1,100.0,27,25:52,0,2,0,0,
795,2020-02-16,49,32-298,PIT,,DET,W,1,0,1,0,0,0,1,0,1,0,0,0,4,25.0,25,23:15,0,0,0,0,
796,2020-02-18,50,32-300,PIT,,TOR,W,0,1,1,-1,0,0,0,0,0,0,1,0,3,0.0,28,25:32,1,1,0,0,
797,2020-02-20,51,32-302,PIT,@,TOR,L,0,0,0,-2,0,0,0,0,0,0,0,0,1,0.0,29,25:17,1,1,0,0,
798,2020-02-22,52,32-304,PIT,,BUF,L,0,0,0,-2,0,0,0,0,0,0,0,0,3,0.0,28,25:09,3,0,0,0,
799,2020-02-23,53,32-305,PIT,@,WSH,L,0,1,1,0,2,0,0,0,0,1,0,0,3,0.0,31,26:13,1,2,0,0,
800,2020-02-26,54,32-308,PIT,@,LAK,L,0,0,0,-1,2,0,0,0,0,0,0,0,3,0.0,28,25:42,2,3,0,0,
801,2020-02-28,55,32-310,PIT,@,ANA,L,0,0,0,0,2,0,0,0,0,0,0,0,1,0.0,33,27:51,1,2,0,0,
802,2020-02-29,56,32-311,PIT,@,SJS,L,0,0,0,-1,0,0,0,0,0,0,0,0,5,0.0,30,25:27,3,3,0,0,
803,2020-03-03,57,32-314,PIT,,OTT,W,0,1,1,2,0,0,0,0,0,1,0,0,2,0.0,32,24:43,1,2,0,0,
804,2020-03-05,58,32-316,PIT,@,BUF,W,0,0,0,1,2,0,0,0,0,0,0,0,1,0.0,28,24:04,0,0,0,0,
805,2020-03-07,59,32-318,PIT,,WSH,L,0,0,0,-4,2,0,0,0,0,0,0,0,1,0.0,29,26:19,1,0,0,0,
806,2020-03-08,60,32-319,PIT,,CAR,L,0,0,0,-2,0,0,0,0,0,0,0,0,3,0.0,27,23:06,1,3,0,0,
807,2020-03-10,61,32-321,PIT,@,NJD,W,1,1,2,2,2,1,0,0,0,1,0,0,2,50.0,28,24:03,1,1,0,0,
