,date_game,game_season,age,team_id,game_location,opp_id,game_result,goals,assists,points,plus_minus,pen_min,goals_ev,goals_pp,goals_sh,goals_gw,assists_ev,assists_pp,assists_sh,shots,shot_pct,shifts,time_on_ice,hits_all,blocks_all,faceoff_wins_all,faceoff_losses_all,faceoff_percentage_all
0,2009-10-03,1,22-069,LAK,,PHX,L,0,0,0,-2,0,0,0,0,0,,,,2,0.0,19,16:01,1,2,0,0,
1,2009-12-17,2,22-144,LAK,@,CGY,L,0,0,0,-1,0,0,0,0,0,,,,2,0.0,22,16:18,0,3,0,0,
2,2010-01-07,3,22-165,LAK,,DET,L,0,0,0,0,0,0,0,0,0,,,,2,0.0,16,15:04,1,0,0,0,
3,2010-01-11,4,22-169,LAK,,SJS,L,0,0,0,1,2,0,0,0,0,,,,0,,17,14:15,4,2,0,0,
4,2010-11-24,1,23-121,LAK,@,MTL,L,1,0,1,-1,0,0,1,0,0,,,,2,50.0,25,22:03,0,1,0,0,
5,2010-11-27,2,23-124,LAK,,CHI,L,0,0,0,-1,0,0,0,0,0,,,,1,0.0,20,18:01,3,1,0,0,
6,2010-11-29,3,23-126,LAK,@,ANA,L,0,0,0,0,0,0,0,0,0,,,,1,0.0,25,22:02,3,0,0,0,
7,2010-12-02,4,23-129,LAK,,FLA,W,0,0,0,1,0,0,0,0,0,,,,0,,24,17:33,1,1,0,0,
8,2010-12-04,5,23-131,LAK,,DET,W,1,1,2,2,2,1,0,0,0,,,,1,100.0,26,16:37,3,1,0,0,
9,2010-12-09,6,23-136,LAK,,CGY,W,0,0,0,0,0,0,0,0,0,,,,2,0.0,24,20:16,3,2,0,0,
10,2010-12-11,7,23-138,LAK,,MIN,L-OT,0,0,0,-1,2,0,0,0,0,,,,0,,24,18:10,2,1,0,0,
11,2010-12-13,8,23-140,LAK,@,DET,W,0,0,0,2,4,0,0,0,0,,,,0,,24,17:52,2,3,0,0,
12,2010-12-16,9,23-143,LAK,@,STL,L,0,0,0,-2,0,0,0,0,0,,,,0,,26,18:09,0,2,0,0,
13,2010-12-18,10,23-145,LAK,@,NSH,W,0,0,0,-1,2,0,0,0,0,,,,2,0.0,26,18:36,1,2,0,0,
14,2010-12-19,11,23-146,LAK,@,CHI,L,0,0,0,0,0,0,0,0,0,,,,0,,23,19:09,5,0,0,0,
15,2010-12-21,12,23-148,LAK,@,COL,W,0,0,0,1,0,0,0,0,0,,,,1,0.0,26,20:56,1,2,0,0,
16,2010-12-23,13,23-150,LAK,,EDM,W,0,0,0,0,0,0,0,0,0,,,,0,,28,22:20,4,0,0,0,
17,2010-12-26,14,23-153,LAK,,ANA,W,0,0,0,0,0,0,0,0,0,,,,0,,20,14:37,2,1,0,0,
18,2010-12-27,15,23-154,LAK,@,SJS,W,0,0,0,0,0,0,0,0,0,,,,1,0.0,20,13:36,1,1,0,0,
19,2010-12-29,16,23-156,LAK,@,PHX,L,0,0,0,-1,2,0,0,0,0,,,,1,0.0,24,14:22,2,3,0,0,
20,2010-12-30,17,23-157,LAK,,PHI,L,0,0,0,-1,0,0,0,0,0,,,,1,0.0,18,14:58,0,1,0,0,
21,2011-01-01,18,23-159,LAK,,SJS,L,0,0,0,0,0,0,0,0,0,,,,1,0.0,18,12:31,1,2,0,0,
22,2011-01-03,19,23-161,LAK,,CHI,L,0,1,1,0,0,0,0,0,0,,,,1,0.0,20,15:30,1,1,0,0,
23,2011-01-06,20,23-164,LAK,,NSH,L,0,0,0,-1,0,0,0,0,0,,,,1,0.0,20,15:19,2,1,0,0,
24,2011-01-08,21,23-166,LAK,,CBJ,W,0,1,1,0,0,0,0,0,0,,,,0,,22,15:09,4,1,0,0,
25,2011-01-10,22,23-168,LAK,,TOR,L,0,1,1,-1,0,0,0,0,0,,,,0,,20,15:36,0,0,0,0,
26,2011-01-13,23,23-171,LAK,,STL,L,0,1,1,1,0,0,0,0,0,,,,0,,20,14:50,1,1,0,0,
27,2011-01-15,24,23-173,LAK,,EDM,W,0,0,0,1,0,0,0,0,0,,,,2,0.0,24,16:17,0,0,0,0,
28,2011-01-17,25,23-175,LAK,@,DAL,L,0,0,0,0,0,0,0,0,0,,,,0,,22,18:42,2,2,0,0,
29,2011-01-18,26,23-176,LAK,@,STL,L,0,0,0,0,0,0,0,0,0,,,,1,0.0,17,14:54,2,0,0,0,
30,2011-01-20,27,23-178,LAK,,PHX,L,0,0,0,-1,0,0,0,0,0,,,,2,0.0,19,15:40,1,0,0,0,
31,2011-01-22,28,23-180,LAK,@,PHX,W,1,0,1,2,0,1,0,0,0,,,,1,100.0,23,16:31,0,1,0,0,
32,2011-01-24,29,23-182,LAK,,BOS,W,0,0,0,1,0,0,0,0,0,,,,3,0.0,18,13:33,0,1,0,0,
33,2011-01-26,30,23-184,LAK,,SJS,W,0,0,0,-1,0,0,0,0,0,,,,3,0.0,21,14:28,1,3,0,0,
34,2011-02-01,31,23-190,LAK,@,MIN,L-SO,0,0,0,0,0,0,0,0,0,,,,1,0.0,21,15:12,0,2,0,0,
35,2011-02-02,32,23-191,LAK,@,EDM,W,0,0,0,0,0,0,0,0,0,,,,3,0.0,21,13:15,1,0,0,0,
36,2011-02-05,33,23-194,LAK,@,CGY,W,0,0,0,1,0,0,0,0,0,,,,3,0.0,22,14:30,0,3,0,0,
37,2011-02-10,34,23-199,LAK,@,PIT,L-OT,0,0,0,-1,0,0,0,0,0,,,,2,0.0,18,12:59,0,1,0,0,
38,2011-02-12,35,23-201,LAK,@,WSH,W,0,0,0,2,0,0,0,0,0,,,,0,,20,13:09,0,2,0,0,
39,2011-02-13,36,23-202,LAK,@,PHI,W,0,0,0,0,0,0,0,0,0,,,,2,0.0,18,10:17,0,0,0,0,
40,2011-02-16,37,23-205,LAK,@,CBJ,W,0,1,1,2,0,0,0,0,0,,,,1,0.0,16,13:25,2,1,0,0,
41,2011-02-17,38,23-206,LAK,@,NYR,L-SO,0,1,1,2,0,0,0,0,0,,,,1,0.0,18,11:27,0,1,0,0,
42,2011-02-19,39,23-208,LAK,@,NYI,L,0,0,0,-1,2,0,0,0,0,,,,4,0.0,21,15:40,1,2,0,0,
43,2011-02-26,40,23-215,LAK,,COL,W,1,0,1,1,0,1,0,0,0,,,,1,100.0,18,13:47,1,1,0,0,
44,2011-02-28,41,23-217,LAK,,DET,L,0,0,0,1,0,0,0,0,0,,,,0,,20,13:07,1,1,0,0,
45,2011-03-03,42,23-220,LAK,,PHX,W,0,0,0,0,2,0,0,0,0,,,,0,,19,13:39,2,0,0,0,
46,2011-03-05,43,23-222,LAK,,VAN,L,0,0,0,0,0,0,0,0,0,,,,3,0.0,19,12:03,0,0,0,0,
47,2011-03-07,44,23-224,LAK,,DAL,L-OT,0,0,0,1,0,0,0,0,0,,,,2,0.0,18,14:00,2,1,0,0,
48,2011-03-09,45,23-226,LAK,@,DET,W,0,1,1,0,0,0,0,0,0,,,,1,0.0,15,10:01,0,2,0,0,
49,2011-03-11,46,23-228,LAK,@,CBJ,W,0,0,0,0,0,0,0,0,0,,,,1,0.0,16,11:02,2,1,0,0,
50,2011-03-13,47,23-230,LAK,@,DAL,W,0,0,0,-1,0,0,0,0,0,,,,0,,14,10:59,0,1,0,0,
51,2011-03-15,48,23-232,LAK,@,NSH,W,1,0,1,0,0,1,0,0,0,,,,2,50.0,18,11:34,0,1,0,0,
52,2011-03-17,49,23-234,LAK,,STL,L,0,0,0,-1,0,0,0,0,0,,,,1,0.0,18,16:00,3,3,0,0,
53,2011-03-19,50,23-236,LAK,,ANA,L-OT,0,0,0,1,0,0,0,0,0,,,,2,0.0,15,11:04,0,1,0,0,
54,2011-03-21,51,23-238,LAK,,CGY,W,0,0,0,0,0,0,0,0,0,,,,1,0.0,22,14:42,0,3,0,0,
55,2011-03-24,52,23-241,LAK,,SJS,W,0,2,2,0,2,0,0,0,0,,,,3,0.0,22,12:32,2,1,0,0,
56,2011-03-26,53,23-243,LAK,,COL,W,0,0,0,2,0,0,0,0,0,,,,0,,20,16:04,1,0,0,0,
57,2011-03-29,54,23-246,LAK,@,EDM,W,0,0,0,1,0,0,0,0,0,,,,5,0.0,18,16:06,0,1,0,0,
58,2011-03-31,55,23-248,LAK,@,VAN,L,0,0,0,0,0,0,0,0,0,,,,3,0.0,19,13:26,1,3,0,0,
59,2011-04-02,56,23-250,LAK,,DAL,W,0,0,0,1,0,0,0,0,0,,,,0,,21,15:17,1,0,0,0,
60,2011-04-04,57,23-252,LAK,@,SJS,L,0,1,1,0,0,0,0,0,0,,,,0,,22,18:43,1,2,0,0,
61,2011-04-06,58,23-254,LAK,,PHX,W,0,0,0,0,0,0,0,0,0,,,,4,0.0,23,18:19,0,2,0,0,
62,2011-04-08,59,23-256,LAK,@,ANA,L,0,0,0,1,0,0,0,0,0,,,,0,,19,13:04,0,1,0,0,
63,2011-04-09,60,23-257,LAK,,ANA,L,0,0,0,0,0,0,0,0,0,,,,0,,19,13:03,0,1,0,0,
64,2011-10-07,1,24-073,LAK,,NYR,W,0,0,0,0,0,0,0,0,0,,,,1,0.0,24,19:44,1,1,0,0,
65,2011-10-08,2,24-074,LAK,,BUF,L,0,0,0,-1,0,0,0,0,0,,,,0,,18,13:40,1,4,0,0,
66,2011-10-13,3,24-079,LAK,@,NJD,L-SO,0,0,0,1,0,0,0,0,0,,,,2,0.0,20,14:23,2,1,0,0,
67,2011-10-18,4,24-084,LAK,,STL,W,0,0,0,0,0,0,0,0,0,,,,3,0.0,21,17:13,0,1,0,0,
68,2011-10-20,5,24-086,LAK,@,PHX,W,0,0,0,0,0,0,0,0,0,,,,1,0.0,18,12:30,1,4,0,0,
69,2011-10-22,6,24-088,LAK,,DAL,W,0,0,0,0,0,0,0,0,0,,,,2,0.0,19,15:03,0,1,0,0,
70,2011-10-25,7,24-091,LAK,,NJD,L,0,0,0,-2,0,0,0,0,0,,,,6,0.0,17,15:02,2,1,0,0,
71,2011-10-27,8,24-093,LAK,@,DAL,W,0,0,0,-1,0,0,0,0,0,,,,0,,19,13:27,1,1,0,0,
72,2011-10-29,9,24-095,LAK,@,PHX,L-OT,0,0,0,-1,0,0,0,0,0,,,,1,0.0,22,16:13,1,2,0,0,
73,2011-10-30,10,24-096,LAK,@,COL,L,0,0,0,0,0,0,0,0,0,,,,3,0.0,24,16:10,0,2,0,0,
74,2011-11-03,11,24-100,LAK,,EDM,L,0,0,0,-1,2,0,0,0,0,,,,1,0.0,20,14:35,0,1,0,0,
75,2011-11-05,12,24-102,LAK,,PIT,L-SO,0,0,0,2,0,0,0,0,0,,,,3,0.0,20,14:23,2,0,0,0,
76,2011-11-07,13,24-104,LAK,@,SJS,L,0,0,0,0,0,0,0,0,0,,,,2,0.0,23,15:09,0,1,0,0,
77,2011-11-08,14,24-105,LAK,,NSH,W,1,0,1,0,0,0,1,0,0,,,,1,100.0,17,13:09,0,3,0,0,
78,2011-11-10,15,24-107,LAK,,VAN,L,0,0,0,0,0,0,0,0,0,,,,0,,19,15:18,0,1,0,0,
79,2011-11-12,16,24-109,LAK,,MIN,W,1,0,1,1,0,0,1,0,0,,,,3,33.3,22,16:16,0,1,0,0,
80,2011-12-08,17,24-135,LAK,,MIN,L,0,0,0,0,0,0,0,0,0,,,,1,0.0,23,17:28,1,1,0,1,0.0
81,2011-12-15,18,24-142,LAK,@,CBJ,W,0,0,0,0,2,0,0,0,0,,,,3,0.0,25,17:01,2,1,0,0,
82,2011-12-17,19,24-144,LAK,@,DET,L,0,0,0,-3,0,0,0,0,0,,,,1,0.0,19,17:16,1,1,0,0,
83,2012-01-02,20,24-160,LAK,,COL,L-SO,0,0,0,-1,0,0,0,0,0,,,,0,,22,16:50,5,0,0,0,
84,2012-01-05,21,24-163,LAK,,PHX,W,0,0,0,0,0,0,0,0,0,,,,1,0.0,23,17:37,0,1,0,0,
85,2012-01-07,22,24-165,LAK,,CBJ,L,0,0,0,0,0,0,0,0,0,,,,2,0.0,19,13:08,0,0,0,0,
86,2012-01-09,23,24-167,LAK,,WSH,W,0,0,0,1,0,0,0,0,0,,,,4,0.0,24,15:57,0,0,0,0,
87,2012-02-04,24,24-193,LAK,@,CAR,L,0,0,0,-1,0,0,0,0,0,,,,1,0.0,19,13:15,0,0,0,0,
88,2012-02-07,25,24-196,LAK,@,TBL,W,0,0,0,1,0,0,0,0,0,,,,0,,13,13:12,2,1,0,0,
89,2012-02-09,26,24-198,LAK,@,FLA,L,0,0,0,0,0,0,0,0,0,,,,1,0.0,21,16:54,0,1,0,0,
90,2012-02-11,27,24-200,LAK,@,NYI,L-OT,0,0,0,-1,0,0,0,0,0,,,,0,,17,12:53,1,0,0,0,
91,2012-02-12,28,24-201,LAK,@,DAL,W,0,0,0,0,0,0,0,0,0,,,,0,,14,10:02,0,1,0,0,
92,2012-02-21,29,24-210,LAK,@,PHX,L-SO,0,1,1,1,0,0,0,0,0,,,,2,0.0,15,11:50,0,1,0,0,
93,2012-02-22,30,24-211,LAK,@,COL,L,0,0,0,-2,0,0,0,0,0,,,,2,0.0,19,15:05,0,1,0,0,
94,2012-02-25,31,24-214,LAK,,CHI,W,0,1,1,1,0,0,0,0,0,,,,2,0.0,22,13:47,0,1,0,0,
95,2012-02-27,32,24-216,LAK,@,NSH,L,0,0,0,0,0,0,0,0,0,,,,3,0.0,17,14:47,0,2,0,0,
96,2012-02-28,33,24-217,LAK,@,MIN,W,0,1,1,1,0,0,0,0,0,,,,2,0.0,20,14:10,2,1,0,0,
97,2012-03-03,34,24-221,LAK,,ANA,W,0,1,1,-1,0,0,0,0,0,,,,1,0.0,19,16:34,3,0,0,0,
98,2012-03-06,35,24-224,LAK,@,NSH,W,0,0,0,1,0,0,0,0,0,,,,0,,20,13:16,0,,,,
99,2012-03-08,36,24-226,LAK,@,CBJ,L,0,0,0,0,2,0,0,0,0,,,,0,,21,16:41,1,0,0,0,
100,2012-03-09,37,24-227,LAK,@,DET,L,0,0,0,0,0,0,0,0,0,,,,1,0.0,17,13:13,2,0,0,0,
101,2012-03-11,38,24-229,LAK,@,CHI,W,0,0,0,0,0,0,0,0,0,,,,1,0.0,18,13:26,0,0,0,0,
102,2012-03-13,39,24-231,LAK,,DET,W,0,0,0,0,0,0,0,0,0,,,,2,0.0,17,13:53,4,1,0,0,
103,2012-03-16,40,24-234,LAK,@,ANA,W,1,0,1,2,0,1,0,0,0,,,,3,33.3,18,11:13,2,0,0,0,
104,2012-03-17,41,24-235,LAK,,NSH,W,0,0,0,1,0,0,0,0,0,,,,1,0.0,23,14:25,2,1,0,0,
105,2012-03-20,42,24-238,LAK,,SJS,W,1,0,1,1,0,1,0,0,0,,,,2,50.0,21,12:10,1,0,0,0,
106,2012-03-22,43,24-240,LAK,,STL,W,0,0,0,0,0,0,0,0,0,,,,1,0.0,22,14:04,5,1,0,0,
107,2012-03-24,44,24-242,LAK,,BOS,L,0,0,0,0,0,0,0,0,0,,,,2,0.0,22,19:06,0,0,0,0,
108,2012-03-26,45,24-244,LAK,@,VAN,L,0,0,0,0,0,0,0,0,0,,,,1,0.0,23,14:35,0,1,0,0,
109,2012-03-28,46,24-246,LAK,@,CGY,W,0,0,0,0,2,0,0,0,0,,,,0,,20,13:04,0,3,0,0,
110,2012-03-30,47,24-248,LAK,@,EDM,W,1,0,1,1,0,1,0,0,0,,,,2,50.0,22,15:02,0,1,0,0,
111,2012-03-31,48,24-249,LAK,@,MIN,L-SO,0,0,0,-1,0,0,0,0,0,,,,0,,19,11:43,0,0,0,0,
112,2012-04-02,49,24-251,LAK,,EDM,W,0,0,0,0,0,0,0,0,0,,,,1,0.0,20,13:00,0,0,0,0,
113,2012-04-05,50,24-254,LAK,,SJS,L-SO,1,1,2,0,0,0,1,0,0,,,,4,25.0,23,17:11,3,0,0,0,
114,2012-04-07,51,24-256,LAK,@,SJS,L-OT,0,1,1,0,0,0,0,0,0,,,,2,0.0,20,14:40,3,2,0,0,
115,2013-01-19,1,25-177,LAK,,CHI,L,0,0,0,-1,0,0,0,0,0,,,,0,,29,21:04,0,1,0,0,
116,2013-01-22,2,25-180,LAK,@,COL,L,0,1,1,0,2,0,0,0,0,,,,1,0.0,32,23:43,3,2,0,0,
117,2013-01-24,3,25-182,LAK,@,EDM,L-OT,0,0,0,0,0,0,0,0,0,,,,1,0.0,34,21:42,0,0,0,0,
118,2013-01-26,4,25-184,LAK,@,PHX,W,0,0,0,0,0,0,0,0,0,,,,0,,30,21:50,2,1,0,0,
119,2013-01-28,5,25-186,LAK,,VAN,W,0,0,0,1,0,0,0,0,0,,,,4,0.0,30,21:45,0,0,0,0,
120,2013-01-31,6,25-189,LAK,,NSH,L-SO,0,0,0,-1,0,0,0,0,0,,,,1,0.0,34,25:21,2,5,0,0,
121,2013-02-02,7,25-191,LAK,@,ANA,L,0,0,0,1,0,0,0,0,0,,,,0,,29,16:41,4,1,0,0,
122,2013-02-05,8,25-194,LAK,@,CBJ,W,0,0,0,0,0,0,0,0,0,,,,3,0.0,25,19:04,1,1,0,0,
123,2013-02-07,9,25-196,LAK,@,NSH,L,0,0,0,0,0,0,0,0,0,,,,0,,25,20:03,1,1,0,0,
124,2013-02-10,10,25-199,LAK,@,DET,L,1,0,1,0,2,1,0,0,0,,,,4,25.0,26,15:25,2,3,0,0,
125,2013-02-11,11,25-200,LAK,@,STL,W,0,0,0,0,0,0,0,0,0,,,,0,,3,1:35,1,0,0,0,
126,2013-03-04,12,25-221,LAK,,NSH,W,0,0,0,1,0,0,0,0,0,,,,0,,19,14:05,1,0,0,0,
127,2013-03-05,13,25-222,LAK,,STL,W,0,0,0,1,0,0,0,0,0,,,,0,,17,11:16,0,0,0,0,
128,2013-03-07,14,25-224,LAK,,DAL,L,0,1,1,0,2,0,0,0,0,,,,1,0.0,21,16:37,1,2,0,0,
129,2013-03-09,15,25-226,LAK,,CGY,W,0,0,0,0,0,0,0,0,0,,,,0,,24,15:26,2,2,0,0,
130,2013-03-11,16,25-228,LAK,,CGY,W,0,0,0,-1,0,0,0,0,0,,,,0,,17,12:08,0,3,0,0,
131,2013-03-14,17,25-231,LAK,@,SJS,L,0,0,0,-1,0,0,0,0,0,,,,3,0.0,23,18:40,1,5,0,0,
132,2013-03-16,18,25-233,LAK,,SJS,W,0,1,1,2,0,0,0,0,0,,,,1,0.0,25,17:44,3,1,0,0,
133,2013-03-18,19,25-235,LAK,,PHX,W,0,0,0,0,0,0,0,0,0,,,,1,0.0,20,13:47,2,0,0,0,
134,2013-03-19,20,25-236,LAK,,PHX,W,0,1,1,0,0,0,0,0,0,,,,0,,16,14:27,4,0,0,0,
135,2013-03-21,21,25-238,LAK,,DAL,L,0,0,0,0,0,0,0,0,0,,,,0,,16,12:19,0,0,0,0,
136,2013-03-23,22,25-240,LAK,,VAN,L,0,0,0,0,0,0,0,0,0,,,,1,0.0,14,11:44,0,0,0,0,
137,2013-03-25,23,25-242,LAK,@,CHI,W,0,0,0,0,0,0,0,0,0,,,,1,0.0,16,9:31,0,0,0,0,
138,2013-03-28,24,25-245,LAK,@,STL,W,0,0,0,0,0,0,0,0,0,,,,3,0.0,19,12:25,1,0,0,0,
139,2013-03-30,25,25-247,LAK,@,MIN,L-SO,0,0,0,-1,2,0,0,0,0,,,,2,0.0,27,16:00,0,2,0,0,
140,2013-03-31,26,25-248,LAK,@,DAL,W,0,0,0,0,2,0,0,0,0,,,,0,,22,13:48,0,1,0,0,
141,2013-04-02,27,25-250,LAK,@,PHX,L,0,0,0,-3,0,0,0,0,0,,,,3,0.0,22,14:27,0,0,0,0,
142,2013-10-09,1,26-075,LAK,,OTT,W,0,0,0,0,0,0,0,0,0,,,,2,0.0,23,18:09,1,0,0,0,
143,2013-10-11,2,26-077,LAK,@,CAR,W,0,0,0,0,0,0,0,0,0,,,,0,,20,16:28,0,2,0,0,
144,2013-10-13,3,26-079,LAK,@,FLA,W,0,0,0,2,0,0,0,0,0,,,,0,,24,15:12,0,0,0,0,
145,2013-10-15,4,26-081,LAK,@,TBL,L,0,0,0,0,0,0,0,0,0,,,,2,0.0,18,14:55,0,1,0,0,
146,2013-10-17,5,26-083,LAK,@,NSH,W,0,0,0,0,2,0,0,0,0,,,,1,0.0,22,13:15,0,0,0,0,
147,2013-11-07,6,26-104,LAK,,BUF,W,0,0,0,0,0,0,0,0,0,,,,1,0.0,19,14:18,1,1,0,0,
148,2013-11-09,7,26-106,LAK,,VAN,W,0,1,1,1,0,0,0,0,0,,,,3,0.0,24,18:49,3,2,0,0,
149,2013-11-12,8,26-109,LAK,@,BUF,L-SO,0,0,0,0,0,0,0,0,0,,,,2,0.0,22,16:50,1,1,0,0,
150,2013-11-14,9,26-111,LAK,@,NYI,W,0,0,0,0,0,0,0,0,0,,,,1,0.0,21,13:49,1,2,0,0,
151,2013-11-15,10,26-112,LAK,@,NJD,W,0,0,0,0,0,0,0,0,0,,,,2,0.0,19,13:35,0,0,0,0,
152,2013-11-17,11,26-114,LAK,@,NYR,W,0,0,0,0,0,0,0,0,0,,,,2,0.0,21,14:34,5,0,0,0,
153,2013-11-19,12,26-116,LAK,,TBL,W,0,0,0,-1,0,0,0,0,0,,,,2,0.0,20,15:13,3,1,0,0,
154,2013-11-21,13,26-118,LAK,,NJD,L-OT,0,0,0,-1,0,0,0,0,0,,,,0,,21,16:19,1,1,0,0,
155,2013-11-23,14,26-120,LAK,,COL,L-OT,0,0,0,0,0,0,0,0,0,,,,0,,20,15:03,0,0,0,0,
156,2013-11-25,15,26-122,LAK,@,VAN,W,0,0,0,1,0,0,0,0,0,,,,1,0.0,20,13:11,3,0,0,0,
157,2013-11-27,16,26-124,LAK,@,SJS,L-SO,0,0,0,0,0,0,0,0,0,,,,2,0.0,22,16:16,1,2,0,0,
158,2013-11-30,17,26-127,LAK,,CGY,L,0,0,0,-1,0,0,0,0,0,,,,0,,22,16:46,3,2,0,0,
159,2013-12-02,18,26-129,LAK,,STL,W,0,0,0,0,0,0,0,0,0,,,,1,0.0,22,15:28,1,0,0,0,
160,2013-12-03,19,26-130,LAK,@,ANA,W,0,0,0,0,0,0,0,0,0,,,,1,0.0,19,12:28,3,3,0,0,
161,2013-12-07,20,26-134,LAK,,NYI,W,0,1,1,1,0,0,0,0,0,,,,1,0.0,19,13:29,3,1,0,0,
162,2013-12-10,21,26-137,LAK,@,MTL,W,1,1,2,3,0,1,0,0,0,,,,1,100.0,21,15:44,1,2,0,0,
163,2013-12-11,22,26-138,LAK,@,TOR,W,0,0,0,0,0,0,0,0,0,,,,0,,16,10:55,1,0,0,0,
164,2013-12-14,23,26-141,LAK,@,OTT,W,0,0,0,0,0,0,0,0,0,,,,1,0.0,22,12:43,4,1,0,0,
165,2013-12-15,24,26-142,LAK,@,CHI,L,1,0,1,1,2,1,0,0,0,,,,1,100.0,22,16:14,0,1,0,0,
166,2013-12-17,25,26-144,LAK,,EDM,W,0,0,0,1,0,0,0,0,0,,,,2,0.0,23,18:09,2,7,0,0,
167,2013-12-19,26,26-146,LAK,,SJS,W,1,0,1,1,0,1,0,0,0,,,,3,33.3,26,17:34,0,1,0,0,
168,2013-12-21,27,26-148,LAK,,COL,W,0,0,0,0,4,0,0,0,0,,,,3,0.0,26,17:54,2,2,0,0,
169,2013-12-23,28,26-150,LAK,,DAL,L,0,0,0,2,0,0,0,0,0,,,,3,0.0,23,17:40,3,1,0,0,
170,2013-12-28,29,26-155,LAK,@,NSH,L,0,0,0,1,0,0,0,0,0,,,,0,,17,10:26,1,0,0,0,
171,2014-01-04,30,26-162,LAK,,VAN,W,0,0,0,0,0,0,0,0,0,,,,1,0.0,24,15:54,0,1,0,0,
172,2014-01-07,31,26-165,LAK,,MIN,L-SO,0,0,0,0,0,0,0,0,0,,,,1,0.0,20,16:00,3,1,0,0,
173,2014-01-09,32,26-167,LAK,,BOS,W,1,0,1,0,0,1,0,0,1,,,,2,50.0,18,13:03,1,1,0,0,
174,2014-01-11,33,26-169,LAK,,DET,L,0,0,0,-2,0,0,0,0,0,,,,1,0.0,21,12:56,2,0,0,0,
175,2014-01-16,34,26-174,LAK,@,STL,W,0,0,0,0,0,0,0,0,0,,,,1,0.0,21,15:31,2,0,0,0,
176,2014-01-18,35,26-176,LAK,@,DET,L-SO,0,0,0,0,0,0,0,0,0,,,,0,,21,13:40,3,0,0,0,
177,2014-01-20,36,26-178,LAK,@,BOS,L,0,0,0,0,0,0,0,0,0,,,,2,0.0,15,13:11,0,0,0,0,
178,2014-01-21,37,26-179,LAK,@,CBJ,L,0,0,0,1,0,0,0,0,0,,,,0,,18,13:36,2,0,0,0,
179,2014-01-23,38,26-181,LAK,@,ANA,L,0,0,0,-1,2,0,0,0,0,,,,0,,20,11:39,1,0,0,0,
180,2014-01-25,39,26-183,LAK,,ANA,L,0,0,0,-1,0,0,0,0,0,,,,1,0.0,18,12:01,0,1,0,0,
181,2014-02-27,40,26-216,LAK,@,CGY,W,0,0,0,0,0,0,0,0,0,,,,1,0.0,24,15:13,0,1,0,0,
182,2014-03-01,41,26-218,LAK,,CAR,W,1,0,1,0,0,0,1,0,1,,,,1,100.0,18,11:29,0,0,0,0,
183,2014-03-03,42,26-220,LAK,,MTL,W,0,1,1,-1,0,0,0,0,0,,,,0,,22,13:21,0,0,0,0,
184,2014-03-06,43,26-223,LAK,@,WPG,W,1,0,1,1,0,0,1,0,0,,,,2,50.0,20,14:23,3,2,0,0,
185,2014-03-09,44,26-226,LAK,@,EDM,W,1,0,1,1,0,1,0,0,0,,,,3,33.3,19,13:16,1,4,0,0,
186,2014-03-10,45,26-227,LAK,@,CGY,W,0,1,1,1,0,0,0,0,0,,,,0,,23,15:20,2,3,0,0,
187,2014-03-13,46,26-230,LAK,,TOR,L,0,0,0,0,2,0,0,0,0,,,,2,0.0,22,15:36,2,1,0,0,
188,2014-03-15,47,26-232,LAK,,ANA,L,0,1,1,0,0,0,0,0,0,,,,2,0.0,22,16:15,4,1,0,0,
189,2014-03-17,48,26-234,LAK,,PHX,L,1,0,1,1,0,1,0,0,0,,,,4,25.0,25,17:57,3,0,0,0,
190,2014-03-20,49,26-237,LAK,,WSH,W,0,0,0,1,0,0,0,0,0,,,,2,0.0,21,17:22,2,1,0,0,
191,2014-03-22,50,26-239,LAK,,FLA,W,1,0,1,0,0,0,1,0,0,,,,1,100.0,26,18:28,3,0,0,0,
192,2014-03-24,51,26-241,LAK,@,PHI,W,0,1,1,1,0,0,0,0,0,,,,1,0.0,18,15:24,1,6,0,0,
193,2014-03-25,52,26-242,LAK,@,WSH,W,0,1,1,-1,0,0,0,0,0,,,,0,,24,16:10,2,0,0,0,
194,2014-03-27,53,26-244,LAK,@,PIT,W,1,0,1,1,2,1,0,0,0,,,,3,33.3,23,14:17,1,2,0,0,
195,2014-03-29,54,26-246,LAK,,WPG,W,0,0,0,2,0,0,0,0,0,,,,1,0.0,20,16:33,0,2,0,0,
196,2014-03-31,55,26-248,LAK,,MIN,L,1,0,1,1,0,1,0,0,0,,,,1,100.0,24,17:49,1,2,0,0,
197,2014-04-02,56,26-250,LAK,,PHX,W,0,2,2,1,0,0,0,0,0,,,,0,,27,19:35,5,2,0,0,
198,2014-04-03,57,26-251,LAK,@,SJS,L,0,1,1,0,0,0,0,0,0,,,,3,0.0,31,23:25,1,4,0,0,
199,2014-04-05,58,26-253,LAK,@,VAN,L,0,0,0,0,0,0,0,0,0,,,,1,0.0,28,20:12,1,2,0,0,
200,2014-04-09,59,26-257,LAK,@,CGY,L-SO,0,0,0,-1,0,0,0,0,0,,,,1,0.0,31,23:03,2,2,0,0,
201,2014-04-10,60,26-258,LAK,@,EDM,W,0,0,0,2,0,0,0,0,0,,,,1,0.0,26,20:19,2,2,0,0,
202,2014-04-12,61,26-260,LAK,,ANA,L-SO,0,0,0,-1,0,0,0,0,0,,,,2,0.0,27,22:13,2,0,0,0,
203,2014-10-08,1,27-074,LAK,,SJS,L,0,0,0,-1,0,0,0,0,0,0,0,0,2,0.0,23,16:04,0,5,0,0,
204,2014-10-11,2,27-077,LAK,@,ARI,L-OT,0,0,0,1,0,0,0,0,0,0,0,0,5,0.0,25,17:43,0,1,0,0,
205,2014-10-12,3,27-078,LAK,,WPG,W,0,0,0,2,0,0,0,0,0,0,0,0,2,0.0,26,19:11,2,0,0,0,
206,2014-10-14,4,27-080,LAK,,EDM,W,0,1,1,1,0,0,0,0,0,0,1,0,2,0.0,26,16:06,0,1,0,0,
207,2014-10-16,5,27-082,LAK,,STL,W,0,0,0,0,0,0,0,0,0,0,0,0,2,0.0,26,22:13,2,1,0,0,
208,2014-10-19,6,27-085,LAK,,MIN,W,0,0,0,0,0,0,0,0,0,0,0,0,0,,22,15:06,2,0,0,0,
209,2014-10-23,7,27-089,LAK,,BUF,W,0,0,0,0,0,0,0,0,0,0,0,0,4,0.0,26,17:24,2,0,0,0,
210,2014-10-26,8,27-092,LAK,,CBJ,W,0,0,0,2,0,0,0,0,0,0,0,0,1,0.0,32,23:57,1,3,0,0,
211,2014-10-28,9,27-094,LAK,@,PHI,L-OT,0,0,0,0,0,0,0,0,0,0,0,0,3,0.0,31,23:48,2,2,0,0,
212,2014-10-30,10,27-096,LAK,@,PIT,L,0,0,0,-1,0,0,0,0,0,0,0,0,4,0.0,28,19:43,5,2,0,0,
213,2014-10-31,11,27-097,LAK,@,DET,L,1,0,1,2,0,1,0,0,0,0,0,0,3,33.3,26,19:39,1,4,0,0,
214,2014-11-02,12,27-099,LAK,@,CAR,L,1,0,1,-1,0,1,0,0,0,0,0,0,4,25.0,27,17:36,1,1,0,0,
215,2014-11-04,13,27-101,LAK,@,DAL,W,0,0,0,1,2,0,0,0,0,0,0,0,1,0.0,28,19:52,4,4,0,0,
216,2014-11-06,14,27-103,LAK,,NYI,L-SO,0,0,0,0,0,0,0,0,0,0,0,0,1,0.0,33,23:10,1,1,0,0,
217,2014-11-08,15,27-105,LAK,,VAN,W,0,3,3,3,0,0,0,0,0,3,0,0,4,0.0,37,25:30,2,1,0,0,
218,2014-11-12,16,27-109,LAK,@,ANA,L-SO,0,1,1,1,0,0,0,0,0,1,0,0,2,0.0,28,26:03,5,4,0,0,
219,2014-11-13,17,27-110,LAK,,DAL,L,0,0,0,-1,0,0,0,0,0,0,0,0,1,0.0,18,11:55,2,2,0,0,
220,2014-12-02,18,27-129,LAK,,BOS,W,0,0,0,0,0,0,0,0,0,0,0,0,2,0.0,22,19:01,0,1,0,0,
221,2014-12-04,19,27-131,LAK,@,ARI,W,1,1,2,1,2,0,1,0,0,0,1,0,1,100.0,25,21:16,2,4,0,0,
222,2014-12-06,20,27-133,LAK,,PHI,L,0,0,0,1,0,0,0,0,0,0,0,0,2,0.0,26,20:14,3,1,0,0,
223,2014-12-09,21,27-136,LAK,@,BUF,L,0,0,0,0,0,0,0,0,0,0,0,0,2,0.0,28,22:35,2,0,0,0,
224,2014-12-11,22,27-138,LAK,@,OTT,W,0,0,0,0,2,0,0,0,0,0,0,0,1,0.0,28,19:54,2,3,0,0,
225,2014-12-12,23,27-139,LAK,@,MTL,L,0,0,0,0,0,0,0,0,0,0,0,0,1,0.0,23,19:16,2,1,0,0,
226,2014-12-14,24,27-141,LAK,@,TOR,L-SO,0,2,2,2,0,0,0,0,0,2,0,0,2,0.0,32,23:00,2,2,0,0,
227,2014-12-16,25,27-143,LAK,@,STL,L,0,0,0,-2,0,0,0,0,0,0,0,0,0,,27,20:36,1,1,0,0,
228,2014-12-18,26,27-145,LAK,,STL,W,0,0,0,0,0,0,0,0,0,0,0,0,3,0.0,35,22:59,4,1,0,0,
229,2014-12-20,27,27-147,LAK,,ARI,W,0,1,1,1,0,0,0,0,0,0,1,0,3,0.0,28,22:16,3,8,0,0,
230,2014-12-22,28,27-149,LAK,,CGY,L-OT,0,0,0,-1,0,0,0,0,0,0,0,0,0,,32,22:26,2,4,0,0,
231,2014-12-27,29,27-154,LAK,,SJS,W,0,0,0,0,0,0,0,0,0,0,0,0,2,0.0,30,21:27,1,1,0,0,
232,2014-12-29,30,27-156,LAK,@,CGY,L,0,0,0,0,0,0,0,0,0,0,0,0,1,0.0,28,22:06,1,1,0,0,
233,2014-12-30,31,27-157,LAK,@,EDM,L-SO,0,0,0,-1,0,0,0,0,0,0,0,0,3,0.0,35,27:06,4,4,0,0,
234,2015-01-01,32,27-159,LAK,@,VAN,W,0,0,0,0,0,0,0,0,0,0,0,0,0,,31,19:50,1,4,0,0,
235,2015-01-03,33,27-161,LAK,,NSH,L-OT,1,2,3,3,0,1,0,0,0,2,0,0,3,33.3,29,21:46,1,0,0,0,
236,2015-01-08,34,27-166,LAK,,NYR,L,0,1,1,1,2,0,0,0,0,1,0,0,2,0.0,33,25:03,0,3,0,0,
237,2015-01-10,35,27-168,LAK,,WPG,L-SO,0,0,0,0,0,0,0,0,0,0,0,0,1,0.0,27,20:42,3,4,0,0,
238,2015-01-12,36,27-170,LAK,,TOR,W,0,0,0,0,0,0,0,0,0,0,0,0,0,,27,22:10,3,1,0,0,
239,2015-01-14,37,27-172,LAK,,NJD,L,0,0,0,0,0,0,0,0,0,0,0,0,2,0.0,27,21:21,1,3,0,0,
240,2015-01-17,38,27-175,LAK,,ANA,L-SO,1,0,1,1,0,1,0,0,0,0,0,0,2,50.0,30,22:20,5,2,0,0,
241,2015-01-19,39,27-177,LAK,,CGY,L-OT,0,0,0,-2,0,0,0,0,0,0,0,0,0,,32,24:34,1,2,0,0,
242,2015-01-21,40,27-179,LAK,@,SJS,L,0,0,0,-1,0,0,0,0,0,0,0,0,0,,25,16:26,1,3,0,0,
243,2015-01-28,41,27-186,LAK,,CHI,W,0,0,0,0,0,0,0,0,0,0,0,0,1,0.0,33,21:55,2,4,0,0,
244,2015-01-31,42,27-189,LAK,@,BOS,L,0,0,0,0,0,0,0,0,0,0,0,0,2,0.0,30,19:54,3,1,0,0,
245,2015-02-03,43,27-192,LAK,@,WSH,L,0,0,0,-1,0,0,0,0,0,0,0,0,0,,29,21:34,2,2,0,0,
246,2015-02-05,44,27-194,LAK,@,FLA,L,0,0,0,0,0,0,0,0,0,0,0,0,2,0.0,26,20:01,0,1,0,0,
247,2015-02-07,45,27-196,LAK,@,TBL,W,0,0,0,0,0,0,0,0,0,0,0,0,0,,3,2:56,0,1,0,0,
248,2015-03-23,46,27-240,LAK,@,NJD,W,0,0,0,0,0,0,0,0,0,0,0,0,3,0.0,22,16:23,0,5,0,0,
249,2015-03-24,47,27-241,LAK,@,NYR,W,0,0,0,0,0,0,0,0,0,0,0,0,1,0.0,21,15:03,1,4,0,0,
250,2015-03-26,48,27-243,LAK,@,NYI,W,0,2,2,0,0,0,0,0,0,2,0,0,3,0.0,23,15:09,1,2,0,0,
251,2015-03-28,49,27-245,LAK,@,MIN,L,0,0,0,0,0,0,0,0,0,0,0,0,0,,27,17:32,0,2,0,0,
252,2015-03-30,50,27-247,LAK,@,CHI,L,0,0,0,-3,0,0,0,0,0,0,0,0,3,0.0,27,17:51,2,1,0,0,
253,2015-04-02,51,27-250,LAK,,EDM,W,0,1,1,1,0,0,0,0,0,1,0,0,1,0.0,26,18:44,2,2,0,0,
254,2015-04-04,52,27-252,LAK,,COL,W,1,0,1,1,0,1,0,0,1,0,0,0,2,50.0,23,17:57,2,1,0,0,
255,2015-04-06,53,27-254,LAK,@,VAN,L-SO,0,0,0,0,0,0,0,0,0,0,0,0,3,0.0,30,21:46,0,2,0,0,
256,2015-04-07,54,27-255,LAK,@,EDM,L,0,0,0,-2,0,0,0,0,0,0,0,0,4,0.0,28,20:43,2,2,0,0,
257,2015-04-09,55,27-257,LAK,@,CGY,L,0,1,1,0,0,0,0,0,0,1,0,0,3,0.0,24,17:08,1,1,0,0,
258,2015-04-11,56,27-259,LAK,,SJS,W,0,0,0,1,2,0,0,0,0,0,0,0,1,0.0,23,18:07,0,0,0,0,
259,2015-10-07,1,28-073,LAK,,SJS,L,0,0,0,1,2,0,0,0,0,0,0,0,1,0.0,27,18:00,2,2,0,0,
260,2015-10-09,2,28-075,LAK,,ARI,L,0,0,0,-1,0,0,0,0,0,0,0,0,3,0.0,24,19:52,3,4,0,0,
261,2015-10-13,3,28-079,LAK,,VAN,L,0,0,0,-1,0,0,0,0,0,0,0,0,1,0.0,25,21:33,0,3,0,0,
262,2015-10-16,4,28-082,LAK,,MIN,W,0,0,0,0,0,0,0,0,0,0,0,0,1,0.0,34,23:28,0,2,0,0,
263,2015-10-18,5,28-084,LAK,,COL,W,0,0,0,1,0,0,0,0,0,0,0,0,2,0.0,29,21:37,1,2,0,0,
264,2015-10-22,6,28-088,LAK,@,SJS,W,0,1,1,1,2,0,0,0,0,1,0,0,0,,32,21:39,2,1,0,0,
265,2015-10-23,7,28-089,LAK,,CAR,W,0,0,0,1,0,0,0,0,0,0,0,0,1,0.0,31,22:25,5,0,0,0,
266,2015-10-25,8,28-091,LAK,@,EDM,W,0,0,0,-1,0,0,0,0,0,0,0,0,0,,30,21:19,3,2,0,0,
267,2015-10-27,9,28-093,LAK,@,WPG,W,0,0,0,2,0,0,0,0,0,0,0,0,1,0.0,29,23:01,1,3,0,0,
268,2015-10-31,10,28-097,LAK,,NSH,W,0,0,0,-1,2,0,0,0,0,0,0,0,1,0.0,30,23:29,1,2,0,0,
269,2015-11-02,11,28-099,LAK,@,CHI,L,1,0,1,0,0,1,0,0,0,0,0,0,4,25.0,29,21:07,4,2,0,0,
270,2015-11-03,12,28-100,LAK,@,STL,W,0,0,0,1,2,0,0,0,0,0,0,0,2,0.0,29,18:03,1,0,0,0,
271,2015-11-05,13,28-102,LAK,,CBJ,L,1,0,1,0,0,0,1,0,0,0,0,0,4,25.0,28,21:08,3,2,0,0,
272,2015-11-07,14,28-104,LAK,,FLA,W,0,0,0,0,0,0,0,0,0,0,0,0,2,0.0,31,23:00,3,3,0,0,
273,2015-11-10,15,28-107,LAK,,ARI,L,0,1,1,-1,2,0,0,0,0,0,1,0,2,0.0,31,19:59,1,5,0,0,
274,2015-11-12,16,28-109,LAK,,NYI,W,0,0,0,0,0,0,0,0,0,0,0,0,0,,30,21:48,0,1,0,0,
275,2015-11-14,17,28-111,LAK,,EDM,W,0,0,0,2,2,0,0,0,0,0,0,0,1,0.0,27,21:06,2,3,0,0,
276,2015-11-17,18,28-114,LAK,@,PHI,W,0,1,1,-1,0,0,0,0,0,0,1,0,4,0.0,36,23:50,5,3,0,0,
277,2015-11-20,19,28-117,LAK,@,DET,L,0,1,1,2,0,0,0,0,0,0,0,1,1,0.0,28,23:02,0,2,0,0,
278,2015-11-22,20,28-119,LAK,@,CAR,L,0,0,0,-1,0,0,0,0,0,0,0,0,0,,28,18:12,0,3,0,0,
279,2015-11-23,21,28-120,LAK,@,FLA,W,1,0,1,1,0,1,0,0,1,0,0,0,1,100.0,27,19:28,1,0,0,0,
280,2015-11-25,22,28-122,LAK,@,TBL,L-SO,0,0,0,-1,0,0,0,0,0,0,0,0,1,0.0,33,22:31,4,1,0,0,
281,2015-11-28,23,28-125,LAK,,CHI,W,0,0,0,0,0,0,0,0,0,0,0,0,2,0.0,29,19:34,3,1,0,0,
282,2015-12-01,24,28-128,LAK,,VAN,W,0,0,0,1,0,0,0,0,0,0,0,0,4,0.0,30,20:10,3,0,0,0,
283,2015-12-05,25,28-132,LAK,,PIT,W,0,0,0,0,0,0,0,0,0,0,0,0,1,0.0,29,18:36,3,2,0,0,
284,2015-12-06,26,28-133,LAK,,TBL,W,0,0,0,0,0,0,0,0,0,0,0,0,0,,26,17:09,3,2,0,0,
285,2015-12-08,27,28-135,LAK,@,CBJ,W,1,1,2,2,0,1,0,0,1,1,0,0,7,14.3,32,24:10,4,4,0,0,
286,2015-12-11,28,28-138,LAK,@,PIT,W,0,1,1,0,0,0,0,0,0,1,0,0,2,0.0,36,24:54,1,2,0,0,
287,2015-12-12,29,28-139,LAK,@,BUF,L-OT,0,0,0,-1,0,0,0,0,0,0,0,0,0,,28,24:12,1,6,0,0,
288,2015-12-14,30,28-141,LAK,@,OTT,L,0,1,1,0,0,0,0,0,0,0,1,0,4,0.0,29,20:10,1,4,0,0,
289,2015-12-17,31,28-144,LAK,@,MTL,W,0,0,0,1,2,0,0,0,0,0,0,0,0,,29,21:55,4,2,0,0,
290,2015-12-19,32,28-146,LAK,@,TOR,L,0,0,0,-2,0,0,0,0,0,0,0,0,0,,29,20:13,3,1,0,0,
291,2015-12-22,33,28-149,LAK,,SJS,L,0,1,1,0,0,0,0,0,0,1,0,0,6,0.0,34,24:18,3,1,0,0,
292,2015-12-26,34,28-153,LAK,@,ARI,W,0,1,1,0,2,0,0,0,0,0,1,0,1,0.0,34,24:56,3,2,0,0,
293,2015-12-28,35,28-155,LAK,@,VAN,W,0,1,1,1,0,0,0,0,0,1,0,0,3,0.0,33,25:17,1,2,0,0,
294,2015-12-29,36,28-156,LAK,@,EDM,W,0,0,0,1,0,0,0,0,0,0,0,0,0,,30,24:40,4,4,0,0,
295,2015-12-31,37,28-158,LAK,@,CGY,W,0,0,0,0,0,0,0,0,0,0,0,0,2,0.0,30,20:54,0,4,0,0,
296,2016-01-02,38,28-160,LAK,,PHI,W,0,0,0,1,2,0,0,0,0,0,0,0,0,,29,21:22,5,3,0,0,
297,2016-01-04,39,28-162,LAK,@,COL,L,0,0,0,0,2,0,0,0,0,0,0,0,1,0.0,32,21:31,1,0,0,0,
298,2016-01-07,40,28-165,LAK,,TOR,W,0,0,0,1,0,0,0,0,0,0,0,0,2,0.0,29,21:26,1,5,0,0,
299,2016-01-09,41,28-167,LAK,,STL,L-SO,0,0,0,1,0,0,0,0,0,0,0,0,1,0.0,34,23:43,1,2,0,0,
300,2016-01-11,42,28-169,LAK,,DET,W,1,0,1,0,0,0,1,0,1,0,0,0,1,100.0,27,19:06,1,1,0,0,
301,2016-01-16,43,28-174,LAK,,OTT,L,0,0,0,1,0,0,0,0,0,0,0,0,0,,27,20:48,0,4,0,0,
302,2016-01-17,44,28-175,LAK,@,ANA,W,0,1,1,-1,0,0,0,0,0,0,1,0,1,0.0,32,22:59,3,4,0,0,
303,2016-01-19,45,28-177,LAK,,DAL,W,0,0,0,0,0,0,0,0,0,0,0,0,1,0.0,31,19:11,3,1,0,0,
304,2016-01-21,46,28-179,LAK,,MIN,L,0,0,0,-1,0,0,0,0,0,0,0,0,1,0.0,33,24:12,0,2,0,0,
305,2016-01-23,47,28-181,LAK,@,ARI,L,0,0,0,0,0,0,0,0,0,0,0,0,1,0.0,27,20:44,2,4,0,0,
306,2016-01-24,48,28-182,LAK,@,SJS,W,0,0,0,0,0,0,0,0,0,0,0,0,3,0.0,32,22:14,1,3,0,0,
307,2016-01-27,49,28-185,LAK,,COL,L,0,0,0,3,0,0,0,0,0,0,0,0,4,0.0,27,22:15,4,1,0,0,
308,2016-02-02,50,28-191,LAK,@,ARI,W,1,1,2,2,0,0,1,0,0,0,1,0,1,100.0,29,21:40,1,3,0,0,
309,2016-02-04,51,28-193,LAK,,ANA,L,1,0,1,0,0,1,0,0,0,0,0,0,2,50.0,30,21:04,4,3,0,0,
310,2016-02-09,52,28-198,LAK,@,BOS,W,0,0,0,2,2,0,0,0,0,0,0,0,1,0.0,27,20:44,1,3,0,0,
311,2016-02-11,53,28-200,LAK,@,NYI,L,0,0,0,-2,4,0,0,0,0,0,0,0,2,0.0,28,18:03,3,1,0,0,
312,2016-02-12,54,28-201,LAK,@,NYR,W,0,2,2,1,2,0,0,0,0,1,1,0,2,0.0,27,20:23,1,0,0,0,
313,2016-02-14,55,28-203,LAK,@,NJD,L,0,0,0,0,0,0,0,0,0,0,0,0,3,0.0,27,19:49,2,1,0,0,
314,2016-02-16,56,28-205,LAK,@,WSH,L,0,0,0,0,2,0,0,0,0,0,0,0,1,0.0,30,20:16,1,1,0,0,
315,2016-02-18,57,28-207,LAK,@,STL,L-OT,0,0,0,-1,0,0,0,0,0,0,0,0,1,0.0,36,24:10,2,3,0,0,
316,2016-02-20,58,28-209,LAK,@,NSH,W,0,1,1,1,0,0,0,0,0,1,0,0,0,,33,22:34,0,4,0,0,
317,2016-02-23,59,28-212,LAK,,CGY,W,0,0,0,1,0,0,0,0,0,0,0,0,1,0.0,28,19:20,1,2,0,0,
318,2016-02-25,60,28-214,LAK,,EDM,W,0,0,0,0,0,0,0,0,0,0,0,0,0,,32,20:21,2,2,0,0,
319,2016-02-27,61,28-216,LAK,,BUF,W,0,1,1,1,0,0,0,0,0,1,0,0,2,0.0,23,17:18,1,2,0,0,
320,2016-02-28,62,28-217,LAK,@,ANA,L,1,0,1,1,4,0,1,0,0,0,0,0,3,33.3,19,13:16,5,4,0,0,
321,2016-03-03,63,28-221,LAK,,MTL,W,0,1,1,1,0,0,0,0,0,1,0,0,1,0.0,27,17:54,3,3,0,0,
322,2016-03-05,64,28-223,LAK,,ANA,L,0,0,0,0,0,0,0,0,0,0,0,0,0,,28,22:33,0,3,0,0,
323,2016-03-07,65,28-225,LAK,,VAN,W,0,1,1,0,0,0,0,0,0,1,0,0,0,,25,17:49,1,4,0,0,
324,2016-03-09,66,28-227,LAK,,WSH,W,0,1,1,1,0,0,0,0,0,0,1,0,3,0.0,26,19:59,2,4,0,0,
325,2016-03-12,67,28-230,LAK,,NJD,L-OT,0,1,1,-1,2,0,0,0,0,1,0,0,2,0.0,26,24:30,5,3,0,0,
326,2016-03-14,68,28-232,LAK,@,CHI,W,0,0,0,1,2,0,0,0,0,0,0,0,1,0.0,28,18:21,3,3,0,0,
327,2016-03-15,69,28-233,LAK,@,DAL,W,0,0,0,2,2,0,0,0,0,0,0,0,0,,27,19:42,5,1,0,0,
328,2016-03-17,70,28-235,LAK,,NYR,W,0,0,0,-1,0,0,0,0,0,0,0,0,1,0.0,29,25:03,1,2,0,0,
329,2016-03-19,71,28-237,LAK,,BOS,W,1,0,1,1,0,1,0,0,1,0,0,0,4,25.0,28,21:04,1,3,0,0,
330,2016-03-21,72,28-239,LAK,@,NSH,L,1,0,1,-1,0,1,0,0,0,0,0,0,5,20.0,28,21:25,5,0,0,0,
331,2016-03-22,73,28-240,LAK,@,MIN,L,0,0,0,0,0,0,0,0,0,0,0,0,2,0.0,30,20:34,1,1,0,0,
332,2016-03-24,74,28-242,LAK,@,WPG,L,0,0,0,-2,0,0,0,0,0,0,0,0,0,,30,20:59,1,2,0,0,
333,2016-03-26,75,28-244,LAK,,EDM,W,0,0,0,-2,0,0,0,0,0,0,0,0,1,0.0,28,19:50,2,3,0,0,
334,2016-03-28,76,28-246,LAK,@,SJS,L,0,1,1,-1,0,0,0,0,0,0,1,0,0,,26,19:45,4,3,0,0,
335,2016-03-31,77,28-249,LAK,,CGY,W,0,0,0,0,0,0,0,0,0,0,0,0,1,0.0,28,21:34,2,1,0,0,
336,2016-04-02,78,28-251,LAK,,DAL,L,0,0,0,0,0,0,0,0,0,0,0,0,3,0.0,29,19:29,3,4,0,0,
337,2016-10-12,1,29-078,LAK,@,SJS,L,0,0,0,0,0,0,0,0,0,0,0,0,1,0.0,29,21:17,1,5,0,0,
338,2016-10-14,2,29-080,LAK,,PHI,L,0,1,1,1,0,0,0,0,0,1,0,0,2,0.0,28,22:09,3,1,0,0,
339,2016-10-18,3,29-084,LAK,@,MIN,L,0,0,0,-1,0,0,0,0,0,0,0,0,2,0.0,32,20:16,2,1,0,0,
340,2016-10-20,4,29-086,LAK,@,DAL,W,1,1,2,1,0,1,0,0,1,1,0,0,4,25.0,40,25:58,2,4,0,0,
341,2016-10-22,5,29-088,LAK,,VAN,W,0,1,1,0,0,0,0,0,0,0,1,0,1,0.0,34,21:48,1,0,0,0,
342,2016-10-25,6,29-091,LAK,,CBJ,W,1,0,1,0,0,1,0,0,1,0,0,0,3,33.3,29,21:46,1,1,0,0,
343,2016-10-27,7,29-093,LAK,,NSH,W,0,2,2,1,0,0,0,0,0,1,1,0,4,0.0,33,22:46,2,3,0,0,
344,2016-10-29,8,29-095,LAK,@,STL,L,0,0,0,-1,2,0,0,0,0,0,0,0,3,0.0,32,23:49,3,1,0,0,
345,2016-10-30,9,29-096,LAK,@,CHI,L,0,0,0,-1,0,0,0,0,0,0,0,0,4,0.0,33,26:26,1,3,0,0,
346,2016-11-01,10,29-098,LAK,,ANA,L,0,0,0,-1,0,0,0,0,0,0,0,0,3,0.0,34,25:37,5,0,0,0,
347,2016-11-03,11,29-100,LAK,,PIT,W,0,2,2,2,0,0,0,0,0,2,0,0,0,,35,25:01,1,1,0,0,
348,2016-11-05,12,29-102,LAK,,CGY,W,0,0,0,1,0,0,0,0,0,0,0,0,3,0.0,31,24:11,4,2,0,0,
349,2016-11-08,13,29-105,LAK,@,TOR,W,0,0,0,1,0,0,0,0,0,0,0,0,2,0.0,31,22:12,4,0,0,0,
350,2016-11-10,14,29-107,LAK,@,MTL,L,0,0,0,-4,0,0,0,0,0,0,0,0,4,0.0,29,22:25,2,4,0,0,
351,2016-11-11,15,29-108,LAK,@,OTT,L,0,0,0,-1,0,0,0,0,0,0,0,0,2,0.0,30,21:30,1,1,0,0,
352,2016-11-13,16,29-110,LAK,@,WPG,L-SO,0,0,0,1,2,0,0,0,0,0,0,0,0,,32,23:24,0,1,0,0,
353,2016-11-15,17,29-112,LAK,@,COL,L,0,0,0,-3,0,0,0,0,0,0,0,0,0,,31,21:33,2,2,0,0,
354,2016-11-17,18,29-114,LAK,,EDM,W,0,1,1,1,0,0,0,0,0,1,0,0,2,0.0,32,23:13,4,1,0,0,
355,2016-11-19,19,29-116,LAK,,NJD,W,1,0,1,2,0,1,0,0,0,0,0,0,4,25.0,29,22:30,1,4,0,0,
356,2016-11-20,20,29-117,LAK,@,ANA,W,0,1,1,-1,2,0,0,0,0,0,1,0,0,,32,22:17,2,2,0,1,0.0
357,2016-11-23,21,29-120,LAK,,NYI,W,1,0,1,1,0,1,0,0,0,0,0,0,2,50.0,28,20:30,3,1,0,0,
358,2016-11-26,22,29-123,LAK,,CHI,W,1,0,1,1,0,1,0,0,0,0,0,0,3,33.3,30,22:24,0,2,0,0,
359,2016-11-30,23,29-127,LAK,,SJS,L,0,0,0,-1,0,0,0,0,0,0,0,0,3,0.0,29,20:25,1,1,0,0,
360,2016-12-01,24,29-128,LAK,@,ARI,W,0,0,0,0,0,0,0,0,0,0,0,0,2,0.0,30,23:06,2,3,0,0,
361,2016-12-04,25,29-131,LAK,,MTL,L-SO,0,0,0,0,4,0,0,0,0,0,0,0,1,0.0,37,24:44,6,2,0,0,
362,2016-12-08,26,29-135,LAK,,CAR,L,0,0,0,-1,0,0,0,0,0,0,0,0,1,0.0,27,22:31,2,0,0,0,
363,2016-12-10,27,29-137,LAK,,OTT,W,1,0,1,-1,0,0,1,0,1,0,0,0,2,50.0,27,23:41,3,1,0,0,
364,2016-12-13,28,29-140,LAK,@,BUF,L,0,0,0,-3,0,0,0,0,0,0,0,0,2,0.0,31,21:30,1,4,0,0,
365,2016-12-15,29,29-142,LAK,@,DET,W,0,1,1,2,0,0,0,0,0,1,0,0,1,0.0,28,22:44,0,5,0,0,
366,2016-12-16,30,29-143,LAK,@,PIT,W,0,1,1,1,0,0,0,0,0,1,0,0,1,0.0,29,19:50,5,5,0,0,
367,2016-12-18,31,29-145,LAK,@,BOS,L,0,0,0,0,0,0,0,0,0,0,0,0,2,0.0,26,21:02,1,1,0,0,
368,2016-12-20,32,29-147,LAK,@,CBJ,L-SO,0,1,1,-1,0,0,0,0,0,0,1,0,4,0.0,31,21:12,0,3,0,0,
369,2016-12-22,33,29-149,LAK,@,NSH,W,0,1,1,4,0,0,0,0,0,1,0,0,1,0.0,28,20:53,4,2,0,0,
370,2016-12-23,34,29-150,LAK,@,DAL,L-OT,0,0,0,-2,0,0,0,0,0,0,0,0,1,0.0,32,22:55,0,3,0,0,
371,2016-12-28,35,29-155,LAK,@,VAN,L,0,0,0,0,0,0,0,0,0,0,0,0,5,0.0,29,22:08,0,2,0,0,
372,2016-12-29,36,29-156,LAK,@,EDM,L,0,0,0,-2,0,0,0,0,0,0,0,0,0,,27,22:49,1,6,0,0,
373,2016-12-31,37,29-158,LAK,,SJS,W,0,2,2,2,2,0,0,0,0,1,1,0,0,,30,20:00,1,1,0,0,
374,2017-01-03,38,29-161,LAK,@,SJS,W,0,0,0,-1,0,0,0,0,0,0,0,0,2,0.0,33,22:45,6,2,0,0,
375,2017-01-05,39,29-163,LAK,,DET,L,0,0,0,-1,0,0,0,0,0,0,0,0,2,0.0,27,20:53,1,2,0,0,
376,2017-01-07,40,29-165,LAK,,MIN,W,0,1,1,1,0,0,0,0,0,1,0,0,0,,33,25:06,3,2,0,0,
377,2017-01-09,41,29-167,LAK,,DAL,L,0,1,1,-5,0,0,0,0,0,0,1,0,0,,30,20:34,1,1,0,0,
378,2017-01-12,42,29-170,LAK,,STL,W,0,1,1,1,0,0,0,0,0,1,0,0,1,0.0,32,23:19,3,0,0,0,
379,2017-01-14,43,29-172,LAK,,WPG,W,0,1,1,1,0,0,0,0,0,1,0,0,1,0.0,28,19:13,3,4,0,0,
380,2017-01-16,44,29-174,LAK,,TBL,L,0,0,0,-2,0,0,0,0,0,0,0,0,3,0.0,24,21:38,1,3,0,0,
381,2017-01-18,45,29-176,LAK,,SJS,L,0,0,0,0,0,0,0,0,0,0,0,0,1,0.0,37,25:17,2,0,0,0,
382,2017-01-21,46,29-179,LAK,@,NYI,L,0,0,0,0,0,0,0,0,0,0,0,0,2,0.0,31,20:55,1,2,0,0,
383,2017-01-23,47,29-181,LAK,@,NYR,L,0,0,0,0,0,0,0,0,0,0,0,0,2,0.0,33,23:03,1,3,0,0,
384,2017-01-24,48,29-182,LAK,@,NJD,W,1,0,1,1,0,1,0,0,0,0,0,0,4,25.0,31,20:42,0,0,0,0,
385,2017-01-26,49,29-184,LAK,@,CAR,W,0,1,1,1,2,0,0,0,0,1,0,0,2,0.0,31,21:17,1,2,0,0,
386,2017-01-31,50,29-189,LAK,@,ARI,W,0,0,0,0,0,0,0,0,0,0,0,0,2,0.0,28,19:57,0,1,0,0,
387,2017-02-01,51,29-190,LAK,,COL,W,0,0,0,2,0,0,0,0,0,0,0,0,0,,30,24:09,3,3,0,0,
388,2017-02-04,52,29-193,LAK,@,PHI,W,0,0,0,0,0,0,0,0,0,0,0,0,1,0.0,29,24:14,4,7,0,0,
389,2017-02-05,53,29-194,LAK,@,WSH,L,0,0,0,-4,2,0,0,0,0,0,0,0,1,0.0,29,19:44,0,2,0,0,
390,2017-02-07,54,29-196,LAK,@,TBL,L,0,0,0,-2,0,0,0,0,0,0,0,0,3,0.0,28,18:52,0,0,0,0,
391,2017-02-09,55,29-198,LAK,@,FLA,W,0,1,1,0,0,0,0,0,0,0,1,0,0,,31,21:44,3,1,0,0,
392,2017-02-16,56,29-205,LAK,,ARI,L,0,0,0,-3,2,0,0,0,0,0,0,0,3,0.0,30,21:04,0,3,0,0,
393,2017-02-18,57,29-207,LAK,,FLA,L,0,0,0,-2,2,0,0,0,0,0,0,0,3,0.0,26,19:30,0,3,0,0,
394,2017-02-19,58,29-208,LAK,@,ANA,L,0,0,0,0,0,0,0,0,0,0,0,0,0,,21,15:50,0,1,0,0,
395,2017-02-21,59,29-210,LAK,@,COL,W,0,0,0,1,0,0,0,0,0,0,0,0,2,0.0,23,18:12,2,1,0,0,
396,2017-02-23,60,29-212,LAK,,BOS,L,0,1,1,-1,0,0,0,0,0,0,1,0,2,0.0,27,18:57,2,2,0,0,
397,2017-02-25,61,29-214,LAK,,ANA,W,0,0,0,0,0,0,0,0,0,0,0,0,0,,29,18:11,1,1,0,0,
398,2017-02-27,62,29-216,LAK,@,MIN,L-OT,0,0,0,-1,0,0,0,0,0,0,0,0,0,,32,19:48,0,1,0,0,
399,2017-02-28,63,29-217,LAK,@,CGY,L-OT,0,0,0,0,0,0,0,0,0,0,0,0,1,0.0,31,17:01,1,0,0,0,
400,2017-03-02,64,29-219,LAK,,TOR,W,0,1,1,1,0,0,0,0,0,1,0,0,2,0.0,27,21:45,3,5,0,0,
401,2017-03-04,65,29-221,LAK,,VAN,L,1,1,2,1,0,0,0,1,0,0,1,0,3,33.3,26,20:02,1,0,0,0,
402,2017-03-09,66,29-226,LAK,,NSH,W,0,1,1,-1,0,0,0,0,0,0,1,0,2,0.0,27,18:45,1,1,0,0,
403,2017-03-11,67,29-228,LAK,,WSH,W,0,2,2,1,0,0,0,0,0,2,0,0,1,0.0,24,19:41,1,2,0,0,
404,2017-03-13,68,29-230,LAK,,STL,L,0,0,0,1,0,0,0,0,0,0,0,0,3,0.0,29,21:04,0,3,0,0,
405,2017-03-14,69,29-231,LAK,,ARI,L-SO,0,0,0,0,0,0,0,0,0,0,0,0,2,0.0,28,20:55,2,3,0,0,
406,2017-03-16,70,29-233,LAK,,BUF,W,0,0,0,0,0,0,0,0,0,0,0,0,1,0.0,26,20:07,5,2,0,0,
407,2017-03-19,71,29-236,LAK,@,CGY,L,0,0,0,-1,2,0,0,0,0,0,0,0,1,0.0,27,20:28,0,2,0,0,
408,2017-03-20,72,29-237,LAK,@,EDM,L,0,0,0,0,0,0,0,0,0,0,0,0,3,0.0,30,22:35,1,2,0,0,
409,2017-03-23,73,29-240,LAK,,WPG,W,0,1,1,1,0,0,0,0,0,0,1,0,0,,28,19:17,2,1,0,0,
410,2017-03-25,74,29-242,LAK,,NYR,L,0,0,0,-1,0,0,0,0,0,0,0,0,0,,29,21:10,1,1,0,0,
411,2017-03-28,75,29-245,LAK,@,EDM,L,0,0,0,0,0,0,0,0,0,0,0,0,2,0.0,35,26:04,2,5,0,0,
412,2017-03-29,76,29-246,LAK,@,CGY,W,0,0,0,1,0,0,0,0,0,0,0,0,3,0.0,31,23:56,1,1,0,0,
413,2017-03-31,77,29-248,LAK,@,VAN,W,0,1,1,1,0,0,0,0,0,0,1,0,2,0.0,28,17:48,0,0,0,0,
414,2017-04-02,78,29-250,LAK,,ARI,L,1,0,1,0,2,0,1,0,0,0,0,0,1,100.0,25,20:42,0,4,0,0,
415,2017-04-04,79,29-252,LAK,,EDM,W,0,0,0,-2,0,0,0,0,0,0,0,0,4,0.0,31,23:03,2,1,0,0,
416,2017-04-06,80,29-254,LAK,,CGY,L,0,0,0,0,0,0,0,0,0,0,0,0,0,,23,19:10,0,5,0,0,
417,2017-04-08,81,29-256,LAK,,CHI,W,0,0,0,-1,0,0,0,0,0,0,0,0,1,0.0,29,23:20,2,1,0,0,
418,2017-04-09,82,29-257,LAK,@,ANA,L-OT,0,1,1,-2,0,0,0,0,0,0,1,0,0,,29,20:16,2,2,0,0,
419,2017-10-14,1,30-080,LAK,,BUF,W,0,1,1,0,0,0,0,0,0,0,1,0,2,0.0,31,23:28,1,2,0,0,
420,2017-10-15,2,30-081,LAK,,NYI,W,0,0,0,0,0,0,0,0,0,0,0,0,3,0.0,27,24:08,0,3,0,0,
421,2017-10-18,3,30-084,LAK,,MTL,W,0,0,0,4,2,0,0,0,0,0,0,0,4,0.0,28,22:45,2,3,0,0,
422,2017-10-21,4,30-087,LAK,@,CBJ,W,0,0,0,2,0,0,0,0,0,0,0,0,0,,30,25:10,1,8,0,0,
423,2017-10-23,5,30-089,LAK,@,TOR,L,0,0,0,-1,0,0,0,0,0,0,0,0,2,0.0,30,22:54,2,1,0,0,
424,2017-10-24,6,30-090,LAK,@,OTT,W,1,0,1,0,0,1,0,0,0,0,0,0,4,25.0,33,29:23,2,4,0,0,
425,2017-10-26,7,30-092,LAK,@,MTL,W,0,0,0,0,0,0,0,0,0,0,0,0,0,,30,23:27,2,6,0,0,
426,2017-10-28,8,30-094,LAK,@,BOS,W,0,0,0,-1,0,0,0,0,0,0,0,0,2,0.0,37,26:26,0,1,0,0,
427,2017-10-30,9,30-096,LAK,@,STL,L,0,1,1,0,0,0,0,0,0,1,0,0,0,,31,22:50,0,3,0,0,
428,2017-11-02,10,30-099,LAK,,TOR,W,0,0,0,1,0,0,0,0,0,0,0,0,0,,29,26:34,2,4,0,0,
429,2017-11-04,11,30-101,LAK,,NSH,L-OT,1,0,1,-2,0,0,1,0,0,0,0,0,3,33.3,35,27:55,0,4,0,0,
430,2017-11-07,12,30-104,LAK,@,ANA,W,0,0,0,1,0,0,0,0,0,0,0,0,3,0.0,32,27:29,4,3,0,0,
431,2017-11-09,13,30-106,LAK,,TBL,L,0,0,0,-3,2,0,0,0,0,0,0,0,1,0.0,30,24:30,0,4,0,0,
432,2017-11-12,14,30-109,LAK,,SJS,L,0,0,0,-1,0,0,0,0,0,0,0,0,3,0.0,31,29:05,2,2,0,0,
433,2017-11-14,15,30-111,LAK,,VAN,L,0,0,0,0,2,0,0,0,0,0,0,0,2,0.0,28,25:04,1,0,0,0,
434,2017-11-16,16,30-113,LAK,,BOS,L,0,0,0,0,0,0,0,0,0,0,0,0,0,,26,21:23,2,8,0,0,
435,2017-11-18,17,30-115,LAK,,FLA,W,0,0,0,2,0,0,0,0,0,0,0,0,1,0.0,26,18:26,1,1,0,0,
436,2017-11-19,18,30-116,LAK,@,VEG,L,0,0,0,0,0,0,0,0,0,0,0,0,1,0.0,29,19:13,3,5,0,0,
437,2017-11-22,19,30-119,LAK,,WPG,L,0,0,0,0,0,0,0,0,0,0,0,0,0,,31,23:48,1,0,0,0,
438,2017-11-24,20,30-121,LAK,@,ARI,L-OT,0,0,0,-1,0,0,0,0,0,0,0,0,2,0.0,28,23:42,0,1,0,0,
439,2017-11-25,21,30-122,LAK,,ANA,W,0,0,0,-1,0,0,0,0,0,0,0,0,2,0.0,34,25:57,0,0,0,1,0.0
440,2017-11-28,22,30-125,LAK,@,DET,W,0,1,1,1,0,0,0,0,0,0,1,0,0,,27,21:59,1,2,0,0,
441,2017-11-30,23,30-127,LAK,@,WSH,W,0,0,0,2,2,0,0,0,0,0,0,0,2,0.0,20,17:15,1,2,0,0,
442,2017-12-01,24,30-128,LAK,@,STL,W,0,1,1,2,0,0,0,0,0,1,0,0,0,,33,23:52,3,1,0,0,
443,2017-12-03,25,30-130,LAK,@,CHI,W,0,0,0,-1,0,0,0,0,0,0,0,0,1,0.0,30,21:57,2,4,0,0,
444,2017-12-05,26,30-132,LAK,,MIN,W,0,1,1,0,2,0,0,0,0,0,1,0,0,,25,19:18,0,2,0,0,
445,2017-12-07,27,30-134,LAK,,OTT,W,0,0,0,2,0,0,0,0,0,0,0,0,2,0.0,34,22:02,0,4,0,0,
446,2017-12-09,28,30-136,LAK,,CAR,W,0,0,0,1,0,0,0,0,0,0,0,0,0,,26,22:39,1,4,0,0,
447,2017-12-12,29,30-139,LAK,@,NJD,L,0,1,1,0,0,0,0,0,0,1,0,0,2,0.0,24,19:08,2,2,0,0,
448,2017-12-15,30,30-142,LAK,@,NYR,L,0,0,0,-1,0,0,0,0,0,0,0,0,2,0.0,26,20:39,3,3,0,0,
449,2017-12-16,31,30-143,LAK,@,NYI,L-OT,0,1,1,1,0,0,0,0,0,1,0,0,1,0.0,29,23:36,1,1,0,0,
450,2017-12-18,32,30-145,LAK,@,PHI,W,1,0,1,2,0,1,0,0,0,0,0,0,1,100.0,35,27:43,3,3,0,0,
451,2017-12-21,33,30-148,LAK,,COL,W,1,0,1,1,0,1,0,0,0,0,0,0,3,33.3,32,26:23,0,3,0,0,
452,2017-12-23,34,30-150,LAK,@,SJS,L,0,0,0,-1,0,0,0,0,0,0,0,0,3,0.0,32,27:22,2,2,0,0,
453,2017-12-28,35,30-155,LAK,,VEG,L-OT,0,0,0,-1,0,0,0,0,0,0,0,0,2,0.0,30,26:44,0,3,0,0,
454,2017-12-30,36,30-157,LAK,@,VAN,W,0,0,0,-1,0,0,0,0,0,0,0,0,1,0.0,32,24:47,1,4,0,0,
455,2018-01-02,37,30-160,LAK,@,EDM,W,0,1,1,0,0,0,0,0,0,0,1,0,1,0.0,32,25:27,1,3,0,0,
456,2018-01-04,38,30-162,LAK,@,CGY,L,0,0,0,-2,0,0,0,0,0,0,0,0,2,0.0,35,23:50,0,3,0,0,
457,2018-01-06,39,30-164,LAK,,NSH,L,0,0,0,-1,0,0,0,0,0,0,0,0,1,0.0,25,23:23,4,5,0,0,
458,2018-01-13,40,30-171,LAK,,ANA,L,0,0,0,-2,0,0,0,0,0,0,0,0,2,0.0,28,22:55,2,2,0,0,
459,2018-01-15,41,30-173,LAK,,SJS,L,0,0,0,-1,0,0,0,0,0,0,0,0,3,0.0,27,24:28,2,2,0,0,
460,2018-01-18,42,30-176,LAK,,PIT,L,0,0,0,0,0,0,0,0,0,0,0,0,2,0.0,31,22:51,1,2,0,0,
461,2018-01-19,43,30-177,LAK,@,ANA,L,0,0,0,1,0,0,0,0,0,0,0,0,0,,25,20:36,1,1,0,0,
462,2018-01-21,44,30-179,LAK,,NYR,W,0,2,2,0,0,0,0,0,0,0,2,0,0,,29,20:52,1,3,0,0,
463,2018-01-23,45,30-181,LAK,@,VAN,L,0,0,0,-1,4,0,0,0,0,0,0,0,3,0.0,26,20:30,0,8,0,0,
464,2018-01-24,46,30-182,LAK,@,CGY,W,0,0,0,0,2,0,0,0,0,0,0,0,2,0.0,32,24:31,2,5,0,0,
465,2018-01-30,47,30-188,LAK,@,DAL,W,1,0,1,1,2,1,0,0,0,0,0,0,5,20.0,24,19:35,2,5,0,0,
466,2018-02-01,48,30-190,LAK,@,NSH,L,0,0,0,0,0,0,0,0,0,0,0,0,1,0.0,17,14:54,0,2,0,0,
467,2018-02-09,49,30-198,LAK,@,FLA,W,0,0,0,0,0,0,0,0,0,0,0,0,2,0.0,26,22:15,2,6,0,0,
468,2018-02-10,50,30-199,LAK,@,TBL,L,0,0,0,-2,0,0,0,0,0,0,0,0,3,0.0,26,20:06,2,3,0,0,
469,2018-02-13,51,30-202,LAK,@,CAR,L,0,0,0,0,0,0,0,0,0,0,0,0,2,0.0,24,19:45,0,1,0,0,
470,2018-02-15,52,30-204,LAK,@,PIT,L,0,1,1,-1,4,0,0,0,0,0,1,0,1,0.0,28,21:34,1,2,0,0,
471,2018-02-17,53,30-206,LAK,@,BUF,W,0,0,0,2,0,0,0,0,0,0,0,0,1,0.0,29,19:07,0,2,0,0,
472,2018-02-19,54,30-208,LAK,@,CHI,W,0,1,1,0,0,0,0,0,0,0,1,0,0,,27,22:11,1,2,0,0,
473,2018-02-20,55,30-209,LAK,@,WPG,W,1,1,2,1,0,0,1,0,0,0,1,0,1,100.0,26,19:43,1,1,0,0,
474,2018-02-22,56,30-211,LAK,,DAL,L,0,0,0,0,0,0,0,0,0,0,0,0,0,,24,19:47,1,0,0,0,
475,2018-02-24,57,30-213,LAK,,EDM,L,0,0,0,-1,0,0,0,0,0,0,0,0,0,,24,19:49,1,0,0,0,
476,2018-02-26,58,30-215,LAK,,VEG,W,0,0,0,0,0,0,0,0,0,0,0,0,2,0.0,25,22:39,1,2,0,0,
477,2018-02-27,59,30-216,LAK,@,VEG,W,0,0,0,2,2,0,0,0,0,0,0,0,1,0.0,27,22:04,0,2,0,0,
478,2018-03-01,60,30-218,LAK,,CBJ,W,0,0,0,1,0,0,0,0,0,0,0,0,0,,26,23:46,1,1,0,0,
479,2018-03-03,61,30-220,LAK,,CHI,L,1,0,1,1,0,1,0,0,0,0,0,0,1,100.0,28,21:02,1,3,0,0,
480,2018-03-08,62,30-225,LAK,,WSH,W,0,1,1,2,2,0,0,0,0,1,0,0,2,0.0,26,22:02,2,1,0,0,
481,2018-03-10,63,30-227,LAK,,STL,L,0,0,0,-1,2,0,0,0,0,0,0,0,3,0.0,25,22:04,2,2,0,0,
482,2018-03-12,64,30-229,LAK,,VAN,W,0,0,0,0,0,0,0,0,0,0,0,0,2,0.0,24,19:57,3,1,0,0,
483,2018-03-13,65,30-230,LAK,@,ARI,L-SO,0,0,0,0,0,0,0,0,0,0,0,0,1,0.0,28,21:23,0,2,0,0,
484,2018-03-15,66,30-232,LAK,,DET,W,0,0,0,0,0,0,0,0,0,0,0,0,0,,26,23:51,3,1,0,0,
485,2018-03-17,67,30-234,LAK,,NJD,L,0,0,0,-1,0,0,0,0,0,0,0,0,1,0.0,24,23:20,2,4,0,0,
486,2018-03-19,68,30-236,LAK,@,MIN,W,0,0,0,-1,0,0,0,0,0,0,0,0,1,0.0,28,24:43,2,7,0,0,
487,2018-03-20,69,30-237,LAK,@,WPG,L-OT,0,0,0,0,2,0,0,0,0,0,0,0,0,,25,20:57,0,4,0,0,
488,2018-03-22,70,30-239,LAK,@,COL,W,0,0,0,0,0,0,0,0,0,0,0,0,1,0.0,29,19:23,1,3,0,0,
489,2018-03-24,71,30-241,LAK,@,EDM,L,0,0,0,-1,0,0,0,0,0,0,0,0,3,0.0,27,19:55,2,2,0,0,
490,2018-03-26,72,30-243,LAK,,CGY,W,0,0,0,0,2,0,0,0,0,0,0,0,0,,27,22:37,2,1,0,0,
491,2018-03-29,73,30-246,LAK,,ARI,W,0,0,0,0,0,0,0,0,0,0,0,0,0,,32,22:31,3,1,0,0,
492,2018-03-30,74,30-247,LAK,@,ANA,L-OT,0,0,0,-1,2,0,0,0,0,0,0,0,1,0.0,29,21:42,0,4,0,0,
493,2018-04-02,75,30-250,LAK,,COL,W,0,1,1,2,0,0,0,0,0,0,0,1,2,0.0,35,32:11,3,1,0,0,
494,2018-04-05,76,30-253,LAK,,MIN,W,0,1,1,-1,0,0,0,0,0,1,0,0,1,0.0,29,24:18,1,2,0,0,
495,2018-04-07,77,30-255,LAK,,DAL,L,2,0,2,0,0,2,0,0,0,0,0,0,2,100.0,25,22:50,0,1,0,0,
496,2018-10-05,1,31-071,LAK,,SJS,L-OT,0,0,0,-2,0,0,0,0,0,0,0,0,0,,30,22:55,3,4,0,0,
497,2018-10-07,2,31-073,LAK,,DET,W,0,1,1,2,2,0,0,0,0,1,0,0,2,0.0,31,22:38,1,0,0,0,
498,2018-10-09,3,31-075,LAK,@,WPG,L,0,0,0,-1,0,0,0,0,0,0,0,0,1,0.0,28,22:44,0,3,0,0,
499,2018-10-11,4,31-077,LAK,@,MTL,W,0,1,1,3,0,0,0,0,0,1,0,0,1,0.0,28,20:36,2,2,0,0,
500,2018-10-13,5,31-079,LAK,@,OTT,L,0,0,0,-2,0,0,0,0,0,0,0,0,0,,25,18:38,4,2,0,0,
501,2018-10-15,6,31-081,LAK,@,TOR,L,0,0,0,0,0,0,0,0,0,0,0,0,0,,28,21:02,1,4,0,0,
502,2018-10-18,7,31-084,LAK,,NYI,L,0,0,0,-3,0,0,0,0,0,0,0,0,2,0.0,26,21:30,0,2,0,0,
503,2018-10-20,8,31-086,LAK,,BUF,L,0,0,0,-1,0,0,0,0,0,0,0,0,1,0.0,27,22:25,1,3,0,0,
504,2018-10-23,9,31-089,LAK,@,DAL,L,0,0,0,-1,0,0,0,0,0,0,0,0,4,0.0,28,20:40,1,0,0,0,
505,2018-10-25,10,31-091,LAK,@,MIN,L,0,0,0,0,0,0,0,0,0,0,0,0,2,0.0,28,22:21,4,3,0,0,
506,2018-10-28,11,31-094,LAK,,NYR,W,1,0,1,0,0,1,0,0,1,0,0,0,2,50.0,33,23:12,0,4,0,0,
507,2018-11-01,12,31-098,LAK,,PHI,L,0,0,0,-1,0,0,0,0,0,0,0,0,3,0.0,30,23:38,0,3,0,0,
508,2018-11-03,13,31-100,LAK,,CBJ,W,0,0,0,1,0,0,0,0,0,0,0,0,0,,28,22:12,3,1,0,0,
509,2018-11-06,14,31-103,LAK,,ANA,W,0,2,2,3,0,0,0,0,0,2,0,0,0,,30,22:18,4,1,0,0,
510,2018-11-08,15,31-105,LAK,,MIN,L,0,1,1,0,2,0,0,0,0,1,0,0,2,0.0,28,22:40,3,2,0,0,
511,2018-11-10,16,31-107,LAK,,CGY,L,0,0,0,0,0,0,0,0,0,0,0,0,1,0.0,28,20:33,1,2,0,0,
512,2018-11-13,17,31-110,LAK,,TOR,L,0,0,0,0,0,0,0,0,0,0,0,0,2,0.0,28,21:27,0,2,0,0,
513,2018-11-16,18,31-113,LAK,@,CHI,W,0,0,0,-1,0,0,0,0,0,0,0,0,0,,28,21:06,3,0,0,0,
514,2018-11-17,19,31-114,LAK,@,NSH,L,0,0,0,2,0,0,0,0,0,0,0,0,1,0.0,27,18:15,1,1,0,0,
515,2018-11-19,20,31-116,LAK,@,STL,W,0,0,0,1,0,0,0,0,0,0,0,0,0,,29,20:33,3,2,0,0,
516,2018-11-21,21,31-118,LAK,,COL,L,0,1,1,-1,0,0,0,0,0,1,0,0,2,0.0,27,21:51,1,1,0,0,
517,2018-11-24,22,31-121,LAK,,VAN,L,0,0,0,-1,0,0,0,0,0,0,0,0,0,,23,23:13,0,2,0,0,
518,2018-11-25,23,31-122,LAK,,EDM,W,0,0,0,0,0,0,0,0,0,0,0,0,2,0.0,26,17:34,0,2,0,0,
519,2018-11-27,24,31-124,LAK,@,VAN,W,0,1,1,1,0,0,0,0,0,1,0,0,3,0.0,28,18:31,0,4,0,0,
520,2018-11-29,25,31-126,LAK,@,EDM,L,0,0,0,-1,0,0,0,0,0,0,0,0,2,0.0,26,20:30,0,4,0,0,
521,2018-11-30,26,31-127,LAK,@,CGY,L,0,0,0,-2,0,0,0,0,0,0,0,0,0,,26,22:10,1,0,0,0,
522,2018-12-02,27,31-129,LAK,,CAR,W,1,0,1,1,0,1,0,0,1,0,0,0,1,100.0,24,17:39,0,4,0,0,
523,2018-12-04,28,31-131,LAK,,ARI,L,1,0,1,1,0,1,0,0,0,0,0,0,2,50.0,25,19:36,1,5,0,0,
524,2018-12-06,29,31-133,LAK,,NJD,L,0,1,1,-1,0,0,0,0,0,1,0,0,0,,29,18:55,1,4,0,0,
525,2018-12-08,30,31-135,LAK,,VEG,W,0,0,0,1,0,0,0,0,0,0,0,0,0,,23,16:28,2,3,0,0,
526,2019-01-10,31,31-168,LAK,,OTT,L,0,0,0,-1,0,0,0,0,0,0,0,0,3,0.0,25,20:34,1,4,0,0,
527,2019-01-12,32,31-170,LAK,,PIT,W,0,0,0,2,0,0,0,0,0,0,0,0,2,0.0,23,16:50,1,1,0,0,
528,2019-01-15,33,31-173,LAK,@,MIN,L-SO,0,0,0,1,0,0,0,0,0,0,0,0,1,0.0,27,24:09,2,1,0,0,
529,2019-01-17,34,31-175,LAK,@,DAL,W,0,0,0,1,0,0,0,0,0,0,0,0,0,,26,21:50,2,6,0,0,
530,2019-01-19,35,31-177,LAK,@,COL,L,0,0,0,0,0,0,0,0,0,0,0,0,0,,27,21:09,2,2,0,0,
531,2019-01-21,36,31-179,LAK,,STL,W,0,0,0,1,0,0,0,0,0,0,0,0,0,,21,17:24,3,2,0,0,
532,2019-02-02,37,31-191,LAK,@,NYI,L,0,0,0,0,0,0,0,0,0,0,0,0,3,0.0,29,22:18,0,2,0,0,
533,2019-02-04,38,31-193,LAK,@,NYR,W,0,0,0,-1,0,0,0,0,0,0,0,0,3,0.0,26,23:13,0,1,0,0,
534,2019-02-05,39,31-194,LAK,@,NJD,W,0,0,0,2,0,0,0,0,0,0,0,0,0,,26,21:25,2,1,0,0,
535,2019-02-07,40,31-196,LAK,@,PHI,W,0,0,0,1,0,0,0,0,0,0,0,0,1,0.0,23,19:58,1,2,0,0,
536,2019-02-09,41,31-198,LAK,@,BOS,L-OT,0,1,1,-1,0,0,0,0,0,0,1,0,1,0.0,29,23:19,2,2,0,0,
537,2019-02-11,42,31-200,LAK,@,WSH,L,0,1,1,0,2,0,0,0,0,1,0,0,1,0.0,25,21:28,2,3,0,0,
538,2019-02-14,43,31-203,LAK,,VAN,L-SO,1,1,2,1,0,1,0,0,0,1,0,0,3,33.3,27,21:50,1,2,0,0,
539,2019-03-05,44,31-222,LAK,,MTL,L,0,0,0,0,0,0,0,0,0,0,0,0,0,,23,21:16,0,1,0,0,
540,2019-03-07,45,31-224,LAK,,STL,L,0,0,0,-2,0,0,0,0,0,0,0,0,2,0.0,23,23:58,2,2,0,0,
541,2019-03-09,46,31-226,LAK,@,ARI,L,0,0,0,-1,0,0,0,0,0,0,0,0,2,0.0,25,23:21,2,3,0,0,
542,2019-03-10,47,31-227,LAK,@,ANA,W,0,0,0,0,0,0,0,0,0,0,0,0,1,0.0,26,21:11,0,2,0,0,
543,2019-03-14,48,31-231,LAK,,NSH,L,0,0,0,-1,0,0,0,0,0,0,0,0,4,0.0,22,20:51,1,2,0,0,
544,2019-03-16,49,31-233,LAK,,FLA,L,0,1,1,-1,0,0,0,0,0,1,0,0,1,0.0,24,23:08,0,3,0,0,
545,2019-03-18,50,31-235,LAK,,WPG,L,0,0,0,-2,0,0,0,0,0,0,0,0,1,0.0,25,22:27,2,2,0,0,
546,2019-03-21,51,31-238,LAK,,SJS,W,0,0,0,1,2,0,0,0,0,0,0,0,2,0.0,23,21:38,0,2,0,0,
547,2019-03-23,52,31-240,LAK,,ANA,W,0,2,2,1,0,0,0,0,0,1,1,0,0,,26,22:46,0,1,0,0,
548,2019-03-25,53,31-242,LAK,@,CGY,W,0,0,0,1,0,0,0,0,0,0,0,0,0,,24,20:22,2,4,0,0,
549,2019-03-26,54,31-243,LAK,@,EDM,L,0,0,0,-2,0,0,0,0,0,0,0,0,0,,24,19:43,3,1,0,0,
550,2019-03-28,55,31-245,LAK,@,VAN,L-SO,0,0,0,-1,0,0,0,0,0,0,0,0,4,0.0,29,23:07,0,4,0,0,
551,2019-03-30,56,31-247,LAK,,CHI,W,0,0,0,1,0,0,0,0,0,0,0,0,2,0.0,28,25:41,0,2,0,0,
552,2019-04-01,57,31-249,LAK,,CGY,L,0,0,0,-1,0,0,0,0,0,0,0,0,0,,23,23:01,1,1,0,0,
553,2019-04-02,58,31-250,LAK,@,ARI,W,0,0,0,0,0,0,0,0,0,0,0,0,1,0.0,27,21:39,1,2,0,0,
554,2019-04-05,59,31-253,LAK,@,ANA,L,0,0,0,0,0,0,0,0,0,0,0,0,2,0.0,23,22:00,2,1,0,0,
555,2019-04-06,60,31-254,LAK,,VEG,W,0,0,0,1,0,0,0,0,0,0,0,0,2,0.0,24,22:21,2,3,0,0,
556,2019-10-05,1,32-071,LAK,@,EDM,L,0,0,0,0,2,0,0,0,0,0,0,0,0,,30,20:53,2,1,0,0,
557,2019-10-08,2,32-074,LAK,@,CGY,W,0,0,0,-2,0,0,0,0,0,0,0,0,0,,28,22:56,1,4,0,0,
558,2019-10-09,3,32-075,LAK,@,VAN,L,0,0,0,-3,0,0,0,0,0,0,0,0,1,0.0,28,23:54,0,2,0,0,
559,2019-10-12,4,32-078,LAK,,NSH,W,0,2,2,1,2,0,0,0,0,2,0,0,0,,26,19:50,1,2,0,0,
560,2019-10-13,5,32-079,LAK,,VEG,L,0,0,0,-1,0,0,0,0,0,0,0,0,1,0.0,24,18:56,1,1,0,0,
561,2019-10-15,6,32-081,LAK,,CAR,L,0,0,0,0,2,0,0,0,0,0,0,0,3,0.0,23,19:37,2,4,0,0,
562,2019-10-17,7,32-083,LAK,,BUF,L,0,0,0,-1,0,0,0,0,0,0,0,0,1,0.0,26,19:27,0,1,0,0,
563,2019-10-19,8,32-085,LAK,,CGY,W,0,1,1,3,0,0,0,0,0,0,1,0,4,0.0,28,22:33,0,1,0,0,
564,2019-10-22,9,32-088,LAK,@,WPG,W,0,1,1,2,2,0,0,0,0,1,0,0,0,,27,21:18,1,4,0,0,
565,2019-10-24,10,32-090,LAK,@,STL,L,0,0,0,0,0,0,0,0,0,0,0,0,0,,22,20:20,0,1,0,0,
566,2019-10-26,11,32-092,LAK,@,MIN,L,0,0,0,-2,0,0,0,0,0,0,0,0,1,0.0,24,19:02,0,1,0,0,
567,2019-10-27,12,32-093,LAK,@,CHI,L,0,0,0,1,0,0,0,0,0,0,0,0,2,0.0,24,19:43,1,2,0,0,
568,2019-10-30,13,32-096,LAK,,VAN,L,0,1,1,1,0,0,0,0,0,1,0,0,1,0.0,23,21:45,2,4,0,0,
569,2019-11-02,14,32-099,LAK,,CHI,W,0,0,0,-1,0,0,0,0,0,0,0,0,2,0.0,27,25:43,0,1,0,0,
570,2019-11-05,15,32-102,LAK,@,TOR,L,0,0,0,0,2,0,0,0,0,0,0,0,2,0.0,27,24:29,0,2,0,0,
571,2019-11-07,16,32-104,LAK,@,OTT,L-OT,0,0,0,2,0,0,0,0,0,0,0,0,1,0.0,28,24:16,2,5,0,0,
572,2019-11-09,17,32-106,LAK,@,MTL,L,0,0,0,-1,0,0,0,0,0,0,0,0,4,0.0,28,24:49,0,2,0,0,
573,2019-11-12,18,32-109,LAK,,MIN,W,0,0,0,0,0,0,0,0,0,0,0,0,2,0.0,22,20:49,1,5,0,0,
574,2019-11-14,19,32-111,LAK,,DET,W,0,0,0,0,0,0,0,0,0,0,0,0,4,0.0,23,21:36,1,4,0,0,
575,2019-11-16,20,32-113,LAK,,VEG,W,0,0,0,1,0,0,0,0,0,0,0,0,1,0.0,24,19:53,1,1,0,0,
576,2019-11-18,21,32-115,LAK,@,ARI,L,0,0,0,0,0,0,0,0,0,0,0,0,1,0.0,23,16:59,0,2,0,0,
577,2019-11-21,22,32-118,LAK,,EDM,W,0,0,0,0,0,0,0,0,0,0,0,0,0,,24,19:16,0,1,0,0,
578,2019-11-23,23,32-120,LAK,,ARI,L,0,0,0,0,0,0,0,0,0,0,0,0,4,0.0,23,19:56,1,2,0,0,
579,2019-11-25,24,32-122,LAK,,SJS,L-OT,0,0,0,-1,0,0,0,0,0,0,0,0,1,0.0,19,15:52,0,3,0,0,
580,2020-01-04,25,32-162,LAK,,NSH,L,0,0,0,-1,0,0,0,0,0,0,0,0,1,0.0,21,17:58,0,2,0,0,
581,2020-01-06,26,32-164,LAK,,CBJ,L,0,0,0,-2,0,0,0,0,0,0,0,0,1,0.0,21,18:20,0,0,0,0,
582,2020-01-08,27,32-166,LAK,,DAL,L,0,0,0,0,0,0,0,0,0,0,0,0,0,,23,20:00,1,1,0,0,
583,2020-01-09,28,32-167,LAK,@,VEG,W,1,0,1,1,0,1,0,0,0,0,0,0,2,50.0,26,25:03,0,1,0,0,
584,2020-01-11,29,32-169,LAK,@,CAR,L,0,0,0,0,0,0,0,0,0,0,0,0,0,,26,22:43,3,3,0,0,
585,2020-01-14,30,32-172,LAK,@,TBL,L-SO,0,0,0,-1,0,0,0,0,0,0,0,0,2,0.0,26,26:30,2,2,0,0,
586,2020-01-16,31,32-174,LAK,@,FLA,L,0,0,0,0,0,0,0,0,0,0,0,0,1,0.0,24,26:28,1,3,0,0,
587,2020-01-18,32,32-176,LAK,@,PHI,L,0,0,0,0,0,0,0,0,0,0,0,0,0,,24,20:56,1,0,0,0,
588,2020-01-29,33,32-187,LAK,,TBL,L,0,1,1,-1,0,0,0,0,0,1,0,0,2,0.0,26,23:45,1,4,0,0,
589,2020-01-30,34,32-188,LAK,@,ARI,W,0,0,0,-2,0,0,0,0,0,0,0,0,1,0.0,24,23:25,1,2,0,0,
590,2020-02-01,35,32-190,LAK,,ANA,L,0,1,1,0,0,0,0,0,0,0,1,0,2,0.0,23,21:56,0,0,0,0,
591,2020-02-04,36,32-193,LAK,@,WSH,L,0,0,0,0,0,0,0,0,0,0,0,0,3,0.0,27,22:35,0,0,0,0,
592,2020-02-06,37,32-195,LAK,@,NYI,L,0,0,0,-1,5,0,0,0,0,0,0,0,1,0.0,23,23:03,0,2,0,0,
593,2020-02-08,38,32-197,LAK,@,NJD,L,0,0,0,-1,0,0,0,0,0,0,0,0,0,,24,20:21,0,2,0,0,
594,2020-02-09,39,32-198,LAK,@,NYR,L,0,0,0,0,0,0,0,0,0,0,0,0,2,0.0,24,22:01,0,2,0,0,
595,2020-02-12,40,32-201,LAK,,CGY,W,0,0,0,-1,2,0,0,0,0,0,0,0,2,0.0,23,22:55,3,3,0,0,
596,2020-02-15,41,32-204,LAK,@,COL,W,0,0,0,1,0,0,0,0,0,0,0,0,3,0.0,29,20:20,2,2,0,0,
597,2020-02-20,42,32-209,VEG,,TBL,W,1,1,2,3,0,1,0,0,0,1,0,0,1,100.0,21,20:10,1,4,0,0,
598,2020-02-22,43,32-211,VEG,,FLA,W,0,0,0,0,0,0,0,0,0,0,0,0,2,0.0,22,17:07,1,1,0,0,
599,2020-02-23,44,32-212,VEG,@,ANA,W,1,1,2,2,2,1,0,0,0,1,0,0,1,100.0,25,18:28,1,4,0,0,
600,2020-02-26,45,32-215,VEG,,EDM,W,0,2,2,1,0,0,0,0,0,1,1,0,4,0.0,27,24:18,3,4,0,0,
601,2020-02-28,46,32-217,VEG,,BUF,W,0,0,0,-1,0,0,0,0,0,0,0,0,0,,24,21:56,2,5,0,0,
602,2020-03-01,47,32-219,VEG,,LAK,L,0,0,0,0,2,0,0,0,0,0,0,0,3,0.0,28,21:12,1,1,0,0,
603,2020-03-03,48,32-221,VEG,,NJD,W,0,0,0,1,0,0,0,0,0,0,0,0,4,0.0,26,23:27,0,3,0,0,
604,2020-03-06,49,32-224,VEG,@,WPG,L,0,0,0,0,0,0,0,0,0,0,0,0,0,,26,22:36,1,2,0,0,
605,2020-03-08,50,32-226,VEG,@,CGY,W,0,1,1,0,2,0,0,0,0,1,0,0,1,0.0,28,22:00,0,4,0,0,
606,2020-03-09,51,32-227,VEG,@,EDM,W,0,1,1,-1,0,0,0,0,0,0,1,0,0,,29,23:29,1,4,0,0,
