,date_game,game_season,age,team_id,game_location,opp_id,game_result,goals,assists,points,plus_minus,pen_min,goals_ev,goals_pp,goals_sh,goals_gw,assists_ev,assists_pp,assists_sh,shots,shot_pct,shifts,time_on_ice,hits_all,blocks_all,faceoff_wins_all,faceoff_losses_all,faceoff_percentage_all
0,2008-01-18,1,19-333,FLA,@,NJD,W,0,0,0,0,2,0,0,0,0,,,,0,,14,11:24,0,1,4,1,80.0
1,2008-01-19,2,19-334,FLA,@,WSH,L,2,0,2,0,0,1,1,0,0,,,,4,50.0,25,21:18,1,0,4,11,26.7
2,2008-01-22,3,19-337,FLA,,OTT,W,0,0,0,-2,0,0,0,0,0,,,,1,0.0,16,14:18,0,0,7,5,58.3
3,2008-01-24,4,19-339,FLA,,EDM,L-SO,0,0,0,0,0,0,0,0,0,,,,0,,10,5:30,0,0,2,4,33.3
4,2008-10-30,1,20-254,FLA,,OTT,L,0,0,0,0,0,0,0,0,0,,,,0,,9,7:21,0,0,2,2,50.0
5,2008-11-28,2,20-283,FLA,,NYR,L-SO,0,0,0,-1,0,0,0,0,0,,,,1,0.0,7,5:42,0,0,1,4,20.0
6,2008-11-30,3,20-285,FLA,@,NYR,W,0,0,0,0,0,0,0,0,0,,,,2,0.0,16,8:48,1,0,3,4,42.9
7,2008-12-02,4,20-287,FLA,@,WSH,W,0,0,0,0,0,0,0,0,0,,,,1,0.0,17,11:55,0,0,3,4,42.9
8,2008-12-04,5,20-289,FLA,,BUF,W,0,0,0,0,0,0,0,0,0,,,,1,0.0,14,9:27,0,0,2,3,40.0
9,2008-12-06,6,20-291,FLA,,BOS,L,0,0,0,0,0,0,0,0,0,,,,0,,19,12:28,2,0,2,7,22.2
10,2008-12-08,7,20-293,FLA,@,OTT,W,0,0,0,-1,0,0,0,0,0,,,,0,,18,10:50,1,0,1,2,33.3
11,2008-12-11,8,20-296,FLA,@,EDM,W,0,0,0,0,0,0,0,0,0,,,,2,0.0,18,12:39,0,1,7,1,87.5
12,2008-12-12,9,20-297,FLA,@,CGY,W,0,0,0,1,0,0,0,0,0,,,,0,,18,11:54,0,0,4,2,66.7
13,2008-12-14,10,20-299,FLA,@,VAN,L,0,1,1,1,2,0,0,0,0,,,,2,0.0,20,11:57,0,1,5,5,50.0
14,2008-12-31,11,20-316,FLA,@,NYI,L,0,0,0,-1,0,0,0,0,0,,,,0,,10,4:14,0,0,2,2,50.0
15,2009-01-03,12,20-319,FLA,@,PIT,W,0,0,0,0,0,0,0,0,0,,,,1,0.0,13,8:19,2,0,3,4,42.9
16,2009-01-04,13,20-320,FLA,@,MTL,L-SO,0,1,1,1,0,0,0,0,0,,,,0,,9,6:20,1,0,1,1,50.0
17,2009-01-06,14,20-322,FLA,@,TOR,W,0,0,0,0,0,0,0,0,0,,,,1,0.0,12,9:54,1,0,6,0,100.0
18,2009-01-08,15,20-324,FLA,,CAR,W,0,0,0,-2,0,0,0,0,0,,,,0,,11,8:14,0,0,3,2,60.0
19,2009-01-10,16,20-326,FLA,,ATL,W,0,0,0,-1,0,0,0,0,0,,,,0,,9,6:34,0,0,1,2,33.3
20,2009-10-02,1,21-225,FLA,@,CHI,W,0,0,0,0,0,0,0,0,0,,,,0,,9,7:09,0,0,1,0,100.0
21,2009-10-03,2,21-226,FLA,,CHI,L,0,0,0,0,0,0,0,0,0,,,,0,,15,8:16,0,0,0,2,0.0
22,2009-10-09,3,21-232,FLA,@,CAR,L,1,0,1,1,0,1,0,0,0,,,,4,25.0,16,7:19,1,0,1,4,20.0
23,2009-10-10,4,21-233,FLA,,NJD,L,0,0,0,0,0,0,0,0,0,,,,0,,10,7:33,0,0,1,1,50.0
24,2009-10-12,5,21-235,FLA,@,TBL,L,0,0,0,0,0,0,0,0,0,,,,0,,5,2:28,0,1,0,0,
25,2009-11-21,6,21-275,FLA,@,NYR,W,0,0,0,0,0,0,0,0,0,,,,0,,6,5:08,0,0,0,1,0.0
26,2009-11-23,7,21-277,FLA,,PIT,L-OT,0,0,0,0,2,0,0,0,0,,,,0,,8,6:08,0,0,1,2,33.3
27,2009-11-25,8,21-279,FLA,,NYR,L-SO,0,0,0,0,0,0,0,0,0,,,,1,0.0,11,7:25,1,1,0,1,0.0
28,2009-11-27,9,21-281,FLA,,TOR,L,0,0,0,1,0,0,0,0,0,,,,0,,6,4:24,0,0,4,2,66.7
29,2009-11-28,10,21-282,FLA,@,NSH,L,0,0,0,-1,0,0,0,0,0,,,,2,0.0,16,12:29,0,0,2,6,25.0
30,2009-11-30,11,21-284,FLA,@,ATL,L,0,0,0,-1,0,0,0,0,0,,,,0,,6,4:04,0,0,0,3,0.0
31,2009-12-09,12,21-293,FLA,@,CBJ,L,0,0,0,-1,2,0,0,0,0,,,,2,0.0,19,12:13,2,0,3,4,42.9
32,2009-12-11,13,21-295,FLA,@,NJD,W,1,0,1,0,0,1,0,0,1,,,,3,33.3,13,8:14,2,0,0,0,
33,2009-12-12,14,21-296,FLA,@,PIT,L-OT,0,0,0,-1,0,0,0,0,0,,,,0,,11,7:52,0,0,0,5,0.0
34,2009-12-14,15,21-298,FLA,@,NYI,W,0,0,0,0,0,0,0,0,0,,,,0,,20,10:45,0,0,1,6,14.3
35,2009-12-16,16,21-300,FLA,,ATL,W,0,1,1,1,0,0,0,0,0,,,,0,,9,5:02,1,0,2,1,66.7
36,2009-12-18,17,21-302,FLA,,CAR,W,0,1,1,0,0,0,0,0,0,,,,0,,16,8:46,2,0,2,4,33.3
37,2009-12-19,18,21-303,FLA,@,CAR,L,1,0,1,1,0,1,0,0,0,,,,3,33.3,12,8:18,0,0,3,4,42.9
38,2009-12-21,19,21-305,FLA,@,PHI,W,0,0,0,0,0,0,0,0,0,,,,0,,6,4:14,0,0,2,1,66.7
39,2009-12-23,20,21-307,FLA,@,NYR,L,0,0,0,-1,0,0,0,0,0,,,,1,0.0,15,9:13,1,0,3,4,42.9
40,2009-12-27,21,21-311,FLA,,BOS,L,0,0,0,0,0,0,0,0,0,,,,1,0.0,10,7:03,2,0,2,0,100.0
41,2010-01-18,22,21-333,FLA,,ATL,W,0,0,0,0,0,0,0,0,0,,,,0,,10,8:03,4,0,3,1,75.0
42,2010-01-20,23,21-335,FLA,@,NJD,L,0,0,0,0,0,0,0,0,0,,,,0,,9,5:10,1,0,0,0,
43,2010-01-21,24,21-336,FLA,@,NYI,L-SO,0,0,0,0,0,0,0,0,0,,,,4,0.0,9,6:47,2,0,0,0,
44,2010-01-23,25,21-338,FLA,,TOR,W,0,0,0,0,0,0,0,0,0,,,,1,0.0,11,6:27,1,0,2,2,50.0
45,2010-01-26,26,21-341,FLA,,MTL,W,2,0,2,2,0,2,0,0,1,,,,4,50.0,12,7:56,1,1,0,3,0.0
46,2010-01-29,27,21-344,FLA,@,WSH,L,0,0,0,0,0,0,0,0,0,,,,1,0.0,19,13:08,1,0,5,3,62.5
47,2010-01-31,28,21-346,FLA,,NYI,W,0,0,0,0,2,0,0,0,0,,,,1,0.0,9,5:24,1,0,1,0,100.0
48,2010-02-01,29,21-347,FLA,,ANA,L,0,0,0,0,0,0,0,0,0,,,,0,,14,9:26,0,1,2,2,50.0
49,2010-02-05,30,21-351,FLA,,CGY,L,0,0,0,0,0,0,0,0,0,,,,0,,13,10:40,3,0,0,0,
50,2010-02-06,31,21-352,FLA,@,ATL,L,0,0,0,-1,0,0,0,0,0,,,,0,,14,10:15,1,0,3,2,60.0
51,2010-02-09,32,21-355,FLA,@,CAR,L,0,0,0,-2,0,0,0,0,0,,,,0,,19,11:34,1,0,2,7,22.2
52,2010-02-11,33,21-357,FLA,,VAN,L,0,0,0,0,0,0,0,0,0,,,,2,0.0,20,14:08,0,1,4,7,36.4
53,2010-02-13,34,21-359,FLA,,BOS,L-SO,0,1,1,1,0,0,0,0,0,,,,2,0.0,26,15:06,1,3,3,3,50.0
54,2010-03-02,35,22-011,FLA,@,ATL,L,0,0,0,0,2,0,0,0,0,,,,1,0.0,18,11:39,0,1,1,3,25.0
55,2010-03-03,36,22-012,FLA,,PHI,W,0,1,1,-1,0,0,0,0,0,,,,2,0.0,19,13:33,0,0,6,11,35.3
56,2010-03-06,37,22-015,FLA,,CAR,W,0,0,0,0,0,0,0,0,0,,,,1,0.0,16,11:29,0,0,3,4,42.9
57,2010-03-09,38,22-018,FLA,@,MIN,W,0,0,0,-1,0,0,0,0,0,,,,0,,19,14:03,2,0,0,3,0.0
58,2010-03-11,39,22-020,FLA,@,COL,L,0,0,0,-1,0,0,0,0,0,,,,2,0.0,23,17:09,0,1,3,6,33.3
59,2010-03-13,40,22-022,FLA,@,SJS,W,1,1,2,3,0,1,0,0,0,,,,3,33.3,19,13:45,3,0,3,5,37.5
60,2010-03-16,41,22-025,FLA,,WSH,L,0,0,0,0,2,0,0,0,0,,,,2,0.0,21,15:39,5,0,3,4,42.9
61,2010-03-18,42,22-027,FLA,,PHX,L-SO,0,0,0,0,0,0,0,0,0,,,,0,,17,13:11,2,0,3,2,60.0
62,2010-03-20,43,22-029,FLA,,BUF,L,0,0,0,0,0,0,0,0,0,,,,1,0.0,14,8:59,2,0,4,4,50.0
63,2010-03-21,44,22-030,FLA,,TBL,W,0,0,0,0,0,0,0,0,0,,,,1,0.0,17,11:32,1,1,1,5,16.7
64,2010-03-23,45,22-032,FLA,@,TOR,W,0,1,1,1,0,0,0,0,0,,,,2,0.0,16,12:45,3,1,2,9,18.2
65,2010-03-25,46,22-034,FLA,@,MTL,L,0,0,0,-1,0,0,0,0,0,,,,0,,21,15:03,1,0,1,1,50.0
66,2010-03-27,47,22-036,FLA,@,OTT,L,0,0,0,0,0,0,0,0,0,,,,4,0.0,20,15:50,3,1,6,6,50.0
67,2010-03-29,48,22-038,FLA,,NSH,L-OT,0,0,0,-1,0,0,0,0,0,,,,3,0.0,23,16:13,1,1,2,8,20.0
68,2010-03-31,49,22-040,FLA,@,BUF,L,0,0,0,0,0,0,0,0,0,,,,1,0.0,24,17:37,1,0,2,5,28.6
69,2010-04-01,50,22-041,FLA,@,BOS,W,0,0,0,0,0,0,0,0,0,,,,0,,23,16:51,0,1,1,3,25.0
70,2010-04-03,51,22-043,FLA,,NYR,L,0,1,1,1,0,0,0,0,0,,,,1,0.0,24,18:02,2,0,8,5,61.5
71,2010-04-06,52,22-046,FLA,,OTT,L,1,0,1,0,0,1,0,0,0,,,,4,25.0,24,18:31,0,0,4,6,40.0
72,2010-04-08,53,22-048,FLA,,NJD,W,0,1,1,0,0,0,0,0,0,,,,1,0.0,26,18:41,1,0,5,9,35.7
73,2010-04-10,54,22-050,FLA,@,TBL,L-SO,0,0,0,-1,0,0,0,0,0,,,,3,0.0,28,18:53,0,0,3,7,30.0
74,2010-04-11,55,22-051,FLA,,TBL,L,0,1,1,-1,0,0,0,0,0,,,,3,0.0,27,16:23,1,0,5,7,41.7
75,2010-10-10,1,22-233,FLA,@,EDM,L,0,0,0,0,0,0,0,0,0,,,,2,0.0,21,14:00,0,1,8,3,72.7
76,2010-10-11,2,22-234,FLA,@,VAN,L,0,0,0,-1,0,0,0,0,0,,,,2,0.0,15,10:41,1,0,3,3,50.0
77,2010-10-14,3,22-237,FLA,@,CGY,W,1,0,1,1,0,1,0,0,0,,,,2,50.0,17,12:08,0,1,2,2,50.0
78,2010-10-16,4,22-239,FLA,,TBL,W,0,1,1,3,0,0,0,0,0,,,,1,0.0,18,13:14,0,0,5,5,50.0
79,2010-10-21,5,22-244,FLA,,DAL,L,0,0,0,-2,0,0,0,0,0,,,,4,0.0,13,8:49,0,0,1,3,25.0
80,2010-10-28,6,22-251,FLA,@,OTT,L,0,0,0,0,0,0,0,0,0,,,,2,0.0,15,12:42,1,0,2,7,22.2
81,2010-10-30,7,22-253,FLA,@,MTL,W,1,1,2,2,0,1,0,0,0,,,,1,100.0,16,11:08,2,0,3,5,37.5
82,2010-11-03,8,22-257,FLA,,ATL,L,0,0,0,-2,0,0,0,0,0,,,,5,0.0,15,11:56,3,0,4,6,40.0
83,2010-11-05,9,22-259,FLA,,CAR,W,0,0,0,0,0,0,0,0,0,,,,1,0.0,14,10:12,0,1,7,4,63.6
84,2010-11-06,10,22-260,FLA,@,CAR,L,0,0,0,-1,0,0,0,0,0,,,,0,,15,10:17,0,1,7,2,77.8
85,2010-11-10,11,22-264,FLA,,TOR,W,1,1,2,2,0,1,0,0,0,,,,1,100.0,17,12:01,1,0,0,1,0.0
86,2010-11-12,12,22-266,FLA,,MIN,W,0,0,0,0,0,0,0,0,0,,,,1,0.0,15,11:58,2,0,0,0,
87,2010-11-13,13,22-267,FLA,@,PHI,L,0,0,0,0,0,0,0,0,0,,,,1,0.0,20,13:48,1,0,3,7,30.0
88,2010-11-17,14,22-271,FLA,@,ATL,W,0,0,0,0,0,0,0,0,0,,,,3,0.0,15,10:58,0,0,2,5,28.6
89,2010-11-18,15,22-272,FLA,@,BOS,L,0,0,0,-1,0,0,0,0,0,,,,3,0.0,19,13:05,2,0,5,4,55.6
90,2010-11-20,16,22-274,FLA,@,NYI,W,0,1,1,1,0,0,0,0,0,,,,2,0.0,18,13:26,1,4,4,10,28.6
91,2010-11-22,17,22-276,FLA,,PIT,L,0,0,0,1,0,0,0,0,0,,,,3,0.0,17,12:03,2,1,5,6,45.5
92,2010-11-24,18,22-278,FLA,,BOS,L,0,0,0,0,0,0,0,0,0,,,,1,0.0,18,13:39,0,1,4,2,66.7
93,2010-11-26,19,22-280,FLA,,NYR,L,0,0,0,-1,0,0,0,0,0,,,,4,0.0,16,15:37,0,0,4,6,40.0
94,2010-11-27,20,22-281,FLA,@,TBL,W,1,0,1,0,2,1,0,0,0,,,,3,33.3,21,16:12,1,0,6,3,66.7
95,2010-12-01,21,22-285,FLA,@,ANA,L,0,0,0,0,0,0,0,0,0,,,,1,0.0,15,13:05,2,0,0,0,
96,2010-12-02,22,22-286,FLA,@,LAK,L,0,0,0,-1,0,0,0,0,0,,,,1,0.0,20,16:25,3,0,1,4,20.0
97,2010-12-04,23,22-288,FLA,@,PHX,W,0,0,0,0,0,0,0,0,0,,,,4,0.0,20,17:31,1,0,2,3,40.0
98,2010-12-07,24,22-291,FLA,,COL,W,0,0,0,1,0,0,0,0,0,,,,0,,16,10:44,0,0,2,2,50.0
99,2010-12-09,25,22-293,FLA,@,WSH,W,0,0,0,0,0,0,0,0,0,,,,1,0.0,17,10:33,0,2,3,2,60.0
100,2010-12-11,26,22-295,FLA,@,NSH,L,0,0,0,0,0,0,0,0,0,,,,3,0.0,19,17:10,0,1,0,1,0.0
101,2010-12-15,27,22-299,FLA,,CAR,L,0,1,1,1,2,0,0,0,0,,,,2,0.0,18,11:56,0,0,2,2,50.0
102,2010-12-17,28,22-301,FLA,,BUF,W,0,2,2,3,0,0,0,0,0,,,,3,0.0,17,12:22,2,0,0,1,0.0
103,2010-12-20,29,22-304,FLA,@,PHI,W,1,0,1,2,0,1,0,0,0,,,,4,25.0,21,15:20,1,0,2,0,100.0
104,2010-12-22,30,22-306,FLA,@,PIT,L,0,0,0,-3,5,0,0,0,0,,,,4,0.0,19,12:42,0,0,2,2,50.0
105,2010-12-23,31,22-307,FLA,@,BUF,W,0,0,0,-1,0,0,0,0,0,,,,1,0.0,16,10:30,0,1,5,3,62.5
106,2010-12-27,32,22-311,FLA,,BOS,L-SO,0,0,0,0,0,0,0,0,0,,,,0,,21,15:50,4,0,2,3,40.0
107,2010-12-31,33,22-315,FLA,,MTL,L-OT,0,0,0,0,0,0,0,0,0,,,,1,0.0,14,9:32,2,0,4,1,80.0
108,2011-01-02,34,22-317,FLA,,NYR,W,0,0,0,0,2,0,0,0,0,,,,2,0.0,17,10:29,1,0,4,6,40.0
109,2011-01-03,35,22-318,FLA,@,CAR,W,0,1,1,-1,0,0,0,0,0,,,,1,0.0,15,10:26,1,0,4,2,66.7
110,2011-01-05,36,22-320,FLA,,ATL,L,0,0,0,0,5,0,0,0,0,,,,1,0.0,15,8:24,1,1,2,4,33.3
111,2011-01-07,37,22-322,FLA,,CAR,L,0,0,0,-1,0,0,0,0,0,,,,0,,17,13:08,2,0,5,3,62.5
112,2011-01-08,38,22-323,FLA,@,WSH,L,0,0,0,-1,0,0,0,0,0,,,,1,0.0,13,9:19,1,0,2,1,66.7
113,2011-01-11,39,22-326,FLA,,WSH,W,0,0,0,-1,0,0,0,0,0,,,,2,0.0,11,7:45,1,1,3,6,33.3
114,2011-01-13,40,22-328,FLA,,NSH,W,0,0,0,-2,0,0,0,0,0,,,,2,0.0,15,8:58,2,0,3,4,42.9
115,2011-01-15,41,22-330,FLA,,NJD,W,0,0,0,0,0,0,0,0,0,,,,0,,15,11:35,4,0,6,2,75.0
116,2011-01-17,42,22-332,FLA,,ATL,L-SO,0,0,0,0,0,0,0,0,0,,,,2,0.0,17,10:31,1,0,7,4,63.6
117,2011-01-19,43,22-334,FLA,,CBJ,L-OT,0,0,0,0,0,0,0,0,0,,,,0,,18,13:01,2,0,5,8,38.5
118,2011-01-21,44,22-336,FLA,,TBL,L-SO,0,1,1,1,0,0,0,0,0,,,,2,0.0,17,10:14,2,1,8,2,80.0
119,2011-01-23,45,22-338,FLA,@,NJD,L,1,0,1,1,0,1,0,0,0,,,,2,50.0,18,13:23,1,0,7,8,46.7
120,2011-01-25,46,22-340,FLA,@,NYR,W,0,1,1,1,0,0,0,0,0,,,,2,0.0,13,10:00,0,0,4,4,50.0
121,2011-01-26,47,22-341,FLA,@,BOS,L,0,0,0,0,0,0,0,0,0,,,,1,0.0,6,3:42,3,1,1,3,25.0
122,2011-03-22,48,23-031,FLA,@,NYR,L,0,0,0,0,0,0,0,0,0,,,,0,,19,13:16,4,1,8,5,61.5
123,2011-03-23,49,23-032,FLA,@,CHI,L,0,0,0,0,0,0,0,0,0,,,,3,0.0,11,9:00,0,1,6,1,85.7
124,2011-04-06,50,23-046,FLA,@,WSH,L,0,0,0,0,0,0,0,0,0,,,,1,0.0,16,10:56,1,0,6,7,46.2
125,2011-04-08,51,23-048,FLA,@,TBL,L,0,0,0,-1,0,0,0,0,0,,,,1,0.0,10,8:11,1,0,7,4,63.6
126,2011-10-08,1,23-231,FLA,@,NYI,W,0,0,0,0,0,0,0,0,0,,,,0,,17,12:00,2,0,1,1,50.0
127,2011-10-11,2,23-234,FLA,@,PIT,L,0,0,0,0,0,0,0,0,0,,,,1,0.0,17,11:12,1,0,4,2,66.7
128,2011-10-15,3,23-238,FLA,,TBL,W,0,0,0,0,0,0,0,0,0,,,,1,0.0,14,7:57,1,1,1,2,33.3
129,2011-10-17,4,23-240,FLA,@,TBL,W,0,0,0,-1,0,0,0,0,0,,,,1,0.0,17,10:36,0,0,2,1,66.7
130,2011-10-18,5,23-241,FLA,@,WSH,L,0,0,0,-1,0,0,0,0,0,,,,2,0.0,20,13:46,0,0,3,1,75.0
131,2011-10-22,6,23-245,FLA,,NYI,W,1,2,3,3,2,1,0,0,0,,,,1,100.0,19,14:41,1,0,1,1,50.0
132,2011-10-24,7,23-247,FLA,@,MTL,W,0,0,0,0,0,0,0,0,0,,,,0,,20,14:14,0,1,2,3,40.0
133,2011-10-27,8,23-250,FLA,@,OTT,L,0,0,0,-1,0,0,0,0,0,,,,0,,14,9:11,1,0,0,2,0.0
134,2011-10-29,9,23-252,FLA,@,BUF,W,0,0,0,-1,2,0,0,0,0,,,,3,0.0,14,10:24,0,0,0,0,
135,2011-10-31,10,23-254,FLA,,WPG,L-SO,0,0,0,0,0,0,0,0,0,,,,5,0.0,14,11:42,0,1,0,0,
136,2011-11-03,11,23-257,FLA,,CHI,L-SO,0,0,0,0,0,0,0,0,0,,,,3,0.0,19,11:58,1,1,5,6,45.5
137,2011-11-06,12,23-260,FLA,,TBL,L-SO,0,0,0,1,0,0,0,0,0,,,,1,0.0,17,13:46,0,0,5,5,50.0
138,2011-11-08,13,23-262,FLA,@,TOR,W,1,1,2,2,0,1,0,0,0,,,,2,50.0,16,10:40,0,0,2,2,50.0
139,2011-11-10,14,23-264,FLA,@,WPG,W,0,0,0,-1,0,0,0,0,0,,,,0,,17,10:41,0,0,5,2,71.4
140,2011-11-13,15,23-267,FLA,,PHI,L,0,0,0,1,2,0,0,0,0,,,,1,0.0,18,12:03,0,1,1,1,50.0
141,2011-11-15,16,23-269,FLA,@,DAL,W,0,0,0,0,0,0,0,0,0,,,,1,0.0,16,12:43,0,0,0,2,0.0
142,2011-11-17,17,23-271,FLA,@,STL,L,0,0,0,0,2,0,0,0,0,,,,1,0.0,16,9:04,0,1,2,2,50.0
143,2011-11-19,18,23-273,FLA,,PIT,W,0,0,0,0,0,0,0,0,0,,,,1,0.0,19,14:04,2,0,3,7,30.0
144,2011-11-21,19,23-275,FLA,,NJD,W,0,0,0,-1,5,0,0,0,0,,,,1,0.0,16,10:39,1,0,6,3,66.7
145,2011-11-23,20,23-277,FLA,,NYR,W,0,0,0,0,0,0,0,0,0,,,,1,0.0,15,11:08,0,0,3,4,42.9
146,2011-11-25,21,23-279,FLA,,TBL,L-OT,0,0,0,0,0,0,0,0,0,,,,3,0.0,20,14:24,0,0,3,3,50.0
147,2011-11-26,22,23-280,FLA,@,TBL,L,1,0,1,1,0,1,0,0,0,,,,1,100.0,23,16:16,1,1,5,4,55.6
148,2011-11-29,23,23-283,FLA,@,CAR,W,2,0,2,2,2,2,0,0,1,,,,2,100.0,20,12:11,0,0,4,7,36.4
149,2011-12-01,24,23-285,FLA,@,LAK,L,0,0,0,1,0,0,0,0,0,,,,4,0.0,22,14:41,0,0,3,7,30.0
150,2011-12-03,25,23-287,FLA,@,SJS,W,0,0,0,0,0,0,0,0,0,,,,1,0.0,22,15:47,0,3,6,6,50.0
151,2011-12-05,26,23-289,FLA,,WSH,W,0,1,1,-2,0,0,0,0,0,,,,0,,23,16:15,0,0,9,11,45.0
152,2011-12-08,27,23-292,FLA,@,BOS,W,0,1,1,1,0,0,0,0,0,,,,1,0.0,20,15:32,0,0,6,6,50.0
153,2011-12-09,28,23-293,FLA,@,BUF,L-OT,0,0,0,0,0,0,0,0,0,,,,4,0.0,26,16:01,0,1,8,6,57.1
154,2011-12-11,29,23-295,FLA,@,NYR,L,0,0,0,-2,0,0,0,0,0,,,,0,,19,15:24,0,2,6,5,54.5
155,2011-12-13,30,23-297,FLA,,NJD,L-SO,0,0,0,0,0,0,0,0,0,,,,0,,26,17:22,0,0,8,7,53.3
156,2011-12-16,31,23-300,FLA,,CGY,W,0,2,2,1,2,0,0,0,0,,,,5,0.0,23,15:01,0,0,8,8,50.0
157,2011-12-18,32,23-302,FLA,,CAR,W,0,1,1,1,0,0,0,0,0,,,,2,0.0,30,21:18,0,1,9,9,50.0
158,2011-12-20,33,23-304,FLA,,PHX,L,0,0,0,1,2,0,0,0,0,,,,3,0.0,26,17:02,2,0,8,3,72.7
159,2011-12-22,34,23-306,FLA,@,OTT,L-OT,1,0,1,-1,2,0,1,0,0,,,,4,25.0,29,20:13,0,0,11,10,52.4
160,2011-12-23,35,23-307,FLA,@,BOS,L,0,0,0,-1,0,0,0,0,0,,,,4,0.0,26,17:37,0,0,1,12,7.7
161,2011-12-27,36,23-311,FLA,,TOR,W,0,0,0,1,0,0,0,0,0,,,,1,0.0,25,19:20,2,1,5,9,35.7
162,2011-12-30,37,23-314,FLA,,NYR,L,0,0,0,-2,0,0,0,0,0,,,,5,0.0,22,15:02,4,1,9,7,56.3
163,2011-12-31,38,23-315,FLA,,MTL,W,1,0,1,0,0,1,0,0,0,,,,1,100.0,26,18:07,4,0,8,10,44.4
164,2012-01-05,39,23-320,FLA,@,NYR,L-OT,0,0,0,-2,0,0,0,0,0,,,,1,0.0,24,16:20,2,2,11,4,73.3
165,2012-01-06,40,23-321,FLA,@,NJD,L,0,0,0,-1,0,0,0,0,0,,,,1,0.0,20,14:55,0,0,1,1,50.0
166,2012-01-09,41,23-324,FLA,,VAN,W,0,1,1,1,0,0,0,0,0,,,,1,0.0,20,14:44,2,1,1,0,100.0
167,2012-01-13,42,23-328,FLA,,PIT,L,0,0,0,-1,0,0,0,0,0,,,,0,,24,17:13,1,0,0,0,
168,2012-01-16,43,23-331,FLA,,BOS,L-SO,1,0,1,0,2,1,0,0,0,,,,4,25.0,24,16:26,0,0,0,0,
169,2012-01-18,44,23-333,FLA,@,COL,L-OT,0,0,0,0,2,0,0,0,0,,,,1,0.0,25,14:01,0,0,0,0,
170,2012-01-20,45,23-335,FLA,@,CHI,L,0,0,0,0,0,0,0,0,0,,,,0,,17,12:02,1,0,7,3,70.0
171,2012-01-21,46,23-336,FLA,@,WPG,W,0,0,0,-2,0,0,0,0,0,,,,4,0.0,23,16:14,2,2,4,6,40.0
172,2012-01-24,47,23-339,FLA,,PHI,L-SO,0,0,0,-1,0,0,0,0,0,,,,3,0.0,23,17:15,1,1,0,0,
173,2012-02-01,48,23-347,FLA,,WSH,W,1,0,1,1,0,1,0,0,0,,,,2,50.0,14,10:03,0,0,1,0,100.0
174,2012-02-03,49,23-349,FLA,,WPG,W,0,0,0,0,0,0,0,0,0,,,,1,0.0,22,15:01,0,1,5,2,71.4
175,2012-02-04,50,23-350,FLA,@,TBL,L,0,0,0,0,0,0,0,0,0,,,,2,0.0,19,10:47,2,0,6,2,75.0
176,2012-02-07,51,23-353,FLA,@,WSH,L,0,0,0,0,0,0,0,0,0,,,,2,0.0,18,11:29,0,0,4,2,66.7
177,2012-02-09,52,23-355,FLA,,LAK,W,0,2,2,2,0,0,0,0,0,,,,2,0.0,22,16:20,0,0,2,4,33.3
178,2012-02-11,53,23-357,FLA,@,NJD,W,0,0,0,0,0,0,0,0,0,,,,3,0.0,18,12:01,0,0,0,3,0.0
179,2012-02-12,54,23-358,FLA,@,NYI,W,0,1,1,1,0,0,0,0,0,,,,0,,18,11:18,1,1,3,3,50.0
180,2012-02-15,55,23-361,FLA,,OTT,L,1,0,1,1,0,1,0,0,0,,,,2,50.0,18,13:18,0,1,8,4,66.7
181,2012-02-17,56,23-363,FLA,,WSH,L,0,0,0,0,0,0,0,0,0,,,,2,0.0,22,12:59,2,2,1,4,20.0
182,2012-02-19,57,24-000,FLA,,ANA,L,0,0,0,0,0,0,0,0,0,,,,2,0.0,17,12:45,0,1,4,5,44.4
183,2012-02-23,58,24-004,FLA,,MIN,L-SO,0,0,0,0,0,0,0,0,0,,,,4,0.0,23,18:41,3,0,1,5,16.7
184,2012-02-25,59,24-006,FLA,@,CAR,W,0,1,1,1,0,0,0,0,0,,,,3,0.0,20,15:18,0,1,4,4,50.0
185,2012-02-26,60,24-007,FLA,,MTL,W,0,0,0,0,0,0,0,0,0,,,,1,0.0,24,13:59,0,0,3,1,75.0
186,2012-02-28,61,24-009,FLA,@,TOR,W,0,0,0,-1,0,0,0,0,0,,,,0,,20,15:02,0,0,0,4,0.0
187,2012-03-01,62,24-011,FLA,@,WPG,L,0,0,0,-2,0,0,0,0,0,,,,2,0.0,21,12:55,1,0,2,3,40.0
188,2012-03-03,63,24-013,FLA,,NSH,L,0,0,0,0,0,0,0,0,0,,,,2,0.0,22,15:44,0,0,7,3,70.0
189,2012-03-04,64,24-014,FLA,,OTT,W,0,1,1,0,0,0,0,0,0,,,,1,0.0,20,13:20,3,2,2,4,33.3
190,2012-03-08,65,24-018,FLA,@,PHI,L,0,0,0,-1,0,0,0,0,0,,,,5,0.0,19,14:32,2,0,6,6,50.0
191,2012-03-09,66,24-019,FLA,@,PIT,L-SO,0,0,0,0,0,0,0,0,0,,,,1,0.0,23,15:32,2,0,2,5,28.6
192,2012-03-11,67,24-021,FLA,,CAR,W,0,0,0,0,0,0,0,0,0,,,,2,0.0,18,13:29,2,0,0,3,0.0
193,2012-03-13,68,24-023,FLA,,TOR,W,0,0,0,0,17,0,0,0,0,,,,0,,17,11:37,0,2,1,1,50.0
194,2012-03-15,69,24-025,FLA,,BOS,W,0,0,0,1,0,0,0,0,0,,,,0,,22,14:10,1,1,7,7,50.0
195,2012-03-17,70,24-027,FLA,,BUF,W,0,0,0,0,7,0,0,0,0,,,,0,,18,12:06,3,2,2,5,28.6
196,2012-03-20,71,24-030,FLA,@,PHI,W,0,0,0,-1,0,0,0,0,0,,,,1,0.0,14,9:09,2,0,2,1,66.7
197,2012-03-23,72,24-033,FLA,,EDM,L-SO,0,0,0,0,0,0,0,0,0,,,,1,0.0,19,13:30,2,0,4,4,50.0
198,2012-03-25,73,24-035,FLA,,NYI,L-SO,0,0,0,-1,0,0,0,0,0,,,,4,0.0,20,15:17,0,0,5,4,55.6
199,2012-03-27,74,24-037,FLA,@,MTL,W,0,0,0,1,0,0,0,0,0,,,,1,0.0,21,17:31,0,1,12,3,80.0
200,2012-03-29,75,24-039,FLA,@,MIN,L-OT,0,0,0,0,0,0,0,0,0,,,,2,0.0,22,12:53,0,1,6,3,66.7
201,2012-03-30,76,24-040,FLA,@,CBJ,L,0,0,0,0,0,0,0,0,0,,,,1,0.0,19,11:34,0,0,3,2,60.0
202,2012-04-01,77,24-042,FLA,@,DET,L-SO,0,0,0,0,0,0,0,0,0,,,,1,0.0,13,7:29,0,0,1,1,50.0
203,2012-04-03,78,24-044,FLA,,WPG,L-OT,0,0,0,-1,0,0,0,0,0,,,,1,0.0,15,11:13,2,0,2,6,25.0
204,2012-04-07,79,24-048,FLA,,CAR,W,0,0,0,1,0,0,0,0,0,,,,0,,16,10:44,0,0,2,7,22.2
205,2013-01-19,1,24-335,FLA,,CAR,W,0,0,0,0,0,0,0,0,0,,,,0,,22,14:38,0,2,2,5,28.6
206,2013-01-21,2,24-337,FLA,@,OTT,L,0,0,0,0,0,0,0,0,0,,,,4,0.0,24,15:35,0,1,2,6,25.0
207,2013-01-22,3,24-338,FLA,@,MTL,L,0,0,0,0,0,0,0,0,0,,,,2,0.0,20,14:17,1,0,6,3,66.7
208,2013-01-24,4,24-340,FLA,,OTT,L,0,0,0,-1,0,0,0,0,0,,,,3,0.0,21,14:03,4,1,6,3,66.7
209,2013-01-26,5,24-342,FLA,,PHI,L,0,0,0,1,0,0,0,0,0,,,,3,0.0,20,13:08,2,1,3,6,33.3
210,2013-01-29,6,24-345,FLA,@,TBL,L,0,0,0,-1,0,0,0,0,0,,,,4,0.0,20,14:59,0,0,5,5,50.0
211,2013-01-31,7,24-347,FLA,,WPG,W,0,0,0,2,2,0,0,0,0,,,,2,0.0,17,14:31,4,0,6,6,50.0
212,2013-02-03,8,24-350,FLA,@,BUF,W,1,0,1,1,0,1,0,0,0,,,,1,100.0,17,12:03,1,0,0,0,
213,2013-02-05,9,24-352,FLA,@,WPG,L-OT,0,0,0,0,0,0,0,0,0,,,,1,0.0,14,10:59,2,0,1,0,100.0
214,2013-02-07,10,24-354,FLA,@,PHI,W,0,0,0,1,0,0,0,0,0,,,,3,0.0,16,10:11,1,0,0,1,0.0
215,2013-02-09,11,24-356,FLA,@,WSH,L,0,0,0,-1,0,0,0,0,0,,,,1,0.0,13,9:32,0,2,1,0,100.0
216,2013-02-12,12,24-359,FLA,,WSH,L-OT,1,0,1,0,0,1,0,0,0,,,,4,25.0,17,14:05,1,1,3,2,60.0
217,2013-02-14,13,24-361,FLA,,MTL,L-OT,0,0,0,-1,0,0,0,0,0,,,,1,0.0,21,17:11,1,0,2,1,66.7
218,2013-02-16,14,24-363,FLA,,TBL,L-OT,1,1,2,0,0,1,0,0,0,,,,3,33.3,22,16:06,2,0,2,0,100.0
219,2013-02-18,15,24-365,FLA,,TOR,L,0,0,0,0,0,0,0,0,0,,,,1,0.0,18,12:42,2,0,1,0,100.0
220,2013-02-21,16,25-002,FLA,@,PHI,W,0,0,0,0,2,0,0,0,0,,,,1,0.0,25,14:58,1,0,1,0,100.0
221,2013-02-22,17,25-003,FLA,@,PIT,L,0,0,0,0,0,0,0,0,0,,,,1,0.0,18,14:39,0,0,0,0,
222,2013-02-24,18,25-005,FLA,,BOS,L,0,0,0,-2,0,0,0,0,0,,,,2,0.0,17,14:30,2,0,0,0,
223,2013-02-26,19,25-007,FLA,,PIT,W,0,0,0,0,2,0,0,0,0,,,,0,,21,12:39,2,0,0,3,0.0
224,2013-02-28,20,25-009,FLA,,BUF,L-SO,0,0,0,0,0,0,0,0,0,,,,2,0.0,18,13:48,1,1,0,0,
225,2013-03-02,21,25-011,FLA,@,CAR,L,1,0,1,0,0,1,0,0,0,,,,6,16.7,21,14:07,0,0,2,1,66.7
226,2013-03-03,22,25-012,FLA,,CAR,L,0,0,0,-1,0,0,0,0,0,,,,0,,23,16:55,0,0,0,0,
227,2013-03-05,23,25-014,FLA,,WPG,W,1,0,1,2,0,1,0,0,1,,,,2,50.0,23,15:43,2,0,3,7,30.0
228,2013-03-07,24,25-016,FLA,@,WSH,L,0,1,1,1,0,0,0,0,0,,,,3,0.0,20,15:25,2,1,7,7,50.0
229,2013-03-08,25,25-017,FLA,,WPG,L-OT,1,0,1,1,0,1,0,0,0,,,,3,33.3,23,15:52,3,0,5,6,45.5
230,2013-03-10,26,25-019,FLA,,MTL,L,1,0,1,1,0,1,0,0,0,,,,1,100.0,22,16:19,1,0,1,11,8.3
231,2013-03-12,27,25-021,FLA,,TBL,L,0,0,0,1,0,0,0,0,0,,,,1,0.0,23,17:39,2,0,10,8,55.6
232,2013-03-14,28,25-023,FLA,@,BOS,L,1,0,1,0,0,0,0,1,0,,,,6,16.7,24,17:54,0,0,2,4,33.3
233,2013-03-16,29,25-025,FLA,,NYI,L,0,0,0,-3,0,0,0,0,0,,,,1,0.0,23,15:30,2,1,3,3,50.0
234,2013-03-19,30,25-028,FLA,@,CAR,W,1,0,1,0,0,0,1,0,0,,,,5,20.0,21,15:29,2,1,4,5,44.4
235,2013-03-21,31,25-030,FLA,@,NYR,W,0,1,1,1,0,0,0,0,0,,,,4,0.0,22,16:11,0,0,6,5,54.5
236,2013-03-23,32,25-032,FLA,@,NJD,L,0,0,0,0,0,0,0,0,0,,,,0,,18,14:06,0,0,1,5,16.7
237,2013-03-24,33,25-033,FLA,@,NYI,L,0,0,0,0,0,0,0,0,0,,,,1,0.0,23,17:07,1,1,5,6,45.5
238,2013-03-26,34,25-035,FLA,@,TOR,L,1,0,1,-1,0,1,0,0,0,,,,2,50.0,23,16:34,5,0,10,3,76.9
239,2013-03-28,35,25-037,FLA,,BUF,W,2,0,2,1,4,2,0,0,0,,,,6,33.3,28,18:12,0,0,4,7,36.4
240,2013-03-30,36,25-039,FLA,,NJD,W,2,0,2,0,2,1,1,0,0,,,,4,50.0,27,17:52,3,0,4,7,36.4
241,2013-04-02,37,25-042,FLA,@,TBL,W,0,0,0,-1,0,0,0,0,0,,,,1,0.0,30,21:55,2,0,4,4,50.0
242,2013-04-06,38,25-046,FLA,,WSH,L,0,2,2,1,0,0,0,0,0,,,,2,0.0,20,16:48,2,1,3,4,42.9
243,2013-04-07,39,25-047,FLA,,OTT,W,0,0,0,0,2,0,0,0,0,,,,0,,21,19:44,0,1,4,5,44.4
244,2013-04-11,40,25-051,FLA,@,WPG,L,0,0,0,-4,2,0,0,0,0,,,,2,0.0,25,15:26,1,0,4,5,44.4
245,2013-04-13,41,25-053,FLA,,PIT,L,0,0,0,-1,0,0,0,0,0,,,,2,0.0,22,14:45,1,1,4,6,40.0
246,2013-04-16,42,25-056,FLA,@,NYI,L,0,0,0,0,0,0,0,0,0,,,,1,0.0,21,16:03,0,0,5,7,41.7
247,2013-04-18,43,25-058,FLA,@,NYR,L,0,1,1,-2,0,0,0,0,0,,,,5,0.0,24,18:22,4,0,7,4,63.6
248,2013-04-20,44,25-060,FLA,@,NJD,L,0,1,1,0,0,0,0,0,0,,,,0,,23,17:15,1,1,5,10,33.3
249,2013-04-21,45,25-061,FLA,@,BOS,L,0,0,0,-2,0,0,0,0,0,,,,1,0.0,17,10:16,1,0,3,3,50.0
250,2013-04-23,46,25-063,FLA,,NYR,W,0,0,0,-1,0,0,0,0,0,,,,2,0.0,18,13:16,2,3,1,7,12.5
251,2013-04-25,47,25-065,FLA,,TOR,L,0,0,0,0,0,0,0,0,0,,,,3,0.0,19,15:02,1,0,3,5,37.5
252,2013-04-27,48,25-067,FLA,@,TBL,W,0,0,0,0,0,0,0,0,0,,,,3,0.0,22,14:46,1,1,2,8,20.0
253,2013-10-03,1,25-226,FLA,@,DAL,W,0,0,0,0,0,0,0,0,0,,,,2,0.0,20,14:35,1,0,4,5,44.4
254,2013-10-05,2,25-228,FLA,@,STL,L,0,0,0,-2,2,0,0,0,0,,,,1,0.0,20,14:14,0,0,3,3,50.0
255,2013-10-08,3,25-231,FLA,@,PHI,L,0,0,0,0,0,0,0,0,0,,,,2,0.0,17,11:51,1,0,3,3,50.0
256,2013-10-10,4,25-233,FLA,@,TBL,L,0,0,0,0,0,0,0,0,0,,,,1,0.0,18,14:28,1,0,2,6,25.0
257,2013-10-11,5,25-234,FLA,,PIT,W,0,1,1,1,2,0,0,0,0,,,,1,0.0,16,11:28,1,0,5,4,55.6
258,2013-10-13,6,25-236,FLA,,LAK,L,0,0,0,0,0,0,0,0,0,,,,0,,16,11:55,1,0,1,2,33.3
259,2013-10-15,7,25-238,FLA,@,NSH,L,0,1,1,1,0,0,0,0,0,,,,1,0.0,22,16:22,1,0,1,1,50.0
260,2013-10-17,8,25-240,FLA,,BOS,L,0,0,0,1,2,0,0,0,0,,,,3,0.0,16,10:11,2,0,0,1,0.0
261,2013-10-19,9,25-242,FLA,,MIN,W,0,0,0,0,0,0,0,0,0,,,,1,0.0,17,11:05,3,0,0,3,0.0
262,2013-10-22,10,25-245,FLA,,CHI,L-SO,0,0,0,-1,0,0,0,0,0,,,,2,0.0,21,14:11,4,1,0,2,0.0
263,2013-10-25,11,25-248,FLA,,BUF,L,0,0,0,0,0,0,0,0,0,,,,1,0.0,19,13:44,2,0,0,0,
264,2013-10-27,12,25-250,FLA,,TBL,L-SO,1,0,1,0,0,1,0,0,0,,,,2,50.0,23,17:05,2,0,1,1,50.0
265,2013-11-01,13,25-255,FLA,,STL,L,0,0,0,0,0,0,0,0,0,,,,4,0.0,21,14:58,4,0,0,0,
266,2013-11-02,14,25-256,FLA,@,WSH,L-SO,0,0,0,0,0,0,0,0,0,,,,2,0.0,19,16:41,1,0,1,3,25.0
267,2013-11-05,15,25-259,FLA,,EDM,L-OT,0,0,0,-1,0,0,0,0,0,,,,1,0.0,20,16:47,4,0,8,4,66.7
268,2013-11-07,16,25-261,FLA,@,BOS,L,0,0,0,-2,0,0,0,0,0,,,,0,,21,16:02,2,0,0,1,0.0
269,2013-11-09,17,25-263,FLA,@,OTT,L,0,0,0,-1,0,0,0,0,0,,,,2,0.0,12,7:53,2,1,2,5,28.6
270,2013-11-10,18,25-264,FLA,@,NYR,L,0,0,0,0,0,0,0,0,0,,,,1,0.0,14,11:01,1,1,2,4,33.3
271,2013-11-12,19,25-266,FLA,,ANA,W,1,0,1,0,0,1,0,0,0,,,,2,50.0,18,8:52,2,0,3,2,60.0
272,2013-11-15,20,25-269,FLA,@,MIN,L,0,0,0,-1,0,0,0,0,0,,,,1,0.0,15,9:57,1,1,0,1,0.0
273,2013-11-16,21,25-270,FLA,@,COL,W,0,0,0,0,0,0,0,0,0,,,,2,0.0,12,9:29,0,0,0,2,0.0
274,2013-11-19,22,25-273,FLA,@,VAN,W,1,0,1,1,0,1,0,0,0,,,,2,50.0,17,9:48,1,0,1,3,25.0
275,2013-11-21,23,25-275,FLA,@,EDM,L,0,0,0,0,0,0,0,0,0,,,,5,0.0,23,18:29,3,0,2,2,50.0
276,2013-11-22,24,25-276,FLA,@,CGY,L-SO,0,0,0,1,2,0,0,0,0,,,,2,0.0,18,13:06,5,0,0,3,0.0
277,2013-11-25,25,25-279,FLA,,PHI,W,0,0,0,1,0,0,0,0,0,,,,1,0.0,18,9:46,1,0,3,2,60.0
278,2013-11-27,26,25-281,FLA,,NYR,L,0,0,0,0,0,0,0,0,0,,,,1,0.0,15,8:51,1,1,4,4,50.0
279,2013-11-30,27,25-284,FLA,,PIT,L,0,0,0,-2,0,0,0,0,0,,,,2,0.0,18,12:16,4,1,0,0,
280,2013-12-03,28,25-287,FLA,,OTT,L,0,0,0,0,2,0,0,0,0,,,,0,,18,11:07,1,1,2,6,25.0
281,2013-12-05,29,25-289,FLA,,WPG,W,0,0,0,0,0,0,0,0,0,,,,1,0.0,15,9:34,0,1,1,3,25.0
282,2013-12-07,30,25-291,FLA,@,DET,W,0,2,2,2,0,0,0,0,0,,,,2,0.0,17,13:06,0,0,3,6,33.3
283,2013-12-08,31,25-292,FLA,@,CHI,L,0,0,0,-1,0,0,0,0,0,,,,2,0.0,15,6:46,0,0,1,2,33.3
284,2013-12-10,32,25-294,FLA,,DET,W,0,0,0,0,0,0,0,0,0,,,,1,0.0,16,10:55,1,0,1,4,20.0
285,2013-12-13,33,25-297,FLA,,WSH,W,0,0,0,0,0,0,0,0,0,,,,3,0.0,14,11:14,3,0,2,1,66.7
286,2013-12-15,34,25-299,FLA,@,MTL,W,0,0,0,0,0,0,0,0,0,,,,2,0.0,15,11:17,0,1,1,3,25.0
287,2013-12-17,35,25-301,FLA,@,TOR,W,0,0,0,0,0,0,0,0,0,,,,2,0.0,24,17:48,1,1,0,0,
288,2013-12-19,36,25-303,FLA,@,OTT,W,0,1,1,1,0,0,0,0,0,,,,1,0.0,15,11:52,0,1,0,4,0.0
289,2013-12-20,37,25-304,FLA,@,WPG,L,1,0,1,0,0,1,0,0,0,,,,1,100.0,16,10:16,1,0,2,4,33.3
290,2013-12-23,38,25-307,FLA,,TBL,L,0,0,0,-1,0,0,0,0,0,,,,2,0.0,21,13:32,2,0,3,2,60.0
291,2013-12-28,39,25-312,FLA,,DET,L,0,0,0,0,0,0,0,0,0,,,,3,0.0,16,14:06,2,0,1,0,100.0
292,2013-12-29,40,25-313,FLA,,MTL,W,0,0,0,1,0,0,0,0,0,,,,2,0.0,17,13:57,1,0,1,0,100.0
293,2013-12-31,41,25-315,FLA,,NYR,L-SO,0,0,0,-1,0,0,0,0,0,,,,1,0.0,19,15:33,2,0,0,0,
294,2014-01-04,42,25-319,FLA,,NSH,W,0,0,0,0,0,0,0,0,0,,,,0,,12,9:37,0,0,1,3,25.0
295,2014-01-06,43,25-321,FLA,@,MTL,L,0,0,0,0,0,0,0,0,0,,,,0,,11,7:48,1,0,0,0,
296,2014-01-11,44,25-326,FLA,@,NJD,L-OT,0,0,0,0,0,0,0,0,0,,,,0,,15,10:25,0,0,0,1,0.0
297,2014-01-14,45,25-329,FLA,,NYI,W,0,0,0,1,0,0,0,0,0,,,,1,0.0,16,11:20,0,2,0,0,
298,2014-01-16,46,25-331,FLA,,SJS,L,0,0,0,0,0,0,0,0,0,,,,0,,14,10:58,0,0,0,0,
299,2014-01-18,47,25-333,FLA,@,CAR,L,0,0,0,0,0,0,0,0,0,,,,0,,14,10:00,0,0,3,1,75.0
300,2014-01-20,48,25-335,FLA,@,PIT,W,1,0,1,1,0,1,0,0,0,,,,2,50.0,16,10:01,0,1,0,0,
301,2014-01-21,49,25-336,FLA,@,BUF,W,0,0,0,0,0,0,0,0,0,,,,2,0.0,19,12:33,0,0,3,2,60.0
302,2014-01-24,50,25-339,FLA,,COL,L,0,0,0,-1,2,0,0,0,0,,,,1,0.0,16,11:31,0,0,2,0,100.0
303,2014-01-26,51,25-341,FLA,@,DET,W,0,0,0,0,0,0,0,0,0,,,,1,0.0,25,16:20,0,0,1,1,50.0
304,2014-01-30,52,25-345,FLA,@,TOR,L,0,0,0,0,0,0,0,0,0,,,,2,0.0,14,9:56,0,0,0,5,0.0
305,2014-02-01,53,25-347,FLA,@,CBJ,L,0,0,0,-1,0,0,0,0,0,,,,2,0.0,15,11:51,2,0,0,5,0.0
306,2014-02-04,54,25-350,FLA,,TOR,W,1,0,1,2,0,1,0,0,0,,,,1,100.0,17,12:20,1,0,0,0,
307,2014-02-06,55,25-352,FLA,,DET,L,0,0,0,-1,0,0,0,0,0,,,,1,0.0,17,11:21,0,2,0,0,
308,2014-02-07,56,25-353,FLA,@,CAR,L,0,0,0,-1,0,0,0,0,0,,,,2,0.0,19,15:46,1,0,0,0,
309,2014-02-27,57,26-008,FLA,,WSH,L,0,0,0,-2,0,0,0,0,0,,,,0,,12,8:03,0,0,1,2,33.3
310,2014-03-01,58,26-010,FLA,@,CBJ,L,1,1,2,2,0,1,0,0,0,,,,1,100.0,19,13:27,3,0,1,2,33.3
311,2014-03-02,59,26-011,FLA,@,NYI,W,2,1,3,3,2,2,0,0,0,,,,4,50.0,18,12:09,0,1,4,5,44.4
312,2014-03-06,60,26-015,VAN,@,DAL,L,0,0,0,-2,0,0,0,0,0,,,,7,0.0,26,16:43,0,0,9,5,64.3
313,2014-03-08,61,26-017,VAN,,CGY,W,0,1,1,1,0,0,0,0,0,,,,2,0.0,26,15:48,2,0,5,10,33.3
314,2014-03-10,62,26-019,VAN,,NYI,L,0,0,0,0,2,0,0,0,0,,,,2,0.0,21,15:56,2,0,9,5,64.3
315,2014-03-12,63,26-021,VAN,@,WPG,W,0,0,0,0,0,0,0,0,0,,,,1,0.0,27,18:35,2,1,11,15,42.3
316,2014-03-14,64,26-023,VAN,@,WSH,L,1,0,1,0,0,1,0,0,0,,,,5,20.0,26,18:32,3,1,4,13,23.5
317,2014-03-16,65,26-025,VAN,@,FLA,W,0,0,0,-1,0,0,0,0,0,,,,4,0.0,31,22:48,3,0,5,11,31.3
318,2014-03-17,66,26-026,VAN,@,TBL,L,0,0,0,-2,0,0,0,0,0,,,,2,0.0,25,17:11,1,1,9,9,50.0
319,2014-03-19,67,26-028,VAN,,NSH,W,0,0,0,0,2,0,0,0,0,,,,1,0.0,23,16:49,2,0,6,7,46.2
320,2014-03-23,68,26-032,VAN,,BUF,W,1,2,3,3,0,1,0,0,0,,,,1,100.0,22,14:27,1,0,2,3,40.0
321,2014-03-26,69,26-035,VAN,@,MIN,W,0,0,0,2,2,0,0,0,0,,,,0,,25,16:16,0,0,5,7,41.7
322,2014-03-27,70,26-036,VAN,@,COL,L-OT,0,0,0,-1,2,0,0,0,0,,,,1,0.0,23,14:04,2,1,3,4,42.9
323,2014-03-29,71,26-038,VAN,,ANA,L,0,0,0,-2,4,0,0,0,0,,,,1,0.0,22,15:03,0,0,8,10,44.4
324,2014-04-01,72,26-041,VAN,,NYR,L,0,0,0,0,0,0,0,0,0,,,,3,0.0,22,17:00,2,1,11,6,64.7
325,2014-04-05,73,26-045,VAN,,LAK,W,0,0,0,0,0,0,0,0,0,,,,4,0.0,17,10:13,0,2,8,4,66.7
326,2014-04-07,74,26-047,VAN,,ANA,L,0,0,0,-1,0,0,0,0,0,,,,0,,16,9:58,0,1,3,5,37.5
327,2014-04-10,75,26-050,VAN,,COL,L,0,0,0,0,0,0,0,0,0,,,,1,0.0,15,9:31,0,1,1,5,16.7
328,2014-04-12,76,26-052,VAN,@,EDM,L,1,1,2,0,0,1,0,0,0,,,,4,25.0,20,14:33,0,1,1,1,50.0
329,2014-04-13,77,26-053,VAN,,CGY,W,0,0,0,0,0,0,0,0,0,,,,0,,18,17:04,0,2,3,1,75.0
330,2014-10-08,1,26-231,VAN,@,CGY,W,0,0,0,-2,0,0,0,0,0,0,0,0,1,0.0,16,9:39,1,0,2,5,28.6
331,2014-10-11,2,26-234,VAN,,EDM,W,0,0,0,0,0,0,0,0,0,0,0,0,1,0.0,15,9:33,1,2,5,4,55.6
332,2014-10-17,3,26-240,VAN,@,EDM,W,0,0,0,0,0,0,0,0,0,0,0,0,1,0.0,18,9:56,2,0,4,5,44.4
333,2014-10-18,4,26-241,VAN,,TBL,L,0,0,0,-1,0,0,0,0,0,0,0,0,0,,14,9:22,0,0,1,3,25.0
334,2014-10-21,5,26-244,VAN,@,DAL,L,0,0,0,0,0,0,0,0,0,0,0,0,1,0.0,18,13:47,1,0,1,2,33.3
335,2014-10-23,6,26-246,VAN,@,STL,W,0,0,0,0,0,0,0,0,0,0,0,0,0,,18,13:51,0,3,0,2,0.0
336,2014-10-24,7,26-247,VAN,@,COL,L,0,0,0,-3,2,0,0,0,0,0,0,0,2,0.0,19,12:25,0,0,0,0,
337,2014-10-26,8,26-249,VAN,,WSH,W,0,0,0,0,0,0,0,0,0,0,0,0,1,0.0,16,11:29,4,0,2,0,100.0
338,2014-10-28,9,26-251,VAN,,CAR,W,0,1,1,1,0,0,0,0,0,1,0,0,3,0.0,18,12:13,2,0,0,2,0.0
339,2014-10-30,10,26-253,VAN,,MTL,W,0,1,1,0,0,0,0,0,0,1,0,0,2,0.0,18,12:56,4,0,1,0,100.0
340,2014-11-01,11,26-255,VAN,@,EDM,W,0,0,0,0,2,0,0,0,0,0,0,0,2,0.0,22,15:04,3,0,1,0,100.0
341,2014-11-02,12,26-256,VAN,,NSH,L,0,0,0,-1,2,0,0,0,0,0,0,0,2,0.0,21,15:37,2,0,1,0,100.0
342,2014-11-04,13,26-258,VAN,@,COL,W,1,0,1,-1,0,1,0,0,0,0,0,0,3,33.3,20,13:53,0,0,0,1,0.0
343,2014-11-06,14,26-260,VAN,@,SJS,W,0,0,0,-1,0,0,0,0,0,0,0,0,1,0.0,20,13:03,3,0,0,0,
344,2014-11-08,15,26-262,VAN,@,LAK,L,0,0,0,-1,0,0,0,0,0,0,0,0,1,0.0,20,14:42,0,0,0,1,0.0
345,2014-11-09,16,26-263,VAN,@,ANA,W,0,0,0,0,0,0,0,0,0,0,0,0,1,0.0,20,15:48,1,1,2,1,66.7
346,2014-11-11,17,26-265,VAN,,OTT,W,1,0,1,-1,0,1,0,0,0,0,0,0,3,33.3,22,14:32,2,0,0,0,
347,2014-11-14,18,26-268,VAN,,ARI,L,0,0,0,0,0,0,0,0,0,0,0,0,1,0.0,19,13:51,2,0,1,2,33.3
348,2014-11-19,19,26-273,VAN,@,EDM,W,0,1,1,1,0,0,0,0,0,0,0,1,1,0.0,19,14:47,0,0,3,0,100.0
349,2014-11-20,20,26-274,VAN,,ANA,L-SO,0,0,0,-2,0,0,0,0,0,0,0,0,1,0.0,19,15:22,2,0,1,0,100.0
350,2014-11-23,21,26-277,VAN,,CHI,W,0,0,0,0,0,0,0,0,0,0,0,0,2,0.0,20,10:21,0,0,0,0,
351,2014-11-25,22,26-279,VAN,,NJD,W,1,0,1,1,0,1,0,0,0,0,0,0,3,33.3,16,12:54,1,1,0,0,
352,2014-11-28,23,26-282,VAN,@,CBJ,W,1,0,1,2,0,1,0,0,0,0,0,0,3,33.3,20,13:48,0,0,1,0,100.0
353,2014-11-30,24,26-284,VAN,@,DET,L,1,1,2,2,2,1,0,0,0,1,0,0,5,20.0,19,13:00,0,1,1,0,100.0
354,2014-12-02,25,26-286,VAN,@,WSH,W,0,0,0,-1,0,0,0,0,0,0,0,0,4,0.0,18,12:54,0,0,1,0,100.0
355,2014-12-04,26,26-288,VAN,@,PIT,W,1,1,2,2,0,1,0,0,0,1,0,0,3,33.3,20,12:36,0,1,0,0,
356,2014-12-06,27,26-290,VAN,@,TOR,L,0,0,0,0,0,0,0,0,0,0,0,0,3,0.0,12,8:05,0,0,1,0,100.0
357,2014-12-13,28,26-297,VAN,,NYR,L,0,0,0,0,0,0,0,0,0,0,0,0,3,0.0,19,14:06,4,0,0,0,
358,2014-12-17,29,26-301,VAN,,DAL,L,0,0,0,-1,0,0,0,0,0,0,0,0,2,0.0,21,13:08,3,0,0,0,
359,2014-12-20,30,26-304,VAN,,CGY,W,0,0,0,1,0,0,0,0,0,0,0,0,3,0.0,19,13:56,0,0,2,0,100.0
360,2014-12-22,31,26-306,VAN,,ARI,W,1,0,1,0,0,0,1,0,0,0,0,0,3,33.3,20,12:53,0,4,0,0,
361,2014-12-28,32,26-312,VAN,@,ANA,L-OT,0,0,0,-1,0,0,0,0,0,0,0,0,0,,18,12:29,0,1,0,0,
362,2014-12-30,33,26-314,VAN,@,SJS,W,0,0,0,0,0,0,0,0,0,0,0,0,0,,15,9:33,0,0,1,1,50.0
363,2015-01-01,34,26-316,VAN,,LAK,L,0,0,0,0,0,0,0,0,0,0,0,0,1,0.0,18,11:37,0,0,1,0,100.0
364,2015-01-03,35,26-318,VAN,,DET,W,0,0,0,0,0,0,0,0,0,0,0,0,1,0.0,16,9:52,0,1,1,0,100.0
365,2015-01-06,36,26-321,VAN,,NYI,W,0,0,0,1,0,0,0,0,0,0,0,0,1,0.0,18,13:26,2,1,1,1,50.0
366,2015-01-08,37,26-323,VAN,,FLA,L,0,0,0,0,0,0,0,0,0,0,0,0,3,0.0,17,13:12,1,0,0,0,
367,2015-01-10,38,26-325,VAN,,CGY,L,0,0,0,0,0,0,0,0,0,0,0,0,3,0.0,18,14:17,0,0,2,0,100.0
368,2015-01-13,39,26-328,VAN,@,NSH,L,0,0,0,-1,2,0,0,0,0,0,0,0,1,0.0,19,12:18,2,0,2,0,100.0
369,2015-01-15,40,26-330,VAN,@,PHI,W,0,1,1,1,2,0,0,0,0,1,0,0,1,0.0,19,13:21,0,0,0,0,
370,2015-01-16,41,26-331,VAN,@,CAR,W,1,0,1,1,0,1,0,0,0,0,0,0,1,100.0,17,12:40,0,0,0,0,
371,2015-01-19,42,26-334,VAN,@,FLA,W,0,0,0,0,0,0,0,0,0,0,0,0,1,0.0,22,16:03,1,0,1,1,50.0
372,2015-01-20,43,26-335,VAN,@,TBL,L,0,0,0,0,0,0,0,0,0,0,0,0,2,0.0,18,15:35,0,1,0,1,0.0
373,2015-01-27,44,26-342,VAN,,ANA,L,0,0,0,-2,0,0,0,0,0,0,0,0,4,0.0,18,13:47,0,0,0,0,
374,2015-01-30,45,26-345,VAN,,BUF,W,0,1,1,1,0,0,0,0,0,1,0,0,4,0.0,17,12:12,0,0,0,1,0.0
375,2015-02-01,46,26-347,VAN,,MIN,L,0,0,0,0,0,0,0,0,0,0,0,0,2,0.0,17,15:49,2,0,0,0,
376,2015-02-03,47,26-349,VAN,,WPG,W,0,0,0,0,2,0,0,0,0,0,0,0,1,0.0,19,14:31,0,0,0,0,
377,2015-02-05,48,26-351,VAN,,SJS,L,0,0,0,-2,0,0,0,0,0,0,0,0,4,0.0,19,13:26,1,1,1,1,50.0
378,2015-02-07,49,26-353,VAN,,PIT,W,1,0,1,1,0,1,0,0,0,0,0,0,5,20.0,20,13:03,1,0,0,0,
379,2015-02-09,50,26-355,VAN,@,MIN,L,1,0,1,1,0,1,0,0,0,0,0,0,2,50.0,21,13:54,0,2,2,3,40.0
380,2015-02-11,51,26-357,VAN,@,CHI,W,0,0,0,1,0,0,0,0,0,0,0,0,0,,22,14:07,0,0,7,7,50.0
381,2015-02-13,52,26-359,VAN,,BOS,W,3,0,3,3,0,3,0,0,0,0,0,0,3,100.0,21,15:33,0,0,3,7,30.0
382,2015-02-14,53,26-360,VAN,@,CGY,L,0,0,0,-1,0,0,0,0,0,0,0,0,1,0.0,19,14:52,1,1,5,9,35.7
383,2015-02-16,54,26-362,VAN,,MIN,W,0,0,0,0,0,0,0,0,0,0,0,0,1,0.0,18,12:55,0,0,3,4,42.9
384,2015-02-19,55,27-000,VAN,@,NYR,W,1,0,1,1,0,1,0,0,0,0,0,0,1,100.0,22,15:35,0,0,7,8,46.7
385,2015-02-20,56,27-001,VAN,@,NJD,L,0,0,0,-1,0,0,0,0,0,0,0,0,0,,20,14:16,0,1,4,6,40.0
386,2015-02-22,57,27-003,VAN,@,NYI,W,0,1,1,1,0,0,0,0,0,1,0,0,1,0.0,20,14:08,1,1,4,9,30.8
387,2015-02-24,58,27-005,VAN,@,BOS,W,0,0,0,0,2,0,0,0,0,0,0,0,1,0.0,21,14:10,1,0,0,3,0.0
388,2015-02-26,59,27-007,VAN,@,BUF,L,1,0,1,0,0,1,0,0,0,0,0,0,2,50.0,20,14:49,0,0,1,0,100.0
389,2015-03-01,60,27-010,VAN,,STL,W,1,0,1,0,0,1,0,0,0,0,0,0,3,33.3,22,12:19,3,0,1,3,25.0
390,2015-03-03,61,27-012,VAN,,SJS,L,0,0,0,-1,0,0,0,0,0,0,0,0,3,0.0,22,13:00,2,1,0,1,0.0
391,2015-03-05,62,27-014,VAN,@,ARI,L-SO,0,0,0,-1,0,0,0,0,0,0,0,0,0,,20,14:08,0,0,7,5,58.3
392,2015-03-07,63,27-016,VAN,@,SJS,W,0,0,0,1,0,0,0,0,0,0,0,0,1,0.0,24,12:43,1,1,0,0,
393,2015-03-09,64,27-018,VAN,,ANA,W,0,0,0,0,0,0,0,0,0,0,0,0,0,,20,14:32,0,1,0,0,
394,2015-03-12,65,27-021,VAN,,LAK,L,0,0,0,0,0,0,0,0,0,0,0,0,1,0.0,19,14:15,1,2,0,0,
395,2015-03-14,66,27-023,VAN,,TOR,W,1,0,1,1,0,1,0,0,0,0,0,0,1,100.0,18,13:02,0,0,0,1,0.0
396,2015-03-17,67,27-026,VAN,,PHI,W,0,1,1,0,0,0,0,0,0,1,0,0,1,0.0,20,16:30,1,0,0,0,
397,2015-03-19,68,27-028,VAN,,CBJ,L,0,0,0,-1,0,0,0,0,0,0,0,0,1,0.0,17,13:24,0,1,0,0,
398,2015-03-21,69,27-030,VAN,@,LAK,W,0,0,0,0,0,0,0,0,0,0,0,0,0,,15,10:22,0,0,0,0,
399,2015-03-22,70,27-031,VAN,@,ARI,W,0,0,0,0,0,0,0,0,0,0,0,0,4,0.0,19,12:47,0,1,0,0,
400,2015-03-24,71,27-033,VAN,,WPG,W,0,0,0,-1,0,0,0,0,0,0,0,0,2,0.0,15,11:33,0,0,0,0,
401,2015-03-26,72,27-035,VAN,,COL,L,0,0,0,0,0,0,0,0,0,0,0,0,0,,17,14:06,1,1,0,0,
402,2015-03-28,73,27-037,VAN,,DAL,L-OT,0,0,0,0,0,0,0,0,0,0,0,0,1,0.0,14,9:06,0,1,0,0,
403,2015-03-30,74,27-039,VAN,@,STL,W,1,0,1,1,0,1,0,0,0,0,0,0,1,100.0,19,12:27,0,0,0,0,
404,2015-03-31,75,27-040,VAN,@,NSH,W,0,0,0,0,0,0,0,0,0,0,0,0,0,,18,12:22,0,1,0,0,
405,2015-04-02,76,27-042,VAN,@,CHI,L,0,0,0,1,0,0,0,0,0,0,0,0,3,0.0,22,12:07,2,0,0,1,0.0
406,2015-04-04,77,27-044,VAN,@,WPG,L,0,0,0,-2,0,0,0,0,0,0,0,0,1,0.0,19,12:07,2,0,0,1,0.0
407,2015-04-06,78,27-046,VAN,,LAK,W,0,0,0,0,0,0,0,0,0,0,0,0,0,,16,10:21,1,0,0,0,
408,2015-10-07,1,27-230,TOR,,MTL,L,0,0,0,-1,0,0,0,0,0,0,0,0,4,0.0,21,13:24,1,0,0,0,
409,2015-10-09,2,27-232,TOR,@,DET,L,0,0,0,-1,0,0,0,0,0,0,0,0,3,0.0,24,15:05,0,0,0,0,
410,2015-10-16,3,27-239,TOR,@,CBJ,W,0,1,1,0,0,0,0,0,0,1,0,0,2,0.0,23,15:45,4,2,0,0,
411,2015-10-17,4,27-240,TOR,@,PIT,L,0,0,0,-1,0,0,0,0,0,0,0,0,0,,17,10:24,1,0,0,1,0.0
412,2015-10-21,5,27-244,TOR,@,BUF,L-SO,0,0,0,0,0,0,0,0,0,0,0,0,1,0.0,21,12:57,0,0,0,0,
413,2015-10-24,6,27-247,TOR,@,MTL,L,0,0,0,1,0,0,0,0,0,0,0,0,2,0.0,17,11:09,0,1,0,0,
414,2015-10-26,7,27-249,TOR,,ARI,L,1,0,1,1,0,1,0,0,0,0,0,0,3,33.3,19,12:16,1,1,0,0,
415,2015-10-30,8,27-253,TOR,@,NYR,L,0,0,0,0,0,0,0,0,0,0,0,0,0,,26,14:52,0,1,0,1,0.0
416,2015-10-31,9,27-254,TOR,,PIT,L,0,0,0,0,0,0,0,0,0,0,0,0,2,0.0,22,15:41,0,1,0,0,
417,2015-11-02,10,27-256,TOR,,DAL,W,0,0,0,0,0,0,0,0,0,0,0,0,2,0.0,20,14:02,2,0,0,0,
418,2015-11-04,11,27-258,TOR,,WPG,L,0,0,0,-1,0,0,0,0,0,0,0,0,0,,22,16:00,1,0,0,0,
419,2015-11-06,12,27-260,TOR,,DET,L-OT,0,0,0,0,0,0,0,0,0,0,0,0,0,,18,12:42,2,0,0,0,
420,2015-11-07,13,27-261,TOR,@,WSH,L-SO,0,0,0,0,0,0,0,0,0,0,0,0,0,,21,15:18,1,1,0,0,
421,2015-11-10,14,27-264,TOR,@,DAL,W,0,1,1,-1,0,0,0,0,0,1,0,0,0,,21,14:13,1,1,0,0,
422,2015-11-12,15,27-266,TOR,@,NSH,W,0,1,1,1,0,0,0,0,0,1,0,0,0,,26,15:17,0,0,0,0,
423,2015-11-14,16,27-268,TOR,,VAN,W,1,0,1,1,0,1,0,0,1,0,0,0,3,33.3,21,12:18,1,1,1,0,100.0
424,2015-11-15,17,27-269,TOR,@,NYR,L,0,0,0,-2,0,0,0,0,0,0,0,0,1,0.0,27,15:26,1,0,0,0,
425,2015-11-17,18,27-271,TOR,,COL,W,0,1,1,1,0,0,0,0,0,0,0,1,0,,21,14:07,1,2,1,1,50.0
426,2015-11-20,19,27-274,TOR,@,CAR,W,0,0,0,0,2,0,0,0,0,0,0,0,0,,24,15:01,0,1,0,0,
427,2015-11-21,20,27-275,TOR,@,BOS,L,0,0,0,0,0,0,0,0,0,0,0,0,3,0.0,22,18:25,0,0,0,1,0.0
428,2015-11-23,21,27-277,TOR,,BOS,L-SO,0,1,1,1,2,0,0,0,0,1,0,0,1,0.0,19,12:45,2,0,0,0,
429,2015-11-28,22,27-282,TOR,,WSH,L,0,0,0,0,0,0,0,0,0,0,0,0,1,0.0,21,12:48,2,1,0,1,0.0
430,2015-11-30,23,27-284,TOR,,EDM,W,0,0,0,0,0,0,0,0,0,0,0,0,2,0.0,19,13:14,0,1,0,0,
431,2015-12-02,24,27-286,TOR,@,WPG,L,0,0,0,-3,0,0,0,0,0,0,0,0,2,0.0,22,13:48,0,0,0,0,
432,2015-12-03,25,27-287,TOR,@,MIN,L,0,0,0,0,0,0,0,0,0,0,0,0,2,0.0,23,15:34,2,0,2,0,100.0
433,2015-12-05,26,27-289,TOR,@,STL,W,0,1,1,1,0,0,0,0,0,1,0,0,0,,21,13:28,0,0,0,0,
434,2015-12-08,27,27-292,TOR,,NJD,W,0,0,0,0,0,0,0,0,0,0,0,0,0,,14,8:18,0,0,0,0,
435,2015-12-15,28,27-299,TOR,,TBL,L-OT,0,0,0,-1,0,0,0,0,0,0,0,0,1,0.0,14,10:06,2,0,0,0,
436,2015-12-17,29,27-301,TOR,,SJS,L-OT,0,0,0,0,0,0,0,0,0,0,0,0,1,0.0,16,9:48,1,2,0,0,
437,2015-12-19,30,27-303,TOR,,LAK,W,0,1,1,1,0,0,0,0,0,1,0,0,1,0.0,17,13:15,0,0,0,0,
438,2015-12-21,31,27-305,TOR,@,COL,W,0,0,0,-2,0,0,0,0,0,0,0,0,0,,22,13:48,0,1,0,0,
439,2015-12-22,32,27-306,TOR,@,ARI,L,0,0,0,-2,0,0,0,0,0,0,0,0,1,0.0,12,5:34,1,0,0,1,0.0
440,2015-12-27,33,27-311,TOR,@,NYI,W,0,0,0,0,0,0,0,0,0,0,0,0,0,,16,9:27,1,0,0,0,
441,2015-12-29,34,27-313,TOR,,NYI,L,1,1,2,2,0,1,0,0,0,1,0,0,5,20.0,15,11:25,1,1,0,1,0.0
442,2015-12-30,35,27-314,TOR,@,PIT,W,0,0,0,0,0,0,0,0,0,0,0,0,0,,17,10:07,3,0,0,0,
443,2016-01-02,36,27-317,TOR,,STL,W,0,0,0,0,0,0,0,0,0,0,0,0,1,0.0,13,7:21,2,0,0,1,0.0
444,2016-01-06,37,27-321,TOR,@,ANA,W,0,1,1,1,2,0,0,0,0,1,0,0,1,0.0,19,10:20,0,1,0,0,
445,2016-01-07,38,27-322,TOR,@,LAK,L,0,0,0,-1,0,0,0,0,0,0,0,0,1,0.0,14,7:24,0,0,0,0,
446,2016-01-09,39,27-324,TOR,@,SJS,L,0,0,0,0,2,0,0,0,0,0,0,0,0,,17,13:11,1,0,0,0,
447,2016-01-13,40,27-328,TOR,,CBJ,L,0,0,0,-1,0,0,0,0,0,0,0,0,2,0.0,27,16:20,1,1,0,0,
448,2016-01-15,41,27-330,TOR,,CHI,L,0,1,1,1,0,0,0,0,0,1,0,0,4,0.0,19,14:43,2,0,0,0,
449,2016-01-16,42,27-331,TOR,@,BOS,L,1,0,1,0,0,1,0,0,0,0,0,0,2,50.0,19,13:40,2,0,0,0,
450,2016-01-19,43,27-334,TOR,@,PHI,W,0,0,0,1,0,0,0,0,0,0,0,0,5,0.0,28,19:53,5,1,0,0,
451,2016-01-21,44,27-336,TOR,,CAR,L-OT,0,0,0,0,0,0,0,0,0,0,0,0,1,0.0,23,15:04,1,0,0,1,0.0
452,2016-01-23,45,27-338,TOR,,MTL,L-SO,0,0,0,-1,0,0,0,0,0,0,0,0,0,,21,14:07,4,2,1,0,100.0
453,2016-01-26,46,27-341,TOR,@,FLA,L,0,0,0,-1,2,0,0,0,0,0,0,0,1,0.0,22,17:39,2,0,0,0,
454,2016-01-27,47,27-342,TOR,@,TBL,L,0,0,0,0,0,0,0,0,0,0,0,0,1,0.0,14,10:57,2,0,0,0,
455,2016-02-02,48,27-348,TOR,@,BOS,W,0,1,1,0,0,0,0,0,0,1,0,0,2,0.0,19,14:52,2,0,0,2,0.0
456,2016-02-04,49,27-350,TOR,,NJD,W,1,0,1,1,2,1,0,0,0,0,0,0,1,100.0,15,9:26,1,0,0,0,
457,2016-02-06,50,27-352,TOR,@,OTT,L,0,0,0,-4,0,0,0,0,0,0,0,0,0,,14,8:38,1,0,0,0,
458,2016-02-20,51,28-001,TOR,,PHI,L-OT,1,0,1,-1,0,1,0,0,0,0,0,0,1,100.0,21,12:08,2,0,0,0,
459,2016-02-24,52,28-005,COL,,SJS,W,1,0,1,0,0,1,0,0,0,0,0,0,3,33.3,18,14:23,0,1,0,0,
460,2016-02-27,53,28-008,COL,,DET,L,0,0,0,-2,0,0,0,0,0,0,0,0,0,,20,14:10,0,0,0,0,
461,2016-03-01,54,28-011,COL,@,MIN,L,0,0,0,-1,2,0,0,0,0,0,0,0,2,0.0,18,12:25,1,0,0,0,
462,2016-03-03,55,28-013,COL,,FLA,W,0,0,0,0,0,0,0,0,0,0,0,0,3,0.0,17,13:38,0,0,0,0,
463,2016-03-05,56,28-015,COL,,NSH,L,0,1,1,0,0,0,0,0,0,1,0,0,0,,20,13:00,1,1,0,0,
464,2016-03-07,57,28-017,COL,,ARI,W,1,0,1,1,0,1,0,0,0,0,0,0,3,33.3,18,14:56,0,0,0,0,
465,2016-03-09,58,28-019,COL,,ANA,W,1,0,1,1,0,1,0,0,0,0,0,0,3,33.3,21,14:04,2,0,0,1,0.0
466,2016-03-12,59,28-022,COL,@,WPG,L,0,0,0,-1,0,0,0,0,0,0,0,0,3,0.0,23,16:32,0,2,1,0,100.0
467,2016-03-16,60,28-026,COL,@,VAN,W,0,1,1,0,0,0,0,0,0,1,0,0,1,0.0,17,12:13,1,0,1,0,100.0
468,2016-03-18,61,28-028,COL,@,CGY,W,0,1,1,-1,2,0,0,0,0,1,0,0,2,0.0,24,17:27,0,1,1,1,50.0
469,2016-03-20,62,28-030,COL,@,EDM,W,0,1,1,0,0,0,0,0,0,1,0,0,0,,20,15:25,1,1,0,1,0.0
470,2016-03-24,63,28-034,COL,,PHI,L,0,0,0,-1,0,0,0,0,0,0,0,0,4,0.0,22,17:27,1,2,0,0,
471,2016-03-26,64,28-036,COL,,MIN,L,0,0,0,-1,2,0,0,0,0,0,0,0,4,0.0,24,16:58,1,2,0,0,
472,2016-03-28,65,28-038,COL,@,NSH,W,1,0,1,0,0,1,0,0,1,0,0,0,1,100.0,22,16:43,0,0,0,0,
473,2016-03-29,66,28-039,COL,@,STL,L,0,0,0,0,0,0,0,0,0,0,0,0,2,0.0,22,13:51,0,2,0,0,
474,2016-04-01,67,28-042,COL,,WSH,L,0,0,0,-2,0,0,0,0,0,0,0,0,0,,21,16:26,0,0,1,0,100.0
475,2016-04-03,68,28-044,COL,,STL,L,0,0,0,-2,2,0,0,0,0,0,0,0,0,,22,13:48,0,1,0,1,0.0
476,2016-04-05,69,28-046,COL,@,NSH,L,1,1,2,2,0,1,0,0,0,1,0,0,1,100.0,21,16:09,0,1,0,0,
477,2016-04-07,70,28-048,COL,@,DAL,L,1,0,1,0,0,1,0,0,0,0,0,0,3,33.3,16,11:26,0,1,0,0,
478,2016-04-09,71,28-050,COL,,ANA,L,0,0,0,0,0,0,0,0,0,0,0,0,0,,20,14:54,0,1,0,0,
479,2016-10-13,1,28-237,WPG,,CAR,W,1,0,1,1,2,1,0,0,0,0,0,0,2,50.0,21,15:17,2,1,0,0,
480,2016-10-15,2,28-239,WPG,@,MIN,L,0,0,0,0,0,0,0,0,0,0,0,0,0,,14,10:47,0,1,0,0,
481,2016-10-17,3,28-241,WPG,,BOS,L,0,0,0,-1,0,0,0,0,0,0,0,0,0,,18,10:22,0,0,0,0,
482,2016-10-19,4,28-243,WPG,,TOR,W,0,1,1,1,2,0,0,0,0,1,0,0,2,0.0,19,13:03,1,0,0,0,
483,2016-10-23,5,28-247,WPG,,EDM,L,0,0,0,0,0,0,0,0,0,0,0,0,0,,16,10:47,0,0,0,0,
484,2016-10-25,6,28-249,WPG,@,DAL,L,0,0,0,0,0,0,0,0,0,0,0,0,4,0.0,20,14:09,1,0,1,3,25.0
485,2016-10-27,7,28-251,WPG,,DAL,W,0,0,0,1,0,0,0,0,0,0,0,0,1,0.0,21,16:18,3,0,0,0,
486,2016-10-28,8,28-252,WPG,@,COL,W,1,0,1,1,0,1,0,0,1,0,0,0,2,50.0,22,12:55,0,2,0,0,
487,2016-10-30,9,28-254,WPG,,BUF,L,0,0,0,-1,0,0,0,0,0,0,0,0,1,0.0,16,11:17,0,0,0,1,0.0
488,2016-11-01,10,28-256,WPG,,WSH,L,0,0,0,0,0,0,0,0,0,0,0,0,0,,6,3:24,0,1,0,0,
489,2016-12-22,11,28-307,WPG,@,VAN,W,0,0,0,0,0,0,0,0,0,0,0,0,0,,21,15:32,1,2,0,0,
490,2016-12-27,12,28-312,WPG,@,CHI,W,0,0,0,0,0,0,0,0,0,0,0,0,1,0.0,23,16:17,1,1,0,0,
491,2016-12-29,13,28-314,WPG,,CBJ,L,1,0,1,1,0,1,0,0,0,0,0,0,5,20.0,20,11:44,1,0,1,0,100.0
492,2016-12-31,14,28-316,WPG,,NYI,L,1,0,1,-1,0,0,0,1,0,0,0,0,3,33.3,21,12:22,4,0,0,0,
493,2017-01-03,15,28-319,WPG,@,TBL,W,0,0,0,0,0,0,0,0,0,0,0,0,1,0.0,22,14:11,2,0,1,0,100.0
494,2017-01-04,16,28-320,WPG,@,FLA,W,1,0,1,1,0,1,0,0,0,0,0,0,2,50.0,20,14:11,0,0,0,1,0.0
495,2017-01-07,17,28-323,WPG,@,BUF,L,0,0,0,0,0,0,0,0,0,0,0,0,2,0.0,20,13:26,0,0,0,0,
496,2017-01-09,18,28-325,WPG,,CGY,W,0,0,0,0,0,0,0,0,0,0,0,0,1,0.0,21,16:39,0,0,0,0,
497,2017-01-11,19,28-327,WPG,,MTL,L,0,0,0,-3,2,0,0,0,0,0,0,0,0,,19,12:31,0,0,0,0,
498,2017-01-13,20,28-329,WPG,@,ARI,L,1,0,1,2,0,1,0,0,0,0,0,0,4,25.0,23,15:16,3,0,0,1,0.0
499,2017-01-14,21,28-330,WPG,@,LAK,L-OT,0,0,0,0,0,0,0,0,0,0,0,0,1,0.0,27,16:09,0,0,0,0,
500,2017-01-16,22,28-332,WPG,@,SJS,L,0,0,0,0,0,0,0,0,0,0,0,0,2,0.0,18,14:23,1,1,0,0,
501,2017-01-18,23,28-334,WPG,,ARI,W,0,1,1,1,0,0,0,0,0,1,0,0,0,,20,13:45,0,0,0,0,
502,2017-01-21,24,28-337,WPG,,STL,W,0,0,0,-1,0,0,0,0,0,0,0,0,2,0.0,23,15:08,0,0,1,0,100.0
503,2017-01-23,25,28-339,WPG,,ANA,L,0,0,0,0,0,0,0,0,0,0,0,0,0,,19,13:14,2,0,0,0,
504,2017-01-24,26,28-340,WPG,,SJS,L,0,0,0,-1,0,0,0,0,0,0,0,0,3,0.0,18,13:35,1,2,1,0,100.0
505,2017-01-26,27,28-342,WPG,@,CHI,W,1,0,1,0,0,1,0,0,0,0,0,0,1,100.0,21,14:42,1,0,0,0,
506,2017-01-31,28,28-347,WPG,@,STL,W,0,0,0,-2,0,0,0,0,0,0,0,0,0,,19,14:23,1,0,0,0,
507,2017-02-02,29,28-349,WPG,@,DAL,W,0,0,0,0,0,0,0,0,0,0,0,0,0,,21,15:45,0,0,0,0,
508,2017-02-04,30,28-351,WPG,@,COL,L,0,0,0,1,0,0,0,0,0,0,0,0,0,,21,15:33,1,0,0,2,0.0
509,2017-02-07,31,28-354,WPG,,MIN,L,0,1,1,2,0,0,0,0,0,1,0,0,2,0.0,19,15:26,1,0,0,0,
510,2017-02-10,32,28-357,WPG,,CHI,L,0,0,0,-1,0,0,0,0,0,0,0,0,0,,16,11:19,1,0,0,1,0.0
511,2017-02-11,33,28-358,WPG,,TBL,L,0,0,0,0,0,0,0,0,0,0,0,0,0,,22,15:12,0,2,0,0,
512,2017-02-14,34,28-361,WPG,,DAL,W,0,1,1,1,0,0,0,0,0,1,0,0,0,,22,14:21,0,1,0,0,
513,2017-02-16,35,28-363,WPG,@,PIT,L-OT,0,0,0,0,0,0,0,0,0,0,0,0,0,,20,14:19,4,1,0,0,
514,2017-02-18,36,28-365,WPG,@,MTL,W,0,0,0,0,0,0,0,0,0,0,0,0,1,0.0,19,14:33,4,2,0,0,
515,2017-02-19,37,29-000,WPG,@,OTT,W,0,0,0,0,0,0,0,0,0,0,0,0,0,,20,13:22,2,0,0,1,0.0
516,2017-02-21,38,29-002,WPG,@,TOR,L-OT,0,0,0,0,0,0,0,0,0,0,0,0,1,0.0,22,14:22,2,0,0,0,
517,2017-02-28,39,29-009,WPG,,MIN,L,0,0,0,-1,0,0,0,0,0,0,0,0,2,0.0,20,14:42,2,1,0,0,
518,2017-03-03,40,29-012,WPG,,STL,W,0,0,0,0,0,0,0,0,0,0,0,0,2,0.0,18,11:49,2,0,0,0,
519,2017-03-04,41,29-013,WPG,,COL,W,0,0,0,-1,2,0,0,0,0,0,0,0,0,,20,14:18,0,0,0,1,0.0
520,2017-03-06,42,29-015,WPG,,SJS,L,0,0,0,-1,0,0,0,0,0,0,0,0,0,,18,13:09,0,0,0,0,
521,2017-03-08,43,29-017,WPG,,PIT,L,1,0,1,1,0,1,0,0,0,0,0,0,1,100.0,20,13:37,1,0,0,0,
522,2017-03-11,44,29-020,WPG,,CGY,L,0,0,0,0,0,0,0,0,0,0,0,0,1,0.0,15,8:33,0,0,0,0,
523,2017-03-13,45,29-022,WPG,@,NSH,L-OT,0,0,0,0,5,0,0,0,0,0,0,0,1,0.0,21,14:05,2,1,0,0,
524,2017-10-04,1,29-227,WPG,,TOR,L,0,0,0,-1,0,0,0,0,0,0,0,0,2,0.0,23,14:33,2,0,1,0,100.0
525,2017-10-07,2,29-230,WPG,@,CGY,L,0,0,0,-1,2,0,0,0,0,0,0,0,2,0.0,24,15:03,0,1,0,0,
526,2017-10-09,3,29-232,WPG,@,EDM,W,0,0,0,0,0,0,0,0,0,0,0,0,2,0.0,23,14:22,2,0,0,1,0.0
527,2017-10-12,4,29-235,WPG,@,VAN,W,0,0,0,0,2,0,0,0,0,0,0,0,1,0.0,22,13:52,0,1,0,2,0.0
528,2017-10-14,5,29-237,WPG,,CAR,W,0,0,0,0,0,0,0,0,0,0,0,0,1,0.0,21,16:02,2,2,1,0,100.0
529,2017-10-17,6,29-240,WPG,,CBJ,L,0,0,0,-1,2,0,0,0,0,0,0,0,0,,23,12:36,2,0,0,0,
530,2017-10-20,7,29-243,WPG,,MIN,W,0,0,0,-1,0,0,0,0,0,0,0,0,1,0.0,12,8:47,0,0,2,2,50.0
531,2017-10-26,8,29-249,WPG,@,PIT,L-OT,0,0,0,0,0,0,0,0,0,0,0,0,0,,16,9:02,0,0,0,0,
532,2017-10-27,9,29-250,WPG,@,CBJ,L-OT,0,0,0,1,2,0,0,0,0,0,0,0,0,,19,10:55,1,0,0,0,
533,2017-10-29,10,29-252,WPG,,PIT,W,0,2,2,2,0,0,0,0,0,2,0,0,2,0.0,20,14:59,1,1,1,0,100.0
534,2017-10-31,11,29-254,WPG,@,MIN,W,0,0,0,-1,0,0,0,0,0,0,0,0,0,,14,11:42,1,1,0,0,
535,2017-11-02,12,29-256,WPG,,DAL,W,0,0,0,0,0,0,0,0,0,0,0,0,2,0.0,15,11:19,2,1,0,0,
536,2017-11-04,13,29-258,WPG,,MTL,L-OT,0,0,0,1,0,0,0,0,0,0,0,0,0,,24,16:08,0,0,0,1,0.0
537,2017-11-06,14,29-260,WPG,@,DAL,W,0,0,0,0,2,0,0,0,0,0,0,0,1,0.0,13,7:23,0,0,0,0,
538,2017-11-10,15,29-264,WPG,@,VEG,L,0,0,0,0,0,0,0,0,0,0,0,0,0,,12,10:01,0,1,1,0,100.0
539,2017-11-11,16,29-265,WPG,@,ARI,W,0,0,0,1,0,0,0,0,0,0,0,0,0,,10,7:21,1,0,0,0,
540,2017-11-14,17,29-268,WPG,,ARI,W,0,0,0,-1,0,0,0,0,0,0,0,0,0,,11,7:12,0,0,0,0,
541,2017-12-03,18,29-287,WPG,,OTT,W,0,0,0,0,0,0,0,0,0,0,0,0,2,0.0,16,11:49,0,1,1,0,100.0
542,2017-12-29,19,29-313,WPG,,NYI,W,1,0,1,1,0,1,0,0,0,0,0,0,2,50.0,10,7:01,0,1,0,0,
543,2017-12-31,20,29-315,WPG,@,EDM,W,0,0,0,1,0,0,0,0,0,0,0,0,2,0.0,17,10:23,2,2,0,1,0.0
544,2018-01-02,21,29-317,WPG,@,COL,L-OT,0,0,0,-1,0,0,0,0,0,0,0,0,0,,10,6:25,0,0,0,0,
545,2018-01-05,22,29-320,WPG,,BUF,W,0,0,0,-1,0,0,0,0,0,0,0,0,1,0.0,12,6:10,2,0,0,0,
546,2018-01-07,23,29-322,WPG,,SJS,W,0,0,0,1,0,0,0,0,0,0,0,0,0,,22,15:16,1,1,0,1,0.0
547,2018-01-09,24,29-324,WPG,@,BUF,W,0,0,0,0,0,0,0,0,0,0,0,0,1,0.0,24,16:08,0,0,1,0,100.0
548,2018-01-12,25,29-327,WPG,@,CHI,L,0,0,0,-1,0,0,0,0,0,0,0,0,1,0.0,17,10:47,1,0,0,0,
549,2018-03-13,26,30-022,WPG,@,NSH,L,0,0,0,0,0,0,0,0,0,0,0,0,1,0.0,10,7:22,1,0,3,2,60.0
550,2018-04-03,27,30-043,WPG,@,MTL,W,0,0,0,0,0,0,0,0,0,0,0,0,2,0.0,14,9:02,1,1,1,6,14.3
