,date_game,game_season,age,team_id,game_location,opp_id,game_result,goals,assists,points,plus_minus,pen_min,goals_ev,goals_pp,goals_sh,goals_gw,assists_ev,assists_pp,assists_sh,shots,shot_pct,shifts,time_on_ice,hits_all,blocks_all,faceoff_wins_all,faceoff_losses_all,faceoff_percentage_all
0,2014-04-03,1,20-173,BUF,@,STL,L,0,0,0,0,0,0,0,0,0,,,,0,,23,16:20,1,0,0,0,
1,2014-04-04,2,20-174,BUF,@,DET,L,0,0,0,1,0,0,0,0,0,,,,0,,21,15:33,2,3,0,0,
2,2014-04-06,3,20-176,BUF,@,PHI,L,0,0,0,-3,0,0,0,0,0,,,,1,0.0,23,15:31,1,5,0,0,
3,2014-04-08,4,20-178,BUF,,DET,L,0,0,0,-2,0,0,0,0,0,,,,0,,20,13:59,1,0,0,0,
4,2014-04-10,5,20-180,BUF,@,NYR,L,0,0,0,0,0,0,0,0,0,,,,0,,22,15:59,0,1,0,0,
5,2014-04-12,6,20-182,BUF,@,BOS,L,0,0,0,0,15,0,0,0,0,,,,0,,18,12:43,0,0,0,0,
6,2014-04-13,7,20-183,BUF,,NYI,L-SO,0,1,1,1,0,0,0,0,0,,,,0,,23,16:25,0,1,0,0,
7,2015-02-22,1,21-133,BUF,,NSH,L-SO,0,0,0,0,0,0,0,0,0,0,0,0,0,,15,10:00,3,1,0,0,
8,2015-02-24,2,21-135,BUF,@,CBJ,W,0,0,0,0,0,0,0,0,0,0,0,0,2,0.0,18,12:15,1,0,0,0,
9,2015-10-12,1,22-000,BUF,,CBJ,W,0,0,0,0,0,0,0,0,0,0,0,0,0,,18,12:27,1,0,0,0,
10,2015-10-15,2,22-003,BUF,@,FLA,L,1,0,1,1,0,1,0,0,0,0,0,0,2,50.0,22,14:44,1,1,0,0,
11,2015-10-17,3,22-005,BUF,@,TBL,L,0,0,0,0,0,0,0,0,0,0,0,0,0,,23,16:26,4,0,0,0,
12,2015-10-21,4,22-009,BUF,,TOR,W,0,0,0,0,0,0,0,0,0,0,0,0,0,,24,17:27,2,1,0,0,
13,2015-10-23,5,22-011,BUF,,MTL,L,0,0,0,-2,0,0,0,0,0,0,0,0,0,,28,16:56,0,0,0,0,
14,2015-10-24,6,22-012,BUF,,NJD,L,0,0,0,-1,2,0,0,0,0,0,0,0,1,0.0,27,18:30,1,1,0,0,
15,2015-10-27,7,22-015,BUF,@,PHI,W,1,0,1,0,0,1,0,0,0,0,0,0,2,50.0,32,20:43,4,4,0,0,
16,2015-10-29,8,22-017,BUF,@,PIT,L,0,0,0,0,0,0,0,0,0,0,0,0,1,0.0,25,18:11,2,0,0,0,
17,2015-10-30,9,22-018,BUF,,PHI,W,0,0,0,1,2,0,0,0,0,0,0,0,1,0.0,30,17:14,0,1,0,0,
18,2015-11-01,10,22-020,BUF,@,NYI,W,0,0,0,0,0,0,0,0,0,0,0,0,0,,30,21:09,4,1,0,0,
19,2015-11-05,11,22-024,BUF,,TBL,L,0,0,0,0,0,0,0,0,0,0,0,0,2,0.0,24,20:12,3,2,0,0,
20,2015-11-07,12,22-026,BUF,,VAN,W,0,0,0,-1,0,0,0,0,0,0,0,0,1,0.0,33,23:47,2,2,0,0,
21,2015-11-10,13,22-029,BUF,@,TBL,W,0,0,0,0,0,0,0,0,0,0,0,0,1,0.0,25,18:03,1,2,0,0,
22,2015-11-12,14,22-031,BUF,@,FLA,W,0,0,0,0,0,0,0,0,0,0,0,0,1,0.0,28,19:17,0,2,0,0,
23,2015-11-14,15,22-033,BUF,,SJS,L-OT,0,0,0,1,2,0,0,0,0,0,0,0,1,0.0,30,19:13,0,0,0,0,
24,2015-11-17,16,22-036,BUF,,DAL,L,0,0,0,-1,0,0,0,0,0,0,0,0,0,,25,19:37,3,0,0,0,
25,2015-11-19,17,22-038,BUF,@,STL,L-SO,0,0,0,0,2,0,0,0,0,0,0,0,0,,24,18:32,0,2,0,0,
26,2015-11-21,18,22-040,BUF,@,DAL,L,0,0,0,-1,2,0,0,0,0,0,0,0,0,,27,22:13,3,3,0,0,
27,2015-11-23,19,22-042,BUF,,STL,L,0,0,0,-1,0,0,0,0,0,0,0,0,0,,27,21:51,2,2,0,0,
28,2015-11-25,20,22-044,BUF,,NSH,L,0,0,0,-1,0,0,0,0,0,0,0,0,3,0.0,24,17:38,0,1,0,0,
29,2015-11-27,21,22-046,BUF,,CAR,W,0,0,0,0,0,0,0,0,0,0,0,0,0,,25,16:19,1,1,0,0,
30,2015-11-28,22,22-047,BUF,@,NSH,W,0,1,1,2,0,0,0,0,0,1,0,0,1,0.0,26,17:40,1,2,0,0,
31,2015-12-01,23,22-050,BUF,@,DET,L-SO,0,0,0,0,0,0,0,0,0,0,0,0,0,,25,17:01,0,1,0,0,
32,2015-12-04,24,22-053,BUF,,ARI,W,0,0,0,1,0,0,0,0,0,0,0,0,1,0.0,25,17:35,0,0,0,0,
33,2015-12-06,25,22-055,BUF,@,EDM,L,0,0,0,0,0,0,0,0,0,0,0,0,0,,25,13:22,0,0,0,0,
34,2015-12-10,26,22-059,BUF,@,CGY,L,0,0,0,-2,0,0,0,0,0,0,0,0,0,,27,20:29,1,2,0,0,
35,2015-12-12,27,22-061,BUF,,LAK,W,0,1,1,1,0,0,0,0,0,1,0,0,0,,30,20:13,2,1,0,0,
36,2015-12-14,28,22-063,BUF,@,DET,W,0,0,0,-1,0,0,0,0,0,0,0,0,0,,23,17:52,1,1,0,0,
37,2015-12-15,29,22-064,BUF,,NJD,L,0,0,0,-2,0,0,0,0,0,0,0,0,1,0.0,21,16:20,0,2,0,0,
38,2015-12-17,30,22-066,BUF,,ANA,W,1,0,1,2,0,1,0,0,0,0,0,0,2,50.0,20,16:45,0,3,0,0,
39,2015-12-19,31,22-068,BUF,,CHI,L-SO,0,1,1,0,0,0,0,0,0,1,0,0,1,0.0,24,21:00,3,0,0,0,
40,2015-12-26,32,22-075,BUF,@,BOS,W,0,1,1,1,0,0,0,0,0,1,0,0,0,,25,16:20,1,1,0,0,
41,2015-12-28,33,22-077,BUF,,WSH,L,0,0,0,0,0,0,0,0,0,0,0,0,2,0.0,27,19:58,1,1,0,0,
42,2015-12-30,34,22-079,BUF,@,WSH,L,0,0,0,-2,0,0,0,0,0,0,0,0,0,,27,20:29,1,4,0,0,
43,2015-12-31,35,22-080,BUF,,NYI,L,0,0,0,0,0,0,0,0,0,0,0,0,2,0.0,26,22:11,1,2,0,0,
44,2016-01-02,36,22-082,BUF,,DET,L,0,0,0,0,0,0,0,0,0,0,0,0,2,0.0,25,19:40,3,2,0,0,
45,2016-01-05,37,22-085,BUF,,FLA,L,0,0,0,0,2,0,0,0,0,0,0,0,0,,27,18:15,1,0,0,0,
46,2016-01-08,38,22-088,BUF,@,CHI,L,0,0,0,-1,0,0,0,0,0,0,0,0,0,,32,23:09,5,0,0,0,
47,2016-01-10,39,22-090,BUF,@,WPG,W,0,1,1,0,0,0,0,0,0,1,0,0,0,,25,18:41,0,2,0,0,
48,2016-01-12,40,22-092,BUF,@,MIN,W,0,0,0,1,0,0,0,0,0,0,0,0,0,,27,20:17,5,1,0,0,
49,2016-01-15,41,22-095,BUF,,BOS,L,0,0,0,-1,0,0,0,0,0,0,0,0,1,0.0,24,16:37,0,1,0,0,
50,2016-01-16,42,22-096,BUF,,WSH,W,0,0,0,-1,0,0,0,0,0,0,0,0,1,0.0,22,15:04,0,1,0,0,
51,2016-01-18,43,22-098,BUF,@,ARI,W,0,0,0,0,4,0,0,0,0,0,0,0,1,0.0,22,14:24,2,2,0,0,
52,2016-01-22,44,22-102,BUF,,DET,L,0,0,0,-1,0,0,0,0,0,0,0,0,2,0.0,21,18:35,1,2,0,0,
53,2016-01-25,45,22-105,BUF,@,NYR,L,0,0,0,0,0,0,0,0,0,0,0,0,0,,25,17:06,1,1,0,0,
54,2016-01-26,46,22-106,BUF,@,OTT,W,0,0,0,0,0,0,0,0,0,0,0,0,0,,21,16:46,0,2,0,0,
55,2016-02-03,47,22-114,BUF,@,MTL,W,0,1,1,2,0,0,0,0,0,1,0,0,0,,23,16:19,5,0,0,0,
56,2016-02-04,48,22-115,BUF,,BOS,L-SO,0,0,0,-1,0,0,0,0,0,0,0,0,0,,22,15:06,1,2,0,0,
57,2016-02-09,49,22-120,BUF,,FLA,L,0,0,0,0,0,0,0,0,0,0,0,0,3,0.0,13,9:34,3,0,0,0,
58,2016-02-11,50,22-122,BUF,@,PHI,L,0,1,1,0,17,0,0,0,0,1,0,0,0,,20,12:39,1,0,0,0,
59,2016-02-12,51,22-123,BUF,,MTL,W,0,0,0,0,0,0,0,0,0,0,0,0,0,,34,20:57,0,1,0,0,
60,2016-02-14,52,22-125,BUF,,COL,W,0,1,1,0,0,0,0,0,0,1,0,0,1,0.0,26,18:44,2,1,0,0,
61,2016-02-16,53,22-127,BUF,@,OTT,L-SO,0,0,0,0,0,0,0,0,0,0,0,0,4,0.0,28,21:21,1,6,0,0,
62,2016-02-19,54,22-130,BUF,@,CBJ,W,0,0,0,1,0,0,0,0,0,0,0,0,2,0.0,28,21:49,0,3,0,0,
63,2016-02-21,55,22-132,BUF,,PIT,L,0,0,0,-1,0,0,0,0,0,0,0,0,0,,31,21:37,4,2,0,0,
64,2016-02-24,56,22-135,BUF,@,ANA,L,0,0,0,0,0,0,0,0,0,0,0,0,0,,28,16:28,2,3,0,0,
65,2016-02-26,57,22-137,BUF,@,SJS,W,0,0,0,3,0,0,0,0,0,0,0,0,1,0.0,29,23:11,0,2,0,0,
66,2016-02-27,58,22-138,BUF,@,LAK,L,0,0,0,0,0,0,0,0,0,0,0,0,0,,24,18:09,2,2,0,0,
67,2016-03-01,59,22-141,BUF,,EDM,L-OT,0,0,0,0,0,0,0,0,0,0,0,0,1,0.0,25,21:07,4,0,0,1,0.0
68,2016-03-03,60,22-143,BUF,,CGY,W,0,0,0,2,2,0,0,0,0,0,0,0,1,0.0,27,20:43,2,3,0,0,
69,2016-03-05,61,22-145,BUF,,MIN,L-SO,0,0,0,0,0,0,0,0,0,0,0,0,2,0.0,30,25:42,0,3,0,0,
70,2016-03-07,62,22-147,BUF,@,TOR,W,0,0,0,0,0,0,0,0,0,0,0,0,2,0.0,25,20:28,5,3,0,0,
71,2016-03-08,63,22-148,BUF,,NYR,L,0,0,0,1,0,0,0,0,0,0,0,0,1,0.0,28,21:22,1,1,0,0,
72,2016-03-10,64,22-150,BUF,@,MTL,L,0,1,1,1,0,0,0,0,0,1,0,0,0,,34,20:25,3,1,0,0,
73,2016-03-12,65,22-152,BUF,,CAR,W,0,0,0,1,0,0,0,0,0,0,0,0,0,,26,20:49,1,2,0,0,
74,2016-03-16,66,22-156,BUF,,MTL,L-OT,0,0,0,-1,2,0,0,0,0,0,0,0,3,0.0,30,24:49,0,1,0,0,
75,2016-03-18,67,22-158,BUF,,OTT,W,0,0,0,2,0,0,0,0,0,0,0,0,1,0.0,28,22:06,0,1,0,0,
76,2016-03-19,68,22-159,BUF,@,TOR,L,0,0,0,-2,0,0,0,0,0,0,0,0,0,,29,23:02,2,2,0,0,
77,2016-03-22,69,22-162,BUF,@,CAR,W,0,0,0,1,0,0,0,0,0,0,0,0,0,,31,23:44,1,1,0,0,
78,2016-03-26,70,22-166,BUF,,WPG,W,0,0,0,-1,0,0,0,0,0,0,0,0,1,0.0,25,20:08,1,0,0,0,
79,2016-03-28,71,22-168,BUF,@,DET,L,0,0,0,-1,2,0,0,0,0,0,0,0,0,,26,20:57,1,1,0,0,
80,2016-03-29,72,22-169,BUF,@,PIT,L-SO,1,0,1,2,0,1,0,0,0,0,0,0,2,50.0,26,19:21,4,2,0,1,0.0
81,2016-03-31,73,22-171,BUF,,TOR,W,0,1,1,2,10,0,0,0,0,1,0,0,1,0.0,28,20:50,1,1,0,0,
82,2016-04-02,74,22-173,BUF,@,NYR,W,0,0,0,2,0,0,0,0,0,0,0,0,0,,29,22:50,2,3,0,0,
83,2016-04-05,75,22-176,BUF,@,NJD,W,0,0,0,1,0,0,0,0,0,0,0,0,1,0.0,33,21:17,0,1,0,0,
84,2016-04-08,76,22-179,BUF,,CBJ,L,0,0,0,-1,2,0,0,0,0,0,0,0,2,0.0,32,20:34,1,1,0,0,
85,2016-04-09,77,22-180,BUF,@,NYI,W,0,0,0,1,0,0,0,0,0,0,0,0,0,,27,19:37,0,0,0,0,
86,2016-10-13,1,23-001,BUF,,MTL,L,0,0,0,-1,0,0,0,0,0,0,0,0,0,,30,22:11,2,0,0,0,
87,2016-10-16,2,23-004,BUF,@,EDM,W,0,1,1,3,2,0,0,0,0,1,0,0,0,,28,19:24,1,2,0,0,
88,2016-10-18,3,23-006,BUF,@,CGY,L-OT,0,0,0,-2,2,0,0,0,0,0,0,0,0,,28,21:12,1,1,0,0,
89,2016-10-20,4,23-008,BUF,@,VAN,L,0,0,0,-1,0,0,0,0,0,0,0,0,0,,24,18:36,1,1,0,0,
90,2016-10-25,5,23-013,BUF,@,PHI,L-SO,0,0,0,1,0,0,0,0,0,0,0,0,0,,25,14:06,0,1,0,0,
91,2016-10-27,6,23-015,BUF,,MIN,L,0,0,0,-2,0,0,0,0,0,0,0,0,0,,22,14:24,0,2,0,0,
92,2016-10-29,7,23-017,BUF,,FLA,W,0,0,0,1,0,0,0,0,0,0,0,0,0,,22,15:36,1,0,0,0,
93,2016-10-30,8,23-018,BUF,@,WPG,W,0,1,1,1,0,0,0,0,0,1,0,0,1,0.0,21,15:46,2,1,0,0,
94,2016-11-01,9,23-020,BUF,@,MIN,W,0,0,0,0,0,0,0,0,0,0,0,0,0,,30,22:21,0,2,0,0,
95,2016-11-03,10,23-022,BUF,,TOR,L,0,0,0,1,0,0,0,0,0,0,0,0,0,,24,19:53,1,0,0,0,
96,2016-11-05,11,23-024,BUF,@,OTT,W,0,1,1,1,0,0,0,0,0,1,0,0,2,0.0,28,20:35,0,1,0,0,
97,2016-11-07,12,23-026,BUF,@,BOS,L,0,0,0,0,4,0,0,0,0,0,0,0,1,0.0,22,18:01,1,0,0,0,
98,2016-11-09,13,23-028,BUF,,OTT,L-SO,0,0,0,0,0,0,0,0,0,0,0,0,4,0.0,26,22:51,0,1,0,0,
99,2016-11-11,14,23-030,BUF,,NJD,L-OT,0,0,0,0,2,0,0,0,0,0,0,0,1,0.0,33,25:33,1,1,0,0,
100,2016-11-12,15,23-031,BUF,@,NJD,L,0,0,0,0,0,0,0,0,0,0,0,0,0,,31,23:07,1,2,0,0,
101,2016-11-15,16,23-034,BUF,@,STL,L,0,0,0,-1,0,0,0,0,0,0,0,0,1,0.0,30,25:54,1,2,0,0,
102,2016-11-17,17,23-036,BUF,,TBL,L,0,0,0,-1,0,0,0,0,0,0,0,0,1,0.0,27,23:58,2,3,0,0,
103,2016-11-19,18,23-038,BUF,,PIT,W,0,0,0,0,2,0,0,0,0,0,0,0,3,0.0,32,24:22,1,1,0,0,
104,2016-11-21,19,23-040,BUF,,CGY,W,0,0,0,-2,0,0,0,0,0,0,0,0,0,,30,24:35,1,0,0,0,
105,2016-11-23,20,23-042,BUF,,DET,L-SO,0,0,0,0,0,0,0,0,0,0,0,0,0,,27,20:55,4,0,0,0,
106,2016-11-25,21,23-044,BUF,@,WSH,L,0,0,0,1,0,0,0,0,0,0,0,0,1,0.0,27,19:30,0,1,0,0,
107,2016-11-29,22,23-048,BUF,@,OTT,W,0,0,0,-2,0,0,0,0,0,0,0,0,1,0.0,30,21:35,1,2,0,0,
108,2016-12-01,23,23-050,BUF,,NYR,W,0,1,1,1,0,0,0,0,0,1,0,0,1,0.0,27,24:04,0,5,0,0,
109,2016-12-03,24,23-052,BUF,,BOS,L,0,0,0,-2,2,0,0,0,0,0,0,0,2,0.0,28,23:58,3,2,0,0,
110,2016-12-05,25,23-054,BUF,@,WSH,L-OT,0,0,0,1,0,0,0,0,0,0,0,0,4,0.0,32,28:52,3,3,0,0,
111,2016-12-06,26,23-055,BUF,,EDM,W,0,1,1,0,2,0,0,0,0,0,1,0,2,0.0,28,23:45,4,2,0,0,
112,2016-12-09,27,23-058,BUF,,WSH,L,0,0,0,0,0,0,0,0,0,0,0,0,2,0.0,28,21:05,1,0,0,0,
113,2016-12-13,28,23-062,BUF,,LAK,W,0,0,0,1,0,0,0,0,0,0,0,0,1,0.0,28,21:49,1,1,0,0,
114,2016-12-16,29,23-065,BUF,,NYI,W,0,1,1,1,0,0,0,0,0,1,0,0,1,0.0,32,23:33,0,2,0,0,
115,2016-12-17,30,23-066,BUF,@,CAR,L-SO,0,1,1,1,0,0,0,0,0,1,0,0,1,0.0,26,21:40,1,0,0,0,
116,2016-12-20,31,23-069,BUF,@,FLA,L-SO,0,0,0,1,0,0,0,0,0,0,0,0,2,0.0,27,20:48,1,0,0,0,
117,2016-12-22,32,23-071,BUF,,CAR,L,0,0,0,-1,2,0,0,0,0,0,0,0,1,0.0,26,18:19,2,2,0,0,
118,2016-12-23,33,23-072,BUF,@,NYI,L,0,0,0,-1,0,0,0,0,0,0,0,0,1,0.0,23,20:03,2,2,0,0,
119,2016-12-27,34,23-076,BUF,@,DET,W,0,0,0,0,0,0,0,0,0,0,0,0,2,0.0,23,21:31,0,2,0,0,
120,2016-12-29,35,23-078,BUF,,BOS,L,0,0,0,1,0,0,0,0,0,0,0,0,0,,30,22:34,1,3,0,0,
121,2016-12-31,36,23-080,BUF,@,BOS,L,0,0,0,0,0,0,0,0,0,0,0,0,1,0.0,31,25:29,2,1,0,0,
122,2017-01-03,37,23-083,BUF,@,NYR,W,0,0,0,2,0,0,0,0,0,0,0,0,0,,26,20:54,0,0,0,0,
123,2017-01-05,38,23-085,BUF,@,CHI,L-OT,0,0,0,-1,0,0,0,0,0,0,0,0,0,,31,21:39,2,1,0,0,
124,2017-01-07,39,23-087,BUF,,WPG,W,0,0,0,1,0,0,0,0,0,0,0,0,0,,24,19:14,2,6,0,0,
125,2017-01-10,40,23-090,BUF,,PHI,W,0,1,1,1,2,0,0,0,0,1,0,0,0,,27,23:34,1,4,0,0,
126,2017-01-12,41,23-092,BUF,@,TBL,L,0,0,0,-2,0,0,0,0,0,0,0,0,0,,24,20:32,0,2,0,0,
127,2017-01-13,42,23-093,BUF,@,CAR,L,0,0,0,0,0,0,0,0,0,0,0,0,1,0.0,26,21:23,1,2,0,0,
128,2017-01-16,43,23-096,BUF,,DAL,W,1,0,1,0,0,0,1,0,1,0,0,0,1,100.0,28,22:07,0,0,0,0,
129,2017-01-17,44,23-097,BUF,@,TOR,L,0,1,1,1,0,0,0,0,0,1,0,0,0,,26,22:33,1,0,0,0,
130,2017-01-20,45,23-100,BUF,,DET,W,0,0,0,0,0,0,0,0,0,0,0,0,0,,3,0:56,0,,,,
131,2017-02-04,46,23-115,BUF,,OTT,W,0,0,0,1,0,0,0,0,0,0,0,0,0,,26,18:48,0,2,0,0,
132,2017-02-06,47,23-117,BUF,@,NJD,L,0,0,0,0,0,0,0,0,0,0,0,0,0,,27,20:32,1,1,0,0,
133,2017-02-07,48,23-118,BUF,,SJS,W,0,0,0,0,0,0,0,0,0,0,0,0,0,,32,18:47,1,3,0,0,
134,2017-02-09,49,23-120,BUF,,ANA,L,0,0,0,-2,0,0,0,0,0,0,0,0,2,0.0,24,18:05,0,1,0,0,
135,2017-02-11,50,23-122,BUF,@,TOR,W,0,0,0,1,0,0,0,0,0,0,0,0,1,0.0,31,23:00,4,4,0,0,
136,2017-02-12,51,23-123,BUF,,VAN,L,0,0,0,1,2,0,0,0,0,0,0,0,0,,27,20:11,0,1,0,0,
137,2017-02-14,52,23-125,BUF,@,OTT,W,0,1,1,1,0,0,0,0,0,1,0,0,1,0.0,24,19:36,0,4,0,0,
138,2017-02-16,53,23-127,BUF,,COL,W,0,0,0,1,0,0,0,0,0,0,0,0,3,0.0,27,20:39,0,1,0,0,
139,2017-02-18,54,23-129,BUF,,STL,W,0,0,0,1,2,0,0,0,0,0,0,0,0,,24,16:23,0,0,0,0,
140,2017-02-19,55,23-130,BUF,,CHI,L,0,0,0,-2,0,0,0,0,0,0,0,0,1,0.0,23,17:29,1,0,0,0,
141,2017-02-25,56,23-136,BUF,@,COL,L,0,0,0,-2,0,0,0,0,0,0,0,0,1,0.0,21,17:30,0,1,0,0,
142,2017-02-26,57,23-137,BUF,@,ARI,L,0,1,1,0,0,0,0,0,0,1,0,0,3,0.0,28,21:05,0,0,0,0,
143,2017-02-28,58,23-139,BUF,,NSH,L-OT,1,1,2,0,0,1,0,0,0,1,0,0,3,33.3,28,21:53,1,1,0,0,
144,2017-03-02,59,23-141,BUF,,ARI,W,0,1,1,2,0,0,0,0,0,1,0,0,1,0.0,27,19:54,0,2,0,0,
145,2017-03-04,60,23-143,BUF,,TBL,L-SO,0,0,0,0,0,0,0,0,0,0,0,0,2,0.0,29,24:08,0,2,0,0,
146,2017-03-05,61,23-144,BUF,@,PIT,L,0,0,0,-2,0,0,0,0,0,0,0,0,1,0.0,28,22:35,1,4,0,0,
147,2017-03-07,62,23-146,BUF,,PHI,L,0,0,0,-3,0,0,0,0,0,0,0,0,3,0.0,26,21:16,1,2,0,0,
148,2017-03-10,63,23-149,BUF,@,CBJ,L,0,1,1,1,0,0,0,0,0,1,0,0,1,0.0,28,20:44,2,1,0,0,
149,2017-03-11,64,23-150,BUF,,CBJ,W,1,0,1,-1,0,1,0,0,0,0,0,0,2,50.0,25,20:29,1,2,0,0,
150,2017-03-14,65,23-153,BUF,@,SJS,L,0,0,0,-1,0,0,0,0,0,0,0,0,3,0.0,28,22:00,2,3,0,0,
151,2017-03-16,66,23-155,BUF,@,LAK,L,0,0,0,-1,0,0,0,0,0,0,0,0,0,,25,18:05,1,1,0,0,
152,2017-03-17,67,23-156,BUF,@,ANA,W,0,1,1,1,0,0,0,0,0,1,0,0,2,0.0,30,24:27,2,2,0,0,
153,2017-03-20,68,23-159,BUF,@,DET,W,0,1,1,-1,2,0,0,0,0,0,1,0,0,,29,20:10,1,1,0,0,
154,2017-03-21,69,23-160,BUF,,PIT,L,0,0,0,-1,0,0,0,0,0,0,0,0,0,,35,24:01,0,2,0,0,
155,2017-03-25,70,23-164,BUF,,TOR,W,0,0,0,-1,0,0,0,0,0,0,0,0,2,0.0,32,23:44,0,3,0,0,
156,2017-03-27,71,23-166,BUF,,FLA,W,0,0,0,0,0,0,0,0,0,0,0,0,3,0.0,28,21:49,1,1,0,0,
157,2017-03-28,72,23-167,BUF,@,CBJ,L,0,1,1,-2,0,0,0,0,0,0,1,0,2,0.0,28,21:44,0,1,0,0,
158,2017-04-02,73,23-172,BUF,,NYI,L,0,0,0,0,0,0,0,0,0,0,0,0,0,,21,16:27,1,1,0,0,
159,2017-04-03,74,23-173,BUF,,TOR,L,0,0,0,-1,0,0,0,0,0,0,0,0,0,,25,15:02,0,2,0,0,
160,2017-04-08,75,23-178,BUF,@,FLA,L,0,0,0,0,0,0,0,0,0,0,0,0,0,,25,18:35,2,1,0,0,
161,2017-04-09,76,23-179,BUF,@,TBL,L,0,0,0,1,0,0,0,0,0,0,0,0,3,0.0,24,19:40,0,0,0,0,
162,2017-10-05,1,23-358,BUF,,MTL,L-SO,0,0,0,0,0,0,0,0,0,0,0,0,0,,22,16:39,1,3,0,0,
163,2017-10-07,2,23-360,BUF,@,NYI,L,0,0,0,0,2,0,0,0,0,0,0,0,1,0.0,24,17:19,0,0,0,0,
164,2017-10-09,3,23-362,BUF,,NJD,L,0,0,0,-2,0,0,0,0,0,0,0,0,1,0.0,24,17:58,2,0,0,0,
165,2017-10-12,4,24-000,BUF,@,SJS,L,0,0,0,-1,0,0,0,0,0,0,0,0,0,,22,16:04,2,3,0,1,0.0
166,2017-10-14,5,24-002,BUF,@,LAK,L,0,0,0,1,0,0,0,0,0,0,0,0,0,,24,16:16,0,3,0,0,
167,2017-10-15,6,24-003,BUF,@,ANA,W,0,0,0,1,0,0,0,0,0,0,0,0,0,,25,19:34,2,4,0,0,
168,2017-10-17,7,24-005,BUF,@,VEG,L-OT,0,0,0,-1,0,0,0,0,0,0,0,0,1,0.0,24,17:22,1,0,0,0,
169,2017-10-20,8,24-008,BUF,,VAN,L,0,0,0,0,0,0,0,0,0,0,0,0,1,0.0,30,18:43,1,2,0,0,
170,2017-10-21,9,24-009,BUF,@,BOS,W,0,2,2,1,0,0,0,0,0,2,0,0,2,0.0,33,23:43,2,2,0,0,
171,2017-10-24,10,24-012,BUF,,DET,W,0,0,0,0,0,0,0,0,0,0,0,0,2,0.0,28,20:31,1,0,0,0,
172,2017-10-25,11,24-013,BUF,@,CBJ,L,0,0,0,0,0,0,0,0,0,0,0,0,0,,27,19:05,3,3,0,0,
173,2017-10-28,12,24-016,BUF,,SJS,L,0,0,0,-1,0,0,0,0,0,0,0,0,1,0.0,25,20:41,1,1,0,0,
174,2017-11-02,13,24-021,BUF,@,ARI,W,0,1,1,1,0,0,0,0,0,1,0,0,2,0.0,27,21:15,1,2,0,0,
175,2017-11-04,14,24-023,BUF,@,DAL,L,0,0,0,-3,0,0,0,0,0,0,0,0,1,0.0,26,18:26,3,0,0,0,
176,2017-11-07,15,24-026,BUF,,WSH,W,0,0,0,1,5,0,0,0,0,0,0,0,1,0.0,29,19:50,1,2,0,0,
177,2017-11-10,16,24-029,BUF,,FLA,L,0,0,0,-1,2,0,0,0,0,0,0,0,1,0.0,29,20:18,3,1,0,0,
178,2017-11-11,17,24-030,BUF,@,MTL,L-OT,0,0,0,0,0,0,0,0,0,0,0,0,3,0.0,28,21:40,1,1,0,0,
179,2017-11-14,18,24-033,BUF,@,PIT,L-OT,0,0,0,-1,0,0,0,0,0,0,0,0,0,,33,20:16,4,1,0,0,
180,2017-11-17,19,24-036,BUF,@,DET,L,0,0,0,-1,0,0,0,0,0,0,0,0,0,,25,20:56,1,1,0,0,
181,2017-11-18,20,24-037,BUF,,CAR,L,0,0,0,0,0,0,0,0,0,0,0,0,1,0.0,29,20:29,2,0,0,0,
182,2017-11-20,21,24-039,BUF,,CBJ,L,0,0,0,-1,0,0,0,0,0,0,0,0,1,0.0,27,21:07,1,2,0,0,
183,2017-11-22,22,24-041,BUF,,MIN,L,0,1,1,0,0,0,0,0,0,1,0,0,3,0.0,27,18:24,3,0,0,0,
184,2017-11-24,23,24-043,BUF,,EDM,W,0,0,0,-1,0,0,0,0,0,0,0,0,1,0.0,30,20:27,3,5,0,0,
185,2017-11-25,24,24-044,BUF,@,MTL,L,0,0,0,0,0,0,0,0,0,0,0,0,2,0.0,23,17:31,1,0,0,0,
186,2017-11-28,25,24-047,BUF,,TBL,L,0,0,0,0,0,0,0,0,0,0,0,0,0,,20,14:39,4,1,0,0,
187,2017-12-01,26,24-050,BUF,,PIT,L,0,0,0,-2,0,0,0,0,0,0,0,0,2,0.0,24,16:27,2,1,0,0,
188,2017-12-02,27,24-051,BUF,@,PIT,L,0,0,0,-1,0,0,0,0,0,0,0,0,3,0.0,30,19:37,2,1,0,0,
189,2017-12-05,28,24-054,BUF,@,COL,W,1,1,2,2,0,1,0,0,0,1,0,0,1,100.0,26,19:21,4,5,0,0,
190,2017-12-08,29,24-057,BUF,@,CHI,L-OT,0,0,0,1,0,0,0,0,0,0,0,0,0,,35,21:55,5,5,0,0,
191,2017-12-10,30,24-059,BUF,@,STL,L-OT,0,0,0,-1,2,0,0,0,0,0,0,0,1,0.0,28,19:51,2,1,0,0,
192,2017-12-12,31,24-061,BUF,,OTT,W,0,0,0,0,0,0,0,0,0,0,0,0,1,0.0,29,20:42,4,1,0,0,
193,2017-12-14,32,24-063,BUF,@,PHI,L,0,0,0,-1,0,0,0,0,0,0,0,0,0,,29,21:02,1,1,0,0,
194,2017-12-15,33,24-064,BUF,,CAR,L-OT,1,2,3,1,0,1,0,0,0,2,0,0,1,100.0,26,18:28,1,0,0,0,
195,2017-12-19,34,24-068,BUF,,BOS,L,0,0,0,0,0,0,0,0,0,0,0,0,2,0.0,25,21:49,6,0,0,0,
196,2017-12-22,35,24-071,BUF,,PHI,W,0,0,0,0,2,0,0,0,0,0,0,0,0,,25,17:53,5,1,0,0,
197,2017-12-23,36,24-072,BUF,@,CAR,L,0,0,0,0,0,0,0,0,0,0,0,0,0,,26,20:42,3,1,0,0,
198,2017-12-27,37,24-076,BUF,@,NYI,L-OT,0,0,0,-1,0,0,0,0,0,0,0,0,1,0.0,23,19:24,2,3,0,0,
199,2017-12-29,38,24-078,BUF,@,NJD,W,0,1,1,1,2,0,0,0,0,1,0,0,3,0.0,26,22:04,6,1,0,0,
200,2018-01-01,39,24-081,BUF,,NYR,L-OT,0,0,0,-1,0,0,0,0,0,0,0,0,1,0.0,31,19:49,0,2,0,0,
201,2018-01-04,40,24-084,BUF,@,MIN,L,0,1,1,0,0,0,0,0,0,1,0,0,3,0.0,29,20:38,4,1,0,0,
202,2018-01-05,41,24-085,BUF,@,WPG,L,0,0,0,2,0,0,0,0,0,0,0,0,0,,26,20:34,0,1,0,0,
203,2018-01-07,42,24-087,BUF,@,PHI,L,0,0,0,-2,0,0,0,0,0,0,0,0,4,0.0,23,18:18,1,0,0,0,
204,2018-01-09,43,24-089,BUF,,WPG,L,0,0,0,1,0,0,0,0,0,0,0,0,0,,24,18:49,2,2,0,0,
205,2018-01-11,44,24-091,BUF,,CBJ,W,0,0,0,2,0,0,0,0,0,0,0,0,1,0.0,26,21:14,3,2,0,0,
206,2018-01-18,45,24-098,BUF,@,NYR,L,0,0,0,-2,0,0,0,0,0,0,0,0,0,,26,22:40,1,3,0,0,
207,2018-01-20,46,24-100,BUF,,DAL,L,0,0,0,-3,0,0,0,0,0,0,0,0,2,0.0,26,20:08,2,1,0,0,
208,2018-01-22,47,24-102,BUF,@,CGY,W,0,0,0,1,2,0,0,0,0,0,0,0,0,,33,25:20,2,2,0,0,
209,2018-01-23,48,24-103,BUF,@,EDM,W,0,0,0,1,4,0,0,0,0,0,0,0,0,,33,20:41,2,2,0,0,
210,2018-01-25,49,24-105,BUF,@,VAN,W,0,0,0,1,0,0,0,0,0,0,0,0,1,0.0,28,22:15,1,0,0,0,
211,2018-01-30,50,24-110,BUF,,NJD,L,1,0,1,0,0,0,1,0,0,0,0,0,1,100.0,24,17:44,1,1,0,0,
212,2018-02-01,51,24-112,BUF,,FLA,L,0,0,0,-1,5,0,0,0,0,0,0,0,0,,29,19:07,3,1,0,0,
213,2018-02-03,52,24-114,BUF,,STL,L,0,0,0,-1,0,0,0,0,0,0,0,0,0,,24,19:00,0,0,0,0,
214,2018-02-06,53,24-117,BUF,,ANA,L-OT,0,0,0,0,0,0,0,0,0,0,0,0,0,,12,8:48,1,3,0,0,
215,2018-10-04,1,24-357,BUF,,BOS,L,0,0,0,-1,0,0,0,0,0,0,0,0,2,0.0,27,18:22,4,1,0,0,
216,2018-10-06,2,24-359,BUF,,NYR,W,0,0,0,0,0,0,0,0,0,0,0,0,0,,25,21:21,2,1,0,0,
217,2018-10-08,3,24-361,BUF,,VEG,W,0,0,0,1,0,0,0,0,0,0,0,0,0,,25,19:43,1,1,0,0,
218,2018-10-11,4,24-364,BUF,,COL,L,0,0,0,-2,2,0,0,0,0,0,0,0,0,,21,15:15,0,0,0,0,
219,2018-10-13,5,25-001,BUF,@,ARI,W,0,0,0,0,0,0,0,0,0,0,0,0,1,0.0,23,17:44,3,3,0,0,
220,2018-10-16,6,25-004,BUF,@,VEG,L,0,1,1,1,0,0,0,0,0,1,0,0,1,0.0,25,15:52,2,1,0,0,
221,2018-10-18,7,25-006,BUF,@,SJS,L,1,0,1,1,4,1,0,0,0,0,0,0,1,100.0,26,16:44,1,5,0,0,
222,2018-10-20,8,25-008,BUF,@,LAK,W,0,1,1,2,2,0,0,0,0,1,0,0,0,,31,21:57,0,0,0,1,0.0
223,2018-10-21,9,25-009,BUF,@,ANA,W,0,0,0,0,0,0,0,0,0,0,0,0,1,0.0,24,21:10,3,2,0,0,
224,2018-10-25,10,25-013,BUF,,MTL,W,0,2,2,1,0,0,0,0,0,2,0,0,3,0.0,27,23:04,0,2,0,0,
225,2018-10-27,11,25-015,BUF,@,CBJ,L-OT,0,2,2,-1,0,0,0,0,0,2,0,0,2,0.0,28,17:27,2,2,0,0,
226,2018-11-01,12,25-020,BUF,@,OTT,L,0,0,0,0,2,0,0,0,0,0,0,0,1,0.0,22,18:01,1,4,0,0,
227,2018-11-03,13,25-022,BUF,,OTT,W,0,0,0,-1,2,0,0,0,0,0,0,0,0,,23,19:10,1,1,0,0,
228,2018-11-04,14,25-023,BUF,@,NYR,L,0,0,0,-1,0,0,0,0,0,0,0,0,1,0.0,23,18:13,1,2,0,0,
229,2018-11-08,15,25-027,BUF,@,MTL,W,0,0,0,0,2,0,0,0,0,0,0,0,1,0.0,27,20:00,1,2,0,0,
230,2018-11-10,16,25-029,BUF,,VAN,W,0,0,0,-1,0,0,0,0,0,0,0,0,0,,20,18:22,4,1,0,0,
231,2018-11-13,17,25-032,BUF,,TBL,W,0,0,0,0,0,0,0,0,0,0,0,0,2,0.0,24,22:29,1,3,0,0,
232,2018-11-16,18,25-035,BUF,@,WPG,W,0,0,0,0,0,0,0,0,0,0,0,0,0,,23,18:26,3,3,0,0,
233,2018-11-17,19,25-036,BUF,@,MIN,W,1,1,2,2,0,1,0,0,0,1,0,0,5,20.0,24,19:51,2,1,0,0,
234,2018-11-19,20,25-038,BUF,@,PIT,W,0,0,0,1,7,0,0,0,0,0,0,0,1,0.0,26,20:39,2,1,0,0,
235,2018-11-21,21,25-040,BUF,,PHI,W,0,0,0,1,0,0,0,0,0,0,0,0,0,,25,21:37,5,2,0,0,
236,2018-11-23,22,25-042,BUF,,MTL,W,0,1,1,1,0,0,0,0,0,1,0,0,2,0.0,23,19:15,1,3,0,0,
237,2018-11-24,23,25-043,BUF,@,DET,W,0,0,0,-2,4,0,0,0,0,0,0,0,0,,28,19:13,1,1,0,0,
238,2018-11-27,24,25-046,BUF,,SJS,W,0,0,0,-1,0,0,0,0,0,0,0,0,1,0.0,28,19:57,1,1,0,0,
239,2018-11-29,25,25-048,BUF,@,TBL,L,0,0,0,1,0,0,0,0,0,0,0,0,1,0.0,11,7:29,0,1,0,0,
240,2018-12-21,26,25-070,BUF,@,WSH,L,0,0,0,0,0,0,0,0,0,0,0,0,2,0.0,20,16:13,0,2,0,0,
241,2018-12-22,27,25-071,BUF,,ANA,W,0,0,0,1,0,0,0,0,0,0,0,0,0,,24,20:17,4,5,0,0,
242,2018-12-27,28,25-076,BUF,@,STL,L,0,0,0,-2,0,0,0,0,0,0,0,0,1,0.0,20,17:18,2,1,0,0,
243,2018-12-29,29,25-078,BUF,,BOS,L-OT,0,0,0,0,0,0,0,0,0,0,0,0,0,,24,22:03,1,3,0,0,
244,2018-12-31,30,25-080,BUF,,NYI,L,0,0,0,-1,2,0,0,0,0,0,0,0,3,0.0,21,16:17,0,1,0,0,
245,2019-01-03,31,25-083,BUF,,FLA,W,0,0,0,0,0,0,0,0,0,0,0,0,3,0.0,27,24:01,3,3,0,0,
246,2019-01-05,32,25-085,BUF,@,BOS,L,0,0,0,-1,2,0,0,0,0,0,0,0,1,0.0,22,17:18,1,2,0,0,
247,2019-01-08,33,25-088,BUF,,NJD,W,1,0,1,1,0,0,0,1,0,0,0,0,1,100.0,21,20:08,1,3,0,0,
248,2019-01-11,34,25-091,BUF,@,CAR,L,0,0,0,-2,0,0,0,0,0,0,0,0,0,,19,15:49,0,1,0,0,
249,2019-01-12,35,25-092,BUF,,TBL,L,0,0,0,-1,0,0,0,0,0,0,0,0,3,0.0,22,18:13,1,0,0,0,
250,2019-01-14,36,25-094,BUF,@,EDM,L,0,0,0,-2,0,0,0,0,0,0,0,0,0,,27,20:33,4,0,0,0,
251,2019-01-16,37,25-096,BUF,@,CGY,W,1,0,1,2,0,1,0,0,0,0,0,0,1,100.0,23,18:32,1,0,0,0,
252,2019-01-18,38,25-098,BUF,@,VAN,L,0,0,0,1,0,0,0,0,0,0,0,0,1,0.0,20,15:43,2,4,0,0,
253,2019-01-29,39,25-109,BUF,@,CBJ,W,0,1,1,-1,0,0,0,0,0,1,0,0,1,0.0,27,22:34,2,4,0,0,
254,2019-01-30,40,25-110,BUF,@,DAL,L,0,0,0,0,2,0,0,0,0,0,0,0,1,0.0,20,18:49,3,1,0,0,
255,2019-02-01,41,25-112,BUF,,CHI,L,0,0,0,0,0,0,0,0,0,0,0,0,2,0.0,19,19:10,1,2,0,0,
256,2019-02-05,42,25-116,BUF,,MIN,W,0,1,1,0,0,0,0,0,0,1,0,0,0,,24,22:55,4,0,0,0,
257,2019-02-07,43,25-118,BUF,,CAR,L-OT,0,0,0,-1,2,0,0,0,0,0,0,0,1,0.0,21,17:00,0,0,0,0,
258,2019-02-09,44,25-120,BUF,,DET,W,0,0,0,0,0,0,0,0,0,0,0,0,1,0.0,23,17:08,0,1,0,0,
259,2019-02-10,45,25-121,BUF,,WPG,L,0,0,0,0,0,0,0,0,0,0,0,0,1,0.0,21,16:14,3,0,0,0,
260,2019-02-12,46,25-123,BUF,,NYI,W,0,0,0,1,0,0,0,0,0,0,0,0,1,0.0,21,18:40,1,0,0,0,
261,2019-02-15,47,25-126,BUF,,NYR,L,0,0,0,-1,0,0,0,0,0,0,0,0,1,0.0,20,16:12,1,1,0,0,
262,2019-02-17,48,25-128,BUF,@,NJD,L,0,0,0,0,0,0,0,0,0,0,0,0,1,0.0,22,19:04,1,0,0,0,
263,2019-02-19,49,25-130,BUF,@,FLA,L,0,0,0,-1,0,0,0,0,0,0,0,0,3,0.0,25,19:44,5,5,0,0,
264,2019-02-21,50,25-132,BUF,@,TBL,L-SO,0,0,0,0,0,0,0,0,0,0,0,0,0,,24,23:39,4,3,0,0,
265,2019-02-23,51,25-134,BUF,,WSH,W,0,0,0,0,0,0,0,0,0,0,0,0,0,,20,20:04,1,2,0,0,
266,2019-02-25,52,25-136,BUF,@,TOR,L,0,0,0,-1,0,0,0,0,0,0,0,0,0,,25,19:46,4,2,0,0,
267,2019-02-26,53,25-137,BUF,@,PHI,L,0,0,0,0,2,0,0,0,0,0,0,0,2,0.0,20,17:46,2,1,0,0,
268,2019-03-01,54,25-140,BUF,,PIT,W,0,0,0,-1,0,0,0,0,0,0,0,0,0,,23,20:01,1,4,0,0,
269,2019-03-02,55,25-141,BUF,@,TOR,L,0,0,0,0,0,0,0,0,0,0,0,0,2,0.0,16,13:48,1,0,0,0,
270,2019-03-31,56,25-170,BUF,,CBJ,L,0,0,0,0,0,0,0,0,0,0,0,0,1,0.0,22,20:45,2,0,0,0,
271,2019-04-02,57,25-172,BUF,,NSH,L,0,0,0,1,0,0,0,0,0,0,0,0,1,0.0,24,17:33,3,0,0,0,
272,2019-04-04,58,25-174,BUF,,OTT,W,0,0,0,1,0,0,0,0,0,0,0,0,1,0.0,24,22:41,1,3,0,0,
273,2019-04-06,59,25-176,BUF,@,DET,W,0,0,0,1,0,0,0,0,0,0,0,0,2,0.0,24,20:26,1,1,0,0,
274,2019-10-03,1,25-356,BUF,@,PIT,W,0,0,0,0,0,0,0,0,0,0,0,0,2,0.0,28,25:11,2,4,0,0,
275,2019-10-05,2,25-358,BUF,,NJD,W,0,1,1,0,2,0,0,0,0,1,0,0,2,0.0,23,19:25,3,3,0,0,
276,2019-10-07,3,25-360,BUF,@,CBJ,L-OT,0,0,0,0,0,0,0,0,0,0,0,0,0,,22,19:46,1,3,0,0,
277,2019-10-09,4,25-362,BUF,,MTL,W,0,0,0,0,0,0,0,0,0,0,0,0,0,,26,21:36,2,1,0,0,
278,2019-10-11,5,25-364,BUF,,FLA,W,0,0,0,-1,0,0,0,0,0,0,0,0,1,0.0,25,22:32,1,2,0,0,
279,2019-10-14,6,26-002,BUF,,DAL,W,0,1,1,2,0,0,0,0,0,1,0,0,1,0.0,24,22:19,2,3,0,0,
280,2019-10-16,7,26-004,BUF,@,ANA,L,0,0,0,-2,0,0,0,0,0,0,0,0,0,,23,18:48,4,4,0,0,
281,2019-10-17,8,26-005,BUF,@,LAK,W,0,0,0,1,2,0,0,0,0,0,0,0,1,0.0,23,18:18,4,4,0,0,
282,2019-10-19,9,26-007,BUF,@,SJS,W,0,1,1,1,0,0,0,0,0,1,0,0,1,0.0,23,22:48,1,3,0,0,
283,2019-10-22,10,26-010,BUF,,SJS,W,0,0,0,-2,0,0,0,0,0,0,0,0,0,,20,19:40,2,2,0,0,
284,2019-10-24,11,26-012,BUF,@,NYR,L,0,0,0,-1,0,0,0,0,0,0,0,0,2,0.0,26,24:49,4,1,0,0,
285,2019-10-25,12,26-013,BUF,@,DET,W,1,0,1,1,0,1,0,0,1,0,0,0,1,100.0,19,18:15,2,2,0,0,
286,2019-10-28,13,26-016,BUF,,ARI,L-SO,0,0,0,0,0,0,0,0,0,0,0,0,2,0.0,27,21:40,0,2,0,0,
287,2019-11-01,14,26-020,BUF,@,WSH,L,0,0,0,-1,0,0,0,0,0,0,0,0,0,,25,20:23,1,1,0,0,
288,2019-11-02,15,26-021,BUF,,NYI,L,0,0,0,0,2,0,0,0,0,0,0,0,3,0.0,24,20:23,0,1,0,0,
289,2019-11-08,16,26-027,BUF,,TBL,L,0,1,1,0,2,0,0,0,0,1,0,0,1,0.0,23,18:40,1,0,0,0,
290,2019-11-09,17,26-028,BUF,@,TBL,L,0,0,0,-2,0,0,0,0,0,0,0,0,2,0.0,25,21:16,0,2,0,0,
291,2019-11-14,18,26-033,BUF,,CAR,L-OT,0,0,0,0,0,0,0,0,0,0,0,0,0,,23,18:48,0,0,0,0,
292,2019-11-16,19,26-035,BUF,,OTT,W,0,0,0,1,2,0,0,0,0,0,0,0,2,0.0,28,22:16,1,0,0,0,
293,2019-11-17,20,26-036,BUF,@,CHI,L,0,0,0,-1,2,0,0,0,0,0,0,0,2,0.0,24,19:13,5,1,0,0,
294,2019-11-19,21,26-038,BUF,,MIN,L,0,0,0,-1,2,0,0,0,0,0,0,0,2,0.0,24,19:43,1,0,0,0,
295,2019-11-21,22,26-040,BUF,@,BOS,L,0,0,0,-1,2,0,0,0,0,0,0,0,1,0.0,21,20:16,2,1,0,0,
296,2019-11-24,23,26-043,BUF,@,FLA,W,0,0,0,1,0,0,0,0,0,0,0,0,2,0.0,24,19:04,4,1,0,0,
297,2019-11-27,24,26-046,BUF,,CGY,L-OT,0,0,0,0,0,0,0,0,0,0,0,0,3,0.0,25,19:17,0,1,0,0,
298,2019-11-29,25,26-048,BUF,,TOR,W,0,0,0,0,0,0,0,0,0,0,0,0,0,,23,19:07,1,1,0,0,
299,2019-11-30,26,26-049,BUF,@,TOR,L-OT,0,0,0,0,0,0,0,0,0,0,0,0,2,0.0,20,16:16,0,2,0,0,
300,2019-12-02,27,26-051,BUF,,NJD,W,0,1,1,1,0,0,0,0,0,1,0,0,0,,22,18:30,0,3,0,0,
301,2019-12-05,28,26-054,BUF,@,CGY,L,1,0,1,2,0,1,0,0,0,0,0,0,1,100.0,17,13:17,2,0,0,0,
302,2019-12-07,29,26-056,BUF,@,VAN,L-OT,0,0,0,-1,0,0,0,0,0,0,0,0,1,0.0,25,20:24,0,2,0,0,
303,2019-12-10,30,26-059,BUF,,STL,W,0,0,0,0,0,0,0,0,0,0,0,0,3,0.0,23,19:05,1,2,0,0,
304,2019-12-12,31,26-061,BUF,,NSH,W,0,0,0,2,0,0,0,0,0,0,0,0,1,0.0,22,20:34,3,1,0,0,
305,2019-12-14,32,26-063,BUF,@,NYI,L-OT,0,0,0,0,0,0,0,0,0,0,0,0,1,0.0,25,20:02,1,1,0,0,
306,2019-12-17,33,26-066,BUF,@,TOR,L,0,0,0,-1,0,0,0,0,0,0,0,0,1,0.0,21,17:28,2,1,0,0,
307,2019-12-19,34,26-068,BUF,@,PHI,L,0,0,0,0,0,0,0,0,0,0,0,0,0,,24,21:30,2,2,0,0,
308,2019-12-21,35,26-070,BUF,,LAK,W,0,0,0,1,0,0,0,0,0,0,0,0,0,,21,15:46,1,0,0,0,
309,2019-12-23,36,26-072,BUF,@,OTT,L,0,0,0,0,0,0,0,0,0,0,0,0,1,0.0,18,14:11,2,1,0,0,
310,2019-12-27,37,26-076,BUF,,BOS,L,0,0,0,0,0,0,0,0,0,0,0,0,0,,23,17:09,0,1,0,0,
311,2019-12-29,38,26-078,BUF,@,BOS,L,0,0,0,0,0,0,0,0,0,0,0,0,0,,21,16:40,1,0,0,0,
312,2019-12-31,39,26-080,BUF,,TBL,L,0,0,0,-1,17,0,0,0,0,0,0,0,2,0.0,15,11:47,1,1,0,0,
313,2020-01-02,40,26-082,BUF,,EDM,W,0,0,0,0,0,0,0,0,0,0,0,0,1,0.0,20,20:05,0,0,0,0,
314,2020-01-04,41,26-084,BUF,,FLA,W,0,0,0,-1,0,0,0,0,0,0,0,0,1,0.0,23,18:44,0,1,0,0,
315,2020-01-11,42,26-091,BUF,,VAN,L,0,0,0,-1,0,0,0,0,0,0,0,0,0,,22,16:00,1,0,0,0,
316,2020-01-12,43,26-092,BUF,@,DET,W,0,0,0,1,0,0,0,0,0,0,0,0,1,0.0,21,15:30,1,0,0,0,
317,2020-01-14,44,26-094,BUF,,VEG,W,0,0,0,0,0,0,0,0,0,0,0,0,0,,21,17:40,2,0,0,0,
318,2020-01-16,45,26-096,BUF,@,DAL,W,0,0,0,-1,0,0,0,0,0,0,0,0,1,0.0,20,12:40,1,1,0,0,
319,2020-01-18,46,26-098,BUF,@,NSH,L,0,1,1,1,0,0,0,0,0,1,0,0,1,0.0,17,13:22,0,0,0,0,
320,2020-01-28,47,26-108,BUF,,OTT,L,0,0,0,0,0,0,0,0,0,0,0,0,0,,17,13:48,0,1,0,0,
321,2020-01-30,48,26-110,BUF,,MTL,L,0,0,0,-1,0,0,0,0,0,0,0,0,1,0.0,23,16:41,1,2,0,0,
322,2020-02-01,49,26-112,BUF,,CBJ,W,0,0,0,-1,0,0,0,0,0,0,0,0,1,0.0,23,19:06,3,2,0,0,
323,2020-02-04,50,26-115,BUF,,COL,L,0,1,1,-1,0,0,0,0,0,1,0,0,0,,19,17:49,1,2,0,0,
324,2020-02-06,51,26-117,BUF,,DET,L-SO,0,0,0,-1,2,0,0,0,0,0,0,0,0,,20,15:30,2,1,0,0,
325,2020-02-07,52,26-118,BUF,@,NYR,W,0,0,0,1,0,0,0,0,0,0,0,0,0,,24,20:16,1,2,0,0,
326,2020-02-09,53,26-120,BUF,,ANA,L,0,0,0,-2,0,0,0,0,0,0,0,0,1,0.0,18,13:47,0,2,0,0,
327,2020-02-11,54,26-122,BUF,,DET,W,0,0,0,1,0,0,0,0,0,0,0,0,0,,22,22:07,1,0,0,0,
328,2020-02-13,55,26-124,BUF,,CBJ,W,0,0,0,-2,4,0,0,0,0,0,0,0,3,0.0,24,20:14,1,1,0,0,
329,2020-02-16,56,26-127,BUF,,TOR,W,0,0,0,-1,0,0,0,0,0,0,0,0,5,0.0,22,20:15,0,3,0,0,
330,2020-02-18,57,26-129,BUF,@,OTT,L,0,0,0,-2,2,0,0,0,0,0,0,0,3,0.0,21,17:31,1,1,0,0,
331,2020-02-22,58,26-133,BUF,@,PIT,W,0,0,0,0,0,0,0,0,0,0,0,0,0,,25,17:02,4,1,0,0,
332,2020-02-23,59,26-134,BUF,,WPG,W,0,0,0,0,0,0,0,0,0,0,0,0,0,,24,21:04,1,1,0,0,
333,2020-02-26,60,26-137,BUF,@,COL,L,0,1,1,2,0,0,0,0,0,1,0,0,2,0.0,22,17:11,1,1,0,0,
334,2020-02-28,61,26-139,BUF,@,VEG,L,0,1,1,1,0,0,0,0,0,1,0,0,3,0.0,24,17:33,0,2,0,0,
335,2020-02-29,62,26-140,BUF,@,ARI,L,0,1,1,-1,0,0,0,0,0,1,0,0,1,0.0,21,17:40,2,2,0,0,
336,2020-03-03,63,26-143,BUF,@,WPG,L,0,0,0,-1,0,0,0,0,0,0,0,0,1,0.0,16,12:22,1,0,0,0,
337,2020-03-05,64,26-145,BUF,,PIT,L,1,0,1,1,0,0,0,1,0,0,0,0,1,100.0,21,16:50,0,1,0,0,
338,2020-03-07,65,26-147,BUF,@,PHI,L,0,0,0,-1,0,0,0,0,0,0,0,0,1,0.0,22,17:09,4,2,0,0,
339,2020-03-09,66,26-149,BUF,,WSH,W,0,0,0,0,0,0,0,0,0,0,0,0,3,0.0,24,18:46,2,1,0,0,
