,date_game,game_season,age,team_id,game_location,opp_id,game_result,goals,assists,points,plus_minus,pen_min,goals_ev,goals_pp,goals_sh,goals_gw,assists_ev,assists_pp,assists_sh,shots,shot_pct,shifts,time_on_ice,hits_all,blocks_all,faceoff_wins_all,faceoff_losses_all,faceoff_percentage_all
0,2011-01-07,1,21-208,NYR,@,DAL,W,0,0,0,-1,0,0,0,0,0,,,,0,,21,12:03,0,0,0,0,
1,2011-01-08,2,21-209,NYR,@,STL,W,0,0,0,2,0,0,0,0,0,,,,0,,18,11:39,1,3,0,0,
2,2011-01-11,3,21-212,NYR,,MTL,L,0,0,0,1,0,0,0,0,0,,,,0,,16,10:46,0,,,,
3,2011-01-13,4,21-214,NYR,,VAN,W,0,0,0,0,0,0,0,0,0,,,,1,0.0,19,11:44,2,1,0,0,
4,2011-01-15,5,21-216,NYR,@,MTL,L,0,0,0,0,0,0,0,0,0,,,,0,,15,10:47,0,3,0,0,
5,2011-01-16,6,21-217,NYR,,PHI,L,0,0,0,2,0,0,0,0,0,,,,1,0.0,14,9:52,0,1,0,0,
6,2011-01-19,7,21-220,NYR,,TOR,W,0,0,0,3,2,0,0,0,0,,,,0,,27,21:21,1,1,0,0,
7,2011-01-20,8,21-221,NYR,@,CAR,L,0,1,1,0,0,0,0,0,0,,,,1,0.0,22,16:38,0,0,0,0,
8,2011-01-22,9,21-223,NYR,@,ATL,W,0,0,0,-2,0,0,0,0,0,,,,0,,20,17:28,2,0,0,0,
9,2011-01-24,10,21-225,NYR,@,WSH,W,0,0,0,0,0,0,0,0,0,,,,1,0.0,27,21:03,1,3,0,0,
10,2011-01-25,11,21-226,NYR,,FLA,L,0,0,0,-1,0,0,0,0,0,,,,0,,21,19:02,4,1,0,0,
11,2011-02-01,12,21-233,NYR,,PIT,L-SO,0,0,0,0,0,0,0,0,0,,,,1,0.0,25,20:09,1,0,0,0,
12,2011-02-03,13,21-235,NYR,,NJD,L,0,0,0,0,0,0,0,0,0,,,,0,,21,14:28,0,2,0,0,
13,2011-02-05,14,21-237,NYR,@,MTL,L,0,0,0,0,0,0,0,0,0,,,,1,0.0,25,21:36,0,2,0,0,
14,2011-02-07,15,21-239,NYR,@,DET,L,0,0,0,-1,0,0,0,0,0,,,,0,,23,18:19,2,2,0,0,
15,2011-02-11,16,21-243,NYR,@,ATL,L,0,1,1,1,0,0,0,0,0,,,,0,,21,19:03,1,2,0,0,
16,2011-02-13,17,21-245,NYR,,PIT,W,0,0,0,0,0,0,0,0,0,,,,0,,29,20:43,2,1,0,0,
17,2011-02-17,18,21-249,NYR,,LAK,W,0,0,0,3,0,0,0,0,0,,,,1,0.0,29,22:21,1,4,0,0,
18,2011-02-18,19,21-250,NYR,@,NJD,L,0,0,0,0,0,0,0,0,0,,,,0,,25,19:18,0,1,0,0,
19,2011-02-20,20,21-252,NYR,,PHI,L,0,1,1,-1,0,0,0,0,0,,,,3,0.0,31,23:15,3,1,0,0,
20,2011-02-22,21,21-254,NYR,@,CAR,W,0,1,1,0,2,0,0,0,0,,,,0,,31,24:55,3,4,0,0,
21,2011-02-25,22,21-257,NYR,@,WSH,W,0,0,0,1,4,0,0,0,0,,,,1,0.0,30,21:47,0,3,0,0,
22,2011-02-27,23,21-259,NYR,,TBL,L,0,1,1,0,0,0,0,0,0,,,,0,,26,24:41,1,2,0,0,
23,2011-03-01,24,21-261,NYR,,BUF,L,0,0,0,1,0,0,0,0,0,,,,1,0.0,29,24:44,4,3,0,0,
24,2011-03-03,25,21-263,NYR,,MIN,L,0,0,0,0,0,0,0,0,0,,,,1,0.0,20,15:53,1,0,0,0,
25,2011-03-06,26,21-266,NYR,,PHI,W,0,1,1,4,0,0,0,0,0,,,,1,0.0,28,21:55,2,2,0,0,
26,2011-03-09,27,21-269,NYR,@,ANA,L,0,0,0,-1,0,0,0,0,0,,,,0,,22,20:13,2,2,0,0,
27,2011-03-12,28,21-272,NYR,@,SJS,W,0,0,0,2,0,0,0,0,0,,,,2,0.0,32,22:25,0,1,0,0,
28,2011-03-15,29,21-275,NYR,,NYI,W,0,1,1,1,0,0,0,0,0,,,,1,0.0,22,19:36,6,1,0,0,
29,2011-03-18,30,21-278,NYR,,MTL,W,0,0,0,1,0,0,0,0,0,,,,0,,24,17:39,3,3,0,0,
30,2011-03-20,31,21-280,NYR,@,PIT,W,0,1,1,2,2,0,0,0,0,,,,2,0.0,28,18:09,1,1,0,0,
31,2011-03-22,32,21-282,NYR,,FLA,W,0,0,0,0,0,0,0,0,0,,,,1,0.0,25,22:11,2,3,0,0,
32,2011-03-24,33,21-284,NYR,,OTT,L-SO,0,0,0,-1,2,0,0,0,0,,,,1,0.0,30,18:54,1,3,0,0,
33,2011-03-26,34,21-286,NYR,@,BOS,W,0,0,0,1,0,0,0,0,0,,,,1,0.0,25,19:00,0,4,0,0,
34,2011-03-30,35,21-290,NYR,@,BUF,L,0,0,0,0,0,0,0,0,0,,,,2,0.0,24,19:24,0,1,0,0,
35,2011-03-31,36,21-291,NYR,@,NYI,L,0,0,0,0,0,0,0,0,0,,,,1,0.0,24,17:18,1,0,0,0,
36,2011-04-03,37,21-294,NYR,@,PHI,W,0,0,0,0,2,0,0,0,0,,,,0,,33,21:52,2,4,0,0,
37,2011-04-04,38,21-295,NYR,,BOS,W,0,0,0,-3,0,0,0,0,0,,,,0,,18,14:02,1,1,0,0,
38,2011-04-07,39,21-298,NYR,,ATL,L,0,0,0,0,0,0,0,0,0,,,,1,0.0,25,21:10,3,1,0,0,
39,2011-04-09,40,21-300,NYR,,NJD,W,1,0,1,2,0,1,0,0,1,,,,1,100.0,30,22:12,2,2,0,0,
40,2011-10-07,1,22-116,NYR,@,LAK,L-OT,0,0,0,-1,2,0,0,0,0,,,,0,,34,26:59,0,1,0,0,
41,2011-10-08,2,22-117,NYR,@,ANA,L-SO,0,1,1,1,0,0,0,0,0,,,,2,0.0,37,26:41,1,1,0,1,0.0
42,2011-10-15,3,22-124,NYR,@,NYI,L,0,0,0,-1,0,0,0,0,0,,,,0,,26,22:23,2,1,0,0,
43,2011-10-18,4,22-127,NYR,@,VAN,W,1,1,2,3,2,1,0,0,0,,,,1,100.0,34,24:30,3,3,1,0,100.0
44,2011-10-20,5,22-129,NYR,@,CGY,W,1,0,1,1,2,1,0,0,1,,,,3,33.3,36,26:24,0,1,0,0,
45,2011-10-22,6,22-131,NYR,@,EDM,L,0,0,0,0,0,0,0,0,0,,,,0,,31,23:46,2,3,0,0,
46,2011-10-24,7,22-133,NYR,@,WPG,W,0,0,0,-1,0,0,0,0,0,,,,1,0.0,27,24:21,0,1,0,0,
47,2011-10-27,8,22-136,NYR,,TOR,L,0,0,0,1,0,0,0,0,0,,,,3,0.0,24,22:45,2,2,0,0,
48,2011-10-29,9,22-138,NYR,,OTT,L-SO,0,0,0,-1,0,0,0,0,0,,,,2,0.0,35,28:57,3,1,0,0,
49,2011-10-31,10,22-140,NYR,,SJS,W,1,0,1,0,0,1,0,0,0,,,,2,50.0,26,21:30,1,0,0,0,
50,2011-11-03,11,22-143,NYR,,ANA,W,0,0,0,-1,0,0,0,0,0,,,,0,,30,25:58,3,2,0,0,
51,2011-11-05,12,22-145,NYR,,MTL,W,0,1,1,3,2,0,0,0,0,,,,2,0.0,30,25:19,1,2,0,0,
52,2011-11-06,13,22-146,NYR,,WPG,W,0,0,0,2,0,0,0,0,0,,,,0,,29,26:27,1,3,0,0,
53,2011-11-09,14,22-149,NYR,@,OTT,W,0,0,0,1,0,0,0,0,0,,,,0,,32,27:51,2,2,0,0,
54,2011-11-11,15,22-151,NYR,,CAR,W,0,1,1,2,0,0,0,0,0,,,,2,0.0,30,24:50,0,5,0,0,
55,2011-11-15,16,22-155,NYR,@,NYI,W,0,0,0,0,0,0,0,0,0,,,,0,,29,24:21,2,3,0,0,
56,2011-11-19,17,22-159,NYR,@,MTL,L,0,0,0,0,2,0,0,0,0,,,,1,0.0,25,24:42,1,5,0,0,
57,2011-11-23,18,22-163,NYR,@,FLA,L,0,1,1,1,0,0,0,0,0,,,,1,0.0,26,22:39,3,1,0,0,
58,2011-11-25,19,22-165,NYR,@,WSH,W,0,1,1,1,0,0,0,0,0,,,,3,0.0,36,28:49,0,3,0,0,
59,2011-11-26,20,22-166,NYR,,PHI,W,0,1,1,1,4,0,0,0,0,,,,3,0.0,28,24:39,0,6,0,0,
60,2011-11-29,21,22-169,NYR,,PIT,W,0,0,0,-1,2,0,0,0,0,,,,1,0.0,24,22:29,1,1,0,0,
61,2011-12-01,22,22-171,NYR,@,CAR,W,1,0,1,-1,0,1,0,0,0,,,,3,33.3,35,26:55,2,3,0,0,
62,2011-12-03,23,22-173,NYR,@,TBL,W,0,2,2,2,0,0,0,0,0,,,,1,0.0,32,27:53,0,1,0,0,
63,2011-12-05,24,22-175,NYR,,TOR,L,0,0,0,-1,0,0,0,0,0,,,,0,,28,23:31,2,3,0,0,
64,2011-12-08,25,22-178,NYR,,TBL,L-SO,0,0,0,-2,2,0,0,0,0,,,,4,0.0,29,27:37,2,2,0,0,
65,2011-12-10,26,22-180,NYR,@,BUF,W,0,0,0,0,0,0,0,0,0,,,,1,0.0,28,28:09,2,2,0,0,
66,2011-12-11,27,22-181,NYR,,FLA,W,0,0,0,-1,0,0,0,0,0,,,,0,,25,22:07,1,0,0,0,
67,2011-12-13,28,22-183,NYR,,DAL,L,0,0,0,0,0,0,0,0,0,,,,2,0.0,22,20:40,2,2,0,0,
68,2011-12-15,29,22-185,NYR,@,STL,L,0,0,0,-2,0,0,0,0,0,,,,3,0.0,28,25:20,2,2,0,0,
69,2011-12-17,30,22-187,NYR,@,PHX,W,0,1,1,1,0,0,0,0,0,,,,0,,27,24:25,1,3,0,0,
70,2011-12-20,31,22-190,NYR,@,NJD,W,0,0,0,0,2,0,0,0,0,,,,1,0.0,29,28:22,0,5,0,0,
71,2011-12-22,32,22-192,NYR,,NYI,W,0,0,0,0,2,0,0,0,0,,,,1,0.0,25,25:37,1,1,0,0,
72,2011-12-23,33,22-193,NYR,,PHI,W,0,0,0,-1,0,0,0,0,0,,,,1,0.0,28,24:54,4,3,0,0,
73,2011-12-26,34,22-196,NYR,,NYI,W,0,0,0,0,0,0,0,0,0,,,,0,,25,26:49,4,2,0,0,
74,2011-12-28,35,22-198,NYR,@,WSH,L,0,0,0,0,0,0,0,0,0,,,,4,0.0,27,25:17,1,1,0,0,
75,2011-12-30,36,22-200,NYR,@,FLA,W,0,2,2,0,0,0,0,0,0,,,,0,,31,23:06,2,2,0,0,
76,2012-01-02,37,22-203,NYR,@,PHI,W,0,0,0,0,2,0,0,0,0,,,,4,0.0,39,25:57,3,3,0,0,
77,2012-01-05,38,22-206,NYR,,FLA,W,0,0,0,0,0,0,0,0,0,,,,2,0.0,25,22:03,1,4,0,0,
78,2012-01-06,39,22-207,NYR,@,PIT,W,0,1,1,3,2,0,0,0,0,,,,3,0.0,32,26:52,1,4,0,0,
79,2012-01-10,40,22-211,NYR,,PHX,W,0,0,0,0,0,0,0,0,0,,,,2,0.0,29,23:45,1,4,0,0,
80,2012-01-12,41,22-213,NYR,,OTT,L,0,0,0,-1,0,0,0,0,0,,,,2,0.0,23,23:29,3,3,0,0,
81,2012-01-14,42,22-215,NYR,@,TOR,W,0,1,1,3,0,0,0,0,0,,,,3,0.0,28,21:23,4,2,0,0,
82,2012-01-15,43,22-216,NYR,@,MTL,L,0,0,0,0,0,0,0,0,0,,,,4,0.0,32,29:44,3,2,0,0,
83,2012-01-17,44,22-218,NYR,,NSH,W,0,0,0,3,0,0,0,0,0,,,,0,,31,26:43,1,3,0,0,
84,2012-01-19,45,22-220,NYR,,PIT,L,0,1,1,0,0,0,0,0,0,,,,1,0.0,31,25:21,1,1,0,0,
85,2012-01-21,46,22-222,NYR,@,BOS,W,0,0,0,1,0,0,0,0,0,,,,2,0.0,31,32:04,2,7,0,0,
86,2012-01-24,47,22-225,NYR,,WPG,W,0,0,0,2,0,0,0,0,0,,,,2,0.0,23,23:43,0,3,0,0,
87,2012-01-31,48,22-232,NYR,@,NJD,L-SO,0,0,0,0,2,0,0,0,0,,,,1,0.0,38,29:11,1,1,0,0,
88,2012-02-01,49,22-233,NYR,@,BUF,W,0,0,0,0,0,0,0,0,0,,,,3,0.0,30,26:33,0,3,0,0,
89,2012-02-05,50,22-237,NYR,,PHI,W,0,0,0,3,0,0,0,0,0,,,,3,0.0,30,26:57,2,4,0,0,
90,2012-02-07,51,22-239,NYR,,NJD,L,0,0,0,0,0,0,0,0,0,,,,1,0.0,27,21:18,3,3,0,0,
91,2012-02-09,52,22-241,NYR,,TBL,W,0,0,0,1,0,0,0,0,0,,,,2,0.0,25,26:04,0,3,0,0,
92,2012-02-11,53,22-243,NYR,@,PHI,W,0,0,0,1,0,0,0,0,0,,,,0,,34,24:06,3,5,0,0,
93,2012-02-12,54,22-244,NYR,,WSH,W,1,0,1,1,0,1,0,0,0,,,,1,100.0,27,25:23,0,5,0,0,
94,2012-02-14,55,22-246,NYR,@,BOS,W,1,0,1,1,0,1,0,0,0,,,,2,50.0,29,26:49,0,1,0,0,
95,2012-02-16,56,22-248,NYR,,CHI,L,0,1,1,-1,0,0,0,0,0,,,,0,,22,19:01,1,1,0,0,
96,2012-02-19,57,22-251,NYR,,CBJ,W,0,0,0,0,0,0,0,0,0,,,,2,0.0,25,21:34,1,0,0,0,
97,2012-02-21,58,22-253,NYR,@,PIT,L,0,0,0,0,0,0,0,0,0,,,,1,0.0,28,25:19,1,1,0,0,
98,2012-02-24,59,22-256,NYR,@,NYI,L-SO,0,0,0,-1,0,0,0,0,0,,,,3,0.0,33,29:14,4,3,0,0,
99,2012-02-25,60,22-257,NYR,,BUF,W,0,1,1,1,0,0,0,0,0,,,,1,0.0,26,24:59,1,1,0,0,
100,2012-02-27,61,22-259,NYR,,NJD,W,0,0,0,1,0,0,0,0,0,,,,1,0.0,25,22:29,3,2,0,0,
101,2012-03-01,62,22-262,NYR,@,CAR,W,0,0,0,0,0,0,0,0,0,,,,0,,35,25:42,0,4,0,0,
102,2012-03-02,63,22-263,NYR,@,TBL,L-OT,0,1,1,-1,2,0,0,0,0,,,,0,,30,24:44,5,4,0,0,
103,2012-03-04,64,22-265,NYR,,BOS,W,0,0,0,-2,0,0,0,0,0,,,,1,0.0,27,22:56,2,0,0,0,
104,2012-03-06,65,22-267,NYR,@,NJD,L,0,0,0,-1,2,0,0,0,0,,,,4,0.0,27,22:36,1,2,0,0,
105,2012-03-08,66,22-269,NYR,@,OTT,L,0,0,0,0,2,0,0,0,0,,,,4,0.0,27,22:49,0,1,0,0,
106,2012-03-09,67,22-270,NYR,@,CHI,L,0,1,1,1,0,0,0,0,0,,,,3,0.0,25,22:52,0,1,0,0,
107,2012-03-11,68,22-272,NYR,,NYI,W,0,1,1,0,0,0,0,0,0,,,,0,,29,26:36,0,4,0,0,
108,2012-03-13,69,22-274,NYR,,CAR,W,0,0,0,2,0,0,0,0,0,,,,0,,29,23:16,1,2,0,0,
109,2012-03-15,70,22-276,NYR,,PIT,L,0,0,0,-2,0,0,0,0,0,,,,0,,26,21:23,2,1,0,0,
110,2012-03-17,71,22-278,NYR,,COL,L,0,1,1,1,4,0,0,0,0,,,,2,0.0,26,23:58,2,0,0,0,
111,2012-03-19,72,22-280,NYR,,NJD,W,0,0,0,1,2,0,0,0,0,,,,1,0.0,25,22:56,0,0,0,0,
112,2012-03-21,73,22-282,NYR,,DET,W,0,0,0,1,0,0,0,0,0,,,,2,0.0,29,25:13,0,2,0,0,
113,2012-03-23,74,22-284,NYR,,BUF,L,0,0,0,0,0,0,0,0,0,,,,3,0.0,20,22:36,0,1,0,0,
114,2012-03-24,75,22-285,NYR,@,TOR,W,0,0,0,0,0,0,0,0,0,,,,0,,31,28:29,2,1,0,0,
115,2012-03-27,76,22-288,NYR,@,MIN,W,0,2,2,2,0,0,0,0,0,,,,0,,23,21:46,1,3,0,0,
116,2012-03-28,77,22-289,NYR,@,WPG,W,0,1,1,1,2,0,0,0,0,,,,4,0.0,25,22:32,1,0,0,0,
117,2012-03-30,78,22-291,NYR,,MTL,W,0,0,0,1,0,0,0,0,0,,,,1,0.0,25,22:42,1,4,0,0,
118,2012-04-01,79,22-293,NYR,,BOS,L,0,0,0,-1,0,0,0,0,0,,,,0,,23,22:19,0,2,0,0,
119,2012-04-03,80,22-295,NYR,@,PHI,W,1,1,2,0,0,1,0,0,0,,,,2,50.0,25,28:13,5,2,0,0,
120,2012-04-05,81,22-297,NYR,@,PIT,L,0,0,0,-1,0,0,0,0,0,,,,1,0.0,19,18:10,0,0,0,0,
121,2012-04-07,82,22-299,NYR,,WSH,L,0,0,0,-1,2,0,0,0,0,,,,1,0.0,22,19:50,1,0,0,0,
122,2013-01-19,1,23-220,NYR,@,BOS,L,0,0,0,0,0,0,0,0,0,,,,1,0.0,32,24:21,2,2,0,0,
123,2013-01-20,2,23-221,NYR,,PIT,L,0,0,0,-2,2,0,0,0,0,,,,2,0.0,29,19:37,2,3,0,0,
124,2013-01-23,3,23-224,NYR,,BOS,W,0,0,0,0,0,0,0,0,0,,,,1,0.0,27,23:56,2,2,0,0,
125,2013-01-24,4,23-225,NYR,@,PHI,L,0,0,0,-1,0,0,0,0,0,,,,2,0.0,31,25:34,0,4,0,0,
126,2013-01-26,5,23-227,NYR,,TOR,W,0,0,0,0,0,0,0,0,0,,,,1,0.0,29,24:44,2,1,0,0,
127,2013-01-29,6,23-230,NYR,,PHI,W,0,0,0,0,2,0,0,0,0,,,,2,0.0,28,30:09,3,3,0,0,
128,2013-01-31,7,23-232,NYR,,PIT,L,0,0,0,-1,0,0,0,0,0,,,,2,0.0,29,23:17,3,1,0,0,
129,2013-02-02,8,23-234,NYR,@,TBL,W,0,0,0,1,0,0,0,0,0,,,,1,0.0,32,25:55,2,1,0,0,
130,2013-02-05,9,23-237,NYR,@,NJD,L,0,0,0,0,0,0,0,0,0,,,,2,0.0,26,24:39,0,2,0,0,
131,2013-02-07,10,23-239,NYR,,NYI,W,1,1,2,0,4,1,0,0,0,,,,3,33.3,24,24:42,2,2,0,0,
132,2013-02-10,11,23-242,NYR,,TBL,W,0,1,1,3,0,0,0,0,0,,,,0,,28,23:07,2,2,0,0,
133,2013-02-12,12,23-244,NYR,@,BOS,W,0,0,0,1,0,0,0,0,0,,,,1,0.0,32,29:39,0,7,0,0,
134,2013-02-14,13,23-246,NYR,,NYI,L-SO,0,0,0,-1,0,0,0,0,0,,,,1,0.0,33,24:16,0,1,0,0,
135,2013-02-17,14,23-249,NYR,,WSH,W,0,1,1,0,0,0,0,0,0,,,,0,,26,21:21,4,1,0,0,
136,2013-02-19,15,23-251,NYR,,MTL,L,0,0,0,-1,0,0,0,0,0,,,,3,0.0,26,22:36,0,2,0,0,
137,2013-02-21,16,23-253,NYR,@,OTT,L-SO,1,0,1,1,0,1,0,0,0,,,,3,33.3,29,22:51,4,0,0,0,
138,2013-02-23,17,23-255,NYR,@,MTL,L,0,0,0,0,0,0,0,0,0,,,,1,0.0,16,13:00,2,1,0,0,
139,2013-02-28,18,23-260,NYR,,TBL,W,0,2,2,1,0,0,0,0,0,,,,2,0.0,29,25:34,0,1,0,0,
140,2013-03-03,19,23-263,NYR,,BUF,W,0,0,0,-1,0,0,0,0,0,,,,1,0.0,29,23:50,1,1,0,0,
141,2013-03-05,20,23-265,NYR,,PHI,W,0,1,1,1,0,0,0,0,0,,,,0,,29,25:06,3,2,0,0,
142,2013-03-07,21,23-267,NYR,@,NYI,W,0,0,0,1,0,0,0,0,0,,,,3,0.0,31,22:29,1,2,0,0,
143,2013-03-08,22,23-268,NYR,,OTT,L,0,0,0,0,0,0,0,0,0,,,,0,,29,26:43,4,4,0,0,
144,2013-03-10,23,23-270,NYR,@,WSH,W,0,2,2,2,0,0,0,0,0,,,,2,0.0,32,25:58,1,3,0,0,
145,2013-03-12,24,23-272,NYR,@,BUF,L,0,0,0,-3,0,0,0,0,0,,,,2,0.0,28,27:37,0,2,0,0,
146,2013-03-14,25,23-274,NYR,@,WPG,L,0,1,1,1,0,0,0,0,0,,,,1,0.0,31,23:54,4,2,0,0,
147,2013-03-16,26,23-276,NYR,@,PIT,L,0,0,0,0,0,0,0,0,0,,,,3,0.0,31,24:09,2,3,0,0,
148,2013-03-18,27,23-278,NYR,,CAR,W,0,0,0,-1,0,0,0,0,0,,,,1,0.0,30,27:30,4,2,0,0,
149,2013-03-19,28,23-279,NYR,@,NJD,W,0,0,0,1,2,0,0,0,0,,,,1,0.0,34,26:12,1,1,0,0,
150,2013-03-21,29,23-281,NYR,,FLA,L,0,0,0,0,0,0,0,0,0,,,,6,0.0,33,25:26,1,3,0,0,
151,2013-03-24,30,23-284,NYR,,WSH,L-SO,0,0,0,-1,0,0,0,0,0,,,,1,0.0,27,25:48,1,3,0,0,
152,2013-03-26,31,23-286,NYR,@,PHI,W,0,0,0,2,0,0,0,0,0,,,,3,0.0,32,28:54,1,1,0,0,
153,2013-03-28,32,23-288,NYR,@,OTT,L,0,0,0,0,0,0,0,0,0,,,,1,0.0,26,24:45,2,1,0,1,0.0
154,2013-03-30,33,23-290,NYR,@,MTL,L,0,0,0,-2,0,0,0,0,0,,,,2,0.0,29,22:15,1,1,0,0,
155,2013-04-01,34,23-292,NYR,,WPG,W,0,1,1,2,0,0,0,0,0,,,,1,0.0,27,27:42,2,0,0,0,
156,2013-04-03,35,23-294,NYR,,PIT,W,1,0,1,1,2,1,0,0,1,,,,4,25.0,26,18:07,0,0,0,0,
157,2013-04-05,36,23-296,NYR,@,PIT,L-SO,0,0,0,0,0,0,0,0,0,,,,3,0.0,32,28:06,3,0,0,0,
158,2013-04-06,37,23-297,NYR,@,CAR,W,0,0,0,1,2,0,0,0,0,,,,2,0.0,30,23:49,0,2,0,0,
159,2013-04-08,38,23-299,NYR,@,TOR,L,0,0,0,1,0,0,0,0,0,,,,1,0.0,26,22:59,1,0,0,0,
160,2013-04-10,39,23-301,NYR,,TOR,W,1,1,2,0,0,1,0,0,0,,,,3,33.3,33,26:37,0,0,0,0,
161,2013-04-13,40,23-304,NYR,@,NYI,W,0,0,0,0,2,0,0,0,0,,,,1,0.0,28,23:26,0,1,0,0,
162,2013-04-16,41,23-307,NYR,@,PHI,L,0,0,0,0,2,0,0,0,0,,,,5,0.0,29,20:56,0,2,0,0,
163,2013-04-18,42,23-309,NYR,,FLA,W,0,1,1,1,0,0,0,0,0,,,,1,0.0,26,22:49,2,1,0,0,
164,2013-04-19,43,23-310,NYR,@,BUF,W,0,1,1,3,2,0,0,0,0,,,,2,0.0,27,25:49,0,2,0,0,
165,2013-04-21,44,23-312,NYR,,NJD,W,0,1,1,0,0,0,0,0,0,,,,2,0.0,30,23:16,1,1,0,0,
166,2013-04-23,45,23-314,NYR,@,FLA,L,0,0,0,0,0,0,0,0,0,,,,2,0.0,27,25:08,1,0,0,0,
167,2013-04-25,46,23-316,NYR,@,CAR,W,0,1,1,1,0,0,0,0,0,,,,1,0.0,30,24:26,2,1,0,0,
168,2013-04-27,47,23-318,NYR,,NJD,W,0,0,0,2,2,0,0,0,0,,,,0,,23,21:46,0,1,0,0,
169,2013-10-03,1,24-112,NYR,@,PHX,L,0,0,0,-1,0,0,0,0,0,,,,1,0.0,21,15:08,2,4,0,0,
170,2013-10-07,2,24-116,NYR,@,LAK,W,1,0,1,1,0,0,0,1,0,,,,2,50.0,28,23:53,1,2,0,0,
171,2013-10-08,3,24-117,NYR,@,SJS,L,0,0,0,-2,0,0,0,0,0,,,,0,,24,19:01,0,3,0,0,
172,2013-10-10,4,24-119,NYR,@,ANA,L,0,0,0,-2,0,0,0,0,0,,,,1,0.0,27,20:27,3,2,0,0,
173,2013-10-12,5,24-121,NYR,@,STL,L,0,0,0,-1,0,0,0,0,0,,,,0,,25,18:02,0,0,0,0,
174,2013-10-16,6,24-125,NYR,@,WSH,W,0,1,1,2,0,0,0,0,0,,,,0,,30,25:14,1,1,0,0,
175,2013-10-19,7,24-128,NYR,@,NJD,L,0,0,0,-1,0,0,0,0,0,,,,1,0.0,26,20:20,1,0,0,0,
176,2013-10-24,8,24-133,NYR,@,PHI,L,0,0,0,0,0,0,0,0,0,,,,1,0.0,30,25:14,1,1,0,0,
177,2013-10-26,9,24-135,NYR,@,DET,W,0,1,1,1,0,0,0,0,0,,,,2,0.0,32,26:52,2,1,0,0,
178,2013-10-28,10,24-137,NYR,,MTL,L,0,0,0,0,2,0,0,0,0,,,,1,0.0,29,24:56,1,0,0,0,
179,2013-10-29,11,24-138,NYR,@,NYI,W,1,0,1,0,0,0,1,0,0,,,,3,33.3,32,23:30,0,2,0,0,
180,2013-10-31,12,24-140,NYR,,BUF,W,0,1,1,1,0,0,0,0,0,,,,1,0.0,27,20:57,0,2,0,0,
181,2013-11-02,13,24-142,NYR,,CAR,W,0,1,1,3,2,0,0,0,0,,,,1,0.0,28,23:06,1,0,0,0,
182,2013-11-04,14,24-144,NYR,,ANA,L,0,0,0,-1,0,0,0,0,0,,,,4,0.0,26,22:58,3,1,0,0,
183,2013-11-06,15,24-146,NYR,,PIT,W,1,0,1,1,0,1,0,0,0,,,,4,25.0,30,25:02,1,2,0,0,
184,2013-11-07,16,24-147,NYR,@,CBJ,W,1,1,2,-1,0,1,0,0,0,,,,3,33.3,34,25:12,1,0,0,0,
185,2013-11-10,17,24-150,NYR,,FLA,W,0,1,1,-1,0,0,0,0,0,,,,0,,29,24:04,1,2,0,0,
186,2013-11-12,18,24-152,NYR,,NJD,L,0,1,1,-1,0,0,0,0,0,,,,4,0.0,32,25:32,0,0,0,0,
187,2013-11-16,19,24-156,NYR,@,MTL,W,0,0,0,0,0,0,0,0,0,,,,1,0.0,31,25:59,1,2,0,0,
188,2013-11-17,20,24-157,NYR,,LAK,L,0,0,0,0,0,0,0,0,0,,,,3,0.0,30,25:38,0,2,0,0,
189,2013-11-19,21,24-159,NYR,,BOS,L,0,0,0,-1,0,0,0,0,0,,,,2,0.0,27,23:54,1,4,0,0,
190,2013-11-21,22,24-161,NYR,@,DAL,W,0,0,0,1,2,0,0,0,0,,,,0,,36,22:11,2,0,0,0,
191,2013-11-23,23,24-163,NYR,@,NSH,W,1,0,1,1,0,1,0,0,1,,,,2,50.0,31,25:58,0,0,0,0,
192,2013-11-25,24,24-165,NYR,@,TBL,L,0,0,0,-2,0,0,0,0,0,,,,3,0.0,26,22:55,0,1,0,0,
193,2013-11-27,25,24-167,NYR,@,FLA,W,0,1,1,1,0,0,0,0,0,,,,1,0.0,27,27:47,1,2,0,0,
194,2013-11-29,26,24-169,NYR,@,BOS,L,1,0,1,0,0,1,0,0,0,,,,1,100.0,31,27:10,3,2,0,0,
195,2013-11-30,27,24-170,NYR,,VAN,W,0,1,1,2,0,0,0,0,0,,,,1,0.0,26,21:14,3,0,0,0,
196,2013-12-02,28,24-172,NYR,,WPG,L,0,1,1,0,0,0,0,0,0,,,,2,0.0,28,24:22,1,0,0,0,
197,2013-12-05,29,24-175,NYR,@,BUF,W,0,2,2,2,0,0,0,0,0,,,,2,0.0,30,23:41,1,2,0,0,
198,2013-12-07,30,24-177,NYR,,NJD,L-OT,0,1,1,-1,0,0,0,0,0,,,,2,0.0,26,28:05,2,1,0,0,
199,2013-12-08,31,24-178,NYR,,WSH,L,0,0,0,-1,0,0,0,0,0,,,,4,0.0,29,24:53,2,3,0,0,
200,2013-12-10,32,24-180,NYR,,NSH,L,0,0,0,-2,0,0,0,0,0,,,,2,0.0,31,27:18,0,1,0,0,
201,2013-12-12,33,24-182,NYR,,CBJ,L,0,0,0,-2,0,0,0,0,0,,,,1,0.0,34,27:12,1,2,0,0,
202,2013-12-15,34,24-185,NYR,,CGY,W,0,0,0,0,0,0,0,0,0,,,,1,0.0,33,31:01,0,4,0,0,
203,2013-12-18,35,24-188,NYR,,PIT,L-SO,0,0,0,-1,2,0,0,0,0,,,,5,0.0,29,28:52,2,2,0,0,
204,2013-12-20,36,24-190,NYR,,NYI,L,0,0,0,-2,0,0,0,0,0,,,,2,0.0,29,23:38,0,2,0,0,
205,2013-12-22,37,24-192,NYR,,MIN,W,0,1,1,2,0,0,0,0,0,,,,1,0.0,28,25:32,2,0,0,0,
206,2013-12-23,38,24-193,NYR,,TOR,W,0,0,0,0,0,0,0,0,0,,,,4,0.0,32,29:31,3,4,0,0,
207,2013-12-27,39,24-197,NYR,@,WSH,L,0,1,1,0,0,0,0,0,0,,,,5,0.0,30,29:53,1,4,0,0,
208,2013-12-29,40,24-199,NYR,@,TBL,W,0,2,2,0,0,0,0,0,0,,,,2,0.0,32,27:26,0,2,0,0,
209,2013-12-31,41,24-201,NYR,@,FLA,W,0,0,0,1,0,0,0,0,0,,,,6,0.0,37,28:10,1,0,0,0,
210,2014-01-03,42,24-204,NYR,@,PIT,L,1,0,1,0,2,1,0,0,0,,,,3,33.3,31,24:03,2,1,0,0,
211,2014-01-04,43,24-205,NYR,@,TOR,W,0,1,1,2,0,0,0,0,0,,,,4,0.0,29,22:19,4,4,0,0,
212,2014-01-06,44,24-207,NYR,,CBJ,L-SO,0,0,0,-2,0,0,0,0,0,,,,5,0.0,32,27:40,2,3,0,0,
213,2014-01-08,45,24-209,NYR,@,CHI,W,0,0,0,-1,2,0,0,0,0,,,,1,0.0,32,23:16,2,2,0,0,
214,2014-01-10,46,24-211,NYR,,DAL,W,0,0,0,2,0,0,0,0,0,,,,4,0.0,32,26:39,0,0,0,0,
215,2014-01-12,47,24-213,NYR,,PHI,W,0,1,1,1,2,0,0,0,0,,,,1,0.0,28,23:49,0,2,0,0,
216,2014-01-14,48,24-215,NYR,,TBL,L,0,0,0,1,0,0,0,0,0,,,,3,0.0,26,25:48,2,5,0,0,
217,2014-01-16,49,24-217,NYR,,DET,W,0,0,0,0,0,0,0,0,0,,,,7,0.0,28,27:18,0,3,0,0,
218,2014-01-18,50,24-219,NYR,@,OTT,W,0,1,1,2,0,0,0,0,0,,,,1,0.0,27,22:50,1,2,0,0,
219,2014-01-19,51,24-220,NYR,,WSH,W,0,1,1,2,0,0,0,0,0,,,,2,0.0,27,20:37,1,0,0,0,
220,2014-01-21,52,24-222,NYR,,NYI,L,0,0,0,-1,0,0,0,0,0,,,,3,0.0,27,26:19,1,0,0,0,
221,2014-01-23,53,24-224,NYR,,STL,L,0,1,1,0,0,0,0,0,0,,,,1,0.0,30,23:40,2,0,0,0,
222,2014-01-26,54,24-227,NYR,@,NJD,W,0,0,0,-1,0,0,0,0,0,,,,0,,28,22:56,2,1,0,0,
223,2014-01-29,55,24-230,NYR,@,NYI,W,0,0,0,1,0,0,0,0,0,,,,1,0.0,31,26:13,2,2,0,0,
224,2014-01-31,56,24-232,NYR,,NYI,W,1,0,1,0,2,1,0,0,0,,,,1,100.0,27,23:56,2,4,0,0,
225,2014-02-04,57,24-236,NYR,,COL,W,0,0,0,1,0,0,0,0,0,,,,5,0.0,25,22:29,0,1,0,0,
226,2014-02-06,58,24-238,NYR,,EDM,L,0,0,0,-1,0,0,0,0,0,,,,1,0.0,27,24:29,0,1,0,0,
227,2014-02-07,59,24-239,NYR,@,PIT,W,0,0,0,0,2,0,0,0,0,,,,2,0.0,34,25:09,2,1,0,0,
228,2014-02-27,60,24-259,NYR,,CHI,W,0,0,0,2,0,0,0,0,0,,,,0,,34,24:10,0,2,0,0,
229,2014-03-01,61,24-261,NYR,@,PHI,L,0,0,0,0,0,0,0,0,0,,,,3,0.0,28,25:03,3,7,0,0,
230,2014-03-02,62,24-262,NYR,,BOS,L,1,0,1,-1,2,0,1,0,0,,,,5,20.0,28,21:30,1,1,0,0,
231,2014-03-05,63,24-265,NYR,,TOR,L-OT,1,0,1,1,0,0,0,1,0,,,,3,33.3,35,29:48,0,1,0,0,
232,2014-03-07,64,24-267,NYR,@,CAR,W,1,0,1,1,0,0,0,1,0,,,,4,25.0,30,25:21,0,0,0,0,
233,2014-03-09,65,24-269,NYR,,DET,W,0,2,2,2,2,0,0,0,0,,,,2,0.0,33,22:49,1,1,0,0,
234,2014-03-11,66,24-271,NYR,@,CAR,L,0,0,0,0,4,0,0,0,0,,,,4,0.0,30,23:47,2,4,0,0,
235,2014-03-13,67,24-273,NYR,@,MIN,L,0,1,1,0,0,0,0,0,0,,,,0,,37,26:18,0,1,0,0,
236,2014-03-14,68,24-274,NYR,@,WPG,W,0,0,0,-1,2,0,0,0,0,,,,2,0.0,32,26:27,0,1,0,0,
237,2014-03-16,69,24-276,NYR,,SJS,L,0,0,0,0,0,0,0,0,0,,,,6,0.0,33,27:18,1,3,0,0,
238,2014-03-18,70,24-278,NYR,@,OTT,W,1,0,1,1,0,1,0,0,1,,,,5,20.0,31,25:31,1,1,0,0,
239,2014-03-21,71,24-281,NYR,@,CBJ,W,0,1,1,0,2,0,0,0,0,,,,1,0.0,37,27:51,1,3,0,0,
240,2014-03-22,72,24-282,NYR,@,NJD,W,0,1,1,0,0,0,0,0,0,,,,2,0.0,36,25:08,3,1,0,0,
241,2014-03-24,73,24-284,NYR,,PHX,W,1,2,3,3,2,1,0,0,1,,,,3,33.3,36,29:16,2,2,0,0,
242,2014-03-26,74,24-286,NYR,,PHI,W,1,0,1,1,4,1,0,0,1,,,,2,50.0,31,23:17,2,3,0,0,
243,2014-03-28,75,24-288,NYR,@,CGY,L,0,0,0,-2,0,0,0,0,0,,,,2,0.0,32,26:03,0,0,0,0,
244,2014-03-30,76,24-290,NYR,@,EDM,W,0,0,0,2,0,0,0,0,0,,,,3,0.0,28,24:29,0,3,0,0,
245,2014-04-01,77,24-292,NYR,@,VAN,W,0,0,0,0,0,0,0,0,0,,,,3,0.0,29,25:29,0,2,0,0,
246,2014-10-09,1,25-118,NYR,@,STL,W,0,0,0,0,0,0,0,0,0,0,0,0,4,0.0,33,28:51,2,4,0,0,
247,2014-10-11,2,25-120,NYR,@,CBJ,L,0,0,0,-1,0,0,0,0,0,0,0,0,2,0.0,33,26:45,0,1,0,0,
248,2014-10-12,3,25-121,NYR,,TOR,L,0,0,0,-2,0,0,0,0,0,0,0,0,1,0.0,27,17:58,1,2,0,0,
249,2014-10-14,4,25-123,NYR,,NYI,L,0,0,0,0,2,0,0,0,0,0,0,0,2,0.0,27,23:01,0,1,0,0,
250,2014-10-16,5,25-125,NYR,,CAR,W,0,0,0,1,2,0,0,0,0,0,0,0,4,0.0,34,30:19,2,2,0,0,
251,2014-10-19,6,25-128,NYR,,SJS,W,0,0,0,2,0,0,0,0,0,0,0,0,0,,32,24:12,1,2,0,0,
252,2014-10-21,7,25-130,NYR,@,NJD,W,0,2,2,1,0,0,0,0,0,0,2,0,4,0.0,33,28:07,0,0,0,0,
253,2014-10-25,8,25-134,NYR,@,MTL,L,0,0,0,0,0,0,0,0,0,0,0,0,5,0.0,32,23:40,0,2,0,0,
254,2014-10-27,9,25-136,NYR,,MIN,W,0,1,1,-1,0,0,0,0,0,1,0,0,0,,33,25:58,0,0,0,0,
255,2014-11-01,10,25-141,NYR,,WPG,L-SO,0,0,0,0,0,0,0,0,0,0,0,0,0,,5,6:42,0,0,0,0,
256,2014-11-28,11,25-168,NYR,@,PHI,W,0,1,1,1,0,0,0,0,0,0,0,1,3,0.0,27,22:12,3,3,0,0,
257,2014-11-29,12,25-169,NYR,,PHI,W,0,1,1,1,0,0,0,0,0,1,0,0,1,0.0,28,24:46,1,1,0,0,
258,2014-12-01,13,25-171,NYR,,TBL,L,0,1,1,-2,2,0,0,0,0,0,1,0,2,0.0,28,22:21,0,1,0,0,
259,2014-12-06,14,25-176,NYR,@,DET,L,0,0,0,0,0,0,0,0,0,0,0,0,2,0.0,33,21:36,1,1,0,0,
260,2014-12-08,15,25-178,NYR,,PIT,W,0,1,1,1,0,0,0,0,0,1,0,0,1,0.0,36,25:52,0,2,0,0,
261,2014-12-13,16,25-183,NYR,@,VAN,W,1,0,1,4,2,1,0,0,0,0,0,0,4,25.0,31,21:10,0,3,0,0,
262,2014-12-14,17,25-184,NYR,@,EDM,W,0,0,0,2,0,0,0,0,0,0,0,0,1,0.0,33,23:40,0,4,0,0,
263,2014-12-16,18,25-186,NYR,@,CGY,W,0,0,0,1,0,0,0,0,0,0,0,0,0,,31,22:26,0,1,0,0,
264,2014-12-20,19,25-190,NYR,@,CAR,W,0,1,1,-1,2,0,0,0,0,0,1,0,4,0.0,37,25:38,1,2,0,0,
265,2014-12-21,20,25-191,NYR,,CAR,W,1,0,1,1,0,1,0,0,1,0,0,0,2,50.0,30,23:36,0,1,0,0,
266,2014-12-23,21,25-193,NYR,,WSH,W,0,0,0,2,0,0,0,0,0,0,0,0,2,0.0,28,19:13,1,1,0,0,
267,2014-12-27,22,25-197,NYR,,NJD,W,0,0,0,2,0,0,0,0,0,0,0,0,1,0.0,26,23:20,0,3,0,0,
268,2014-12-29,23,25-199,NYR,@,DAL,L,0,1,1,-1,0,0,0,0,0,0,1,0,1,0.0,37,24:06,0,5,0,0,
269,2014-12-31,24,25-201,NYR,@,FLA,W,1,1,2,1,0,0,1,0,1,1,0,0,3,33.3,32,22:52,1,2,0,0,
270,2015-01-03,25,25-204,NYR,,BUF,W,0,1,1,-1,0,0,0,0,0,0,1,0,2,0.0,26,20:06,1,0,0,0,
271,2015-01-07,26,25-208,NYR,@,ANA,W,0,0,0,2,2,0,0,0,0,0,0,0,3,0.0,29,18:36,0,5,0,0,
272,2015-01-08,27,25-209,NYR,@,LAK,W,0,0,0,-2,2,0,0,0,0,0,0,0,0,,32,24:44,2,1,0,0,
273,2015-01-10,28,25-211,NYR,@,SJS,W,0,0,0,2,0,0,0,0,0,0,0,0,2,0.0,30,23:54,0,2,0,0,
274,2015-01-13,29,25-214,NYR,,NYI,L,0,0,0,-1,0,0,0,0,0,0,0,0,3,0.0,27,23:25,2,0,0,0,
275,2015-01-15,30,25-216,NYR,@,BOS,L,0,0,0,-1,0,0,0,0,0,0,0,0,2,0.0,27,20:11,1,1,0,0,
276,2015-01-16,31,25-217,NYR,@,CBJ,W,0,0,0,-1,2,0,0,0,0,0,0,0,1,0.0,32,25:01,0,3,0,0,
277,2015-01-18,32,25-219,NYR,@,PIT,W,0,0,0,1,0,0,0,0,0,0,0,0,0,,30,22:04,3,5,0,0,
278,2015-01-20,33,25-221,NYR,,OTT,W,0,1,1,1,0,0,0,0,0,1,0,0,3,0.0,34,24:30,2,2,0,0,
279,2015-01-27,34,25-228,NYR,@,NYI,L,0,0,0,-2,0,0,0,0,0,0,0,0,1,0.0,31,20:52,2,2,0,0,
280,2015-01-29,35,25-230,NYR,,MTL,L,0,0,0,-1,0,0,0,0,0,0,0,0,1,0.0,33,24:38,0,4,0,0,
281,2015-01-31,36,25-232,NYR,,CAR,W,0,1,1,0,0,0,0,0,0,0,0,1,1,0.0,29,21:09,2,2,0,0,
282,2015-02-02,37,25-234,NYR,,FLA,W,0,1,1,1,0,0,0,0,0,0,1,0,2,0.0,30,23:02,0,2,0,0,
283,2015-02-04,38,25-236,NYR,,BOS,W,0,0,0,-1,0,0,0,0,0,0,0,0,2,0.0,31,22:12,1,3,0,0,
284,2015-02-07,39,25-239,NYR,@,NSH,L,1,0,1,-1,0,1,0,0,0,0,0,0,3,33.3,36,22:33,2,2,0,0,
285,2015-02-08,40,25-240,NYR,,DAL,L-OT,0,0,0,0,0,0,0,0,0,0,0,0,0,,32,24:46,3,3,0,0,
286,2015-02-10,41,25-242,NYR,@,TOR,W,0,0,0,0,0,0,0,0,0,0,0,0,3,0.0,31,25:06,4,0,0,0,
287,2015-02-12,42,25-244,NYR,@,COL,W,1,1,2,0,0,0,1,0,0,1,0,0,2,50.0,30,24:01,2,0,0,0,
288,2015-02-14,43,25-246,NYR,@,ARI,W,0,0,0,1,0,0,0,0,0,0,0,0,3,0.0,31,24:09,4,1,0,0,
289,2015-02-16,44,25-248,NYR,@,NYI,W,2,0,2,0,0,2,0,0,0,0,0,0,6,33.3,35,25:42,4,2,0,0,
290,2015-02-19,45,25-251,NYR,,VAN,L-SO,0,0,0,1,0,0,0,0,0,0,0,0,5,0.0,28,24:22,1,1,0,0,
291,2015-02-20,46,25-252,NYR,@,BUF,W,0,0,0,1,0,0,0,0,0,0,0,0,1,0.0,27,25:25,1,1,0,0,
292,2015-02-22,47,25-254,NYR,,CBJ,W,0,1,1,1,0,0,0,0,0,1,0,0,4,0.0,36,25:48,0,4,0,0,
293,2015-02-24,48,25-256,NYR,,CGY,W,0,0,0,1,0,0,0,0,0,0,0,0,0,,28,22:27,1,2,0,0,
294,2015-02-26,49,25-258,NYR,,ARI,W,0,0,0,0,0,0,0,0,0,0,0,0,4,0.0,32,23:13,0,1,0,0,
295,2015-02-28,50,25-260,NYR,@,PHI,L,0,0,0,-1,2,0,0,0,0,0,0,0,3,0.0,34,24:56,0,3,0,0,
296,2015-03-02,51,25-262,NYR,,NSH,W,0,0,0,2,0,0,0,0,0,0,0,0,3,0.0,27,22:09,0,2,0,0,
297,2015-03-04,52,25-264,NYR,@,DET,L-OT,0,0,0,-1,0,0,0,0,0,0,0,0,1,0.0,31,24:44,0,1,0,0,
298,2015-03-08,53,25-268,NYR,@,CHI,W,0,1,1,1,0,0,0,0,0,1,0,0,3,0.0,32,21:58,1,2,0,0,
299,2015-03-10,54,25-270,NYR,@,NYI,W,0,0,0,0,0,0,0,0,0,0,0,0,2,0.0,30,22:47,2,1,0,0,
300,2015-03-11,55,25-271,NYR,@,WSH,W,0,0,0,1,2,0,0,0,0,0,0,0,1,0.0,37,20:51,4,4,0,0,
301,2015-03-14,56,25-274,NYR,@,BUF,W,0,0,0,1,0,0,0,0,0,0,0,0,2,0.0,30,24:02,0,2,0,0,
302,2015-03-15,57,25-275,NYR,,FLA,W,0,0,0,1,2,0,0,0,0,0,0,0,3,0.0,28,21:06,1,6,0,0,
303,2015-03-18,58,25-278,NYR,,CHI,L,0,0,0,0,0,0,0,0,0,0,0,0,3,0.0,29,23:17,1,5,0,0,
304,2015-03-21,59,25-281,NYR,@,CAR,W,0,0,0,0,2,0,0,0,0,0,0,0,0,,31,23:10,0,3,0,0,
305,2015-03-22,60,25-282,NYR,,ANA,W,0,1,1,2,2,0,0,0,0,1,0,0,0,,28,19:02,0,3,0,0,
306,2015-03-24,61,25-284,NYR,,LAK,L,0,0,0,-1,0,0,0,0,0,0,0,0,0,,27,21:23,2,2,0,0,
307,2015-03-26,62,25-286,NYR,@,OTT,W,0,0,0,0,0,0,0,0,0,0,0,0,1,0.0,31,24:16,3,3,0,0,
308,2015-03-28,63,25-288,NYR,@,BOS,L,0,0,0,-1,0,0,0,0,0,0,0,0,4,0.0,22,21:08,4,2,0,0,
309,2015-03-29,64,25-289,NYR,,WSH,L,0,1,1,-1,0,0,0,0,0,1,0,0,1,0.0,27,20:08,0,2,0,0,
310,2015-03-31,65,25-291,NYR,@,WPG,W,0,1,1,0,0,0,0,0,0,0,1,0,0,,31,24:23,1,1,0,0,
311,2015-04-02,66,25-293,NYR,@,MIN,W,0,2,2,0,0,0,0,0,0,1,1,0,4,0.0,34,27:05,0,0,0,0,
312,2015-04-04,67,25-295,NYR,,NJD,W,0,2,2,3,0,0,0,0,0,1,0,1,0,,27,20:26,0,2,0,0,
313,2015-04-06,68,25-297,NYR,,CBJ,W,0,0,0,2,0,0,0,0,0,0,0,0,3,0.0,30,25:23,2,0,0,0,
314,2015-04-07,69,25-298,NYR,@,NJD,W,1,0,1,1,0,0,1,0,0,0,0,0,5,20.0,26,24:17,1,1,0,0,
315,2015-04-09,70,25-300,NYR,,OTT,L,0,0,0,-1,0,0,0,0,0,0,0,0,3,0.0,24,23:15,2,1,0,0,
316,2015-04-11,71,25-302,NYR,@,WSH,W,0,1,1,2,0,0,0,0,0,1,0,0,3,0.0,30,22:22,1,0,0,0,
317,2015-10-07,1,26-116,NYR,@,CHI,W,0,0,0,-1,0,0,0,0,0,0,0,0,0,,30,22:20,3,1,0,0,
318,2015-10-09,2,26-118,NYR,@,CBJ,W,0,0,0,4,2,0,0,0,0,0,0,0,3,0.0,32,21:15,1,2,0,0,
319,2015-10-10,3,26-119,NYR,,CBJ,W,0,0,0,0,2,0,0,0,0,0,0,0,2,0.0,25,19:39,5,0,0,0,
320,2015-10-13,4,26-122,NYR,,WPG,L,0,0,0,0,0,0,0,0,0,0,0,0,1,0.0,28,23:43,0,1,0,0,
321,2015-10-15,5,26-124,NYR,@,MTL,L,0,0,0,-1,2,0,0,0,0,0,0,0,2,0.0,35,20:42,4,3,0,0,
322,2015-10-18,6,26-127,NYR,,NJD,L-OT,0,0,0,1,0,0,0,0,0,0,0,0,0,,27,25:55,0,0,0,0,
323,2015-10-19,7,26-128,NYR,,SJS,W,0,0,0,0,0,0,0,0,0,0,0,0,1,0.0,23,20:15,0,1,0,0,
324,2015-10-22,8,26-131,NYR,,ARI,W,0,0,0,1,0,0,0,0,0,0,0,0,1,0.0,32,20:38,0,1,0,0,
325,2015-10-24,9,26-133,NYR,@,PHI,L-SO,0,0,0,-1,0,0,0,0,0,0,0,0,2,0.0,36,25:28,2,2,0,0,
326,2015-10-25,10,26-134,NYR,,CGY,W,0,1,1,0,0,0,0,0,0,1,0,0,1,0.0,28,22:01,1,4,0,0,
327,2015-10-30,11,26-139,NYR,,TOR,W,0,0,0,1,0,0,0,0,0,0,0,0,7,0.0,28,21:57,1,0,0,0,
328,2015-11-03,12,26-143,NYR,,WSH,W,0,0,0,0,0,0,0,0,0,0,0,0,0,,29,20:53,2,2,0,0,
329,2015-11-06,13,26-146,NYR,@,COL,W,0,2,2,1,0,0,0,0,0,1,1,0,1,0.0,34,23:43,1,3,0,0,
330,2015-11-07,14,26-147,NYR,@,ARI,W,0,0,0,1,2,0,0,0,0,0,0,0,3,0.0,25,20:59,2,0,0,0,
331,2015-11-10,15,26-150,NYR,,CAR,W,1,0,1,2,0,1,0,0,0,0,0,0,2,50.0,28,20:24,2,4,0,0,
332,2015-11-12,16,26-152,NYR,,STL,W,1,0,1,2,0,0,1,0,0,0,0,0,2,50.0,26,22:11,3,2,0,0,
333,2015-11-14,17,26-154,NYR,@,OTT,W,0,0,0,0,0,0,0,0,0,0,0,0,3,0.0,35,25:36,0,3,0,0,
334,2015-11-15,18,26-155,NYR,,TOR,W,1,1,2,3,0,1,0,0,0,1,0,0,5,20.0,33,22:03,1,2,0,0,
335,2015-11-19,19,26-159,NYR,@,TBL,L,0,0,0,0,2,0,0,0,0,0,0,0,0,,32,21:58,4,2,0,0,
336,2015-11-21,20,26-161,NYR,@,FLA,W,0,1,1,1,0,0,0,0,0,1,0,0,0,,40,27:12,3,4,0,0,
337,2015-11-23,21,26-163,NYR,,NSH,W,0,0,0,0,0,0,0,0,0,0,0,0,4,0.0,24,23:05,2,4,0,0,
338,2015-11-25,22,26-165,NYR,,MTL,L,0,1,1,-2,0,0,0,0,0,0,1,0,4,0.0,28,21:22,0,0,0,0,
339,2015-11-27,23,26-167,NYR,@,BOS,L,0,1,1,1,0,0,0,0,0,1,0,0,3,0.0,38,23:07,1,1,0,0,
340,2015-11-28,24,26-168,NYR,,PHI,L,0,0,0,-1,0,0,0,0,0,0,0,0,1,0.0,28,22:55,0,1,0,0,
341,2015-11-30,25,26-170,NYR,,CAR,W,0,0,0,-1,0,0,0,0,0,0,0,0,0,,32,23:58,0,4,0,0,
342,2015-12-02,26,26-172,NYR,@,NYI,L-SO,0,0,0,0,0,0,0,0,0,0,0,0,0,,31,24:46,4,1,0,0,
343,2015-12-03,27,26-173,NYR,,COL,L,0,0,0,0,0,0,0,0,0,0,0,0,0,,26,22:39,1,2,0,0,
344,2015-12-06,28,26-176,NYR,,OTT,W,1,2,3,2,0,0,1,0,0,1,1,0,1,100.0,25,21:04,1,3,0,0,
345,2015-12-09,29,26-179,NYR,@,VAN,L,0,0,0,-1,4,0,0,0,0,0,0,0,3,0.0,32,23:15,1,2,0,0,
346,2015-12-11,30,26-181,NYR,@,EDM,L,0,1,1,-4,0,0,0,0,0,0,1,0,2,0.0,28,19:05,0,2,0,0,
347,2015-12-12,31,26-182,NYR,@,CGY,L-OT,0,0,0,1,0,0,0,0,0,0,0,0,0,,32,24:27,0,1,0,0,
348,2015-12-15,32,26-185,NYR,,EDM,W,0,0,0,0,0,0,0,0,0,0,0,0,0,,32,25:48,0,4,0,0,
349,2015-12-17,33,26-187,NYR,@,MIN,L,1,0,1,0,0,1,0,0,0,0,0,0,1,100.0,28,24:02,2,0,0,0,
350,2015-12-18,34,26-188,NYR,@,WPG,L,0,1,1,-3,0,0,0,0,0,0,1,0,2,0.0,31,24:49,1,1,0,0,
351,2015-12-20,35,26-190,NYR,,WSH,L,0,1,1,1,0,0,0,0,0,0,1,0,1,0.0,25,21:22,0,2,0,0,
352,2015-12-22,36,26-192,NYR,,ANA,W,0,0,0,-2,0,0,0,0,0,0,0,0,1,0.0,33,25:25,2,3,0,0,
353,2015-12-28,37,26-198,NYR,@,NSH,L,0,0,0,1,0,0,0,0,0,0,0,0,0,,32,22:51,1,2,0,0,
354,2015-12-30,38,26-200,NYR,@,TBL,W,0,0,0,2,2,0,0,0,0,0,0,0,4,0.0,31,25:44,2,3,0,0,
355,2016-01-02,39,26-203,NYR,@,FLA,L,0,0,0,0,0,0,0,0,0,0,0,0,3,0.0,29,21:48,2,0,0,0,
356,2016-01-05,40,26-206,NYR,,DAL,W,0,0,0,2,0,0,0,0,0,0,0,0,2,0.0,29,25:16,1,4,0,0,
357,2016-01-09,41,26-210,NYR,,WSH,L-OT,0,2,2,-1,0,0,0,0,0,2,0,0,1,0.0,29,23:32,2,2,0,0,
358,2016-01-11,42,26-212,NYR,,BOS,W,0,1,1,1,0,0,0,0,0,1,0,0,2,0.0,33,24:27,1,2,0,0,
359,2016-01-14,43,26-215,NYR,@,NYI,L,0,0,0,0,0,0,0,0,0,0,0,0,4,0.0,27,21:46,0,0,0,0,
360,2016-01-16,44,26-217,NYR,@,PHI,W,0,1,1,-1,0,0,0,0,0,0,1,0,2,0.0,34,27:01,3,6,0,0,
361,2016-01-17,45,26-218,NYR,@,WSH,L,0,1,1,1,0,0,0,0,0,1,0,0,1,0.0,27,23:33,2,3,0,0,
362,2016-01-19,46,26-220,NYR,,VAN,W,0,1,1,2,0,0,0,0,0,1,0,0,3,0.0,28,24:26,1,1,0,0,
363,2016-01-22,47,26-223,NYR,@,CAR,W,1,0,1,0,0,1,0,0,0,0,0,0,4,25.0,32,21:40,0,2,0,0,
364,2016-01-24,48,26-225,NYR,@,OTT,L,0,0,0,-2,0,0,0,0,0,0,0,0,0,,29,23:46,3,3,0,0,
365,2016-01-25,49,26-226,NYR,,BUF,W,0,0,0,0,0,0,0,0,0,0,0,0,2,0.0,26,23:38,2,1,0,0,
366,2016-02-02,50,26-234,NYR,@,NJD,L,0,0,0,0,0,0,0,0,0,0,0,0,2,0.0,28,23:58,0,0,0,0,
367,2016-02-04,51,26-236,NYR,,MIN,W,1,1,2,3,0,1,0,0,0,1,0,0,2,50.0,28,25:02,1,3,0,0,
368,2016-02-06,52,26-238,NYR,@,PHI,W,0,0,0,0,4,0,0,0,0,0,0,0,0,,6,4:21,2,1,0,0,
369,2016-02-17,53,26-249,NYR,,CHI,L,0,0,0,1,0,0,0,0,0,0,0,0,1,0.0,35,24:06,0,1,0,0,
370,2016-02-18,54,26-250,NYR,@,TOR,W,0,0,0,-1,0,0,0,0,0,0,0,0,1,0.0,10,6:57,0,1,0,0,
371,2016-02-25,55,26-257,NYR,@,STL,W,0,0,0,2,0,0,0,0,0,0,0,0,0,,32,24:44,0,1,0,0,
372,2016-02-27,56,26-259,NYR,@,DAL,W,1,0,1,1,0,1,0,0,0,0,0,0,3,33.3,33,23:36,0,1,0,0,
373,2016-02-29,57,26-261,NYR,,CBJ,W,0,1,1,0,0,0,0,0,0,0,0,1,1,0.0,33,23:16,1,3,0,0,
374,2016-03-03,58,26-264,NYR,@,PIT,L,0,1,1,0,0,0,0,0,0,1,0,0,1,0.0,32,22:02,2,0,0,0,
375,2016-03-04,59,26-265,NYR,@,WSH,W,0,2,2,1,0,0,0,0,0,2,0,0,2,0.0,26,20:53,1,2,0,0,
376,2016-03-06,60,26-267,NYR,,NYI,L,0,0,0,0,0,0,0,0,0,0,0,0,1,0.0,28,24:38,3,3,0,0,
377,2016-03-08,61,26-269,NYR,@,BUF,W,0,0,0,2,0,0,0,0,0,0,0,0,1,0.0,25,22:12,0,0,0,0,
378,2016-03-12,62,26-273,NYR,@,DET,L-OT,0,0,0,0,0,0,0,0,0,0,0,0,1,0.0,32,23:25,1,3,0,0,
379,2016-03-13,63,26-274,NYR,,PIT,L,1,0,1,1,2,1,0,0,0,0,0,0,2,50.0,29,24:02,3,2,0,0,
380,2016-03-16,64,26-277,NYR,@,ANA,W,0,0,0,2,0,0,0,0,0,0,0,0,1,0.0,33,23:34,2,2,1,0,100.0
381,2016-03-17,65,26-278,NYR,@,LAK,L-OT,0,0,0,2,0,0,0,0,0,0,0,0,1,0.0,31,22:22,4,1,0,0,
382,2016-03-19,66,26-280,NYR,@,SJS,L,0,0,0,0,0,0,0,0,0,0,0,0,0,,30,23:56,0,5,0,0,
383,2016-03-21,67,26-282,NYR,,FLA,W,0,0,0,1,0,0,0,0,0,0,0,0,2,0.0,27,22:02,1,2,0,0,
384,2016-03-23,68,26-284,NYR,,BOS,W,0,0,0,2,0,0,0,0,0,0,0,0,0,,25,19:49,1,0,0,0,
385,2016-03-26,69,26-287,NYR,@,MTL,W,0,0,0,1,0,0,0,0,0,0,0,0,0,,30,19:25,1,4,0,0,
386,2016-03-27,70,26-288,NYR,,PIT,L-OT,0,0,0,-1,0,0,0,0,0,0,0,0,0,,30,24:31,0,3,0,0,
387,2016-03-31,71,26-292,NYR,@,CAR,L,0,1,1,0,0,0,0,0,0,1,0,0,3,0.0,28,24:27,1,0,0,0,
388,2016-04-02,72,26-294,NYR,,BUF,L,0,1,1,-2,0,0,0,0,0,1,0,0,0,,28,21:47,3,0,0,0,
389,2016-04-04,73,26-296,NYR,@,CBJ,W,0,0,0,1,0,0,0,0,0,0,0,0,1,0.0,11,7:09,1,3,0,0,
390,2016-10-13,1,27-122,NYR,,NYI,W,0,0,0,0,0,0,0,0,0,0,0,0,2,0.0,34,23:11,1,2,0,0,
391,2016-10-15,2,27-124,NYR,@,STL,L,0,0,0,0,2,0,0,0,0,0,0,0,4,0.0,33,30:08,3,1,0,0,
392,2016-10-17,3,27-126,NYR,,SJS,W,0,2,2,1,0,0,0,0,0,1,1,0,3,0.0,34,26:10,0,1,0,0,
393,2016-10-19,4,27-128,NYR,,DET,L,0,1,1,0,0,0,0,0,0,1,0,0,1,0.0,30,24:18,2,2,0,0,
394,2016-10-22,5,27-131,NYR,@,WSH,W,0,1,1,1,0,0,0,0,0,1,0,0,1,0.0,29,25:30,0,1,0,0,
395,2016-10-23,6,27-132,NYR,,ARI,W,0,1,1,0,0,0,0,0,0,0,1,0,0,,28,22:17,0,5,0,0,
396,2016-10-26,7,27-135,NYR,,BOS,W,0,1,1,1,0,0,0,0,0,1,0,0,1,0.0,26,23:29,2,1,0,0,
397,2016-10-28,8,27-137,NYR,@,CAR,L,0,1,1,1,2,0,0,0,0,1,0,0,3,0.0,27,22:52,1,2,0,0,
398,2016-10-30,9,27-139,NYR,,TBL,W,0,1,1,2,0,0,0,0,0,1,0,0,5,0.0,28,23:29,2,2,0,0,
399,2016-11-01,10,27-141,NYR,,STL,W,0,1,1,2,0,0,0,0,0,1,0,0,2,0.0,26,21:06,0,2,0,0,
400,2016-11-03,11,27-143,NYR,,EDM,W,0,0,0,0,0,0,0,0,0,0,0,0,1,0.0,29,24:12,1,0,0,0,
401,2016-11-05,12,27-145,NYR,@,BOS,W,0,0,0,0,0,0,0,0,0,0,0,0,1,0.0,28,24:30,0,2,0,0,
402,2016-11-06,13,27-146,NYR,,WPG,W,0,0,0,2,0,0,0,0,0,0,0,0,0,,24,25:40,3,1,0,0,
403,2016-11-08,14,27-148,NYR,,VAN,L,0,0,0,-3,0,0,0,0,0,0,0,0,1,0.0,26,23:56,1,0,0,0,
404,2016-11-12,15,27-152,NYR,@,CGY,W,0,1,1,2,0,0,0,0,0,1,0,0,0,,28,21:01,0,2,0,0,
405,2016-11-13,16,27-153,NYR,@,EDM,W,0,0,0,0,0,0,0,0,0,0,0,0,1,0.0,31,22:59,0,2,0,0,
406,2016-11-15,17,27-155,NYR,@,VAN,W,0,1,1,2,0,0,0,0,0,0,1,0,2,0.0,30,23:50,0,1,0,0,
407,2016-11-18,18,27-158,NYR,@,CBJ,L,0,0,0,-2,0,0,0,0,0,0,0,0,1,0.0,29,24:02,1,1,0,0,
408,2016-11-20,19,27-160,NYR,,FLA,L-SO,0,0,0,0,0,0,0,0,0,0,0,0,3,0.0,33,26:18,2,2,0,0,
409,2016-11-21,20,27-161,NYR,@,PIT,W,0,2,2,5,0,0,0,0,0,2,0,0,4,0.0,28,22:54,1,2,0,0,
410,2016-11-23,21,27-163,NYR,,PIT,L,0,0,0,-2,5,0,0,0,0,0,0,0,0,,28,20:38,0,3,0,0,
411,2016-11-25,22,27-165,NYR,@,PHI,W,0,0,0,-1,0,0,0,0,0,0,0,0,0,,27,21:01,2,3,0,0,
412,2016-11-27,23,27-167,NYR,,OTT,L,0,0,0,0,0,0,0,0,0,0,0,0,1,0.0,26,26:00,1,4,0,0,
413,2016-11-29,24,27-169,NYR,,CAR,W,0,0,0,1,0,0,0,0,0,0,0,0,3,0.0,30,23:45,1,4,0,0,
414,2016-12-01,25,27-171,NYR,@,BUF,L,1,0,1,-2,0,0,1,0,0,0,0,0,3,33.3,30,25:00,2,2,0,0,
415,2016-12-03,26,27-173,NYR,,CAR,W,0,0,0,0,2,0,0,0,0,0,0,0,0,,28,21:52,0,1,0,0,
416,2016-12-06,27,27-176,NYR,@,NYI,L,0,0,0,0,0,0,0,0,0,0,0,0,2,0.0,27,28:03,0,1,0,0,
417,2016-12-08,28,27-178,NYR,@,WPG,W,0,1,1,0,0,0,0,0,0,0,1,0,2,0.0,29,23:50,0,0,0,0,
418,2016-12-09,29,27-179,NYR,@,CHI,W,0,1,1,0,0,0,0,0,0,1,0,0,0,,31,26:33,3,7,0,0,
419,2016-12-11,30,27-181,NYR,,NJD,W,0,1,1,1,0,0,0,0,0,0,1,0,3,0.0,26,22:13,1,1,0,0,
420,2016-12-15,31,27-185,NYR,@,DAL,W,0,0,0,0,4,0,0,0,0,0,0,0,3,0.0,32,24:50,1,2,0,0,
421,2016-12-17,32,27-187,NYR,@,NSH,W,0,0,0,-1,0,0,0,0,0,0,0,0,1,0.0,36,24:42,2,3,0,0,
422,2016-12-18,33,27-188,NYR,,NJD,W,0,1,1,0,0,0,0,0,0,1,0,0,2,0.0,32,25:27,1,1,0,0,
423,2016-12-20,34,27-190,NYR,@,PIT,L,0,0,0,-2,0,0,0,0,0,0,0,0,2,0.0,33,22:32,2,2,0,0,
424,2016-12-23,35,27-193,NYR,,MIN,L,1,1,2,0,0,1,0,0,0,1,0,0,4,25.0,23,24:05,2,2,0,0,
425,2016-12-27,36,27-197,NYR,,OTT,W,0,3,3,0,0,0,0,0,0,2,1,0,1,0.0,35,27:21,0,1,0,0,
426,2016-12-29,37,27-199,NYR,@,ARI,W,0,1,1,0,2,0,0,0,0,0,1,0,2,0.0,30,26:27,0,1,0,0,
427,2016-12-31,38,27-201,NYR,@,COL,W,0,1,1,1,4,0,0,0,0,0,1,0,3,0.0,32,23:43,1,1,0,0,
428,2017-01-03,39,27-204,NYR,,BUF,L,0,0,0,-1,0,0,0,0,0,0,0,0,3,0.0,30,23:39,1,3,0,0,
429,2017-01-04,40,27-205,NYR,@,PHI,W,0,0,0,2,2,0,0,0,0,0,0,0,1,0.0,32,23:38,1,4,0,0,
430,2017-01-07,41,27-208,NYR,@,CBJ,W,0,0,0,0,2,0,0,0,0,0,0,0,2,0.0,30,24:58,2,2,0,0,
431,2017-01-13,42,27-214,NYR,,TOR,L,0,1,1,-1,0,0,0,0,0,1,0,0,0,,29,24:55,1,2,0,0,
432,2017-01-14,43,27-215,NYR,@,MTL,L,0,1,1,0,0,0,0,0,0,0,1,0,1,0.0,34,25:55,2,3,0,0,
433,2017-01-17,44,27-218,NYR,,DAL,L,0,1,1,0,0,0,0,0,0,1,0,0,3,0.0,28,21:20,1,0,0,0,
434,2017-01-19,45,27-220,NYR,@,TOR,W,0,0,0,1,0,0,0,0,0,0,0,0,1,0.0,33,23:23,2,2,0,0,
435,2017-01-22,46,27-223,NYR,@,DET,W,0,0,0,0,0,0,0,0,0,0,0,0,2,0.0,31,24:32,0,0,0,0,
436,2017-01-23,47,27-224,NYR,,LAK,W,0,0,0,0,2,0,0,0,0,0,0,0,1,0.0,28,26:47,1,4,0,0,
437,2017-01-25,48,27-226,NYR,,PHI,L,0,0,0,0,2,0,0,0,0,0,0,0,2,0.0,30,27:12,0,2,0,0,
438,2017-01-31,49,27-232,NYR,,CBJ,L,0,0,0,0,0,0,0,0,0,0,0,0,4,0.0,29,22:08,2,1,0,0,
439,2017-02-02,50,27-234,NYR,@,BUF,W,0,1,1,0,0,0,0,0,0,0,1,0,4,0.0,33,26:19,2,2,0,0,
440,2017-02-05,51,27-237,NYR,,CGY,W,0,1,1,0,0,0,0,0,0,0,1,0,2,0.0,30,24:53,0,3,0,0,
441,2017-02-07,52,27-239,NYR,,ANA,W,0,0,0,3,0,0,0,0,0,0,0,0,0,,27,26:13,0,5,0,0,
442,2017-02-09,53,27-241,NYR,,NSH,W,0,1,1,2,2,0,0,0,0,1,0,0,2,0.0,31,26:25,1,0,0,0,
443,2017-02-11,54,27-243,NYR,,COL,W,0,1,1,0,0,0,0,0,0,1,0,0,3,0.0,26,22:29,0,3,0,0,
444,2017-02-13,55,27-245,NYR,@,CBJ,W,0,0,0,0,0,0,0,0,0,0,0,0,2,0.0,28,23:16,0,2,0,0,
445,2017-02-16,56,27-248,NYR,@,NYI,L,0,0,0,-2,0,0,0,0,0,0,0,0,1,0.0,32,25:42,0,6,0,0,
446,2017-02-19,57,27-251,NYR,,WSH,W,1,0,1,1,0,1,0,0,0,0,0,0,4,25.0,27,23:33,1,5,0,0,
447,2017-02-21,58,27-253,NYR,,MTL,L-SO,0,1,1,1,0,0,0,0,0,1,0,0,3,0.0,31,26:11,0,0,0,0,
448,2017-02-23,59,27-255,NYR,@,TOR,W,0,0,0,0,0,0,0,0,0,0,0,0,1,0.0,31,24:52,4,4,0,0,
449,2017-02-25,60,27-257,NYR,@,NJD,W,0,0,0,0,0,0,0,0,0,0,0,0,0,,27,22:12,1,0,0,0,
450,2017-02-26,61,27-258,NYR,,CBJ,L,0,0,0,1,0,0,0,0,0,0,0,0,0,,25,20:27,3,3,0,0,
451,2017-02-28,62,27-260,NYR,,WSH,L,0,0,0,0,2,0,0,0,0,0,0,0,3,0.0,27,23:54,1,2,0,0,
452,2017-03-02,63,27-262,NYR,@,BOS,W,0,0,0,0,0,0,0,0,0,0,0,0,4,0.0,32,27:16,4,3,0,0,
453,2017-03-04,64,27-264,NYR,,MTL,L,0,0,0,0,0,0,0,0,0,0,0,0,1,0.0,25,24:33,1,4,0,0,
454,2017-03-06,65,27-266,NYR,@,TBL,W,0,1,1,1,2,0,0,0,0,1,0,0,2,0.0,32,26:28,2,0,0,0,
455,2017-03-07,66,27-267,NYR,@,FLA,W,0,0,0,1,0,0,0,0,0,0,0,0,1,0.0,30,23:12,0,3,0,0,
456,2017-03-09,67,27-269,NYR,@,CAR,L,0,1,1,-1,0,0,0,0,0,0,1,0,4,0.0,28,28:31,0,1,0,0,
457,2017-03-12,68,27-272,NYR,@,DET,W,2,0,2,2,0,1,0,1,1,0,0,0,3,66.7,26,22:25,1,0,0,0,
458,2017-03-13,69,27-273,NYR,,TBL,L,0,0,0,0,0,0,0,0,0,0,0,0,3,0.0,31,24:43,1,4,0,0,
459,2017-03-17,70,27-277,NYR,,FLA,L-SO,0,0,0,-1,0,0,0,0,0,0,0,0,2,0.0,31,24:21,1,5,0,0,
460,2017-03-18,71,27-278,NYR,@,MIN,W,0,0,0,1,0,0,0,0,0,0,0,0,2,0.0,33,26:14,0,4,0,0,
461,2017-03-21,72,27-281,NYR,@,NJD,L-OT,0,1,1,0,2,0,0,0,0,1,0,0,1,0.0,36,21:40,0,0,0,0,
462,2017-03-22,73,27-282,NYR,,NYI,L,0,0,0,0,0,0,0,0,0,0,0,0,4,0.0,32,27:27,0,1,0,0,
463,2017-03-25,74,27-285,NYR,@,LAK,W,0,1,1,1,0,0,0,0,0,0,1,0,1,0.0,26,24:55,1,1,0,0,
464,2017-03-26,75,27-286,NYR,@,ANA,L,0,0,0,-1,0,0,0,0,0,0,0,0,3,0.0,28,22:16,1,3,0,0,
465,2017-03-28,76,27-288,NYR,@,SJS,L-OT,0,0,0,0,0,0,0,0,0,0,0,0,5,0.0,33,25:34,1,1,0,0,
466,2017-04-09,77,27-300,NYR,,PIT,W,1,1,2,1,0,1,0,0,0,0,1,0,4,25.0,27,21:08,2,1,0,0,
467,2017-10-05,1,28-114,NYR,,COL,L,0,0,0,-3,4,0,0,0,0,0,0,0,4,0.0,28,21:45,2,0,0,0,
468,2017-10-07,2,28-116,NYR,@,TOR,L,0,1,1,2,2,0,0,0,0,1,0,0,1,0.0,35,26:24,1,1,0,0,
469,2017-10-08,3,28-117,NYR,,MTL,W,0,0,0,1,0,0,0,0,0,0,0,0,0,,25,20:25,2,1,0,0,
470,2017-10-10,4,28-119,NYR,,STL,L,0,0,0,-1,2,0,0,0,0,0,0,0,2,0.0,28,24:07,0,0,0,0,
471,2017-10-13,5,28-122,NYR,@,CBJ,L,0,0,0,0,2,0,0,0,0,0,0,0,3,0.0,26,21:03,0,2,0,0,
472,2017-10-14,6,28-123,NYR,,NJD,L,0,0,0,1,0,0,0,0,0,0,0,0,2,0.0,30,23:46,1,1,0,0,
473,2017-10-17,7,28-126,NYR,,PIT,L-OT,0,1,1,-2,0,0,0,0,0,0,1,0,2,0.0,30,26:55,1,4,0,0,
474,2017-10-19,8,28-128,NYR,,NYI,L-SO,0,1,1,0,0,0,0,0,0,1,0,0,2,0.0,30,23:09,4,3,0,0,
475,2017-10-21,9,28-130,NYR,,NSH,W,0,0,0,-1,0,0,0,0,0,0,0,0,0,,26,22:40,1,2,0,0,
476,2017-10-23,10,28-132,NYR,,SJS,L,0,0,0,0,0,0,0,0,0,0,0,0,1,0.0,26,25:41,1,0,0,0,
477,2017-10-26,11,28-135,NYR,,ARI,W,0,1,1,3,0,0,0,0,0,1,0,0,2,0.0,31,21:24,0,2,0,0,
478,2017-10-28,12,28-137,NYR,@,MTL,L,0,1,1,-1,0,0,0,0,0,1,0,0,2,0.0,32,25:11,1,4,0,0,
479,2017-10-31,13,28-140,NYR,,VEG,W,0,1,1,0,0,0,0,0,0,1,0,0,0,,28,22:31,1,4,0,0,
480,2017-11-02,14,28-142,NYR,@,TBL,W,0,0,0,1,2,0,0,0,0,0,0,0,3,0.0,27,21:01,1,1,0,0,
481,2017-11-04,15,28-144,NYR,@,FLA,W,0,2,2,1,0,0,0,0,0,1,1,0,1,0.0,31,21:32,0,3,0,0,
482,2017-11-06,16,28-146,NYR,,CBJ,W,0,1,1,2,0,0,0,0,0,1,0,0,2,0.0,26,22:51,0,5,0,0,
483,2017-11-08,17,28-148,NYR,,BOS,W,0,2,2,1,0,0,0,0,0,2,0,0,0,,31,23:22,0,3,0,0,
484,2017-11-11,18,28-151,NYR,,EDM,W,0,1,1,1,0,0,0,0,0,0,1,0,3,0.0,30,22:23,1,1,0,0,
485,2017-11-15,19,28-155,NYR,@,CHI,L,0,0,0,-1,0,0,0,0,0,0,0,0,5,0.0,32,27:29,1,0,0,0,
486,2017-11-17,20,28-157,NYR,@,CBJ,L,0,0,0,0,0,0,0,0,0,0,0,0,3,0.0,29,22:01,1,5,0,0,
487,2017-11-19,21,28-159,NYR,,OTT,W,0,0,0,2,0,0,0,0,0,0,0,0,0,,29,25:03,1,3,0,0,
488,2017-12-01,22,28-171,NYR,,CAR,W,0,1,1,1,0,0,0,0,0,1,0,0,0,,28,22:54,1,5,0,0,
489,2017-12-05,23,28-175,NYR,@,PIT,W,0,0,0,-1,0,0,0,0,0,0,0,0,0,,29,25:10,0,3,0,0,
490,2017-12-08,24,28-178,NYR,@,WSH,L,0,1,1,-1,0,0,0,0,0,1,0,0,1,0.0,30,24:47,2,4,0,0,
491,2017-12-09,25,28-179,NYR,,NJD,W,0,1,1,3,0,0,0,0,0,1,0,0,0,,32,23:03,0,3,0,0,
492,2017-12-11,26,28-181,NYR,,DAL,L-SO,0,0,0,-1,0,0,0,0,0,0,0,0,2,0.0,32,25:01,2,5,0,0,
493,2017-12-13,27,28-183,NYR,@,OTT,L,0,1,1,1,0,0,0,0,0,1,0,0,2,0.0,32,24:20,1,0,0,0,
494,2017-12-15,28,28-185,NYR,,LAK,W,0,1,1,2,0,0,0,0,0,1,0,0,0,,27,22:35,0,3,0,0,
495,2017-12-16,29,28-186,NYR,@,BOS,W,0,1,1,0,0,0,0,0,0,0,1,0,3,0.0,37,26:25,2,5,0,0,
496,2017-12-19,30,28-189,NYR,,ANA,W,0,0,0,1,0,0,0,0,0,0,0,0,3,0.0,30,20:09,1,4,0,0,
497,2017-12-21,31,28-191,NYR,@,NJD,L-SO,0,0,0,1,0,0,0,0,0,0,0,0,1,0.0,35,28:51,1,4,0,0,
498,2017-12-23,32,28-193,NYR,,TOR,L,0,0,0,-1,2,0,0,0,0,0,0,0,1,0.0,31,25:36,1,6,0,0,
499,2017-12-27,33,28-197,NYR,,WSH,W,0,0,0,0,0,0,0,0,0,0,0,0,0,,28,25:28,4,7,0,0,
500,2017-12-29,34,28-199,NYR,@,DET,L-SO,0,0,0,-1,2,0,0,0,0,0,0,0,0,,33,25:44,0,2,0,0,
501,2018-01-01,35,28-202,NYR,@,BUF,W,0,0,0,0,2,0,0,0,0,0,0,0,2,0.0,35,25:15,4,1,0,0,
502,2018-01-03,36,28-204,NYR,,CHI,L,0,0,0,0,0,0,0,0,0,0,0,0,0,,28,24:28,1,1,0,0,
503,2018-01-06,37,28-207,NYR,@,ARI,W,0,0,0,0,0,0,0,0,0,0,0,0,3,0.0,31,24:26,0,3,0,0,
504,2018-01-07,38,28-208,NYR,@,VEG,L,0,0,0,0,2,0,0,0,0,0,0,0,2,0.0,26,25:12,1,3,0,0,
505,2018-01-13,39,28-214,NYR,,NYI,L,0,1,1,0,0,0,0,0,0,1,0,0,0,,27,24:39,1,3,0,0,
506,2018-01-16,40,28-217,NYR,,PHI,W,0,1,1,1,0,0,0,0,0,0,1,0,3,0.0,29,21:01,2,2,0,0,
507,2018-01-18,41,28-219,NYR,,BUF,W,0,1,1,2,0,0,0,0,0,1,0,0,3,0.0,29,22:30,1,2,0,0,
508,2018-01-20,42,28-221,NYR,@,COL,L,0,1,1,0,0,0,0,0,0,0,1,0,1,0.0,30,24:41,1,1,0,0,
509,2018-01-21,43,28-222,NYR,@,LAK,L,0,0,0,-1,0,0,0,0,0,0,0,0,1,0.0,30,24:51,3,1,0,0,
510,2018-01-23,44,28-224,NYR,@,ANA,L,0,0,0,-1,0,0,0,0,0,0,0,0,3,0.0,33,24:49,1,1,0,0,
511,2018-01-25,45,28-226,NYR,@,SJS,W,2,0,2,0,0,1,1,0,0,0,0,0,4,50.0,33,24:26,0,2,0,0,
512,2018-02-01,46,28-233,NYR,,TOR,L,0,0,0,-1,0,0,0,0,0,0,0,0,0,,27,23:23,0,3,0,0,
513,2018-02-03,47,28-235,NYR,@,NSH,L,0,2,2,0,0,0,0,0,0,0,2,0,1,0.0,31,25:33,3,2,0,0,
514,2018-02-05,48,28-237,NYR,@,DAL,L,0,0,0,-1,0,0,0,0,0,0,0,0,3,0.0,33,24:13,0,7,0,0,
515,2018-02-07,49,28-239,NYR,,BOS,L,0,0,0,-2,0,0,0,0,0,0,0,0,0,,26,21:32,0,1,0,0,
516,2018-03-10,50,28-270,TBL,,MTL,W,0,0,0,0,0,0,0,0,0,0,0,0,1,0.0,28,19:15,1,2,0,0,
517,2018-03-13,51,28-273,TBL,,OTT,L,1,0,1,1,0,1,0,0,0,0,0,0,2,50.0,26,21:22,2,2,0,0,
518,2018-03-17,52,28-277,TBL,,BOS,L,0,0,0,0,0,0,0,0,0,0,0,0,3,0.0,24,19:11,2,1,0,0,
519,2018-03-18,53,28-278,TBL,,EDM,W,0,0,0,1,0,0,0,0,0,0,0,0,1,0.0,23,21:23,1,4,0,0,
520,2018-03-20,54,28-280,TBL,,TOR,W,1,0,1,2,0,1,0,0,0,0,0,0,1,100.0,28,22:36,0,6,0,0,
521,2018-03-22,55,28-282,TBL,@,NYI,W,0,1,1,0,0,0,0,0,0,0,0,1,2,0.0,28,21:34,0,3,0,0,
522,2018-03-24,56,28-284,TBL,@,NJD,L,0,0,0,-1,0,0,0,0,0,0,0,0,3,0.0,26,18:51,1,1,0,0,
523,2018-03-26,57,28-286,TBL,,ARI,L,0,0,0,-3,0,0,0,0,0,0,0,0,0,,25,20:36,2,2,0,0,
524,2018-03-29,58,28-289,TBL,@,BOS,L,0,0,0,-1,0,0,0,0,0,0,0,0,1,0.0,29,24:04,5,0,0,0,
525,2018-03-30,59,28-290,TBL,@,NYR,W,0,0,0,0,0,0,0,0,0,0,0,0,2,0.0,28,23:01,2,2,0,0,
526,2018-04-01,60,28-292,TBL,,NSH,L,0,0,0,-1,0,0,0,0,0,0,0,0,1,0.0,25,18:56,1,3,0,0,
527,2018-04-03,61,28-294,TBL,,BOS,W,0,0,0,1,0,0,0,0,0,0,0,0,1,0.0,23,20:43,1,3,0,0,
528,2018-04-06,62,28-297,TBL,,BUF,W,0,0,0,2,0,0,0,0,0,0,0,0,1,0.0,27,22:25,0,3,0,0,
529,2018-04-07,63,28-298,TBL,@,CAR,L-OT,0,0,0,0,0,0,0,0,0,0,0,0,3,0.0,29,23:57,0,2,0,0,
530,2018-10-06,1,29-115,TBL,,FLA,W,0,1,1,1,0,0,0,0,0,0,0,1,5,0.0,30,25:31,1,1,0,0,
531,2018-10-11,2,29-120,TBL,,VAN,L,0,0,0,-2,2,0,0,0,0,0,0,0,0,,25,23:22,1,0,0,0,
532,2018-10-13,3,29-122,TBL,,CBJ,W,0,0,0,0,0,0,0,0,0,0,0,0,1,0.0,24,22:00,2,3,0,0,
533,2018-10-16,4,29-125,TBL,,CAR,W,0,0,0,0,0,0,0,0,0,0,0,0,0,,25,23:45,3,5,0,0,
534,2018-10-18,5,29-127,TBL,,DET,W,0,1,1,1,0,0,0,0,0,1,0,0,2,0.0,25,22:04,2,2,0,0,
535,2018-10-20,6,29-129,TBL,@,MIN,L-OT,0,1,1,1,0,0,0,0,0,1,0,0,3,0.0,25,22:01,0,3,0,0,
536,2018-10-21,7,29-130,TBL,@,CHI,W,0,1,1,1,2,0,0,0,0,1,0,0,4,0.0,24,21:00,0,1,0,0,
537,2018-10-24,8,29-133,TBL,@,COL,W,0,0,0,0,0,0,0,0,0,0,0,0,0,,24,19:40,2,1,0,0,
538,2018-10-26,9,29-135,TBL,@,VEG,W,0,0,0,1,0,0,0,0,0,0,0,0,0,,29,27:00,4,5,0,0,
539,2018-10-27,10,29-136,TBL,@,ARI,L,0,0,0,0,2,0,0,0,0,0,0,0,3,0.0,27,20:36,2,1,0,0,
540,2018-10-30,11,29-139,TBL,,NJD,W,1,2,3,2,0,1,0,0,0,1,1,0,5,20.0,27,21:17,3,3,0,0,
541,2018-11-01,12,29-141,TBL,,NSH,L,0,0,0,-2,0,0,0,0,0,0,0,0,7,0.0,26,21:51,0,1,0,0,
542,2018-11-03,13,29-143,TBL,@,MTL,W,0,0,0,1,0,0,0,0,0,0,0,0,2,0.0,27,25:45,1,4,0,0,
543,2018-11-04,14,29-144,TBL,@,OTT,W,0,3,3,2,0,0,0,0,0,2,1,0,3,0.0,28,26:53,0,2,0,0,
544,2018-11-06,15,29-146,TBL,,EDM,W,0,1,1,2,0,0,0,0,0,1,0,0,1,0.0,25,25:34,0,1,0,0,
545,2018-11-08,16,29-148,TBL,,NYI,W,0,1,1,2,0,0,0,0,0,1,0,0,1,0.0,26,24:44,1,5,0,0,
546,2018-11-10,17,29-150,TBL,,OTT,L,0,0,0,0,0,0,0,0,0,0,0,0,0,,27,23:25,1,1,0,0,
547,2018-11-13,18,29-153,TBL,@,BUF,L,0,0,0,1,0,0,0,0,0,0,0,0,1,0.0,24,22:06,1,3,0,0,
548,2018-11-15,19,29-155,TBL,@,PIT,W,0,0,0,-1,0,0,0,0,0,0,0,0,0,,25,23:32,1,0,0,0,
549,2018-11-17,20,29-157,TBL,@,PHI,W,0,0,0,-1,0,0,0,0,0,0,0,0,1,0.0,28,24:00,1,0,0,0,
550,2018-11-19,21,29-159,TBL,@,NSH,L,0,1,1,0,2,0,0,0,0,1,0,0,2,0.0,26,21:33,1,4,0,0,
551,2018-11-21,22,29-161,TBL,,FLA,W,1,2,3,3,0,1,0,0,0,2,0,0,2,50.0,25,20:30,0,1,0,0,
552,2018-11-23,23,29-163,TBL,,CHI,W,0,1,1,3,0,0,0,0,0,1,0,0,1,0.0,23,20:22,0,4,0,0,
553,2018-11-25,24,29-165,TBL,,NJD,W,0,0,0,1,0,0,0,0,0,0,0,0,2,0.0,25,20:32,2,0,0,0,
554,2018-11-27,25,29-167,TBL,,ANA,L,0,1,1,1,0,0,0,0,0,1,0,0,1,0.0,24,19:33,1,1,0,0,
555,2018-11-29,26,29-169,TBL,,BUF,W,0,0,0,0,0,0,0,0,0,0,0,0,1,0.0,6,4:59,0,0,0,0,
556,2018-12-01,27,29-171,TBL,@,FLA,W,0,0,0,0,0,0,0,0,0,0,0,0,2,0.0,32,23:22,0,4,0,0,
557,2018-12-03,28,29-173,TBL,@,NJD,W,0,2,2,1,2,0,0,0,0,2,0,0,0,,26,18:44,0,0,0,0,
558,2018-12-04,29,29-174,TBL,@,DET,W,0,0,0,0,0,0,0,0,0,0,0,0,2,0.0,27,23:58,0,0,0,0,
559,2018-12-06,30,29-176,TBL,,BOS,W,0,0,0,0,0,0,0,0,0,0,0,0,3,0.0,25,23:54,0,2,0,0,
560,2018-12-08,31,29-178,TBL,,COL,W,0,0,0,0,0,0,0,0,0,0,0,0,0,,23,20:00,1,2,0,0,
561,2018-12-10,32,29-180,TBL,,NYR,W,1,0,1,1,0,1,0,0,0,0,0,0,3,33.3,22,18:33,1,2,0,0,
562,2018-12-13,33,29-183,TBL,,TOR,W,0,0,0,0,0,0,0,0,0,0,0,0,0,,25,22:14,0,3,0,0,
563,2018-12-16,34,29-186,TBL,@,WPG,L-OT,0,0,0,0,0,0,0,0,0,0,0,0,3,0.0,25,21:19,0,0,0,0,
564,2018-12-18,35,29-188,TBL,@,VAN,W,0,0,0,1,0,0,0,0,0,0,0,0,1,0.0,27,23:03,1,4,0,0,
565,2018-12-20,36,29-190,TBL,@,CGY,W,0,1,1,0,0,0,0,0,0,1,0,0,3,0.0,27,24:01,1,0,0,0,
566,2018-12-22,37,29-192,TBL,@,EDM,W,0,0,0,2,2,0,0,0,0,0,0,0,0,,28,23:48,2,3,0,0,
567,2018-12-27,38,29-197,TBL,,PHI,W,0,0,0,-4,0,0,0,0,0,0,0,0,0,,23,20:26,1,1,0,0,
568,2018-12-29,39,29-199,TBL,,MTL,W,0,1,1,1,2,0,0,0,0,1,0,0,0,,26,21:30,1,2,0,0,
569,2018-12-31,40,29-201,TBL,@,ANA,W,0,0,0,1,0,0,0,0,0,0,0,0,2,0.0,22,22:14,3,0,0,0,
570,2019-01-03,41,29-204,TBL,@,LAK,W,1,0,1,0,2,1,0,0,0,0,0,0,1,100.0,22,18:49,1,0,0,0,
571,2019-01-05,42,29-206,TBL,@,SJS,L,0,0,0,-1,0,0,0,0,0,0,0,0,0,,24,21:46,1,0,0,0,
572,2019-01-08,43,29-209,TBL,,CBJ,W,0,0,0,2,0,0,0,0,0,0,0,0,0,,23,20:30,0,1,0,0,
573,2019-01-10,44,29-211,TBL,,CAR,W,0,0,0,0,0,0,0,0,0,0,0,0,1,0.0,23,22:26,2,0,0,0,
574,2019-01-12,45,29-213,TBL,@,BUF,W,0,0,0,-1,0,0,0,0,0,0,0,0,0,,25,21:57,0,1,0,0,
575,2019-01-13,46,29-214,TBL,@,NYI,L,1,0,1,0,0,1,0,0,0,0,0,0,3,33.3,25,22:51,3,0,0,0,
576,2019-01-15,47,29-216,TBL,@,DAL,W,0,0,0,0,0,0,0,0,0,0,0,0,1,0.0,27,23:26,3,5,0,0,
577,2019-01-17,48,29-218,TBL,,TOR,L,0,0,0,0,0,0,0,0,0,0,0,0,1,0.0,27,19:54,2,2,0,0,
578,2019-01-19,49,29-220,TBL,,SJS,W,0,1,1,0,2,0,0,0,0,1,0,0,0,,27,22:21,2,2,0,0,
579,2019-01-30,50,29-231,TBL,@,PIT,L,0,1,1,-1,2,0,0,0,0,1,0,0,2,0.0,26,20:35,2,0,0,0,
580,2019-02-01,51,29-233,TBL,@,NYI,W,0,0,0,0,0,0,0,0,0,0,0,0,3,0.0,28,24:53,2,4,0,0,
581,2019-02-02,52,29-234,TBL,@,NYR,W,0,1,1,1,2,0,0,0,0,1,0,0,3,0.0,28,20:39,0,3,0,0,
582,2019-02-05,53,29-237,TBL,,VEG,L-SO,0,0,0,0,0,0,0,0,0,0,0,0,1,0.0,24,21:53,0,1,0,0,
583,2019-02-07,54,29-239,TBL,,STL,L-OT,0,0,0,-1,2,0,0,0,0,0,0,0,4,0.0,29,22:31,2,1,0,0,
584,2019-02-09,55,29-241,TBL,,PIT,W,0,1,1,3,0,0,0,0,0,0,0,1,1,0.0,27,22:32,0,0,0,0,
585,2019-02-10,56,29-242,TBL,@,FLA,W,0,0,0,-1,0,0,0,0,0,0,0,0,1,0.0,24,21:52,1,2,0,0,
586,2019-02-12,57,29-244,TBL,,CGY,W,0,0,0,2,2,0,0,0,0,0,0,0,0,,23,18:16,0,0,0,0,
587,2019-02-14,58,29-246,TBL,,DAL,W,0,0,0,2,0,0,0,0,0,0,0,0,0,,24,17:39,0,5,0,0,
588,2019-02-16,59,29-248,TBL,,MTL,W,0,0,0,1,0,0,0,0,0,0,0,0,1,0.0,24,19:16,1,0,0,0,
589,2019-02-18,60,29-250,TBL,@,CBJ,W,0,1,1,1,0,0,0,0,0,1,0,0,0,,25,24:51,1,2,0,0,
590,2019-02-19,61,29-251,TBL,@,PHI,W,1,1,2,1,0,1,0,0,0,0,1,0,3,33.3,24,22:03,2,3,0,0,
591,2019-02-21,62,29-253,TBL,,BUF,W,0,0,0,-1,0,0,0,0,0,0,0,0,0,,24,22:28,0,1,0,0,
592,2019-02-25,63,29-257,TBL,,LAK,W,0,0,0,0,0,0,0,0,0,0,0,0,3,0.0,30,25:03,2,2,0,0,
593,2019-02-27,64,29-259,TBL,@,NYR,W,0,0,0,-1,2,0,0,0,0,0,0,0,2,0.0,23,23:17,0,2,0,0,
594,2019-02-28,65,29-260,TBL,@,BOS,L,0,0,0,-1,0,0,0,0,0,0,0,0,2,0.0,22,19:52,2,1,0,0,
595,2019-03-02,66,29-262,TBL,,OTT,W,1,0,1,2,0,1,0,0,1,0,0,0,3,33.3,24,19:52,1,4,0,0,
596,2019-03-05,67,29-265,TBL,,WPG,W,0,0,0,2,0,0,0,0,0,0,0,0,1,0.0,26,21:45,1,3,0,0,
597,2019-03-07,68,29-267,TBL,,MIN,L,0,0,0,0,0,0,0,0,0,0,0,0,2,0.0,23,21:52,0,3,0,0,
598,2019-03-09,69,29-269,TBL,,DET,W,1,0,1,0,0,1,0,0,0,0,0,0,3,33.3,25,23:04,1,2,0,0,
599,2019-03-11,70,29-271,TBL,@,TOR,W,0,2,2,3,0,0,0,0,0,2,0,0,3,0.0,26,19:58,4,1,0,0,
600,2019-03-14,71,29-274,TBL,@,DET,W,0,0,0,0,0,0,0,0,0,0,0,0,0,,26,22:37,3,3,0,0,
601,2019-03-16,72,29-276,TBL,,WSH,W,0,1,1,4,2,0,0,0,0,1,0,0,2,0.0,25,22:54,1,3,0,0,
602,2019-03-18,73,29-278,TBL,,ARI,W,0,1,1,3,0,0,0,0,0,1,0,0,2,0.0,24,23:55,5,4,0,0,
603,2019-03-20,74,29-280,TBL,@,WSH,W,0,0,0,-2,0,0,0,0,0,0,0,0,2,0.0,26,25:20,3,4,0,0,
604,2019-03-21,75,29-281,TBL,@,CAR,W,1,1,2,1,0,1,0,0,0,1,0,0,4,25.0,28,22:47,1,3,0,0,
605,2019-03-23,76,29-283,TBL,@,STL,L,0,1,1,0,4,0,0,0,0,1,0,0,2,0.0,24,20:49,0,4,0,0,
606,2019-03-25,77,29-285,TBL,,BOS,W,0,1,1,0,0,0,0,0,0,1,0,0,2,0.0,24,22:02,1,3,0,0,
607,2019-03-30,78,29-290,TBL,,WSH,L,0,1,1,0,0,0,0,0,0,1,0,0,0,,31,29:13,3,1,0,0,
608,2019-04-01,79,29-292,TBL,@,OTT,W,0,0,0,0,0,0,0,0,0,0,0,0,2,0.0,26,25:09,1,2,0,0,
609,2019-04-02,80,29-293,TBL,@,MTL,L,0,0,0,-2,0,0,0,0,0,0,0,0,0,,26,22:44,1,5,0,0,
610,2019-04-04,81,29-295,TBL,@,TOR,W,0,2,2,1,0,0,0,0,0,1,0,1,0,,25,24:06,2,2,0,0,
611,2019-04-06,82,29-297,TBL,@,BOS,W,0,1,1,1,0,0,0,0,0,1,0,0,0,,21,20:46,0,1,0,0,
612,2019-10-03,1,30-112,TBL,,FLA,W,0,0,0,1,0,0,0,0,0,0,0,0,2,0.0,27,21:39,1,3,0,0,
613,2019-10-05,2,30-114,TBL,@,FLA,L,0,0,0,2,0,0,0,0,0,0,0,0,1,0.0,22,20:31,0,1,0,0,
614,2019-10-06,3,30-115,TBL,@,CAR,L-OT,0,0,0,1,0,0,0,0,0,0,0,0,1,0.0,28,22:37,0,1,0,0,
615,2019-10-10,4,30-119,TBL,@,TOR,W,0,0,0,0,0,0,0,0,0,0,0,0,1,0.0,22,19:55,2,3,0,0,
616,2019-10-12,5,30-121,TBL,@,OTT,L,0,0,0,0,0,0,0,0,0,0,0,0,1,0.0,22,19:52,1,1,0,0,
617,2019-10-15,6,30-124,TBL,@,MTL,W,0,1,1,1,0,0,0,0,0,1,0,0,1,0.0,25,26:36,0,6,0,0,
618,2019-10-17,7,30-126,TBL,@,BOS,W,0,0,0,0,0,0,0,0,0,0,0,0,0,,32,22:57,4,2,0,0,
619,2019-10-19,8,30-128,TBL,,COL,L,0,1,1,-4,0,0,0,0,0,1,0,0,1,0.0,23,20:08,2,1,0,0,
620,2019-10-23,9,30-132,TBL,,PIT,W,0,1,1,-1,0,0,0,0,0,1,0,0,3,0.0,28,20:19,0,0,0,0,
621,2019-10-26,10,30-135,TBL,,NSH,L-OT,0,0,0,0,2,0,0,0,0,0,0,0,0,,29,25:36,1,2,0,0,
622,2019-10-29,11,30-138,TBL,@,NYR,L,0,0,0,0,0,0,0,0,0,0,0,0,1,0.0,25,21:58,1,1,0,0,
623,2019-10-30,12,30-139,TBL,@,NJD,W,0,1,1,1,2,0,0,0,0,1,0,0,0,,30,25:27,0,2,0,0,
624,2019-11-01,13,30-141,TBL,@,NYI,L,1,0,1,-1,0,1,0,0,0,0,0,0,1,100.0,26,22:57,0,2,0,0,
625,2019-11-08,14,30-148,TBL,@,BUF,W,0,0,0,0,0,0,0,0,0,0,0,0,1,0.0,27,19:51,2,3,0,0,
626,2019-11-09,15,30-149,TBL,,BUF,W,0,0,0,-1,0,0,0,0,0,0,0,0,1,0.0,23,24:32,0,4,0,0,
627,2019-11-14,16,30-154,TBL,,NYR,W,0,1,1,0,5,0,0,0,0,1,0,0,0,,18,13:43,0,1,0,0,
628,2019-11-16,17,30-156,TBL,,WPG,L,0,0,0,-1,0,0,0,0,0,0,0,0,0,,24,20:08,0,3,0,0,
629,2019-11-19,18,30-159,TBL,@,STL,L,0,0,0,0,0,0,0,0,0,0,0,0,3,0.0,26,23:41,0,2,0,0,
630,2019-11-21,19,30-161,TBL,@,CHI,W,0,0,0,0,0,0,0,0,0,0,0,0,2,0.0,27,20:24,1,1,0,0,
631,2019-11-23,20,30-163,TBL,,ANA,W,0,0,0,-1,0,0,0,0,0,0,0,0,2,0.0,24,20:42,0,5,0,0,
632,2019-11-25,21,30-165,TBL,,BUF,W,0,2,2,2,0,0,0,0,0,1,0,1,1,0.0,24,22:53,0,3,0,0,
633,2019-11-27,22,30-167,TBL,,STL,L,0,1,1,0,0,0,0,0,0,1,0,0,2,0.0,20,18:42,1,2,0,0,
634,2019-11-29,23,30-169,TBL,@,WSH,L-OT,0,0,0,0,0,0,0,0,0,0,0,0,3,0.0,28,20:14,0,3,0,0,
635,2019-11-30,24,30-170,TBL,,CAR,L,0,0,0,1,0,0,0,0,0,0,0,0,0,,22,16:58,1,2,0,0,
636,2019-12-03,25,30-173,TBL,@,NSH,W,0,0,0,0,0,0,0,0,0,0,0,0,0,,24,21:19,1,1,0,0,
637,2019-12-05,26,30-175,TBL,,MIN,L,0,0,0,0,0,0,0,0,0,0,0,0,1,0.0,21,17:30,1,0,0,0,
638,2019-12-07,27,30-177,TBL,,SJS,W,0,0,0,1,0,0,0,0,0,0,0,0,1,0.0,24,19:53,0,5,0,0,
639,2019-12-09,28,30-179,TBL,,NYI,L,0,0,0,0,0,0,0,0,0,0,0,0,0,,21,19:26,1,3,0,0,
640,2019-12-10,29,30-180,TBL,@,FLA,W,0,0,0,1,0,0,0,0,0,0,0,0,2,0.0,23,19:12,0,2,0,0,
641,2019-12-12,30,30-182,TBL,,BOS,W,0,0,0,0,2,0,0,0,0,0,0,0,0,,24,19:59,1,0,0,0,
642,2019-12-14,31,30-184,TBL,,WSH,L,0,0,0,0,0,0,0,0,0,0,0,0,0,,21,17:10,1,1,0,0,
643,2019-12-17,32,30-187,TBL,,OTT,W,0,0,0,0,0,0,0,0,0,0,0,0,1,0.0,27,25:36,1,1,0,0,
644,2019-12-19,33,30-189,TBL,,DAL,L-OT,0,0,0,0,0,0,0,0,0,0,0,0,1,0.0,27,21:40,0,2,0,0,
645,2019-12-21,34,30-191,TBL,@,WSH,L,0,0,0,-2,0,0,0,0,0,0,0,0,0,,18,18:03,3,3,0,0,
646,2019-12-23,35,30-193,TBL,,FLA,W,0,0,0,1,0,0,0,0,0,0,0,0,1,0.0,26,21:30,0,1,0,0,
647,2019-12-28,36,30-198,TBL,,MTL,W,0,1,1,0,0,0,0,0,0,1,0,0,0,,25,23:09,1,2,0,0,
648,2019-12-29,37,30-199,TBL,,DET,W,0,0,0,0,0,0,0,0,0,0,0,0,1,0.0,25,22:27,0,1,0,0,
649,2019-12-31,38,30-201,TBL,@,BUF,W,0,1,1,1,0,0,0,0,0,1,0,0,0,,24,23:24,0,1,0,0,
650,2020-01-02,39,30-203,TBL,@,MTL,W,0,0,0,0,0,0,0,0,0,0,0,0,4,0.0,25,24:57,0,3,0,0,
651,2020-01-04,40,30-205,TBL,@,OTT,W,0,0,0,0,2,0,0,0,0,0,0,0,1,0.0,7,7:53,0,0,0,0,
652,2020-01-16,41,30-217,TBL,@,MIN,L,0,0,0,-1,0,0,0,0,0,0,0,0,1,0.0,21,18:36,0,1,0,0,
653,2020-01-17,42,30-218,TBL,@,WPG,W,0,1,1,0,0,0,0,0,0,1,0,0,1,0.0,23,19:43,2,3,0,0,
654,2020-01-27,43,30-228,TBL,@,DAL,L-OT,0,0,0,-1,0,0,0,0,0,0,0,0,1,0.0,24,18:27,1,4,0,0,
655,2020-01-29,44,30-230,TBL,@,LAK,W,0,0,0,2,0,0,0,0,0,0,0,0,1,0.0,24,21:42,0,3,0,0,
656,2020-01-31,45,30-232,TBL,@,ANA,W,0,0,0,2,0,0,0,0,0,0,0,0,1,0.0,23,21:14,1,1,0,0,
657,2020-02-01,46,30-233,TBL,@,SJS,W,0,0,0,2,0,0,0,0,0,0,0,0,1,0.0,22,21:21,1,1,0,0,
658,2020-02-04,47,30-236,TBL,,VEG,W,0,0,0,1,4,0,0,0,0,0,0,0,2,0.0,28,25:45,1,0,0,0,
659,2020-02-06,48,30-238,TBL,,PIT,W,0,0,0,0,0,0,0,0,0,0,0,0,0,,13,9:28,0,2,0,0,
660,2020-03-08,49,30-269,TBL,@,DET,L-SO,0,0,0,0,0,0,0,0,0,0,0,0,1,0.0,29,23:42,1,4,0,0,
661,2020-03-10,50,30-271,TBL,@,TOR,L,0,0,0,0,2,0,0,0,0,0,0,0,0,,22,19:50,2,2,0,0,
