,date_game,game_season,age,team_id,game_location,opp_id,game_result,goals,assists,points,plus_minus,pen_min,goals_ev,goals_pp,goals_sh,goals_gw,assists_ev,assists_pp,assists_sh,shots,shot_pct,shifts,time_on_ice,hits_all,blocks_all,faceoff_wins_all,faceoff_losses_all,faceoff_percentage_all
0,2011-11-26,1,20-309,BUF,,WSH,W,0,0,0,0,0,0,0,0,0,,,,2,0.0,20,13:42,6,1,0,0,
1,2011-11-29,2,20-312,BUF,,NYI,L,0,0,0,1,0,0,0,0,0,,,,2,0.0,20,14:26,2,0,0,0,
2,2011-12-02,3,20-315,BUF,,DET,L,0,0,0,0,0,0,0,0,0,,,,1,0.0,24,18:10,2,2,0,0,
3,2011-12-03,4,20-316,BUF,@,NSH,W,0,0,0,-1,0,0,0,0,0,,,,0,,24,20:19,0,2,0,0,
4,2011-12-07,5,20-320,BUF,,PHI,L-OT,0,0,0,-3,0,0,0,0,0,,,,0,,25,17:44,2,0,0,0,
5,2011-12-09,6,20-322,BUF,,FLA,W,0,0,0,1,2,0,0,0,0,,,,2,0.0,22,16:54,3,0,0,0,
6,2011-12-10,7,20-323,BUF,,NYR,L,0,0,0,0,0,0,0,0,0,,,,2,0.0,24,19:40,2,2,0,0,
7,2011-12-13,8,20-326,BUF,,OTT,L-OT,0,0,0,0,0,0,0,0,0,,,,1,0.0,21,16:59,1,2,0,0,
8,2011-12-16,9,20-329,BUF,,TOR,W,0,0,0,0,0,0,0,0,0,,,,1,0.0,8,6:48,1,0,0,0,
9,2011-12-20,10,20-333,BUF,@,OTT,L,0,0,0,-1,0,0,0,0,0,,,,1,0.0,23,17:26,1,1,0,0,
10,2011-12-22,11,20-335,BUF,@,TOR,L,0,0,0,-1,2,0,0,0,0,,,,0,,29,19:27,5,2,0,0,
11,2011-12-26,12,20-339,BUF,,WSH,W,1,0,1,-1,2,0,1,0,0,,,,3,33.3,26,17:57,2,1,0,0,
12,2011-12-28,13,20-341,BUF,@,NJD,L,0,0,0,0,0,0,0,0,0,,,,0,,24,22:08,0,1,0,0,
13,2011-12-30,14,20-343,BUF,@,WSH,L,0,0,0,1,2,0,0,0,0,,,,1,0.0,30,21:29,1,2,0,0,
14,2011-12-31,15,20-344,BUF,,OTT,L-SO,0,1,1,1,2,0,0,0,0,,,,0,,32,21:55,3,1,0,0,
15,2012-01-03,16,20-347,BUF,,EDM,W,0,2,2,0,0,0,0,0,0,,,,0,,21,19:51,1,0,0,0,
16,2012-01-06,17,20-350,BUF,@,CAR,L,0,0,0,1,0,0,0,0,0,,,,0,,29,20:34,1,2,0,0,
17,2012-01-07,18,20-351,BUF,,WPG,L-OT,0,0,0,-1,0,0,0,0,0,,,,1,0.0,32,22:16,3,4,0,0,
18,2012-01-10,19,20-354,BUF,@,TOR,L,0,0,0,-1,0,0,0,0,0,,,,0,,26,18:55,4,1,0,0,
19,2012-01-13,20,20-357,BUF,,TOR,W,0,1,1,2,0,0,0,0,0,,,,1,0.0,23,15:42,2,1,0,0,
20,2012-03-14,21,21-053,BUF,,COL,L-SO,0,0,0,0,0,0,0,0,0,,,,0,,18,13:17,0,0,0,0,
21,2012-03-31,22,21-070,BUF,@,TOR,L,0,0,0,-1,0,0,0,0,0,,,,1,0.0,19,14:32,4,2,0,0,
22,2012-04-03,23,21-073,BUF,,TOR,W,0,1,1,1,5,0,0,0,0,,,,2,0.0,22,14:10,1,1,0,0,
23,2012-04-05,24,21-075,BUF,@,PHI,L,0,0,0,0,0,0,0,0,0,,,,1,0.0,19,16:18,1,1,0,0,
24,2012-04-07,25,21-077,BUF,@,BOS,L-SO,0,2,2,1,0,0,0,0,0,,,,1,0.0,26,25:19,1,1,0,0,
25,2013-11-21,1,22-304,BUF,@,PHI,L,0,0,0,0,0,0,0,0,0,,,,0,,25,18:42,3,4,0,0,
26,2013-11-24,2,22-307,BUF,,DET,L,0,0,0,1,0,0,0,0,0,,,,0,,21,16:35,1,0,0,0,
27,2013-11-27,3,22-310,BUF,,MTL,L,0,0,0,-1,0,0,0,0,0,,,,1,0.0,22,15:07,1,0,0,0,
28,2013-12-10,4,22-323,BUF,,OTT,W,0,0,0,0,0,0,0,0,0,,,,0,,21,15:48,2,1,0,0,
29,2013-12-14,5,22-327,BUF,,CGY,L-OT,0,0,0,0,2,0,0,0,0,,,,2,0.0,19,14:47,4,1,0,0,
30,2014-01-04,6,22-348,BUF,,NJD,W,0,0,0,0,0,0,0,0,0,,,,0,,23,18:36,0,2,0,0,
31,2014-01-09,7,22-353,BUF,,FLA,L-SO,0,0,0,1,0,0,0,0,0,,,,2,0.0,26,18:03,2,1,0,0,
32,2014-01-12,8,22-356,BUF,@,WSH,W,0,0,0,0,0,0,0,0,0,,,,1,0.0,22,18:13,2,0,0,0,
33,2014-01-14,9,22-358,BUF,,PHI,L,0,0,0,1,2,0,0,0,0,,,,1,0.0,22,19:58,4,0,0,0,
34,2014-01-15,10,22-359,BUF,@,TOR,L-SO,0,0,0,1,2,0,0,0,0,,,,0,,25,17:13,3,1,0,0,
35,2014-01-18,11,22-362,BUF,,CBJ,L-SO,0,0,0,-1,0,0,0,0,0,,,,0,,21,17:56,2,0,0,0,
36,2014-01-21,12,23-000,BUF,,FLA,L,0,0,0,-1,0,0,0,0,0,,,,3,0.0,19,15:46,1,2,0,0,
37,2014-10-08,1,23-260,LAK,,SJS,L,0,0,0,-1,0,0,0,0,0,0,0,0,0,,33,23:27,2,2,0,0,
38,2014-10-11,2,23-263,LAK,@,ARI,L-OT,0,0,0,0,2,0,0,0,0,0,0,0,1,0.0,24,17:50,6,1,0,0,
39,2014-10-12,3,23-264,LAK,,WPG,W,0,0,0,1,0,0,0,0,0,0,0,0,1,0.0,26,17:48,0,0,0,0,
40,2014-10-14,4,23-266,LAK,,EDM,W,0,0,0,1,0,0,0,0,0,0,0,0,1,0.0,24,19:00,4,1,0,0,
41,2014-10-16,5,23-268,LAK,,STL,W,0,0,0,0,0,0,0,0,0,0,0,0,0,,18,9:56,2,2,0,0,
42,2014-10-19,6,23-271,LAK,,MIN,W,0,0,0,0,0,0,0,0,0,0,0,0,0,,19,16:04,2,1,0,0,
43,2014-10-23,7,23-275,LAK,,BUF,W,0,0,0,0,7,0,0,0,0,0,0,0,0,,20,15:12,2,0,0,0,
44,2014-10-26,8,23-278,LAK,,CBJ,W,0,1,1,0,0,0,0,0,0,1,0,0,2,0.0,19,13:01,2,0,0,0,
45,2014-10-28,9,23-280,LAK,@,PHI,L-OT,0,0,0,0,0,0,0,0,0,0,0,0,0,,17,10:31,2,1,0,0,
46,2014-10-30,10,23-282,LAK,@,PIT,L,0,0,0,0,0,0,0,0,0,0,0,0,1,0.0,16,8:16,1,0,0,0,
47,2014-10-31,11,23-283,LAK,@,DET,L,0,0,0,0,0,0,0,0,0,0,0,0,0,,20,13:52,5,1,0,0,
48,2014-11-02,12,23-285,LAK,@,CAR,L,0,0,0,0,0,0,0,0,0,0,0,0,0,,18,15:04,4,0,0,0,
49,2014-11-04,13,23-287,LAK,@,DAL,W,0,0,0,0,0,0,0,0,0,0,0,0,0,,11,7:44,3,1,0,0,
50,2014-11-06,14,23-289,LAK,,NYI,L-SO,0,0,0,0,4,0,0,0,0,0,0,0,0,,14,10:00,2,2,0,0,
51,2014-11-08,15,23-291,LAK,,VAN,W,0,0,0,2,0,0,0,0,0,0,0,0,2,0.0,23,17:26,1,1,0,0,
52,2014-11-12,16,23-295,LAK,@,ANA,L-SO,0,1,1,-1,0,0,0,0,0,1,0,0,2,0.0,21,16:12,6,3,0,0,
53,2014-11-13,17,23-296,LAK,,DAL,L,0,0,0,0,4,0,0,0,0,0,0,0,0,,30,21:05,2,2,0,0,
54,2014-11-15,18,23-298,LAK,,ANA,W,0,0,0,-1,0,0,0,0,0,0,0,0,1,0.0,29,23:01,2,1,0,0,
55,2014-11-18,19,23-301,LAK,,FLA,W,0,2,2,1,0,0,0,0,0,1,1,0,0,,26,19:39,3,0,0,0,
56,2014-11-20,20,23-303,LAK,,CAR,W,0,0,0,0,5,0,0,0,0,0,0,0,1,0.0,27,21:31,3,1,0,0,
57,2014-11-22,21,23-305,LAK,@,DAL,L,0,1,1,-3,0,0,0,0,0,0,1,0,3,0.0,27,18:45,0,0,0,0,
58,2014-11-25,22,23-308,LAK,@,NSH,L-SO,0,1,1,1,2,0,0,0,0,1,0,0,0,,28,20:29,3,1,0,0,
59,2014-11-26,23,23-309,LAK,@,MIN,W,0,1,1,1,0,0,0,0,0,1,0,0,1,0.0,26,22:36,2,1,0,0,
60,2014-11-29,24,23-312,LAK,,CHI,L,0,0,0,-1,7,0,0,0,0,0,0,0,3,0.0,25,18:58,3,0,0,0,
61,2014-12-02,25,23-315,LAK,,BOS,W,0,1,1,2,0,0,0,0,0,1,0,0,2,0.0,26,19:06,4,1,0,0,
62,2014-12-04,26,23-317,LAK,@,ARI,W,0,1,1,0,0,0,0,0,0,0,1,0,2,0.0,23,17:37,7,1,0,0,
63,2014-12-06,27,23-319,LAK,,PHI,L,0,0,0,0,2,0,0,0,0,0,0,0,2,0.0,25,14:59,2,0,0,0,
64,2014-12-09,28,23-322,LAK,@,BUF,L,0,0,0,0,0,0,0,0,0,0,0,0,2,0.0,23,15:12,2,0,0,0,
65,2014-12-11,29,23-324,LAK,@,OTT,W,0,0,0,1,0,0,0,0,0,0,0,0,2,0.0,21,14:28,3,0,0,0,
66,2014-12-12,30,23-325,LAK,@,MTL,L,0,0,0,-2,0,0,0,0,0,0,0,0,1,0.0,22,17:30,2,1,0,0,
67,2014-12-14,31,23-327,LAK,@,TOR,L-SO,0,0,0,-1,0,0,0,0,0,0,0,0,1,0.0,20,16:08,1,2,0,0,
68,2014-12-16,32,23-329,LAK,@,STL,L,0,0,0,-1,0,0,0,0,0,0,0,0,0,,21,14:00,2,0,0,0,
69,2014-12-18,33,23-331,LAK,,STL,W,0,0,0,-1,0,0,0,0,0,0,0,0,1,0.0,19,13:49,4,3,0,0,
70,2014-12-20,34,23-333,LAK,,ARI,W,0,0,0,0,0,0,0,0,0,0,0,0,2,0.0,18,14:03,3,0,0,0,
71,2014-12-22,35,23-335,LAK,,CGY,L-OT,0,1,1,0,0,0,0,0,0,1,0,0,0,,19,12:42,4,2,0,0,
72,2014-12-27,36,23-340,LAK,,SJS,W,0,0,0,1,2,0,0,0,0,0,0,0,1,0.0,18,12:43,2,0,0,0,
73,2014-12-30,37,23-343,LAK,@,EDM,L-SO,0,0,0,0,0,0,0,0,0,0,0,0,1,0.0,12,8:52,3,0,0,0,
74,2015-01-10,38,23-354,LAK,,WPG,L-SO,0,0,0,1,0,0,0,0,0,0,0,0,0,,17,12:53,1,0,0,0,
75,2015-01-12,39,23-356,LAK,,TOR,W,0,0,0,1,0,0,0,0,0,0,0,0,0,,27,22:05,7,0,0,0,
76,2015-01-14,40,23-358,LAK,,NJD,L,0,2,2,1,0,0,0,0,0,2,0,0,2,0.0,21,15:10,2,0,0,0,
77,2015-01-17,41,23-361,LAK,,ANA,L-SO,0,0,0,0,0,0,0,0,0,0,0,0,1,0.0,16,11:47,4,0,0,0,
78,2015-01-19,42,23-363,LAK,,CGY,L-OT,0,0,0,1,0,0,0,0,0,0,0,0,1,0.0,23,15:34,1,2,0,0,
79,2015-01-21,43,24-000,LAK,@,SJS,L,0,0,0,0,0,0,0,0,0,0,0,0,3,0.0,17,12:53,2,1,0,0,
80,2015-01-28,44,24-007,LAK,,CHI,W,0,1,1,0,0,0,0,0,0,1,0,0,0,,21,11:23,2,2,0,0,
81,2015-01-31,45,24-010,LAK,@,BOS,L,0,0,0,0,0,0,0,0,0,0,0,0,2,0.0,20,16:03,3,0,0,0,
82,2015-02-03,46,24-013,LAK,@,WSH,L,0,0,0,-1,0,0,0,0,0,0,0,0,1,0.0,21,13:56,1,0,0,0,
83,2015-02-09,47,24-019,LAK,@,CBJ,W,0,2,2,2,0,0,0,0,0,2,0,0,0,,21,13:37,3,0,0,0,
84,2015-02-12,48,24-022,LAK,,CGY,W,0,1,1,1,0,0,0,0,0,1,0,0,0,,24,15:25,1,1,0,0,
85,2015-02-14,49,24-024,LAK,,WSH,W,0,0,0,0,0,0,0,0,0,0,0,0,0,,23,17:20,2,0,0,0,
86,2015-02-16,50,24-026,LAK,,TBL,W,0,1,1,1,0,0,0,0,0,1,0,0,0,,17,15:53,3,1,0,0,
87,2015-02-18,51,24-028,LAK,@,COL,W,0,0,0,-1,0,0,0,0,0,0,0,0,0,,19,12:53,1,0,0,0,
88,2015-02-21,52,24-031,LAK,@,SJS,W,0,0,0,0,0,0,0,0,0,0,0,0,1,0.0,20,13:23,2,1,1,0,100.0
89,2015-02-24,53,24-034,LAK,,DET,W,0,0,0,0,0,0,0,0,0,0,0,0,1,0.0,20,15:34,3,1,0,0,
90,2015-02-26,54,24-036,LAK,,OTT,L,0,0,0,0,2,0,0,0,0,0,0,0,2,0.0,20,15:50,3,0,0,0,
91,2015-02-27,55,24-037,LAK,@,ANA,L,1,0,1,-1,0,1,0,0,0,0,0,0,2,50.0,16,13:13,1,3,0,0,
92,2015-03-01,56,24-039,LAK,@,WPG,L,0,0,0,-1,4,0,0,0,0,0,0,0,1,0.0,24,15:37,2,1,0,0,
93,2015-03-03,57,24-041,LAK,@,EDM,W,0,0,0,2,0,0,0,0,0,0,0,0,1,0.0,22,15:45,4,0,0,0,
94,2015-03-05,58,24-043,LAK,,MTL,W,0,1,1,0,0,0,0,0,0,0,1,0,3,0.0,21,16:35,4,0,0,0,
95,2015-03-07,59,24-045,LAK,,PIT,L-OT,0,0,0,0,2,0,0,0,0,0,0,0,2,0.0,20,15:51,0,0,0,0,
96,2015-03-10,60,24-048,LAK,@,COL,W,0,2,2,2,0,0,0,0,0,1,1,0,1,0.0,22,16:56,1,1,0,0,
97,2015-03-12,61,24-050,LAK,@,VAN,W,0,1,1,1,2,0,0,0,0,1,0,0,1,0.0,25,15:31,1,0,0,0,
98,2015-03-14,62,24-052,LAK,,NSH,L,0,0,0,0,0,0,0,0,0,0,0,0,2,0.0,23,17:43,3,1,0,0,
99,2015-03-16,63,24-054,LAK,,ARI,W,0,1,1,1,0,0,0,0,0,1,0,0,1,0.0,23,18:10,3,0,0,0,
100,2015-03-18,64,24-056,LAK,@,ANA,L-OT,0,0,0,0,0,0,0,0,0,0,0,0,1,0.0,24,18:40,4,0,0,0,
101,2015-03-21,65,24-059,LAK,,VAN,L,0,0,0,-1,0,0,0,0,0,0,0,0,1,0.0,25,18:07,0,4,0,0,
102,2015-04-02,66,24-071,LAK,,EDM,W,0,0,0,2,2,0,0,0,0,0,0,0,1,0.0,24,17:33,1,1,0,0,
103,2015-04-04,67,24-073,LAK,,COL,W,0,0,0,0,0,0,0,0,0,0,0,0,2,0.0,21,17:00,2,1,0,0,
104,2015-04-06,68,24-075,LAK,@,VAN,L-SO,0,0,0,1,0,0,0,0,0,0,0,0,3,0.0,27,16:35,0,1,0,0,
105,2015-04-07,69,24-076,LAK,@,EDM,L,0,0,0,-1,5,0,0,0,0,0,0,0,0,,20,13:42,2,0,0,0,
106,2015-04-09,70,24-078,LAK,@,CGY,L,0,0,0,-1,0,0,0,0,0,0,0,0,0,,27,21:04,1,1,0,0,
107,2015-04-11,71,24-080,LAK,,SJS,W,1,0,1,2,0,1,0,0,1,0,0,0,2,50.0,24,20:33,4,1,0,0,
108,2015-10-09,1,24-261,LAK,,ARI,L,0,0,0,-1,0,0,0,0,0,0,0,0,2,0.0,27,18:43,5,1,0,0,
109,2015-10-13,2,24-265,LAK,,VAN,L,0,0,0,0,2,0,0,0,0,0,0,0,1,0.0,27,19:39,1,1,0,0,
110,2015-10-16,3,24-268,LAK,,MIN,W,0,0,0,0,0,0,0,0,0,0,0,0,1,0.0,26,19:57,3,5,0,0,
111,2015-10-18,4,24-270,LAK,,COL,W,0,1,1,1,0,0,0,0,0,1,0,0,1,0.0,33,24:01,3,2,0,0,
112,2015-10-22,5,24-274,LAK,@,SJS,W,0,0,0,-1,2,0,0,0,0,0,0,0,0,,33,21:29,2,0,0,0,
113,2015-10-23,6,24-275,LAK,,CAR,W,0,1,1,1,0,0,0,0,0,1,0,0,1,0.0,30,22:36,0,1,0,0,
114,2015-10-25,7,24-277,LAK,@,EDM,W,0,0,0,1,2,0,0,0,0,0,0,0,1,0.0,28,21:55,2,2,0,0,
115,2015-10-27,8,24-279,LAK,@,WPG,W,0,0,0,1,0,0,0,0,0,0,0,0,1,0.0,31,23:15,2,1,0,0,
116,2015-10-31,9,24-283,LAK,,NSH,W,0,0,0,1,2,0,0,0,0,0,0,0,1,0.0,30,22:41,2,1,0,0,
117,2015-11-02,10,24-285,LAK,@,CHI,L,0,0,0,0,2,0,0,0,0,0,0,0,0,,27,22:44,5,2,0,0,
118,2015-11-03,11,24-286,LAK,@,STL,W,0,1,1,1,0,0,0,0,0,1,0,0,2,0.0,28,22:59,3,2,0,0,
119,2015-11-05,12,24-288,LAK,,CBJ,L,0,0,0,-1,0,0,0,0,0,0,0,0,2,0.0,28,18:50,3,1,0,0,
120,2015-11-07,13,24-290,LAK,,FLA,W,0,0,0,1,0,0,0,0,0,0,0,0,1,0.0,28,23:07,1,0,0,0,
121,2015-11-10,14,24-293,LAK,,ARI,L,0,0,0,-1,0,0,0,0,0,0,0,0,3,0.0,21,16:06,1,2,0,0,
122,2015-11-12,15,24-295,LAK,,NYI,W,0,0,0,0,2,0,0,0,0,0,0,0,0,,31,20:44,4,1,0,0,
123,2015-11-14,16,24-297,LAK,,EDM,W,0,0,0,-1,0,0,0,0,0,0,0,0,0,,30,22:55,3,0,0,0,
124,2015-11-17,17,24-300,LAK,@,PHI,W,0,0,0,0,0,0,0,0,0,0,0,0,5,0.0,30,23:23,4,1,0,0,
125,2015-11-20,18,24-303,LAK,@,DET,L,0,0,0,0,0,0,0,0,0,0,0,0,4,0.0,26,20:52,0,0,0,0,
126,2015-11-22,19,24-305,LAK,@,CAR,L,0,0,0,0,0,0,0,0,0,0,0,0,2,0.0,24,17:38,1,0,0,0,
127,2015-11-23,20,24-306,LAK,@,FLA,W,0,0,0,2,2,0,0,0,0,0,0,0,1,0.0,30,21:12,4,2,0,0,
128,2015-11-25,21,24-308,LAK,@,TBL,L-SO,0,0,0,0,2,0,0,0,0,0,0,0,2,0.0,31,21:13,1,1,0,0,
129,2015-11-28,22,24-311,LAK,,CHI,W,0,0,0,0,0,0,0,0,0,0,0,0,1,0.0,26,21:45,3,0,0,0,
130,2015-12-01,23,24-314,LAK,,VAN,W,0,0,0,0,0,0,0,0,0,0,0,0,2,0.0,30,22:27,2,0,0,0,
131,2015-12-05,24,24-318,LAK,,PIT,W,0,0,0,-1,0,0,0,0,0,0,0,0,0,,28,23:51,4,0,0,0,
132,2015-12-06,25,24-319,LAK,,TBL,W,1,1,2,3,0,1,0,0,1,1,0,0,3,33.3,29,22:56,2,2,0,0,
133,2015-12-08,26,24-321,LAK,@,CBJ,W,0,0,0,0,0,0,0,0,0,0,0,0,0,,23,17:01,5,2,0,0,
134,2015-12-11,27,24-324,LAK,@,PIT,W,0,0,0,0,4,0,0,0,0,0,0,0,2,0.0,32,20:03,5,0,0,0,
135,2015-12-12,28,24-325,LAK,@,BUF,L-OT,0,0,0,0,0,0,0,0,0,0,0,0,1,0.0,30,23:37,4,3,0,0,
136,2015-12-14,29,24-327,LAK,@,OTT,L,0,0,0,-2,0,0,0,0,0,0,0,0,2,0.0,24,16:11,4,2,0,0,
137,2015-12-17,30,24-330,LAK,@,MTL,W,0,0,0,0,0,0,0,0,0,0,0,0,1,0.0,29,20:06,2,3,0,0,
138,2015-12-19,31,24-332,LAK,@,TOR,L,0,0,0,-2,0,0,0,0,0,0,0,0,1,0.0,28,22:55,7,2,0,0,
139,2015-12-22,32,24-335,LAK,,SJS,L,0,0,0,0,2,0,0,0,0,0,0,0,0,,32,22:08,2,0,0,0,
140,2015-12-26,33,24-339,LAK,@,ARI,W,0,0,0,1,0,0,0,0,0,0,0,0,2,0.0,28,19:41,0,6,0,0,
141,2015-12-28,34,24-341,LAK,@,VAN,W,1,0,1,2,7,1,0,0,0,0,0,0,2,50.0,30,19:29,2,1,0,0,
142,2015-12-29,35,24-342,LAK,@,EDM,W,0,0,0,2,4,0,0,0,0,0,0,0,1,0.0,32,21:30,1,4,0,0,
143,2015-12-31,36,24-344,LAK,@,CGY,W,0,0,0,2,0,0,0,0,0,0,0,0,0,,36,24:24,2,2,0,0,
144,2016-01-02,37,24-346,LAK,,PHI,W,0,0,0,0,0,0,0,0,0,0,0,0,0,,28,20:28,0,1,0,0,
145,2016-01-04,38,24-348,LAK,@,COL,L,0,0,0,0,0,0,0,0,0,0,0,0,1,0.0,32,22:14,1,1,0,0,
146,2016-01-07,39,24-351,LAK,,TOR,W,0,0,0,1,0,0,0,0,0,0,0,0,2,0.0,28,20:29,0,2,0,0,
147,2016-01-09,40,24-353,LAK,,STL,L-SO,0,0,0,0,17,0,0,0,0,0,0,0,0,,21,15:22,3,1,0,0,
148,2016-01-11,41,24-355,LAK,,DET,W,0,0,0,-1,0,0,0,0,0,0,0,0,0,,22,16:58,1,2,0,0,
149,2016-01-16,42,24-360,LAK,,OTT,L,0,0,0,0,2,0,0,0,0,0,0,0,5,0.0,23,16:29,3,1,0,0,
150,2016-01-17,43,24-361,LAK,@,ANA,W,0,1,1,1,5,0,0,0,0,1,0,0,0,,23,17:18,4,1,0,0,
151,2016-01-19,44,24-363,LAK,,DAL,W,0,0,0,-1,0,0,0,0,0,0,0,0,2,0.0,23,17:36,5,1,0,0,
152,2016-01-21,45,25-000,LAK,,MIN,L,0,0,0,0,0,0,0,0,0,0,0,0,0,,28,19:42,4,0,0,0,
153,2016-01-23,46,25-002,LAK,@,ARI,L,0,0,0,-1,0,0,0,0,0,0,0,0,0,,25,17:42,0,1,0,0,
154,2016-01-24,47,25-003,LAK,@,SJS,W,0,0,0,0,4,0,0,0,0,0,0,0,0,,25,16:32,1,1,0,0,
155,2016-01-27,48,25-006,LAK,,COL,L,0,0,0,-2,0,0,0,0,0,0,0,0,1,0.0,19,15:04,1,1,0,0,
156,2016-02-02,49,25-012,LAK,@,ARI,W,0,0,0,0,0,0,0,0,0,0,0,0,1,0.0,29,19:12,3,3,0,0,
157,2016-02-04,50,25-014,LAK,,ANA,L,0,0,0,-2,0,0,0,0,0,0,0,0,1,0.0,24,18:12,3,2,0,0,
158,2016-02-09,51,25-019,LAK,@,BOS,W,0,0,0,3,0,0,0,0,0,0,0,0,0,,26,18:56,4,0,0,0,
159,2016-02-11,52,25-021,LAK,@,NYI,L,0,0,0,2,2,0,0,0,0,0,0,0,2,0.0,28,18:22,3,0,0,0,
160,2016-02-12,53,25-022,LAK,@,NYR,W,0,0,0,-1,0,0,0,0,0,0,0,0,0,,25,21:14,4,2,0,0,
161,2016-02-14,54,25-024,LAK,@,NJD,L,0,0,0,0,0,0,0,0,0,0,0,0,0,,25,20:40,3,2,0,0,
162,2016-02-16,55,25-026,LAK,@,WSH,L,0,0,0,-2,2,0,0,0,0,0,0,0,0,,21,12:14,1,0,0,0,
163,2016-02-18,56,25-028,LAK,@,STL,L-OT,0,0,0,0,0,0,0,0,0,0,0,0,1,0.0,15,10:07,3,2,0,0,
164,2016-02-20,57,25-030,LAK,@,NSH,W,0,0,0,0,2,0,0,0,0,0,0,0,0,,20,10:56,1,0,0,0,
165,2016-02-23,58,25-033,LAK,,CGY,W,0,0,0,0,0,0,0,0,0,0,0,0,1,0.0,21,13:06,1,0,0,0,
166,2016-02-25,59,25-035,LAK,,EDM,W,0,0,0,1,0,0,0,0,0,0,0,0,1,0.0,23,14:26,0,3,0,0,
167,2016-02-27,60,25-037,LAK,,BUF,W,0,0,0,0,0,0,0,0,0,0,0,0,2,0.0,22,16:02,1,0,0,0,
168,2016-02-28,61,25-038,LAK,@,ANA,L,0,0,0,0,0,0,0,0,0,0,0,0,2,0.0,16,14:00,1,0,0,0,
169,2016-03-03,62,25-042,LAK,,MTL,W,0,0,0,0,0,0,0,0,0,0,0,0,1,0.0,22,16:51,4,2,0,0,
170,2016-03-05,63,25-044,LAK,,ANA,L,0,0,0,-1,0,0,0,0,0,0,0,0,3,0.0,24,16:19,1,0,0,0,
171,2016-03-07,64,25-046,LAK,,VAN,W,0,0,0,0,9,0,0,0,0,0,0,0,1,0.0,20,12:55,2,1,0,0,
172,2016-03-09,65,25-048,LAK,,WSH,W,0,1,1,1,0,0,0,0,0,1,0,0,0,,19,12:56,3,0,0,0,
173,2016-03-12,66,25-051,LAK,,NJD,L-OT,0,0,0,0,0,0,0,0,0,0,0,0,1,0.0,16,13:48,2,0,0,0,
174,2016-03-14,67,25-053,LAK,@,CHI,W,0,1,1,3,4,0,0,0,0,1,0,0,1,0.0,23,14:30,7,0,0,0,
175,2016-03-15,68,25-054,LAK,@,DAL,W,0,0,0,-1,2,0,0,0,0,0,0,0,0,,19,13:24,4,0,0,0,
176,2016-03-17,69,25-056,LAK,,NYR,W,0,0,0,-1,2,0,0,0,0,0,0,0,0,,18,12:02,3,1,0,0,
177,2016-03-19,70,25-058,LAK,,BOS,W,0,0,0,1,0,0,0,0,0,0,0,0,0,,17,11:22,1,2,0,0,
178,2016-03-21,71,25-060,LAK,@,NSH,L,0,0,0,0,0,0,0,0,0,0,0,0,0,,18,11:40,3,0,0,0,
179,2016-03-22,72,25-061,LAK,@,MIN,L,0,0,0,1,2,0,0,0,0,0,0,0,1,0.0,30,20:50,1,1,0,0,
180,2016-03-24,73,25-063,LAK,@,WPG,L,0,0,0,-1,0,0,0,0,0,0,0,0,2,0.0,28,20:30,4,1,0,0,
181,2016-03-26,74,25-065,LAK,,EDM,W,0,2,2,1,2,0,0,0,0,1,0,1,1,0.0,27,20:12,1,0,0,0,
182,2016-03-28,75,25-067,LAK,@,SJS,L,0,1,1,0,2,0,0,0,0,0,1,0,3,0.0,32,21:46,4,2,0,0,
183,2016-03-31,76,25-070,LAK,,CGY,W,0,1,1,1,0,0,0,0,0,1,0,0,1,0.0,25,18:01,4,0,0,0,
184,2016-04-02,77,25-072,LAK,,DAL,L,0,0,0,0,0,0,0,0,0,0,0,0,2,0.0,23,18:00,1,2,0,0,
185,2016-04-04,78,25-074,LAK,@,VAN,L,0,0,0,0,2,0,0,0,0,0,0,0,1,0.0,30,19:16,3,0,0,0,
186,2016-04-05,79,25-075,LAK,@,CGY,W,0,0,0,0,0,0,0,0,0,0,0,0,0,,32,22:06,4,1,0,0,
187,2016-04-07,80,25-077,LAK,,ANA,W,0,1,1,2,0,0,0,0,0,1,0,0,1,0.0,29,20:10,5,2,0,0,
188,2016-04-09,81,25-079,LAK,,WPG,L-SO,0,0,0,-2,0,0,0,0,0,0,0,0,1,0.0,31,19:59,3,0,0,0,
189,2016-10-12,1,25-265,LAK,@,SJS,L,0,0,0,0,0,0,0,0,0,0,0,0,1,0.0,25,18:58,2,1,0,0,
190,2016-10-14,2,25-267,LAK,,PHI,L,1,0,1,0,0,1,0,0,0,0,0,0,1,100.0,28,20:36,1,1,0,0,
191,2016-10-18,3,25-271,LAK,@,MIN,L,0,0,0,0,0,0,0,0,0,0,0,0,0,,27,19:02,0,1,0,0,
192,2016-10-20,4,25-273,LAK,@,DAL,W,0,0,0,1,7,0,0,0,0,0,0,0,0,,30,18:49,1,0,0,0,
193,2016-10-22,5,25-275,LAK,,VAN,W,1,0,1,1,4,1,0,0,0,0,0,0,2,50.0,32,22:52,4,1,0,0,
194,2016-10-25,6,25-278,LAK,,CBJ,W,0,0,0,1,0,0,0,0,0,0,0,0,0,,27,23:07,2,1,0,0,
195,2016-10-27,7,25-280,LAK,,NSH,W,0,0,0,0,0,0,0,0,0,0,0,0,1,0.0,32,24:35,2,1,0,0,
196,2016-10-29,8,25-282,LAK,@,STL,L,0,0,0,0,0,0,0,0,0,0,0,0,1,0.0,18,13:56,1,2,0,0,
197,2016-12-29,9,25-343,LAK,@,EDM,L,0,0,0,0,0,0,0,0,0,0,0,0,2,0.0,22,17:02,2,1,0,0,
198,2016-12-31,10,25-345,LAK,,SJS,W,0,0,0,-1,0,0,0,0,0,0,0,0,0,,16,11:54,2,0,0,0,
199,2017-01-03,11,25-348,LAK,@,SJS,W,0,0,0,0,2,0,0,0,0,0,0,0,0,,17,9:34,5,1,0,0,
200,2017-01-05,12,25-350,LAK,,DET,L,0,0,0,-1,0,0,0,0,0,0,0,0,6,0.0,25,17:30,3,3,0,0,
201,2017-01-07,13,25-352,LAK,,MIN,W,0,0,0,0,0,0,0,0,0,0,0,0,1,0.0,17,11:54,1,0,0,0,
202,2017-01-09,14,25-354,LAK,,DAL,L,0,0,0,0,0,0,0,0,0,0,0,0,1,0.0,26,16:40,2,2,0,0,
203,2017-01-12,15,25-357,LAK,,STL,W,0,0,0,0,0,0,0,0,0,0,0,0,1,0.0,15,11:56,2,1,0,0,
204,2017-01-14,16,25-359,LAK,,WPG,W,0,0,0,0,0,0,0,0,0,0,0,0,0,,20,15:42,2,2,0,0,
205,2017-01-18,17,25-363,LAK,,SJS,L,0,0,0,0,0,0,0,0,0,0,0,0,0,,19,10:24,2,0,0,0,
206,2017-01-23,18,26-002,LAK,@,NYR,L,0,0,0,-1,5,0,0,0,0,0,0,0,1,0.0,23,17:22,4,3,0,0,
207,2017-01-24,19,26-003,LAK,@,NJD,W,0,0,0,0,0,0,0,0,0,0,0,0,0,,21,14:19,0,0,0,0,
208,2017-01-26,20,26-005,LAK,@,CAR,W,0,1,1,2,0,0,0,0,0,1,0,0,0,,20,14:12,6,1,0,0,
209,2017-01-31,21,26-010,LAK,@,ARI,W,0,0,0,-1,0,0,0,0,0,0,0,0,0,,18,12:38,4,2,0,0,
210,2017-02-01,22,26-011,LAK,,COL,W,0,0,0,1,5,0,0,0,0,0,0,0,2,0.0,22,15:16,2,0,0,0,
211,2017-02-04,23,26-014,LAK,@,PHI,W,0,0,0,0,2,0,0,0,0,0,0,0,2,0.0,21,14:22,3,3,0,0,
212,2017-02-05,24,26-015,LAK,@,WSH,L,0,0,0,-1,0,0,0,0,0,0,0,0,2,0.0,17,12:20,3,2,0,0,
213,2017-02-07,25,26-017,LAK,@,TBL,L,0,0,0,0,0,0,0,0,0,0,0,0,0,,21,16:51,0,2,0,0,
214,2017-02-09,26,26-019,LAK,@,FLA,W,0,1,1,5,0,0,0,0,0,1,0,0,3,0.0,25,16:38,3,1,0,0,
215,2017-02-16,27,26-026,LAK,,ARI,L,0,0,0,1,2,0,0,0,0,0,0,0,1,0.0,22,13:15,0,0,0,0,
216,2017-02-18,28,26-028,LAK,,FLA,L,0,0,0,0,0,0,0,0,0,0,0,0,0,,21,13:08,1,2,0,0,
217,2017-02-19,29,26-029,LAK,@,ANA,L,0,0,0,-1,0,0,0,0,0,0,0,0,2,0.0,22,15:04,1,3,0,0,
218,2017-02-21,30,26-031,LAK,@,COL,W,0,0,0,0,0,0,0,0,0,0,0,0,0,,19,14:14,3,0,0,0,
219,2017-02-23,31,26-033,LAK,,BOS,L,0,0,0,0,2,0,0,0,0,0,0,0,2,0.0,20,13:57,3,0,0,0,
220,2017-02-25,32,26-035,LAK,,ANA,W,0,0,0,0,7,0,0,0,0,0,0,0,0,,22,12:58,2,1,0,0,
221,2017-02-27,33,26-037,LAK,@,MIN,L-OT,0,0,0,-1,0,0,0,0,0,0,0,0,1,0.0,28,15:58,2,1,0,0,
222,2017-02-28,34,26-038,LAK,@,CGY,L-OT,0,0,0,0,5,0,0,0,0,0,0,0,1,0.0,24,14:29,2,1,0,0,
223,2017-03-02,35,26-040,LAK,,TOR,W,0,0,0,1,2,0,0,0,0,0,0,0,0,,21,14:42,3,2,0,0,
224,2017-03-04,36,26-042,LAK,,VAN,L,0,0,0,-1,0,0,0,0,0,0,0,0,0,,16,9:23,4,0,0,0,
225,2017-03-09,37,26-047,LAK,,NSH,W,0,0,0,-1,0,0,0,0,0,0,0,0,0,,24,15:27,4,2,0,0,
226,2017-03-13,38,26-051,LAK,,STL,L,0,0,0,0,0,0,0,0,0,0,0,0,2,0.0,19,13:14,2,1,0,0,
227,2017-03-20,39,26-058,LAK,@,EDM,L,0,0,0,0,2,0,0,0,0,0,0,0,1,0.0,21,13:25,1,1,0,0,
228,2017-03-23,40,26-061,LAK,,WPG,W,0,0,0,0,0,0,0,0,0,0,0,0,2,0.0,23,17:01,2,0,0,0,
229,2017-03-25,41,26-063,LAK,,NYR,L,0,0,0,-1,0,0,0,0,0,0,0,0,0,,19,13:20,5,1,0,0,
230,2017-03-28,42,26-066,LAK,@,EDM,L,0,0,0,-1,2,0,0,0,0,0,0,0,0,,20,13:51,2,2,0,0,
231,2017-03-29,43,26-067,LAK,@,CGY,W,0,0,0,0,7,0,0,0,0,0,0,0,2,0.0,22,13:15,1,1,0,0,
232,2017-03-31,44,26-069,LAK,@,VAN,W,0,0,0,0,0,0,0,0,0,0,0,0,1,0.0,22,13:46,3,1,0,0,
233,2017-04-02,45,26-071,LAK,,ARI,L,0,0,0,0,0,0,0,0,0,0,0,0,1,0.0,16,12:08,3,0,0,0,
234,2017-04-04,46,26-073,LAK,,EDM,W,0,0,0,2,0,0,0,0,0,0,0,0,0,,14,12:31,0,1,0,0,
235,2017-04-06,47,26-075,LAK,,CGY,L,0,0,0,-2,0,0,0,0,0,0,0,0,1,0.0,19,16:18,2,1,0,0,
236,2017-04-08,48,26-077,LAK,,CHI,W,0,0,0,0,0,0,0,0,0,0,0,0,2,0.0,20,15:36,4,0,0,0,
237,2017-04-09,49,26-078,LAK,@,ANA,L-OT,0,0,0,-1,0,0,0,0,0,0,0,0,1,0.0,18,12:43,1,1,0,0,
238,2017-10-06,1,26-258,VEG,@,DAL,W,0,0,0,0,0,0,0,0,0,0,0,0,2,0.0,23,16:25,3,1,0,0,
239,2017-10-07,2,26-259,VEG,@,ARI,W,0,0,0,0,2,0,0,0,0,0,0,0,1,0.0,24,16:31,1,1,0,0,
240,2017-10-10,3,26-262,VEG,,ARI,W,0,1,1,3,0,0,0,0,0,1,0,0,0,,24,18:52,2,2,0,0,
241,2017-10-13,4,26-265,VEG,,DET,L,0,0,0,-2,0,0,0,0,0,0,0,0,0,,22,20:03,2,3,0,0,
242,2017-10-21,5,26-273,VEG,,STL,W,0,0,0,0,0,0,0,0,0,0,0,0,0,,26,21:48,1,2,0,0,
243,2017-10-24,6,26-276,VEG,,CHI,W,0,1,1,1,0,0,0,0,0,1,0,0,1,0.0,27,20:18,3,1,0,0,
244,2017-10-27,7,26-279,VEG,,COL,W,0,0,0,3,7,0,0,0,0,0,0,0,0,,24,17:52,2,1,0,0,
245,2017-10-30,8,26-282,VEG,@,NYI,L,0,0,0,-1,0,0,0,0,0,0,0,0,1,0.0,23,16:40,0,6,0,0,
246,2017-11-02,9,26-285,VEG,@,BOS,L,0,0,0,-1,0,0,0,0,0,0,0,0,0,,22,18:02,5,4,0,0,
247,2017-11-04,10,26-287,VEG,@,OTT,W,0,0,0,-2,0,0,0,0,0,0,0,0,2,0.0,24,20:43,2,6,0,0,
248,2017-11-06,11,26-289,VEG,@,TOR,L-SO,0,0,0,1,2,0,0,0,0,0,0,0,2,0.0,31,21:50,3,1,0,0,
249,2017-11-07,12,26-290,VEG,@,MTL,L,0,0,0,0,0,0,0,0,0,0,0,0,0,,23,16:22,2,2,0,0,
250,2017-11-10,13,26-293,VEG,,WPG,W,0,0,0,2,2,0,0,0,0,0,0,0,4,0.0,28,20:48,4,4,0,0,
251,2017-11-14,14,26-297,VEG,@,EDM,L,0,0,0,1,0,0,0,0,0,0,0,0,1,0.0,24,19:10,4,2,0,0,
252,2017-11-16,15,26-299,VEG,@,VAN,W,0,0,0,1,0,0,0,0,0,0,0,0,2,0.0,35,22:29,4,5,0,0,
253,2017-11-19,16,26-302,VEG,,LAK,W,0,0,0,2,0,0,0,0,0,0,0,0,1,0.0,26,19:48,4,0,0,0,
254,2017-11-22,17,26-305,VEG,@,ANA,W,0,0,0,1,2,0,0,0,0,0,0,0,1,0.0,29,23:09,4,2,0,0,
255,2017-11-24,18,26-307,VEG,,SJS,W,0,0,0,1,0,0,0,0,0,0,0,0,2,0.0,28,20:46,5,5,0,0,
256,2017-11-25,19,26-308,VEG,@,ARI,W,0,0,0,0,4,0,0,0,0,0,0,0,0,,27,20:01,2,2,0,0,
257,2017-11-28,20,26-311,VEG,,DAL,L,0,0,0,0,0,0,0,0,0,0,0,0,2,0.0,24,18:29,3,2,0,0,
258,2017-11-30,21,26-313,VEG,@,MIN,L,1,0,1,1,0,1,0,0,0,0,0,0,3,33.3,22,19:22,0,1,0,0,
259,2017-12-01,22,26-314,VEG,@,WPG,L,0,1,1,0,2,0,0,0,0,1,0,0,1,0.0,26,19:39,0,1,0,0,
260,2017-12-03,23,26-316,VEG,,ARI,W,0,0,0,0,0,0,0,0,0,0,0,0,3,0.0,27,20:18,3,1,0,0,
261,2017-12-05,24,26-318,VEG,,ANA,W,0,0,0,1,0,0,0,0,0,0,0,0,2,0.0,25,24:29,2,4,0,0,
262,2017-12-08,25,26-321,VEG,@,NSH,W,0,0,0,-1,2,0,0,0,0,0,0,0,1,0.0,24,17:18,3,2,0,0,
263,2017-12-09,26,26-322,VEG,@,DAL,W,1,0,1,0,2,1,0,0,1,0,0,0,2,50.0,32,23:49,5,1,0,0,
264,2017-12-12,27,26-325,VEG,,CAR,L-SO,0,1,1,-1,0,0,0,0,0,1,0,0,3,0.0,31,22:28,2,0,0,0,
265,2017-12-14,28,26-327,VEG,,PIT,W,0,0,0,0,0,0,0,0,0,0,0,0,0,,29,22:50,5,5,0,0,
266,2017-12-17,29,26-330,VEG,,FLA,W,0,1,1,2,0,0,0,0,0,1,0,0,0,,26,20:54,3,3,0,0,
267,2017-12-19,30,26-332,VEG,,TBL,W,0,0,0,0,2,0,0,0,0,0,0,0,1,0.0,25,20:07,6,2,0,0,
268,2017-12-23,31,26-336,VEG,,WSH,W,0,0,0,1,2,0,0,0,0,0,0,0,2,0.0,26,20:25,1,3,0,0,
269,2017-12-27,32,26-340,VEG,@,ANA,W,0,0,0,0,0,0,0,0,0,0,0,0,1,0.0,28,23:46,8,6,0,0,
270,2017-12-28,33,26-341,VEG,@,LAK,W,0,0,0,1,0,0,0,0,0,0,0,0,1,0.0,23,19:15,2,4,0,0,
271,2017-12-31,34,26-344,VEG,,TOR,W,0,1,1,0,2,0,0,0,0,1,0,0,1,0.0,28,21:59,4,4,0,0,
272,2018-01-02,35,26-346,VEG,,NSH,W,0,0,0,1,0,0,0,0,0,0,0,0,3,0.0,24,23:00,4,2,0,0,
273,2018-01-04,36,26-348,VEG,@,STL,L,0,0,0,1,0,0,0,0,0,0,0,0,0,,24,17:56,1,3,0,0,
274,2018-01-05,37,26-349,VEG,@,CHI,W,0,0,0,0,0,0,0,0,0,0,0,0,1,0.0,28,20:23,5,0,0,0,
275,2018-01-07,38,26-351,VEG,,NYR,W,0,0,0,0,0,0,0,0,0,0,0,0,1,0.0,25,20:46,3,2,0,0,
276,2018-01-13,39,26-357,VEG,,EDM,L-OT,0,0,0,-1,7,0,0,0,0,0,0,0,2,0.0,23,16:24,3,0,0,0,
277,2018-01-16,40,26-360,VEG,@,NSH,L,0,0,0,-1,2,0,0,0,0,0,0,0,0,,25,18:40,4,3,0,0,
278,2018-01-18,41,26-362,VEG,@,TBL,W,0,1,1,1,0,0,0,0,0,1,0,0,2,0.0,27,22:11,3,3,0,0,
279,2018-01-19,42,26-363,VEG,@,FLA,L-OT,0,0,0,-1,0,0,0,0,0,0,0,0,1,0.0,26,19:19,3,2,0,0,
280,2018-01-21,43,27-000,VEG,@,CAR,W,0,1,1,1,0,0,0,0,0,1,0,0,0,,23,20:24,1,4,0,0,
281,2018-01-23,44,27-002,VEG,,CBJ,W,0,0,0,-1,0,0,0,0,0,0,0,0,2,0.0,16,12:29,2,3,0,0,
282,2018-02-02,45,27-012,VEG,@,MIN,L,0,0,0,-1,0,0,0,0,0,0,0,0,0,,24,18:57,2,1,0,0,
283,2018-02-04,46,27-014,VEG,@,WSH,W,0,0,0,0,2,0,0,0,0,0,0,0,1,0.0,22,23:23,2,1,0,0,
284,2018-02-06,47,27-016,VEG,@,PIT,L,0,0,0,1,0,0,0,0,0,0,0,0,0,,24,21:52,4,2,0,0,
285,2018-02-08,48,27-018,VEG,@,SJS,W,1,0,1,2,0,1,0,0,0,0,0,0,1,100.0,27,22:39,0,2,0,0,
286,2018-02-11,49,27-021,VEG,,PHI,L,1,0,1,-1,0,1,0,0,0,0,0,0,1,100.0,21,18:39,1,1,0,0,
287,2018-02-13,50,27-023,VEG,,CHI,W,0,0,0,1,0,0,0,0,0,0,0,0,0,,23,17:40,3,2,0,0,
288,2018-02-15,51,27-025,VEG,,EDM,W,0,0,0,1,0,0,0,0,0,0,0,0,2,0.0,25,18:35,4,4,0,0,
289,2018-02-17,52,27-027,VEG,,MTL,W,0,0,0,1,0,0,0,0,0,0,0,0,0,,26,20:16,1,6,0,0,
290,2018-02-19,53,27-029,VEG,,ANA,L,0,0,0,0,0,0,0,0,0,0,0,0,0,,22,17:59,3,1,0,0,
291,2018-02-21,54,27-031,VEG,,CGY,W,0,0,0,1,0,0,0,0,0,0,0,0,0,,25,18:00,4,3,0,0,
292,2018-02-23,55,27-033,VEG,,VAN,W,0,1,1,2,0,0,0,0,0,1,0,0,3,0.0,29,19:50,3,1,0,0,
293,2018-02-26,56,27-036,VEG,@,LAK,L-OT,0,0,0,-1,0,0,0,0,0,0,0,0,0,,23,20:36,1,4,0,0,
294,2018-02-27,57,27-037,VEG,,LAK,L,0,0,0,0,2,0,0,0,0,0,0,0,2,0.0,24,17:52,2,1,0,0,
295,2018-03-02,58,27-040,VEG,,OTT,L,0,0,0,1,0,0,0,0,0,0,0,0,1,0.0,26,20:55,6,4,0,0,
296,2018-03-04,59,27-042,VEG,@,NJD,W,0,0,0,-1,2,0,0,0,0,0,0,0,0,,31,24:55,11,1,0,0,
297,2018-03-06,60,27-044,VEG,@,CBJ,L,0,0,0,0,0,0,0,0,0,0,0,0,3,0.0,25,20:56,2,1,0,0,
298,2018-03-08,61,27-046,VEG,@,DET,W,0,0,0,2,0,0,0,0,0,0,0,0,2,0.0,26,22:32,1,1,0,0,
299,2018-03-10,62,27-048,VEG,@,BUF,W,0,0,0,0,0,0,0,0,0,0,0,0,1,0.0,26,21:05,3,1,0,0,
300,2018-03-12,63,27-050,VEG,@,PHI,W,0,0,0,0,2,0,0,0,0,0,0,0,0,,28,24:03,4,1,0,0,
301,2018-03-14,64,27-052,VEG,,NJD,L,0,0,0,-1,0,0,0,0,0,0,0,0,1,0.0,18,13:47,2,3,0,0,
302,2018-03-16,65,27-054,VEG,,MIN,L,0,0,0,-1,0,0,0,0,0,0,0,0,1,0.0,20,18:39,6,0,0,0,
303,2018-03-18,66,27-056,VEG,,CGY,W,0,0,0,3,0,0,0,0,0,0,0,0,2,0.0,25,21:24,2,3,0,0,
304,2018-03-20,67,27-058,VEG,,VAN,W,0,1,1,2,0,0,0,0,0,1,0,0,1,0.0,23,17:21,1,2,0,0,
305,2018-03-22,68,27-060,VEG,@,SJS,L-OT,0,0,0,-1,2,0,0,0,0,0,0,0,0,,27,25:26,1,4,0,0,
306,2018-03-24,69,27-062,VEG,@,COL,L-SO,0,0,0,0,0,0,0,0,0,0,0,0,3,0.0,32,22:10,5,1,0,0,
307,2018-03-26,70,27-064,VEG,,COL,W,0,0,0,1,2,0,0,0,0,0,0,0,0,,26,24:04,4,1,0,0,
308,2018-03-28,71,27-066,VEG,,ARI,L,0,0,0,-2,0,0,0,0,0,0,0,0,0,,19,14:47,6,1,0,0,
309,2018-03-30,72,27-068,VEG,,STL,W,0,0,0,2,0,0,0,0,0,0,0,0,2,0.0,26,19:36,2,3,0,0,
310,2018-03-31,73,27-069,VEG,,SJS,W,0,0,0,-1,0,0,0,0,0,0,0,0,1,0.0,26,21:01,4,3,0,0,
311,2018-04-03,74,27-072,VEG,@,VAN,W,0,0,0,1,0,0,0,0,0,0,0,0,0,,26,22:50,2,3,0,0,
312,2018-04-05,75,27-074,VEG,@,EDM,L,1,0,1,2,0,1,0,0,0,0,0,0,3,33.3,24,23:31,1,1,0,0,
313,2018-04-07,76,27-076,VEG,@,CGY,L,0,0,0,-1,0,0,0,0,0,0,0,0,2,0.0,22,17:55,3,2,0,0,
314,2018-10-04,1,27-256,VEG,,PHI,L,0,0,0,0,0,0,0,0,0,0,0,0,1,0.0,26,21:46,3,3,0,0,
315,2018-10-06,2,27-258,VEG,@,MIN,W,0,0,0,0,0,0,0,0,0,0,0,0,2,0.0,24,20:22,2,0,0,0,
316,2018-10-08,3,27-260,VEG,@,BUF,L,0,0,0,0,0,0,0,0,0,0,0,0,2,0.0,22,19:39,3,1,0,0,
317,2018-10-10,4,27-262,VEG,@,WSH,L,0,0,0,-1,0,0,0,0,0,0,0,0,0,,21,17:29,3,0,0,0,
318,2018-10-11,5,27-263,VEG,@,PIT,L,0,0,0,-1,0,0,0,0,0,0,0,0,2,0.0,21,16:54,3,1,0,0,
319,2018-10-13,6,27-265,VEG,@,PHI,W,0,0,0,0,0,0,0,0,0,0,0,0,0,,26,22:12,1,1,0,0,
320,2018-10-16,7,27-268,VEG,,BUF,W,0,0,0,1,2,0,0,0,0,0,0,0,0,,26,22:42,2,4,0,0,
321,2018-10-20,8,27-272,VEG,,ANA,W,0,0,0,0,0,0,0,0,0,0,0,0,0,,20,19:10,6,1,0,0,
322,2018-10-24,9,27-276,VEG,,VAN,L-SO,0,0,0,1,0,0,0,0,0,0,0,0,1,0.0,28,20:51,3,1,0,0,
323,2018-10-26,10,27-278,VEG,,TBL,L,0,0,0,-1,0,0,0,0,0,0,0,0,3,0.0,22,18:57,3,2,0,0,
324,2018-10-28,11,27-280,VEG,,OTT,W,0,0,0,0,0,0,0,0,0,0,0,0,0,,21,16:38,4,1,0,0,
325,2018-10-30,12,27-282,VEG,@,NSH,L,0,0,0,0,2,0,0,0,0,0,0,0,0,,26,18:56,1,2,0,0,
326,2018-11-01,13,27-284,VEG,@,STL,L,0,0,0,-3,0,0,0,0,0,0,0,0,0,,21,20:39,4,3,0,0,
327,2018-11-03,14,27-286,VEG,,CAR,W,0,0,0,0,0,0,0,0,0,0,0,0,1,0.0,25,20:05,2,5,0,0,
328,2018-11-06,15,27-289,VEG,@,TOR,L,0,0,0,-1,2,0,0,0,0,0,0,0,2,0.0,27,19:23,3,3,0,0,
329,2018-11-08,16,27-291,VEG,@,OTT,W,0,0,0,1,2,0,0,0,0,0,0,0,1,0.0,25,23:24,1,4,0,0,
330,2018-11-10,17,27-293,VEG,@,MTL,L,0,0,0,0,0,0,0,0,0,0,0,0,1,0.0,24,21:22,2,4,0,0,
331,2018-11-11,18,27-294,VEG,@,BOS,L,0,0,0,-1,2,0,0,0,0,0,0,0,1,0.0,23,18:54,2,0,0,0,
332,2018-11-14,19,27-297,VEG,,ANA,W,0,0,0,0,2,0,0,0,0,0,0,0,0,,24,18:46,2,6,0,0,
333,2018-11-16,20,27-299,VEG,,STL,L,0,0,0,0,0,0,0,0,0,0,0,0,0,,23,21:20,1,0,0,0,
334,2018-11-18,21,27-301,VEG,@,EDM,W,0,0,0,1,2,0,0,0,0,0,0,0,1,0.0,25,20:31,1,1,0,0,
335,2018-11-19,22,27-302,VEG,@,CGY,L,0,0,0,-1,2,0,0,0,0,0,0,0,3,0.0,24,18:12,0,2,0,0,
336,2018-11-21,23,27-304,VEG,@,ARI,W,0,1,1,0,2,0,0,0,0,1,0,0,0,,24,18:26,3,2,0,0,
337,2018-11-23,24,27-306,VEG,,CGY,W,0,0,0,0,0,0,0,0,0,0,0,0,0,,24,20:17,3,0,0,0,
338,2018-11-24,25,27-307,VEG,,SJS,W,0,1,1,1,0,0,0,0,0,1,0,0,1,0.0,19,21:48,2,3,0,0,
339,2018-11-27,26,27-310,VEG,@,CHI,W,0,0,0,1,0,0,0,0,0,0,0,0,2,0.0,24,17:56,3,2,0,0,
340,2018-11-29,27,27-312,VEG,@,VAN,W,0,0,0,0,0,0,0,0,0,0,0,0,1,0.0,27,21:13,3,1,0,0,
341,2018-12-01,28,27-314,VEG,@,EDM,L,0,0,0,0,2,0,0,0,0,0,0,0,1,0.0,23,17:57,3,2,0,0,
342,2018-12-04,29,27-317,VEG,,WSH,W,0,1,1,1,0,0,0,0,0,1,0,0,0,,23,22:19,4,1,0,0,
343,2018-12-06,30,27-319,VEG,,CHI,W,0,0,0,0,0,0,0,0,0,0,0,0,3,0.0,29,24:37,2,4,0,0,
344,2018-12-08,31,27-321,VEG,@,LAK,L,0,0,0,-1,2,0,0,0,0,0,0,0,1,0.0,23,14:22,1,0,0,0,
345,2018-12-09,32,27-322,VEG,,DAL,W,0,1,1,1,2,0,0,0,0,1,0,0,0,,24,17:47,1,1,0,0,
346,2018-12-12,33,27-325,VEG,@,NYI,W,0,0,0,1,0,0,0,0,0,0,0,0,1,0.0,25,19:53,1,2,0,0,
347,2018-12-14,34,27-327,VEG,@,NJD,L-OT,0,1,1,3,2,0,0,0,0,1,0,0,0,,28,21:47,2,1,0,0,
348,2018-12-16,35,27-329,VEG,@,NYR,W,0,0,0,-2,0,0,0,0,0,0,0,0,0,,28,21:00,5,3,0,0,
349,2018-12-17,36,27-330,VEG,@,CBJ,L,0,0,0,0,0,0,0,0,0,0,0,0,0,,24,20:28,3,1,0,0,
350,2018-12-20,37,27-333,VEG,,NYI,W,0,0,0,0,0,0,0,0,0,0,0,0,2,0.0,22,19:47,0,2,0,0,
351,2018-12-22,38,27-335,VEG,,MTL,L-OT,0,2,2,1,2,0,0,0,0,2,0,0,2,0.0,26,19:21,6,1,0,0,
352,2018-12-23,39,27-336,VEG,,LAK,L-OT,0,0,0,0,0,0,0,0,0,0,0,0,1,0.0,27,22:14,1,2,0,0,
353,2018-12-27,40,27-340,VEG,,COL,W,0,0,0,1,0,0,0,0,0,0,0,0,1,0.0,23,21:45,4,4,0,0,
354,2018-12-29,41,27-342,VEG,@,LAK,W,0,0,0,1,0,0,0,0,0,0,0,0,1,0.0,27,23:14,2,0,0,0,
355,2018-12-30,42,27-343,VEG,@,ARI,W,0,1,1,1,0,0,0,0,0,1,0,0,2,0.0,25,22:42,4,2,0,0,
356,2019-01-01,43,27-345,VEG,,LAK,W,0,0,0,0,0,0,0,0,0,0,0,0,2,0.0,24,18:19,0,4,0,0,
357,2019-01-04,44,27-348,VEG,@,ANA,W,0,1,1,1,0,0,0,0,0,1,0,0,1,0.0,26,21:32,4,4,0,0,
358,2019-01-06,45,27-350,VEG,,NJD,W,1,0,1,0,0,1,0,0,0,0,0,0,2,50.0,23,20:39,4,3,0,0,
359,2019-01-08,46,27-352,VEG,,NYR,W,0,0,0,1,2,0,0,0,0,0,0,0,1,0.0,24,18:58,2,1,0,0,
360,2019-01-10,47,27-354,VEG,,SJS,L,0,1,1,-1,2,0,0,0,0,1,0,0,0,,21,15:20,3,1,0,0,
361,2019-01-12,48,27-356,VEG,@,CHI,W,0,0,0,1,0,0,0,0,0,0,0,0,0,,26,20:17,5,3,0,0,
362,2019-01-15,49,27-359,VEG,@,WPG,L,0,1,1,1,0,0,0,0,0,1,0,0,0,,23,14:59,1,1,0,0,
363,2019-01-19,50,27-363,VEG,,PIT,W,0,0,0,0,2,0,0,0,0,0,0,0,1,0.0,24,19:23,2,2,0,0,
364,2019-01-21,51,28-000,VEG,,MIN,L,0,0,0,0,0,0,0,0,0,0,0,0,0,,21,15:56,3,1,0,0,
365,2019-01-23,52,28-002,VEG,,NSH,L,0,0,0,0,0,0,0,0,0,0,0,0,2,0.0,22,15:45,3,1,0,0,
366,2019-02-01,53,28-011,VEG,@,CAR,L,0,0,0,-3,0,0,0,0,0,0,0,0,0,,20,17:59,2,3,0,0,
367,2019-02-02,54,28-012,VEG,@,FLA,L,0,0,0,0,0,0,0,0,0,0,0,0,1,0.0,18,17:11,3,1,0,0,
368,2019-02-05,55,28-015,VEG,@,TBL,W,0,0,0,0,0,0,0,0,0,0,0,0,0,,19,21:28,2,1,0,0,
369,2019-02-07,56,28-017,VEG,@,DET,W,1,0,1,1,0,1,0,0,1,0,0,0,1,100.0,26,22:08,1,6,0,0,
370,2019-02-09,57,28-019,VEG,,CBJ,L,0,0,0,0,0,0,0,0,0,0,0,0,1,0.0,22,18:53,2,1,0,0,
371,2019-02-12,58,28-022,VEG,,ARI,L,0,0,0,1,2,0,0,0,0,0,0,0,3,0.0,24,19:35,4,1,0,0,
372,2019-02-14,59,28-024,VEG,,TOR,L,0,0,0,-1,2,0,0,0,0,0,0,0,1,0.0,25,19:30,1,2,0,0,
373,2019-02-16,60,28-026,VEG,,NSH,W,0,0,0,4,4,0,0,0,0,0,0,0,0,,27,15:58,3,0,0,0,
374,2019-02-18,61,28-028,VEG,@,COL,L,0,0,0,0,0,0,0,0,0,0,0,0,1,0.0,20,19:09,3,0,0,0,
375,2019-02-20,62,28-030,VEG,,BOS,L-SO,0,0,0,-1,2,0,0,0,0,0,0,0,0,,26,20:49,3,2,0,0,
376,2019-02-22,63,28-032,VEG,,WPG,L,0,0,0,-1,2,0,0,0,0,0,0,0,0,,24,17:42,2,1,0,0,
377,2019-02-26,64,28-036,VEG,,DAL,W,1,0,1,2,0,1,0,0,0,0,0,0,2,50.0,25,18:18,6,1,0,0,
378,2019-02-28,65,28-038,VEG,,FLA,W,0,0,0,0,0,0,0,0,0,0,0,0,1,0.0,25,19:50,2,0,0,0,
379,2019-03-01,66,28-039,VEG,@,ANA,W,0,0,0,2,0,0,0,0,0,0,0,0,1,0.0,23,21:05,2,2,0,0,
380,2019-03-03,67,28-041,VEG,,VAN,W,0,0,0,2,0,0,0,0,0,0,0,0,1,0.0,22,15:51,2,1,0,0,
381,2019-03-06,68,28-044,VEG,,CGY,W,0,0,0,0,0,0,0,0,0,0,0,0,2,0.0,22,17:23,3,0,0,0,
382,2019-03-09,69,28-047,VEG,@,VAN,W,0,0,0,-1,0,0,0,0,0,0,0,0,1,0.0,26,17:55,2,0,0,0,
383,2019-03-10,70,28-048,VEG,@,CGY,L,0,0,0,0,0,0,0,0,0,0,0,0,0,,26,17:50,2,1,0,0,
384,2019-03-15,71,28-053,VEG,@,DAL,W,0,0,0,0,0,0,0,0,0,0,0,0,3,0.0,26,23:48,6,2,0,0,
385,2019-03-17,72,28-055,VEG,,EDM,W,1,0,1,2,0,1,0,0,0,0,0,0,1,100.0,24,16:25,3,3,0,0,
386,2019-03-18,73,28-056,VEG,@,SJS,W,0,0,0,2,2,0,0,0,0,0,0,0,3,0.0,26,21:00,1,2,0,0,
387,2019-03-21,74,28-059,VEG,,WPG,W,0,0,0,1,0,0,0,0,0,0,0,0,3,0.0,25,20:36,4,1,0,0,
388,2019-03-23,75,28-061,VEG,,DET,L-OT,0,0,0,0,0,0,0,0,0,0,0,0,2,0.0,24,21:23,2,1,0,0,
389,2019-03-25,76,28-063,VEG,@,STL,L,0,0,0,-2,0,0,0,0,0,0,0,0,1,0.0,21,17:28,0,0,0,0,
390,2019-03-27,77,28-065,VEG,@,COL,L,0,0,0,-3,0,0,0,0,0,0,0,0,2,0.0,19,16:45,3,0,0,0,
391,2019-03-29,78,28-067,VEG,,MIN,L,0,0,0,-1,2,0,0,0,0,0,0,0,0,,18,14:59,1,2,0,0,
392,2019-04-01,79,28-070,VEG,,EDM,W,0,1,1,2,0,0,0,0,0,0,0,1,1,0.0,23,20:14,2,1,0,0,
393,2019-04-04,80,28-073,VEG,,ARI,L,0,0,0,-2,2,0,0,0,0,0,0,0,3,0.0,28,19:43,1,0,0,0,
394,2019-04-06,81,28-075,VEG,@,LAK,L,0,0,0,0,0,0,0,0,0,0,0,0,0,,20,18:38,0,4,0,0,
395,2019-10-02,1,28-254,VEG,,SJS,W,0,0,0,0,2,0,0,0,0,0,0,0,0,,27,22:28,6,1,0,0,
396,2019-10-04,2,28-256,VEG,@,SJS,W,1,0,1,3,0,0,0,1,0,0,0,0,1,100.0,23,21:12,2,2,0,0,
397,2019-10-08,3,28-260,VEG,,BOS,L,0,0,0,0,2,0,0,0,0,0,0,0,0,,25,16:53,6,1,0,0,
398,2019-10-10,4,28-262,VEG,@,ARI,L,0,1,1,1,0,0,0,0,0,1,0,0,0,,31,21:46,5,2,0,0,
399,2019-10-12,5,28-264,VEG,,CGY,W,0,0,0,0,4,0,0,0,0,0,0,0,2,0.0,25,21:20,2,6,0,0,
400,2019-10-13,6,28-265,VEG,@,LAK,W,0,0,0,-1,0,0,0,0,0,0,0,0,1,0.0,26,21:02,2,2,0,0,
401,2019-10-15,7,28-267,VEG,,NSH,L,0,0,0,-2,4,0,0,0,0,0,0,0,1,0.0,20,17:50,3,2,0,0,
402,2019-10-17,8,28-269,VEG,,OTT,W,0,0,0,-2,2,0,0,0,0,0,0,0,2,0.0,25,18:23,4,1,0,0,
403,2019-10-19,9,28-271,VEG,@,PIT,W,0,0,0,1,2,0,0,0,0,0,0,0,0,,24,22:10,3,1,0,0,
404,2019-10-21,10,28-273,VEG,@,PHI,L,0,0,0,0,2,0,0,0,0,0,0,0,0,,20,15:52,0,1,0,0,
405,2019-10-22,11,28-274,VEG,@,CHI,W,0,0,0,0,4,0,0,0,0,0,0,0,1,0.0,25,17:45,2,1,0,0,
406,2019-10-25,12,28-277,VEG,,COL,L,0,0,0,0,0,0,0,0,0,0,0,0,2,0.0,21,18:38,2,2,0,0,
407,2019-10-27,13,28-279,VEG,,ANA,W,0,0,0,1,0,0,0,0,0,0,0,0,1,0.0,27,22:03,2,1,0,0,
408,2019-10-31,14,28-283,VEG,,MTL,L-OT,0,0,0,-2,0,0,0,0,0,0,0,0,1,0.0,25,21:51,1,0,0,0,
409,2019-11-02,15,28-285,VEG,,WPG,L-OT,0,0,0,-1,0,0,0,0,0,0,0,0,2,0.0,30,23:38,4,4,0,0,
410,2019-11-05,16,28-288,VEG,@,CBJ,W,0,0,0,1,0,0,0,0,0,0,0,0,0,,25,23:28,1,0,0,0,
411,2019-11-07,17,28-290,VEG,@,TOR,L-OT,0,0,0,0,2,0,0,0,0,0,0,0,1,0.0,25,19:18,4,6,0,0,
412,2019-11-09,18,28-292,VEG,@,WSH,L,0,0,0,0,0,0,0,0,0,0,0,0,1,0.0,18,19:25,3,1,0,0,
413,2019-11-10,19,28-293,VEG,@,DET,L,0,0,0,1,0,0,0,0,0,0,0,0,1,0.0,23,21:27,1,1,0,0,
414,2019-11-13,20,28-296,VEG,,CHI,L,0,1,1,-1,2,0,0,0,0,1,0,0,1,0.0,21,14:13,4,1,0,0,
415,2019-11-16,21,28-299,VEG,@,LAK,L,0,0,0,1,0,0,0,0,0,0,0,0,2,0.0,23,17:41,1,0,0,0,
416,2019-11-17,22,28-300,VEG,,CGY,W,0,1,1,4,0,0,0,0,0,1,0,0,1,0.0,22,16:09,4,0,0,0,
417,2019-11-19,23,28-302,VEG,,TOR,W,0,0,0,0,2,0,0,0,0,0,0,0,2,0.0,27,20:38,1,4,0,0,
418,2019-11-21,24,28-304,VEG,,SJS,L-OT,1,0,1,0,0,1,0,0,0,0,0,0,1,100.0,28,20:36,7,0,0,0,
419,2019-11-23,25,28-306,VEG,,EDM,L,0,0,0,-2,2,0,0,0,0,0,0,0,0,,21,16:47,4,0,0,0,
420,2019-11-25,26,28-308,VEG,@,DAL,L,0,0,0,0,0,0,0,0,0,0,0,0,0,,21,15:30,1,0,0,0,
421,2019-11-27,27,28-310,VEG,@,NSH,W,0,0,0,1,0,0,0,0,0,0,0,0,2,0.0,25,19:01,2,0,0,0,
422,2019-11-29,28,28-312,VEG,,ARI,W,0,0,0,-1,0,0,0,0,0,0,0,0,1,0.0,23,20:00,7,2,0,0,
423,2019-12-02,29,28-315,VEG,@,NYR,W,0,1,1,-1,0,0,0,0,0,1,0,0,1,0.0,25,23:29,5,4,0,0,
424,2019-12-03,30,28-316,VEG,@,NJD,W,0,0,0,-2,0,0,0,0,0,0,0,0,1,0.0,29,21:43,3,3,0,0,
425,2019-12-05,31,28-318,VEG,@,NYI,L-OT,0,0,0,0,0,0,0,0,0,0,0,0,2,0.0,28,22:51,2,4,0,0,
426,2019-12-08,32,28-321,VEG,,NYR,L,0,0,0,-1,0,0,0,0,0,0,0,0,0,,18,18:47,5,0,0,0,
427,2019-12-10,33,28-323,VEG,,CHI,W,0,0,0,2,0,0,0,0,0,0,0,0,0,,23,21:48,3,4,0,0,
428,2019-12-12,34,28-325,VEG,@,STL,L,0,0,0,-2,0,0,0,0,0,0,0,0,1,0.0,23,16:48,0,0,0,0,
429,2019-12-13,35,28-326,VEG,@,DAL,W,0,0,0,0,0,0,0,0,0,0,0,0,3,0.0,26,20:09,3,2,0,0,
430,2019-12-15,36,28-328,VEG,,VAN,W,0,0,0,-2,2,0,0,0,0,0,0,0,0,,23,16:41,1,2,0,0,
431,2019-12-17,37,28-330,VEG,,MIN,W,0,0,0,0,0,0,0,0,0,0,0,0,0,,24,23:00,5,5,0,0,
432,2019-12-19,38,28-332,VEG,@,VAN,L-OT,0,0,0,1,0,0,0,0,0,0,0,0,1,0.0,28,23:12,2,0,0,0,
433,2019-12-22,39,28-335,VEG,@,SJS,W,0,0,0,1,4,0,0,0,0,0,0,0,3,0.0,24,19:49,0,2,0,0,
434,2019-12-23,40,28-336,VEG,,COL,L,0,1,1,2,0,0,0,0,0,1,0,0,0,,25,24:47,6,2,0,0,
435,2019-12-27,41,28-340,VEG,@,ANA,L,0,0,0,1,0,0,0,0,0,0,0,0,2,0.0,26,21:26,4,3,0,0,
436,2019-12-28,42,28-341,VEG,,ARI,W,0,0,0,0,0,0,0,0,0,0,0,0,0,,23,21:40,4,3,0,0,
437,2019-12-31,43,28-344,VEG,,ANA,W,0,0,0,1,0,0,0,0,0,0,0,0,1,0.0,26,19:01,1,0,0,0,
438,2020-01-02,44,28-346,VEG,,PHI,W,0,0,0,-2,0,0,0,0,0,0,0,0,1,0.0,30,25:07,5,2,0,0,
439,2020-01-04,45,28-348,VEG,,STL,W,0,0,0,0,0,0,0,0,0,0,0,0,0,,29,22:08,2,0,0,0,
440,2020-01-07,46,28-351,VEG,,PIT,L,0,0,0,-2,0,0,0,0,0,0,0,0,0,,23,18:24,3,2,0,0,
441,2020-01-09,47,28-353,VEG,,LAK,L,0,0,0,-2,0,0,0,0,0,0,0,0,1,0.0,24,17:17,0,4,0,0,
442,2020-01-11,48,28-355,VEG,,CBJ,L,0,0,0,0,0,0,0,0,0,0,0,0,0,,19,14:39,1,2,0,0,
443,2020-01-14,49,28-358,VEG,@,BUF,L,0,0,0,0,0,0,0,0,0,0,0,0,0,,23,19:03,2,2,0,0,
444,2020-01-16,50,28-360,VEG,@,OTT,W,0,0,0,1,0,0,0,0,0,0,0,0,1,0.0,24,22:48,4,3,0,0,
445,2020-01-18,51,28-362,VEG,@,MTL,L-SO,0,0,0,-2,0,0,0,0,0,0,0,0,2,0.0,20,17:33,3,0,0,0,
446,2020-01-21,52,29-000,VEG,@,BOS,L,0,0,0,-1,0,0,0,0,0,0,0,0,2,0.0,25,20:11,5,3,0,0,
447,2020-01-31,53,29-010,VEG,@,CAR,W,0,0,0,3,0,0,0,0,0,0,0,0,0,,26,19:24,4,1,0,0,
448,2020-02-01,54,29-011,VEG,@,NSH,W,0,0,0,0,0,0,0,0,0,0,0,0,1,0.0,24,19:45,1,4,0,0,
449,2020-02-04,55,29-014,VEG,@,TBL,L,0,2,2,0,0,0,0,0,0,2,0,0,0,,26,17:26,1,3,0,0,
450,2020-02-06,56,29-016,VEG,@,FLA,W,0,0,0,0,2,0,0,0,0,0,0,0,0,,28,20:03,4,2,0,0,
451,2020-02-08,57,29-018,VEG,,CAR,L-SO,0,0,0,-1,2,0,0,0,0,0,0,0,0,,24,18:47,3,3,0,0,
452,2020-02-11,58,29-021,VEG,@,MIN,L,0,0,0,0,0,0,0,0,0,0,0,0,1,0.0,24,17:05,2,0,0,0,
453,2020-02-13,59,29-023,VEG,,STL,W,0,0,0,-2,0,0,0,0,0,0,0,0,0,,25,18:46,4,3,0,0,
454,2020-02-15,60,29-025,VEG,,NYI,W,0,0,0,1,0,0,0,0,0,0,0,0,0,,25,22:12,0,1,0,0,
455,2020-02-17,61,29-027,VEG,,WSH,W,0,0,0,-1,0,0,0,0,0,0,0,0,2,0.0,26,23:02,4,5,0,0,
456,2020-02-20,62,29-030,VEG,,TBL,W,0,0,0,1,0,0,0,0,0,0,0,0,2,0.0,24,20:14,5,2,0,0,
457,2020-02-22,63,29-032,VEG,,FLA,W,0,0,0,1,0,0,0,0,0,0,0,0,1,0.0,29,23:28,3,2,0,0,
458,2020-02-23,64,29-033,VEG,@,ANA,W,0,0,0,0,0,0,0,0,0,0,0,0,2,0.0,29,21:09,3,2,0,0,
459,2020-02-26,65,29-036,VEG,,EDM,W,0,0,0,1,0,0,0,0,0,0,0,0,1,0.0,21,19:00,2,3,0,0,
460,2020-02-28,66,29-038,VEG,,BUF,W,0,0,0,2,0,0,0,0,0,0,0,0,0,,25,20:48,2,2,0,0,
461,2020-03-01,67,29-040,VEG,,LAK,L,0,0,0,0,0,0,0,0,0,0,0,0,3,0.0,24,18:25,1,1,0,0,
462,2020-03-03,68,29-042,VEG,,NJD,W,0,0,0,2,0,0,0,0,0,0,0,0,3,0.0,21,18:19,2,2,0,0,
463,2020-03-06,69,29-045,VEG,@,WPG,L,0,0,0,-1,0,0,0,0,0,0,0,0,2,0.0,27,21:04,3,2,0,0,
464,2020-03-08,70,29-047,VEG,@,CGY,W,0,0,0,1,0,0,0,0,0,0,0,0,2,0.0,29,23:13,2,0,0,0,
465,2020-03-09,71,29-048,VEG,@,EDM,W,0,0,0,0,0,0,0,0,0,0,0,0,4,0.0,28,19:27,2,1,0,0,
