,date_game,game_season,age,team_id,game_location,opp_id,game_result,goals,assists,points,plus_minus,pen_min,goals_ev,goals_pp,goals_sh,goals_gw,assists_ev,assists_pp,assists_sh,shots,shot_pct,shifts,time_on_ice,hits_all,blocks_all,faceoff_wins_all,faceoff_losses_all,faceoff_percentage_all
0,2007-10-04,1,22-247,SJS,@,EDM,L-SO,0,0,0,0,0,0,0,0,0,,,,2,0.0,18,16:32,0,2,3,9,25.0
1,2007-10-05,2,22-248,SJS,@,VAN,W,0,1,1,1,0,0,0,0,0,,,,3,0.0,15,13:07,1,3,5,2,71.4
2,2007-10-07,3,22-250,SJS,@,COL,L,0,0,0,-1,0,0,0,0,0,,,,2,0.0,20,14:11,0,0,6,3,66.7
3,2007-10-10,4,22-253,SJS,@,CHI,W,0,0,0,0,0,0,0,0,0,,,,2,0.0,16,14:46,0,0,1,0,100.0
4,2007-10-13,5,22-256,SJS,,BOS,L,0,0,0,-1,2,0,0,0,0,,,,1,0.0,15,13:03,1,0,0,1,0.0
5,2007-10-15,6,22-258,SJS,@,VAN,W,0,0,0,0,0,0,0,0,0,,,,1,0.0,16,10:48,0,1,1,3,25.0
6,2007-10-18,7,22-261,SJS,,DET,L,0,0,0,0,0,0,0,0,0,,,,0,,20,14:07,1,2,12,5,70.6
7,2007-10-20,8,22-263,SJS,,NSH,W,0,1,1,1,0,0,0,0,0,,,,0,,21,17:56,2,2,3,9,25.0
8,2007-10-22,9,22-265,SJS,@,CGY,W,0,0,0,0,2,0,0,0,0,,,,0,,23,13:58,1,0,5,1,83.3
9,2007-10-26,10,22-269,SJS,@,DET,L,0,0,0,-1,0,0,0,0,0,,,,1,0.0,21,15:15,1,1,3,9,25.0
10,2007-10-27,11,22-270,SJS,@,CBJ,L,0,0,0,-1,0,0,0,0,0,,,,0,,19,12:51,1,0,3,7,30.0
11,2007-10-29,12,22-272,SJS,@,DAL,W,0,0,0,0,0,0,0,0,0,,,,0,,19,15:38,0,1,4,5,44.4
12,2007-11-02,13,22-276,SJS,,LAK,L,0,0,0,0,0,0,0,0,0,,,,5,0.0,15,10:10,0,0,5,1,83.3
13,2007-11-03,14,22-277,SJS,@,LAK,W,0,0,0,0,0,0,0,0,0,,,,2,0.0,16,10:58,1,0,2,5,28.6
14,2007-11-07,15,22-281,SJS,,DAL,L,0,0,0,-2,0,0,0,0,0,,,,1,0.0,14,10:19,0,1,2,3,40.0
15,2007-11-09,16,22-283,SJS,@,ANA,L-SO,1,0,1,0,0,1,0,0,0,,,,2,50.0,25,20:02,2,2,6,7,46.2
16,2007-11-10,17,22-284,SJS,,PHX,W,1,0,1,1,0,1,0,0,0,,,,2,50.0,17,12:34,0,0,3,3,50.0
17,2007-11-12,18,22-286,SJS,,PHX,W,0,1,1,1,4,0,0,0,0,,,,0,,21,15:12,1,0,1,1,50.0
18,2007-11-14,19,22-288,SJS,@,DAL,W,1,0,1,0,0,1,0,0,0,,,,1,100.0,10,6:46,0,2,1,1,50.0
19,2007-11-15,20,22-289,SJS,@,PHX,W,0,0,0,1,2,0,0,0,0,,,,1,0.0,24,14:55,0,0,0,0,
20,2007-11-17,21,22-291,SJS,,ANA,L-SO,1,0,1,1,0,1,0,0,0,,,,2,50.0,22,16:29,5,1,0,0,
21,2007-11-24,22,22-298,SJS,,LAK,L,0,0,0,-1,0,0,0,0,0,,,,1,0.0,17,13:36,1,1,1,3,25.0
22,2007-11-28,23,22-302,SJS,,LAK,L-SO,0,0,0,-1,2,0,0,0,0,,,,1,0.0,22,14:33,3,1,1,2,33.3
23,2007-11-30,24,22-304,SJS,,COL,W,0,0,0,0,0,0,0,0,0,,,,1,0.0,24,16:06,0,0,8,5,61.5
24,2007-12-03,25,22-307,SJS,@,COL,W,0,1,1,0,0,0,0,0,0,,,,0,,24,15:33,2,2,4,7,36.4
25,2007-12-05,26,22-309,SJS,@,DAL,W,0,0,0,-1,0,0,0,0,0,,,,1,0.0,22,13:28,0,2,3,1,75.0
26,2007-12-07,27,22-311,SJS,@,PHX,W,0,0,0,0,2,0,0,0,0,,,,0,,22,14:02,2,0,3,3,50.0
27,2007-12-08,28,22-312,SJS,,BUF,L,0,0,0,0,0,0,0,0,0,,,,0,,20,15:05,0,0,3,9,25.0
28,2007-12-11,29,22-315,SJS,,MIN,W,0,1,1,1,0,0,0,0,0,,,,0,,23,15:25,2,0,8,6,57.1
29,2007-12-13,30,22-317,SJS,,VAN,W,0,0,0,0,0,0,0,0,0,,,,1,0.0,20,13:39,2,0,5,6,45.5
30,2007-12-15,31,22-319,SJS,,DAL,L,0,1,1,1,0,0,0,0,0,,,,1,0.0,24,15:21,1,0,6,4,60.0
31,2007-12-16,32,22-320,SJS,@,ANA,W,1,0,1,1,0,0,0,1,0,,,,2,50.0,23,14:56,2,0,5,4,55.6
32,2007-12-18,33,22-322,SJS,,ANA,L,0,0,0,0,0,0,0,0,0,,,,0,,23,16:39,3,3,5,2,71.4
33,2007-12-20,34,22-324,SJS,,PHX,L-SO,1,0,1,1,2,1,0,0,0,,,,2,50.0,26,16:36,1,4,9,7,56.3
34,2007-12-22,35,22-326,SJS,,ANA,L,0,0,0,0,2,0,0,0,0,,,,4,0.0,25,14:55,5,2,4,6,40.0
35,2007-12-26,36,22-330,SJS,@,LAK,W,0,0,0,0,0,0,0,0,0,,,,1,0.0,20,15:07,0,0,9,11,45.0
36,2007-12-28,37,22-332,SJS,@,STL,W,0,0,0,0,2,0,0,0,0,,,,1,0.0,20,11:03,0,0,4,1,80.0
37,2007-12-29,38,22-333,SJS,@,NSH,W,1,0,1,1,0,1,0,0,0,,,,2,50.0,21,14:19,1,0,7,3,70.0
38,2007-12-31,39,22-335,SJS,@,MIN,W,0,1,1,1,0,0,0,0,0,,,,1,0.0,22,15:43,1,2,8,6,57.1
39,2008-01-03,40,22-338,SJS,,CGY,L-OT,1,0,1,0,0,0,1,0,0,,,,3,33.3,23,14:44,1,0,6,3,66.7
40,2008-01-05,41,22-340,SJS,,CBJ,W,0,0,0,1,0,0,0,0,0,,,,1,0.0,22,15:11,2,1,7,3,70.0
41,2008-01-10,42,22-345,SJS,,VAN,W,0,0,0,0,0,0,0,0,0,,,,0,,19,12:12,1,1,3,2,60.0
42,2008-01-12,43,22-347,SJS,,TOR,W,0,0,0,0,0,0,0,0,0,,,,1,0.0,21,13:24,2,1,3,4,42.9
43,2008-01-13,44,22-348,SJS,@,ANA,L-OT,1,0,1,-1,4,0,0,1,0,,,,2,50.0,25,16:14,0,2,6,3,66.7
44,2008-01-15,45,22-350,SJS,@,PHX,L,0,0,0,0,0,0,0,0,0,,,,0,,21,14:38,0,0,5,10,33.3
45,2008-01-17,46,22-352,SJS,,DAL,L,0,0,0,0,2,0,0,0,0,,,,1,0.0,18,13:57,5,1,6,2,75.0
46,2008-01-19,47,22-354,SJS,,DET,L,0,0,0,0,2,0,0,0,0,,,,0,,21,14:13,1,0,5,5,50.0
47,2008-01-22,48,22-357,SJS,,CHI,W,0,0,0,-1,0,0,0,0,0,,,,1,0.0,23,15:04,3,2,5,7,41.7
48,2008-01-24,49,22-359,SJS,,STL,W,0,0,0,0,2,0,0,0,0,,,,2,0.0,22,14:53,0,0,5,4,55.6
49,2008-01-29,50,22-364,SJS,@,EDM,W,0,1,1,2,2,0,0,0,0,,,,3,0.0,23,15:32,0,3,3,8,27.3
50,2008-01-30,51,23-000,SJS,@,CGY,L,0,0,0,0,0,0,0,0,0,,,,1,0.0,22,13:46,2,0,2,6,25.0
51,2008-02-02,52,23-003,SJS,,CHI,W,0,0,0,-1,2,0,0,0,0,,,,0,,22,15:41,3,2,3,5,37.5
52,2008-02-06,53,23-007,SJS,,COL,L,0,0,0,0,0,0,0,0,0,,,,0,,19,12:44,2,0,3,6,33.3
53,2008-02-08,54,23-009,SJS,,CBJ,W,0,0,0,0,0,0,0,0,0,,,,1,0.0,21,13:18,1,1,3,2,60.0
54,2008-02-09,55,23-010,SJS,,NSH,W,0,0,0,0,0,0,0,0,0,,,,2,0.0,25,15:39,0,1,1,1,50.0
55,2008-02-12,56,23-013,SJS,,CGY,L-OT,0,1,1,-1,0,0,0,0,0,,,,1,0.0,21,14:22,1,1,4,5,44.4
56,2008-02-14,57,23-015,SJS,,EDM,L,0,0,0,0,0,0,0,0,0,,,,0,,15,11:57,0,1,3,2,60.0
57,2008-02-17,58,23-018,SJS,@,NYR,L,0,0,0,-1,0,0,0,0,0,,,,1,0.0,17,12:31,2,0,6,6,50.0
58,2008-02-18,59,23-019,SJS,@,NYI,L,0,0,0,-1,0,0,0,0,0,,,,4,0.0,22,15:10,1,1,7,2,77.8
59,2008-02-20,60,23-021,SJS,@,NJD,L,0,0,0,1,0,0,0,0,0,,,,3,0.0,17,10:59,1,1,2,5,28.6
60,2008-02-21,61,23-022,SJS,@,PHI,W,0,0,0,0,0,0,0,0,0,,,,2,0.0,17,12:58,0,1,0,0,
61,2008-02-24,62,23-025,SJS,@,PIT,W,0,0,0,0,0,0,0,0,0,,,,2,0.0,22,15:43,1,0,6,3,66.7
62,2008-02-27,63,23-028,SJS,@,CBJ,W,1,0,1,1,0,1,0,0,0,,,,2,50.0,20,15:13,2,0,8,6,57.1
63,2008-02-29,64,23-030,SJS,@,DET,W,0,0,0,0,0,0,0,0,0,,,,0,,24,14:15,1,0,5,5,50.0
64,2008-03-01,65,23-031,SJS,@,STL,W,0,0,0,0,2,0,0,0,0,,,,1,0.0,25,16:19,1,0,4,4,50.0
65,2008-03-03,66,23-033,SJS,,MTL,W,0,0,0,-1,0,0,0,0,0,,,,5,0.0,24,17:04,4,2,7,9,43.8
66,2008-03-05,67,23-035,SJS,,OTT,W,0,0,0,0,4,0,0,0,0,,,,4,0.0,26,14:33,0,0,6,3,66.7
67,2008-03-07,68,23-037,SJS,@,CHI,W,0,0,0,0,0,0,0,0,0,,,,1,0.0,21,16:01,2,0,5,3,62.5
68,2008-03-09,69,23-039,SJS,@,MIN,W,0,0,0,-1,0,0,0,0,0,,,,1,0.0,23,15:43,0,1,2,4,33.3
69,2008-03-11,70,23-041,SJS,@,NSH,W,0,0,0,0,0,0,0,0,0,,,,2,0.0,26,15:58,1,0,5,8,38.5
70,2008-03-14,71,23-044,SJS,,STL,W,0,0,0,0,0,0,0,0,0,,,,0,,17,12:49,4,0,3,7,30.0
71,2008-03-16,72,23-046,SJS,,EDM,L-SO,0,0,0,0,0,0,0,0,0,,,,2,0.0,19,12:45,2,0,3,0,100.0
72,2008-03-18,73,23-048,SJS,@,LAK,W,0,1,1,1,2,0,0,0,0,,,,1,0.0,20,14:38,2,0,4,5,44.4
73,2008-03-19,74,23-049,SJS,,MIN,W,0,0,0,0,2,0,0,0,0,,,,1,0.0,23,13:33,4,1,3,4,42.9
74,2008-03-21,75,23-051,SJS,,ANA,W,0,0,0,-1,0,0,0,0,0,,,,6,0.0,20,14:02,0,0,2,4,33.3
75,2008-03-25,76,23-055,SJS,@,PHX,L-OT,0,0,0,-1,0,0,0,0,0,,,,0,,23,14:46,2,0,5,6,45.5
76,2008-03-27,77,23-057,SJS,,DAL,W,0,0,0,-1,0,0,0,0,0,,,,2,0.0,25,15:26,2,4,3,3,50.0
77,2008-03-28,78,23-058,SJS,@,ANA,W,0,0,0,0,0,0,0,0,0,,,,1,0.0,22,15:24,1,0,5,4,55.6
78,2008-03-30,79,23-060,SJS,,PHX,W,0,0,0,1,4,0,0,0,0,,,,1,0.0,18,13:05,2,0,5,2,71.4
79,2008-04-01,80,23-062,SJS,,LAK,W,0,0,0,0,0,0,0,0,0,,,,0,,17,12:03,6,2,5,3,62.5
80,2008-04-03,81,23-064,SJS,@,LAK,L,0,0,0,-1,0,0,0,0,0,,,,1,0.0,20,14:50,2,1,4,9,30.8
81,2008-04-06,82,23-067,SJS,@,DAL,L,0,0,0,-1,2,0,0,0,0,,,,1,0.0,23,14:47,3,0,5,6,45.5
82,2009-11-27,1,24-301,SJS,@,EDM,W,0,0,0,0,0,0,0,0,0,,,,1,0.0,10,6:25,0,0,2,4,33.3
83,2009-11-29,2,24-303,SJS,@,VAN,W,0,0,0,0,0,0,0,0,0,,,,0,,16,8:45,1,0,1,5,16.7
84,2009-12-01,3,24-305,SJS,,OTT,W,0,0,0,1,0,0,0,0,0,,,,0,,13,9:19,1,1,3,3,50.0
85,2009-12-03,4,24-307,SJS,,STL,L-SO,0,0,0,0,0,0,0,0,0,,,,1,0.0,13,7:47,1,1,1,2,33.3
86,2009-12-05,5,24-309,SJS,,CGY,L,0,0,0,0,0,0,0,0,0,,,,1,0.0,13,7:22,4,0,2,0,100.0
87,2009-12-09,6,24-313,SJS,,LAK,L-OT,0,0,0,1,4,0,0,0,0,,,,0,,10,6:01,1,1,3,3,50.0
88,2009-12-11,7,24-315,SJS,,DAL,L-SO,0,0,0,0,0,0,0,0,0,,,,3,0.0,17,9:40,2,0,1,1,50.0
89,2009-12-12,8,24-316,SJS,@,PHX,L,0,0,0,-1,0,0,0,0,0,,,,1,0.0,15,11:59,2,0,1,3,25.0
90,2009-12-17,9,24-321,SJS,,ANA,W,0,0,0,0,0,0,0,0,0,,,,2,0.0,16,11:45,3,1,0,0,
91,2009-12-21,10,24-325,SJS,@,DAL,W,0,0,0,0,0,0,0,0,0,,,,0,,11,8:22,1,0,3,1,75.0
92,2009-12-22,11,24-326,SJS,@,CHI,W,0,0,0,0,0,0,0,0,0,,,,0,,11,7:33,0,2,2,4,33.3
93,2009-12-26,12,24-330,SJS,,ANA,W,0,0,0,0,0,0,0,0,0,,,,2,0.0,17,9:51,1,0,3,3,50.0
94,2009-12-28,13,24-332,SJS,,PHX,W,0,0,0,1,2,0,0,0,0,,,,0,,13,7:43,1,1,1,2,33.3
95,2009-12-30,14,24-334,SJS,,WSH,W,1,0,1,1,0,1,0,0,0,,,,2,50.0,13,10:58,1,0,1,1,50.0
96,2009-12-31,15,24-335,SJS,@,PHX,W,0,0,0,0,0,0,0,0,0,,,,1,0.0,16,10:21,1,0,2,2,50.0
97,2010-01-02,16,24-337,SJS,,EDM,W,0,1,1,1,2,0,0,0,0,,,,1,0.0,20,13:27,1,0,8,1,88.9
98,2010-01-04,17,24-339,SJS,,LAK,L,0,0,0,-1,0,0,0,0,0,,,,0,,17,13:07,0,2,2,4,33.3
99,2010-01-06,18,24-341,SJS,,STL,W,0,0,0,0,0,0,0,0,0,,,,1,0.0,20,12:50,2,0,3,7,30.0
100,2010-01-09,19,24-344,SJS,,DET,L,0,0,0,0,0,0,0,0,0,,,,2,0.0,20,13:52,3,0,4,3,57.1
101,2010-01-11,20,24-346,SJS,@,LAK,W,0,0,0,-1,0,0,0,0,0,,,,1,0.0,20,12:45,0,0,4,5,44.4
102,2010-01-12,21,24-347,SJS,@,PHX,W,0,0,0,0,0,0,0,0,0,,,,1,0.0,20,12:29,2,0,1,7,12.5
103,2010-01-14,22,24-349,SJS,,BOS,L-SO,0,0,0,-1,0,0,0,0,0,,,,0,,11,7:40,0,0,2,4,33.3
104,2010-01-16,23,24-351,SJS,,EDM,W,0,0,0,0,0,0,0,0,0,,,,0,,13,9:26,1,0,1,3,25.0
105,2010-01-18,24,24-353,SJS,,CGY,W,0,0,0,0,5,0,0,0,0,,,,1,0.0,16,9:55,3,0,3,3,50.0
106,2010-01-19,25,24-354,SJS,@,LAK,W,0,0,0,0,0,0,0,0,0,,,,1,0.0,17,9:05,0,0,1,3,25.0
107,2010-01-21,26,24-356,SJS,,ANA,W,0,0,0,0,0,0,0,0,0,,,,0,,12,8:28,1,0,2,3,40.0
108,2010-01-23,27,24-358,SJS,,BUF,W,0,0,0,0,0,0,0,0,0,,,,2,0.0,17,9:39,0,0,3,5,37.5
109,2010-01-28,28,24-363,SJS,,CHI,L-OT,0,0,0,0,0,0,0,0,0,,,,1,0.0,12,9:01,0,1,1,2,33.3
110,2010-01-30,29,25-000,SJS,,MIN,W,0,0,0,0,0,0,0,0,0,,,,2,0.0,15,9:10,1,1,0,2,0.0
111,2010-02-02,30,25-003,SJS,,DET,L,0,0,0,0,0,0,0,0,0,,,,0,,9,7:20,0,0,1,2,33.3
112,2010-02-04,31,25-005,SJS,@,STL,W,0,0,0,0,2,0,0,0,0,,,,0,,15,10:57,1,0,3,2,60.0
113,2010-02-06,32,25-007,SJS,@,NSH,W,0,1,1,1,0,0,0,0,0,,,,0,,22,14:04,0,0,3,1,75.0
114,2010-02-08,33,25-009,SJS,@,TOR,W,0,0,0,-1,0,0,0,0,0,,,,1,0.0,25,15:53,2,0,2,1,66.7
115,2010-02-10,34,25-011,SJS,@,CBJ,L,0,0,0,-1,0,0,0,0,0,,,,1,0.0,23,13:59,1,0,1,1,50.0
116,2010-02-11,35,25-012,SJS,@,DET,W,0,1,1,0,0,0,0,0,0,,,,0,,25,16:18,0,0,2,1,66.7
117,2010-02-13,36,25-014,SJS,@,BUF,L,0,0,0,0,2,0,0,0,0,,,,1,0.0,20,12:49,0,0,1,2,33.3
118,2010-03-02,37,25-031,SJS,,NJD,L,0,0,0,0,0,0,0,0,0,,,,0,,17,12:06,1,1,2,2,50.0
119,2010-03-04,38,25-033,SJS,,MTL,W,0,1,1,1,0,0,0,0,0,,,,2,0.0,20,11:57,1,0,4,2,66.7
120,2010-03-06,39,25-035,SJS,,CBJ,W,0,0,0,0,0,0,0,0,0,,,,0,,20,12:14,1,0,1,1,50.0
121,2010-03-11,40,25-040,SJS,,NSH,W,0,1,1,0,2,0,0,0,0,,,,0,,22,15:06,1,0,0,2,0.0
122,2010-03-13,41,25-042,SJS,,FLA,L-OT,0,0,0,1,0,0,0,0,0,,,,1,0.0,22,14:46,1,0,1,1,50.0
123,2010-03-14,42,25-043,SJS,@,ANA,L,0,0,0,1,2,0,0,0,0,,,,1,0.0,16,10:51,1,0,0,0,
124,2010-03-16,43,25-045,SJS,@,DAL,L,0,0,0,-1,0,0,0,0,0,,,,3,0.0,19,11:21,1,1,0,0,
125,2010-03-18,44,25-047,SJS,@,VAN,L,0,0,0,0,0,0,0,0,0,,,,1,0.0,23,13:13,1,1,0,2,0.0
126,2010-03-19,45,25-048,SJS,@,CGY,L,0,0,0,1,0,0,0,0,0,,,,3,0.0,20,10:55,1,0,0,0,
127,2010-03-21,46,25-050,SJS,@,EDM,L,0,0,0,0,0,0,0,0,0,,,,0,,17,14:20,2,0,1,2,33.3
128,2010-03-23,47,25-052,SJS,@,MIN,W,1,0,1,2,2,1,0,0,0,,,,1,100.0,22,16:08,2,0,3,1,75.0
129,2010-03-25,48,25-054,SJS,,DAL,W,0,0,0,0,2,0,0,0,0,,,,2,0.0,23,15:25,2,0,1,2,33.3
130,2010-03-27,49,25-056,SJS,,VAN,W,0,0,0,-1,0,0,0,0,0,,,,3,0.0,22,13:43,2,1,0,2,0.0
131,2010-03-28,50,25-057,SJS,,COL,W,0,0,0,0,0,0,0,0,0,,,,2,0.0,26,18:06,1,2,2,1,66.7
132,2010-03-31,51,25-060,SJS,@,DAL,L,0,0,0,-2,0,0,0,0,0,,,,4,0.0,24,15:21,0,1,0,0,
133,2010-04-02,52,25-062,SJS,@,MIN,W,0,1,1,1,0,0,0,0,0,,,,2,0.0,19,12:25,0,0,0,0,
134,2010-04-04,53,25-064,SJS,@,COL,L-OT,0,1,1,1,0,0,0,0,0,,,,0,,14,8:58,0,0,0,2,0.0
135,2010-04-06,54,25-066,SJS,@,CGY,W,0,0,0,0,2,0,0,0,0,,,,1,0.0,21,12:14,1,0,0,0,
136,2010-04-08,55,25-068,SJS,,VAN,W,0,2,2,2,0,0,0,0,0,,,,0,,19,11:32,2,1,0,0,
137,2010-04-10,56,25-070,SJS,,PHX,W,0,0,0,0,0,0,0,0,0,,,,3,0.0,21,13:12,0,0,0,0,
138,2010-10-08,1,25-251,SJS,@,CBJ,W,1,0,1,1,2,1,0,0,0,,,,1,100.0,21,14:35,0,1,0,0,
139,2010-10-09,2,25-252,SJS,,CBJ,L-OT,0,0,0,-1,0,0,0,0,0,,,,3,0.0,21,14:00,0,0,1,0,100.0
140,2010-10-16,3,25-259,SJS,,ATL,L,0,1,1,1,0,0,0,0,0,,,,0,,19,15:13,0,1,2,1,66.7
141,2010-10-19,4,25-262,SJS,,CAR,L,0,0,0,-1,0,0,0,0,0,,,,1,0.0,20,11:39,1,0,0,1,0.0
142,2010-10-21,5,25-264,SJS,@,COL,W,0,0,0,1,0,0,0,0,0,,,,2,0.0,15,12:18,0,0,0,0,
143,2010-10-23,6,25-266,SJS,@,EDM,W,0,1,1,1,0,0,0,0,0,,,,2,0.0,20,13:49,1,1,0,0,
144,2010-10-24,7,25-267,SJS,@,CGY,L,0,0,0,0,2,0,0,0,0,,,,1,0.0,21,13:27,0,1,3,0,100.0
145,2010-10-27,8,25-270,SJS,,NJD,W,0,0,0,0,0,0,0,0,0,,,,1,0.0,17,12:19,1,0,0,1,0.0
146,2010-10-30,9,25-273,SJS,,ANA,W,0,0,0,0,0,0,0,0,0,,,,1,0.0,22,14:48,0,0,0,0,
147,2010-11-02,10,25-276,SJS,@,MIN,L,0,0,0,0,2,0,0,0,0,,,,5,0.0,22,14:32,1,1,1,0,100.0
148,2010-11-04,11,25-278,SJS,@,STL,L,0,0,0,0,0,0,0,0,0,,,,0,,21,14:55,0,1,1,2,33.3
149,2010-11-06,12,25-280,SJS,,TBL,W,0,0,0,0,0,0,0,0,0,,,,1,0.0,20,12:26,1,0,3,3,50.0
150,2010-11-09,13,25-283,SJS,,ANA,L-OT,1,0,1,2,2,1,0,0,0,,,,4,25.0,20,11:31,2,0,4,1,80.0
151,2010-11-11,14,25-285,SJS,,NYI,W,0,0,0,0,0,0,0,0,0,,,,1,0.0,22,13:33,1,0,8,7,53.3
152,2010-11-13,15,25-287,SJS,,CGY,W,0,0,0,-1,2,0,0,0,0,,,,0,,22,13:14,2,0,1,5,16.7
153,2010-11-15,16,25-289,SJS,,LAK,W,1,0,1,1,0,1,0,0,0,,,,3,33.3,22,13:39,1,0,7,7,50.0
154,2010-11-17,17,25-291,SJS,@,COL,L-OT,0,0,0,-1,0,0,0,0,0,,,,4,0.0,21,15:00,1,1,9,4,69.2
155,2010-11-18,18,25-292,SJS,@,DAL,L-OT,0,0,0,0,10,0,0,0,0,,,,1,0.0,20,11:15,0,0,2,2,50.0
156,2010-11-20,19,25-294,SJS,,CBJ,L,0,0,0,0,0,0,0,0,0,,,,1,0.0,21,12:46,1,0,11,3,78.6
157,2010-11-24,20,25-298,SJS,,CHI,W,0,0,0,-1,2,0,0,0,0,,,,1,0.0,22,14:24,0,1,0,1,0.0
158,2010-11-26,21,25-300,SJS,@,VAN,L,0,0,0,-3,0,0,0,0,0,,,,0,,24,14:16,0,1,5,6,45.5
159,2010-11-27,22,25-301,SJS,@,EDM,W,0,0,0,0,0,0,0,0,0,,,,1,0.0,21,15:35,0,0,2,2,50.0
160,2010-11-30,23,25-304,SJS,,DET,L,0,1,1,2,0,0,0,0,0,,,,1,0.0,19,12:52,2,0,1,5,16.7
161,2010-12-02,24,25-306,SJS,@,OTT,W,0,0,0,0,0,0,0,0,0,,,,2,0.0,20,13:41,0,0,2,1,66.7
162,2010-12-04,25,25-308,SJS,@,MTL,L,0,0,0,-1,0,0,0,0,0,,,,0,,16,10:35,0,0,2,1,66.7
163,2010-12-06,26,25-310,SJS,@,DET,W,0,0,0,1,0,0,0,0,0,,,,2,0.0,20,15:20,0,0,2,5,28.6
164,2010-12-08,27,25-312,SJS,@,PHI,W,0,0,0,-1,0,0,0,0,0,,,,1,0.0,19,15:18,0,0,2,4,33.3
165,2010-12-09,28,25-313,SJS,@,BUF,L,0,1,1,0,0,0,0,0,0,,,,0,,22,15:02,0,1,2,2,50.0
166,2010-12-11,29,25-315,SJS,,CHI,W,0,0,0,-1,0,0,0,0,0,,,,0,,19,14:07,0,0,2,3,40.0
167,2010-12-13,30,25-317,SJS,,DAL,L-SO,0,0,0,0,0,0,0,0,0,,,,1,0.0,13,6:59,2,2,1,0,100.0
168,2010-12-15,31,25-319,SJS,@,NSH,L,0,0,0,-1,0,0,0,0,0,,,,0,,12,7:09,2,0,0,0,
169,2010-12-16,32,25-320,SJS,@,DAL,W,1,0,1,1,0,1,0,0,0,,,,2,50.0,19,12:50,1,0,0,0,
170,2010-12-18,33,25-322,SJS,@,STL,W,0,0,0,0,0,0,0,0,0,,,,1,0.0,19,14:04,4,0,1,0,100.0
171,2010-12-21,34,25-325,SJS,,EDM,W,0,0,0,0,0,0,0,0,0,,,,1,0.0,17,12:08,0,0,0,1,0.0
172,2010-12-23,35,25-327,SJS,,PHX,W,0,0,0,0,0,0,0,0,0,,,,1,0.0,9,5:32,0,0,0,0,
173,2011-01-06,36,25-341,SJS,,BUF,L,0,0,0,-1,2,0,0,0,0,,,,2,0.0,20,12:03,2,0,2,5,28.6
174,2011-01-08,37,25-343,SJS,,NSH,L,0,0,0,-1,0,0,0,0,0,,,,0,,18,12:42,1,1,3,2,60.0
175,2011-01-09,38,25-344,SJS,@,ANA,L,0,0,0,0,0,0,0,0,0,,,,3,0.0,16,11:52,0,0,1,7,12.5
176,2011-01-11,39,25-346,SJS,,TOR,L,0,0,0,0,0,0,0,0,0,,,,0,,25,16:00,0,2,6,7,46.2
177,2011-02-11,40,26-012,SJS,@,NJD,L,0,0,0,0,4,0,0,0,0,,,,0,,17,10:15,0,0,0,0,
178,2011-02-13,41,26-014,SJS,@,FLA,L,0,2,2,1,2,0,0,0,0,,,,2,0.0,21,14:04,3,1,1,0,100.0
179,2011-02-15,42,26-016,SJS,@,NSH,W,0,0,0,0,0,0,0,0,0,,,,2,0.0,19,14:43,1,1,3,2,60.0
180,2011-02-17,43,26-018,SJS,,WSH,W,0,0,0,0,0,0,0,0,0,,,,1,0.0,20,14:11,0,0,0,2,0.0
181,2011-02-19,44,26-020,SJS,,COL,W,0,0,0,0,0,0,0,0,0,,,,3,0.0,22,14:04,0,1,0,0,
182,2011-02-22,45,26-023,SJS,@,DET,W,0,0,0,0,0,0,0,0,0,,,,1,0.0,19,10:15,0,0,2,2,50.0
183,2011-02-23,46,26-024,SJS,@,PIT,W,0,0,0,0,0,0,0,0,0,,,,2,0.0,21,13:58,0,0,0,0,
184,2011-02-25,47,26-026,SJS,@,CGY,W,0,0,0,-1,0,0,0,0,0,,,,3,0.0,20,12:11,2,0,0,0,
185,2011-03-01,48,26-030,SJS,,COL,W,0,0,0,0,0,0,0,0,0,,,,3,0.0,21,15:11,1,1,0,0,
186,2011-03-03,49,26-032,SJS,,DET,W,0,0,0,0,2,0,0,0,0,,,,2,0.0,21,13:13,3,1,0,0,
187,2011-03-05,50,26-034,SJS,,DAL,L,0,1,1,0,0,0,0,0,0,,,,3,0.0,16,11:45,1,0,0,0,
188,2011-03-08,51,26-037,SJS,,NSH,W,0,0,0,0,0,0,0,0,0,,,,2,0.0,18,11:40,3,2,0,0,
189,2011-03-10,52,26-039,SJS,,VAN,L-SO,1,0,1,1,0,1,0,0,0,,,,1,100.0,17,10:41,2,1,0,1,0.0
190,2011-03-12,53,26-041,SJS,,NYR,L-SO,0,1,1,1,0,0,0,0,0,,,,2,0.0,22,13:59,0,0,0,0,
191,2011-03-14,54,26-043,SJS,@,CHI,L,0,0,0,0,2,0,0,0,0,,,,2,0.0,19,10:33,0,0,0,0,
192,2011-03-15,55,26-044,SJS,@,DAL,W,1,0,1,1,0,1,0,0,1,,,,4,25.0,22,14:23,3,1,0,0,
193,2011-03-17,56,26-046,SJS,,MIN,W,0,1,1,1,2,0,0,0,0,,,,6,0.0,21,13:57,1,0,0,0,
194,2011-03-19,57,26-048,SJS,,STL,W,1,1,2,2,2,1,0,0,0,,,,3,33.3,23,14:48,1,0,0,2,0.0
195,2011-03-23,58,26-052,SJS,,CGY,W,2,0,2,2,0,2,0,0,0,,,,5,40.0,23,15:44,2,1,0,1,0.0
196,2011-03-24,59,26-053,SJS,@,LAK,L-SO,0,0,0,0,0,0,0,0,0,,,,0,,23,14:51,0,1,0,0,
197,2011-03-26,60,26-055,SJS,@,PHX,W,0,0,0,-1,2,0,0,0,0,,,,3,0.0,22,16:11,2,0,0,0,
198,2011-03-31,61,26-060,SJS,,DAL,W,0,0,0,0,0,0,0,0,0,,,,2,0.0,21,13:45,0,0,0,1,0.0
199,2011-04-02,62,26-062,SJS,,ANA,W,0,0,0,0,0,0,0,0,0,,,,2,0.0,18,13:42,3,0,1,2,33.3
200,2011-04-04,63,26-064,SJS,,LAK,W,0,1,1,2,0,0,0,0,0,,,,3,0.0,25,16:38,1,0,3,1,75.0
201,2011-04-06,64,26-066,SJS,@,ANA,L,0,1,1,2,2,0,0,0,0,,,,1,0.0,26,15:51,1,0,1,0,100.0
202,2011-04-08,65,26-068,SJS,@,PHX,L,0,1,1,1,4,0,0,0,0,,,,4,0.0,26,17:24,0,0,0,1,0.0
203,2011-04-09,66,26-069,SJS,,PHX,W,0,1,1,1,0,0,0,0,0,,,,3,0.0,24,15:27,0,1,1,0,100.0
204,2011-10-08,1,26-251,SJS,,PHX,W,0,1,1,1,0,0,0,0,0,,,,3,0.0,22,13:50,0,0,0,1,0.0
205,2011-10-14,2,26-257,SJS,@,ANA,L,0,0,0,0,2,0,0,0,0,,,,1,0.0,22,15:46,1,1,0,0,
206,2011-10-15,3,26-258,SJS,,STL,L,0,1,1,1,0,0,0,0,0,,,,2,0.0,23,15:30,1,0,0,0,
207,2011-10-17,4,26-260,SJS,,ANA,L,0,1,1,0,0,0,0,0,0,,,,0,,17,11:34,2,0,0,1,0.0
208,2011-10-21,5,26-264,SJS,@,NJD,W,0,0,0,0,0,0,0,0,0,,,,0,,1,0:06,0,,,,
209,2011-10-29,6,26-272,SJS,@,NYI,W,0,0,0,0,0,0,0,0,0,,,,2,0.0,17,10:14,0,0,0,0,
210,2011-10-31,7,26-274,SJS,@,NYR,L,0,0,0,-1,0,0,0,0,0,,,,0,,23,13:18,0,1,1,1,50.0
211,2011-11-03,8,26-277,SJS,,PIT,W,0,0,0,0,0,0,0,0,0,,,,0,,22,14:42,1,0,0,0,
212,2011-11-05,9,26-279,SJS,,NSH,L-OT,0,0,0,-1,0,0,0,0,0,,,,0,,20,15:39,0,0,0,0,
213,2011-11-07,10,26-281,SJS,,LAK,W,0,0,0,0,2,0,0,0,0,,,,1,0.0,17,13:07,0,2,0,1,0.0
214,2011-11-10,11,26-284,SJS,,MIN,W,1,0,1,1,0,1,0,0,0,,,,2,50.0,19,11:14,1,0,1,0,100.0
215,2011-11-12,12,26-286,SJS,,PHX,L,0,0,0,0,0,0,0,0,0,,,,2,0.0,20,12:29,0,0,0,0,
216,2011-11-17,13,26-291,SJS,,DET,W,1,0,1,1,0,1,0,0,0,,,,3,33.3,19,12:50,0,1,0,0,
217,2011-11-19,14,26-293,SJS,@,DAL,W,0,0,0,-1,2,0,0,0,0,,,,3,0.0,21,13:20,1,2,0,1,0.0
218,2011-11-20,15,26-294,SJS,@,COL,W,0,0,0,0,0,0,0,0,0,,,,1,0.0,17,11:57,0,0,0,0,
219,2011-11-23,16,26-297,SJS,,CHI,W,0,0,0,0,0,0,0,0,0,,,,1,0.0,22,13:14,1,0,0,0,
220,2011-11-26,17,26-300,SJS,,VAN,L,0,0,0,-1,0,0,0,0,0,,,,1,0.0,24,17:17,2,0,0,0,
221,2011-11-28,18,26-302,SJS,@,LAK,L,0,0,0,-1,0,0,0,0,0,,,,0,,20,10:34,2,1,2,2,50.0
222,2011-12-01,19,26-305,SJS,,MTL,W,0,0,0,0,0,0,0,0,0,,,,0,,15,11:09,2,0,0,0,
223,2011-12-03,20,26-307,SJS,,FLA,L,0,0,0,0,0,0,0,0,0,,,,0,,19,13:29,1,0,0,0,
224,2011-12-06,21,26-310,SJS,,MIN,L,0,0,0,0,2,0,0,0,0,,,,0,,17,9:19,1,0,0,0,
225,2011-12-08,22,26-312,SJS,,DAL,W,1,0,1,1,0,1,0,0,0,,,,3,33.3,15,10:17,0,2,0,1,0.0
226,2011-12-10,23,26-314,SJS,@,STL,L,0,0,0,0,0,0,0,0,0,,,,0,,15,10:21,0,0,0,2,0.0
227,2011-12-11,24,26-315,SJS,@,CHI,L-OT,0,0,0,0,0,0,0,0,0,,,,3,0.0,22,14:52,4,0,1,0,100.0
228,2011-12-13,25,26-317,SJS,@,COL,L-SO,0,1,1,1,0,0,0,0,0,,,,2,0.0,21,14:43,1,0,0,0,
229,2011-12-15,26,26-319,SJS,,COL,W,0,0,0,0,0,0,0,0,0,,,,1,0.0,21,15:06,0,1,0,2,0.0
230,2011-12-17,27,26-321,SJS,,EDM,W,0,0,0,0,0,0,0,0,0,,,,2,0.0,25,16:46,0,1,0,0,
231,2011-12-21,28,26-325,SJS,,TBL,W,0,0,0,0,2,0,0,0,0,,,,2,0.0,20,11:53,0,0,0,0,
232,2011-12-23,29,26-327,SJS,,LAK,W,0,0,0,0,0,0,0,0,0,,,,1,0.0,18,11:46,1,0,0,0,
233,2011-12-26,30,26-330,SJS,,ANA,L,0,0,0,1,0,0,0,0,0,,,,1,0.0,19,13:37,2,0,1,0,100.0
234,2011-12-28,31,26-332,SJS,,VAN,L-OT,0,0,0,0,0,0,0,0,0,,,,1,0.0,20,12:11,1,0,0,0,
235,2012-01-02,32,26-337,SJS,@,VAN,W,0,0,0,-1,0,0,0,0,0,,,,2,0.0,20,11:24,0,0,0,0,
236,2012-01-04,33,26-339,SJS,@,ANA,W,0,0,0,0,0,0,0,0,0,,,,0,,9,7:04,0,,,,
237,2012-01-07,34,26-342,SJS,,WSH,W,1,1,2,1,0,1,0,0,0,,,,4,25.0,22,14:49,3,0,0,0,
238,2012-01-10,35,26-345,SJS,@,MIN,L-SO,0,0,0,1,0,0,0,0,0,,,,0,,20,11:56,1,1,2,1,66.7
239,2012-01-12,36,26-347,SJS,@,WPG,W,0,0,0,0,0,0,0,0,0,,,,3,0.0,20,13:12,6,0,0,0,
240,2012-01-14,37,26-349,SJS,@,CBJ,W,0,0,0,0,0,0,0,0,0,,,,1,0.0,20,12:58,3,1,0,2,0.0
241,2012-01-15,38,26-350,SJS,@,CHI,L,0,2,2,1,0,0,0,0,0,,,,1,0.0,20,11:55,3,0,1,5,16.7
242,2012-01-17,39,26-352,SJS,,CGY,W,1,0,1,1,0,1,0,0,0,,,,1,100.0,21,14:57,3,1,0,2,0.0
243,2012-01-19,40,26-354,SJS,,OTT,L,0,0,0,0,0,0,0,0,0,,,,1,0.0,23,13:40,3,0,0,0,
244,2012-01-21,41,26-356,SJS,@,VAN,L,0,0,0,-2,0,0,0,0,0,,,,1,0.0,23,13:33,3,1,0,1,0.0
245,2012-01-23,42,26-358,SJS,@,EDM,L-SO,0,0,0,-1,0,0,0,0,0,,,,2,0.0,23,14:43,0,0,0,0,
246,2012-01-24,43,26-359,SJS,@,CGY,W,0,0,0,0,2,0,0,0,0,,,,2,0.0,23,14:15,2,0,3,1,75.0
247,2012-01-31,44,27-001,SJS,,CBJ,W,0,0,0,2,2,0,0,0,0,,,,1,0.0,22,13:48,2,2,1,0,100.0
248,2012-02-02,45,27-003,SJS,,DAL,W,0,0,0,0,0,0,0,0,0,,,,2,0.0,20,12:13,2,0,0,0,
249,2012-02-04,46,27-005,SJS,@,PHX,L,0,0,0,-1,0,0,0,0,0,,,,2,0.0,19,11:16,2,1,0,1,0.0
250,2012-02-08,47,27-009,SJS,,CGY,L,0,0,0,0,0,0,0,0,0,,,,0,,18,13:48,2,0,0,1,0.0
251,2012-02-10,48,27-011,SJS,,CHI,W,0,0,0,-1,0,0,0,0,0,,,,1,0.0,21,11:38,1,3,0,0,
252,2012-02-12,49,27-013,SJS,@,STL,L,0,0,0,0,0,0,0,0,0,,,,2,0.0,16,10:19,3,0,0,0,
253,2012-02-13,50,27-014,SJS,@,WSH,W,0,0,0,-1,0,0,0,0,0,,,,1,0.0,18,12:35,1,1,0,0,
254,2012-02-16,51,27-017,SJS,@,TBL,L-OT,0,2,2,0,0,0,0,0,0,,,,6,0.0,22,13:16,2,0,0,0,
255,2012-02-17,52,27-018,SJS,@,CAR,L,0,0,0,-1,0,0,0,0,0,,,,1,0.0,16,8:08,0,0,0,0,
256,2012-02-19,53,27-020,SJS,@,DET,L,0,0,0,-1,0,0,0,0,0,,,,1,0.0,12,6:18,1,0,0,1,0.0
257,2012-02-23,54,27-024,SJS,@,TOR,W,0,0,0,0,0,0,0,0,0,,,,0,,20,12:52,2,1,0,0,
258,2012-02-25,55,27-026,SJS,@,NSH,L,0,0,0,-2,0,0,0,0,0,,,,0,,18,11:16,0,,,,
259,2012-02-26,56,27-027,SJS,@,MIN,L,0,1,1,1,0,0,0,0,0,,,,1,0.0,25,15:39,0,1,2,0,100.0
260,2012-02-28,57,27-029,SJS,,PHI,W,0,0,0,1,0,0,0,0,0,,,,1,0.0,21,15:11,1,2,0,1,0.0
261,2012-03-01,58,27-031,SJS,,BUF,L,0,0,0,0,0,0,0,0,0,,,,2,0.0,19,12:37,2,0,1,1,50.0
262,2012-03-03,59,27-033,SJS,,STL,L,1,0,1,1,0,1,0,0,0,,,,1,100.0,25,16:46,2,1,1,2,33.3
263,2012-03-06,60,27-036,SJS,,EDM,L-SO,0,0,0,-1,0,0,0,0,0,,,,2,0.0,18,12:22,1,0,2,0,100.0
264,2012-03-08,61,27-038,SJS,@,DAL,L-SO,1,0,1,1,2,1,0,0,0,,,,2,50.0,21,15:01,1,1,0,0,
265,2012-03-10,62,27-040,SJS,@,PHX,L,0,0,0,-1,0,0,0,0,0,,,,2,0.0,18,11:02,3,0,2,4,33.3
266,2012-03-12,63,27-042,SJS,@,EDM,W,1,0,1,1,0,1,0,0,0,,,,3,33.3,22,11:36,1,0,2,0,100.0
267,2012-03-13,64,27-043,SJS,@,CGY,L-OT,0,0,0,-1,0,0,0,0,0,,,,0,,21,14:12,3,0,1,0,100.0
268,2012-03-15,65,27-045,SJS,,NSH,W,0,0,0,0,0,0,0,0,0,,,,3,0.0,19,12:44,0,0,4,4,50.0
269,2012-03-17,66,27-047,SJS,,DET,W,0,0,0,0,2,0,0,0,0,,,,2,0.0,19,12:44,1,0,0,0,
270,2012-03-19,67,27-049,SJS,,ANA,L,0,0,0,-2,0,0,0,0,0,,,,0,,20,13:27,0,1,1,0,100.0
271,2012-03-20,68,27-050,SJS,@,LAK,L,0,0,0,-1,4,0,0,0,0,,,,2,0.0,23,13:05,1,0,0,3,0.0
272,2012-03-22,69,27-052,SJS,,BOS,W,0,0,0,-1,0,0,0,0,0,,,,1,0.0,23,15:43,2,0,0,0,
273,2012-03-24,70,27-054,SJS,,PHX,W,0,0,0,-1,0,0,0,0,0,,,,1,0.0,14,10:43,1,0,0,1,0.0
274,2012-03-26,71,27-056,SJS,,COL,W,1,0,1,1,0,1,0,0,0,,,,1,100.0,16,10:18,0,1,1,0,100.0
275,2012-03-28,72,27-058,SJS,@,ANA,L,0,0,0,-1,0,0,0,0,0,,,,1,0.0,15,11:03,1,1,0,1,0.0
276,2012-03-29,73,27-059,SJS,@,PHX,L,0,0,0,0,0,0,0,0,0,,,,1,0.0,17,11:55,2,0,3,1,75.0
277,2012-03-31,74,27-061,SJS,,DAL,W,0,0,0,0,7,0,0,0,0,,,,0,,18,11:49,0,0,0,1,0.0
278,2012-04-03,75,27-064,SJS,@,DAL,W,0,0,0,0,0,0,0,0,0,,,,1,0.0,18,11:11,1,1,3,1,75.0
279,2012-04-05,76,27-066,SJS,@,LAK,W,0,0,0,0,0,0,0,0,0,,,,0,,3,1:55,1,0,0,0,
280,2013-01-19,1,27-355,MIN,,COL,W,0,0,0,0,0,0,0,0,0,,,,1,0.0,10,5:20,1,0,0,0,
281,2013-01-20,2,27-356,MIN,,DAL,W,0,0,0,0,0,0,0,0,0,,,,0,,12,7:57,2,1,0,0,
282,2013-01-22,3,27-358,MIN,,NSH,L,0,0,0,-1,0,0,0,0,0,,,,0,,11,7:16,0,0,0,0,
283,2013-01-25,4,27-361,MIN,@,DET,L,0,0,0,0,0,0,0,0,0,,,,0,,13,7:34,2,0,1,1,50.0
284,2013-01-27,5,27-363,MIN,@,STL,L-OT,0,0,0,0,0,0,0,0,0,,,,0,,14,8:41,1,0,1,0,100.0
285,2013-01-29,6,27-365,MIN,,CBJ,W,0,1,1,0,0,0,0,0,0,,,,0,,14,10:26,1,2,0,0,
286,2013-01-30,7,28-000,MIN,,CHI,W,0,0,0,0,0,0,0,0,0,,,,0,,12,6:30,0,0,1,0,100.0
287,2013-02-01,8,28-002,MIN,@,ANA,L,0,0,0,0,0,0,0,0,0,,,,2,0.0,14,10:58,0,1,0,0,
288,2013-02-04,9,28-005,MIN,@,PHX,L,0,0,0,-1,2,0,0,0,0,,,,1,0.0,20,12:30,3,0,0,0,
289,2013-02-07,10,28-008,MIN,,VAN,L,0,0,0,-2,2,0,0,0,0,,,,0,,20,10:26,2,0,0,0,
290,2013-02-12,11,28-013,MIN,@,VAN,L,0,0,0,0,0,0,0,0,0,,,,0,,17,9:49,2,0,0,1,0.0
291,2013-02-14,12,28-015,MIN,,COL,L-SO,0,0,0,0,0,0,0,0,0,,,,0,,17,11:46,2,0,1,1,50.0
292,2013-02-17,13,28-018,MIN,,DET,W,1,0,1,1,0,1,0,0,1,,,,2,50.0,15,8:36,0,1,0,0,
293,2013-02-21,14,28-022,MIN,@,EDM,W,0,0,0,0,0,0,0,0,0,,,,0,,14,9:11,1,0,0,0,
294,2013-02-23,15,28-024,MIN,@,CGY,L,0,0,0,0,0,0,0,0,0,,,,2,0.0,15,9:36,2,0,0,0,
295,2013-02-26,16,28-027,MIN,,CGY,W,0,0,0,0,2,0,0,0,0,,,,0,,18,10:37,1,0,0,0,
296,2013-02-28,17,28-029,MIN,@,PHX,W,0,0,0,0,4,0,0,0,0,,,,0,,24,15:10,3,0,0,0,
297,2013-03-01,18,28-030,MIN,@,ANA,L,0,0,0,-1,0,0,0,0,0,,,,2,0.0,16,11:53,2,0,0,0,
298,2013-03-03,19,28-032,MIN,,EDM,W,0,0,0,0,0,0,0,0,0,,,,2,0.0,19,12:38,0,0,0,0,
299,2013-03-05,20,28-034,MIN,@,CHI,L,0,1,1,0,0,0,0,0,0,,,,0,,20,11:43,1,0,0,0,
300,2013-03-09,21,28-038,MIN,@,NSH,W,0,0,0,0,2,0,0,0,0,,,,0,,17,13:10,0,1,0,0,
301,2013-03-10,22,28-039,MIN,,VAN,W,0,0,0,0,0,0,0,0,0,,,,0,,19,12:16,1,2,0,0,
302,2013-03-12,23,28-041,MIN,,ANA,L,0,0,0,-1,0,0,0,0,0,,,,2,0.0,18,11:26,0,2,0,0,
303,2013-03-14,24,28-043,MIN,,COL,W,1,0,1,0,0,1,0,0,0,,,,3,33.3,17,10:06,0,1,0,0,
304,2013-03-16,25,28-045,MIN,@,COL,W,0,0,0,0,0,0,0,0,0,,,,0,,17,11:09,3,1,0,1,0.0
305,2013-03-18,26,28-047,MIN,@,VAN,W,0,0,0,0,0,0,0,0,0,,,,2,0.0,18,11:56,1,2,0,0,
306,2013-03-20,27,28-049,MIN,@,DET,W,0,0,0,0,2,0,0,0,0,,,,0,,18,11:18,1,0,0,0,
307,2013-03-23,28,28-052,MIN,,SJS,W,0,0,0,0,5,0,0,0,0,,,,1,0.0,12,7:17,1,0,0,1,0.0
308,2013-03-25,29,28-054,MIN,@,DAL,W,0,0,0,-2,0,0,0,0,0,,,,2,0.0,17,11:02,1,1,0,0,
309,2013-03-27,30,28-056,MIN,,PHX,W,1,0,1,1,0,1,0,0,0,,,,2,50.0,15,9:08,0,0,0,0,
310,2013-03-29,31,28-058,MIN,@,DAL,L,1,0,1,1,0,1,0,0,0,,,,4,25.0,18,10:39,0,1,0,0,
311,2013-04-01,32,28-061,MIN,,STL,L,0,1,1,1,0,0,0,0,0,,,,1,0.0,17,8:58,1,1,0,0,
312,2013-04-03,33,28-063,MIN,@,SJS,L,0,0,0,0,0,0,0,0,0,,,,3,0.0,17,10:22,0,0,1,2,33.3
313,2013-04-04,34,28-064,MIN,@,LAK,L,0,0,0,0,2,0,0,0,0,,,,1,0.0,17,11:38,0,0,1,0,100.0
314,2013-04-07,35,28-067,MIN,@,CBJ,W,0,0,0,0,0,0,0,0,0,,,,1,0.0,24,12:16,0,1,0,1,0.0
315,2013-04-09,36,28-069,MIN,,CHI,L,0,0,0,0,0,0,0,0,0,,,,0,,16,10:45,2,0,0,0,
316,2013-04-11,37,28-071,MIN,,STL,L,0,0,0,-1,0,0,0,0,0,,,,0,,15,9:13,0,0,0,1,0.0
317,2013-04-13,38,28-073,MIN,,CBJ,L-SO,0,0,0,0,0,0,0,0,0,,,,0,,19,9:17,1,0,3,0,100.0
318,2013-04-15,39,28-075,MIN,@,CGY,W,0,0,0,-1,0,0,0,0,0,,,,1,0.0,19,11:41,2,0,2,4,33.3
319,2013-04-16,40,28-076,MIN,@,EDM,W,0,1,1,1,0,0,0,0,0,,,,0,,14,11:37,2,1,4,3,57.1
320,2013-04-18,41,28-078,MIN,@,SJS,L,0,0,0,0,0,0,0,0,0,,,,2,0.0,17,11:18,0,0,4,3,57.1
321,2013-04-21,42,28-081,MIN,,CGY,L,0,0,0,-1,0,0,0,0,0,,,,1,0.0,13,9:23,1,0,2,2,50.0
322,2013-04-23,43,28-083,MIN,,LAK,W,0,0,0,0,0,0,0,0,0,,,,1,0.0,20,13:36,2,0,0,0,
323,2013-04-26,44,28-086,MIN,,EDM,L,0,0,0,-2,0,0,0,0,0,,,,0,,21,14:19,2,1,0,0,
324,2013-04-27,45,28-087,MIN,@,COL,W,0,0,0,0,0,0,0,0,0,,,,0,,14,9:59,0,2,0,0,
325,2013-10-03,1,28-246,MIN,,LAK,L-SO,0,0,0,0,0,0,0,0,0,,,,1,0.0,19,10:40,2,1,0,0,
326,2013-10-05,2,28-248,MIN,,ANA,L-OT,0,0,0,0,2,0,0,0,0,,,,1,0.0,19,12:49,3,0,0,0,
327,2013-10-08,3,28-251,MIN,@,NSH,L,0,0,0,0,0,0,0,0,0,,,,2,0.0,18,9:18,1,0,0,1,0.0
328,2013-10-10,4,28-253,MIN,,WPG,W,0,1,1,1,0,0,0,0,0,,,,2,0.0,21,11:00,1,0,0,0,
329,2013-10-12,5,28-255,MIN,,DAL,W,0,0,0,0,0,0,0,0,0,,,,0,,15,10:06,1,0,0,1,0.0
330,2013-10-14,6,28-257,MIN,@,BUF,W,0,0,0,0,0,0,0,0,0,,,,1,0.0,16,9:44,0,0,1,1,50.0
331,2013-10-15,7,28-258,MIN,@,TOR,L,0,0,0,-1,0,0,0,0,0,,,,5,0.0,15,9:42,2,0,1,0,100.0
332,2013-10-17,8,28-260,MIN,@,TBL,L,0,0,0,0,0,0,0,0,0,,,,0,,18,11:03,0,0,1,0,100.0
333,2013-10-19,9,28-262,MIN,@,FLA,L-SO,0,0,0,0,0,0,0,0,0,,,,0,,16,9:28,1,0,0,0,
334,2013-10-22,10,28-265,MIN,,NSH,W,0,0,0,0,0,0,0,0,0,,,,2,0.0,17,11:28,0,1,0,1,0.0
335,2013-10-24,11,28-267,MIN,,CAR,W,0,0,0,0,2,0,0,0,0,,,,2,0.0,20,11:47,1,0,1,0,100.0
336,2013-10-26,12,28-269,MIN,@,CHI,W,0,0,0,-2,0,0,0,0,0,,,,0,,19,10:41,0,0,0,0,
337,2013-10-28,13,28-271,MIN,,CHI,L,0,0,0,-1,0,0,0,0,0,,,,1,0.0,14,11:02,2,0,1,0,100.0
338,2013-11-01,14,28-275,MIN,,MTL,W,0,1,1,1,0,0,0,0,0,,,,1,0.0,12,8:01,0,0,0,0,
339,2013-11-03,15,28-277,MIN,,NJD,W,1,0,1,1,2,1,0,0,0,,,,1,100.0,18,11:06,0,1,0,0,
340,2013-11-05,16,28-279,MIN,,CGY,W,0,1,1,0,0,0,0,0,0,,,,1,0.0,15,9:42,2,0,0,0,
341,2013-11-07,17,28-281,MIN,@,WSH,L-SO,0,0,0,0,0,0,0,0,0,,,,1,0.0,13,8:26,0,1,0,0,
342,2013-11-09,18,28-283,MIN,@,CAR,W,0,0,0,0,0,0,0,0,0,,,,1,0.0,14,9:09,0,0,0,0,
343,2013-11-13,19,28-287,MIN,,TOR,W,0,0,0,0,0,0,0,0,0,,,,0,,8,4:53,0,,,,
344,2013-11-15,20,28-289,MIN,,FLA,W,0,0,0,-1,0,0,0,0,0,,,,0,,15,9:51,2,0,0,0,
345,2013-11-17,21,28-291,MIN,,WPG,W,0,0,0,0,0,0,0,0,0,,,,0,,12,8:02,0,1,0,0,
346,2013-11-19,22,28-293,MIN,@,MTL,L,0,0,0,-2,0,0,0,0,0,,,,0,,10,5:41,0,0,0,0,
347,2013-11-27,23,28-301,MIN,,PHX,L,0,0,0,0,2,0,0,0,0,,,,1,0.0,12,6:53,0,1,0,0,
348,2013-11-29,24,28-303,MIN,,COL,L,0,0,0,0,0,0,0,0,0,,,,0,,13,8:25,0,,,,
349,2013-11-30,25,28-304,MIN,@,COL,L-SO,0,1,1,1,0,0,0,0,0,,,,2,0.0,21,12:23,1,0,0,0,
350,2013-12-02,26,28-306,MIN,,PHI,W,0,0,0,0,0,0,0,0,0,,,,2,0.0,25,14:44,1,1,0,0,
351,2013-12-05,27,28-309,MIN,,CHI,W,0,1,1,0,0,0,0,0,0,,,,0,,21,14:16,0,0,0,0,
352,2013-12-06,28,28-310,MIN,@,CBJ,L,0,0,0,0,0,0,0,0,0,,,,3,0.0,17,12:29,1,1,0,0,
353,2013-12-08,29,28-312,MIN,,SJS,W,0,0,0,0,0,0,0,0,0,,,,2,0.0,21,11:03,0,0,1,1,50.0
354,2013-12-11,30,28-315,MIN,@,ANA,L,0,0,0,0,0,0,0,0,0,,,,1,0.0,22,13:35,3,0,0,0,
355,2013-12-12,31,28-316,MIN,@,SJS,L,0,0,0,0,0,0,0,0,0,,,,1,0.0,14,6:47,0,1,0,0,
356,2013-12-14,32,28-318,MIN,@,COL,W,0,0,0,-1,0,0,0,0,0,,,,0,,15,9:00,0,0,0,0,
357,2013-12-17,33,28-321,MIN,,VAN,W,0,0,0,0,0,0,0,0,0,,,,0,,13,6:30,1,0,0,0,
358,2013-12-19,34,28-323,MIN,@,PIT,L,0,0,0,0,0,0,0,0,0,,,,1,0.0,20,12:58,0,0,0,0,
359,2013-12-22,35,28-326,MIN,@,NYR,L,0,0,0,0,0,0,0,0,0,,,,1,0.0,14,9:53,1,0,0,0,
360,2013-12-23,36,28-327,MIN,@,PHI,L,0,0,0,-1,0,0,0,0,0,,,,0,,14,10:02,1,1,0,0,
361,2013-12-27,37,28-331,MIN,@,WPG,L,0,1,1,1,0,0,0,0,0,,,,0,,15,9:37,1,0,0,0,
362,2013-12-29,38,28-333,MIN,,NYI,L,0,1,1,0,5,0,0,0,0,,,,0,,15,10:05,0,0,2,3,40.0
363,2013-12-31,39,28-335,MIN,,STL,L,0,0,0,0,0,0,0,0,0,,,,0,,13,8:35,0,0,0,1,0.0
364,2014-01-02,40,28-337,MIN,,BUF,W,0,0,0,0,0,0,0,0,0,,,,1,0.0,18,11:41,0,1,0,0,
365,2014-01-04,41,28-339,MIN,,WSH,W,0,0,0,0,0,0,0,0,0,,,,0,,22,12:31,0,1,0,0,
366,2014-01-07,42,28-342,MIN,@,LAK,W,0,0,0,0,0,0,0,0,0,,,,0,,20,14:07,1,1,0,0,
367,2014-01-09,43,28-344,MIN,@,PHX,W,0,0,0,0,0,0,0,0,0,,,,0,,21,12:23,2,3,0,0,
368,2014-01-11,44,28-346,MIN,,COL,L,0,0,0,-1,0,0,0,0,0,,,,2,0.0,16,11:33,0,1,0,0,
369,2014-01-12,45,28-347,MIN,@,NSH,W,0,0,0,0,0,0,0,0,0,,,,0,,20,11:14,1,0,0,0,
370,2014-01-14,46,28-349,MIN,,OTT,L,0,0,0,0,0,0,0,0,0,,,,0,,13,9:22,1,0,1,1,50.0
371,2014-01-16,47,28-351,MIN,,EDM,W,0,0,0,-1,0,0,0,0,0,,,,3,0.0,18,11:04,0,1,0,2,0.0
372,2014-01-18,48,28-353,MIN,,DAL,W,0,1,1,2,2,0,0,0,0,,,,0,,18,11:32,1,0,0,0,
373,2014-01-21,49,28-356,MIN,@,DAL,L,0,0,0,0,4,0,0,0,0,,,,1,0.0,19,9:48,0,1,0,1,0.0
374,2014-01-23,50,28-358,MIN,,CHI,W,0,0,0,0,0,0,0,0,0,,,,1,0.0,15,10:37,2,0,0,1,0.0
375,2014-01-25,51,28-360,MIN,@,SJS,L-OT,0,0,0,0,0,0,0,0,0,,,,0,,12,8:36,2,0,0,0,
376,2014-01-28,52,28-363,MIN,@,ANA,W,0,0,0,0,0,0,0,0,0,,,,0,,16,8:45,1,0,0,0,
377,2014-01-30,53,29-000,MIN,@,COL,L,0,0,0,0,2,0,0,0,0,,,,0,,12,6:28,0,0,0,0,
378,2014-02-04,54,29-005,MIN,,TBL,W,0,0,0,0,0,0,0,0,0,,,,0,,15,10:49,2,0,0,1,0.0
379,2014-02-06,55,29-007,MIN,,NSH,W,0,0,0,0,0,0,0,0,0,,,,1,0.0,13,9:37,1,1,0,0,
380,2014-02-27,56,29-028,MIN,@,EDM,W,0,0,0,1,0,0,0,0,0,,,,1,0.0,20,10:07,2,0,0,0,
381,2014-02-28,57,29-029,MIN,@,VAN,W,0,0,0,0,0,0,0,0,0,,,,0,,14,8:43,3,0,0,0,
382,2014-03-03,58,29-032,MIN,,CGY,W,0,0,0,0,0,0,0,0,0,,,,1,0.0,12,7:56,2,0,0,0,
383,2014-03-06,59,29-035,BUF,@,TBL,W,0,0,0,0,2,0,0,0,0,,,,0,,22,13:24,1,2,0,0,
384,2014-03-18,60,29-047,BUF,@,CGY,L,0,0,0,-1,0,0,0,0,0,,,,0,,19,12:24,0,0,0,0,
385,2014-03-20,61,29-049,BUF,@,EDM,W,0,0,0,1,2,0,0,0,0,,,,1,0.0,29,18:32,0,0,2,1,66.7
386,2014-03-23,62,29-052,BUF,@,VAN,L,0,0,0,-1,0,0,0,0,0,,,,0,,22,17:03,4,0,1,0,100.0
387,2014-03-25,63,29-054,BUF,@,MTL,L,0,0,0,0,0,0,0,0,0,,,,2,0.0,23,15:42,1,1,0,1,0.0
388,2014-04-08,64,29-068,BUF,,DET,L,0,0,0,1,0,0,0,0,0,,,,2,0.0,25,16:19,1,0,0,0,
389,2014-04-10,65,29-070,BUF,@,NYR,L,0,0,0,-1,0,0,0,0,0,,,,0,,23,14:21,0,1,0,2,0.0
390,2014-04-12,66,29-072,BUF,@,BOS,L,0,0,0,0,0,0,0,0,0,,,,1,0.0,23,16:49,4,0,0,0,
391,2014-04-13,67,29-073,BUF,,NYI,L-SO,1,0,1,1,0,1,0,0,0,,,,3,33.3,25,16:18,0,1,0,0,
392,2014-10-09,1,29-252,BUF,,CBJ,L,0,0,0,-1,0,0,0,0,0,0,0,0,0,,12,10:22,1,0,0,0,
393,2014-10-11,2,29-254,BUF,@,CHI,L,0,0,0,0,0,0,0,0,0,0,0,0,0,,15,10:43,2,1,0,0,
394,2014-10-13,3,29-256,BUF,,ANA,L,0,0,0,0,2,0,0,0,0,0,0,0,0,,22,14:09,0,1,1,1,50.0
395,2014-10-14,4,29-257,BUF,@,CAR,W,1,0,1,0,2,1,0,0,0,0,0,0,1,100.0,23,14:58,4,0,3,5,37.5
396,2014-10-17,5,29-260,BUF,,FLA,L,0,0,0,0,0,0,0,0,0,0,0,0,2,0.0,21,14:54,0,2,2,4,33.3
397,2014-10-18,6,29-261,BUF,,BOS,L,0,0,0,0,0,0,0,0,0,0,0,0,1,0.0,16,12:32,0,0,2,4,33.3
398,2014-10-22,7,29-265,BUF,@,ANA,L,0,0,0,-1,0,0,0,0,0,0,0,0,0,,18,14:42,0,0,2,2,50.0
399,2014-10-23,8,29-266,BUF,@,LAK,L,0,0,0,0,0,0,0,0,0,0,0,0,0,,22,14:24,1,1,1,4,20.0
400,2014-10-25,9,29-268,BUF,@,SJS,W,0,0,0,0,0,0,0,0,0,0,0,0,0,,21,16:48,0,0,2,4,33.3
401,2014-10-28,10,29-271,BUF,@,TOR,L,0,0,0,-1,0,0,0,0,0,0,0,0,2,0.0,17,13:36,0,2,4,5,44.4
402,2014-10-30,11,29-273,BUF,,BOS,L-OT,0,1,1,1,2,0,0,0,0,1,0,0,1,0.0,22,16:52,3,0,5,2,71.4
403,2014-11-01,12,29-275,BUF,@,PIT,L,0,0,0,-1,0,0,0,0,0,0,0,0,0,,22,14:19,0,1,1,5,16.7
404,2014-11-02,13,29-276,BUF,,DET,W,0,0,0,0,0,0,0,0,0,0,0,0,0,,24,19:38,0,1,1,6,14.3
405,2014-11-05,14,29-279,BUF,,MTL,L-SO,0,0,0,-1,2,0,0,0,0,0,0,0,2,0.0,20,15:29,0,2,1,5,16.7
406,2014-11-07,15,29-281,BUF,,EDM,L,0,0,0,-2,0,0,0,0,0,0,0,0,0,,21,15:15,2,0,3,3,50.0
407,2014-11-08,16,29-282,BUF,,PIT,L,0,0,0,-2,0,0,0,0,0,0,0,0,1,0.0,19,14:40,2,0,2,2,50.0
408,2014-11-11,17,29-285,BUF,@,STL,L,0,0,0,0,0,0,0,0,0,0,0,0,1,0.0,21,13:34,0,0,7,6,53.8
409,2014-11-13,18,29-287,BUF,@,MIN,L,1,0,1,1,0,1,0,0,0,0,0,0,3,33.3,21,16:35,1,0,4,10,28.6
410,2014-11-15,19,29-289,BUF,,TOR,W,0,0,0,0,4,0,0,0,0,0,0,0,1,0.0,20,12:16,2,0,3,9,25.0
411,2014-11-18,20,29-292,BUF,,SJS,W,0,0,0,3,2,0,0,0,0,0,0,0,1,0.0,21,15:43,1,1,6,5,54.5
412,2014-11-22,21,29-296,BUF,@,WSH,W,1,0,1,1,0,1,0,0,1,0,0,0,4,25.0,19,13:00,1,0,3,5,37.5
413,2014-11-26,22,29-300,BUF,,WPG,L,0,0,0,0,0,0,0,0,0,0,0,0,0,,17,11:13,0,0,4,4,50.0
414,2014-11-28,23,29-302,BUF,,MTL,W,0,0,0,0,0,0,0,0,0,0,0,0,2,0.0,22,13:41,0,1,5,7,41.7
415,2014-11-29,24,29-303,BUF,@,MTL,W,0,1,1,1,2,0,0,0,0,1,0,0,3,0.0,24,16:57,1,2,8,9,47.1
416,2014-12-02,25,29-306,BUF,,TBL,W,0,0,0,0,0,0,0,0,0,0,0,0,0,,24,20:03,1,1,11,8,57.9
417,2014-12-04,26,29-308,BUF,@,TBL,L,0,0,0,0,0,0,0,0,0,0,0,0,0,,23,19:00,2,0,7,9,43.8
418,2014-12-06,27,29-310,BUF,@,FLA,L,0,1,1,0,0,0,0,0,0,1,0,0,2,0.0,20,15:15,1,1,11,11,50.0
419,2014-12-09,28,29-313,BUF,,LAK,W,0,0,0,0,0,0,0,0,0,0,0,0,1,0.0,19,13:59,2,2,6,7,46.2
420,2014-12-11,29,29-315,BUF,,CGY,W,0,0,0,-2,0,0,0,0,0,0,0,0,0,,22,17:23,0,1,13,11,54.2
421,2014-12-13,30,29-317,BUF,,FLA,W,0,0,0,-2,0,0,0,0,0,0,0,0,2,0.0,18,13:36,1,2,13,6,68.4
422,2014-12-15,31,29-319,BUF,,OTT,W,0,0,0,0,0,0,0,0,0,0,0,0,0,,6,4:04,0,1,1,1,50.0
423,2015-01-13,32,29-348,BUF,,DET,L,0,0,0,0,0,0,0,0,0,0,0,0,0,,24,15:55,1,2,10,10,50.0
424,2015-01-15,33,29-350,BUF,,MIN,L,0,0,0,-1,0,0,0,0,0,0,0,0,0,,23,15:54,0,1,7,9,43.8
425,2015-01-17,34,29-352,BUF,,PHI,L,0,0,0,1,0,0,0,0,0,0,0,0,2,0.0,28,18:32,0,0,13,9,59.1
426,2015-01-18,35,29-353,BUF,@,DET,L,0,0,0,1,0,0,0,0,0,0,0,0,0,,25,16:13,1,0,8,7,53.3
427,2015-01-27,36,29-362,BUF,@,CGY,L,0,0,0,-2,2,0,0,0,0,0,0,0,0,,21,15:01,0,0,10,6,62.5
428,2015-01-29,37,29-364,BUF,@,EDM,L,0,1,1,1,0,0,0,0,0,1,0,0,2,0.0,25,17:52,0,1,7,7,50.0
429,2015-01-30,38,30-000,BUF,@,VAN,L,0,0,0,-1,0,0,0,0,0,0,0,0,0,,23,14:08,1,1,6,8,42.9
430,2015-02-03,39,30-004,BUF,@,MTL,W,0,1,1,2,0,0,0,0,0,1,0,0,0,,24,17:55,1,3,5,15,25.0
431,2015-02-05,40,30-006,BUF,,STL,L,0,0,0,-1,0,0,0,0,0,0,0,0,0,,22,17:35,1,2,6,9,40.0
432,2015-02-07,41,30-008,BUF,,DAL,W,0,0,0,-1,0,0,0,0,0,0,0,0,1,0.0,25,17:44,0,3,13,12,52.0
433,2015-02-08,42,30-009,BUF,,NYI,L,0,0,0,0,0,0,0,0,0,0,0,0,0,,20,15:27,1,1,3,8,27.3
434,2015-02-10,43,30-011,BUF,,OTT,L,0,0,0,0,0,0,0,0,0,0,0,0,3,0.0,21,16:21,1,2,7,12,36.8
435,2015-02-15,44,30-016,BUF,,PHI,L,0,0,0,0,2,0,0,0,0,0,0,0,0,,23,16:47,0,0,15,10,60.0
436,2015-02-17,45,30-018,BUF,@,NJD,L-SO,0,0,0,0,0,0,0,0,0,0,0,0,0,,25,18:02,1,1,11,7,61.1
437,2015-02-19,46,30-020,BUF,@,PHI,W,0,1,1,1,2,0,0,0,0,1,0,0,3,0.0,28,18:26,4,1,10,10,50.0
438,2015-02-20,47,30-021,BUF,,NYR,L,0,1,1,-2,0,0,0,0,0,1,0,0,0,,23,16:26,0,1,7,14,33.3
439,2015-02-22,48,30-023,BUF,,NSH,L-SO,0,0,0,0,2,0,0,0,0,0,0,0,1,0.0,24,17:51,2,1,12,6,66.7
440,2015-02-24,49,30-025,BUF,@,CBJ,W,0,0,0,-1,2,0,0,0,0,0,0,0,0,,24,18:47,2,5,11,14,44.0
441,2015-02-26,50,30-027,BUF,,VAN,W,2,0,2,4,0,2,0,0,1,0,0,0,2,100.0,24,16:55,2,2,10,9,52.6
442,2015-02-28,51,30-029,BUF,@,FLA,L,1,0,1,-1,0,1,0,0,0,0,0,0,1,100.0,19,10:36,1,1,9,7,56.3
443,2015-03-04,52,30-033,MTL,@,ANA,L,0,0,0,-2,0,0,0,0,0,0,0,0,2,0.0,17,9:57,2,0,0,1,0.0
444,2015-03-05,53,30-034,MTL,@,LAK,L-SO,0,0,0,0,2,0,0,0,0,0,0,0,0,,19,12:21,2,0,4,2,66.7
445,2015-03-07,54,30-036,MTL,@,ARI,W,0,0,0,0,0,0,0,0,0,0,0,0,0,,19,10:37,1,1,11,5,68.8
446,2015-03-10,55,30-039,MTL,,TBL,L-OT,0,0,0,0,0,0,0,0,0,0,0,0,0,,17,11:12,1,2,9,3,75.0
447,2015-03-12,56,30-041,MTL,,OTT,L,0,0,0,0,0,0,0,0,0,0,0,0,1,0.0,17,11:28,0,3,6,3,66.7
448,2015-03-14,57,30-043,MTL,@,NYI,W,0,0,0,0,0,0,0,0,0,0,0,0,0,,2,0:44,0,0,2,1,66.7
449,2015-03-24,58,30-053,MTL,@,NSH,L-OT,0,0,0,0,0,0,0,0,0,0,0,0,1,0.0,21,13:40,1,2,13,6,68.4
450,2015-03-26,59,30-055,MTL,@,WPG,L,0,0,0,0,2,0,0,0,0,0,0,0,0,,16,8:45,1,0,4,9,30.8
451,2015-03-28,60,30-057,MTL,,FLA,W,0,0,0,-1,0,0,0,0,0,0,0,0,2,0.0,17,9:46,1,0,5,5,50.0
452,2015-03-30,61,30-059,MTL,,TBL,L,0,0,0,0,2,0,0,0,0,0,0,0,1,0.0,18,8:15,0,0,2,7,22.2
453,2015-04-02,62,30-062,MTL,,WSH,L-SO,0,0,0,0,2,0,0,0,0,0,0,0,0,,18,11:29,1,1,7,3,70.0
454,2015-04-05,63,30-065,MTL,@,FLA,W,0,0,0,0,0,0,0,0,0,0,0,0,1,0.0,19,11:17,0,1,7,10,41.2
455,2015-04-09,64,30-069,MTL,,DET,W,0,1,1,1,0,0,0,0,0,1,0,0,0,,19,10:45,1,0,7,4,63.6
456,2015-04-11,65,30-071,MTL,@,TOR,W,0,0,0,0,0,0,0,0,0,0,0,0,2,0.0,23,10:30,0,0,10,7,58.8
457,2015-10-07,1,30-250,MTL,@,TOR,W,0,0,0,0,2,0,0,0,0,0,0,0,0,,17,8:54,1,1,4,5,44.4
458,2015-10-10,2,30-253,MTL,@,BOS,W,0,0,0,0,12,0,0,0,0,0,0,0,3,0.0,22,11:55,2,2,5,5,50.0
459,2015-10-11,3,30-254,MTL,@,OTT,W,1,0,1,1,2,1,0,0,0,0,0,0,2,50.0,17,9:41,0,1,1,4,20.0
460,2015-10-13,4,30-256,MTL,@,PIT,W,0,0,0,0,0,0,0,0,0,0,0,0,0,,22,13:14,1,1,5,4,55.6
461,2015-10-15,5,30-258,MTL,,NYR,W,0,1,1,1,0,0,0,0,0,1,0,0,0,,19,11:44,1,1,7,8,46.7
462,2015-10-17,6,30-260,MTL,,DET,W,0,0,0,1,2,0,0,0,0,0,0,0,1,0.0,25,12:55,2,0,7,7,50.0
463,2015-10-20,7,30-263,MTL,,STL,W,1,0,1,1,0,1,0,0,0,0,0,0,3,33.3,24,13:21,3,2,7,13,35.0
464,2015-10-23,8,30-266,MTL,@,BUF,W,1,0,1,1,0,1,0,0,1,0,0,0,2,50.0,24,14:09,0,1,13,7,65.0
465,2015-10-24,9,30-267,MTL,,TOR,W,0,0,0,-1,0,0,0,0,0,0,0,0,1,0.0,23,11:27,2,1,2,11,15.4
466,2015-10-27,10,30-270,MTL,@,VAN,L,1,0,1,0,0,1,0,0,0,0,0,0,3,33.3,18,10:25,0,0,4,6,40.0
467,2015-10-29,11,30-272,MTL,@,EDM,L,1,0,1,0,0,1,0,0,0,0,0,0,1,100.0,19,11:28,1,0,2,7,22.2
468,2015-10-30,12,30-273,MTL,@,CGY,W,0,2,2,1,2,0,0,0,0,1,0,1,1,0.0,23,12:01,0,0,6,6,50.0
469,2015-11-01,13,30-275,MTL,,WPG,W,0,1,1,1,0,0,0,0,0,0,0,1,1,0.0,16,9:29,1,0,6,4,60.0
470,2015-11-03,14,30-277,MTL,,OTT,L-OT,0,0,0,0,0,0,0,0,0,0,0,0,1,0.0,22,11:28,3,0,11,5,68.8
471,2015-11-05,15,30-279,MTL,,NYI,W,0,0,0,-1,0,0,0,0,0,0,0,0,1,0.0,22,15:52,4,1,5,7,41.7
472,2015-11-07,16,30-281,MTL,,BOS,W,0,0,0,0,2,0,0,0,0,0,0,0,0,,21,12:55,0,0,9,7,56.3
473,2015-11-11,17,30-285,MTL,@,PIT,L-SO,0,1,1,1,0,0,0,0,0,1,0,0,1,0.0,24,14:47,1,0,8,6,57.1
474,2015-11-14,18,30-288,MTL,,COL,L,0,0,0,-1,0,0,0,0,0,0,0,0,0,,16,12:09,1,0,7,6,53.8
475,2015-11-16,19,30-290,MTL,,VAN,W,0,0,0,0,0,0,0,0,0,0,0,0,0,,21,15:57,3,0,9,5,64.3
476,2015-11-19,20,30-293,MTL,,ARI,L,0,0,0,0,0,0,0,0,0,0,0,0,2,0.0,17,8:56,0,0,4,2,66.7
477,2015-12-15,21,30-319,MTL,,SJS,L,0,0,0,0,5,0,0,0,0,0,0,0,0,,16,11:14,1,0,5,2,71.4
478,2015-12-17,22,30-321,MTL,,LAK,L,0,0,0,-1,0,0,0,0,0,0,0,0,2,0.0,17,10:49,2,0,10,2,83.3
479,2015-12-19,23,30-323,MTL,@,DAL,L,0,0,0,0,0,0,0,0,0,0,0,0,0,,22,12:50,1,0,7,2,77.8
480,2015-12-21,24,30-325,MTL,@,NSH,L,0,0,0,0,0,0,0,0,0,0,0,0,2,0.0,17,10:01,0,0,1,7,12.5
481,2015-12-22,25,30-326,MTL,@,MIN,L,0,0,0,-1,0,0,0,0,0,0,0,0,1,0.0,23,12:38,0,1,7,9,43.8
482,2015-12-26,26,30-330,MTL,@,WSH,L,0,0,0,0,0,0,0,0,0,0,0,0,0,,18,11:52,1,1,7,4,63.6
483,2015-12-28,27,30-332,MTL,@,TBL,W,0,0,0,0,2,0,0,0,0,0,0,0,0,,23,12:13,1,0,9,6,60.0
484,2015-12-29,28,30-333,MTL,@,FLA,L,0,0,0,-1,2,0,0,0,0,0,0,0,1,0.0,20,10:15,1,0,9,5,64.3
485,2016-01-01,29,30-336,MTL,@,BOS,W,0,0,0,2,0,0,0,0,0,0,0,0,0,,25,13:27,1,0,5,7,41.7
486,2016-01-05,30,30-340,MTL,@,PHI,L,0,0,0,0,0,0,0,0,0,0,0,0,1,0.0,19,10:40,0,0,4,11,26.7
487,2016-01-06,31,30-341,MTL,,NJD,W,1,0,1,1,0,0,0,1,1,0,0,0,2,50.0,21,11:36,4,0,6,1,85.7
488,2016-01-09,32,30-344,MTL,,PIT,L,0,0,0,0,4,0,0,0,0,0,0,0,0,,17,10:47,1,0,7,3,70.0
489,2016-01-14,33,30-349,MTL,,CHI,L,0,0,0,-1,0,0,0,0,0,0,0,0,2,0.0,17,10:37,0,1,4,3,57.1
490,2016-01-16,34,30-351,MTL,@,STL,L-OT,0,0,0,0,0,0,0,0,0,0,0,0,0,,19,10:40,0,0,3,7,30.0
491,2016-01-17,35,30-352,MTL,@,CHI,L,0,0,0,0,4,0,0,0,0,0,0,0,2,0.0,19,12:01,2,0,5,4,55.6
492,2016-01-19,36,30-354,MTL,,BOS,L,0,0,0,0,0,0,0,0,0,0,0,0,1,0.0,16,10:39,1,0,3,5,37.5
493,2016-01-23,37,30-358,MTL,@,TOR,W,0,0,0,-1,0,0,0,0,0,0,0,0,0,,18,10:14,2,0,4,0,100.0
494,2016-01-25,38,30-360,MTL,@,CBJ,L,0,0,0,-1,0,0,0,0,0,0,0,0,2,0.0,20,11:12,0,2,7,2,77.8
495,2016-01-26,39,30-361,MTL,,CBJ,L,0,1,1,1,2,0,0,0,0,1,0,0,2,0.0,21,11:47,0,2,3,5,37.5
496,2016-02-02,40,31-003,MTL,@,PHI,L,0,0,0,1,0,0,0,0,0,0,0,0,0,,15,8:53,2,0,2,4,33.3
497,2016-02-03,41,31-004,MTL,,BUF,L,0,0,0,-1,0,0,0,0,0,0,0,0,2,0.0,20,10:19,1,2,4,4,50.0
498,2016-02-06,42,31-007,MTL,,EDM,W,0,0,0,0,0,0,0,0,0,0,0,0,0,,20,12:33,0,2,2,5,28.6
499,2016-02-07,43,31-008,MTL,,CAR,W,0,0,0,-1,0,0,0,0,0,0,0,0,1,0.0,18,10:01,1,0,7,5,58.3
500,2016-02-09,44,31-010,MTL,,TBL,W,0,0,0,-1,0,0,0,0,0,0,0,0,0,,21,13:29,0,1,8,5,61.5
501,2016-02-12,45,31-013,MTL,@,BUF,L,0,0,0,0,0,0,0,0,0,0,0,0,0,,17,11:15,0,0,3,7,30.0
502,2016-02-15,46,31-016,MTL,@,ARI,L,0,1,1,0,0,0,0,0,0,1,0,0,0,,21,13:54,0,1,4,6,40.0
503,2016-02-17,47,31-018,MTL,@,COL,L,0,0,0,0,0,0,0,0,0,0,0,0,0,,20,11:32,0,0,3,4,42.9
504,2016-02-19,48,31-020,MTL,,PHI,W,0,0,0,0,0,0,0,0,0,0,0,0,0,,22,10:40,0,1,8,7,53.3
505,2016-02-22,49,31-023,MTL,,NSH,L-SO,0,0,0,-1,2,0,0,0,0,0,0,0,1,0.0,17,10:16,0,2,4,8,33.3
506,2016-02-24,50,31-025,MTL,@,WSH,W,0,0,0,0,2,0,0,0,0,0,0,0,2,0.0,23,13:22,0,0,10,8,55.6
507,2016-02-27,51,31-028,MTL,,TOR,W,0,0,0,1,0,0,0,0,0,0,0,0,0,,18,11:47,2,1,1,0,100.0
508,2016-02-29,52,31-030,MTL,@,SJS,L,1,0,1,1,0,1,0,0,0,0,0,0,1,100.0,24,15:12,0,0,2,3,40.0
509,2016-03-02,53,31-032,MTL,@,ANA,L-SO,0,0,0,0,0,0,0,0,0,0,0,0,0,,24,15:59,2,0,5,4,55.6
510,2016-03-03,54,31-033,MTL,@,LAK,L,0,0,0,0,0,0,0,0,0,0,0,0,2,0.0,20,14:08,0,0,4,2,66.7
511,2016-03-05,55,31-035,MTL,@,WPG,L,0,0,0,-2,0,0,0,0,0,0,0,0,1,0.0,23,13:55,1,0,6,1,85.7
512,2016-03-08,56,31-038,MTL,,DAL,W,0,0,0,-1,0,0,0,0,0,0,0,0,0,,26,15:43,1,0,3,2,60.0
513,2016-03-10,57,31-040,MTL,,BUF,W,1,0,1,1,0,1,0,0,1,0,0,0,1,100.0,21,13:18,0,3,5,3,62.5
514,2016-03-12,58,31-042,MTL,,MIN,L,0,0,0,-2,0,0,0,0,0,0,0,0,2,0.0,20,15:07,1,1,2,0,100.0
515,2016-03-15,59,31-045,MTL,,FLA,L,0,0,0,0,0,0,0,0,0,0,0,0,1,0.0,22,16:34,0,1,3,6,33.3
516,2016-03-16,60,31-046,MTL,@,BUF,W,0,0,0,1,0,0,0,0,0,0,0,0,0,,21,15:44,0,0,3,7,30.0
517,2016-03-19,61,31-049,MTL,@,OTT,L,0,0,0,0,0,0,0,0,0,0,0,0,0,,21,13:37,1,0,1,0,100.0
518,2016-03-20,62,31-050,MTL,,CGY,L,0,0,0,0,0,0,0,0,0,0,0,0,2,0.0,24,18:06,3,0,6,1,85.7
519,2016-03-22,63,31-052,MTL,,ANA,W,1,0,1,1,2,1,0,0,0,0,0,0,1,100.0,26,19:47,1,0,3,6,33.3
520,2016-03-24,64,31-054,MTL,@,DET,L,0,0,0,1,2,0,0,0,0,0,0,0,0,,25,17:54,0,0,2,3,40.0
521,2016-03-26,65,31-056,MTL,,NYR,L,0,0,0,0,2,0,0,0,0,0,0,0,2,0.0,22,14:15,1,0,4,0,100.0
522,2016-03-29,66,31-059,MTL,,DET,W,0,0,0,0,0,0,0,0,0,0,0,0,1,0.0,24,16:24,1,1,3,8,27.3
523,2016-03-31,67,31-061,MTL,@,TBL,W,1,1,2,2,0,1,0,0,0,1,0,0,3,33.3,24,15:56,1,2,8,5,61.5
524,2016-04-02,68,31-063,MTL,@,FLA,L,1,0,1,1,0,1,0,0,0,0,0,0,2,50.0,25,16:04,0,0,2,7,22.2
525,2016-04-05,69,31-066,MTL,,FLA,L,0,0,0,-1,0,0,0,0,0,0,0,0,1,0.0,19,11:45,1,0,8,6,57.1
526,2016-04-07,70,31-068,MTL,@,CAR,W,0,0,0,-1,0,0,0,0,0,0,0,0,1,0.0,19,12:11,2,0,10,5,66.7
527,2016-04-09,71,31-070,MTL,,TBL,W,0,0,0,0,0,0,0,0,0,0,0,0,1,0.0,21,12:42,1,2,6,5,54.5
528,2016-10-13,1,31-257,MTL,@,BUF,W,1,0,1,1,0,1,0,0,1,0,0,0,1,100.0,19,11:04,0,1,4,4,50.0
529,2016-10-15,2,31-259,MTL,@,OTT,L-SO,0,0,0,0,2,0,0,0,0,0,0,0,0,,18,11:30,0,0,6,6,50.0
530,2016-10-18,3,31-262,MTL,,PIT,W,0,0,0,0,0,0,0,0,0,0,0,0,1,0.0,21,12:38,0,0,10,3,76.9
531,2016-10-20,4,31-264,MTL,,ARI,W,1,0,1,1,0,1,0,0,0,0,0,0,1,100.0,19,13:19,0,0,5,5,50.0
532,2016-10-22,5,31-266,MTL,@,BOS,W,1,0,1,3,0,1,0,0,0,0,0,0,1,100.0,21,12:52,0,1,7,2,77.8
533,2016-10-24,6,31-268,MTL,,PHI,W,0,0,0,-1,0,0,0,0,0,0,0,0,0,,19,13:37,1,1,9,3,75.0
534,2016-10-26,7,31-270,MTL,@,NYI,W,0,0,0,0,0,0,0,0,0,0,0,0,1,0.0,19,12:11,0,2,2,4,33.3
535,2016-10-27,8,31-271,MTL,,TBL,W,1,0,1,1,0,1,0,0,0,0,0,0,1,100.0,20,11:10,0,0,4,5,44.4
536,2016-10-29,9,31-273,MTL,,TOR,W,0,0,0,0,2,0,0,0,0,0,0,0,2,0.0,22,13:57,0,1,5,3,62.5
537,2016-11-02,10,31-277,MTL,,VAN,W,1,0,1,1,0,1,0,0,0,0,0,0,1,100.0,22,13:58,1,0,6,5,54.5
538,2016-11-04,11,31-279,MTL,@,CBJ,L,0,0,0,0,0,0,0,0,0,0,0,0,0,,21,13:31,0,0,7,3,70.0
539,2016-11-05,12,31-280,MTL,,PHI,W,0,1,1,0,2,0,0,0,0,1,0,0,0,,22,12:25,0,0,9,5,64.3
540,2016-11-08,13,31-283,MTL,,BOS,W,0,0,0,-1,2,0,0,0,0,0,0,0,0,,25,13:46,0,0,9,6,60.0
541,2016-11-10,14,31-285,MTL,,LAK,W,0,1,1,1,0,0,0,0,0,1,0,0,0,,20,13:22,0,2,6,10,37.5
542,2016-11-12,15,31-287,MTL,,DET,W,0,0,0,0,0,0,0,0,0,0,0,0,0,,21,13:59,0,1,4,8,33.3
543,2016-11-13,16,31-288,MTL,@,CHI,L,0,0,0,0,0,0,0,0,0,0,0,0,0,,16,12:27,0,3,2,5,28.6
544,2016-11-15,17,31-290,MTL,,FLA,L-OT,0,0,0,0,0,0,0,0,0,0,0,0,0,,18,12:34,1,0,5,5,50.0
545,2016-11-18,18,31-293,MTL,@,CAR,L,0,0,0,0,0,0,0,0,0,0,0,0,0,,16,9:57,2,2,2,5,28.6
546,2016-11-19,19,31-294,MTL,,TOR,W,0,0,0,0,0,0,0,0,0,0,0,0,2,0.0,26,15:04,1,3,6,8,42.9
547,2016-11-22,20,31-297,MTL,,OTT,L,0,0,0,0,0,0,0,0,0,0,0,0,1,0.0,19,11:27,0,1,7,3,70.0
548,2016-11-24,21,31-299,MTL,,CAR,W,0,0,0,0,0,0,0,0,0,0,0,0,0,,22,15:11,3,0,4,7,36.4
549,2016-11-26,22,31-301,MTL,@,DET,W,0,0,0,0,0,0,0,0,0,0,0,0,0,,23,14:37,1,0,8,6,57.1
550,2016-11-29,23,31-304,MTL,@,ANA,L,0,0,0,0,0,0,0,0,0,0,0,0,2,0.0,20,10:26,0,2,4,5,44.4
551,2016-12-02,24,31-307,MTL,@,SJS,L,0,0,0,0,0,0,0,0,0,0,0,0,0,,16,11:10,1,2,4,3,57.1
552,2016-12-04,25,31-309,MTL,@,LAK,W,0,0,0,0,2,0,0,0,0,0,0,0,1,0.0,25,15:11,2,0,5,8,38.5
553,2016-12-06,26,31-311,MTL,@,STL,L-OT,0,0,0,-1,2,0,0,0,0,0,0,0,2,0.0,29,16:14,1,0,9,5,64.3
554,2016-12-08,27,31-313,MTL,,NJD,W,2,0,2,2,2,2,0,0,0,0,0,0,4,50.0,22,13:34,2,1,8,6,57.1
555,2016-12-10,28,31-315,MTL,,COL,W,0,1,1,2,0,0,0,0,0,1,0,0,3,0.0,21,16:07,1,0,9,7,56.3
556,2016-12-12,29,31-317,MTL,,BOS,L-OT,0,1,1,0,0,0,0,0,0,1,0,0,2,0.0,23,14:31,1,1,6,8,42.9
557,2016-12-16,30,31-321,MTL,,SJS,L,0,0,0,0,4,0,0,0,0,0,0,0,0,,26,14:37,0,0,5,8,38.5
558,2016-12-17,31,31-322,MTL,@,WSH,W,0,0,0,0,2,0,0,0,0,0,0,0,1,0.0,24,15:03,0,0,8,6,57.1
559,2016-12-20,32,31-325,MTL,,ANA,W,0,1,1,0,2,0,0,0,0,1,0,0,2,0.0,21,12:03,0,0,7,4,63.6
560,2016-12-22,33,31-327,MTL,,MIN,L,0,0,0,-1,0,0,0,0,0,0,0,0,0,,19,11:03,1,0,5,5,50.0
561,2016-12-23,34,31-328,MTL,@,CBJ,L,0,0,0,-1,0,0,0,0,0,0,0,0,1,0.0,24,15:02,1,3,9,8,52.9
562,2016-12-28,35,31-333,MTL,@,TBL,L-OT,0,0,0,0,0,0,0,0,0,0,0,0,3,0.0,24,15:36,0,0,1,3,25.0
563,2016-12-29,36,31-334,MTL,@,FLA,W,0,0,0,0,0,0,0,0,0,0,0,0,3,0.0,26,16:00,0,0,12,6,66.7
564,2016-12-31,37,31-336,MTL,@,PIT,L-OT,0,0,0,0,0,0,0,0,0,0,0,0,0,,27,17:35,0,1,8,8,50.0
565,2017-01-03,38,31-339,MTL,@,NSH,W,0,1,1,1,0,0,0,0,0,1,0,0,1,0.0,25,15:18,1,0,8,8,50.0
566,2017-01-04,39,31-340,MTL,@,DAL,W,0,0,0,0,5,0,0,0,0,0,0,0,0,,25,15:28,0,3,6,8,42.9
567,2017-01-07,40,31-343,MTL,@,TOR,W,0,0,0,0,0,0,0,0,0,0,0,0,0,,21,11:33,0,0,5,2,71.4
568,2017-01-09,41,31-345,MTL,,WSH,L,0,0,0,-1,0,0,0,0,0,0,0,0,0,,20,11:41,1,1,8,4,66.7
569,2017-01-11,42,31-347,MTL,@,WPG,W,0,1,1,2,2,0,0,0,0,1,0,0,1,0.0,24,15:07,2,2,6,10,37.5
570,2017-01-12,43,31-348,MTL,@,MIN,L,0,0,0,-1,0,0,0,0,0,0,0,0,2,0.0,19,15:28,0,1,6,10,37.5
571,2017-01-14,44,31-350,MTL,,NYR,W,0,0,0,0,0,0,0,0,0,0,0,0,4,0.0,17,11:00,0,0,7,0,100.0
572,2017-01-16,45,31-352,MTL,@,DET,L,0,0,0,-1,0,0,0,0,0,0,0,0,1,0.0,18,11:10,1,0,5,3,62.5
573,2017-01-18,46,31-354,MTL,,PIT,L,0,0,0,-1,0,0,0,0,0,0,0,0,0,,19,11:21,0,0,7,5,58.3
574,2017-01-20,47,31-356,MTL,@,NJD,W,0,0,0,0,2,0,0,0,0,0,0,0,1,0.0,22,12:29,2,1,7,3,70.0
575,2017-01-21,48,31-357,MTL,,BUF,L-OT,0,0,0,-1,0,0,0,0,0,0,0,0,1,0.0,16,11:50,0,1,4,3,57.1
576,2017-01-24,49,31-360,MTL,,CGY,W,0,1,1,1,0,0,0,0,0,1,0,0,0,,21,13:11,0,1,4,4,50.0
577,2017-01-26,50,31-362,MTL,@,NYI,L,0,0,0,0,0,0,0,0,0,0,0,0,0,,15,9:06,0,0,3,5,37.5
578,2017-01-31,51,32-001,MTL,,BUF,W,0,0,0,0,0,0,0,0,0,0,0,0,3,0.0,21,13:37,1,1,9,5,64.3
579,2017-02-02,52,32-003,MTL,@,PHI,L,0,0,0,0,2,0,0,0,0,0,0,0,1,0.0,19,11:56,0,0,5,5,50.0
580,2017-02-04,53,32-005,MTL,,WSH,L,0,0,0,-1,0,0,0,0,0,0,0,0,1,0.0,16,10:11,1,1,6,0,100.0
581,2017-02-05,54,32-006,MTL,,EDM,L-SO,0,0,0,0,0,0,0,0,0,0,0,0,0,,20,12:53,1,1,8,5,61.5
582,2017-02-07,55,32-008,MTL,@,COL,L,0,0,0,0,0,0,0,0,0,0,0,0,0,,18,12:17,1,0,1,2,33.3
583,2017-02-09,56,32-010,MTL,@,ARI,W,0,0,0,1,0,0,0,0,0,0,0,0,0,,22,12:22,1,1,1,3,25.0
584,2017-02-11,57,32-012,MTL,,STL,L,0,0,0,-1,0,0,0,0,0,0,0,0,1,0.0,15,9:59,1,0,2,0,100.0
585,2017-02-12,58,32-013,MTL,@,BOS,L,0,0,0,0,0,0,0,0,0,0,0,0,0,,21,11:32,1,0,2,3,40.0
586,2017-02-18,59,32-019,MTL,,WPG,L,0,0,0,0,0,0,0,0,0,0,0,0,0,,14,10:09,0,1,1,1,50.0
587,2017-02-21,60,32-022,MTL,@,NYR,W,0,0,0,0,0,0,0,0,0,0,0,0,0,,16,10:56,0,0,6,5,54.5
588,2017-02-23,61,32-024,MTL,,NYI,L,0,0,0,0,0,0,0,0,0,0,0,0,0,,15,9:56,0,0,2,0,100.0
589,2017-02-25,62,32-026,MTL,@,TOR,W,0,0,0,0,0,0,0,0,0,0,0,0,0,,16,11:07,1,1,1,2,33.3
590,2017-02-27,63,32-028,MTL,@,NJD,W,0,0,0,-1,0,0,0,0,0,0,0,0,0,,12,9:59,1,0,1,1,50.0
591,2017-02-28,64,32-029,MTL,,CBJ,W,0,0,0,0,0,0,0,0,0,0,0,0,0,,14,10:00,0,2,5,2,71.4
592,2017-03-02,65,32-031,MTL,,NSH,W,0,0,0,0,0,0,0,0,0,0,0,0,0,,16,10:58,1,1,7,1,87.5
593,2017-03-04,66,32-033,MTL,@,NYR,W,0,0,0,1,0,0,0,0,0,0,0,0,2,0.0,23,13:30,3,1,3,1,75.0
594,2017-03-07,67,32-036,MTL,@,VAN,W,1,0,1,1,0,1,0,0,0,0,0,0,2,50.0,15,10:06,0,0,5,2,71.4
595,2017-03-09,68,32-038,MTL,@,CGY,L,0,0,0,-2,0,0,0,0,0,0,0,0,1,0.0,21,14:47,0,2,9,5,64.3
596,2017-03-12,69,32-041,MTL,@,EDM,W,0,1,1,2,0,0,0,0,0,1,0,0,4,0.0,23,14:04,0,0,4,10,28.6
597,2017-03-14,70,32-043,MTL,,CHI,L,0,0,0,0,0,0,0,0,0,0,0,0,0,,13,9:08,0,2,1,0,100.0
598,2017-03-18,71,32-047,MTL,@,OTT,W,0,0,0,0,0,0,0,0,0,0,0,0,0,,14,11:03,0,1,1,1,50.0
599,2017-03-19,72,32-048,MTL,,OTT,W,0,0,0,0,5,0,0,0,0,0,0,0,1,0.0,18,10:17,4,1,9,2,81.8
600,2017-03-21,73,32-050,MTL,,DET,L-OT,0,0,0,0,0,0,0,0,0,0,0,0,0,,17,9:52,2,0,4,3,57.1
601,2017-03-23,74,32-052,MTL,,CAR,L,0,0,0,0,0,0,0,0,0,0,0,0,0,,16,11:29,0,0,1,1,50.0
602,2017-03-25,75,32-054,MTL,,OTT,W,0,0,0,0,0,0,0,0,0,0,0,0,1,0.0,17,10:33,1,2,2,4,33.3
603,2017-03-28,76,32-057,MTL,,DAL,W,0,0,0,0,0,0,0,0,0,0,0,0,2,0.0,18,10:44,0,0,1,4,20.0
604,2017-04-05,77,32-065,MTL,@,BUF,L,0,0,0,0,0,0,0,0,0,0,0,0,0,,16,13:11,0,0,8,4,66.7
605,2017-04-08,78,32-068,MTL,@,DET,W,0,0,0,-1,0,0,0,0,0,0,0,0,2,0.0,18,13:06,0,0,2,4,33.3
606,2017-10-08,1,32-251,MTL,@,NYR,L,0,0,0,-1,0,0,0,0,0,0,0,0,0,,15,9:44,0,1,2,2,50.0
607,2017-10-10,2,32-253,MTL,,CHI,L,0,0,0,0,0,0,0,0,0,0,0,0,0,,13,7:51,2,0,2,1,66.7
608,2017-10-17,3,32-260,MTL,@,SJS,L,0,0,0,0,0,0,0,0,0,0,0,0,1,0.0,15,10:08,0,0,5,4,55.6
609,2017-10-28,4,32-271,MTL,,NYR,W,0,0,0,0,0,0,0,0,0,0,0,0,1,0.0,14,8:39,2,2,1,0,100.0
610,2017-10-30,5,32-273,MTL,@,OTT,W,0,0,0,1,2,0,0,0,0,0,0,0,0,,17,11:15,0,0,1,2,33.3
611,2017-11-02,6,32-276,MTL,@,MIN,L,0,0,0,-1,0,0,0,0,0,0,0,0,1,0.0,17,11:19,0,0,5,0,100.0
612,2017-11-04,7,32-278,MTL,@,WPG,W,0,0,0,0,0,0,0,0,0,0,0,0,1,0.0,12,7:43,0,0,1,1,50.0
613,2017-11-05,8,32-279,MTL,@,CHI,W,0,0,0,0,0,0,0,0,0,0,0,0,1,0.0,13,8:09,1,1,0,1,0.0
614,2017-11-07,9,32-281,MTL,,VEG,W,0,0,0,1,0,0,0,0,0,0,0,0,1,0.0,11,8:18,0,0,0,0,
615,2017-11-09,10,32-283,MTL,,MIN,L,0,0,0,0,0,0,0,0,0,0,0,0,2,0.0,16,10:24,0,2,7,3,70.0
616,2017-11-21,11,32-295,MTL,@,DAL,L,0,0,0,0,0,0,0,0,0,0,0,0,0,,15,8:43,1,0,2,1,66.7
617,2017-12-03,12,32-307,LAK,@,CHI,W,0,0,0,-1,0,0,0,0,0,0,0,0,0,,24,12:49,1,0,8,4,66.7
618,2017-12-05,13,32-309,LAK,,MIN,W,0,0,0,-1,0,0,0,0,0,0,0,0,0,,16,11:18,0,1,6,1,85.7
619,2017-12-07,14,32-311,LAK,,OTT,W,0,0,0,0,2,0,0,0,0,0,0,0,1,0.0,20,11:30,1,1,3,4,42.9
620,2017-12-09,15,32-313,LAK,,CAR,W,0,0,0,0,2,0,0,0,0,0,0,0,1,0.0,18,12:00,0,1,4,4,50.0
621,2017-12-12,16,32-316,LAK,@,NJD,L,1,0,1,0,2,1,0,0,0,0,0,0,3,33.3,17,10:42,1,0,6,3,66.7
622,2017-12-15,17,32-319,LAK,@,NYR,L,1,0,1,2,0,1,0,0,0,0,0,0,2,50.0,19,13:02,0,0,3,2,60.0
623,2017-12-16,18,32-320,LAK,@,NYI,L-OT,0,0,0,-1,2,0,0,0,0,0,0,0,1,0.0,16,7:56,0,0,0,2,0.0
624,2017-12-18,19,32-322,LAK,@,PHI,W,0,1,1,1,2,0,0,0,0,1,0,0,0,,14,9:04,2,0,5,4,55.6
625,2017-12-21,20,32-325,LAK,,COL,W,0,1,1,1,0,0,0,0,0,1,0,0,0,,12,8:28,2,1,4,1,80.0
626,2017-12-23,21,32-327,LAK,@,SJS,L,0,0,0,-1,0,0,0,0,0,0,0,0,0,,16,8:20,2,3,3,3,50.0
627,2017-12-28,22,32-332,LAK,,VEG,L-OT,0,0,0,0,0,0,0,0,0,0,0,0,1,0.0,12,8:41,0,1,1,6,14.3
628,2017-12-30,23,32-334,LAK,@,VAN,W,0,0,0,-2,0,0,0,0,0,0,0,0,0,,20,11:45,0,0,1,1,50.0
629,2018-01-02,24,32-337,LAK,@,EDM,W,0,1,1,1,0,0,0,0,0,1,0,0,0,,18,11:27,1,1,5,2,71.4
630,2018-01-04,25,32-339,LAK,@,CGY,L,0,0,0,-2,2,0,0,0,0,0,0,0,0,,17,11:11,2,1,1,3,25.0
631,2018-01-06,26,32-341,LAK,,NSH,L,0,0,0,-2,0,0,0,0,0,0,0,0,0,,13,7:53,0,0,3,3,50.0
632,2018-01-13,27,32-348,LAK,,ANA,L,0,0,0,-1,0,0,0,0,0,0,0,0,0,,16,10:31,2,0,3,5,37.5
633,2018-01-15,28,32-350,LAK,,SJS,L,0,0,0,-2,2,0,0,0,0,0,0,0,1,0.0,17,11:23,0,0,4,3,57.1
634,2018-01-19,29,32-354,LAK,@,ANA,L,0,0,0,0,0,0,0,0,0,0,0,0,1,0.0,13,9:21,0,2,1,3,25.0
635,2018-01-21,30,32-356,LAK,,NYR,W,0,0,0,0,0,0,0,0,0,0,0,0,0,,18,10:02,0,0,1,2,33.3
636,2018-01-23,31,32-358,LAK,@,VAN,L,0,0,0,-2,0,0,0,0,0,0,0,0,2,0.0,18,13:11,1,0,2,2,50.0
637,2018-01-24,32,32-359,LAK,@,CGY,W,0,0,0,0,0,0,0,0,0,0,0,0,1,0.0,19,11:20,0,0,5,5,50.0
638,2018-01-30,33,33-000,LAK,@,DAL,W,0,1,1,1,2,0,0,0,0,1,0,0,2,0.0,22,15:01,2,0,5,8,38.5
639,2018-02-01,34,33-002,LAK,@,NSH,L,0,0,0,0,2,0,0,0,0,0,0,0,1,0.0,18,12:35,0,0,4,1,80.0
640,2018-02-03,35,33-004,LAK,,ARI,W,0,1,1,1,2,0,0,0,0,0,0,1,2,0.0,23,15:23,0,0,13,4,76.5
641,2018-02-07,36,33-008,LAK,,EDM,W,0,0,0,1,0,0,0,0,0,0,0,0,0,,20,14:14,2,0,5,9,35.7
642,2018-02-09,37,33-010,LAK,@,FLA,W,0,0,0,0,0,0,0,0,0,0,0,0,0,,23,14:35,0,0,12,3,80.0
643,2018-02-10,38,33-011,LAK,@,TBL,L,0,0,0,1,0,0,0,0,0,0,0,0,3,0.0,18,15:38,1,2,2,7,22.2
644,2018-02-13,39,33-014,LAK,@,CAR,L,1,0,1,1,2,1,0,0,0,0,0,0,1,100.0,24,14:33,1,1,6,7,46.2
645,2018-02-15,40,33-016,LAK,@,PIT,L,0,0,0,-1,0,0,0,0,0,0,0,0,2,0.0,27,15:59,3,0,6,11,35.3
646,2018-02-17,41,33-018,LAK,@,BUF,W,0,0,0,0,0,0,0,0,0,0,0,0,0,,23,13:38,0,0,3,2,60.0
647,2018-02-19,42,33-020,LAK,@,CHI,W,1,0,1,1,0,1,0,0,0,0,0,0,3,33.3,26,15:11,1,1,3,1,75.0
648,2018-02-20,43,33-021,LAK,@,WPG,W,1,0,1,0,0,1,0,0,0,0,0,0,2,50.0,20,11:16,0,0,3,5,37.5
649,2018-02-22,44,33-023,LAK,,DAL,L,0,0,0,-1,0,0,0,0,0,0,0,0,0,,19,14:07,0,0,3,6,33.3
650,2018-02-24,45,33-025,LAK,,EDM,L,0,0,0,0,0,0,0,0,0,0,0,0,1,0.0,16,11:02,0,1,5,1,83.3
651,2018-02-26,46,33-027,LAK,,VEG,W,0,0,0,0,0,0,0,0,0,0,0,0,0,,17,11:08,2,0,5,5,50.0
652,2018-02-27,47,33-028,LAK,@,VEG,W,0,0,0,1,0,0,0,0,0,0,0,0,2,0.0,25,15:24,5,3,2,10,16.7
653,2018-03-01,48,33-030,LAK,,CBJ,W,0,0,0,-1,0,0,0,0,0,0,0,0,0,,20,12:07,3,2,3,6,33.3
654,2018-03-03,49,33-032,LAK,,CHI,L,0,0,0,0,0,0,0,0,0,0,0,0,1,0.0,20,13:56,1,0,3,6,33.3
655,2018-03-08,50,33-037,LAK,,WSH,W,0,0,0,1,2,0,0,0,0,0,0,0,3,0.0,19,13:27,1,0,0,1,0.0
656,2018-03-10,51,33-039,LAK,,STL,L,0,0,0,0,0,0,0,0,0,0,0,0,1,0.0,20,12:07,0,0,2,3,40.0
657,2018-03-12,52,33-041,LAK,,VAN,W,0,0,0,0,0,0,0,0,0,0,0,0,1,0.0,18,12:41,0,0,0,3,0.0
658,2018-03-13,53,33-042,LAK,@,ARI,L-SO,0,0,0,0,0,0,0,0,0,0,0,0,2,0.0,17,11:19,2,0,1,2,33.3
659,2018-03-17,54,33-046,LAK,,NJD,L,0,0,0,0,2,0,0,0,0,0,0,0,0,,15,9:08,0,0,2,2,50.0
660,2018-03-19,55,33-048,LAK,@,MIN,W,0,0,0,-1,0,0,0,0,0,0,0,0,0,,14,10:28,0,0,0,2,0.0
661,2018-03-22,56,33-051,LAK,@,COL,W,0,0,0,0,0,0,0,0,0,0,0,0,0,,22,13:39,2,0,4,4,50.0
662,2018-03-26,57,33-055,LAK,,CGY,W,0,0,0,0,0,0,0,0,0,0,0,0,1,0.0,17,12:07,1,1,1,3,25.0
663,2018-03-29,58,33-058,LAK,,ARI,W,0,0,0,0,0,0,0,0,0,0,0,0,2,0.0,15,10:28,2,0,4,2,66.7
664,2018-03-30,59,33-059,LAK,@,ANA,L-OT,0,0,0,0,0,0,0,0,0,0,0,0,2,0.0,18,10:24,2,0,1,3,25.0
665,2018-04-02,60,33-062,LAK,,COL,W,1,0,1,1,2,1,0,0,0,0,0,0,1,100.0,12,8:27,1,0,1,2,33.3
