,date_game,game_season,age,team_id,game_location,opp_id,game_result,goals,assists,points,plus_minus,pen_min,goals_ev,goals_pp,goals_sh,goals_gw,assists_ev,assists_pp,assists_sh,shots,shot_pct,shifts,time_on_ice,hits_all,blocks_all,faceoff_wins_all,faceoff_losses_all,faceoff_percentage_all
0,2016-03-05,1,20-343,WPG,,MTL,W,0,0,0,0,0,0,0,0,0,0,0,0,1,0.0,23,15:54,1,2,0,0,
1,2016-10-13,1,21-199,WPG,,CAR,W,0,0,0,0,0,0,0,0,0,0,0,0,2,0.0,20,14:45,2,0,0,0,
2,2016-10-15,2,21-201,WPG,@,MIN,L,0,0,0,2,0,0,0,0,0,0,0,0,1,0.0,29,18:18,0,1,0,0,
3,2016-10-17,3,21-203,WPG,,BOS,L,0,0,0,-1,0,0,0,0,0,0,0,0,3,0.0,23,19:05,3,0,0,0,
4,2016-10-19,4,21-205,WPG,,TOR,W,0,1,1,1,0,0,0,0,0,1,0,0,3,0.0,25,19:12,3,1,0,0,
5,2016-10-23,5,21-209,WPG,,EDM,L,0,0,0,-1,0,0,0,0,0,0,0,0,0,,21,18:23,1,3,0,0,
6,2016-10-25,6,21-211,WPG,@,DAL,L,0,0,0,0,0,0,0,0,0,0,0,0,2,0.0,26,18:21,0,1,0,0,
7,2016-10-27,7,21-213,WPG,,DAL,W,0,0,0,0,0,0,0,0,0,0,0,0,0,,17,12:46,3,1,0,0,
8,2016-10-28,8,21-214,WPG,@,COL,W,0,1,1,1,2,0,0,0,0,1,0,0,1,0.0,23,16:34,1,0,0,0,
9,2016-10-30,9,21-216,WPG,,BUF,L,0,0,0,0,0,0,0,0,0,0,0,0,3,0.0,26,19:49,1,2,0,0,
10,2016-11-01,10,21-218,WPG,,WSH,L,0,0,0,0,0,0,0,0,0,0,0,0,1,0.0,26,19:41,1,1,0,0,
11,2016-11-03,11,21-220,WPG,@,WSH,L-OT,0,0,0,1,0,0,0,0,0,0,0,0,1,0.0,24,19:54,0,1,0,0,
12,2016-11-04,12,21-221,WPG,@,DET,W,0,0,0,-1,2,0,0,0,0,0,0,0,3,0.0,26,22:26,1,0,0,0,
13,2016-11-06,13,21-223,WPG,@,NYR,L,0,0,0,-2,0,0,0,0,0,0,0,0,0,,24,19:24,2,2,0,0,
14,2016-11-08,14,21-225,WPG,,DAL,W,0,0,0,0,0,0,0,0,0,0,0,0,0,,21,17:26,0,4,0,0,
15,2016-11-10,15,21-227,WPG,@,ARI,W,0,0,0,1,0,0,0,0,0,0,0,0,0,,27,20:48,1,2,0,0,
16,2016-11-11,16,21-228,WPG,@,COL,L-OT,0,0,0,1,2,0,0,0,0,0,0,0,0,,19,14:45,3,1,0,0,
17,2016-11-13,17,21-230,WPG,,LAK,W,0,0,0,-2,0,0,0,0,0,0,0,0,1,0.0,24,18:19,1,5,0,0,
18,2016-11-15,18,21-232,WPG,,CHI,W,1,0,1,2,2,1,0,0,1,0,0,0,1,100.0,27,18:42,0,4,0,0,
19,2016-11-17,19,21-234,WPG,@,PHI,L,0,0,0,0,0,0,0,0,0,0,0,0,2,0.0,24,21:07,5,4,0,0,
20,2016-11-19,20,21-236,WPG,@,BOS,L,0,0,0,-1,0,0,0,0,0,0,0,0,0,,21,17:18,2,3,0,0,
21,2016-11-20,21,21-237,WPG,@,CAR,L,0,1,1,0,0,0,0,0,0,1,0,0,0,,19,14:29,1,1,0,0,
22,2016-11-23,22,21-240,WPG,@,MIN,L,0,0,0,-1,4,0,0,0,0,0,0,0,2,0.0,23,19:45,1,0,0,0,
23,2016-11-25,23,21-242,WPG,@,NSH,L,0,0,0,0,0,0,0,0,0,0,0,0,1,0.0,25,20:27,2,1,0,0,
24,2016-11-27,24,21-244,WPG,,NSH,W,0,0,0,1,0,0,0,0,0,0,0,0,0,,19,17:03,2,1,0,0,
25,2016-11-29,25,21-246,WPG,,NJD,W,0,0,0,1,0,0,0,0,0,0,0,0,1,0.0,22,16:50,2,2,0,0,
26,2016-12-01,26,21-248,WPG,,EDM,L,0,0,0,-1,0,0,0,0,0,0,0,0,0,,28,21:55,1,1,0,0,
27,2016-12-03,27,21-250,WPG,@,STL,W,0,0,0,1,4,0,0,0,0,0,0,0,0,,23,17:04,2,3,0,0,
28,2016-12-04,28,21-251,WPG,@,CHI,W,0,0,0,0,0,0,0,0,0,0,0,0,1,0.0,27,20:38,4,1,0,0,
29,2016-12-06,29,21-253,WPG,,DET,L-SO,0,0,0,2,0,0,0,0,0,0,0,0,1,0.0,24,18:54,2,0,0,0,
30,2016-12-08,30,21-255,WPG,,NYR,L,0,0,0,0,0,0,0,0,0,0,0,0,1,0.0,23,17:10,1,1,0,0,
31,2016-12-10,31,21-257,WPG,@,CGY,L,0,1,1,0,0,0,0,0,0,1,0,0,2,0.0,25,21:08,0,0,0,0,
32,2016-12-11,32,21-258,WPG,@,EDM,L,0,0,0,0,0,0,0,0,0,0,0,0,0,,29,22:01,4,0,0,0,
33,2016-12-15,33,21-262,WPG,,FLA,W,0,0,0,1,0,0,0,0,0,0,0,0,0,,29,23:03,1,1,0,0,
34,2016-12-18,34,21-265,WPG,,COL,W,0,0,0,2,0,0,0,0,0,0,0,0,0,,26,20:01,0,0,0,0,
35,2016-12-20,35,21-267,WPG,@,VAN,L,0,0,0,-2,0,0,0,0,0,0,0,0,0,,21,17:14,1,0,0,0,
36,2016-12-22,36,21-269,WPG,@,VAN,W,0,0,0,0,0,0,0,0,0,0,0,0,0,,22,18:36,2,2,0,0,
37,2016-12-27,37,21-274,WPG,@,CHI,W,0,0,0,1,0,0,0,0,0,0,0,0,0,,24,18:45,5,0,0,0,
38,2016-12-29,38,21-276,WPG,,CBJ,L,0,0,0,-2,4,0,0,0,0,0,0,0,2,0.0,26,19:16,3,1,0,0,
39,2016-12-31,39,21-278,WPG,,NYI,L,0,0,0,-2,0,0,0,0,0,0,0,0,0,,26,16:12,1,1,0,0,
40,2017-01-03,40,21-281,WPG,@,TBL,W,0,1,1,1,0,0,0,0,0,1,0,0,1,0.0,26,18:13,3,1,0,0,
41,2017-01-04,41,21-282,WPG,@,FLA,W,0,0,0,1,0,0,0,0,0,0,0,0,0,,27,19:44,1,2,0,0,
42,2017-01-07,42,21-285,WPG,@,BUF,L,0,1,1,-1,0,0,0,0,0,1,0,0,3,0.0,23,18:32,0,1,0,0,
43,2017-01-09,43,21-287,WPG,,CGY,W,0,0,0,2,2,0,0,0,0,0,0,0,2,0.0,21,18:04,1,4,0,0,
44,2017-01-11,44,21-289,WPG,,MTL,L,0,0,0,0,0,0,0,0,0,0,0,0,0,,22,15:21,2,0,0,0,
45,2017-01-13,45,21-291,WPG,@,ARI,L,0,0,0,-2,0,0,0,0,0,0,0,0,4,0.0,22,16:18,1,0,0,0,
46,2017-01-14,46,21-292,WPG,@,LAK,L-OT,0,0,0,0,2,0,0,0,0,0,0,0,0,,24,16:08,2,3,0,0,
47,2017-01-16,47,21-294,WPG,@,SJS,L,1,0,1,0,0,1,0,0,0,0,0,0,1,100.0,24,20:07,2,4,0,0,
48,2017-01-18,48,21-296,WPG,,ARI,W,0,1,1,1,0,0,0,0,0,1,0,0,1,0.0,25,19:30,3,1,0,0,
49,2017-01-21,49,21-299,WPG,,STL,W,0,0,0,1,0,0,0,0,0,0,0,0,0,,26,17:03,1,1,0,0,
50,2017-01-23,50,21-301,WPG,,ANA,L,0,0,0,-1,0,0,0,0,0,0,0,0,0,,22,20:22,1,1,0,0,
51,2017-01-24,51,21-302,WPG,,SJS,L,0,2,2,3,0,0,0,0,0,2,0,0,2,0.0,30,23:14,1,0,0,0,
52,2017-01-26,52,21-304,WPG,@,CHI,W,0,1,1,1,0,0,0,0,0,1,0,0,2,0.0,30,21:57,6,1,0,0,
53,2017-01-31,53,21-309,WPG,@,STL,W,0,1,1,-2,0,0,0,0,0,1,0,0,0,,28,22:31,1,2,0,0,
54,2017-02-02,54,21-311,WPG,@,DAL,W,0,0,0,0,0,0,0,0,0,0,0,0,0,,26,18:52,1,3,0,0,
55,2017-02-04,55,21-313,WPG,@,COL,L,0,0,0,-1,0,0,0,0,0,0,0,0,3,0.0,31,21:21,4,1,0,0,
56,2017-02-07,56,21-316,WPG,,MIN,L,0,0,0,-2,0,0,0,0,0,0,0,0,2,0.0,29,19:21,2,6,0,0,
57,2017-02-10,57,21-319,WPG,,CHI,L,0,0,0,0,0,0,0,0,0,0,0,0,4,0.0,25,18:46,3,1,0,0,
58,2017-02-11,58,21-320,WPG,,TBL,L,0,0,0,-2,2,0,0,0,0,0,0,0,1,0.0,25,18:52,3,2,0,0,
59,2017-02-14,59,21-323,WPG,,DAL,W,0,1,1,2,0,0,0,0,0,1,0,0,2,0.0,27,19:41,3,4,0,0,
60,2017-02-16,60,21-325,WPG,@,PIT,L-OT,0,0,0,0,0,0,0,0,0,0,0,0,2,0.0,27,18:54,2,1,0,0,
61,2017-02-18,61,21-327,WPG,@,MTL,W,0,0,0,1,0,0,0,0,0,0,0,0,1,0.0,30,24:09,5,3,0,0,
62,2017-02-19,62,21-328,WPG,@,OTT,W,1,0,1,0,0,1,0,0,1,0,0,0,1,100.0,28,23:41,2,2,0,0,
63,2017-02-21,63,21-330,WPG,@,TOR,L-OT,0,1,1,0,0,0,0,0,0,1,0,0,0,,33,22:55,5,3,0,0,
64,2017-02-28,64,21-337,WPG,,MIN,L,0,0,0,3,0,0,0,0,0,0,0,0,2,0.0,24,18:54,3,0,0,0,
65,2017-03-03,65,21-340,WPG,,STL,W,0,0,0,0,0,0,0,0,0,0,0,0,2,0.0,26,18:55,2,0,0,0,
66,2017-03-04,66,21-341,WPG,,COL,W,0,0,0,2,0,0,0,0,0,0,0,0,0,,25,17:53,1,2,0,0,
67,2017-03-06,67,21-343,WPG,,SJS,L,1,0,1,1,0,1,0,0,0,0,0,0,5,20.0,24,19:59,0,3,0,0,
68,2017-03-08,68,21-345,WPG,,PIT,L,0,0,0,-2,4,0,0,0,0,0,0,0,2,0.0,23,18:48,0,3,0,0,
69,2017-03-11,69,21-348,WPG,,CGY,L,0,0,0,-1,2,0,0,0,0,0,0,0,1,0.0,27,19:58,0,1,0,0,
70,2017-03-13,70,21-350,WPG,@,NSH,L-OT,0,1,1,1,0,0,0,0,0,1,0,0,2,0.0,29,22:43,5,2,0,0,
71,2017-03-16,71,21-353,WPG,@,NYI,W,0,0,0,0,0,0,0,0,0,0,0,0,1,0.0,28,25:41,1,4,0,0,
72,2017-03-19,72,21-356,WPG,,MIN,W,1,0,1,3,0,1,0,0,1,0,0,0,3,33.3,28,22:12,1,2,0,0,
73,2017-03-21,73,21-358,WPG,,PHI,W,0,0,0,-1,2,0,0,0,0,0,0,0,2,0.0,30,23:51,0,1,0,0,
74,2017-03-23,74,21-360,WPG,@,LAK,L,0,0,0,0,2,0,0,0,0,0,0,0,0,,26,20:45,0,3,0,0,
75,2017-03-24,75,21-361,WPG,@,ANA,L,1,0,1,-2,0,0,1,0,0,0,0,0,2,50.0,29,20:53,0,5,0,0,
76,2017-03-26,76,21-363,WPG,,VAN,W,0,0,0,-1,0,0,0,0,0,0,0,0,1,0.0,24,23:01,2,1,0,0,
77,2017-03-28,77,22-000,WPG,@,NJD,W,0,0,0,-2,0,0,0,0,0,0,0,0,2,0.0,26,22:03,2,3,0,0,
78,2017-03-30,78,22-002,WPG,,ANA,W,0,0,0,0,0,0,0,0,0,0,0,0,4,0.0,26,20:56,2,1,0,0,
79,2017-04-01,79,22-004,WPG,,OTT,W,0,0,0,3,2,0,0,0,0,0,0,0,0,,28,19:28,2,1,0,0,
80,2017-04-04,80,22-007,WPG,@,STL,W,0,0,0,-1,0,0,0,0,0,0,0,0,0,,28,20:36,2,2,0,0,
81,2017-04-06,81,22-009,WPG,@,CBJ,W,0,0,0,-1,0,0,0,0,0,0,0,0,2,0.0,25,19:00,1,3,0,0,
82,2017-04-08,82,22-011,WPG,,NSH,W,0,0,0,0,0,0,0,0,0,0,0,0,1,0.0,25,21:30,1,3,0,0,
83,2017-10-04,1,22-190,WPG,,TOR,L,0,0,0,-2,2,0,0,0,0,0,0,0,2,0.0,20,12:38,0,2,1,0,100.0
84,2017-10-07,2,22-193,WPG,@,CGY,L,0,1,1,0,0,0,0,0,0,1,0,0,1,0.0,24,20:44,1,3,0,0,
85,2017-10-09,3,22-195,WPG,@,EDM,W,0,0,0,-1,2,0,0,0,0,0,0,0,1,0.0,31,23:41,2,3,0,0,
86,2017-10-12,4,22-198,WPG,@,VAN,W,1,0,1,0,0,1,0,0,0,0,0,0,3,33.3,25,20:05,3,3,0,0,
87,2017-10-14,5,22-200,WPG,,CAR,W,0,0,0,1,0,0,0,0,0,0,0,0,1,0.0,26,21:26,4,5,0,0,
88,2017-10-17,6,22-203,WPG,,CBJ,L,0,0,0,-2,0,0,0,0,0,0,0,0,2,0.0,25,20:25,0,3,0,0,
89,2017-10-20,7,22-206,WPG,,MIN,W,0,0,0,-1,0,0,0,0,0,0,0,0,1,0.0,23,17:21,3,0,0,0,
90,2017-10-26,8,22-212,WPG,@,PIT,L-OT,1,0,1,1,2,1,0,0,0,0,0,0,3,33.3,27,19:51,3,2,0,1,0.0
91,2017-10-27,9,22-213,WPG,@,CBJ,L-OT,0,0,0,0,0,0,0,0,0,0,0,0,1,0.0,22,17:58,2,2,0,0,
92,2017-10-29,10,22-215,WPG,,PIT,W,0,0,0,3,0,0,0,0,0,0,0,0,1,0.0,28,20:15,4,2,0,0,
93,2017-10-31,11,22-217,WPG,@,MIN,W,0,0,0,1,0,0,0,0,0,0,0,0,0,,22,17:17,1,2,0,0,
94,2017-11-02,12,22-219,WPG,,DAL,W,0,1,1,2,0,0,0,0,0,1,0,0,1,0.0,25,19:48,1,2,0,0,
95,2017-11-04,13,22-221,WPG,,MTL,L-OT,0,0,0,0,2,0,0,0,0,0,0,0,0,,25,19:59,4,1,0,0,
96,2017-11-06,14,22-223,WPG,@,DAL,W,0,0,0,2,2,0,0,0,0,0,0,0,0,,27,17:35,3,2,0,0,
97,2017-11-10,15,22-227,WPG,@,VEG,L,0,0,0,0,2,0,0,0,0,0,0,0,0,,22,14:51,0,2,0,0,
98,2017-11-11,16,22-228,WPG,@,ARI,W,0,0,0,-1,0,0,0,0,0,0,0,0,0,,24,17:44,3,2,0,0,
99,2017-11-14,17,22-231,WPG,,ARI,W,0,1,1,1,0,0,0,0,0,1,0,0,2,0.0,24,17:54,2,0,0,0,
100,2017-11-16,18,22-233,WPG,,PHI,W,0,0,0,-1,0,0,0,0,0,0,0,0,1,0.0,26,19:39,1,3,0,0,
101,2017-11-18,19,22-235,WPG,,NJD,W,0,0,0,2,0,0,0,0,0,0,0,0,1,0.0,25,19:53,1,3,0,0,
102,2017-11-20,20,22-237,WPG,@,NSH,L,0,0,0,-2,0,0,0,0,0,0,0,0,2,0.0,26,17:52,0,1,0,0,
103,2017-11-22,21,22-239,WPG,@,LAK,W,0,0,0,1,0,0,0,0,0,0,0,0,1,0.0,29,21:29,10,2,0,0,
104,2017-11-24,22,22-241,WPG,@,ANA,W,0,0,0,1,4,0,0,0,0,0,0,0,2,0.0,23,19:50,0,2,0,0,
105,2017-11-25,23,22-242,WPG,@,SJS,L,0,0,0,0,0,0,0,0,0,0,0,0,1,0.0,23,19:53,2,3,0,0,
106,2017-11-27,24,22-244,WPG,,MIN,W,0,1,1,2,0,0,0,0,0,1,0,0,0,,22,19:01,0,1,0,0,
107,2017-11-29,25,22-246,WPG,@,COL,L-OT,1,0,1,2,0,1,0,0,0,0,0,0,3,33.3,20,19:50,1,3,0,0,
108,2017-12-01,26,22-248,WPG,,VEG,W,0,2,2,-1,2,0,0,0,0,2,0,0,1,0.0,24,20:14,2,3,0,0,
109,2017-12-03,27,22-250,WPG,,OTT,W,0,0,0,2,0,0,0,0,0,0,0,0,2,0.0,22,20:59,2,2,0,0,
110,2017-12-05,28,22-252,WPG,@,DET,L,0,0,0,-3,4,0,0,0,0,0,0,0,3,0.0,26,19:02,2,1,0,0,
111,2017-12-07,29,22-254,WPG,@,FLA,L,0,0,0,-2,0,0,0,0,0,0,0,0,3,0.0,22,18:10,0,0,0,0,
112,2017-12-09,30,22-256,WPG,@,TBL,L-OT,0,1,1,0,0,0,0,0,0,1,0,0,1,0.0,28,21:24,0,0,0,0,
113,2017-12-11,31,22-258,WPG,,VAN,W,1,0,1,0,0,1,0,0,0,0,0,0,1,100.0,23,21:21,1,1,0,0,
114,2017-12-14,32,22-261,WPG,,CHI,L,0,0,0,-1,0,0,0,0,0,0,0,0,2,0.0,26,23:51,4,1,0,0,
115,2017-12-16,33,22-263,WPG,@,STL,L,0,0,0,0,0,0,0,0,0,0,0,0,0,,23,19:20,2,2,0,0,
116,2017-12-17,34,22-264,WPG,,STL,W,1,1,2,3,2,1,0,0,0,1,0,0,4,25.0,28,21:20,1,1,0,0,
117,2017-12-19,35,22-266,WPG,@,NSH,W,0,1,1,-1,0,0,0,0,0,1,0,0,2,0.0,28,23:45,0,7,0,0,
118,2017-12-21,36,22-268,WPG,@,BOS,L-SO,0,0,0,0,0,0,0,0,0,0,0,0,2,0.0,29,24:17,1,2,0,0,
119,2017-12-23,37,22-270,WPG,@,NYI,L,0,0,0,-2,0,0,0,0,0,0,0,0,3,0.0,25,21:16,2,0,0,0,
120,2017-12-27,38,22-274,WPG,,EDM,W,0,0,0,0,0,0,0,0,0,0,0,0,2,0.0,25,23:02,1,0,0,0,
121,2017-12-29,39,22-276,WPG,,NYI,W,0,0,0,0,0,0,0,0,0,0,0,0,1,0.0,28,21:16,1,1,0,0,
122,2017-12-31,40,22-278,WPG,@,EDM,W,0,1,1,2,0,0,0,0,0,1,0,0,2,0.0,23,21:08,3,4,0,0,
123,2018-01-02,41,22-280,WPG,@,COL,L-OT,0,1,1,-2,0,0,0,0,0,0,1,0,0,,27,22:36,1,2,0,0,
124,2018-01-05,42,22-283,WPG,,BUF,W,0,1,1,0,0,0,0,0,0,1,0,0,0,,26,20:15,3,4,0,0,
125,2018-01-07,43,22-285,WPG,,SJS,W,0,0,0,1,0,0,0,0,0,0,0,0,2,0.0,23,20:34,0,2,0,0,
126,2018-01-09,44,22-287,WPG,@,BUF,W,0,1,1,2,0,0,0,0,0,1,0,0,1,0.0,23,20:20,0,0,0,0,
127,2018-01-12,45,22-290,WPG,@,CHI,L,0,0,0,0,0,0,0,0,0,0,0,0,0,,23,19:13,2,4,0,0,
128,2018-01-13,46,22-291,WPG,@,MIN,L,0,0,0,-1,2,0,0,0,0,0,0,0,0,,24,19:29,1,3,0,0,
129,2018-01-20,47,22-298,WPG,@,CGY,W,0,0,0,0,2,0,0,0,0,0,0,0,3,0.0,23,20:12,0,2,0,0,
130,2018-01-21,48,22-299,WPG,,VAN,W,0,0,0,0,0,0,0,0,0,0,0,0,2,0.0,23,21:36,0,5,0,0,
131,2018-01-23,49,22-301,WPG,@,SJS,W,0,0,0,0,0,0,0,0,0,0,0,0,0,,28,26:20,3,6,0,0,
132,2018-01-25,50,22-303,WPG,@,ANA,L-SO,0,0,0,1,0,0,0,0,0,0,0,0,0,,27,25:15,4,3,0,0,
133,2018-01-30,51,22-308,WPG,,TBL,W,0,0,0,1,0,0,0,0,0,0,0,0,2,0.0,25,24:10,2,3,0,0,
134,2018-02-01,52,22-310,WPG,,VEG,L-OT,0,1,1,2,0,0,0,0,0,1,0,0,1,0.0,26,22:21,0,2,0,0,
135,2018-02-03,53,22-312,WPG,,COL,W,0,0,0,0,0,0,0,0,0,0,0,0,1,0.0,22,21:26,3,0,0,0,
136,2018-02-06,54,22-315,WPG,,ARI,W,0,0,0,-1,0,0,0,0,0,0,0,0,0,,21,18:50,2,2,0,0,
137,2018-02-09,55,22-318,WPG,,STL,L,0,0,0,-2,0,0,0,0,0,0,0,0,0,,22,19:27,0,2,0,0,
138,2018-02-11,56,22-320,WPG,,NYR,L,0,0,0,-1,0,0,0,0,0,0,0,0,1,0.0,23,18:20,0,1,0,0,
139,2018-02-13,57,22-322,WPG,,WSH,W,0,0,0,0,0,0,0,0,0,0,0,0,2,0.0,24,22:09,0,0,0,0,
140,2018-02-16,58,22-325,WPG,,COL,W,0,0,0,-1,0,0,0,0,0,0,0,0,0,,25,20:36,4,2,0,0,
141,2018-02-18,59,22-327,WPG,,FLA,W,0,1,1,3,0,0,0,0,0,1,0,0,0,,24,19:27,2,2,0,0,
142,2018-02-20,60,22-329,WPG,,LAK,L,0,0,0,-1,0,0,0,0,0,0,0,0,1,0.0,23,20:27,0,3,0,0,
143,2018-02-23,61,22-332,WPG,@,STL,W,0,0,0,1,2,0,0,0,0,0,0,0,0,,25,18:53,3,3,0,0,
144,2018-02-24,62,22-333,WPG,@,DAL,W,0,0,0,-1,0,0,0,0,0,0,0,0,0,,27,20:39,0,3,0,0,
145,2018-02-27,63,22-336,WPG,,NSH,L,0,0,0,0,0,0,0,0,0,0,0,0,4,0.0,27,22:32,1,6,0,0,
146,2018-03-02,64,22-339,WPG,,DET,W,0,2,2,1,0,0,0,0,0,2,0,0,0,,24,21:24,1,2,0,0,
147,2018-03-04,65,22-341,WPG,@,CAR,W,0,0,0,-2,2,0,0,0,0,0,0,0,0,,23,21:15,2,2,0,0,
148,2018-03-06,66,22-343,WPG,@,NYR,W,0,0,0,2,0,0,0,0,0,0,0,0,1,0.0,27,20:41,4,0,0,0,
149,2018-03-08,67,22-345,WPG,@,NJD,W,0,0,0,1,4,0,0,0,0,0,0,0,0,,27,21:41,4,4,0,0,
150,2018-03-10,68,22-347,WPG,@,PHI,L,0,0,0,-2,0,0,0,0,0,0,0,0,4,0.0,26,22:00,2,3,0,0,
151,2018-03-12,69,22-349,WPG,@,WSH,L-OT,0,0,0,0,0,0,0,0,0,0,0,0,3,0.0,29,21:50,1,1,0,0,
152,2018-03-13,70,22-350,WPG,@,NSH,L,0,0,0,0,2,0,0,0,0,0,0,0,1,0.0,25,18:59,6,1,0,0,
153,2018-03-15,71,22-352,WPG,,CHI,W,0,0,0,3,0,0,0,0,0,0,0,0,1,0.0,20,17:54,1,2,0,0,
154,2018-03-18,72,22-355,WPG,,DAL,W,0,0,0,0,0,0,0,0,0,0,0,0,1,0.0,27,21:11,3,1,0,0,
155,2018-03-20,73,22-357,WPG,,LAK,W,0,1,1,1,0,0,0,0,0,1,0,0,3,0.0,24,22:00,0,1,0,0,
156,2018-03-23,74,22-360,WPG,,ANA,W,0,1,1,1,0,0,0,0,0,1,0,0,1,0.0,26,22:51,2,1,0,0,
157,2018-03-25,75,22-362,WPG,,NSH,W,0,0,0,-1,0,0,0,0,0,0,0,0,1,0.0,29,22:19,3,3,0,0,
158,2018-03-27,76,22-364,WPG,,BOS,W,0,0,0,2,5,0,0,0,0,0,0,0,0,,24,18:13,1,2,0,0,
159,2018-03-29,77,23-001,WPG,@,CHI,L,0,0,0,-1,0,0,0,0,0,0,0,0,0,,23,21:53,2,2,0,0,
160,2018-03-31,78,23-003,WPG,@,TOR,W,1,0,1,2,0,1,0,0,0,0,0,0,2,50.0,29,22:02,0,0,0,0,
161,2018-04-02,79,23-005,WPG,@,OTT,W,1,0,1,1,0,1,0,0,0,0,0,0,3,33.3,23,22:12,1,2,0,0,
162,2018-04-05,80,23-008,WPG,,CGY,W,0,0,0,-1,2,0,0,0,0,0,0,0,1,0.0,20,18:27,1,0,0,0,
163,2018-04-07,81,23-010,WPG,,CHI,W,0,0,0,1,2,0,0,0,0,0,0,0,1,0.0,20,17:20,1,2,0,0,
164,2018-10-04,1,23-190,WPG,@,STL,W,0,0,0,1,0,0,0,0,0,0,0,0,0,,24,22:53,1,1,0,0,
165,2018-10-06,2,23-192,WPG,@,DAL,L,0,1,1,1,0,0,0,0,0,1,0,0,0,,25,20:49,2,9,0,0,
166,2018-10-09,3,23-195,WPG,,LAK,W,0,1,1,1,0,0,0,0,0,1,0,0,1,0.0,24,22:28,0,3,0,0,
167,2018-10-11,4,23-197,WPG,@,NSH,L,0,0,0,0,0,0,0,0,0,0,0,0,3,0.0,26,26:26,2,1,0,0,
168,2018-10-14,5,23-200,WPG,,CAR,W,0,2,2,1,0,0,0,0,0,1,1,0,1,0.0,25,25:10,1,3,0,0,
169,2018-10-16,6,23-202,WPG,,EDM,L-OT,0,1,1,-2,0,0,0,0,0,0,1,0,0,,26,22:42,0,0,0,0,
170,2018-10-18,7,23-204,WPG,,VAN,W,0,0,0,-1,0,0,0,0,0,0,0,0,2,0.0,25,23:14,2,1,0,0,
171,2018-10-20,8,23-206,WPG,,ARI,W,1,1,2,1,0,0,1,0,0,1,0,0,3,33.3,25,22:16,0,0,0,0,
172,2018-10-22,9,23-208,WPG,,STL,W,0,0,0,0,2,0,0,0,0,0,0,0,4,0.0,28,26:24,2,1,0,0,
173,2018-10-24,10,23-210,WPG,,TOR,L,0,0,0,-1,0,0,0,0,0,0,0,0,1,0.0,25,22:21,1,3,0,0,
174,2018-10-26,11,23-212,WPG,@,DET,W,0,0,0,0,0,0,0,0,0,0,0,0,0,,23,22:36,1,1,0,0,
175,2018-10-27,12,23-213,WPG,@,TOR,L,0,0,0,-1,0,0,0,0,0,0,0,0,1,0.0,21,20:51,4,0,0,0,
176,2018-11-01,13,23-218,WPG,@,FLA,W,0,0,0,1,2,0,0,0,0,0,0,0,2,0.0,27,22:59,1,1,0,0,
177,2018-11-02,14,23-219,WPG,,FLA,L,0,0,0,0,0,0,0,0,0,0,0,0,2,0.0,23,21:56,0,2,0,0,
178,2018-11-09,15,23-226,WPG,,COL,W,0,1,1,1,0,0,0,0,0,1,0,0,2,0.0,26,24:38,2,1,0,0,
179,2018-11-11,16,23-228,WPG,,NJD,W,0,0,0,2,2,0,0,0,0,0,0,0,2,0.0,22,19:43,2,2,0,0,
180,2018-11-14,17,23-231,WPG,,WSH,W,0,0,0,1,0,0,0,0,0,0,0,0,3,0.0,23,20:08,2,1,0,0,
181,2018-11-16,18,23-233,WPG,,BUF,L-SO,0,0,0,0,0,0,0,0,0,0,0,0,2,0.0,23,22:07,2,1,0,0,
182,2018-11-19,19,23-236,WPG,@,VAN,W,0,0,0,0,0,0,0,0,0,0,0,0,2,0.0,21,19:52,1,1,0,0,
183,2018-11-21,20,23-238,WPG,@,CGY,L,0,0,0,-1,0,0,0,0,0,0,0,0,2,0.0,22,20:13,1,2,0,0,
184,2018-11-23,21,23-240,WPG,@,MIN,L,0,1,1,-2,0,0,0,0,0,0,1,0,1,0.0,24,21:59,0,2,0,0,
185,2018-11-24,22,23-241,WPG,@,STL,W,0,1,1,2,0,0,0,0,0,1,0,0,1,0.0,26,20:18,1,1,0,0,
186,2018-11-27,23,23-244,WPG,,PIT,L,0,0,0,-1,0,0,0,0,0,0,0,0,0,,22,19:15,1,2,0,0,
187,2018-11-29,24,23-246,WPG,,CHI,W,0,0,0,3,0,0,0,0,0,0,0,0,2,0.0,25,28:59,0,3,0,0,
188,2018-12-01,25,23-248,WPG,@,NJD,W,1,0,1,1,2,1,0,0,0,0,0,0,4,25.0,31,29:02,0,1,0,0,
189,2018-12-02,26,23-249,WPG,@,NYR,W,0,1,1,-2,0,0,0,0,0,0,1,0,4,0.0,30,28:11,1,2,0,0,
190,2018-12-09,27,23-256,WPG,,PHI,W,1,2,3,2,0,0,1,0,1,1,0,1,3,33.3,23,20:13,0,1,0,0,
191,2018-12-11,28,23-258,WPG,,CHI,W,0,0,0,-1,2,0,0,0,0,0,0,0,0,,24,21:02,0,0,0,0,
192,2018-12-13,29,23-260,WPG,,EDM,W,1,1,2,-2,0,1,0,0,1,0,1,0,1,100.0,26,22:30,1,1,0,0,
193,2018-12-14,30,23-261,WPG,@,CHI,W,0,2,2,0,0,0,0,0,0,2,0,0,4,0.0,21,20:09,1,1,0,0,
194,2018-12-16,31,23-263,WPG,,TBL,W,0,1,1,1,0,0,0,0,0,1,0,0,4,0.0,24,21:22,2,6,0,0,
195,2018-12-18,32,23-265,WPG,@,LAK,L,0,1,1,0,2,0,0,0,0,1,0,0,1,0.0,22,20:35,1,0,0,0,
196,2018-12-20,33,23-267,WPG,@,SJS,W,0,0,0,1,0,0,0,0,0,0,0,0,0,,25,20:41,1,2,0,0,
197,2018-12-22,34,23-269,WPG,@,VAN,W,0,0,0,0,0,0,0,0,0,0,0,0,1,0.0,23,21:07,0,1,0,0,
198,2018-12-27,35,23-274,WPG,,CGY,L,0,0,0,-1,0,0,0,0,0,0,0,0,0,,21,21:53,0,3,0,0,
199,2018-12-29,36,23-276,WPG,,MIN,L,0,0,0,-2,0,0,0,0,0,0,0,0,1,0.0,22,21:31,0,3,0,0,
200,2018-12-31,37,23-278,WPG,@,EDM,W,0,1,1,-1,0,0,0,0,0,1,0,0,1,0.0,28,26:28,1,4,0,0,
201,2019-01-04,38,23-282,WPG,@,PIT,L,0,0,0,-1,2,0,0,0,0,0,0,0,3,0.0,27,23:05,2,3,0,0,
202,2019-01-06,39,23-284,WPG,,DAL,W,1,1,2,3,0,0,0,1,0,1,0,0,5,20.0,30,24:04,0,1,0,0,
203,2019-01-08,40,23-286,WPG,,COL,W,0,1,1,1,0,0,0,0,0,0,1,0,0,,24,25:04,3,3,0,0,
204,2019-01-10,41,23-288,WPG,@,MIN,L,0,0,0,1,0,0,0,0,0,0,0,0,3,0.0,26,25:37,1,1,0,0,
205,2019-01-11,42,23-289,WPG,,DET,W,0,0,0,0,0,0,0,0,0,0,0,0,1,0.0,24,22:47,2,5,0,0,
206,2019-01-13,43,23-291,WPG,,ANA,W,0,1,1,0,0,0,0,0,0,0,1,0,2,0.0,30,25:43,1,1,0,0,
207,2019-01-15,44,23-293,WPG,,VEG,W,0,0,0,2,0,0,0,0,0,0,0,0,2,0.0,26,23:31,0,2,0,0,
208,2019-01-17,45,23-295,WPG,@,NSH,W,0,0,0,0,0,0,0,0,0,0,0,0,0,,26,21:27,0,1,0,0,
209,2019-01-19,46,23-297,WPG,@,DAL,L,0,0,0,1,0,0,0,0,0,0,0,0,3,0.0,26,25:54,1,2,0,0,
210,2019-01-28,47,23-306,WPG,@,PHI,L,0,0,0,-1,0,0,0,0,0,0,0,0,2,0.0,25,25:53,0,2,0,0,
211,2019-01-29,48,23-307,WPG,@,BOS,W,1,0,1,0,0,0,1,0,0,0,0,0,1,100.0,31,24:28,2,3,0,0,
212,2019-01-31,49,23-309,WPG,,CBJ,W,0,0,0,0,0,0,0,0,0,0,0,0,2,0.0,25,25:12,2,1,0,0,
213,2019-02-02,50,23-311,WPG,,ANA,W,0,1,1,1,0,0,0,0,0,1,0,0,0,,23,20:04,1,4,0,0,
214,2019-02-05,51,23-314,WPG,,SJS,L-OT,0,1,1,1,0,0,0,0,0,1,0,0,0,,5,3:45,0,1,0,0,
215,2019-02-09,52,23-318,WPG,@,OTT,L,0,1,1,1,0,0,0,0,0,1,0,0,3,0.0,23,19:49,0,1,0,0,
216,2019-02-10,53,23-319,WPG,@,BUF,W,0,1,1,0,0,0,0,0,0,1,0,0,1,0.0,23,22:52,0,1,0,0,
217,2019-02-12,54,23-321,WPG,,NYR,W,0,0,0,0,0,0,0,0,0,0,0,0,2,0.0,24,21:19,0,0,0,0,
218,2019-02-14,55,23-323,WPG,,COL,L,0,0,0,-1,0,0,0,0,0,0,0,0,0,,24,22:42,0,2,0,0,
219,2019-02-16,56,23-325,WPG,,OTT,L-OT,0,0,0,2,0,0,0,0,0,0,0,0,2,0.0,24,24:41,1,2,0,0,
220,2019-02-20,57,23-329,WPG,@,COL,L,0,0,0,-2,0,0,0,0,0,0,0,0,0,,24,18:53,1,2,0,0,
221,2019-02-22,58,23-331,WPG,@,VEG,W,0,0,0,-1,0,0,0,0,0,0,0,0,2,0.0,28,21:47,1,2,0,0,
222,2019-02-24,59,23-333,WPG,@,ARI,L,0,0,0,0,0,0,0,0,0,0,0,0,0,,20,18:16,0,0,0,0,
223,2019-10-03,1,24-189,WPG,@,NYR,L,0,1,1,-1,2,0,0,0,0,0,1,0,2,0.0,28,24:21,2,0,0,0,
224,2019-10-04,2,24-190,WPG,@,NJD,W,0,0,0,0,0,0,0,0,0,0,0,0,2,0.0,32,27:41,1,0,0,0,
225,2019-10-10,3,24-196,WPG,,MIN,W,0,1,1,5,0,0,0,0,0,1,0,0,4,0.0,24,22:52,0,0,0,0,
226,2019-10-12,4,24-198,WPG,@,CHI,W,0,1,1,0,0,0,0,0,0,1,0,0,1,0.0,25,24:21,0,2,0,0,
227,2019-10-13,5,24-199,WPG,,PIT,L,0,1,1,-4,0,0,0,0,0,0,1,0,2,0.0,24,22:37,0,1,0,0,
228,2019-10-15,6,24-201,WPG,,ARI,L,0,2,2,-1,0,0,0,0,0,0,2,0,5,0.0,25,26:41,2,0,0,0,
229,2019-10-17,7,24-203,WPG,,NYI,L,0,0,0,-2,0,0,0,0,0,0,0,0,2,0.0,27,21:30,1,0,0,0,
230,2019-10-20,8,24-206,WPG,,EDM,W,0,0,0,0,0,0,0,0,0,0,0,0,0,,28,26:24,0,1,0,0,
231,2019-10-22,9,24-208,WPG,,LAK,L,0,0,0,-2,0,0,0,0,0,0,0,0,2,0.0,26,24:06,1,1,0,0,
232,2019-10-26,10,24-212,WPG,,CGY,W,1,0,1,0,0,0,1,0,0,0,0,0,6,16.7,27,29:00,1,2,0,0,
233,2019-10-29,11,24-215,WPG,@,ANA,L,0,1,1,-4,0,0,0,0,0,1,0,0,5,0.0,25,24:49,3,0,0,0,
234,2019-11-01,12,24-218,WPG,@,SJS,W,0,0,0,-1,0,0,0,0,0,0,0,0,1,0.0,26,25:08,0,1,0,0,
235,2019-11-02,13,24-219,WPG,@,VEG,W,0,1,1,-2,0,0,0,0,0,0,1,0,3,0.0,31,25:43,1,2,0,0,
236,2019-11-05,14,24-222,WPG,,NJD,L-SO,0,1,1,0,0,0,0,0,0,1,0,0,1,0.0,29,24:55,0,2,0,0,
237,2019-11-08,15,24-225,WPG,,VAN,W,0,0,0,2,0,0,0,0,0,0,0,0,3,0.0,24,21:25,0,1,0,0,
238,2019-11-10,16,24-227,WPG,,DAL,W,0,1,1,2,0,0,0,0,0,1,0,0,2,0.0,28,25:50,1,1,0,0,
239,2019-11-12,17,24-229,WPG,,COL,L,0,0,0,-2,0,0,0,0,0,0,0,0,2,0.0,25,20:12,0,0,0,0,
240,2019-11-14,18,24-231,WPG,@,FLA,W,1,0,1,2,0,1,0,0,0,0,0,0,2,50.0,25,20:48,0,1,0,0,
241,2019-11-16,19,24-233,WPG,@,TBL,W,0,2,2,0,0,0,0,0,0,1,1,0,1,0.0,28,23:59,2,3,0,0,
242,2019-11-19,20,24-236,WPG,@,NSH,W,0,0,0,2,0,0,0,0,0,0,0,0,2,0.0,31,24:33,1,1,0,0,
243,2019-11-21,21,24-238,WPG,@,DAL,L,0,0,0,-2,0,0,0,0,0,0,0,0,3,0.0,26,22:12,1,0,0,0,
244,2019-11-23,22,24-240,WPG,,CBJ,W,0,0,0,1,0,0,0,0,0,0,0,0,2,0.0,14,10:45,0,0,0,0,
245,2019-11-27,23,24-244,WPG,@,SJS,W,0,0,0,3,2,0,0,0,0,0,0,0,1,0.0,26,20:35,0,0,0,0,
246,2019-11-29,24,24-246,WPG,@,ANA,W,0,1,1,1,0,0,0,0,0,1,0,0,0,,31,25:51,1,3,0,0,
247,2019-11-30,25,24-247,WPG,@,LAK,L,0,0,0,1,0,0,0,0,0,0,0,0,2,0.0,28,23:57,0,1,0,0,
248,2019-12-03,26,24-250,WPG,,DAL,W,1,1,2,3,2,1,0,0,0,1,0,0,2,50.0,30,22:53,0,0,0,0,
249,2019-12-05,27,24-252,WPG,@,DAL,L-OT,0,0,0,2,2,0,0,0,0,0,0,0,0,,26,22:40,0,2,0,0,
250,2019-12-08,28,24-255,WPG,,ANA,W,0,0,0,1,0,0,0,0,0,0,0,0,2,0.0,28,22:34,0,0,0,0,
251,2019-12-10,29,24-257,WPG,,DET,W,0,1,1,0,0,0,0,0,0,1,0,0,2,0.0,21,20:30,0,1,0,0,
252,2019-12-12,30,24-259,WPG,@,DET,L,0,0,0,0,0,0,0,0,0,0,0,0,1,0.0,26,19:21,0,1,0,0,
253,2019-12-15,31,24-262,WPG,,PHI,W,0,1,1,-2,0,0,0,0,0,0,1,0,1,0.0,25,20:52,0,0,0,0,
254,2019-12-17,32,24-264,WPG,,CAR,L,0,0,0,-1,2,0,0,0,0,0,0,0,0,,26,20:14,0,1,0,0,
255,2019-12-19,33,24-266,WPG,,CHI,L,0,1,1,-1,2,0,0,0,0,1,0,0,2,0.0,25,19:03,3,1,0,0,
256,2019-12-21,34,24-268,WPG,@,MIN,W,0,3,3,2,0,0,0,0,0,2,1,0,4,0.0,26,24:53,0,1,0,0,
257,2019-12-23,35,24-270,WPG,,MTL,L,0,0,0,-1,0,0,0,0,0,0,0,0,0,,25,21:27,0,4,0,0,
258,2019-12-27,36,24-274,WPG,,STL,L-OT,0,0,0,0,0,0,0,0,0,0,0,0,0,,31,26:36,0,0,0,0,
259,2019-12-29,37,24-276,WPG,@,STL,L,0,0,0,-1,0,0,0,0,0,0,0,0,1,0.0,31,24:02,1,3,0,0,
260,2019-12-31,38,24-278,WPG,@,COL,W,0,0,0,1,0,0,0,0,0,0,0,0,1,0.0,36,22:35,0,1,0,0,
261,2020-01-02,39,24-280,WPG,,TOR,L,0,0,0,-2,0,0,0,0,0,0,0,0,5,0.0,30,22:50,0,0,0,0,
262,2020-01-04,40,24-282,WPG,@,MIN,L-OT,0,0,0,-1,0,0,0,0,0,0,0,0,1,0.0,31,20:19,0,0,0,0,
263,2020-01-06,41,24-284,WPG,@,MTL,W,1,0,1,1,0,1,0,0,0,0,0,0,3,33.3,26,21:26,0,1,0,0,
264,2020-01-08,42,24-286,WPG,@,TOR,W,0,0,0,-1,2,0,0,0,0,0,0,0,1,0.0,33,23:31,1,2,0,0,
265,2020-01-09,43,24-287,WPG,@,BOS,L,0,1,1,-2,2,0,0,0,0,0,1,0,2,0.0,28,19:48,0,1,0,0,
266,2020-01-12,44,24-290,WPG,,NSH,L,0,0,0,-1,0,0,0,0,0,0,0,0,5,0.0,30,25:15,0,1,0,0,
267,2020-01-14,45,24-292,WPG,,VAN,W,0,0,0,0,0,0,0,0,0,0,0,0,0,,30,24:52,0,1,0,0,
268,2020-01-17,46,24-295,WPG,,TBL,L,0,0,0,-1,0,0,0,0,0,0,0,0,4,0.0,29,24:08,0,2,0,0,
269,2020-01-19,47,24-297,WPG,@,CHI,L,0,0,0,-1,0,0,0,0,0,0,0,0,1,0.0,26,24:10,0,0,0,0,
270,2020-01-21,48,24-299,WPG,@,CAR,L,0,0,0,0,0,0,0,0,0,0,0,0,0,,26,23:24,1,1,0,0,
271,2020-01-22,49,24-300,WPG,@,CBJ,L,0,0,0,-1,0,0,0,0,0,0,0,0,0,,26,20:28,0,0,0,0,
272,2020-01-31,50,24-309,WPG,,BOS,L,0,0,0,1,2,0,0,0,0,0,0,0,4,0.0,26,22:27,0,0,0,0,
273,2020-02-01,51,24-310,WPG,,STL,W,0,0,0,1,0,0,0,0,0,0,0,0,3,0.0,27,23:50,0,2,0,0,
274,2020-02-04,52,24-313,WPG,,NSH,L-OT,0,0,0,-1,0,0,0,0,0,0,0,0,0,,23,22:58,2,0,0,0,
275,2020-02-06,53,24-315,WPG,@,STL,W,0,0,0,0,0,0,0,0,0,0,0,0,0,,33,26:00,0,0,0,0,
276,2020-02-08,54,24-317,WPG,,OTT,W,0,0,0,0,0,0,0,0,0,0,0,0,3,0.0,30,20:59,0,0,0,0,
277,2020-02-09,55,24-318,WPG,,CHI,W,0,1,1,2,0,0,0,0,0,1,0,0,0,,31,23:40,2,0,0,0,
278,2020-02-11,56,24-320,WPG,,NYR,L,0,1,1,0,0,0,0,0,0,1,0,0,0,,26,21:12,0,0,0,0,
279,2020-02-14,57,24-323,WPG,,SJS,L,0,0,0,1,2,0,0,0,0,0,0,0,0,,26,20:57,0,0,0,0,
280,2020-02-16,58,24-325,WPG,,CHI,W,0,0,0,0,0,0,0,0,0,0,0,0,2,0.0,28,24:38,3,2,0,0,
281,2020-02-18,59,24-327,WPG,,LAK,W,0,0,0,0,0,0,0,0,0,0,0,0,2,0.0,29,24:59,1,0,0,0,
282,2020-02-20,60,24-329,WPG,@,OTT,W,0,1,1,0,2,0,0,0,0,0,1,0,3,0.0,22,18:42,0,4,0,0,
283,2020-02-22,61,24-331,WPG,@,PHI,L,1,0,1,0,0,1,0,0,0,0,0,0,3,33.3,23,17:19,1,0,0,0,
284,2020-03-03,62,24-341,WPG,,BUF,W,0,0,0,0,0,0,0,0,0,0,0,0,1,0.0,22,20:02,0,1,0,0,
285,2020-03-06,63,24-344,WPG,,VEG,W,0,1,1,1,0,0,0,0,0,0,1,0,1,0.0,23,19:45,0,0,0,0,
286,2020-03-09,64,24-347,WPG,,ARI,W,0,0,0,1,2,0,0,0,0,0,0,0,3,0.0,29,21:31,0,1,0,0,
287,2020-03-11,65,24-349,WPG,@,EDM,W,0,1,1,3,0,0,0,0,0,1,0,0,1,0.0,23,22:59,1,2,0,0,
