,date_game,game_season,age,team_id,game_location,opp_id,game_result,goals,assists,points,plus_minus,pen_min,goals_ev,goals_pp,goals_sh,goals_gw,assists_ev,assists_pp,assists_sh,shots,shot_pct,shifts,time_on_ice,hits_all,blocks_all,faceoff_wins_all,faceoff_losses_all,faceoff_percentage_all
0,2016-10-12,1,21-216,CHI,,STL,L,0,1,1,1,0,0,0,0,0,1,0,0,2,0.0,19,12:16,3,1,0,0,
1,2016-10-14,2,21-218,CHI,@,NSH,L,0,0,0,0,0,0,0,0,0,0,0,0,1,0.0,21,15:21,2,2,0,0,
2,2016-10-15,3,21-219,CHI,,NSH,W,0,1,1,0,0,0,0,0,0,1,0,0,1,0.0,23,14:10,0,2,0,1,0.0
3,2016-10-18,4,21-222,CHI,,PHI,W,0,0,0,-1,4,0,0,0,0,0,0,0,3,0.0,24,13:20,1,1,0,0,
4,2016-10-21,5,21-225,CHI,@,CBJ,L,1,0,1,2,0,1,0,0,0,0,0,0,1,100.0,23,14:18,0,0,0,0,
5,2016-10-22,6,21-226,CHI,,TOR,W,1,0,1,1,0,1,0,0,0,0,0,0,2,50.0,21,14:32,1,0,0,1,0.0
6,2016-10-24,7,21-228,CHI,,CGY,L-SO,0,0,0,0,6,0,0,0,0,0,0,0,1,0.0,26,14:48,0,0,0,0,
7,2016-10-28,8,21-232,CHI,@,NJD,W,0,0,0,0,0,0,0,0,0,0,0,0,0,,16,11:32,0,1,0,0,
8,2016-10-30,9,21-234,CHI,,LAK,W,0,0,0,0,0,0,0,0,0,0,0,0,3,0.0,22,13:01,1,1,0,0,
9,2016-11-01,10,21-236,CHI,,CGY,W,1,0,1,1,0,1,0,0,0,0,0,0,2,50.0,16,11:35,1,1,0,0,
10,2016-11-03,11,21-238,CHI,,COL,W,0,0,0,0,0,0,0,0,0,0,0,0,1,0.0,20,10:49,0,1,1,0,100.0
11,2016-11-05,12,21-240,CHI,@,DAL,W,0,1,1,1,0,0,0,0,0,1,0,0,4,0.0,18,12:26,0,2,1,0,100.0
12,2016-11-06,13,21-241,CHI,,DAL,W,0,0,0,0,0,0,0,0,0,0,0,0,1,0.0,9,5:58,1,0,0,0,
13,2016-11-19,14,21-254,CHI,@,VAN,W,0,0,0,-1,0,0,0,0,0,0,0,0,0,,16,10:45,1,0,0,0,
14,2016-11-21,15,21-256,CHI,@,EDM,L,0,0,0,-1,0,0,0,0,0,0,0,0,1,0.0,19,10:47,0,0,0,0,
15,2016-11-23,16,21-258,CHI,@,SJS,L,0,0,0,0,4,0,0,0,0,0,0,0,2,0.0,24,14:30,3,1,1,0,100.0
16,2016-11-25,17,21-260,CHI,@,ANA,W,0,0,0,0,0,0,0,0,0,0,0,0,3,0.0,18,14:06,1,0,0,0,
17,2016-11-26,18,21-261,CHI,@,LAK,L-OT,0,0,0,0,0,0,0,0,0,0,0,0,0,,18,10:37,0,1,1,0,100.0
18,2016-11-29,19,21-264,CHI,,FLA,W,0,0,0,0,0,0,0,0,0,0,0,0,1,0.0,15,8:25,2,0,0,1,0.0
19,2016-12-01,20,21-266,CHI,,NJD,W,0,0,0,1,0,0,0,0,0,0,0,0,1,0.0,15,10:03,1,1,0,1,0.0
20,2016-12-03,21,21-268,CHI,@,PHI,L,0,0,0,-1,0,0,0,0,0,0,0,0,0,,14,8:50,2,3,0,0,
21,2016-12-04,22,21-269,CHI,,WPG,L,0,0,0,0,0,0,0,0,0,0,0,0,1,0.0,18,10:36,1,0,0,0,
22,2016-12-06,23,21-271,CHI,,ARI,W,0,0,0,1,0,0,0,0,0,0,0,0,0,,18,14:24,0,0,0,1,0.0
23,2016-12-09,24,21-274,CHI,,NYR,L-OT,0,0,0,0,0,0,0,0,0,0,0,0,0,,14,9:05,0,1,0,0,
24,2016-12-11,25,21-276,CHI,,DAL,W,0,0,0,0,0,0,0,0,0,0,0,0,3,0.0,19,12:00,0,0,0,0,
25,2016-12-13,26,21-278,CHI,@,NYR,W,0,0,0,0,0,0,0,0,0,0,0,0,3,0.0,14,10:41,0,0,0,0,
26,2016-12-18,27,21-283,CHI,,SJS,W,0,0,0,0,0,0,0,0,0,0,0,0,1,0.0,15,11:27,0,1,0,0,
27,2016-12-20,28,21-285,CHI,,OTT,L,1,0,1,0,0,1,0,0,0,0,0,0,1,100.0,19,13:05,4,1,0,1,0.0
28,2016-12-23,29,21-288,CHI,,COL,L-OT,0,0,0,0,0,0,0,0,0,0,0,0,1,0.0,13,8:54,1,1,0,0,
29,2016-12-27,30,21-292,CHI,,WPG,L,0,0,0,-1,0,0,0,0,0,0,0,0,4,0.0,13,9:14,0,1,0,0,
30,2016-12-29,31,21-294,CHI,@,NSH,W,0,0,0,1,0,0,0,0,0,0,0,0,1,0.0,11,7:10,1,1,0,0,
31,2016-12-30,32,21-295,CHI,@,CAR,L,0,0,0,-1,0,0,0,0,0,0,0,0,0,,14,6:40,0,0,0,0,
32,2017-01-02,33,21-298,CHI,@,STL,L,0,0,0,-1,0,0,0,0,0,0,0,0,1,0.0,14,10:21,0,0,0,0,
33,2017-10-30,1,22-234,CBJ,,BOS,W,1,0,1,1,0,1,0,0,0,0,0,0,4,25.0,18,12:03,1,0,0,1,0.0
34,2017-11-02,2,22-237,CBJ,@,FLA,W,1,0,1,0,0,1,0,0,0,0,0,0,2,50.0,20,12:55,0,1,0,0,
35,2017-11-04,3,22-239,CBJ,@,TBL,L-SO,0,0,0,-1,0,0,0,0,0,0,0,0,1,0.0,19,14:42,1,0,1,0,100.0
36,2017-11-06,4,22-241,CBJ,@,NYR,L,0,0,0,1,0,0,0,0,0,0,0,0,1,0.0,25,17:51,3,0,1,2,33.3
37,2017-11-07,5,22-242,CBJ,,NSH,L,0,0,0,0,0,0,0,0,0,0,0,0,1,0.0,9,5:16,1,1,1,0,100.0
38,2017-11-10,6,22-245,CBJ,,CAR,L,0,1,1,0,0,0,0,0,0,1,0,0,1,0.0,17,11:42,1,1,1,0,100.0
39,2017-11-11,7,22-246,CBJ,@,DET,W,0,0,0,-1,0,0,0,0,0,0,0,0,0,,12,9:41,0,0,0,1,0.0
40,2017-11-14,8,22-249,CBJ,@,MTL,W,0,0,0,1,0,0,0,0,0,0,0,0,3,0.0,19,11:54,4,0,0,0,
41,2017-11-17,9,22-252,CBJ,,NYR,W,0,0,0,0,0,0,0,0,0,0,0,0,5,0.0,14,11:44,3,0,0,0,
42,2017-11-20,10,22-255,CBJ,@,BUF,W,0,0,0,-1,0,0,0,0,0,0,0,0,0,,20,14:45,1,1,0,1,0.0
43,2017-11-22,11,22-257,CBJ,,CGY,W,0,0,0,0,0,0,0,0,0,0,0,0,1,0.0,11,8:33,0,0,0,0,
44,2017-11-24,12,22-259,CBJ,,OTT,W,1,0,1,3,0,1,0,0,0,0,0,0,2,50.0,18,9:42,4,0,0,0,
45,2017-11-27,13,22-262,CBJ,@,MTL,L,0,0,0,0,0,0,0,0,0,0,0,0,2,0.0,16,13:02,4,0,0,0,
46,2017-11-28,14,22-263,CBJ,,CAR,W,0,0,0,0,0,0,0,0,0,0,0,0,1,0.0,13,9:09,1,0,0,0,
47,2017-12-01,15,22-266,CBJ,,ANA,W,0,0,0,0,0,0,0,0,0,0,0,0,0,,15,10:58,2,0,0,0,
48,2017-12-05,16,22-270,CBJ,,NJD,L,0,0,0,-2,0,0,0,0,0,0,0,0,1,0.0,13,11:37,1,0,0,0,
49,2017-12-12,17,22-277,CBJ,,EDM,L,0,0,0,-2,0,0,0,0,0,0,0,0,1,0.0,11,8:00,2,0,0,0,
50,2017-12-14,18,22-279,CBJ,,NYI,W,0,0,0,-1,0,0,0,0,0,0,0,0,1,0.0,9,5:51,2,1,0,0,
51,2017-12-16,19,22-281,CBJ,@,CAR,L,0,0,0,0,0,0,0,0,0,0,0,0,2,0.0,10,5:36,0,1,0,0,
52,2017-12-23,20,22-288,CBJ,,PHI,W,0,0,0,0,0,0,0,0,0,0,0,0,0,,8,7:09,0,1,0,0,
53,2017-12-27,21,22-292,CBJ,@,PIT,L-SO,0,0,0,0,0,0,0,0,0,0,0,0,1,0.0,15,8:56,4,1,0,0,
54,2017-12-29,22,22-294,CBJ,@,OTT,L,0,0,0,-1,0,0,0,0,0,0,0,0,4,0.0,13,12:03,2,1,0,1,0.0
55,2017-12-31,23,22-296,CBJ,,TBL,L,0,0,0,0,0,0,0,0,0,0,0,0,0,,17,13:37,1,2,1,0,100.0
56,2018-01-02,24,22-298,CBJ,@,DAL,W,0,0,0,0,0,0,0,0,0,0,0,0,0,,12,7:08,2,0,0,1,0.0
57,2018-01-04,25,22-300,CBJ,@,COL,L,0,0,0,0,0,0,0,0,0,0,0,0,1,0.0,16,9:26,3,0,0,1,0.0
58,2018-01-07,26,22-303,CBJ,,FLA,W,0,0,0,0,2,0,0,0,0,0,0,0,2,0.0,15,7:02,0,0,0,1,0.0
59,2018-01-08,27,22-304,CBJ,@,TOR,W,0,0,0,0,0,0,0,0,0,0,0,0,0,,11,7:48,0,1,0,0,
60,2018-01-11,28,22-307,CBJ,@,BUF,L,0,0,0,0,0,0,0,0,0,0,0,0,1,0.0,10,7:01,0,0,0,0,
61,2018-01-12,29,22-308,CBJ,,VAN,L,0,0,0,-1,0,0,0,0,0,0,0,0,1,0.0,10,9:02,0,1,0,0,
62,2018-01-18,30,22-314,CBJ,,DAL,W,0,1,1,1,0,0,0,0,0,1,0,0,0,,11,7:57,3,0,0,0,
63,2018-01-23,31,22-319,CBJ,@,VEG,L,0,0,0,0,0,0,0,0,0,0,0,0,3,0.0,12,5:50,0,1,0,0,
64,2018-02-28,32,22-355,VAN,,NYR,L-OT,0,0,0,-1,0,0,0,0,0,0,0,0,0,,17,12:52,2,0,0,1,0.0
65,2018-03-02,33,22-357,VAN,,NSH,L-OT,0,0,0,0,0,0,0,0,0,0,0,0,1,0.0,21,14:37,2,0,0,0,
66,2018-03-05,34,22-360,VAN,,NYI,W,0,0,0,-1,0,0,0,0,0,0,0,0,2,0.0,21,15:40,3,0,0,1,0.0
67,2018-03-07,35,22-362,VAN,,ARI,L,0,0,0,0,0,0,0,0,0,0,0,0,1,0.0,17,12:40,5,0,0,0,
68,2018-03-09,36,22-364,VAN,,MIN,L,0,0,0,-1,0,0,0,0,0,0,0,0,4,0.0,16,9:52,5,1,0,0,
69,2018-03-12,37,23-002,VAN,@,LAK,L,0,0,0,0,0,0,0,0,0,0,0,0,1,0.0,19,13:42,6,1,0,1,0.0
70,2018-03-14,38,23-004,VAN,@,ANA,L,0,0,0,-1,0,0,0,0,0,0,0,0,1,0.0,16,10:27,2,0,0,1,0.0
71,2018-03-17,39,23-007,VAN,,SJS,L,0,0,0,0,2,0,0,0,0,0,0,0,0,,17,12:04,4,0,0,0,
72,2018-03-22,40,23-012,VAN,@,CHI,W,0,0,0,1,0,0,0,0,0,0,0,0,2,0.0,17,14:40,2,3,0,0,
73,2018-03-23,41,23-013,VAN,@,STL,L,0,0,0,-1,0,0,0,0,0,0,0,0,1,0.0,18,12:56,4,1,0,1,0.0
74,2018-03-25,42,23-015,VAN,@,DAL,W,1,0,1,1,2,1,0,0,0,0,0,0,3,33.3,21,13:00,0,1,1,1,50.0
75,2018-03-27,43,23-017,VAN,,ANA,W,0,0,0,2,0,0,0,0,0,0,0,0,1,0.0,23,15:49,3,1,0,0,
76,2018-03-29,44,23-019,VAN,,EDM,W,0,0,0,0,0,0,0,0,0,0,0,0,2,0.0,21,18:03,4,1,0,0,
77,2018-03-31,45,23-021,VAN,,CBJ,W,0,0,0,-1,0,0,0,0,0,0,0,0,2,0.0,23,16:11,4,2,0,1,0.0
78,2018-04-07,46,23-028,VAN,@,EDM,L-SO,1,0,1,1,0,1,0,0,0,0,0,0,1,100.0,19,15:46,1,2,0,0,
79,2018-10-03,1,23-207,VAN,,CGY,W,1,0,1,2,0,1,0,0,0,0,0,0,2,50.0,31,21:45,3,3,1,0,100.0
80,2018-10-06,2,23-210,VAN,@,CGY,L,0,0,0,-1,0,0,0,0,0,0,0,0,0,,21,12:08,2,1,0,1,0.0
81,2018-10-11,3,23-215,VAN,@,TBL,W,0,0,0,-1,0,0,0,0,0,0,0,0,0,,18,10:08,6,0,0,0,
82,2018-10-16,4,23-220,VAN,@,PIT,W,0,1,1,1,0,0,0,0,0,1,0,0,0,,25,17:25,3,1,0,1,0.0
83,2018-10-18,5,23-222,VAN,@,WPG,L,0,0,0,-1,0,0,0,0,0,0,0,0,0,,21,13:50,3,1,0,0,
84,2018-10-20,6,23-224,VAN,,BOS,W,0,0,0,-1,0,0,0,0,0,0,0,0,1,0.0,22,14:37,1,1,0,0,
85,2018-10-22,7,23-226,VAN,,WSH,L,0,0,0,0,0,0,0,0,0,0,0,0,3,0.0,21,12:51,3,0,0,0,
86,2018-10-24,8,23-228,VAN,@,VEG,W,0,0,0,1,0,0,0,0,0,0,0,0,0,,29,19:30,7,0,0,1,0.0
87,2018-10-25,9,23-229,VAN,@,ARI,L,0,0,0,-1,0,0,0,0,0,0,0,0,2,0.0,25,16:03,1,0,0,0,
88,2018-10-27,10,23-231,VAN,,PIT,L,0,0,0,0,0,0,0,0,0,0,0,0,4,0.0,20,13:31,3,4,0,1,0.0
89,2018-10-29,11,23-233,VAN,,MIN,W,0,0,0,0,0,0,0,0,0,0,0,0,0,,20,13:46,0,0,0,0,
90,2018-10-31,12,23-235,VAN,,CHI,W,0,0,0,0,0,0,0,0,0,0,0,0,1,0.0,17,11:55,2,2,0,2,0.0
91,2018-11-02,13,23-237,VAN,,COL,W,0,0,0,-2,0,0,0,0,0,0,0,0,2,0.0,21,15:32,2,0,0,0,
92,2018-11-06,14,23-241,VAN,@,DET,L-SO,0,0,0,0,0,0,0,0,0,0,0,0,5,0.0,23,12:38,4,0,0,0,
93,2018-11-08,15,23-243,VAN,@,BOS,W,0,0,0,-1,0,0,0,0,0,0,0,0,1,0.0,22,12:47,0,1,0,1,0.0
94,2018-11-10,16,23-245,VAN,@,BUF,L-SO,0,0,0,-1,0,0,0,0,0,0,0,0,2,0.0,11,7:34,0,0,0,0,
95,2018-11-12,17,23-247,VAN,@,NYR,L,0,1,1,0,0,0,0,0,0,1,0,0,1,0.0,17,12:17,1,0,0,0,
96,2018-11-13,18,23-248,VAN,@,NYI,L,0,0,0,0,0,0,0,0,0,0,0,0,0,,14,9:54,1,2,0,0,
97,2018-11-15,19,23-250,VAN,@,MIN,L,0,0,0,-1,0,0,0,0,0,0,0,0,1,0.0,21,13:22,1,0,0,0,
98,2018-11-17,20,23-252,VAN,,MTL,L,0,1,1,1,0,0,0,0,0,1,0,0,3,0.0,22,16:52,2,1,0,0,
99,2018-11-19,21,23-254,VAN,,WPG,L,1,0,1,0,0,0,0,1,0,0,0,0,4,25.0,23,17:24,4,3,0,0,
100,2018-11-21,22,23-256,VAN,@,ANA,L,0,0,0,0,0,0,0,0,0,0,0,0,2,0.0,18,15:49,4,2,0,0,
101,2018-11-23,23,23-258,VAN,@,SJS,L,0,0,0,0,0,0,0,0,0,0,0,0,0,,21,13:22,4,1,0,0,
102,2018-11-24,24,23-259,VAN,@,LAK,W,1,0,1,1,0,0,0,1,0,0,0,0,1,100.0,18,12:53,3,0,0,0,
103,2018-11-27,25,23-262,VAN,,LAK,L-OT,0,0,0,-1,0,0,0,0,0,0,0,0,0,,14,10:03,2,0,0,0,
104,2018-11-29,26,23-264,VAN,,VEG,L,0,0,0,0,0,0,0,0,0,0,0,0,2,0.0,14,10:07,1,0,1,0,100.0
105,2018-12-01,27,23-266,VAN,,DAL,L,0,1,1,1,0,0,0,0,0,1,0,0,0,,15,11:17,2,1,0,0,
106,2018-12-04,28,23-269,VAN,,MIN,L,1,0,1,1,0,1,0,0,0,0,0,0,3,33.3,13,9:25,5,0,0,0,
107,2018-12-06,29,23-271,VAN,,NSH,W,0,0,0,0,0,0,0,0,0,0,0,0,0,,17,12:06,2,1,0,0,
108,2018-12-09,30,23-274,VAN,@,STL,W,0,0,0,0,0,0,0,0,0,0,0,0,2,0.0,17,12:38,0,2,1,1,50.0
109,2018-12-11,31,23-276,VAN,@,CBJ,W,0,1,1,0,0,0,0,0,0,1,0,0,2,0.0,14,7:37,2,0,0,0,
110,2018-12-13,32,23-278,VAN,@,NSH,L-OT,0,0,0,-2,0,0,0,0,0,0,0,0,0,,13,8:25,2,0,0,0,
111,2018-12-15,33,23-280,VAN,,PHI,W,0,1,1,1,2,0,0,0,0,1,0,0,2,0.0,22,13:18,4,1,0,0,
112,2018-12-16,34,23-281,VAN,,EDM,W,0,0,0,0,0,0,0,0,0,0,0,0,1,0.0,20,14:32,3,2,0,0,
113,2018-12-18,35,23-283,VAN,,TBL,L,1,0,1,0,0,1,0,0,0,0,0,0,2,50.0,16,9:36,2,1,0,0,
114,2018-12-20,36,23-285,VAN,,STL,W,0,0,0,0,0,0,0,0,0,0,0,0,0,,23,15:06,1,1,1,2,33.3
115,2018-12-22,37,23-287,VAN,,WPG,L,0,0,0,0,0,0,0,0,0,0,0,0,2,0.0,17,12:51,2,0,0,0,
116,2018-12-27,38,23-292,VAN,@,EDM,W,1,0,1,1,0,1,0,0,0,0,0,0,3,33.3,28,18:48,4,0,1,1,50.0
117,2018-12-29,39,23-294,VAN,@,CGY,W,0,0,0,0,0,0,0,0,0,0,0,0,1,0.0,16,9:08,3,0,1,0,100.0
118,2018-12-31,40,23-296,VAN,@,NJD,L,0,0,0,-1,0,0,0,0,0,0,0,0,0,,19,11:29,1,0,0,0,
119,2019-01-02,41,23-298,VAN,@,OTT,W,0,0,0,0,2,0,0,0,0,0,0,0,0,,21,13:22,4,0,2,2,50.0
120,2019-01-03,42,23-299,VAN,@,MTL,L,0,0,0,0,0,0,0,0,0,0,0,0,1,0.0,12,8:16,4,0,0,0,
121,2019-01-05,43,23-301,VAN,@,TOR,L,0,0,0,-1,0,0,0,0,0,0,0,0,1,0.0,19,12:38,3,0,0,0,
122,2019-01-10,44,23-306,VAN,,ARI,L-OT,0,0,0,0,0,0,0,0,0,0,0,0,0,,15,10:32,4,0,0,0,
123,2019-01-13,45,23-309,VAN,,FLA,W,0,1,1,3,0,0,0,0,0,1,0,0,3,0.0,24,13:42,3,0,0,0,
124,2019-01-16,46,23-312,VAN,,EDM,L-SO,0,0,0,0,0,0,0,0,0,0,0,0,1,0.0,22,14:23,6,0,0,0,
125,2019-01-18,47,23-314,VAN,,BUF,W,0,0,0,0,0,0,0,0,0,0,0,0,0,,20,13:27,0,1,0,0,
126,2019-01-20,48,23-316,VAN,,DET,W,0,0,0,0,0,0,0,0,0,0,0,0,2,0.0,20,14:04,3,1,0,1,0.0
127,2019-01-23,49,23-319,VAN,,CAR,L,0,0,0,-2,0,0,0,0,0,0,0,0,1,0.0,16,10:30,2,0,0,0,
128,2019-02-02,50,23-329,VAN,@,COL,W,1,0,1,1,0,1,0,0,0,0,0,0,4,25.0,24,14:13,5,0,0,1,0.0
129,2019-02-04,51,23-331,VAN,@,PHI,L,0,0,0,0,0,0,0,0,0,0,0,0,3,0.0,18,13:19,6,1,1,2,33.3
130,2019-02-05,52,23-332,VAN,@,WSH,L,0,0,0,-1,0,0,0,0,0,0,0,0,3,0.0,17,10:31,1,0,0,1,0.0
131,2019-02-07,53,23-334,VAN,@,CHI,L-OT,0,0,0,0,0,0,0,0,0,0,0,0,1,0.0,17,13:12,2,1,0,2,0.0
132,2019-02-09,54,23-336,VAN,,CGY,W,0,0,0,-1,0,0,0,0,0,0,0,0,1,0.0,21,12:04,3,2,0,1,0.0
133,2019-02-11,55,23-338,VAN,,SJS,L,0,0,0,-1,0,0,0,0,0,0,0,0,1,0.0,23,14:39,3,1,1,1,50.0
134,2019-02-13,56,23-340,VAN,@,ANA,L,0,0,0,0,0,0,0,0,0,0,0,0,1,0.0,19,12:35,4,1,3,0,100.0
135,2019-02-14,57,23-341,VAN,@,LAK,W,0,0,0,-1,0,0,0,0,0,0,0,0,3,0.0,23,15:22,4,1,0,0,
136,2019-02-16,58,23-343,VAN,@,SJS,L,0,0,0,0,0,0,0,0,0,0,0,0,2,0.0,17,11:58,4,2,0,1,0.0
137,2019-02-21,59,23-348,VAN,,ARI,L-OT,0,0,0,0,0,0,0,0,0,0,0,0,1,0.0,19,13:05,5,0,0,0,
138,2019-02-23,60,23-350,VAN,,NYI,L,0,0,0,-1,0,0,0,0,0,0,0,0,2,0.0,16,10:04,3,0,0,1,0.0
139,2019-02-25,61,23-352,VAN,,ANA,W,0,0,0,0,0,0,0,0,0,0,0,0,4,0.0,22,12:17,3,0,0,0,
140,2019-02-27,62,23-354,VAN,@,COL,L-SO,0,0,0,0,0,0,0,0,0,0,0,0,2,0.0,20,13:41,1,1,0,1,0.0
141,2019-02-28,63,23-355,VAN,@,ARI,L,0,0,0,0,0,0,0,0,0,0,0,0,5,0.0,21,13:52,5,0,1,1,50.0
142,2019-03-03,64,23-358,VAN,@,VEG,L,0,0,0,-1,0,0,0,0,0,0,0,0,1,0.0,22,13:56,6,1,0,2,0.0
143,2019-03-06,65,23-361,VAN,,TOR,W,0,0,0,1,2,0,0,0,0,0,0,0,1,0.0,22,11:44,2,0,0,0,
144,2019-03-07,66,23-362,VAN,@,EDM,L,0,0,0,-2,0,0,0,0,0,0,0,0,1,0.0,17,8:52,1,0,0,1,0.0
145,2019-03-09,67,23-364,VAN,,VEG,L,0,0,0,0,0,0,0,0,0,0,0,0,1,0.0,17,12:37,4,1,1,1,50.0
146,2019-03-13,68,24-003,VAN,,NYR,W,2,0,2,2,0,2,0,0,1,0,0,0,4,50.0,21,16:20,0,0,0,1,0.0
147,2019-03-15,69,24-005,VAN,,NJD,L-SO,0,0,0,0,0,0,0,0,0,0,0,0,2,0.0,19,10:23,3,0,0,0,
148,2019-03-17,70,24-007,VAN,@,DAL,W,0,0,0,-2,0,0,0,0,0,0,0,0,2,0.0,18,14:19,4,0,0,1,0.0
149,2019-03-18,71,24-008,VAN,@,CHI,W,0,0,0,0,0,0,0,0,0,0,0,0,0,,19,12:07,2,2,0,1,0.0
150,2019-03-20,72,24-010,VAN,,OTT,W,0,0,0,-1,2,0,0,0,0,0,0,0,2,0.0,20,13:38,2,1,0,0,
151,2019-03-23,73,24-013,VAN,,CGY,L,0,0,0,-1,2,0,0,0,0,0,0,0,2,0.0,16,11:27,2,1,0,0,
152,2019-03-24,74,24-014,VAN,,CBJ,L,0,0,0,0,0,0,0,0,0,0,0,0,1,0.0,9,3:52,0,2,0,0,
153,2019-10-15,1,24-219,VAN,,DET,W,0,0,0,0,0,0,0,0,0,0,0,0,2,0.0,22,16:10,3,1,0,1,0.0
154,2019-10-17,2,24-221,VAN,@,STL,W,0,1,1,-1,2,0,0,0,0,1,0,0,0,,19,12:40,4,1,0,0,
155,2019-10-19,3,24-223,VAN,@,NJD,L,0,0,0,0,0,0,0,0,0,0,0,0,0,,16,9:36,3,1,0,0,
156,2019-10-20,4,24-224,VAN,@,NYR,W,0,0,0,0,0,0,0,0,0,0,0,0,1,0.0,18,13:35,2,2,0,0,
157,2019-10-22,5,24-226,VAN,@,DET,W,0,0,0,0,0,0,0,0,0,0,0,0,0,,22,15:07,3,0,1,0,100.0
158,2019-10-25,6,24-229,VAN,,WSH,L-SO,0,0,0,0,0,0,0,0,0,0,0,0,0,,18,12:30,2,3,0,1,0.0
159,2019-12-15,7,24-280,VAN,@,VEG,L,0,0,0,0,0,0,0,0,0,0,0,0,1,0.0,20,17:11,11,2,0,0,
160,2019-12-17,8,24-282,VAN,,MTL,L,0,0,0,0,0,0,0,0,0,0,0,0,2,0.0,16,12:35,5,0,0,0,
161,2019-12-19,9,24-284,VAN,,VEG,W,0,0,0,-1,2,0,0,0,0,0,0,0,0,,26,14:57,4,1,2,1,66.7
162,2019-12-21,10,24-286,VAN,,PIT,W,0,0,0,0,0,0,0,0,0,0,0,0,1,0.0,21,14:03,4,1,2,2,50.0
163,2019-12-23,11,24-288,VAN,,EDM,W,1,0,1,1,0,1,0,0,0,0,0,0,2,50.0,23,14:57,3,3,0,1,0.0
164,2019-12-28,12,24-293,VAN,,LAK,W,1,0,1,0,2,1,0,0,0,0,0,0,2,50.0,17,10:37,2,1,0,0,
165,2019-12-29,13,24-294,VAN,@,CGY,W,0,0,0,-1,0,0,0,0,0,0,0,0,0,,25,14:11,3,0,1,0,100.0
166,2020-01-02,14,24-298,VAN,,CHI,W,0,0,0,0,2,0,0,0,0,0,0,0,0,,18,10:20,4,0,0,2,0.0
167,2020-01-04,15,24-300,VAN,,NYR,W,0,0,0,0,0,0,0,0,0,0,0,0,2,0.0,13,10:11,5,1,0,0,
168,2020-01-07,16,24-303,VAN,@,TBL,L,0,0,0,-3,0,0,0,0,0,0,0,0,4,0.0,21,12:21,1,1,1,2,33.3
169,2020-01-09,17,24-305,VAN,@,FLA,L,1,0,1,0,0,1,0,0,0,0,0,0,4,25.0,20,11:14,4,0,0,1,0.0
170,2020-01-11,18,24-307,VAN,@,BUF,W,0,1,1,1,0,0,0,0,0,1,0,0,0,,18,10:38,1,1,0,0,
171,2020-01-12,19,24-308,VAN,@,MIN,W,0,0,0,0,0,0,0,0,0,0,0,0,0,,15,8:47,0,1,0,0,
172,2020-01-14,20,24-310,VAN,@,WPG,L,0,0,0,0,0,0,0,0,0,0,0,0,1,0.0,21,13:53,2,0,0,0,
173,2020-01-16,21,24-312,VAN,,ARI,W,0,0,0,0,2,0,0,0,0,0,0,0,1,0.0,22,15:20,2,1,0,0,
174,2020-01-18,22,24-314,VAN,,SJS,W,0,0,0,0,0,0,0,0,0,0,0,0,3,0.0,20,12:51,2,0,0,0,
175,2020-01-27,23,24-323,VAN,,STL,W,0,0,0,0,0,0,0,0,0,0,0,0,0,,20,15:17,6,2,0,0,
176,2020-01-29,24,24-325,VAN,@,SJS,W,0,0,0,0,0,0,0,0,0,0,0,0,0,,10,7:11,3,2,0,0,
177,2020-02-19,25,24-346,VAN,,MIN,L-SO,0,1,1,1,0,0,0,0,0,1,0,0,1,0.0,19,14:04,5,2,0,0,
178,2020-02-22,26,24-349,VAN,,BOS,W,0,1,1,-1,0,0,0,0,0,1,0,0,2,0.0,24,16:42,6,2,0,0,
179,2020-02-25,27,24-352,VAN,@,MTL,W,0,0,0,0,0,0,0,0,0,0,0,0,0,,23,12:38,3,1,0,0,
180,2020-02-27,28,24-354,VAN,@,OTT,L,0,0,0,0,0,0,0,0,0,0,0,0,0,,16,13:09,2,0,0,0,
181,2020-02-29,29,24-356,VAN,@,TOR,L,1,0,1,-1,0,1,0,0,0,0,0,0,2,50.0,19,14:44,2,2,0,0,
182,2020-03-01,30,24-357,VAN,@,CBJ,L,0,0,0,0,0,0,0,0,0,0,0,0,2,0.0,22,14:01,6,0,0,0,
183,2020-03-04,31,24-360,VAN,,ARI,L,0,0,0,-2,0,0,0,0,0,0,0,0,2,0.0,21,14:03,2,0,0,0,
184,2020-03-06,32,24-362,VAN,,COL,W,0,0,0,-1,0,0,0,0,0,0,0,0,1,0.0,19,12:50,3,2,1,0,100.0
185,2020-03-08,33,24-364,VAN,,CBJ,L,0,0,0,0,0,0,0,0,0,0,0,0,0,,18,11:39,2,1,0,0,
186,2020-03-10,34,25-000,VAN,,NYI,W,0,0,0,-2,0,0,0,0,0,0,0,0,2,0.0,22,15:56,8,2,0,0,
