,date_game,game_season,age,team_id,game_location,opp_id,game_result,goals,assists,points,plus_minus,pen_min,goals_ev,goals_pp,goals_sh,goals_gw,assists_ev,assists_pp,assists_sh,shots,shot_pct,shifts,time_on_ice,hits_all,blocks_all,faceoff_wins_all,faceoff_losses_all,faceoff_percentage_all
0,2007-11-02,1,24-001,LAK,@,SJS,W,1,0,1,0,0,1,0,0,0,,,,3,33.3,16,10:12,0,2,0,0,
1,2007-11-03,2,24-002,LAK,,SJS,L,0,0,0,1,0,0,0,0,0,,,,3,0.0,18,15:32,1,3,0,0,
2,2007-11-10,3,24-009,LAK,,DAL,W,0,0,0,-1,0,0,0,0,0,,,,0,,16,9:12,1,0,0,0,
3,2007-11-13,4,24-012,LAK,@,ANA,L-SO,1,0,1,1,0,1,0,0,0,,,,3,33.3,17,13:20,0,0,0,1,0.0
4,2007-11-15,5,24-014,LAK,,ANA,L,0,1,1,0,2,0,0,0,0,,,,2,0.0,18,13:10,2,3,1,0,100.0
5,2007-11-17,6,24-016,LAK,,PHX,L,0,0,0,0,0,0,0,0,0,,,,1,0.0,20,14:16,0,1,0,0,
6,2007-11-19,7,24-018,LAK,@,DAL,L,0,0,0,-1,0,0,0,0,0,,,,1,0.0,20,16:16,1,2,0,0,
7,2007-11-21,8,24-020,LAK,@,PHX,L,1,0,1,1,0,1,0,0,0,,,,2,50.0,16,10:01,1,0,0,0,
8,2007-11-24,9,24-023,LAK,@,SJS,W,0,0,0,0,0,0,0,0,0,,,,0,,15,10:42,0,1,0,0,
9,2007-11-25,10,24-024,LAK,@,ANA,L,0,0,0,-1,0,0,0,0,0,,,,2,0.0,13,9:31,0,0,0,1,0.0
10,2007-11-28,11,24-027,LAK,@,SJS,W,0,0,0,0,0,0,0,0,0,,,,1,0.0,15,9:40,1,0,0,1,0.0
11,2007-12-01,12,24-030,LAK,,COL,L,0,0,0,0,0,0,0,0,0,,,,0,,17,12:02,0,0,0,0,
12,2008-01-22,13,24-082,LAK,,DET,L,0,0,0,-1,0,0,0,0,0,,,,3,0.0,21,13:47,2,0,0,0,
13,2008-01-24,14,24-084,LAK,,ANA,W,0,1,1,1,0,0,0,0,0,,,,3,0.0,14,9:03,1,1,0,0,
14,2008-01-29,15,24-089,LAK,@,PHI,L-OT,1,0,1,1,0,1,0,0,0,,,,4,25.0,15,8:55,0,0,0,0,
15,2008-01-31,16,24-091,LAK,@,NYI,W,1,0,1,2,2,1,0,0,0,,,,4,25.0,21,17:23,0,3,0,0,
16,2008-02-02,17,24-093,LAK,@,NJD,L,0,0,0,0,0,0,0,0,0,,,,1,0.0,19,14:25,1,1,0,0,
17,2008-02-05,18,24-096,LAK,@,NYR,W,0,1,1,1,0,0,0,0,0,,,,0,,16,10:53,0,0,0,0,
18,2008-02-07,19,24-098,LAK,@,DET,W,0,0,0,-2,0,0,0,0,0,,,,0,,15,11:36,0,2,0,0,
19,2008-02-09,20,24-100,LAK,@,PIT,L,0,0,0,0,0,0,0,0,0,,,,0,,13,11:13,0,1,0,0,
20,2008-02-10,21,24-101,LAK,@,CBJ,W,0,0,0,0,0,0,0,0,0,,,,1,0.0,15,14:21,0,0,0,0,
21,2008-02-12,22,24-103,LAK,@,STL,L,0,1,1,0,0,0,0,0,0,,,,1,0.0,17,10:10,3,1,0,0,
22,2008-10-11,1,24-345,LAK,@,SJS,L,0,0,0,-1,2,0,0,0,0,,,,0,,22,17:05,1,1,0,0,
23,2008-10-12,2,24-346,LAK,,SJS,L,0,0,0,0,0,0,0,0,0,,,,0,,16,12:48,0,2,0,0,
24,2008-10-14,3,24-348,LAK,,ANA,W,1,0,1,0,0,1,0,0,1,,,,2,50.0,18,16:14,0,0,0,0,
25,2008-10-17,4,24-351,LAK,,CAR,W,0,0,0,-1,0,0,0,0,0,,,,2,0.0,19,14:52,0,1,0,0,
26,2008-10-20,5,24-354,LAK,,COL,L,0,0,0,-1,0,0,0,0,0,,,,0,,18,13:35,0,0,0,0,
27,2008-10-30,6,24-364,LAK,,VAN,L,0,0,0,0,0,0,0,0,0,,,,1,0.0,15,10:17,0,0,0,0,
28,2008-11-01,7,25-000,LAK,,CGY,L,0,0,0,-1,0,0,0,0,0,,,,1,0.0,21,16:36,1,0,0,0,
29,2009-10-03,1,25-336,NYI,,PIT,L-SO,0,1,1,0,2,0,0,0,0,,,,5,0.0,24,19:20,2,0,0,0,
30,2009-10-08,2,25-341,NYI,@,OTT,L-OT,1,1,2,1,0,0,1,0,0,,,,3,33.3,17,18:28,0,0,0,0,
31,2009-10-10,3,25-343,NYI,@,BOS,L-SO,0,0,0,1,2,0,0,0,0,,,,5,0.0,23,19:34,1,0,1,0,100.0
32,2009-10-12,4,25-345,NYI,,LAK,L,1,0,1,1,2,1,0,0,0,,,,4,25.0,24,21:25,2,0,0,0,
33,2009-10-16,5,25-349,NYI,@,BUF,L,1,1,2,0,0,1,0,0,0,,,,3,33.3,17,17:21,2,0,0,0,
34,2009-10-17,6,25-350,NYI,,SJS,L,1,0,1,-1,0,0,1,0,0,,,,6,16.7,20,17:18,1,0,0,0,
35,2009-10-21,7,25-354,NYI,,CAR,W,1,0,1,0,0,1,0,0,0,,,,3,33.3,20,18:08,1,0,0,0,
36,2009-10-22,8,25-355,NYI,@,MTL,L,0,0,0,-1,0,0,0,0,0,,,,1,0.0,20,18:18,1,1,0,0,
37,2009-10-24,9,25-357,NYI,,WSH,L-OT,0,0,0,-1,0,0,0,0,0,,,,2,0.0,27,18:15,2,2,0,0,
38,2009-10-26,10,25-359,NYI,@,MTL,L-OT,0,1,1,-1,0,0,0,0,0,,,,6,0.0,26,19:56,1,0,0,0,
39,2009-10-28,11,25-361,NYI,,NYR,W,1,0,1,1,0,1,0,0,0,,,,2,50.0,23,15:09,1,1,0,0,
40,2009-10-30,12,25-363,NYI,@,WSH,W,0,0,0,1,0,0,0,0,0,,,,2,0.0,24,17:51,2,1,0,0,
41,2009-10-31,13,25-364,NYI,,BUF,W,0,0,0,1,0,0,0,0,0,,,,1,0.0,18,13:56,0,1,0,0,
42,2009-11-02,14,26-001,NYI,,EDM,W,0,1,1,0,0,0,0,0,0,,,,0,,16,16:34,0,0,0,0,
43,2009-11-04,15,26-003,NYI,@,BUF,L,0,0,0,0,0,0,0,0,0,,,,0,,15,13:05,0,2,0,0,
44,2009-11-06,16,26-005,NYI,@,NJD,L,0,0,0,0,0,0,0,0,0,,,,2,0.0,17,15:42,1,0,0,0,
45,2009-11-07,17,26-006,NYI,,ATL,W,1,1,2,1,0,1,0,0,0,,,,6,16.7,20,15:57,2,0,0,0,
46,2009-11-11,18,26-010,NYI,@,WSH,L-SO,1,0,1,1,0,1,0,0,0,,,,2,50.0,25,18:38,1,0,0,0,
47,2009-11-13,19,26-012,NYI,@,CAR,W,0,2,2,1,0,0,0,0,0,,,,2,0.0,20,16:58,0,0,0,0,
48,2009-11-14,20,26-013,NYI,@,FLA,L-SO,0,0,0,-1,2,0,0,0,0,,,,0,,23,14:55,1,1,0,0,
49,2009-11-16,21,26-015,NYI,@,BOS,W,2,0,2,2,2,2,0,0,1,,,,3,66.7,21,15:35,1,0,0,0,
50,2009-11-20,22,26-019,NYI,@,MIN,L,0,0,0,1,0,0,0,0,0,,,,5,0.0,21,17:50,0,0,0,0,
51,2009-11-21,23,26-020,NYI,@,STL,L,0,0,0,-2,0,0,0,0,0,,,,3,0.0,19,15:38,0,0,0,0,
52,2009-11-23,24,26-022,NYI,@,TOR,W,1,0,1,1,0,1,0,0,0,,,,1,100.0,18,12:39,0,0,0,0,
53,2009-11-25,25,26-024,NYI,,PHI,L,0,0,0,0,0,0,0,0,0,,,,3,0.0,20,17:20,1,1,0,1,0.0
54,2009-11-27,26,26-026,NYI,,PIT,W,0,0,0,1,0,0,0,0,0,,,,2,0.0,21,16:28,4,0,0,0,
55,2009-11-28,27,26-027,NYI,@,NJD,L,0,0,0,-1,0,0,0,0,0,,,,0,,20,17:58,0,0,0,0,
56,2009-12-03,28,26-032,NYI,@,ATL,W,3,0,3,2,0,2,1,0,1,,,,5,60.0,18,15:51,0,2,0,0,
57,2009-12-05,29,26-034,NYI,@,TBL,L,0,0,0,0,0,0,0,0,0,,,,2,0.0,19,17:01,0,0,0,0,
58,2009-12-08,30,26-037,NYI,@,PHI,L,0,1,1,-2,2,0,0,0,0,,,,4,0.0,23,21:29,2,0,0,0,
59,2009-12-09,31,26-038,NYI,@,TOR,L,0,0,0,-1,4,0,0,0,0,,,,3,0.0,24,20:09,0,0,0,0,
60,2009-12-12,32,26-041,NYI,,BOS,W,1,1,2,0,0,1,0,0,0,,,,3,33.3,22,15:22,2,0,0,0,
61,2009-12-14,33,26-043,NYI,,FLA,L,0,0,0,-2,0,0,0,0,0,,,,1,0.0,20,16:51,5,0,0,0,
62,2009-12-16,34,26-045,NYI,@,NYR,W,0,1,1,1,0,0,0,0,0,,,,1,0.0,17,15:53,0,2,0,0,
63,2009-12-17,35,26-046,NYI,,NYR,L,0,0,0,-2,0,0,0,0,0,,,,1,0.0,19,17:40,2,0,0,0,
64,2009-12-19,36,26-048,NYI,,MTL,L,0,0,0,0,0,0,0,0,0,,,,4,0.0,22,20:02,1,1,0,0,
65,2009-12-21,37,26-050,NYI,,TBL,L,0,0,0,0,0,0,0,0,0,,,,6,0.0,20,18:52,5,1,0,0,
66,2009-12-23,38,26-052,NYI,,TOR,W,0,0,0,-1,0,0,0,0,0,,,,1,0.0,18,18:03,1,2,0,0,
67,2009-12-26,39,26-055,NYI,@,NYR,W,0,0,0,-1,0,0,0,0,0,,,,0,,22,17:34,1,1,0,0,
68,2009-12-27,40,26-056,NYI,,PHI,L,0,0,0,-2,0,0,0,0,0,,,,2,0.0,19,17:52,1,0,0,0,
69,2009-12-29,41,26-058,NYI,,CBJ,W,0,0,0,-1,0,0,0,0,0,,,,2,0.0,19,16:54,3,0,0,0,
70,2009-12-31,42,26-060,NYI,@,OTT,L-SO,0,0,0,-1,0,0,0,0,0,,,,1,0.0,17,13:25,1,0,0,0,
71,2010-01-02,43,26-062,NYI,,ATL,W,1,1,2,3,0,1,0,0,0,,,,2,50.0,17,12:51,0,0,0,0,
72,2010-01-06,44,26-066,NYI,@,COL,W,0,0,0,-1,0,0,0,0,0,,,,2,0.0,19,14:19,0,2,0,0,
73,2010-01-08,45,26-068,NYI,@,DAL,L,0,1,1,1,0,0,0,0,0,,,,2,0.0,18,13:27,5,0,0,0,
74,2010-01-09,46,26-069,NYI,@,PHX,W,0,0,0,0,0,0,0,0,0,,,,2,0.0,18,14:53,3,2,0,0,
75,2010-01-12,47,26-072,NYI,,DET,W,1,0,1,2,0,1,0,0,1,,,,3,33.3,17,12:48,2,2,0,0,
76,2010-01-16,48,26-076,NYI,,BUF,W,0,0,0,0,0,0,0,0,0,,,,2,0.0,17,12:04,0,0,0,0,
77,2010-01-18,49,26-078,NYI,,NJD,W,2,0,2,2,0,2,0,0,1,,,,7,28.6,17,12:49,0,1,1,0,100.0
78,2010-01-19,50,26-079,NYI,@,PIT,L,0,0,0,-1,0,0,0,0,0,,,,1,0.0,15,11:44,2,0,0,0,
79,2010-01-21,51,26-081,NYI,,FLA,W,0,0,0,0,0,0,0,0,0,,,,4,0.0,17,14:41,4,1,0,0,
80,2010-01-23,52,26-083,NYI,,NJD,L,0,0,0,0,0,0,0,0,0,,,,1,0.0,21,16:38,5,1,0,0,
81,2010-01-26,53,26-086,NYI,,WSH,L,0,0,0,-1,0,0,0,0,0,,,,1,0.0,15,12:36,0,0,0,0,
82,2010-01-28,54,26-088,NYI,@,CAR,L,1,0,1,1,0,1,0,0,0,,,,3,33.3,19,13:46,1,0,0,0,
83,2010-01-30,55,26-090,NYI,@,PHI,L,0,0,0,0,0,0,0,0,0,,,,1,0.0,19,16:58,1,0,0,0,
84,2010-01-31,56,26-091,NYI,@,FLA,L,0,0,0,-1,0,0,0,0,0,,,,2,0.0,20,15:04,1,0,0,0,
85,2010-02-04,57,26-095,NYI,@,TBL,L,1,0,1,0,0,1,0,0,0,,,,3,33.3,18,15:05,1,0,0,0,
86,2010-02-06,58,26-097,NYI,,CAR,L,0,0,0,-2,0,0,0,0,0,,,,4,0.0,18,17:23,2,1,0,0,
87,2010-02-09,59,26-100,NYI,,NSH,W,0,0,0,0,0,0,0,0,0,,,,3,0.0,16,16:06,0,2,0,0,
88,2010-02-10,60,26-101,NYI,@,PIT,L,0,0,0,-2,0,0,0,0,0,,,,1,0.0,19,15:14,1,1,0,0,
89,2010-02-13,61,26-104,NYI,,TBL,W,0,1,1,1,0,0,0,0,0,,,,3,0.0,21,18:00,1,3,0,0,
90,2010-02-14,62,26-105,NYI,,OTT,L,1,0,1,1,0,1,0,0,0,,,,3,33.3,17,15:48,3,0,0,0,
91,2010-03-02,63,26-121,NYI,,CHI,W,0,1,1,1,0,0,0,0,0,,,,1,0.0,19,15:46,0,3,0,0,
92,2010-03-04,64,26-123,NYI,@,ATL,L,0,1,1,0,0,0,0,0,0,,,,4,0.0,17,15:39,2,0,0,0,
93,2010-03-06,65,26-125,NYI,,BOS,L,1,0,1,1,0,1,0,0,0,,,,3,33.3,21,16:38,2,2,0,0,
94,2010-03-09,66,26-128,NYI,@,PHI,L,0,0,0,1,0,0,0,0,0,,,,1,0.0,20,15:08,0,1,0,0,
95,2010-03-11,67,26-130,NYI,,STL,L-SO,1,0,1,0,0,0,1,0,0,,,,4,25.0,19,17:10,0,0,0,0,
96,2010-03-13,68,26-132,NYI,,NJD,W,0,0,0,0,0,0,0,0,0,,,,3,0.0,20,18:40,4,1,0,0,
97,2010-03-14,69,26-133,NYI,,TOR,W,1,0,1,0,0,0,1,0,0,,,,3,33.3,19,16:34,2,1,0,0,
98,2010-03-16,70,26-135,NYI,@,VAN,W,1,1,2,2,0,1,0,0,1,,,,1,100.0,20,14:44,0,0,0,0,
99,2010-03-19,71,26-138,NYI,@,ANA,L-OT,0,0,0,-1,0,0,0,0,0,,,,2,0.0,17,12:29,1,0,0,0,
100,2010-03-20,72,26-139,NYI,@,LAK,L,0,0,0,0,0,0,0,0,0,,,,2,0.0,23,19:36,2,0,0,0,
101,2010-03-24,73,26-143,NYI,@,NYR,L,0,0,0,-1,0,0,0,0,0,,,,3,0.0,20,16:18,4,1,0,0,
102,2010-03-25,74,26-144,NYI,,CGY,W,1,0,1,1,0,1,0,0,0,,,,2,50.0,16,13:14,2,0,0,0,
103,2010-03-27,75,26-146,NYI,@,CBJ,W,0,1,1,0,0,0,0,0,0,,,,1,0.0,18,14:52,4,1,0,0,
104,2010-03-30,76,26-149,NYI,,NYR,L,0,0,0,-2,0,0,0,0,0,,,,1,0.0,23,19:48,2,2,0,0,
105,2010-04-01,77,26-151,NYI,,PHI,W,0,0,0,-1,0,0,0,0,0,,,,4,0.0,20,20:00,1,2,0,0,
106,2010-04-03,78,26-153,NYI,,OTT,W,0,0,0,0,0,0,0,0,0,,,,5,0.0,19,18:11,0,0,0,0,
107,2010-04-06,79,26-156,NYI,,MTL,W,0,0,0,0,0,0,0,0,0,,,,2,0.0,24,23:07,2,1,0,0,
108,2010-04-08,80,26-158,NYI,@,PIT,L,1,0,1,0,0,0,1,0,0,,,,1,100.0,23,18:50,0,1,0,0,
109,2010-04-10,81,26-160,NYI,@,NJD,L,1,0,1,-1,0,0,1,0,0,,,,2,50.0,22,18:30,1,0,0,0,
110,2010-04-11,82,26-161,NYI,,PIT,L-OT,1,0,1,0,0,0,1,0,0,,,,5,20.0,29,23:44,1,1,1,0,100.0
111,2010-10-09,1,26-342,NYI,,DAL,L-SO,1,0,1,-2,0,0,1,0,0,,,,2,50.0,29,21:31,2,3,0,0,
112,2010-10-11,2,26-344,NYI,,NYR,W,1,1,2,-1,0,1,0,0,0,,,,4,25.0,29,21:05,1,0,1,0,100.0
113,2010-10-13,3,26-346,NYI,@,WSH,L,0,0,0,0,0,0,0,0,0,,,,1,0.0,30,19:15,1,0,0,0,
114,2010-10-15,4,26-348,NYI,@,PIT,L-OT,0,1,1,0,0,0,0,0,0,,,,3,0.0,28,19:25,0,0,0,0,
115,2010-10-16,5,26-349,NYI,,COL,W,0,0,0,0,0,0,0,0,0,,,,4,0.0,26,21:21,0,0,0,0,
116,2010-10-18,6,26-351,NYI,@,TOR,W,1,0,1,1,0,1,0,0,0,,,,2,50.0,28,21:01,0,3,0,0,
117,2010-10-21,7,26-354,NYI,@,TBL,W,1,0,1,0,0,1,0,0,1,,,,2,50.0,24,20:33,1,3,0,0,
118,2010-10-23,8,26-356,NYI,@,FLA,L,0,1,1,-1,0,0,0,0,0,,,,1,0.0,27,21:15,3,0,0,0,
119,2010-10-27,9,26-360,NYI,@,MTL,L,0,1,1,-2,0,0,0,0,0,,,,1,0.0,30,17:56,0,1,0,0,
120,2010-10-29,10,26-362,NYI,,MTL,L,0,0,0,-1,0,0,0,0,0,,,,2,0.0,24,19:04,0,1,0,0,
121,2010-10-30,11,26-363,NYI,@,PHI,L,0,0,0,0,0,0,0,0,0,,,,4,0.0,24,18:44,1,0,0,1,0.0
122,2010-11-03,12,27-002,NYI,@,CAR,L,0,0,0,-1,0,0,0,0,0,,,,3,0.0,24,17:22,0,0,0,0,
123,2010-11-04,13,27-003,NYI,@,OTT,L,1,0,1,0,0,0,1,0,0,,,,3,33.3,24,18:42,1,1,0,0,
124,2010-11-06,14,27-005,NYI,,PHI,L,1,0,1,0,0,0,1,0,0,,,,5,20.0,26,19:43,1,1,0,0,
125,2010-11-10,15,27-009,NYI,@,ANA,L,0,0,0,-1,0,0,0,0,0,,,,6,0.0,22,19:12,0,1,0,0,
126,2010-11-11,16,27-010,NYI,@,SJS,L-SO,0,0,0,1,0,0,0,0,0,,,,2,0.0,27,17:07,0,2,0,0,
127,2010-11-13,17,27-012,NYI,@,LAK,L,0,0,0,0,0,0,0,0,0,,,,4,0.0,23,19:43,1,0,1,0,100.0
128,2010-11-17,18,27-016,NYI,,TBL,L,1,1,2,0,0,1,0,0,0,,,,4,25.0,24,22:09,1,1,0,0,
129,2010-11-20,19,27-019,NYI,,FLA,L,1,0,1,0,0,1,0,0,0,,,,3,33.3,19,17:52,1,0,0,0,
130,2010-11-21,20,27-020,NYI,@,ATL,L-OT,0,0,0,-1,2,0,0,0,0,,,,4,0.0,25,21:16,0,1,0,0,
131,2010-11-24,21,27-023,NYI,,CBJ,L-OT,0,0,0,0,0,0,0,0,0,,,,1,0.0,24,19:30,2,0,0,0,
132,2010-11-26,22,27-025,NYI,,NJD,W,0,0,0,0,0,0,0,0,0,,,,3,0.0,21,18:36,1,1,0,0,
133,2010-12-02,23,27-031,NYI,,NYR,L,1,0,1,1,0,1,0,0,0,,,,4,25.0,24,18:34,1,1,0,0,
134,2010-12-03,24,27-032,NYI,@,NYR,L,0,0,0,-1,0,0,0,0,0,,,,4,0.0,19,21:57,2,0,0,0,
135,2010-12-05,25,27-034,NYI,,PHI,L,0,0,0,0,2,0,0,0,0,,,,3,0.0,23,20:06,0,1,0,0,
136,2010-12-09,26,27-038,NYI,@,BOS,L,0,0,0,-3,0,0,0,0,0,,,,2,0.0,26,23:39,3,0,0,0,
137,2010-12-11,27,27-040,NYI,,ATL,L,1,1,2,-2,0,1,0,0,0,,,,2,50.0,28,20:11,0,,,,
138,2010-12-13,28,27-042,NYI,@,NSH,L,0,0,0,0,2,0,0,0,0,,,,0,,21,16:13,2,1,0,0,
139,2010-12-16,29,27-045,NYI,,ANA,W,1,0,1,1,2,1,0,0,1,,,,4,25.0,24,19:28,0,2,0,0,
140,2010-12-18,30,27-047,NYI,,PHX,L-SO,0,0,0,-1,2,0,0,0,0,,,,4,0.0,27,21:19,0,1,0,1,0.0
141,2010-12-22,31,27-051,NYI,,TBL,W,0,0,0,2,0,0,0,0,0,,,,1,0.0,25,19:46,1,0,0,0,
142,2010-12-23,32,27-052,NYI,@,NJD,W,0,0,0,1,0,0,0,0,0,,,,0,,3,1:43,0,0,0,0,
143,2010-12-26,33,27-055,NYI,,MTL,W,0,0,0,0,0,0,0,0,0,,,,2,0.0,23,21:32,0,0,0,0,
144,2010-12-27,34,27-056,NYI,@,NYR,L,0,1,1,0,0,0,0,0,0,,,,4,0.0,22,17:23,1,0,0,0,
145,2010-12-29,35,27-058,NYI,,PIT,W,0,0,0,-1,0,0,0,0,0,,,,5,0.0,24,19:58,0,0,0,0,
146,2010-12-31,36,27-060,NYI,@,DET,W,1,0,1,0,2,0,1,0,0,,,,2,50.0,20,14:03,0,3,0,0,
147,2011-01-03,37,27-063,NYI,@,CGY,W,2,0,2,2,0,2,0,0,0,,,,3,66.7,23,16:52,0,1,1,0,100.0
148,2011-01-06,38,27-066,NYI,@,EDM,L,0,0,0,-1,0,0,0,0,0,,,,4,0.0,24,23:57,0,2,0,0,
149,2011-01-08,39,27-068,NYI,@,COL,W,0,1,1,0,2,0,0,0,0,,,,2,0.0,24,17:01,2,1,0,0,
150,2011-01-09,40,27-069,NYI,@,CHI,L,0,0,0,-1,0,0,0,0,0,,,,0,,21,15:51,3,0,0,0,
151,2011-01-11,41,27-071,NYI,,VAN,L-SO,0,0,0,-2,0,0,0,0,0,,,,5,0.0,21,18:26,4,1,0,0,
152,2011-01-13,42,27-073,NYI,,OTT,L,0,1,1,1,2,0,0,0,0,,,,4,0.0,24,22:03,2,0,0,0,
153,2011-01-15,43,27-075,NYI,,BUF,W,0,3,3,2,0,0,0,0,0,,,,4,0.0,22,18:13,0,3,0,0,
154,2011-01-17,44,27-077,NYI,,NJD,L,0,0,0,-1,0,0,0,0,0,,,,2,0.0,20,20:30,3,0,0,0,
155,2011-01-20,45,27-080,NYI,,WSH,L,0,0,0,-1,0,0,0,0,0,,,,4,0.0,23,21:32,3,0,0,0,
156,2011-01-21,46,27-081,NYI,@,BUF,W,1,0,1,0,0,1,0,0,0,,,,2,50.0,21,15:09,1,1,0,0,
157,2011-01-23,47,27-083,NYI,,BUF,L,2,0,2,1,0,1,1,0,0,,,,5,40.0,21,18:45,4,0,0,0,
158,2011-01-25,48,27-085,NYI,@,PIT,L,0,0,0,0,0,0,0,0,0,,,,3,0.0,20,19:01,2,0,0,0,
159,2011-01-26,49,27-086,NYI,,CAR,L,0,0,0,-2,2,0,0,0,0,,,,2,0.0,20,16:00,1,0,0,0,
160,2011-02-01,50,27-092,NYI,@,ATL,W,0,0,0,1,0,0,0,0,0,,,,7,0.0,18,15:44,0,0,0,0,
161,2011-02-02,51,27-093,NYI,@,PIT,L,0,0,0,-1,0,0,0,0,0,,,,1,0.0,21,19:08,3,1,0,0,
162,2011-02-05,52,27-096,NYI,,OTT,W,1,0,1,1,0,1,0,0,0,,,,4,25.0,24,20:33,2,0,0,0,
163,2011-02-08,53,27-099,NYI,,TOR,L,1,0,1,-1,0,0,1,0,0,,,,2,50.0,20,19:28,2,1,0,0,
164,2011-02-10,54,27-101,NYI,@,MTL,W,0,0,0,0,0,0,0,0,0,,,,1,0.0,24,18:46,0,0,0,0,
165,2011-02-11,55,27-102,NYI,,PIT,W,2,1,3,2,0,1,1,0,0,,,,3,66.7,20,17:23,1,1,0,0,
166,2011-02-13,56,27-104,NYI,@,BUF,W,0,1,1,-1,0,0,0,0,0,,,,1,0.0,22,19:07,3,0,0,0,
167,2011-02-15,57,27-106,NYI,@,OTT,W,0,0,0,0,0,0,0,0,0,,,,1,0.0,22,18:16,1,0,0,0,
168,2011-02-17,58,27-108,NYI,,BOS,L,0,1,1,-2,0,0,0,0,0,,,,2,0.0,20,17:12,2,0,0,0,
169,2011-02-19,59,27-110,NYI,,LAK,W,2,0,2,2,0,2,0,0,0,,,,3,66.7,18,14:59,0,0,0,0,
170,2011-02-21,60,27-112,NYI,,FLA,W,3,0,3,3,0,3,0,0,1,,,,5,60.0,19,16:39,0,1,0,0,
171,2011-02-22,61,27-113,NYI,@,TOR,L,1,0,1,-1,0,0,1,0,0,,,,5,20.0,21,18:48,2,0,0,1,0.0
172,2011-02-24,62,27-115,NYI,@,PHI,L-OT,0,0,0,-2,0,0,0,0,0,,,,4,0.0,21,17:55,0,0,0,0,
173,2011-02-26,63,27-117,NYI,,WSH,L,0,0,0,0,2,0,0,0,0,,,,2,0.0,20,21:25,1,0,0,0,
174,2011-03-01,64,27-120,NYI,@,WSH,L-OT,1,0,1,1,0,1,0,0,0,,,,5,20.0,24,18:45,0,0,0,0,
175,2011-03-02,65,27-121,NYI,,MIN,W,0,0,0,0,0,0,0,0,0,,,,4,0.0,18,19:52,0,1,0,0,
176,2011-03-05,66,27-124,NYI,,STL,W,0,0,0,1,0,0,0,0,0,,,,0,,17,17:31,1,0,0,0,
177,2011-03-06,67,27-125,NYI,,NJD,L-SO,0,0,0,0,0,0,0,0,0,,,,1,0.0,23,18:54,3,2,0,0,
178,2011-03-08,68,27-127,NYI,,TOR,W,0,0,0,-1,0,0,0,0,0,,,,3,0.0,21,17:53,1,0,0,0,
179,2011-03-11,69,27-130,NYI,,BOS,W,1,1,2,0,0,0,1,0,0,,,,4,25.0,22,19:48,2,0,0,0,
180,2011-03-12,70,27-131,NYI,@,NJD,L-OT,0,0,0,1,0,0,0,0,0,,,,2,0.0,21,18:59,1,1,0,0,
181,2011-03-15,71,27-134,NYI,@,NYR,L,1,2,3,0,2,1,0,0,0,,,,3,33.3,18,15:39,2,0,0,0,
182,2011-03-18,72,27-137,NYI,@,CAR,L-OT,0,0,0,0,0,0,0,0,0,,,,1,0.0,23,20:33,1,0,1,0,100.0
183,2011-03-19,73,27-138,NYI,@,FLA,W,0,0,0,1,0,0,0,0,0,,,,1,0.0,20,21:52,2,0,0,0,
184,2011-03-22,74,27-141,NYI,@,TBL,W,0,0,0,-1,0,0,0,0,0,,,,0,,18,15:30,0,0,1,0,100.0
185,2011-03-24,75,27-143,NYI,,ATL,L,0,0,0,0,2,0,0,0,0,,,,1,0.0,23,22:20,1,0,0,0,
186,2011-03-26,76,27-145,NYI,,PHI,L,0,0,0,0,0,0,0,0,0,,,,6,0.0,19,18:57,0,0,0,0,
187,2011-03-30,77,27-149,NYI,@,NJD,L,0,0,0,-3,0,0,0,0,0,,,,3,0.0,18,17:30,0,0,0,0,
188,2011-03-31,78,27-150,NYI,,NYR,W,1,1,2,3,0,1,0,0,0,,,,6,16.7,22,16:00,1,1,0,1,0.0
189,2011-04-02,79,27-152,NYI,,CAR,L,0,1,1,-1,0,0,0,0,0,,,,4,0.0,22,18:54,0,0,0,0,
190,2011-04-06,80,27-156,NYI,@,BOS,L,0,0,0,0,0,0,0,0,0,,,,3,0.0,19,18:43,0,1,0,0,
191,2011-04-08,81,27-158,NYI,,PIT,L-SO,0,1,1,1,0,0,0,0,0,,,,7,0.0,22,22:59,0,0,0,0,
192,2011-04-09,82,27-159,NYI,@,PHI,L,0,1,1,0,0,0,0,0,0,,,,1,0.0,22,19:42,0,0,0,0,
193,2011-10-08,1,27-341,NYI,,FLA,L,0,0,0,-1,0,0,0,0,0,,,,2,0.0,20,16:51,0,1,0,0,
194,2011-10-10,2,27-343,NYI,,MIN,W,0,0,0,0,0,0,0,0,0,,,,2,0.0,15,14:51,1,0,0,0,
195,2011-10-13,3,27-346,NYI,,TBL,W,1,1,2,4,0,1,0,0,1,,,,3,33.3,17,13:18,1,0,0,0,
196,2011-10-15,4,27-348,NYI,,NYR,W,1,1,2,2,0,1,0,0,0,,,,1,100.0,20,19:20,0,0,0,0,
197,2011-10-20,5,27-353,NYI,@,TBL,L,0,0,0,0,0,0,0,0,0,,,,1,0.0,22,20:21,0,1,0,0,
198,2011-10-22,6,27-355,NYI,@,FLA,L,0,0,0,-3,0,0,0,0,0,,,,1,0.0,23,19:19,0,1,0,0,
199,2011-10-25,7,27-358,NYI,,PIT,L,0,0,0,-1,0,0,0,0,0,,,,3,0.0,18,17:32,0,2,0,0,
200,2011-10-27,8,27-360,NYI,@,PIT,L-SO,0,0,0,-1,0,0,0,0,0,,,,1,0.0,17,15:25,0,0,0,0,
201,2011-10-29,9,27-362,NYI,,SJS,L-OT,0,1,1,-1,0,0,0,0,0,,,,4,0.0,20,15:32,1,0,0,0,
202,2011-11-03,10,28-002,NYI,,WPG,L,0,0,0,0,0,0,0,0,0,,,,2,0.0,19,19:25,2,0,0,0,
203,2011-11-05,11,28-004,NYI,,WSH,W,0,0,0,0,0,0,0,0,0,,,,3,0.0,19,16:43,1,0,0,0,
204,2011-11-07,12,28-006,NYI,@,BOS,L,1,1,2,0,0,1,0,0,0,,,,2,50.0,19,19:47,0,0,0,0,
205,2011-11-10,13,28-009,NYI,@,COL,L-OT,0,1,1,1,2,0,0,0,0,,,,2,0.0,19,14:08,0,0,0,1,0.0
206,2011-11-13,14,28-012,NYI,@,VAN,L,1,0,1,0,0,1,0,0,0,,,,1,100.0,17,12:22,0,1,0,0,
207,2011-11-15,15,28-014,NYI,,NYR,L,1,0,1,-1,0,0,1,0,0,,,,2,50.0,19,19:04,0,0,0,0,
208,2011-11-17,16,28-016,NYI,,MTL,W,1,0,1,1,0,1,0,0,1,,,,4,25.0,19,17:20,0,0,0,0,
209,2011-11-19,17,28-018,NYI,,BOS,L,0,0,0,0,0,0,0,0,0,,,,0,,20,16:24,1,1,0,0,
210,2011-11-21,18,28-020,NYI,@,PIT,L,0,0,0,0,0,0,0,0,0,,,,2,0.0,21,18:50,1,0,0,0,
211,2011-11-23,19,28-022,NYI,,PHI,L-OT,0,0,0,-1,0,0,0,0,0,,,,5,0.0,21,21:18,0,0,0,0,
212,2011-11-25,20,28-024,NYI,,NJD,L,0,0,0,0,0,0,0,0,0,,,,2,0.0,22,21:11,0,0,0,0,
213,2011-11-26,21,28-025,NYI,@,NJD,W,1,0,1,1,0,1,0,0,0,,,,2,50.0,19,17:05,0,0,0,0,
214,2011-11-29,22,28-028,NYI,@,BUF,W,1,0,1,0,0,0,1,0,0,,,,2,50.0,23,18:36,0,1,0,0,
215,2011-12-02,23,28-031,NYI,@,CHI,L-SO,1,1,2,0,0,1,0,0,0,,,,7,14.3,21,19:10,0,0,0,0,
216,2011-12-03,24,28-032,NYI,@,DAL,W,4,0,4,2,0,3,1,0,1,,,,7,57.1,23,18:18,0,2,0,0,
217,2011-12-06,25,28-035,NYI,,TBL,W,1,1,2,1,0,0,1,0,0,,,,8,12.5,20,18:18,0,0,0,0,
218,2011-12-08,26,28-037,NYI,,CHI,L-OT,0,1,1,1,0,0,0,0,0,,,,2,0.0,24,22:19,0,0,0,0,
219,2011-12-10,27,28-039,NYI,,PIT,L,0,0,0,-2,0,0,0,0,0,,,,0,,18,18:03,1,2,0,0,
220,2011-12-13,28,28-042,NYI,@,MTL,L,1,0,1,1,0,1,0,0,0,,,,2,50.0,18,17:59,0,2,0,0,
221,2011-12-15,29,28-044,NYI,,DAL,L,0,0,0,0,0,0,0,0,0,,,,1,0.0,21,22:10,0,1,0,0,
222,2011-12-17,30,28-046,NYI,@,MIN,W,0,1,1,1,0,0,0,0,0,,,,6,0.0,24,20:15,0,0,0,0,
223,2011-12-20,31,28-049,NYI,@,WPG,W,0,1,1,1,0,0,0,0,0,,,,6,0.0,21,19:48,0,0,0,0,
224,2011-12-22,32,28-051,NYI,@,NYR,L,1,1,2,-1,0,0,1,0,0,,,,1,100.0,25,20:45,1,1,0,0,
225,2011-12-23,33,28-052,NYI,,TOR,L,0,1,1,-1,0,0,0,0,0,,,,4,0.0,24,18:20,2,2,0,0,
226,2011-12-26,34,28-055,NYI,@,NYR,L,0,0,0,-1,0,0,0,0,0,,,,2,0.0,23,20:36,0,0,0,0,
227,2011-12-29,35,28-058,NYI,,CGY,W,0,0,0,0,4,0,0,0,0,,,,4,0.0,20,17:38,0,1,0,0,
228,2011-12-31,36,28-060,NYI,,EDM,W,1,2,3,1,0,1,0,0,1,,,,4,25.0,20,17:31,2,0,0,0,
229,2012-01-03,37,28-063,NYI,@,CAR,W,1,0,1,0,0,0,1,0,0,,,,2,50.0,24,21:55,1,0,1,0,100.0
230,2012-01-06,38,28-066,NYI,@,ANA,L,0,1,1,0,0,0,0,0,0,,,,1,0.0,24,21:33,0,0,0,0,
231,2012-01-07,39,28-067,NYI,@,PHX,L,0,0,0,-1,0,0,0,0,0,,,,1,0.0,18,17:28,0,0,0,0,
232,2012-01-10,40,28-070,NYI,,DET,W,2,1,3,3,0,1,1,0,0,,,,3,66.7,22,16:30,0,2,0,0,
233,2012-01-12,41,28-072,NYI,,PHI,L,0,1,1,1,0,0,0,0,0,,,,2,0.0,22,21:02,1,0,0,0,
234,2012-01-14,42,28-074,NYI,,BUF,W,1,1,2,2,0,1,0,0,0,,,,4,25.0,20,19:33,0,2,0,0,
235,2012-01-16,43,28-076,NYI,,NSH,L,0,1,1,1,0,0,0,0,0,,,,6,0.0,19,20:23,2,0,0,0,
236,2012-01-17,44,28-077,NYI,@,WSH,W,0,2,2,0,0,0,0,0,0,,,,0,,19,17:21,0,1,0,0,
237,2012-01-19,45,28-079,NYI,@,PHI,W,1,0,1,1,0,1,0,0,0,,,,3,33.3,20,18:08,0,0,0,0,
238,2012-01-21,46,28-081,NYI,,CAR,W,0,0,0,1,0,0,0,0,0,,,,7,0.0,22,21:50,2,1,0,0,
239,2012-01-23,47,28-083,NYI,@,TOR,L,0,0,0,-1,0,0,0,0,0,,,,1,0.0,19,21:02,1,0,0,0,
240,2012-01-24,48,28-084,NYI,,TOR,L-OT,0,0,0,-1,0,0,0,0,0,,,,1,0.0,24,21:48,0,0,0,0,
241,2012-01-31,49,28-091,NYI,@,CAR,W,1,2,3,2,0,0,1,0,0,,,,3,33.3,24,20:50,0,3,0,0,
242,2012-02-03,50,28-094,NYI,@,OTT,W,0,0,0,0,0,0,0,0,0,,,,2,0.0,26,22:38,1,0,0,0,
243,2012-02-04,51,28-095,NYI,,BUF,L-SO,0,0,0,0,0,0,0,0,0,,,,5,0.0,22,25:03,0,3,0,0,
244,2012-02-07,52,28-098,NYI,@,PHI,W,0,0,0,0,0,0,0,0,0,,,,3,0.0,21,18:46,0,1,0,0,
245,2012-02-09,53,28-100,NYI,,MTL,L,1,0,1,-3,0,0,1,0,0,,,,4,25.0,21,22:34,0,1,0,0,
246,2012-02-11,54,28-102,NYI,,LAK,W,0,1,1,1,0,0,0,0,0,,,,4,0.0,23,21:29,3,1,0,0,
247,2012-02-12,55,28-103,NYI,,FLA,L,0,0,0,-1,0,0,0,0,0,,,,1,0.0,21,20:24,1,0,0,0,
248,2012-02-14,56,28-105,NYI,@,WPG,W,1,0,1,-1,0,0,1,0,0,,,,1,100.0,22,18:38,0,1,0,0,
249,2012-02-16,57,28-107,NYI,@,STL,L,0,0,0,-2,0,0,0,0,0,,,,3,0.0,23,20:33,0,0,0,0,
250,2012-02-18,58,28-109,NYI,,CAR,W,0,1,1,1,0,0,0,0,0,,,,5,0.0,21,22:03,0,0,0,0,
251,2012-02-20,59,28-111,NYI,,OTT,L,0,0,0,-1,0,0,0,0,0,,,,2,0.0,19,18:47,1,0,0,0,
252,2012-02-21,60,28-112,NYI,@,BUF,L,0,0,0,0,0,0,0,0,0,,,,3,0.0,24,19:18,0,0,0,0,
253,2012-02-24,61,28-115,NYI,,NYR,W,1,1,2,1,0,1,0,0,0,,,,1,100.0,26,22:22,1,0,0,1,0.0
254,2012-02-26,62,28-117,NYI,@,OTT,L,0,1,1,2,0,0,0,0,0,,,,2,0.0,21,21:14,1,0,0,0,
255,2012-02-28,63,28-119,NYI,@,WSH,L-OT,1,0,1,-1,0,1,0,0,0,,,,4,25.0,22,19:52,0,0,0,0,
256,2012-03-01,64,28-121,NYI,@,PHI,L,0,0,0,-2,0,0,0,0,0,,,,2,0.0,23,22:36,0,0,0,0,
257,2012-03-03,65,28-123,NYI,@,BOS,W,1,1,2,0,0,0,1,0,0,,,,2,50.0,25,19:22,0,0,0,0,
258,2012-03-04,66,28-124,NYI,,NJD,W,0,0,0,0,0,0,0,0,0,,,,1,0.0,17,21:17,1,0,0,0,
259,2012-03-08,67,28-128,NYI,@,NJD,L,0,0,0,-2,0,0,0,0,0,,,,4,0.0,20,20:44,2,0,0,0,
260,2012-03-10,68,28-130,NYI,,NJD,L,0,1,1,1,0,0,0,0,0,,,,4,0.0,21,19:09,0,0,0,0,
261,2012-03-11,69,28-131,NYI,@,NYR,L-OT,1,0,1,1,0,0,1,0,0,,,,1,100.0,23,20:55,0,0,1,0,100.0
262,2012-03-13,70,28-133,NYI,,WSH,L-SO,1,0,1,2,0,1,0,0,0,,,,1,100.0,23,20:52,0,0,0,0,
263,2012-03-15,71,28-135,NYI,,PHI,L,0,0,0,-1,0,0,0,0,0,,,,2,0.0,20,20:57,0,1,0,0,
264,2012-03-17,72,28-137,NYI,@,MTL,W,0,0,0,-1,0,0,0,0,0,,,,3,0.0,24,20:54,0,1,0,0,
265,2012-03-20,73,28-140,NYI,@,TOR,W,2,0,2,1,0,1,1,0,1,,,,3,66.7,22,20:58,0,0,0,0,
266,2012-03-24,74,28-144,NYI,@,TBL,L,1,1,2,-1,0,1,0,0,0,,,,3,33.3,21,18:44,0,0,0,0,
267,2012-03-25,75,28-145,NYI,@,FLA,W,1,0,1,-2,0,0,1,0,0,,,,3,33.3,19,17:25,0,1,0,0,
268,2012-03-27,76,28-147,NYI,@,PIT,W,0,0,0,0,0,0,0,0,0,,,,2,0.0,22,18:42,0,0,0,0,
269,2012-03-29,77,28-149,NYI,,PIT,W,0,0,0,-1,0,0,0,0,0,,,,2,0.0,17,19:07,0,1,0,0,
270,2012-03-31,78,28-151,NYI,,BOS,L,0,2,2,0,0,0,0,0,0,,,,2,0.0,21,18:11,0,0,0,0,
271,2012-04-01,79,28-152,NYI,,OTT,L,0,1,1,0,0,0,0,0,0,,,,2,0.0,17,16:27,0,0,0,0,
272,2012-04-03,80,28-154,NYI,@,NJD,L,1,0,1,-1,0,1,0,0,0,,,,4,25.0,19,16:22,0,0,0,0,
273,2012-04-05,81,28-156,NYI,,WPG,W,1,0,1,0,0,1,0,0,0,,,,2,50.0,22,20:41,1,1,0,0,
274,2012-04-07,82,28-158,NYI,@,CBJ,L,0,0,0,0,0,0,0,0,0,,,,1,0.0,22,20:29,0,0,0,0,
275,2013-01-19,1,29-079,NYI,,NJD,L,0,0,0,-1,0,0,0,0,0,,,,1,0.0,23,21:32,2,2,0,0,
276,2013-01-21,2,29-081,NYI,,TBL,W,0,1,1,-1,0,0,0,0,0,,,,5,0.0,23,19:53,0,0,0,0,
277,2013-01-24,3,29-084,NYI,@,TOR,W,2,0,2,1,0,2,0,0,0,,,,6,33.3,22,19:33,1,1,0,0,
278,2013-01-25,4,29-085,NYI,@,BOS,L,0,0,0,0,0,0,0,0,0,,,,2,0.0,24,19:51,0,0,0,0,
279,2013-01-27,5,29-087,NYI,@,WPG,L-OT,1,1,2,0,0,1,0,0,0,,,,1,100.0,24,18:02,0,0,0,0,
280,2013-01-29,6,29-089,NYI,@,PIT,W,1,1,2,-1,0,0,1,0,0,,,,2,50.0,22,18:17,0,0,0,0,
281,2013-01-31,7,29-091,NYI,@,NJD,W,0,1,1,1,0,0,0,0,0,,,,1,0.0,21,19:23,0,0,0,0,
282,2013-02-03,8,29-094,NYI,,NJD,L,0,0,0,0,2,0,0,0,0,,,,3,0.0,23,20:33,0,0,0,0,
283,2013-02-05,9,29-096,NYI,,PIT,L,0,1,1,-1,0,0,0,0,0,,,,5,0.0,26,22:12,1,1,0,0,
284,2013-02-07,10,29-098,NYI,@,NYR,L,0,1,1,0,2,0,0,0,0,,,,3,0.0,25,20:30,1,0,0,0,
285,2013-02-09,11,29-100,NYI,,BUF,L,0,0,0,1,0,0,0,0,0,,,,6,0.0,25,22:15,0,1,0,0,
286,2013-02-11,12,29-102,NYI,,CAR,L,2,1,3,-3,0,0,2,0,0,,,,5,40.0,22,23:07,0,0,1,0,100.0
287,2013-02-14,13,29-105,NYI,@,NYR,W,0,0,0,0,0,0,0,0,0,,,,5,0.0,24,21:03,1,1,0,0,
288,2013-02-16,14,29-107,NYI,,NJD,W,1,3,4,1,0,0,1,0,0,,,,6,16.7,22,18:42,0,0,0,0,
289,2013-02-18,15,29-109,NYI,,PHI,L,0,0,0,-3,0,0,0,0,0,,,,3,0.0,21,19:32,0,1,0,0,
290,2013-02-19,16,29-110,NYI,@,OTT,L,0,0,0,-1,0,0,0,0,0,,,,5,0.0,19,20:54,0,0,0,0,
291,2013-02-21,17,29-112,NYI,@,MTL,W,2,0,2,0,0,0,2,0,0,,,,6,33.3,26,21:47,1,1,0,0,
292,2013-02-23,18,29-114,NYI,@,BUF,W,0,2,2,2,0,0,0,0,0,,,,5,0.0,18,14:29,2,0,0,0,
293,2013-02-24,19,29-115,NYI,,CAR,L,1,1,2,0,0,1,0,0,0,,,,3,33.3,20,19:33,0,3,0,0,
294,2013-02-26,20,29-117,NYI,,BOS,L,0,0,0,-3,0,0,0,0,0,,,,4,0.0,21,19:18,0,1,0,0,
295,2013-02-28,21,29-119,NYI,,TOR,L-OT,0,0,0,-1,0,0,0,0,0,,,,5,0.0,24,19:35,0,0,0,0,
296,2013-03-03,22,29-122,NYI,,OTT,W,0,1,1,1,0,0,0,0,0,,,,1,0.0,25,20:39,2,0,0,0,
297,2013-03-05,23,29-124,NYI,,MTL,W,1,0,1,1,0,0,1,0,0,,,,2,50.0,20,17:34,1,0,0,0,
298,2013-03-07,24,29-126,NYI,,NYR,L-OT,0,0,0,-1,0,0,0,0,0,,,,3,0.0,20,18:52,0,2,0,0,
299,2013-03-09,25,29-128,NYI,,WSH,W,0,1,1,0,0,0,0,0,0,,,,2,0.0,18,18:30,0,0,0,0,
300,2013-03-10,26,29-129,NYI,@,PIT,L,0,1,1,0,0,0,0,0,0,,,,3,0.0,21,19:16,0,1,0,0,
301,2013-03-14,27,29-133,NYI,@,TBL,W,0,1,1,0,0,0,0,0,0,,,,2,0.0,22,18:13,0,0,0,0,
302,2013-03-16,28,29-135,NYI,@,FLA,W,0,1,1,0,0,0,0,0,0,,,,1,0.0,21,18:36,2,1,0,0,
303,2013-03-19,29,29-138,NYI,,OTT,L,0,1,1,-1,0,0,0,0,0,,,,2,0.0,22,21:34,1,0,0,0,
304,2013-03-21,30,29-140,NYI,,MTL,L,0,2,2,0,0,0,0,0,0,,,,6,0.0,22,18:44,2,0,0,0,
305,2013-03-22,31,29-141,NYI,,PIT,L,0,0,0,-3,0,0,0,0,0,,,,1,0.0,17,16:49,1,1,0,0,
306,2013-03-24,32,29-143,NYI,,FLA,W,0,1,1,1,0,0,0,0,0,,,,3,0.0,18,16:18,2,1,0,0,
307,2013-03-26,33,29-145,NYI,@,WSH,W,0,1,1,0,0,0,0,0,0,,,,6,0.0,19,18:14,0,0,0,0,
308,2013-03-28,34,29-147,NYI,@,PHI,W,0,1,1,1,0,0,0,0,0,,,,1,0.0,24,19:07,0,0,0,0,
309,2013-03-30,35,29-149,NYI,@,PIT,L,0,0,0,0,0,0,0,0,0,,,,3,0.0,22,20:49,0,1,0,0,
310,2013-04-01,36,29-151,NYI,@,NJD,W,0,0,0,-1,0,0,0,0,0,,,,2,0.0,20,15:48,1,1,0,0,
311,2013-04-02,37,29-152,NYI,,WPG,W,1,1,2,2,0,1,0,0,0,,,,8,12.5,22,16:53,0,1,0,0,
312,2013-04-04,38,29-154,NYI,@,WSH,L-SO,0,0,0,0,0,0,0,0,0,,,,0,,16,15:22,0,1,0,0,
313,2013-04-09,39,29-159,NYI,,PHI,W,1,1,2,2,0,1,0,0,0,,,,3,33.3,20,20:12,1,0,0,0,
314,2013-04-11,40,29-161,NYI,@,BOS,W,0,0,0,0,0,0,0,0,0,,,,5,0.0,18,17:30,0,0,0,0,
315,2013-04-13,41,29-163,NYI,,NYR,L-OT,0,0,0,0,0,0,0,0,0,,,,4,0.0,18,17:31,1,0,0,0,
316,2013-04-16,42,29-166,NYI,,FLA,W,1,0,1,1,0,1,0,0,0,,,,3,33.3,22,17:36,0,0,0,0,
317,2013-04-18,43,29-168,NYI,@,TOR,W,1,1,2,3,0,0,1,0,0,,,,3,33.3,22,17:18,0,2,0,0,
318,2013-04-20,44,29-170,NYI,@,WPG,W,0,0,0,-2,0,0,0,0,0,,,,2,0.0,24,20:37,1,1,0,0,
319,2013-04-23,45,29-173,NYI,@,CAR,L-SO,0,2,2,1,0,0,0,0,0,,,,2,0.0,23,19:44,0,0,0,0,
320,2013-04-25,46,29-175,NYI,@,PHI,L,0,0,0,1,0,0,0,0,0,,,,4,0.0,18,19:38,0,0,0,0,
321,2013-04-26,47,29-176,NYI,@,BUF,L-SO,0,0,0,0,0,0,0,0,0,,,,0,,22,18:54,0,3,0,0,
322,2013-10-04,1,29-337,NYI,@,NJD,W,0,0,0,0,0,0,0,0,0,,,,2,0.0,19,20:24,1,1,0,0,
323,2013-10-05,2,29-338,NYI,,CBJ,L-SO,1,0,1,1,0,1,0,0,0,,,,3,33.3,22,18:52,0,1,0,0,
324,2013-10-08,3,29-341,NYI,,PHX,W,0,0,0,0,0,0,0,0,0,,,,5,0.0,18,17:32,0,0,0,0,
325,2013-10-11,4,29-344,NYI,@,CHI,L,0,0,0,1,2,0,0,0,0,,,,2,0.0,21,18:12,2,2,0,0,
326,2013-10-12,5,29-345,NYI,@,NSH,L,0,0,0,0,0,0,0,0,0,,,,0,,19,20:29,0,1,0,0,
327,2013-10-15,6,29-348,NYI,,BUF,L-SO,1,0,1,0,0,0,1,0,0,,,,3,33.3,16,14:09,0,1,0,0,
328,2013-10-17,7,29-350,NYI,,EDM,W,0,1,1,0,2,0,0,0,0,,,,3,0.0,21,16:19,0,0,0,1,0.0
329,2013-10-19,8,29-352,NYI,,CAR,L,1,2,3,0,0,0,1,0,0,,,,2,50.0,17,18:03,0,1,0,1,0.0
330,2013-10-22,9,29-355,NYI,,VAN,L-OT,2,0,2,0,0,0,2,0,0,,,,5,40.0,23,18:38,1,1,0,1,0.0
331,2013-10-25,10,29-358,NYI,@,PIT,W,1,0,1,1,2,0,1,0,0,,,,2,50.0,17,15:51,0,0,0,0,
332,2013-10-26,11,29-359,NYI,,PHI,L,0,0,0,0,0,0,0,0,0,,,,1,0.0,20,15:42,0,1,0,0,
333,2013-10-28,12,29-361,BUF,,DAL,L,2,0,2,1,0,2,0,0,0,,,,4,50.0,22,19:48,0,0,0,0,
334,2013-10-31,13,29-364,BUF,@,NYR,L,0,0,0,-1,0,0,0,0,0,,,,0,,23,19:14,0,2,0,0,
335,2013-11-02,14,30-001,BUF,,ANA,L,0,2,2,-1,0,0,0,0,0,,,,2,0.0,18,17:20,0,3,0,0,
336,2013-11-05,15,30-004,BUF,@,SJS,W,0,2,2,-1,0,0,0,0,0,,,,3,0.0,24,17:43,1,1,0,0,
337,2013-11-07,16,30-006,BUF,@,LAK,L,0,0,0,0,0,0,0,0,0,,,,4,0.0,19,18:37,2,0,0,0,
338,2013-11-08,17,30-007,BUF,@,ANA,L,0,0,0,0,0,0,0,0,0,,,,0,,10,10:50,0,1,0,0,
339,2013-11-12,18,30-011,BUF,,LAK,W,0,2,2,1,0,0,0,0,0,,,,1,0.0,22,19:36,1,0,0,0,
340,2013-11-15,19,30-014,BUF,,TOR,W,0,0,0,-1,0,0,0,0,0,,,,0,,22,16:54,0,0,0,0,
341,2013-11-16,20,30-015,BUF,@,TOR,L,0,1,1,0,0,0,0,0,0,,,,2,0.0,27,22:05,2,1,0,0,
342,2013-11-19,21,30-018,BUF,,STL,L,0,0,0,0,0,0,0,0,0,,,,4,0.0,20,19:37,1,1,0,0,
343,2013-11-21,22,30-020,BUF,@,PHI,L,0,0,0,-2,0,0,0,0,0,,,,3,0.0,22,17:21,0,2,0,0,
344,2013-11-24,23,30-023,BUF,,DET,L,0,0,0,1,0,0,0,0,0,,,,0,,21,16:24,0,2,0,0,
345,2013-11-27,24,30-026,BUF,,MTL,L,1,0,1,0,2,1,0,0,0,,,,4,25.0,20,15:56,0,0,0,0,
346,2013-11-29,25,30-028,BUF,,TOR,W,1,0,1,0,2,0,1,0,0,,,,1,100.0,25,21:42,0,0,0,1,0.0
347,2013-11-30,26,30-029,BUF,@,NJD,L-OT,0,0,0,-1,0,0,0,0,0,,,,3,0.0,21,18:09,2,0,0,0,
348,2013-12-05,27,30-034,BUF,,NYR,L,0,0,0,-1,0,0,0,0,0,,,,2,0.0,22,18:37,3,1,0,0,
349,2013-12-07,28,30-036,BUF,@,MTL,L,0,0,0,1,0,0,0,0,0,,,,1,0.0,22,18:15,2,0,0,0,
350,2013-12-10,29,30-039,BUF,,OTT,W,0,0,0,0,2,0,0,0,0,,,,5,0.0,25,21:20,0,1,0,0,
351,2013-12-12,30,30-041,BUF,@,OTT,L,0,0,0,0,0,0,0,0,0,,,,2,0.0,23,20:43,1,1,0,0,
352,2013-12-14,31,30-043,BUF,,CGY,L-OT,1,0,1,1,0,1,0,0,0,,,,2,50.0,25,20:26,0,1,0,1,0.0
353,2013-12-17,32,30-046,BUF,,WPG,W,1,0,1,0,0,0,1,0,1,,,,5,20.0,22,19:34,0,0,0,0,
354,2013-12-19,33,30-048,BUF,,BOS,W,0,0,0,-2,0,0,0,0,0,,,,2,0.0,25,17:59,0,1,0,0,
355,2013-12-21,34,30-050,BUF,@,BOS,L,0,1,1,0,0,0,0,0,0,,,,6,0.0,23,20:42,0,0,0,0,
356,2013-12-23,35,30-052,BUF,,PHX,W,0,1,1,1,4,0,0,0,0,,,,1,0.0,30,23:36,1,0,0,0,
357,2013-12-27,36,30-056,BUF,@,TOR,L-SO,1,1,2,1,0,1,0,0,0,,,,4,25.0,25,19:12,1,0,0,0,
358,2013-12-29,37,30-058,BUF,,WSH,W,0,0,0,0,0,0,0,0,0,,,,3,0.0,22,17:03,2,0,0,0,
359,2013-12-31,38,30-060,BUF,@,WPG,L,0,0,0,-3,4,0,0,0,0,,,,3,0.0,23,19:20,0,0,0,0,
360,2014-01-02,39,30-062,BUF,@,MIN,L,0,0,0,-3,2,0,0,0,0,,,,2,0.0,22,18:07,2,0,1,0,100.0
361,2014-01-04,40,30-064,BUF,,NJD,W,1,0,1,0,0,0,1,0,0,,,,3,33.3,19,18:07,0,1,0,0,
362,2014-01-09,41,30-069,BUF,,FLA,L-SO,0,0,0,0,0,0,0,0,0,,,,2,0.0,22,18:43,1,0,0,0,
363,2014-01-12,42,30-072,BUF,@,WSH,W,0,0,0,0,0,0,0,0,0,,,,3,0.0,26,19:23,1,1,0,0,
364,2014-01-14,43,30-074,BUF,,PHI,L,0,1,1,0,0,0,0,0,0,,,,3,0.0,19,17:36,0,0,0,0,
365,2014-01-15,44,30-075,BUF,@,TOR,L-SO,1,0,1,0,0,1,0,0,0,,,,1,100.0,25,19:36,1,0,0,0,
366,2014-01-18,45,30-078,BUF,,CBJ,L-SO,0,1,1,2,0,0,0,0,0,,,,3,0.0,24,22:59,0,0,0,0,
367,2014-01-21,46,30-081,BUF,,FLA,L,0,0,0,0,0,0,0,0,0,,,,2,0.0,21,20:37,0,0,0,0,
368,2014-01-23,47,30-083,BUF,,CAR,L,0,0,0,-2,0,0,0,0,0,,,,0,,17,15:57,1,0,0,0,
369,2014-01-25,48,30-085,BUF,@,CBJ,W,0,0,0,0,0,0,0,0,0,,,,1,0.0,21,18:21,0,3,0,0,
370,2014-01-27,49,30-087,BUF,@,PIT,L,0,0,0,-1,0,0,0,0,0,,,,4,0.0,21,19:42,0,0,0,0,
371,2014-01-28,50,30-088,BUF,,WSH,L-OT,0,2,2,0,0,0,0,0,0,,,,2,0.0,25,18:50,2,0,0,1,0.0
372,2014-01-30,51,30-090,BUF,@,PHX,W,0,1,1,0,0,0,0,0,0,,,,4,0.0,20,16:11,3,1,0,0,
373,2014-02-25,52,30-116,BUF,,CAR,W,0,1,1,-1,0,0,0,0,0,,,,2,0.0,21,16:56,1,1,0,0,
374,2014-02-26,53,30-117,BUF,,BOS,W,1,0,1,1,4,1,0,0,0,,,,3,33.3,21,20:53,0,2,0,0,
375,2014-02-28,54,30-119,BUF,,SJS,W,1,0,1,0,0,1,0,0,1,,,,2,50.0,20,17:14,0,0,0,0,
376,2014-03-03,55,30-122,BUF,@,DAL,L,0,2,2,2,0,0,0,0,0,,,,1,0.0,21,17:11,1,0,0,0,
377,2014-03-08,56,30-127,MIN,@,DAL,L,0,1,1,-1,0,0,0,0,0,,,,5,0.0,22,17:09,1,0,0,0,
378,2014-03-09,57,30-128,MIN,,STL,L-SO,1,0,1,1,0,1,0,0,0,,,,2,50.0,25,19:35,1,1,0,0,
379,2014-03-11,58,30-130,MIN,,EDM,L-SO,0,0,0,0,0,0,0,0,0,,,,2,0.0,26,19:08,0,0,1,0,100.0
380,2014-03-13,59,30-132,MIN,,NYR,W,0,0,0,0,0,0,0,0,0,,,,3,0.0,22,17:01,2,0,0,0,
381,2014-03-15,60,30-134,MIN,,CBJ,L-SO,0,0,0,0,0,0,0,0,0,,,,4,0.0,24,18:35,0,0,0,0,
382,2014-03-17,61,30-136,MIN,@,BOS,L,0,0,0,-2,0,0,0,0,0,,,,2,0.0,24,17:10,2,0,0,0,
383,2014-03-18,62,30-137,MIN,@,NYI,W,2,1,3,2,0,1,1,0,1,,,,2,100.0,20,16:23,0,1,0,0,
384,2014-03-20,63,30-139,MIN,@,NJD,L-OT,0,0,0,0,0,0,0,0,0,,,,0,,18,17:45,1,0,0,0,
385,2014-03-22,64,30-141,MIN,,DET,L,0,1,1,0,0,0,0,0,0,,,,1,0.0,24,18:05,0,0,0,1,0.0
386,2014-03-23,65,30-142,MIN,@,DET,W,1,1,2,2,0,1,0,0,1,,,,3,33.3,22,16:41,0,0,0,0,
387,2014-03-26,66,30-145,MIN,,VAN,L,0,0,0,0,0,0,0,0,0,,,,2,0.0,22,16:35,1,1,0,0,
388,2014-03-27,67,30-146,MIN,@,STL,L,0,0,0,0,0,0,0,0,0,,,,3,0.0,20,18:54,1,0,0,0,
389,2014-03-29,68,30-148,MIN,@,PHX,W,0,0,0,1,0,0,0,0,0,,,,2,0.0,18,11:36,0,2,0,0,
390,2014-03-31,69,30-150,MIN,@,LAK,W,1,0,1,0,4,1,0,0,0,,,,2,50.0,21,15:29,1,0,0,0,
391,2014-04-03,70,30-153,MIN,@,CHI,L-SO,0,0,0,0,0,0,0,0,0,,,,2,0.0,24,17:44,0,1,0,0,
392,2014-04-05,71,30-155,MIN,,PIT,W,0,1,1,1,0,0,0,0,0,,,,2,0.0,20,16:31,0,0,0,0,
393,2014-04-07,72,30-157,MIN,@,WPG,W,0,0,0,0,0,0,0,0,0,,,,0,,17,15:15,0,1,0,0,
394,2014-04-08,73,30-158,MIN,,BOS,W,0,1,1,2,2,0,0,0,0,,,,2,0.0,24,15:31,0,0,0,0,
395,2014-04-10,74,30-160,MIN,,STL,W,1,0,1,1,0,1,0,0,1,,,,2,50.0,18,10:13,0,0,0,0,
396,2014-04-13,75,30-163,MIN,,NSH,L,0,1,1,0,2,0,0,0,0,,,,2,0.0,21,13:46,0,0,0,0,
397,2014-10-09,1,30-342,BUF,,CBJ,L,0,0,0,-1,0,0,0,0,0,0,0,0,3,0.0,17,14:38,0,0,0,0,
398,2014-10-11,2,30-344,BUF,@,CHI,L,0,0,0,0,0,0,0,0,0,0,0,0,2,0.0,17,15:02,1,0,0,0,
399,2014-10-13,3,30-346,BUF,,ANA,L,0,1,1,1,0,0,0,0,0,1,0,0,0,,20,16:07,1,0,1,0,100.0
400,2014-10-14,4,30-347,BUF,@,CAR,W,0,0,0,-1,0,0,0,0,0,0,0,0,0,,19,20:08,3,0,1,0,100.0
401,2014-10-17,5,30-350,BUF,,FLA,L,0,0,0,0,0,0,0,0,0,0,0,0,5,0.0,17,18:57,0,0,0,0,
402,2014-10-18,6,30-351,BUF,,BOS,L,0,0,0,-3,0,0,0,0,0,0,0,0,3,0.0,20,17:02,0,0,0,1,0.0
403,2014-10-22,7,30-355,BUF,@,ANA,L,0,1,1,0,0,0,0,0,0,1,0,0,2,0.0,19,18:09,3,1,0,0,
404,2014-10-23,8,30-356,BUF,@,LAK,L,0,0,0,0,0,0,0,0,0,0,0,0,3,0.0,24,19:18,1,0,0,0,
405,2014-10-25,9,30-358,BUF,@,SJS,W,0,0,0,0,0,0,0,0,0,0,0,0,2,0.0,25,19:37,0,3,1,0,100.0
406,2014-10-28,10,30-361,BUF,@,TOR,L,0,0,0,0,0,0,0,0,0,0,0,0,0,,17,12:58,3,2,0,0,
407,2014-10-30,11,30-363,BUF,,BOS,L-OT,0,0,0,-2,0,0,0,0,0,0,0,0,2,0.0,20,16:28,2,1,0,0,
408,2014-11-01,12,31-000,BUF,@,PIT,L,0,0,0,-1,0,0,0,0,0,0,0,0,1,0.0,18,14:36,0,0,0,0,
409,2014-11-02,13,31-001,BUF,,DET,W,0,0,0,0,2,0,0,0,0,0,0,0,1,0.0,19,15:53,0,0,0,0,
410,2014-11-05,14,31-004,BUF,,MTL,L-SO,0,0,0,0,0,0,0,0,0,0,0,0,0,,22,18:51,1,1,0,0,
411,2014-11-07,15,31-006,BUF,,EDM,L,1,0,1,1,0,1,0,0,0,0,0,0,3,33.3,21,14:55,0,0,1,0,100.0
412,2014-11-08,16,31-007,BUF,,PIT,L,0,0,0,-2,0,0,0,0,0,0,0,0,2,0.0,18,15:39,1,1,0,0,
413,2014-11-11,17,31-010,BUF,@,STL,L,0,1,1,0,0,0,0,0,0,0,1,0,2,0.0,18,18:29,0,0,1,0,100.0
414,2014-11-13,18,31-012,BUF,@,MIN,L,0,1,1,1,0,0,0,0,0,1,0,0,2,0.0,19,18:13,1,0,0,0,
415,2014-11-15,19,31-014,BUF,,TOR,W,1,2,3,2,0,1,0,0,0,1,1,0,3,33.3,18,15:09,1,1,0,0,
416,2014-11-18,20,31-017,BUF,,SJS,W,0,0,0,0,0,0,0,0,0,0,0,0,1,0.0,18,16:30,0,2,0,0,
417,2014-11-22,21,31-021,BUF,@,WSH,W,1,0,1,1,0,1,0,0,0,0,0,0,4,25.0,19,14:33,3,1,0,0,
418,2014-11-26,22,31-025,BUF,,WPG,L,0,0,0,-1,0,0,0,0,0,0,0,0,2,0.0,22,18:22,1,0,0,0,
419,2014-11-28,23,31-027,BUF,,MTL,W,1,1,2,1,0,0,1,0,1,1,0,0,5,20.0,23,20:10,0,0,0,0,
420,2014-11-29,24,31-028,BUF,@,MTL,W,0,0,0,-2,0,0,0,0,0,0,0,0,2,0.0,21,15:07,0,1,0,0,
421,2014-12-02,25,31-031,BUF,,TBL,W,0,0,0,1,0,0,0,0,0,0,0,0,1,0.0,24,18:53,0,1,0,0,
422,2014-12-04,26,31-033,BUF,@,TBL,L,0,0,0,-2,0,0,0,0,0,0,0,0,1,0.0,17,16:25,0,1,0,0,
423,2014-12-06,27,31-035,BUF,@,FLA,L,0,0,0,0,0,0,0,0,0,0,0,0,7,0.0,22,21:04,0,0,0,0,
424,2014-12-09,28,31-038,BUF,,LAK,W,0,1,1,0,0,0,0,0,0,0,1,0,1,0.0,20,17:44,0,2,0,0,
425,2014-12-11,29,31-040,BUF,,CGY,W,2,0,2,2,0,2,0,0,1,0,0,0,4,50.0,21,18:47,0,1,0,0,
426,2014-12-13,30,31-042,BUF,,FLA,W,0,0,0,-1,0,0,0,0,0,0,0,0,4,0.0,20,17:09,1,0,0,0,
427,2014-12-15,31,31-044,BUF,,OTT,W,1,0,1,-1,0,1,0,0,0,0,0,0,3,33.3,21,18:29,0,3,0,0,
428,2014-12-16,32,31-045,BUF,@,WPG,L,0,0,0,0,0,0,0,0,0,0,0,0,2,0.0,18,18:03,0,1,0,0,
429,2014-12-27,33,31-056,BUF,,NYI,W,0,0,0,-2,0,0,0,0,0,0,0,0,2,0.0,22,16:34,1,0,0,0,
430,2014-12-29,34,31-058,BUF,@,OTT,L,0,1,1,-1,0,0,0,0,0,1,0,0,1,0.0,22,17:32,1,0,0,0,
431,2014-12-31,35,31-060,BUF,,TBL,L,0,1,1,-2,0,0,0,0,0,0,1,0,1,0.0,20,17:57,1,0,0,0,
432,2015-01-02,36,31-062,BUF,,FLA,L,0,0,0,0,0,0,0,0,0,0,0,0,2,0.0,25,19:29,1,0,0,0,
433,2015-01-03,37,31-063,BUF,@,NYR,L,0,0,0,-1,0,0,0,0,0,0,0,0,3,0.0,20,15:58,0,1,0,0,
434,2015-01-06,38,31-066,BUF,@,NJD,L,0,0,0,-2,0,0,0,0,0,0,0,0,0,,25,18:32,1,0,0,0,
435,2015-01-08,39,31-068,BUF,@,CAR,L,0,0,0,0,0,0,0,0,0,0,0,0,0,,20,16:54,1,1,0,0,
436,2015-01-09,40,31-069,BUF,@,TBL,L,0,0,0,0,0,0,0,0,0,0,0,0,1,0.0,19,15:17,0,0,0,0,
437,2015-01-13,41,31-073,BUF,,DET,L,0,0,0,0,0,0,0,0,0,0,0,0,4,0.0,21,20:49,1,3,0,0,
438,2015-01-15,42,31-075,BUF,,MIN,L,0,0,0,-1,0,0,0,0,0,0,0,0,1,0.0,22,17:56,0,0,0,0,
439,2015-01-17,43,31-077,BUF,,PHI,L,0,2,2,1,0,0,0,0,0,1,1,0,0,,27,19:43,0,0,0,0,
440,2015-01-18,44,31-078,BUF,@,DET,L,0,1,1,1,0,0,0,0,0,1,0,0,0,,24,16:54,0,2,0,0,
441,2015-01-27,45,31-087,BUF,@,CGY,L,0,0,0,-1,0,0,0,0,0,0,0,0,2,0.0,19,15:11,0,0,0,0,
442,2015-01-29,46,31-089,BUF,@,EDM,L,0,0,0,0,0,0,0,0,0,0,0,0,0,,22,16:00,1,0,0,0,
443,2015-01-30,47,31-090,BUF,@,VAN,L,0,0,0,-1,0,0,0,0,0,0,0,0,0,,20,15:04,0,0,2,0,100.0
444,2015-02-03,48,31-094,BUF,@,MTL,W,1,0,1,2,0,1,0,0,0,0,0,0,3,33.3,22,16:20,0,3,1,1,50.0
445,2015-02-05,49,31-096,BUF,,STL,L,0,0,0,-1,0,0,0,0,0,0,0,0,1,0.0,21,18:16,0,1,1,0,100.0
446,2015-02-07,50,31-098,BUF,,DAL,W,0,1,1,0,0,0,0,0,0,0,1,0,2,0.0,23,16:16,0,2,1,0,100.0
447,2015-02-08,51,31-099,BUF,,NYI,L,0,0,0,0,0,0,0,0,0,0,0,0,0,,21,17:38,0,1,0,1,0.0
448,2015-02-10,52,31-101,BUF,,OTT,L,0,1,1,0,0,0,0,0,0,0,1,0,1,0.0,22,20:42,1,1,0,0,
449,2015-02-15,53,31-106,BUF,,PHI,L,0,0,0,0,0,0,0,0,0,0,0,0,2,0.0,24,18:40,0,1,0,0,
450,2015-02-17,54,31-108,BUF,@,NJD,L-SO,0,0,0,0,0,0,0,0,0,0,0,0,1,0.0,22,17:01,0,0,0,1,0.0
451,2015-02-19,55,31-110,BUF,@,PHI,W,0,1,1,1,0,0,0,0,0,1,0,0,2,0.0,24,17:26,0,0,0,0,
452,2015-02-20,56,31-111,BUF,,NYR,L,1,0,1,-2,0,1,0,0,0,0,0,0,4,25.0,22,18:23,0,0,0,0,
453,2015-02-22,57,31-113,BUF,,NSH,L-SO,0,1,1,1,0,0,0,0,0,1,0,0,2,0.0,19,14:30,0,1,0,0,
454,2015-02-24,58,31-115,BUF,@,CBJ,W,0,0,0,-1,0,0,0,0,0,0,0,0,1,0.0,22,17:39,0,0,1,1,50.0
455,2015-02-26,59,31-117,BUF,,VAN,W,0,2,2,4,0,0,0,0,0,2,0,0,0,,26,16:41,0,1,0,1,0.0
456,2015-02-28,60,31-119,BUF,@,FLA,L,0,1,1,-1,0,0,0,0,0,1,0,0,4,0.0,20,13:00,0,0,0,0,
457,2015-03-03,61,31-122,BUF,@,TBL,L,0,0,0,0,0,0,0,0,0,0,0,0,4,0.0,21,20:13,0,2,0,0,
458,2015-03-06,62,31-125,BUF,@,OTT,L,0,1,1,-1,0,0,0,0,0,1,0,0,3,0.0,21,16:21,0,1,1,0,100.0
459,2015-03-07,63,31-126,BUF,@,WSH,L,0,0,0,-1,0,0,0,0,0,0,0,0,1,0.0,20,19:42,0,0,0,0,
460,2015-03-11,64,31-130,BUF,@,TOR,L-SO,1,2,3,3,0,1,0,0,0,2,0,0,5,20.0,22,18:08,0,1,0,0,
461,2015-03-14,65,31-133,BUF,,NYR,L,0,0,0,0,0,0,0,0,0,0,0,0,2,0.0,20,18:11,0,0,0,0,
462,2015-03-16,66,31-135,BUF,,WSH,L-SO,0,1,1,1,0,0,0,0,0,1,0,0,4,0.0,25,20:39,1,1,0,0,
463,2015-03-17,67,31-136,BUF,@,BOS,W,0,0,0,0,0,0,0,0,0,0,0,0,2,0.0,23,20:05,0,1,0,1,0.0
464,2015-03-20,68,31-139,BUF,,NJD,L,1,0,1,0,0,0,1,0,0,0,0,0,1,100.0,21,19:15,0,0,0,0,
465,2015-03-21,69,31-140,BUF,@,NSH,L,0,0,0,0,0,0,0,0,0,0,0,0,4,0.0,22,19:30,0,0,0,1,0.0
466,2015-03-23,70,31-142,BUF,@,DAL,L,1,1,2,-1,0,1,0,0,0,0,1,0,1,100.0,24,20:09,0,1,0,1,0.0
467,2015-03-26,71,31-145,BUF,,ARI,L-OT,0,1,1,1,2,0,0,0,0,1,0,0,2,0.0,24,21:52,0,0,0,0,
468,2015-03-28,72,31-147,BUF,@,COL,L,0,0,0,-1,0,0,0,0,0,0,0,0,2,0.0,22,19:26,0,0,0,0,
469,2015-03-30,73,31-149,BUF,@,ARI,W,0,1,1,1,0,0,0,0,0,1,0,0,3,0.0,21,17:58,0,0,0,0,
470,2015-04-01,74,31-151,BUF,,TOR,W,1,0,1,0,0,0,1,0,0,0,0,0,4,25.0,20,20:01,0,0,0,0,
471,2015-04-06,75,31-156,BUF,,CAR,W,0,1,1,2,0,0,0,0,0,1,0,0,1,0.0,21,18:04,0,1,0,0,
472,2015-04-10,76,31-160,BUF,@,CBJ,L,0,0,0,-2,0,0,0,0,0,0,0,0,3,0.0,21,18:46,1,0,1,0,100.0
473,2015-04-11,77,31-161,BUF,,PIT,L,0,0,0,0,0,0,0,0,0,0,0,0,1,0.0,25,19:49,0,0,0,0,
474,2015-10-08,1,31-341,BUF,,OTT,L,0,0,0,-1,0,0,0,0,0,0,0,0,2,0.0,21,16:49,0,0,0,0,
475,2015-10-10,2,31-343,BUF,,TBL,L,0,0,0,0,0,0,0,0,0,0,0,0,1,0.0,17,13:11,2,0,0,0,
476,2015-10-12,3,31-345,BUF,,CBJ,W,1,2,3,1,0,0,1,0,0,1,1,0,3,33.3,18,14:16,0,0,0,0,
477,2015-10-15,4,31-348,BUF,@,FLA,L,0,0,0,0,2,0,0,0,0,0,0,0,0,,17,12:55,0,0,0,0,
478,2015-10-17,5,31-350,BUF,@,TBL,L,0,0,0,-1,2,0,0,0,0,0,0,0,0,,18,16:23,0,0,0,1,0.0
479,2015-10-21,6,31-354,BUF,,TOR,W,0,0,0,1,0,0,0,0,0,0,0,0,4,0.0,17,12:53,0,0,0,1,0.0
480,2015-10-23,7,31-356,BUF,,MTL,L,1,0,1,1,0,1,0,0,0,0,0,0,3,33.3,20,15:13,0,0,0,0,
481,2015-10-24,8,31-357,BUF,,NJD,L,0,0,0,-1,0,0,0,0,0,0,0,0,3,0.0,21,17:14,0,0,0,0,
482,2015-10-27,9,31-360,BUF,@,PHI,W,0,0,0,0,2,0,0,0,0,0,0,0,3,0.0,21,16:03,1,1,0,0,
483,2015-10-29,10,31-362,BUF,@,PIT,L,1,0,1,1,0,1,0,0,0,0,0,0,2,50.0,19,17:06,1,0,0,0,
484,2015-10-30,11,31-363,BUF,,PHI,W,0,0,0,-1,0,0,0,0,0,0,0,0,1,0.0,17,12:12,0,0,0,0,
485,2015-11-01,12,32-000,BUF,@,NYI,W,1,0,1,1,0,1,0,0,0,0,0,0,3,33.3,19,13:54,0,1,0,0,
486,2015-11-05,13,32-004,BUF,,TBL,L,0,0,0,-1,0,0,0,0,0,0,0,0,3,0.0,16,13:46,0,0,0,0,
487,2015-11-07,14,32-006,BUF,,VAN,W,0,0,0,-1,0,0,0,0,0,0,0,0,1,0.0,18,14:19,0,0,0,0,
488,2015-11-10,15,32-009,BUF,@,TBL,W,0,0,0,0,0,0,0,0,0,0,0,0,1,0.0,22,16:46,0,0,0,0,
489,2015-11-12,16,32-011,BUF,@,FLA,W,0,1,1,1,0,0,0,0,0,1,0,0,2,0.0,21,15:09,1,2,0,0,
490,2015-11-14,17,32-013,BUF,,SJS,L-OT,0,0,0,1,0,0,0,0,0,0,0,0,3,0.0,24,17:43,3,0,0,0,
491,2015-11-17,18,32-016,BUF,,DAL,L,0,0,0,0,0,0,0,0,0,0,0,0,0,,24,17:39,0,0,0,0,
492,2015-11-19,19,32-018,BUF,@,STL,L-SO,0,1,1,1,0,0,0,0,0,1,0,0,0,,22,15:27,0,0,0,0,
493,2015-11-21,20,32-020,BUF,@,DAL,L,0,0,0,-2,0,0,0,0,0,0,0,0,3,0.0,21,16:21,0,0,0,0,
494,2015-11-23,21,32-022,BUF,,STL,L,0,0,0,0,0,0,0,0,0,0,0,0,0,,20,15:41,0,1,0,0,
495,2015-11-25,22,32-024,BUF,,NSH,L,0,0,0,0,0,0,0,0,0,0,0,0,1,0.0,16,11:38,0,0,0,0,
496,2015-11-27,23,32-026,BUF,,CAR,W,0,1,1,1,0,0,0,0,0,1,0,0,1,0.0,18,15:09,0,0,0,0,
497,2015-11-28,24,32-027,BUF,@,NSH,W,0,1,1,0,0,0,0,0,0,0,1,0,0,,15,12:45,0,0,0,0,
498,2015-12-01,25,32-030,BUF,@,DET,L-SO,0,1,1,0,0,0,0,0,0,0,1,0,1,0.0,17,12:04,2,0,0,0,
499,2015-12-04,26,32-033,BUF,,ARI,W,0,0,0,0,0,0,0,0,0,0,0,0,2,0.0,17,12:39,1,0,0,0,
500,2015-12-06,27,32-035,BUF,@,EDM,L,0,0,0,-1,0,0,0,0,0,0,0,0,3,0.0,19,13:28,1,0,0,0,
501,2015-12-07,28,32-036,BUF,@,VAN,L,0,0,0,0,0,0,0,0,0,0,0,0,2,0.0,15,11:07,0,0,0,0,
502,2015-12-10,29,32-039,BUF,@,CGY,L,0,1,1,0,0,0,0,0,0,1,0,0,1,0.0,15,10:44,0,0,0,0,
503,2015-12-12,30,32-041,BUF,,LAK,W,0,0,0,0,0,0,0,0,0,0,0,0,2,0.0,19,16:10,0,2,0,0,
504,2015-12-14,31,32-043,BUF,@,DET,W,0,0,0,0,0,0,0,0,0,0,0,0,3,0.0,14,11:18,1,0,0,0,
505,2015-12-15,32,32-044,BUF,,NJD,L,0,0,0,0,0,0,0,0,0,0,0,0,4,0.0,17,16:11,2,0,0,0,
506,2015-12-17,33,32-046,BUF,,ANA,W,0,0,0,0,0,0,0,0,0,0,0,0,1,0.0,18,13:23,2,0,0,0,
507,2015-12-19,34,32-048,BUF,,CHI,L-SO,0,0,0,0,0,0,0,0,0,0,0,0,0,,15,10:04,2,0,0,1,0.0
508,2015-12-26,35,32-055,BUF,@,BOS,W,0,0,0,1,0,0,0,0,0,0,0,0,2,0.0,16,11:28,2,0,0,0,
509,2015-12-28,36,32-057,BUF,,WSH,L,0,0,0,0,0,0,0,0,0,0,0,0,0,,13,9:43,1,0,0,0,
510,2015-12-31,37,32-060,BUF,,NYI,L,0,0,0,-1,0,0,0,0,0,0,0,0,0,,16,12:01,1,0,0,0,
511,2016-01-02,38,32-062,BUF,,DET,L,0,0,0,0,0,0,0,0,0,0,0,0,2,0.0,16,11:19,0,0,0,0,
512,2016-01-05,39,32-065,BUF,,FLA,L,0,0,0,-1,0,0,0,0,0,0,0,0,2,0.0,15,12:45,1,0,0,0,
513,2016-01-08,40,32-068,BUF,@,CHI,L,0,0,0,-1,0,0,0,0,0,0,0,0,1,0.0,12,7:06,1,0,0,0,
514,2016-01-10,41,32-070,BUF,@,WPG,W,0,0,0,0,0,0,0,0,0,0,0,0,0,,12,9:04,0,0,0,0,
515,2016-01-12,42,32-072,BUF,@,MIN,W,0,0,0,0,0,0,0,0,0,0,0,0,1,0.0,13,9:23,0,0,0,0,
516,2016-01-15,43,32-075,BUF,,BOS,L,0,0,0,1,0,0,0,0,0,0,0,0,3,0.0,19,13:32,0,1,0,0,
517,2016-01-16,44,32-076,BUF,,WSH,W,0,0,0,0,0,0,0,0,0,0,0,0,0,,11,8:10,0,0,0,0,
518,2016-01-18,45,32-078,BUF,@,ARI,W,0,0,0,0,0,0,0,0,0,0,0,0,3,0.0,9,6:48,0,0,0,0,
519,2016-01-20,46,32-080,BUF,@,COL,L,0,0,0,0,0,0,0,0,0,0,0,0,1,0.0,12,8:27,1,0,0,0,
520,2016-01-22,47,32-082,BUF,,DET,L,0,0,0,0,0,0,0,0,0,0,0,0,1,0.0,17,11:58,1,0,0,0,
521,2016-01-25,48,32-085,BUF,@,NYR,L,0,1,1,2,0,0,0,0,0,1,0,0,2,0.0,17,12:23,2,0,0,0,
522,2016-01-26,49,32-086,BUF,@,OTT,W,0,0,0,1,0,0,0,0,0,0,0,0,2,0.0,16,12:33,2,1,0,0,
523,2016-02-03,50,32-094,BUF,@,MTL,W,0,0,0,0,0,0,0,0,0,0,0,0,0,,10,7:01,0,,,,
524,2016-02-04,51,32-095,BUF,,BOS,L-SO,0,0,0,0,0,0,0,0,0,0,0,0,2,0.0,15,9:34,0,1,0,0,
525,2016-02-06,52,32-097,BUF,@,BOS,L-OT,0,0,0,-1,0,0,0,0,0,0,0,0,0,,16,11:15,0,2,0,0,
526,2016-02-09,53,32-100,BUF,,FLA,L,0,0,0,-2,0,0,0,0,0,0,0,0,1,0.0,20,13:03,0,0,0,0,
527,2016-02-11,54,32-102,BUF,@,PHI,L,0,0,0,0,0,0,0,0,0,0,0,0,1,0.0,14,12:17,1,0,0,0,
528,2016-02-12,55,32-103,BUF,,MTL,W,0,0,0,0,0,0,0,0,0,0,0,0,0,,11,7:21,0,0,0,0,
529,2016-02-14,56,32-105,BUF,,COL,W,0,0,0,-1,0,0,0,0,0,0,0,0,1,0.0,13,8:41,2,0,0,0,
530,2016-02-16,57,32-107,BUF,@,OTT,L-SO,1,0,1,1,0,1,0,0,0,0,0,0,2,50.0,17,11:59,0,0,0,0,
531,2016-02-19,58,32-110,BUF,@,CBJ,W,0,0,0,0,0,0,0,0,0,0,0,0,3,0.0,14,11:13,0,1,0,0,
532,2016-02-21,59,32-112,BUF,,PIT,L,0,1,1,0,0,0,0,0,0,0,1,0,3,0.0,15,8:11,0,0,0,0,
533,2016-02-24,60,32-115,BUF,@,ANA,L,0,0,0,0,0,0,0,0,0,0,0,0,0,,13,11:16,0,3,0,0,
534,2016-02-26,61,32-117,BUF,@,SJS,W,0,0,0,0,0,0,0,0,0,0,0,0,1,0.0,14,8:54,1,1,0,1,0.0
535,2016-02-27,62,32-118,BUF,@,LAK,L,0,0,0,-1,0,0,0,0,0,0,0,0,1,0.0,15,9:55,1,0,0,0,
536,2016-03-01,63,32-121,BUF,,EDM,L-OT,0,0,0,0,0,0,0,0,0,0,0,0,0,,11,6:53,0,0,0,0,
537,2016-03-03,64,32-123,BUF,,CGY,W,0,0,0,0,0,0,0,0,0,0,0,0,0,,13,9:23,0,0,0,0,
538,2016-03-05,65,32-125,BUF,,MIN,L-SO,0,0,0,0,0,0,0,0,0,0,0,0,0,,12,10:21,0,2,0,1,0.0
539,2016-03-07,66,32-127,BUF,@,TOR,W,0,1,1,1,0,0,0,0,0,1,0,0,1,0.0,14,8:56,2,0,0,0,
540,2016-03-08,67,32-128,BUF,,NYR,L,0,0,0,0,0,0,0,0,0,0,0,0,3,0.0,13,11:06,0,0,0,0,
541,2016-03-10,68,32-130,BUF,@,MTL,L,0,1,1,0,0,0,0,0,0,1,0,0,0,,14,9:02,0,1,0,0,
542,2016-03-12,69,32-132,BUF,,CAR,W,0,0,0,0,0,0,0,0,0,0,0,0,0,,12,9:09,0,,,,
543,2016-03-16,70,32-136,BUF,,MTL,L-OT,0,0,0,0,10,0,0,0,0,0,0,0,0,,9,6:23,0,0,0,0,
544,2016-03-18,71,32-138,BUF,,OTT,W,0,0,0,0,0,0,0,0,0,0,0,0,1,0.0,13,9:56,0,0,0,0,
545,2016-03-19,72,32-139,BUF,@,TOR,L,0,0,0,0,0,0,0,0,0,0,0,0,1,0.0,20,12:19,1,1,0,0,
546,2016-03-22,73,32-142,BUF,@,CAR,W,0,0,0,0,0,0,0,0,0,0,0,0,1,0.0,14,9:58,0,0,0,0,
547,2016-03-26,74,32-146,BUF,,WPG,W,0,0,0,0,0,0,0,0,0,0,0,0,0,,15,10:01,0,0,0,0,
548,2016-03-28,75,32-148,BUF,@,DET,L,0,0,0,-1,0,0,0,0,0,0,0,0,1,0.0,12,11:00,2,0,0,0,
549,2016-03-29,76,32-149,BUF,@,PIT,L-SO,1,0,1,-2,0,0,1,0,0,0,0,0,2,50.0,17,11:03,2,0,0,0,
550,2016-03-31,77,32-151,BUF,,TOR,W,0,0,0,0,0,0,0,0,0,0,0,0,1,0.0,14,9:32,0,0,0,0,
551,2016-04-02,78,32-153,BUF,@,NYR,W,1,0,1,0,0,1,0,0,1,0,0,0,1,100.0,13,7:55,0,0,0,0,
552,2016-04-05,79,32-156,BUF,@,NJD,W,0,0,0,0,0,0,0,0,0,0,0,0,0,,14,9:14,0,0,0,0,
553,2016-04-08,80,32-159,BUF,,CBJ,L,0,1,1,0,0,0,0,0,0,0,1,0,3,0.0,12,10:53,0,1,0,0,
554,2016-04-09,81,32-160,BUF,@,NYI,W,1,0,1,-1,0,1,0,0,0,0,0,0,2,50.0,22,16:05,2,1,0,0,
555,2016-10-13,1,32-347,BUF,,MTL,L,1,0,1,-1,0,0,1,0,0,0,0,0,4,25.0,17,11:29,1,0,0,0,
556,2016-10-16,2,32-350,BUF,@,EDM,W,1,0,1,0,0,0,1,0,0,0,0,0,3,33.3,18,13:19,0,1,0,0,
557,2016-10-18,3,32-352,BUF,@,CGY,L-OT,0,0,0,0,0,0,0,0,0,0,0,0,0,,18,12:19,0,,,,
558,2016-10-20,4,32-354,BUF,@,VAN,L,0,0,0,0,0,0,0,0,0,0,0,0,4,0.0,18,13:42,3,0,0,0,
559,2016-10-25,5,32-359,BUF,@,PHI,L-SO,2,0,2,0,0,0,2,0,0,0,0,0,4,50.0,21,15:06,1,2,0,0,
560,2016-10-27,6,32-361,BUF,,MIN,L,0,0,0,-1,0,0,0,0,0,0,0,0,4,0.0,20,18:14,2,1,0,0,
561,2016-10-29,7,32-363,BUF,,FLA,W,0,1,1,0,0,0,0,0,0,0,1,0,2,0.0,18,14:19,1,1,0,0,
562,2016-10-30,8,32-364,BUF,@,WPG,W,0,0,0,1,2,0,0,0,0,0,0,0,5,0.0,17,12:46,0,0,0,0,
563,2016-11-01,9,33-000,BUF,@,MIN,W,0,0,0,1,0,0,0,0,0,0,0,0,1,0.0,22,20:52,0,1,0,0,
564,2016-11-03,10,33-002,BUF,,TOR,L,0,0,0,0,0,0,0,0,0,0,0,0,5,0.0,20,16:52,0,0,0,0,
565,2016-11-05,11,33-004,BUF,@,OTT,W,0,0,0,0,0,0,0,0,0,0,0,0,1,0.0,19,16:01,0,1,0,0,
566,2016-11-07,12,33-006,BUF,@,BOS,L,0,0,0,0,0,0,0,0,0,0,0,0,2,0.0,17,16:57,2,0,0,0,
567,2016-11-09,13,33-008,BUF,,OTT,L-SO,0,0,0,0,0,0,0,0,0,0,0,0,3,0.0,16,13:27,0,0,0,0,
568,2016-11-11,14,33-010,BUF,,NJD,L-OT,1,0,1,0,0,0,1,0,0,0,0,0,2,50.0,16,13:25,0,0,0,0,
569,2016-11-12,15,33-011,BUF,@,NJD,L,1,0,1,-1,0,1,0,0,0,0,0,0,2,50.0,15,10:12,0,1,0,0,
570,2016-11-15,16,33-014,BUF,@,STL,L,0,1,1,-1,0,0,0,0,0,0,1,0,0,,18,15:38,0,0,0,0,
571,2016-11-17,17,33-016,BUF,,TBL,L,0,0,0,0,0,0,0,0,0,0,0,0,3,0.0,15,15:30,1,0,0,0,
572,2016-11-19,18,33-018,BUF,,PIT,W,0,0,0,0,0,0,0,0,0,0,0,0,1,0.0,17,13:56,0,0,0,0,
573,2016-11-21,19,33-020,BUF,,CGY,W,1,0,1,0,0,0,1,0,1,0,0,0,2,50.0,16,12:58,0,0,0,0,
574,2016-11-23,20,33-022,BUF,,DET,L-SO,0,0,0,-1,0,0,0,0,0,0,0,0,0,,17,16:28,0,0,0,0,
575,2016-11-25,21,33-024,BUF,@,WSH,L,0,0,0,0,0,0,0,0,0,0,0,0,0,,15,13:20,0,0,0,0,
576,2016-11-29,22,33-028,BUF,@,OTT,W,0,0,0,0,0,0,0,0,0,0,0,0,0,,13,10:32,0,0,0,0,
577,2016-12-01,23,33-030,BUF,,NYR,W,0,0,0,0,0,0,0,0,0,0,0,0,2,0.0,14,10:48,0,0,0,0,
578,2016-12-03,24,33-032,BUF,,BOS,L,0,0,0,0,0,0,0,0,0,0,0,0,2,0.0,12,10:18,0,0,0,0,
579,2016-12-05,25,33-034,BUF,@,WSH,L-OT,0,0,0,1,0,0,0,0,0,0,0,0,0,,13,9:15,0,0,0,0,
580,2016-12-06,26,33-035,BUF,,EDM,W,0,1,1,0,0,0,0,0,0,0,1,0,1,0.0,9,8:00,1,0,0,0,
581,2016-12-09,27,33-038,BUF,,WSH,L,0,0,0,0,0,0,0,0,0,0,0,0,0,,11,9:53,0,0,0,0,
582,2016-12-13,28,33-042,BUF,,LAK,W,0,2,2,2,0,0,0,0,0,2,0,0,1,0.0,17,12:51,1,0,0,0,
583,2016-12-16,29,33-045,BUF,,NYI,W,1,0,1,0,0,0,1,0,0,0,0,0,4,25.0,20,16:00,1,0,0,0,
584,2016-12-17,30,33-046,BUF,@,CAR,L-SO,0,0,0,-1,0,0,0,0,0,0,0,0,2,0.0,20,14:38,5,0,0,0,
585,2016-12-20,31,33-049,BUF,@,FLA,L-SO,0,0,0,-1,0,0,0,0,0,0,0,0,1,0.0,15,10:27,0,1,0,0,
586,2016-12-22,32,33-051,BUF,,CAR,L,0,0,0,-1,0,0,0,0,0,0,0,0,0,,12,10:00,2,0,0,0,
587,2016-12-23,33,33-052,BUF,@,NYI,L,0,0,0,-1,0,0,0,0,0,0,0,0,3,0.0,14,10:07,0,2,0,0,
588,2016-12-27,34,33-056,BUF,@,DET,W,0,0,0,1,0,0,0,0,0,0,0,0,0,,17,13:34,2,0,0,0,
589,2016-12-29,35,33-058,BUF,,BOS,L,0,2,2,1,2,0,0,0,0,1,1,0,3,0.0,16,14:18,0,0,0,0,
590,2016-12-31,36,33-060,BUF,@,BOS,L,0,0,0,-1,0,0,0,0,0,0,0,0,2,0.0,13,11:13,0,0,0,0,
591,2017-01-03,37,33-063,BUF,@,NYR,W,0,1,1,0,0,0,0,0,0,0,1,0,2,0.0,16,13:09,0,0,0,0,
592,2017-01-05,38,33-065,BUF,@,CHI,L-OT,0,0,0,0,0,0,0,0,0,0,0,0,0,,10,5:49,0,0,0,0,
593,2017-01-07,39,33-067,BUF,,WPG,W,0,1,1,2,0,0,0,0,0,1,0,0,2,0.0,10,7:53,0,0,0,0,
594,2017-01-10,40,33-070,BUF,,PHI,W,0,0,0,0,0,0,0,0,0,0,0,0,1,0.0,8,6:29,0,1,0,0,
595,2017-01-12,41,33-072,BUF,@,TBL,L,1,0,1,1,0,1,0,0,0,0,0,0,3,33.3,13,9:24,0,0,0,0,
596,2017-01-13,42,33-073,BUF,@,CAR,L,0,0,0,-1,0,0,0,0,0,0,0,0,1,0.0,11,10:09,0,0,0,0,
597,2017-01-16,43,33-076,BUF,,DAL,W,0,0,0,0,0,0,0,0,0,0,0,0,2,0.0,13,8:23,0,0,0,0,
598,2017-01-17,44,33-077,BUF,@,TOR,L,0,0,0,-1,0,0,0,0,0,0,0,0,1,0.0,12,10:02,2,0,0,0,
599,2017-01-20,45,33-080,BUF,,DET,W,0,0,0,-1,0,0,0,0,0,0,0,0,2,0.0,9,7:14,1,0,0,0,
600,2017-01-21,46,33-081,BUF,@,MTL,W,0,0,0,0,0,0,0,0,0,0,0,0,2,0.0,11,8:26,0,0,0,0,
601,2017-01-24,47,33-084,BUF,@,NSH,W,0,1,1,1,0,0,0,0,0,1,0,0,1,0.0,11,9:28,0,0,0,0,
602,2017-01-26,48,33-086,BUF,@,DAL,L,1,0,1,1,2,0,1,0,0,0,0,0,1,100.0,12,7:44,0,0,0,0,
603,2017-01-31,49,33-091,BUF,@,MTL,L,0,0,0,1,0,0,0,0,0,0,0,0,1,0.0,13,8:53,1,0,0,0,
604,2017-02-02,50,33-093,BUF,,NYR,L-OT,0,0,0,0,0,0,0,0,0,0,0,0,0,,13,11:11,1,0,0,0,
605,2017-02-04,51,33-095,BUF,,OTT,W,0,0,0,0,0,0,0,0,0,0,0,0,1,0.0,10,9:48,0,0,0,0,
606,2017-02-06,52,33-097,BUF,@,NJD,L,0,0,0,0,0,0,0,0,0,0,0,0,1,0.0,14,11:52,1,0,0,0,
607,2017-02-07,53,33-098,BUF,,SJS,W,1,0,1,1,0,0,1,0,0,0,0,0,2,50.0,8,7:04,0,0,0,0,
608,2017-02-09,54,33-100,BUF,,ANA,L,0,0,0,0,0,0,0,0,0,0,0,0,0,,9,7:24,0,,,,
609,2017-02-11,55,33-102,BUF,@,TOR,W,0,0,0,0,0,0,0,0,0,0,0,0,2,0.0,9,5:52,2,0,0,1,0.0
610,2017-02-12,56,33-103,BUF,,VAN,L,0,0,0,0,0,0,0,0,0,0,0,0,1,0.0,7,6:16,0,0,0,0,
611,2017-02-14,57,33-105,BUF,@,OTT,W,1,0,1,1,0,1,0,0,0,0,0,0,4,25.0,18,15:42,0,2,0,0,
612,2017-02-16,58,33-107,BUF,,COL,W,0,0,0,0,0,0,0,0,0,0,0,0,1,0.0,11,6:58,0,0,0,1,0.0
613,2017-02-18,59,33-109,BUF,,STL,W,0,0,0,0,2,0,0,0,0,0,0,0,0,,14,14:07,0,1,0,0,
614,2017-02-19,60,33-110,BUF,,CHI,L,0,0,0,-1,0,0,0,0,0,0,0,0,1,0.0,12,10:52,0,0,0,0,
615,2017-02-25,61,33-116,BUF,@,COL,L,0,1,1,1,0,0,0,0,0,1,0,0,2,0.0,12,9:20,0,0,0,0,
616,2017-02-26,62,33-117,BUF,@,ARI,L,0,0,0,0,0,0,0,0,0,0,0,0,0,,13,8:50,0,,,,
617,2017-02-28,63,33-119,BUF,,NSH,L-OT,0,1,1,1,0,0,0,0,0,1,0,0,1,0.0,7,6:35,0,0,0,0,
618,2017-03-02,64,33-121,BUF,,ARI,W,0,0,0,-1,0,0,0,0,0,0,0,0,1,0.0,13,11:25,0,0,0,0,
619,2017-03-04,65,33-123,BUF,,TBL,L-SO,0,0,0,-1,0,0,0,0,0,0,0,0,2,0.0,15,12:37,1,1,1,0,100.0
620,2017-03-05,66,33-124,BUF,@,PIT,L,0,1,1,0,0,0,0,0,0,0,1,0,3,0.0,13,9:58,1,0,0,1,0.0
621,2017-03-07,67,33-126,BUF,,PHI,L,0,0,0,-1,0,0,0,0,0,0,0,0,5,0.0,16,13:21,0,1,0,0,
622,2017-03-10,68,33-129,BUF,@,CBJ,L,0,1,1,1,0,0,0,0,0,1,0,0,2,0.0,22,17:06,1,0,0,0,
623,2017-03-11,69,33-130,BUF,,CBJ,W,1,0,1,1,0,0,1,0,0,0,0,0,3,33.3,19,15:32,0,0,0,0,
624,2017-03-14,70,33-133,BUF,@,SJS,L,0,1,1,-2,0,0,0,0,0,1,0,0,1,0.0,15,10:51,1,0,0,0,
625,2017-03-16,71,33-135,BUF,@,LAK,L,0,0,0,0,0,0,0,0,0,0,0,0,1,0.0,19,14:41,1,0,0,0,
626,2017-03-17,72,33-136,BUF,@,ANA,W,0,0,0,0,0,0,0,0,0,0,0,0,1,0.0,12,8:04,0,1,0,0,
627,2017-03-20,73,33-139,BUF,@,DET,W,1,0,1,0,0,0,1,0,1,0,0,0,2,50.0,11,7:24,0,0,0,0,
628,2017-03-21,74,33-140,BUF,,PIT,L,0,0,0,-1,0,0,0,0,0,0,0,0,2,0.0,11,10:01,0,0,0,0,
629,2017-03-25,75,33-144,BUF,,TOR,W,0,0,0,0,0,0,0,0,0,0,0,0,2,0.0,17,10:19,0,0,0,0,
630,2017-03-27,76,33-146,BUF,,FLA,W,0,2,2,1,2,0,0,0,0,1,1,0,1,0.0,14,10:41,1,0,0,0,
631,2017-03-28,77,33-147,BUF,@,CBJ,L,0,0,0,0,0,0,0,0,0,0,0,0,0,,17,14:21,0,0,0,0,
632,2017-04-02,78,33-152,BUF,,NYI,L,0,1,1,-1,0,0,0,0,0,1,0,0,1,0.0,13,11:22,0,0,0,0,
633,2017-04-05,79,33-155,BUF,,MTL,W,0,0,0,-1,0,0,0,0,0,0,0,0,1,0.0,16,13:59,0,0,0,0,
634,2017-04-08,80,33-158,BUF,@,FLA,L,0,0,0,-1,0,0,0,0,0,0,0,0,2,0.0,14,11:36,0,0,0,0,
635,2017-04-09,81,33-159,BUF,@,TBL,L,0,0,0,-1,0,0,0,0,0,0,0,0,0,,13,13:12,0,0,0,0,
636,2017-10-07,1,33-340,BUF,@,NYI,L,0,0,0,0,0,0,0,0,0,0,0,0,0,,13,10:40,0,1,0,0,
637,2017-10-09,2,33-342,BUF,,NJD,L,0,0,0,-3,0,0,0,0,0,0,0,0,2,0.0,12,10:16,0,0,0,0,
638,2017-10-14,3,33-347,BUF,@,LAK,L,0,0,0,0,0,0,0,0,0,0,0,0,2,0.0,24,19:45,2,1,0,0,
639,2017-10-15,4,33-348,BUF,@,ANA,W,0,0,0,0,0,0,0,0,0,0,0,0,1,0.0,10,7:32,0,0,0,0,
640,2017-10-17,5,33-350,BUF,@,VEG,L-OT,0,0,0,0,0,0,0,0,0,0,0,0,0,,16,9:47,0,1,0,0,
641,2017-10-20,6,33-353,BUF,,VAN,L,0,0,0,-2,0,0,0,0,0,0,0,0,0,,11,7:24,0,0,0,0,
642,2017-10-21,7,33-354,BUF,@,BOS,W,0,0,0,-1,0,0,0,0,0,0,0,0,1,0.0,16,12:29,0,0,0,0,
643,2017-10-24,8,33-357,BUF,,DET,W,0,0,0,0,0,0,0,0,0,0,0,0,1,0.0,12,6:25,1,0,0,0,
644,2017-11-02,9,34-001,BUF,@,ARI,W,0,0,0,0,0,0,0,0,0,0,0,0,0,,11,8:56,0,3,0,0,
645,2017-11-04,10,34-003,BUF,@,DAL,L,0,0,0,-1,0,0,0,0,0,0,0,0,0,,11,10:22,1,1,0,0,
646,2017-11-11,11,34-010,BUF,@,MTL,L-OT,0,0,0,0,0,0,0,0,0,0,0,0,1,0.0,19,12:29,0,0,0,0,
647,2017-11-14,12,34-013,BUF,@,PIT,L-OT,0,0,0,-1,2,0,0,0,0,0,0,0,0,,15,8:57,0,1,0,0,
648,2017-11-28,13,34-027,BUF,,TBL,L,0,0,0,0,0,0,0,0,0,0,0,0,3,0.0,16,11:02,3,0,0,0,
649,2017-12-01,14,34-030,BUF,,PIT,L,0,0,0,-1,0,0,0,0,0,0,0,0,2,0.0,11,7:57,1,0,0,0,
