,date_game,game_season,age,team_id,game_location,opp_id,game_result,goals,assists,points,plus_minus,pen_min,goals_ev,goals_pp,goals_sh,goals_gw,assists_ev,assists_pp,assists_sh,shots,shot_pct,shifts,time_on_ice,hits_all,blocks_all,faceoff_wins_all,faceoff_losses_all,faceoff_percentage_all
0,2014-04-01,1,22-052,DAL,@,WSH,W,0,0,0,1,0,0,0,0,0,,,,1,0.0,18,11:50,3,1,0,0,
1,2014-04-03,2,22-054,DAL,@,CAR,L,0,0,0,-1,4,0,0,0,0,,,,0,,19,11:48,1,0,0,0,
2,2014-04-05,3,22-056,DAL,@,TBL,W,0,0,0,0,0,0,0,0,0,,,,0,,15,7:16,1,0,0,0,
3,2014-04-06,4,22-057,DAL,@,FLA,L,0,0,0,-1,0,0,0,0,0,,,,0,,18,14:10,2,4,0,0,
4,2014-04-08,5,22-059,DAL,,NSH,W,0,0,0,0,0,0,0,0,0,,,,1,0.0,18,12:27,0,3,0,0,
5,2014-04-09,6,22-060,DAL,,CBJ,L,0,0,0,-1,0,0,0,0,0,,,,0,,17,12:35,0,,,,
6,2014-04-11,7,22-062,DAL,,STL,W,0,0,0,0,0,0,0,0,0,,,,1,0.0,23,15:16,3,0,0,0,
7,2014-04-13,8,22-064,DAL,@,PHX,L,0,0,0,-1,2,0,0,0,0,,,,0,,29,24:46,4,3,0,0,
8,2014-10-09,1,22-243,DAL,,CHI,L-SO,0,0,0,0,2,0,0,0,0,0,0,0,0,,25,17:17,3,1,0,0,
9,2014-10-11,2,22-245,DAL,@,NSH,L,0,0,0,0,0,0,0,0,0,0,0,0,0,,20,14:34,0,3,0,0,
10,2014-10-14,3,22-248,DAL,@,CBJ,W,0,0,0,0,0,0,0,0,0,0,0,0,1,0.0,19,11:11,1,0,0,0,
11,2014-10-16,4,22-250,DAL,@,PIT,W,0,0,0,1,0,0,0,0,0,0,0,0,2,0.0,17,14:29,1,0,0,0,
12,2014-10-18,5,22-252,DAL,,PHI,L-OT,0,0,0,0,0,0,0,0,0,0,0,0,0,,1,0:23,0,0,0,0,
13,2015-03-03,6,23-023,DAL,,NYI,W,0,0,0,0,0,0,0,0,0,0,0,0,0,,19,12:08,2,1,0,0,
14,2015-03-05,7,23-025,DAL,@,FLA,W,0,0,0,-1,2,0,0,0,0,0,0,0,0,,22,14:30,5,0,0,0,
15,2015-03-07,8,23-027,DAL,@,TBL,L,0,0,0,1,0,0,0,0,0,0,0,0,1,0.0,29,20:55,1,1,0,0,
16,2015-03-10,9,23-030,DAL,@,PHI,W,0,0,0,-1,0,0,0,0,0,0,0,0,1,0.0,29,21:11,1,3,0,0,
17,2015-03-12,10,23-032,DAL,@,CAR,W,0,0,0,-1,0,0,0,0,0,0,0,0,1,0.0,25,18:39,0,1,0,0,
18,2015-03-13,11,23-033,DAL,@,WSH,W,0,1,1,1,2,0,0,0,0,1,0,0,1,0.0,26,18:26,2,0,0,0,
19,2015-03-15,12,23-035,DAL,,STL,L,0,0,0,0,0,0,0,0,0,0,0,0,2,0.0,24,16:39,0,0,0,0,
20,2015-03-19,13,23-039,DAL,,PIT,W,0,0,0,1,0,0,0,0,0,0,0,0,0,,25,17:49,2,0,0,0,
21,2015-03-21,14,23-041,DAL,,CHI,W,0,0,0,0,0,0,0,0,0,0,0,0,0,,23,19:03,1,2,0,0,
22,2015-03-23,15,23-043,DAL,,BUF,W,0,1,1,1,0,0,0,0,0,1,0,0,1,0.0,24,20:26,2,2,0,0,
23,2015-03-25,16,23-045,DAL,@,CGY,W,0,1,1,1,0,0,0,0,0,1,0,0,2,0.0,26,19:00,1,1,0,0,
24,2015-03-27,17,23-047,DAL,@,EDM,L,0,0,0,-2,0,0,0,0,0,0,0,0,0,,24,19:00,0,0,0,0,
25,2015-03-28,18,23-048,DAL,@,VAN,W,0,0,0,1,0,0,0,0,0,0,0,0,1,0.0,31,21:11,0,2,0,0,
26,2015-03-30,19,23-050,DAL,,CGY,L,0,0,0,0,0,0,0,0,0,0,0,0,0,,20,14:20,1,1,0,0,
27,2015-04-03,20,23-054,DAL,,STL,L,0,0,0,-3,0,0,0,0,0,0,0,0,1,0.0,20,15:42,1,2,0,0,
28,2015-04-08,21,23-059,DAL,@,ANA,W,0,0,0,0,0,0,0,0,0,0,0,0,0,,14,11:14,1,1,0,0,
29,2015-04-11,22,23-062,DAL,,NSH,W,0,0,0,1,0,0,0,0,0,0,0,0,2,0.0,22,18:31,3,0,0,0,
30,2015-10-24,1,23-258,DAL,,FLA,L,0,0,0,-2,0,0,0,0,0,0,0,0,2,0.0,27,16:54,2,1,0,0,
31,2015-11-02,2,23-267,DAL,@,TOR,L,0,0,0,-1,0,0,0,0,0,0,0,0,1,0.0,22,14:29,3,0,0,0,
32,2015-11-28,3,23-293,DAL,@,MIN,W,0,0,0,0,0,0,0,0,0,0,0,0,1,0.0,22,17:14,2,0,0,0,
33,2015-12-03,4,23-298,DAL,@,VAN,W,0,1,1,1,0,0,0,0,0,1,0,0,0,,23,16:06,0,0,0,0,
34,2015-12-04,5,23-299,DAL,@,EDM,L-OT,0,0,0,0,2,0,0,0,0,0,0,0,2,0.0,19,13:34,2,2,0,0,
35,2015-12-08,6,23-303,DAL,,CAR,W,0,0,0,0,0,0,0,0,0,0,0,0,0,,21,17:24,0,6,0,0,
36,2015-12-15,7,23-310,DAL,,CBJ,W,0,0,0,0,2,0,0,0,0,0,0,0,2,0.0,26,18:35,0,0,0,0,
37,2015-12-17,8,23-312,DAL,,CGY,L,0,0,0,-3,0,0,0,0,0,0,0,0,0,,22,13:14,2,0,0,0,
38,2016-01-07,9,23-333,DAL,,WPG,W,0,0,0,0,0,0,0,0,0,0,0,0,0,,18,12:34,0,2,0,0,
39,2016-01-16,10,23-342,DAL,@,SJS,L-OT,0,0,0,0,0,0,0,0,0,0,0,0,0,,24,17:39,0,1,0,0,
40,2016-01-19,11,23-345,DAL,@,LAK,L,0,0,0,0,0,0,0,0,0,0,0,0,0,,22,14:59,1,1,0,0,
41,2016-02-04,12,23-361,DAL,@,COL,W,0,2,2,-1,0,0,0,0,0,1,1,0,5,0.0,23,15:23,1,0,0,0,
42,2016-02-06,13,23-363,DAL,,CHI,L,0,0,0,0,0,0,0,0,0,0,0,0,1,0.0,23,16:05,2,0,0,0,
43,2016-02-09,14,24-001,DAL,@,MIN,W,0,0,0,0,4,0,0,0,0,0,0,0,0,,21,13:34,1,0,0,0,
44,2016-02-11,15,24-003,DAL,@,CHI,W,0,1,1,1,0,0,0,0,0,1,0,0,1,0.0,29,22:24,4,2,0,0,
45,2016-02-13,16,24-005,DAL,,WSH,W,0,2,2,1,0,0,0,0,0,2,0,0,1,0.0,21,14:07,3,0,0,0,
46,2016-02-15,17,24-007,DAL,@,NSH,W,0,0,0,1,0,0,0,0,0,0,0,0,2,0.0,22,16:29,3,0,0,0,
47,2016-02-16,18,24-008,DAL,@,STL,L-OT,0,0,0,0,0,0,0,0,0,0,0,0,0,,22,15:02,2,2,0,0,
48,2016-02-18,19,24-010,DAL,@,ARI,L,0,0,0,1,0,0,0,0,0,0,0,0,1,0.0,23,17:47,2,3,0,0,
49,2016-02-20,20,24-012,DAL,,BOS,L,0,0,0,0,0,0,0,0,0,0,0,0,1,0.0,26,15:05,4,2,0,0,
50,2016-02-23,21,24-015,DAL,@,WPG,W,0,0,0,-1,0,0,0,0,0,0,0,0,0,,22,16:20,1,1,0,0,
51,2016-02-25,22,24-017,DAL,,WPG,L,0,0,0,-1,0,0,0,0,0,0,0,0,1,0.0,23,17:04,3,2,0,0,
52,2016-02-29,23,24-021,DAL,,DET,L-OT,0,0,0,0,0,0,0,0,0,0,0,0,1,0.0,18,12:03,1,1,0,0,
53,2016-03-04,24,24-025,DAL,,NJD,W,0,0,0,0,0,0,0,0,0,0,0,0,1,0.0,20,17:08,3,2,0,0,
54,2016-03-06,25,24-027,DAL,@,OTT,W,0,0,0,0,0,0,0,0,0,0,0,0,2,0.0,20,16:38,1,1,0,0,
55,2016-03-08,26,24-029,DAL,@,MTL,L-OT,0,0,0,1,0,0,0,0,0,0,0,0,0,,22,15:16,2,1,0,0,
56,2016-03-11,27,24-032,DAL,,CHI,W,0,0,0,0,2,0,0,0,0,0,0,0,1,0.0,22,14:32,0,0,0,0,
57,2016-03-12,28,24-033,DAL,,STL,L-OT,0,0,0,0,2,0,0,0,0,0,0,0,0,,20,14:38,1,2,0,0,
58,2016-03-15,29,24-036,DAL,,LAK,L,0,0,0,-1,0,0,0,0,0,0,0,0,1,0.0,23,16:44,1,1,0,0,
59,2016-03-17,30,24-038,DAL,,TBL,W,0,0,0,0,0,0,0,0,0,0,0,0,1,0.0,18,13:02,2,4,0,0,
60,2016-03-19,31,24-040,DAL,,NYI,W,0,1,1,2,0,0,0,0,0,1,0,0,0,,20,16:27,3,1,0,0,
61,2016-03-22,32,24-043,DAL,@,CHI,W,0,0,0,0,0,0,0,0,0,0,0,0,2,0.0,22,14:52,3,3,0,0,
62,2016-03-24,33,24-045,DAL,@,ARI,L,0,0,0,0,0,0,0,0,0,0,0,0,2,0.0,19,14:15,0,2,0,0,
63,2016-03-26,34,24-047,DAL,@,SJS,W,0,0,0,0,0,0,0,0,0,0,0,0,0,,22,16:12,1,2,0,0,
64,2016-03-29,35,24-050,DAL,,NSH,W,0,0,0,0,0,0,0,0,0,0,0,0,0,,22,15:27,1,1,0,0,
65,2016-03-31,36,24-052,DAL,,ARI,W,0,0,0,0,2,0,0,0,0,0,0,0,2,0.0,24,16:39,1,0,0,0,
66,2016-04-02,37,24-054,DAL,@,LAK,W,0,1,1,1,0,0,0,0,0,1,0,0,0,,24,16:01,0,0,0,0,
67,2016-04-03,38,24-055,DAL,@,ANA,L,0,0,0,0,0,0,0,0,0,0,0,0,2,0.0,16,11:48,0,1,0,0,
68,2016-10-13,1,24-248,DAL,,ANA,W,0,0,0,2,0,0,0,0,0,0,0,0,0,,25,19:35,2,3,0,0,
69,2016-10-15,2,24-250,DAL,@,COL,L,0,0,0,-1,2,0,0,0,0,0,0,0,0,,24,16:35,1,0,0,0,
70,2016-10-22,3,24-257,DAL,,CBJ,L,0,0,0,0,0,0,0,0,0,0,0,0,1,0.0,23,19:40,2,2,0,0,
71,2016-10-25,4,24-260,DAL,,WPG,W,0,0,0,1,0,0,0,0,0,0,0,0,0,,24,19:04,2,2,0,0,
72,2016-10-27,5,24-262,DAL,@,WPG,L,0,0,0,-1,0,0,0,0,0,0,0,0,2,0.0,25,18:07,1,0,0,0,
73,2016-10-29,6,24-264,DAL,@,MIN,L,0,0,0,0,0,0,0,0,0,0,0,0,1,0.0,19,16:22,1,0,0,0,
74,2016-11-06,7,24-272,DAL,@,CHI,L-OT,0,0,0,0,0,0,0,0,0,0,0,0,3,0.0,13,7:25,0,0,0,0,
75,2016-11-08,8,24-274,DAL,@,WPG,L,0,0,0,-2,0,0,0,0,0,0,0,0,2,0.0,19,11:49,0,0,0,0,
76,2016-11-13,9,24-279,DAL,@,VAN,L-OT,0,0,0,0,0,0,0,0,0,0,0,0,2,0.0,30,18:29,4,2,0,0,
77,2016-11-15,10,24-281,DAL,,NJD,L-OT,0,0,0,0,0,0,0,0,0,0,0,0,1,0.0,23,18:41,1,2,0,0,
78,2016-11-17,11,24-283,DAL,,COL,W,0,0,0,0,0,0,0,0,0,0,0,0,1,0.0,25,16:21,1,2,0,0,
79,2016-11-19,12,24-285,DAL,,EDM,L,0,0,0,-2,0,0,0,0,0,0,0,0,1,0.0,21,16:38,0,2,0,0,
80,2016-11-21,13,24-287,DAL,,MIN,W,0,0,0,0,2,0,0,0,0,0,0,0,1,0.0,21,15:57,0,2,0,0,
81,2016-11-28,14,24-294,DAL,@,STL,L-OT,0,0,0,-2,0,0,0,0,0,0,0,0,0,,22,16:48,1,1,0,0,
82,2016-12-08,15,24-304,DAL,,NSH,W,0,0,0,1,2,0,0,0,0,0,0,0,0,,23,17:01,1,0,0,0,
83,2016-12-23,16,24-319,DAL,,LAK,W,0,0,0,0,2,0,0,0,0,0,0,0,3,0.0,11,7:05,0,1,0,0,
84,2017-01-17,17,24-344,DAL,@,NYR,W,0,0,0,1,0,0,0,0,0,0,0,0,0,,23,16:57,1,1,0,0,
85,2017-01-19,18,24-346,DAL,@,NYI,L,0,0,0,0,0,0,0,0,0,0,0,0,3,0.0,13,11:23,1,0,0,0,
86,2017-01-21,19,24-348,DAL,,WSH,L-OT,0,1,1,1,0,0,0,0,0,1,0,0,2,0.0,18,16:24,1,1,0,0,
87,2017-01-24,20,24-351,DAL,,MIN,L-SO,0,0,0,-1,0,0,0,0,0,0,0,0,0,,17,10:17,1,1,0,0,
88,2017-02-02,21,24-360,DAL,,WPG,L,0,1,1,0,0,0,0,0,0,1,0,0,3,0.0,20,14:45,1,0,0,0,
89,2017-02-04,22,24-362,DAL,,CHI,L,0,0,0,-1,0,0,0,0,0,0,0,0,0,,17,14:45,2,2,0,0,
90,2017-02-07,23,24-365,DAL,@,TOR,L,0,0,0,-1,0,0,0,0,0,0,0,0,4,0.0,19,12:48,0,1,0,0,
91,2017-02-09,24,25-001,DAL,@,OTT,L,0,0,0,0,0,0,0,0,0,0,0,0,0,,18,12:14,1,0,0,0,
92,2017-02-16,25,25-008,DAL,@,MIN,L,0,0,0,0,0,0,0,0,0,0,0,0,0,,21,15:11,1,0,0,0,
93,2017-02-18,26,25-010,DAL,,TBL,W,0,0,0,-1,0,0,0,0,0,0,0,0,0,,20,16:07,2,3,0,0,
94,2017-02-28,27,25-020,DAL,,PIT,W,0,0,0,0,0,0,0,0,0,0,0,0,0,,20,15:05,1,3,0,0,
95,2017-03-04,28,25-024,DAL,@,FLA,W,0,0,0,0,2,0,0,0,0,0,0,0,0,,20,15:05,0,0,0,0,
96,2017-03-06,29,25-026,DAL,@,WSH,W,0,0,0,1,2,0,0,0,0,0,0,0,0,,19,13:27,1,1,0,0,
97,2017-03-08,30,25-028,DAL,,OTT,L,0,0,0,0,0,0,0,0,0,0,0,0,1,0.0,19,11:45,2,1,0,0,
98,2017-03-14,31,25-034,DAL,@,EDM,L,0,0,0,-1,0,0,0,0,0,0,0,0,0,,24,20:33,2,0,0,0,
99,2017-03-16,32,25-036,DAL,@,VAN,W,0,1,1,0,0,0,0,0,0,1,0,0,1,0.0,23,17:45,1,1,0,0,
100,2017-03-17,33,25-037,DAL,@,CGY,L,0,0,0,1,0,0,0,0,0,0,0,0,2,0.0,26,16:41,1,2,0,0,
101,2017-03-20,34,25-040,DAL,,SJS,W,0,0,0,1,0,0,0,0,0,0,0,0,0,,21,19:29,3,2,0,0,
102,2017-03-23,35,25-043,DAL,@,CHI,L-SO,0,0,0,0,0,0,0,0,0,0,0,0,1,0.0,21,15:03,0,3,0,0,
103,2017-03-24,36,25-044,DAL,,SJS,W,0,0,0,1,0,0,0,0,0,0,0,0,1,0.0,25,18:53,0,1,0,0,
104,2017-03-28,37,25-048,DAL,@,MTL,L,0,0,0,0,0,0,0,0,0,0,0,0,1,0.0,23,17:17,3,3,0,0,
105,2017-04-01,38,25-052,DAL,@,CAR,W,0,0,0,0,0,0,0,0,0,0,0,0,1,0.0,21,18:02,1,0,0,0,
106,2017-04-02,39,25-053,DAL,@,TBL,L,0,0,0,-1,0,0,0,0,0,0,0,0,0,,20,15:14,1,0,0,0,
107,2017-04-08,40,25-059,DAL,,COL,W,0,0,0,0,2,0,0,0,0,0,0,0,8,0.0,23,20:22,1,2,0,0,
108,2017-10-05,1,25-239,COL,@,NYR,W,0,1,1,2,0,0,0,0,0,1,0,0,0,,24,18:33,2,3,0,0,
109,2017-10-07,2,25-241,COL,@,NJD,L,0,0,0,0,0,0,0,0,0,0,0,0,0,,17,15:29,2,1,0,0,
110,2017-10-09,3,25-243,COL,@,BOS,W,0,1,1,3,0,0,0,0,0,1,0,0,1,0.0,28,21:39,2,0,0,0,
111,2017-10-11,4,25-245,COL,,BOS,W,0,1,1,2,0,0,0,0,0,1,0,0,1,0.0,24,19:32,1,3,0,0,
112,2017-10-13,5,25-247,COL,,ANA,W,0,0,0,0,0,0,0,0,0,0,0,0,1,0.0,18,13:40,0,2,0,0,
113,2017-10-14,6,25-248,COL,@,DAL,L,0,0,0,0,5,0,0,0,0,0,0,0,0,,22,14:44,0,2,0,0,
114,2017-10-19,7,25-253,COL,,STL,L,0,0,0,0,2,0,0,0,0,0,0,0,1,0.0,23,18:09,0,0,0,0,
115,2017-10-27,8,25-261,COL,@,VEG,L,0,0,0,-1,4,0,0,0,0,0,0,0,2,0.0,28,20:11,1,1,0,0,
116,2017-10-28,9,25-262,COL,,CHI,W,0,0,0,-1,2,0,0,0,0,0,0,0,0,,26,19:47,2,2,0,0,
117,2017-11-02,10,25-267,COL,,CAR,W,1,1,2,1,2,1,0,0,0,1,0,0,3,33.3,25,19:44,2,4,0,0,
118,2017-11-04,11,25-269,COL,@,PHI,W,0,1,1,0,0,0,0,0,0,0,0,1,0,,26,18:17,2,5,0,0,
119,2017-11-05,12,25-270,COL,@,NYI,L,0,0,0,0,0,0,0,0,0,0,0,0,0,,15,9:57,0,3,0,0,
120,2017-12-07,13,25-302,COL,@,TBL,L,0,0,0,-1,0,0,0,0,0,0,0,0,1,0.0,19,15:31,3,3,0,0,
121,2017-12-09,14,25-304,COL,@,FLA,W,0,1,1,1,2,0,0,0,0,1,0,0,1,0.0,21,18:28,1,4,0,0,
122,2017-12-11,15,25-306,COL,@,PIT,W,0,0,0,0,0,0,0,0,0,0,0,0,0,,21,17:10,2,2,0,0,
123,2017-12-12,16,25-307,COL,@,WSH,L,0,0,0,-2,0,0,0,0,0,0,0,0,0,,20,16:05,0,1,0,0,
124,2017-12-14,17,25-309,COL,,FLA,W,0,0,0,0,0,0,0,0,0,0,0,0,1,0.0,22,14:48,0,1,0,0,
125,2017-12-16,18,25-311,COL,,TBL,L,0,0,0,2,2,0,0,0,0,0,0,0,0,,22,15:52,1,1,0,0,
126,2017-12-18,19,25-313,COL,,PIT,W,0,0,0,0,0,0,0,0,0,0,0,0,2,0.0,29,24:34,1,6,0,0,
127,2017-12-21,20,25-316,COL,@,LAK,L-OT,0,0,0,-1,0,0,0,0,0,0,0,0,2,0.0,26,22:19,0,6,0,0,
128,2017-12-23,21,25-318,COL,@,ARI,W,0,1,1,1,0,0,0,0,0,1,0,0,0,,28,21:15,0,11,0,0,
129,2017-12-27,22,25-322,COL,,ARI,L,0,0,0,0,0,0,0,0,0,0,0,0,3,0.0,23,19:31,0,4,0,0,
130,2017-12-29,23,25-324,COL,,TOR,W,0,0,0,0,0,0,0,0,0,0,0,0,2,0.0,31,21:56,0,0,0,0,
131,2017-12-31,24,25-326,COL,,NYI,W,1,0,1,1,0,1,0,0,0,0,0,0,6,16.7,28,20:30,1,4,0,2,0.0
132,2018-01-02,25,25-328,COL,,WPG,W,0,0,0,1,2,0,0,0,0,0,0,0,2,0.0,25,19:24,1,7,0,0,
133,2018-01-04,26,25-330,COL,,CBJ,W,0,0,0,1,0,0,0,0,0,0,0,0,1,0.0,27,23:07,1,3,0,0,
134,2018-01-06,27,25-332,COL,,MIN,W,1,0,1,2,0,1,0,0,0,0,0,0,1,100.0,32,24:36,1,3,0,0,
135,2018-01-13,28,25-339,COL,@,DAL,W,0,1,1,2,4,0,0,0,0,0,0,1,1,0.0,28,18:08,1,3,0,0,
136,2018-01-15,29,25-341,COL,,ANA,W,0,0,0,1,0,0,0,0,0,0,0,0,0,,24,21:31,1,1,0,0,
137,2018-01-18,30,25-344,COL,,SJS,W,0,0,0,0,2,0,0,0,0,0,0,0,0,,28,21:50,0,7,0,0,
138,2018-01-20,31,25-346,COL,,NYR,W,0,0,0,2,0,0,0,0,0,0,0,0,2,0.0,26,20:51,0,4,0,0,
139,2018-01-22,32,25-348,COL,@,TOR,W,0,0,0,1,2,0,0,0,0,0,0,0,2,0.0,27,19:48,1,2,0,0,
140,2018-01-23,33,25-349,COL,@,MTL,L,0,0,0,0,0,0,0,0,0,0,0,0,0,,22,15:40,0,2,0,0,
141,2018-01-25,34,25-351,COL,@,STL,L,0,0,0,0,2,0,0,0,0,0,0,0,1,0.0,23,19:47,0,2,0,0,
142,2018-01-30,35,25-356,COL,@,VAN,L-OT,0,0,0,-1,0,0,0,0,0,0,0,0,1,0.0,23,19:04,0,0,0,0,
143,2018-02-01,36,25-358,COL,@,EDM,W,0,0,0,-2,0,0,0,0,0,0,0,0,0,,23,20:18,1,3,0,0,
144,2018-02-03,37,25-360,COL,@,WPG,L,0,0,0,0,0,0,0,0,0,0,0,0,1,0.0,21,18:21,3,1,0,0,
145,2018-02-06,38,25-363,COL,,SJS,W,0,1,1,3,0,0,0,0,0,1,0,0,2,0.0,22,17:41,1,2,0,0,
146,2018-02-08,39,26-000,COL,@,STL,L,0,0,0,0,0,0,0,0,0,0,0,0,2,0.0,18,14:37,1,0,0,0,
147,2018-02-10,40,26-002,COL,@,CAR,L,0,0,0,0,0,0,0,0,0,0,0,0,1,0.0,18,16:34,1,1,0,1,0.0
148,2018-02-11,41,26-003,COL,@,BUF,W,0,0,0,2,0,0,0,0,0,0,0,0,0,,21,20:48,1,0,0,0,
149,2018-02-14,42,26-006,COL,,MTL,W,0,0,0,0,0,0,0,0,0,0,0,0,0,,20,23:43,0,6,0,0,
150,2018-02-16,43,26-008,COL,@,WPG,L,0,0,0,0,0,0,0,0,0,0,0,0,2,0.0,25,20:04,1,1,0,0,
151,2018-02-18,44,26-010,COL,,EDM,L,0,0,0,1,0,0,0,0,0,0,0,0,0,,23,20:36,1,1,0,0,
152,2018-02-20,45,26-012,COL,@,VAN,W,0,0,0,-1,0,0,0,0,0,0,0,0,2,0.0,29,24:31,5,2,0,0,
153,2018-02-22,46,26-014,COL,@,EDM,L-OT,0,0,0,0,0,0,0,0,0,0,0,0,1,0.0,33,24:58,3,2,0,0,
154,2018-02-24,47,26-016,COL,@,CGY,L,0,0,0,0,0,0,0,0,0,0,0,0,2,0.0,29,24:52,0,8,0,0,
155,2018-02-26,48,26-018,COL,,VAN,W,0,0,0,1,0,0,0,0,0,0,0,0,2,0.0,26,21:14,0,5,0,0,
156,2018-02-28,49,26-020,COL,,CGY,W,0,0,0,2,2,0,0,0,0,0,0,0,6,0.0,23,21:13,0,2,0,0,
157,2018-03-02,50,26-022,COL,,MIN,W,0,2,2,4,0,0,0,0,0,2,0,0,1,0.0,26,21:51,2,3,0,0,
158,2018-03-04,51,26-024,COL,,NSH,L-OT,0,0,0,0,0,0,0,0,0,0,0,0,1,0.0,31,22:42,0,4,0,0,
159,2018-03-06,52,26-026,COL,@,CHI,L-OT,0,0,0,-1,0,0,0,0,0,0,0,0,0,,29,21:52,1,3,0,0,
160,2018-03-08,53,26-028,COL,@,CBJ,L-OT,0,0,0,0,0,0,0,0,0,0,0,0,3,0.0,26,22:19,2,0,0,0,
161,2018-03-10,54,26-030,COL,,ARI,W,0,0,0,1,0,0,0,0,0,0,0,0,1,0.0,28,22:31,3,1,0,0,
162,2018-03-13,55,26-033,COL,@,MIN,W,0,1,1,1,2,0,0,0,0,1,0,0,0,,29,23:18,0,3,0,0,
163,2018-03-15,56,26-035,COL,@,STL,W,0,0,0,2,0,0,0,0,0,0,0,0,0,,30,25:10,0,4,0,0,
164,2018-03-16,57,26-036,COL,,NSH,L,0,0,0,-1,0,0,0,0,0,0,0,0,1,0.0,25,22:51,0,3,0,0,
165,2018-03-18,58,26-038,COL,,DET,W,0,0,0,-1,2,0,0,0,0,0,0,0,1,0.0,25,19:08,0,4,0,0,
166,2018-03-20,59,26-040,COL,@,CHI,W,0,0,0,1,0,0,0,0,0,0,0,0,0,,24,22:02,2,5,0,0,
167,2018-03-22,60,26-042,COL,,LAK,L,0,0,0,-1,2,0,0,0,0,0,0,0,1,0.0,24,18:45,0,1,0,0,
168,2018-03-24,61,26-044,COL,,VEG,W,0,0,0,-1,0,0,0,0,0,0,0,0,0,,23,18:21,1,0,0,0,
169,2018-03-26,62,26-046,COL,@,VEG,L,0,0,0,0,0,0,0,0,0,0,0,0,0,,23,17:57,2,2,0,0,
170,2018-03-28,63,26-048,COL,,PHI,L,0,0,0,0,2,0,0,0,0,0,0,0,0,,23,16:30,0,2,0,0,
171,2018-03-30,64,26-050,COL,,CHI,W,0,0,0,0,0,0,0,0,0,0,0,0,2,0.0,27,19:14,2,2,0,0,
172,2018-04-01,65,26-052,COL,@,ANA,L-OT,0,0,0,-1,0,0,0,0,0,0,0,0,1,0.0,27,23:48,0,2,0,0,
173,2018-04-02,66,26-053,COL,@,LAK,L,0,0,0,0,0,0,0,0,0,0,0,0,1,0.0,25,19:19,2,0,0,0,
174,2018-04-05,67,26-056,COL,@,SJS,L,0,0,0,0,0,0,0,0,0,0,0,0,1,0.0,23,18:13,1,3,0,0,
175,2018-04-07,68,26-058,COL,,STL,W,0,0,0,2,0,0,0,0,0,0,0,0,0,,27,23:26,1,6,0,0,
176,2018-10-04,1,26-238,COL,,MIN,W,0,1,1,1,0,0,0,0,0,1,0,0,3,0.0,24,19:23,1,2,1,0,100.0
177,2018-10-11,2,26-245,COL,@,BUF,W,0,0,0,0,0,0,0,0,0,0,0,0,0,,24,19:29,2,0,0,0,
178,2018-10-13,3,26-247,COL,,CGY,L-OT,0,0,0,-1,0,0,0,0,0,0,0,0,1,0.0,23,19:49,3,2,0,0,
179,2018-10-16,4,26-250,COL,@,NYR,L-SO,0,0,0,0,2,0,0,0,0,0,0,0,0,,24,17:35,3,2,0,0,
180,2018-10-18,5,26-252,COL,@,NJD,W,0,0,0,-1,0,0,0,0,0,0,0,0,1,0.0,27,20:24,1,2,0,0,
181,2018-10-20,6,26-254,COL,@,CAR,W,0,0,0,2,0,0,0,0,0,0,0,0,0,,26,20:32,1,4,0,0,
182,2018-10-22,7,26-256,COL,@,PHI,W,0,0,0,2,2,0,0,0,0,0,0,0,1,0.0,24,14:16,3,2,0,0,
183,2018-10-24,8,26-258,COL,,TBL,L,0,0,0,0,0,0,0,0,0,0,0,0,0,,16,14:04,1,0,0,0,
184,2018-10-26,9,26-260,COL,,OTT,W,0,0,0,-1,0,0,0,0,0,0,0,0,0,,20,16:51,1,1,0,0,
185,2018-11-02,10,26-267,COL,@,VAN,L-OT,0,0,0,-2,0,0,0,0,0,0,0,0,0,,26,17:22,2,6,0,0,
186,2018-11-07,11,26-272,COL,,NSH,L,0,0,0,0,0,0,0,0,0,0,0,0,0,,27,19:27,4,0,0,0,
187,2018-11-09,12,26-274,COL,@,WPG,L,0,0,0,-1,2,0,0,0,0,0,0,0,0,,19,14:21,1,2,0,0,
188,2018-11-11,13,26-276,COL,@,EDM,W,0,0,0,0,2,0,0,0,0,0,0,0,0,,23,15:25,1,4,0,0,
189,2018-11-16,14,26-281,COL,,WSH,L-OT,0,0,0,0,0,0,0,0,0,0,0,0,1,0.0,20,18:08,1,1,0,0,
190,2018-11-18,15,26-283,COL,@,ANA,W,0,1,1,0,0,0,0,0,0,1,0,0,3,0.0,19,13:30,1,1,0,0,
191,2018-11-21,16,26-286,COL,@,LAK,W,1,0,1,2,0,1,0,0,0,0,0,0,1,100.0,20,17:10,3,2,0,0,
192,2018-11-23,17,26-288,COL,@,ARI,W,0,0,0,1,0,0,0,0,0,0,0,0,2,0.0,20,18:22,2,2,0,0,
193,2018-11-24,18,26-289,COL,,DAL,W,0,0,0,1,0,0,0,0,0,0,0,0,2,0.0,18,14:25,1,1,0,0,
194,2018-11-27,19,26-292,COL,@,NSH,W,0,0,0,-1,2,0,0,0,0,0,0,0,0,,19,17:46,1,5,0,0,
195,2018-11-28,20,26-293,COL,,PIT,W,0,0,0,2,2,0,0,0,0,0,0,0,0,,23,20:00,3,3,0,0,
196,2018-11-30,21,26-295,COL,,STL,L-OT,0,0,0,0,0,0,0,0,0,0,0,0,1,0.0,27,19:54,2,3,0,0,
197,2018-12-02,22,26-297,COL,@,DET,W,0,0,0,0,5,0,0,0,0,0,0,0,1,0.0,18,17:29,2,1,0,0,
198,2018-12-04,23,26-299,COL,@,PIT,L,0,0,0,0,2,0,0,0,0,0,0,0,1,0.0,19,13:02,1,0,0,0,
199,2018-12-06,24,26-301,COL,@,FLA,W,0,1,1,1,0,0,0,0,0,1,0,0,2,0.0,20,18:25,4,4,0,0,
200,2018-12-08,25,26-303,COL,@,TBL,L,0,0,0,0,0,0,0,0,0,0,0,0,1,0.0,19,15:48,1,2,0,0,
201,2018-12-11,26,26-306,COL,,EDM,L,0,0,0,-1,0,0,0,0,0,0,0,0,0,,15,12:10,1,0,0,0,
202,2018-12-14,27,26-309,COL,@,STL,L-OT,0,0,0,1,0,0,0,0,0,0,0,0,1,0.0,22,15:46,2,2,0,0,
203,2018-12-15,28,26-310,COL,,DAL,W,0,0,0,-1,0,0,0,0,0,0,0,0,0,,21,17:59,4,2,0,0,
204,2018-12-17,29,26-312,COL,,NYI,L,0,0,0,0,0,0,0,0,0,0,0,0,0,,17,13:06,0,0,0,0,
205,2018-12-19,30,26-314,COL,,MTL,W,0,0,0,0,0,0,0,0,0,0,0,0,0,,22,18:53,6,3,0,0,
206,2018-12-21,31,26-316,COL,,CHI,L,0,0,0,1,4,0,0,0,0,0,0,0,2,0.0,21,15:43,0,0,0,0,
207,2018-12-22,32,26-317,COL,@,ARI,L,0,0,0,-4,0,0,0,0,0,0,0,0,1,0.0,21,15:42,1,2,0,0,
208,2018-12-27,33,26-322,COL,@,VEG,L,0,0,0,0,0,0,0,0,0,0,0,0,2,0.0,19,18:08,3,5,0,0,
209,2018-12-29,34,26-324,COL,,CHI,L-OT,0,1,1,1,0,0,0,0,0,1,0,0,0,,22,19:57,2,4,0,0,
210,2018-12-31,35,26-326,COL,,LAK,L-OT,0,0,0,0,0,0,0,0,0,0,0,0,1,0.0,16,11:45,1,2,0,0,
211,2019-01-02,36,26-328,COL,,SJS,L,0,0,0,0,2,0,0,0,0,0,0,0,1,0.0,21,12:36,1,0,0,0,
212,2019-01-04,37,26-330,COL,,NYR,W,0,0,0,1,10,0,0,0,0,0,0,0,0,,14,11:19,2,0,0,0,
213,2019-01-08,38,26-334,COL,@,WPG,L,0,0,0,0,0,0,0,0,0,0,0,0,0,,16,13:09,1,1,0,0,
214,2019-01-09,39,26-335,COL,@,CGY,L,0,0,0,0,0,0,0,0,0,0,0,0,1,0.0,14,9:10,1,0,0,0,
215,2019-01-19,40,26-345,COL,,LAK,W,0,0,0,2,0,0,0,0,0,0,0,0,0,,22,21:39,1,4,0,0,
216,2019-01-21,41,26-347,COL,,NSH,L,0,0,0,0,0,0,0,0,0,0,0,0,0,,23,17:12,3,1,0,0,
217,2019-01-23,42,26-349,COL,,MIN,L,0,0,0,-1,2,0,0,0,0,0,0,0,1,0.0,17,16:04,6,1,0,0,
218,2019-02-02,43,26-359,COL,,VAN,L,0,0,0,0,0,0,0,0,0,0,0,0,0,,16,13:30,1,0,0,0,
219,2019-02-05,44,26-362,COL,,CBJ,L,0,0,0,-1,0,0,0,0,0,0,0,0,0,,19,13:41,1,0,0,0,
220,2019-02-07,45,26-364,COL,@,WSH,L-OT,0,0,0,0,0,0,0,0,0,0,0,0,0,,22,21:07,2,4,0,0,
221,2019-02-09,46,27-001,COL,@,NYI,L-OT,0,0,0,1,0,0,0,0,0,0,0,0,0,,25,24:16,4,2,0,0,
222,2019-02-10,47,27-002,COL,@,BOS,L-OT,0,0,0,-1,0,0,0,0,0,0,0,0,1,0.0,25,19:56,2,1,0,0,
223,2019-02-12,48,27-004,COL,,TOR,L,0,0,0,0,0,0,0,0,0,0,0,0,2,0.0,17,17:59,0,0,0,0,
224,2019-02-14,49,27-006,COL,@,WPG,W,0,0,0,0,0,0,0,0,0,0,0,0,0,,26,20:03,2,1,0,0,
225,2019-02-16,50,27-008,COL,,STL,L,0,0,0,0,2,0,0,0,0,0,0,0,0,,16,12:41,4,0,0,0,
226,2019-02-18,51,27-010,COL,,VEG,W,0,0,0,0,0,0,0,0,0,0,0,0,0,,21,19:59,1,3,0,0,
227,2019-02-20,52,27-012,COL,,WPG,W,0,0,0,2,4,0,0,0,0,0,0,0,0,,18,17:33,2,2,0,0,
228,2019-02-22,53,27-014,COL,@,CHI,W,0,2,2,2,0,0,0,0,0,1,0,1,1,0.0,22,18:17,1,3,0,0,
229,2019-02-23,54,27-015,COL,@,NSH,W,0,0,0,2,0,0,0,0,0,0,0,0,0,,19,17:49,0,3,0,0,
230,2019-02-25,55,27-017,COL,,FLA,L-OT,0,1,1,1,0,0,0,0,0,1,0,0,2,0.0,26,19:53,3,4,0,0,
231,2019-02-27,56,27-019,COL,,VAN,W,0,0,0,-1,0,0,0,0,0,0,0,0,2,0.0,27,21:39,0,4,0,0,
232,2019-03-01,57,27-021,COL,@,SJS,L,0,0,0,0,2,0,0,0,0,0,0,0,0,,19,12:45,0,1,0,0,
233,2019-03-03,58,27-023,COL,@,ANA,L,0,0,0,-1,2,0,0,0,0,0,0,0,2,0.0,18,15:36,1,2,0,0,
234,2019-03-05,59,27-025,COL,,DET,W,0,0,0,-1,2,0,0,0,0,0,0,0,1,0.0,25,16:27,5,3,0,0,
235,2019-03-07,60,27-027,COL,@,DAL,L,0,0,0,-1,0,0,0,0,0,0,0,0,2,0.0,18,12:42,2,1,0,0,
236,2019-03-09,61,27-029,COL,,BUF,W,0,0,0,1,0,0,0,0,0,0,0,0,0,,19,16:44,3,3,0,0,
237,2019-03-11,62,27-031,COL,,CAR,L,0,0,0,-1,0,0,0,0,0,0,0,0,2,0.0,20,14:38,3,1,0,0,
238,2019-03-15,63,27-035,COL,,ANA,L,0,0,0,1,2,0,0,0,0,0,0,0,1,0.0,20,14:37,4,0,0,0,
239,2019-03-17,64,27-037,COL,,NJD,W,0,0,0,2,0,0,0,0,0,0,0,0,1,0.0,20,16:09,2,1,0,0,
240,2019-03-19,65,27-039,COL,@,MIN,W,0,0,0,1,0,0,0,0,0,0,0,0,1,0.0,21,15:20,3,1,0,0,
241,2019-03-21,66,27-041,COL,@,DAL,W,0,0,0,0,0,0,0,0,0,0,0,0,1,0.0,20,14:09,0,1,0,0,
242,2019-03-23,67,27-043,COL,,CHI,W,0,1,1,0,0,0,0,0,0,1,0,0,1,0.0,21,12:57,0,0,0,0,
243,2019-03-24,68,27-044,COL,@,CHI,L-OT,0,0,0,0,2,0,0,0,0,0,0,0,0,,20,15:56,1,2,0,0,
244,2019-03-27,69,27-047,COL,,VEG,W,0,0,0,-1,0,0,0,0,0,0,0,0,1,0.0,21,14:59,4,2,0,0,
245,2019-03-29,70,27-049,COL,,ARI,W,0,0,0,-1,0,0,0,0,0,0,0,0,0,,20,14:53,0,1,0,0,
246,2019-04-01,71,27-052,COL,@,STL,L-SO,0,1,1,1,0,0,0,0,0,1,0,0,2,0.0,19,15:23,1,2,0,0,
247,2019-04-02,72,27-053,COL,,EDM,W,0,0,0,0,0,0,0,0,0,0,0,0,0,,19,15:52,1,3,0,0,
248,2019-04-04,73,27-055,COL,,WPG,W,0,0,0,-1,0,0,0,0,0,0,0,0,1,0.0,19,15:09,3,1,0,0,
249,2019-04-06,74,27-057,COL,@,SJS,L,0,0,0,-3,0,0,0,0,0,0,0,0,2,0.0,22,14:08,0,0,0,0,
250,2019-10-05,1,27-239,DET,@,NSH,W,0,0,0,0,0,0,0,0,0,0,0,0,3,0.0,27,21:40,1,2,0,0,
251,2019-10-06,2,27-240,DET,,DAL,W,0,0,0,0,2,0,0,0,0,0,0,0,2,0.0,27,21:02,0,0,0,0,
252,2019-10-08,3,27-242,DET,,ANA,L,0,0,0,-2,0,0,0,0,0,0,0,0,1,0.0,22,20:26,2,1,0,0,
253,2019-10-10,4,27-244,DET,@,MTL,W,0,0,0,0,2,0,0,0,0,0,0,0,3,0.0,30,21:37,0,1,0,0,
254,2019-10-12,5,27-246,DET,,TOR,L,0,1,1,1,0,0,0,0,0,1,0,0,3,0.0,24,23:58,3,2,0,0,
255,2019-10-15,6,27-249,DET,@,VAN,L,0,0,0,-2,0,0,0,0,0,0,0,0,2,0.0,26,21:51,0,1,0,0,
256,2019-10-17,7,27-251,DET,@,CGY,L,0,0,0,0,0,0,0,0,0,0,0,0,0,,25,21:49,0,1,0,0,
257,2019-10-18,8,27-252,DET,@,EDM,L,0,0,0,0,0,0,0,0,0,0,0,0,3,0.0,27,20:24,0,1,0,0,
258,2019-10-22,9,27-256,DET,,VAN,L,0,0,0,0,0,0,0,0,0,0,0,0,0,,23,18:02,0,5,0,0,
259,2019-10-23,10,27-257,DET,@,OTT,L,0,1,1,0,0,0,0,0,0,1,0,0,3,0.0,23,20:05,0,0,0,0,
260,2019-10-25,11,27-259,DET,,BUF,L,0,0,0,-1,0,0,0,0,0,0,0,0,3,0.0,22,19:44,2,0,0,0,
261,2019-10-27,12,27-261,DET,,STL,L-OT,0,0,0,2,2,0,0,0,0,0,0,0,3,0.0,26,24:31,4,2,0,0,
262,2019-10-29,13,27-263,DET,,EDM,W,1,0,1,1,0,1,0,0,1,0,0,0,2,50.0,23,23:48,1,2,0,0,
263,2019-11-01,14,27-266,DET,@,CAR,L,0,1,1,1,2,0,0,0,0,1,0,0,1,0.0,23,18:03,1,1,0,0,
264,2019-11-02,15,27-267,DET,@,FLA,L,0,0,0,-1,0,0,0,0,0,0,0,0,0,,31,22:06,0,3,0,0,
265,2019-11-04,16,27-269,DET,,NSH,L,0,0,0,0,0,0,0,0,0,0,0,0,1,0.0,27,20:54,0,1,0,0,
266,2019-11-06,17,27-271,DET,@,NYR,L,0,0,0,0,0,0,0,0,0,0,0,0,0,,20,18:20,1,1,0,0,
267,2019-11-08,18,27-273,DET,,BOS,W,0,0,0,2,0,0,0,0,0,0,0,0,2,0.0,29,26:17,1,1,0,0,
268,2019-11-10,19,27-275,DET,,VEG,W,0,0,0,1,0,0,0,0,0,0,0,0,0,,26,24:11,2,0,0,0,
269,2019-11-23,20,27-288,DET,@,NJD,L,0,0,0,0,0,0,0,0,0,0,0,0,0,,22,23:16,2,2,0,0,
270,2019-11-24,21,27-289,DET,,CAR,L,0,0,0,-1,0,0,0,0,0,0,0,0,0,,25,21:41,0,0,0,0,
271,2019-11-27,22,27-292,DET,,TOR,L,0,0,0,-2,0,0,0,0,0,0,0,0,3,0.0,23,20:47,1,0,0,0,
272,2019-11-30,23,27-295,DET,,WSH,L,0,0,0,-2,0,0,0,0,0,0,0,0,4,0.0,23,21:44,1,0,0,0,
273,2019-12-02,24,27-297,DET,,NYI,L,0,0,0,-1,2,0,0,0,0,0,0,0,2,0.0,24,21:53,1,0,0,0,
274,2019-12-07,25,27-302,DET,,PIT,L,0,0,0,-1,2,0,0,0,0,0,0,0,2,0.0,25,23:48,1,0,0,0,
275,2019-12-10,26,27-305,DET,@,WPG,L,0,0,0,-1,0,0,0,0,0,0,0,0,1,0.0,23,20:31,1,2,0,0,
276,2019-12-12,27,27-307,DET,,WPG,W,0,1,1,1,0,0,0,0,0,1,0,0,1,0.0,36,25:15,1,4,0,0,
277,2019-12-14,28,27-309,DET,@,MTL,W,0,0,0,0,0,0,0,0,0,0,0,0,1,0.0,29,24:15,2,3,0,0,
278,2019-12-15,29,27-310,DET,,LAK,L,0,0,0,-1,0,0,0,0,0,0,0,0,0,,25,20:06,0,0,0,0,
279,2019-12-17,30,27-312,DET,,CBJ,L,0,0,0,-1,2,0,0,0,0,0,0,0,0,,27,18:13,2,1,0,0,
280,2019-12-21,31,27-316,DET,@,TOR,L,0,0,0,-1,0,0,0,0,0,0,0,0,2,0.0,30,24:11,1,2,0,0,
281,2019-12-22,32,27-317,DET,,ARI,L,0,0,0,-1,0,0,0,0,0,0,0,0,4,0.0,32,24:36,4,1,0,0,
282,2019-12-28,33,27-323,DET,@,FLA,L,0,1,1,-1,0,0,0,0,0,0,0,1,0,,29,23:33,1,4,0,0,
283,2019-12-29,34,27-324,DET,@,TBL,L,0,0,0,1,0,0,0,0,0,0,0,0,0,,31,24:16,1,1,0,0,
284,2019-12-31,35,27-326,DET,,SJS,W,0,0,0,1,0,0,0,0,0,0,0,0,0,,30,24:37,1,2,0,0,
285,2020-01-03,36,27-329,DET,@,DAL,L,0,0,0,0,0,0,0,0,0,0,0,0,1,0.0,24,19:03,1,0,0,0,
286,2020-01-05,37,27-331,DET,@,CHI,L,0,1,1,1,0,0,0,0,0,1,0,0,3,0.0,26,24:33,5,2,0,0,
287,2020-01-07,38,27-333,DET,,MTL,W,0,0,0,0,4,0,0,0,0,0,0,0,1,0.0,27,23:13,3,0,0,0,
288,2020-01-10,39,27-336,DET,,OTT,W,0,0,0,-1,0,0,0,0,0,0,0,0,2,0.0,31,24:07,1,1,0,0,
289,2020-01-12,40,27-338,DET,,BUF,L,0,0,0,0,0,0,0,0,0,0,0,0,1,0.0,25,22:39,3,2,0,0,
290,2020-01-14,41,27-340,DET,@,NYI,L,0,1,1,-3,0,0,0,0,0,1,0,0,0,,23,18:16,1,0,0,0,
291,2020-01-17,42,27-343,DET,,PIT,L-OT,0,0,0,0,0,0,0,0,0,0,0,0,3,0.0,26,22:35,2,5,0,0,
292,2020-01-18,43,27-344,DET,,FLA,L,0,0,0,0,4,0,0,0,0,0,0,0,0,,26,18:37,1,3,0,0,
293,2020-01-20,44,27-346,DET,@,COL,L,0,0,0,3,4,0,0,0,0,0,0,0,0,,29,21:35,1,1,0,0,
294,2020-01-22,45,27-348,DET,@,MIN,L,0,0,0,-2,0,0,0,0,0,0,0,0,0,,28,22:49,0,1,0,0,
295,2020-01-31,46,27-357,DET,@,NYR,L,0,0,0,-2,0,0,0,0,0,0,0,0,1,0.0,25,23:21,0,4,0,0,
296,2020-02-01,47,27-358,DET,,NYR,L,0,0,0,0,0,0,0,0,0,0,0,0,3,0.0,24,20:54,4,0,0,0,
297,2020-02-03,48,27-360,DET,,PHI,L,0,0,0,0,0,0,0,0,0,0,0,0,0,,27,20:11,1,0,0,0,
298,2020-02-06,49,27-363,DET,@,BUF,W,0,0,0,1,0,0,0,0,0,0,0,0,0,,26,24:12,0,2,0,0,
299,2020-02-07,50,27-364,DET,@,CBJ,L,0,0,0,0,0,0,0,0,0,0,0,0,0,,30,24:39,1,1,0,0,
300,2020-02-09,51,28-001,DET,,BOS,W,0,0,0,0,2,0,0,0,0,0,0,0,2,0.0,24,22:25,0,2,0,0,
301,2020-02-11,52,28-003,DET,@,BUF,L,0,0,0,1,0,0,0,0,0,0,0,0,1,0.0,26,21:57,1,2,0,0,
302,2020-02-13,53,28-005,DET,@,NJD,L,0,0,0,-1,0,0,0,0,0,0,0,0,0,,26,21:35,1,1,0,0,
303,2020-02-15,54,28-007,DET,@,BOS,L,0,0,0,-1,0,0,0,0,0,0,0,0,2,0.0,28,22:30,3,2,0,0,
304,2020-02-16,55,28-008,DET,@,PIT,L,0,0,0,0,0,0,0,0,0,0,0,0,0,,29,22:41,2,1,0,0,
305,2020-02-18,56,28-010,DET,,MTL,W,0,0,0,2,0,0,0,0,0,0,0,0,2,0.0,25,19:31,0,0,0,0,
306,2020-02-21,57,28-013,DET,@,NYI,L,0,0,0,-2,0,0,0,0,0,0,0,0,0,,24,22:50,2,2,0,0,
307,2020-02-23,58,28-015,DET,,CGY,L,0,1,1,0,0,0,0,0,0,1,0,0,3,0.0,26,22:41,0,0,0,0,
308,2020-02-25,59,28-017,DET,,NJD,L,0,0,0,0,0,0,0,0,0,0,0,0,2,0.0,22,19:58,1,4,0,0,
309,2020-02-27,60,28-019,DET,,MIN,L,0,0,0,0,0,0,0,0,0,0,0,0,4,0.0,28,21:04,1,1,0,0,
310,2020-02-29,61,28-021,DET,@,OTT,L-SO,0,0,0,1,0,0,0,0,0,0,0,0,1,0.0,28,22:04,3,3,0,0,
311,2020-03-02,62,28-023,DET,,COL,L,0,0,0,1,0,0,0,0,0,0,0,0,2,0.0,24,23:09,1,1,0,0,
312,2020-03-06,63,28-027,DET,,CHI,W,0,0,0,-1,0,0,0,0,0,0,0,0,1,0.0,21,23:51,2,2,0,0,
313,2020-03-08,64,28-029,DET,,TBL,W,0,0,0,1,0,0,0,0,0,0,0,0,2,0.0,23,21:56,1,2,0,0,
