,date_game,game_season,age,team_id,game_location,opp_id,game_result,goals,assists,points,plus_minus,pen_min,goals_ev,goals_pp,goals_sh,goals_gw,assists_ev,assists_pp,assists_sh,shots,shot_pct,shifts,time_on_ice,hits_all,blocks_all,faceoff_wins_all,faceoff_losses_all,faceoff_percentage_all
0,2012-02-11,1,22-233,LAK,@,NYI,L-OT,0,0,0,0,2,0,0,0,0,,,,0,,19,14:18,2,0,0,0,
1,2012-02-12,2,22-234,LAK,@,DAL,W,1,0,1,1,2,1,0,0,1,,,,1,100.0,18,13:21,5,0,0,0,
2,2012-02-16,3,22-238,LAK,,PHX,L,0,0,0,0,2,0,0,0,0,,,,1,0.0,16,12:08,1,0,0,0,
3,2012-02-18,4,22-240,LAK,,CGY,L,0,0,0,-1,0,0,0,0,0,,,,1,0.0,19,14:58,5,0,0,0,
4,2012-02-21,5,22-243,LAK,@,PHX,L-SO,0,0,0,0,0,0,0,0,0,,,,1,0.0,14,10:51,2,1,0,0,
5,2012-02-22,6,22-244,LAK,@,COL,L,0,0,0,0,10,0,0,0,0,,,,0,,14,10:54,3,0,0,0,
6,2012-02-25,7,22-247,LAK,,CHI,W,0,0,0,0,0,0,0,0,0,,,,1,0.0,14,9:36,2,0,0,0,
7,2012-02-27,8,22-249,LAK,@,NSH,L,0,0,0,-1,0,0,0,0,0,,,,2,0.0,9,6:56,2,0,0,0,
8,2012-02-28,9,22-250,LAK,@,MIN,W,1,0,1,1,5,1,0,0,0,,,,1,100.0,12,6:21,2,0,0,0,
9,2012-03-03,10,22-254,LAK,,ANA,W,0,0,0,0,0,0,0,0,0,,,,0,,11,8:37,2,0,1,0,100.0
10,2012-03-06,11,22-257,LAK,@,NSH,W,0,1,1,1,0,0,0,0,0,,,,0,,12,8:56,0,0,0,0,
11,2012-03-08,12,22-259,LAK,@,CBJ,L,0,0,0,-1,0,0,0,0,0,,,,0,,10,5:49,3,0,0,0,
12,2012-03-11,13,22-262,LAK,@,CHI,W,0,0,0,0,0,0,0,0,0,,,,0,,10,6:20,4,1,0,0,
13,2012-03-13,14,22-264,LAK,,DET,W,0,0,0,0,0,0,0,0,0,,,,1,0.0,13,8:24,1,0,0,0,
14,2012-03-16,15,22-267,LAK,@,ANA,W,0,0,0,1,0,0,0,0,0,,,,0,,12,7:25,3,0,0,0,
15,2012-03-17,16,22-268,LAK,,NSH,W,0,1,1,1,0,0,0,0,0,,,,1,0.0,14,10:27,1,0,0,0,
16,2012-03-20,17,22-271,LAK,,SJS,W,0,0,0,0,0,0,0,0,0,,,,1,0.0,15,10:00,4,1,0,0,
17,2012-03-22,18,22-273,LAK,,STL,W,0,0,0,0,0,0,0,0,0,,,,0,,14,10:25,1,0,0,0,
18,2012-03-24,19,22-275,LAK,,BOS,L,0,0,0,1,0,0,0,0,0,,,,2,0.0,15,9:43,2,1,0,0,
19,2012-03-26,20,22-277,LAK,@,VAN,L,0,0,0,-1,0,0,0,0,0,,,,1,0.0,9,6:08,0,0,0,0,
20,2012-03-28,21,22-279,LAK,@,CGY,W,0,0,0,0,0,0,0,0,0,,,,2,0.0,14,9:20,2,0,0,0,
21,2012-03-30,22,22-281,LAK,@,EDM,W,0,0,0,0,0,0,0,0,0,,,,0,,14,10:23,3,0,0,0,
22,2012-03-31,23,22-282,LAK,@,MIN,L-SO,0,0,0,0,0,0,0,0,0,,,,0,,13,8:26,2,0,0,0,
23,2012-04-02,24,22-284,LAK,,EDM,W,0,0,0,0,5,0,0,0,0,,,,2,0.0,10,5:55,0,0,0,0,
24,2012-04-05,25,22-287,LAK,,SJS,L-SO,0,0,0,0,0,0,0,0,0,,,,0,,12,9:19,3,0,0,0,
25,2012-04-07,26,22-289,LAK,@,SJS,L-OT,0,0,0,0,2,0,0,0,0,,,,1,0.0,14,8:03,4,0,0,0,
26,2013-01-19,1,23-210,LAK,,CHI,L,1,0,1,2,0,1,0,0,0,,,,1,100.0,13,8:35,4,0,0,0,
27,2013-01-22,2,23-213,LAK,@,COL,L,0,1,1,1,0,0,0,0,0,,,,1,0.0,14,8:04,0,0,0,0,
28,2013-01-24,3,23-215,LAK,@,EDM,L-OT,0,0,0,0,5,0,0,0,0,,,,0,,11,5:30,3,0,0,0,
29,2013-01-26,4,23-217,LAK,@,PHX,W,0,0,0,1,0,0,0,0,0,,,,1,0.0,12,8:15,5,0,0,0,
30,2013-01-28,5,23-219,LAK,,VAN,W,0,0,0,0,2,0,0,0,0,,,,0,,16,11:20,5,0,0,0,
31,2013-01-31,6,23-222,LAK,,NSH,L-SO,0,0,0,0,0,0,0,0,0,,,,2,0.0,13,9:27,2,0,0,1,0.0
32,2013-02-02,7,23-224,LAK,@,ANA,L,0,0,0,-3,7,0,0,0,0,,,,0,,13,8:18,3,0,0,0,
33,2013-02-05,8,23-227,LAK,@,CBJ,W,0,0,0,-1,0,0,0,0,0,,,,0,,8,4:43,0,0,0,0,
34,2013-02-07,9,23-229,LAK,@,NSH,L,0,0,0,0,0,0,0,0,0,,,,0,,14,8:31,4,0,0,0,
35,2013-02-10,10,23-232,LAK,@,DET,L,0,0,0,0,0,0,0,0,0,,,,1,0.0,18,11:17,2,0,0,0,
36,2013-02-11,11,23-233,LAK,@,STL,W,0,0,0,0,5,0,0,0,0,,,,0,,14,9:23,2,0,0,1,0.0
37,2013-02-15,12,23-237,LAK,,CBJ,W,0,0,0,0,0,0,0,0,0,,,,0,,12,8:57,3,0,0,0,
38,2013-02-17,13,23-239,LAK,@,CHI,L,0,0,0,-1,0,0,0,0,0,,,,0,,10,6:40,0,0,0,0,
39,2013-02-19,14,23-241,LAK,@,EDM,W,0,1,1,1,0,0,0,0,0,,,,1,0.0,10,7:24,2,0,0,0,
40,2013-02-20,15,23-242,LAK,@,CGY,W,0,0,0,0,0,0,0,0,0,,,,0,,13,6:23,0,,,,
41,2013-02-23,16,23-245,LAK,,COL,W,0,0,0,0,0,0,0,0,0,,,,1,0.0,13,9:27,2,0,0,0,
42,2013-02-25,17,23-247,LAK,,ANA,W,0,0,0,0,5,0,0,0,0,,,,0,,11,6:19,1,0,0,0,
43,2013-02-27,18,23-249,LAK,,DET,W,0,0,0,0,0,0,0,0,0,,,,1,0.0,11,8:03,2,0,0,0,
44,2013-03-02,19,23-252,LAK,@,VAN,L,1,0,1,0,5,1,0,0,0,,,,1,100.0,11,8:00,1,0,0,0,
45,2013-03-04,20,23-254,LAK,,NSH,W,0,0,0,0,2,0,0,0,0,,,,1,0.0,16,11:43,1,0,0,0,
46,2013-03-05,21,23-255,LAK,,STL,W,0,0,0,-2,0,0,0,0,0,,,,1,0.0,8,5:54,0,0,0,0,
47,2013-03-07,22,23-257,LAK,,DAL,L,0,0,0,0,0,0,0,0,0,,,,1,0.0,12,9:19,2,0,0,0,
48,2013-03-09,23,23-259,LAK,,CGY,W,0,1,1,1,2,0,0,0,0,,,,1,0.0,16,10:38,2,0,0,0,
49,2013-03-11,24,23-261,LAK,,CGY,W,0,0,0,0,0,0,0,0,0,,,,0,,12,8:00,1,1,0,0,
50,2013-03-12,25,23-262,LAK,@,PHX,L,0,0,0,-1,0,0,0,0,0,,,,0,,7,3:45,0,0,0,0,
51,2013-03-14,26,23-264,LAK,@,SJS,L,0,0,0,0,0,0,0,0,0,,,,0,,11,7:25,3,0,0,1,0.0
52,2013-03-21,27,23-271,LAK,,DAL,L,0,0,0,0,0,0,0,0,0,,,,1,0.0,13,8:16,2,0,0,0,
53,2013-03-23,28,23-273,LAK,,VAN,L,0,0,0,0,0,0,0,0,0,,,,0,,14,9:21,2,0,0,0,
54,2013-03-25,29,23-275,LAK,@,CHI,W,0,0,0,1,5,0,0,0,0,,,,2,0.0,15,7:37,1,0,0,0,
55,2013-03-28,30,23-278,LAK,@,STL,W,0,0,0,-1,0,0,0,0,0,,,,0,,12,9:01,1,0,0,0,
56,2013-03-30,31,23-280,LAK,@,MIN,L-SO,0,0,0,-1,2,0,0,0,0,,,,0,,12,7:13,1,0,0,0,
57,2013-04-02,32,23-283,LAK,@,PHX,L,0,0,0,-1,0,0,0,0,0,,,,0,,14,9:31,4,0,0,2,0.0
58,2013-04-04,33,23-285,LAK,,MIN,W,0,0,0,0,2,0,0,0,0,,,,0,,15,11:56,0,1,0,0,
59,2013-04-06,34,23-287,LAK,,EDM,W,0,0,0,0,0,0,0,0,0,,,,0,,12,7:36,0,0,0,0,
60,2013-04-07,35,23-288,LAK,@,ANA,L-SO,0,0,0,-1,0,0,0,0,0,,,,3,0.0,11,8:14,1,0,0,0,
61,2013-04-09,36,23-290,LAK,@,DAL,L,0,0,0,-1,2,0,0,0,0,,,,1,0.0,17,10:14,2,1,0,1,0.0
62,2013-04-11,37,23-292,LAK,,COL,W,0,0,0,-1,0,0,0,0,0,,,,0,,13,9:44,0,2,0,0,
63,2013-04-13,38,23-294,LAK,,ANA,W,0,0,0,0,0,0,0,0,0,,,,0,,12,8:11,3,0,0,0,
64,2013-04-16,39,23-297,LAK,@,SJS,L-SO,0,0,0,0,0,0,0,0,0,,,,0,,11,7:42,0,0,0,1,0.0
65,2013-04-18,40,23-299,LAK,,CBJ,W,0,1,1,1,0,0,0,0,0,,,,0,,13,9:59,0,0,0,0,
66,2013-04-21,41,23-302,LAK,,DAL,W,0,0,0,0,0,0,0,0,0,,,,0,,11,7:30,1,0,0,0,
67,2013-04-23,42,23-304,LAK,@,MIN,L,0,0,0,0,2,0,0,0,0,,,,2,0.0,16,9:42,3,0,0,1,0.0
68,2013-04-24,43,23-305,LAK,@,DET,L,0,0,0,0,0,0,0,0,0,,,,0,,13,9:32,1,0,0,0,
69,2013-04-27,44,23-308,LAK,,SJS,W,0,0,0,1,0,0,0,0,0,,,,0,,17,10:10,0,0,0,0,
70,2013-10-03,1,24-102,LAK,@,MIN,W,0,0,0,0,0,0,0,0,0,,,,1,0.0,12,8:04,1,0,0,0,
71,2013-10-04,2,24-103,LAK,@,WPG,L,0,0,0,0,0,0,0,0,0,,,,2,0.0,14,8:21,1,0,0,0,
72,2013-10-07,3,24-106,LAK,,NYR,L,0,0,0,-1,0,0,0,0,0,,,,1,0.0,13,7:50,3,0,0,0,
73,2013-10-09,4,24-108,LAK,,OTT,W,0,0,0,0,0,0,0,0,0,,,,0,,16,10:17,2,0,0,0,
74,2013-10-11,5,24-110,LAK,@,CAR,W,0,0,0,0,0,0,0,0,0,,,,1,0.0,12,9:54,4,0,0,0,
75,2013-10-13,6,24-112,LAK,@,FLA,W,1,1,2,1,0,1,0,0,0,,,,1,100.0,14,10:17,1,0,0,0,
76,2013-10-15,7,24-114,LAK,@,TBL,L,0,0,0,-2,0,0,0,0,0,,,,1,0.0,14,10:08,3,0,0,0,
77,2013-10-17,8,24-116,LAK,@,NSH,W,0,0,0,0,0,0,0,0,0,,,,1,0.0,11,7:11,0,1,0,0,
78,2013-10-19,9,24-118,LAK,,DAL,W,0,0,0,1,0,0,0,0,0,,,,1,0.0,13,7:13,0,0,0,0,
79,2013-10-24,10,24-123,LAK,,PHX,W,1,0,1,0,0,1,0,0,0,,,,2,50.0,7,5:01,0,0,0,0,
80,2013-10-27,11,24-126,LAK,,EDM,W,0,0,0,0,5,0,0,0,0,,,,0,,6,3:37,1,0,0,0,
81,2013-10-29,12,24-128,LAK,@,PHX,L,0,0,0,0,0,0,0,0,0,,,,2,0.0,14,10:39,2,0,0,0,
82,2013-11-07,13,24-137,LAK,,BUF,W,0,0,0,0,0,0,0,0,0,,,,0,,11,9:58,2,0,0,0,
83,2013-11-09,14,24-139,LAK,,VAN,W,1,0,1,1,5,1,0,0,0,,,,3,33.3,13,11:34,2,0,0,0,
84,2013-11-12,15,24-142,LAK,@,BUF,L-SO,0,0,0,0,0,0,0,0,0,,,,2,0.0,14,11:31,1,0,0,0,
85,2013-11-14,16,24-144,LAK,@,NYI,W,0,0,0,-1,5,0,0,0,0,,,,0,,14,9:16,1,0,0,0,
86,2013-11-15,17,24-145,LAK,@,NJD,W,0,0,0,0,0,0,0,0,0,,,,0,,14,8:55,3,0,0,0,
87,2013-11-25,18,24-155,LAK,@,VAN,W,0,0,0,0,5,0,0,0,0,,,,1,0.0,13,8:15,3,0,0,0,
88,2013-11-27,19,24-157,LAK,@,SJS,L-SO,0,0,0,0,0,0,0,0,0,,,,0,,16,11:43,1,1,0,0,
89,2013-11-30,20,24-160,LAK,,CGY,L,0,0,0,0,0,0,0,0,0,,,,1,0.0,10,7:40,2,0,1,0,100.0
90,2013-12-02,21,24-162,LAK,,STL,W,0,0,0,1,0,0,0,0,0,,,,1,0.0,14,11:21,6,0,0,0,
91,2013-12-03,22,24-163,LAK,@,ANA,W,0,0,0,0,0,0,0,0,0,,,,2,0.0,12,7:00,1,0,0,0,
92,2013-12-07,23,24-167,LAK,,NYI,W,0,0,0,0,0,0,0,0,0,,,,1,0.0,11,8:00,0,0,0,0,
93,2013-12-10,24,24-170,LAK,@,MTL,W,1,0,1,1,2,1,0,0,1,,,,2,50.0,14,10:34,2,0,0,0,
94,2013-12-11,25,24-171,LAK,@,TOR,W,0,1,1,1,5,0,0,0,0,,,,0,,13,7:37,3,0,0,0,
95,2013-12-14,26,24-174,LAK,@,OTT,W,0,0,0,-1,0,0,0,0,0,,,,0,,13,6:58,2,2,0,0,
96,2013-12-15,27,24-175,LAK,@,CHI,L,0,1,1,1,0,0,0,0,0,,,,0,,17,12:09,0,0,0,0,
97,2013-12-17,28,24-177,LAK,,EDM,W,1,0,1,1,0,1,0,0,0,,,,2,50.0,14,10:55,3,0,0,0,
98,2013-12-19,29,24-179,LAK,,SJS,W,0,0,0,0,0,0,0,0,0,,,,2,0.0,14,9:15,1,0,0,0,
99,2013-12-21,30,24-181,LAK,,COL,W,0,0,0,0,0,0,0,0,0,,,,1,0.0,14,9:01,1,0,0,0,
100,2013-12-23,31,24-183,LAK,,DAL,L,0,0,0,-1,0,0,0,0,0,,,,1,0.0,14,10:14,2,0,0,0,
101,2013-12-28,32,24-188,LAK,@,NSH,L,0,0,0,0,2,0,0,0,0,,,,0,,9,7:13,1,0,0,0,
102,2013-12-30,33,24-190,LAK,@,CHI,L,0,0,0,0,0,0,0,0,0,,,,2,0.0,12,7:43,0,1,0,0,
103,2013-12-31,34,24-191,LAK,@,DAL,L,0,0,0,0,2,0,0,0,0,,,,1,0.0,15,11:29,0,0,0,0,
104,2014-01-02,35,24-193,LAK,@,STL,L,0,0,0,-1,0,0,0,0,0,,,,0,,12,10:14,1,0,0,0,
105,2014-01-04,36,24-195,LAK,,VAN,W,0,0,0,0,0,0,0,0,0,,,,0,,7,4:45,0,0,0,0,
106,2014-01-07,37,24-198,LAK,,MIN,L-SO,0,0,0,0,0,0,0,0,0,,,,3,0.0,11,8:41,0,0,0,0,
107,2014-01-13,38,24-204,LAK,,VAN,W,0,0,0,0,0,0,0,0,0,,,,0,,12,8:35,2,1,0,0,
108,2014-01-16,39,24-207,LAK,@,STL,W,0,1,1,1,0,0,0,0,0,,,,0,,10,7:50,3,0,0,0,
109,2014-01-18,40,24-209,LAK,@,DET,L-SO,0,0,0,0,0,0,0,0,0,,,,0,,12,8:04,1,0,0,0,
110,2014-01-20,41,24-211,LAK,@,BOS,L,0,0,0,0,5,0,0,0,0,,,,0,,12,10:33,1,0,0,0,
111,2014-01-21,42,24-212,LAK,@,CBJ,L,0,0,0,-1,0,0,0,0,0,,,,1,0.0,12,10:06,1,1,0,0,
112,2014-01-23,43,24-214,LAK,@,ANA,L,0,0,0,-1,0,0,0,0,0,,,,1,0.0,9,7:01,0,0,0,0,
113,2014-01-25,44,24-216,LAK,,ANA,L,0,0,0,0,0,0,0,0,0,,,,0,,8,5:28,0,0,0,0,
114,2014-01-27,45,24-218,LAK,@,SJS,W,0,0,0,0,0,0,0,0,0,,,,0,,10,6:04,0,0,0,0,
115,2014-01-28,46,24-219,LAK,@,PHX,L,0,0,0,0,4,0,0,0,0,,,,4,0.0,13,9:46,2,0,0,0,
116,2014-01-30,47,24-221,LAK,,PIT,L,0,0,0,0,0,0,0,0,0,,,,1,0.0,13,8:26,3,0,0,0,
117,2014-02-01,48,24-223,LAK,,PHI,L,0,0,0,0,2,0,0,0,0,,,,0,,12,9:17,3,0,0,0,
118,2014-02-06,49,24-228,LAK,,CBJ,W,0,0,0,0,0,0,0,0,0,,,,1,0.0,12,6:29,0,1,0,2,0.0
119,2014-02-26,50,24-248,LAK,@,COL,W,0,0,0,0,0,0,0,0,0,,,,1,0.0,12,8:07,2,0,0,0,
120,2014-02-27,51,24-249,LAK,@,CGY,W,0,0,0,0,6,0,0,0,0,,,,0,,18,15:39,1,0,0,0,
121,2014-03-03,52,24-253,LAK,,MTL,W,0,0,0,0,0,0,0,0,0,,,,1,0.0,14,8:33,1,0,0,0,
122,2014-03-06,53,24-256,LAK,@,WPG,W,0,0,0,0,0,0,0,0,0,,,,0,,13,8:32,0,0,0,0,
123,2014-03-09,54,24-259,LAK,@,EDM,W,0,0,0,0,4,0,0,0,0,,,,0,,12,7:43,0,0,0,0,
124,2014-03-13,55,24-263,LAK,,TOR,L,0,0,0,0,0,0,0,0,0,,,,0,,14,9:03,1,0,0,1,0.0
125,2014-03-15,56,24-265,LAK,,ANA,L,0,0,0,0,0,0,0,0,0,,,,0,,8,5:48,1,0,0,0,
126,2014-03-17,57,24-267,LAK,,PHX,L,0,0,0,0,0,0,0,0,0,,,,2,0.0,14,10:10,4,1,0,0,
127,2014-03-27,58,24-277,LAK,@,PIT,W,0,0,0,0,0,0,0,0,0,,,,1,0.0,11,7:04,3,0,0,0,
128,2014-03-31,59,24-281,LAK,,MIN,L,0,0,0,-1,0,0,0,0,0,,,,2,0.0,19,14:19,2,0,0,0,
129,2014-04-02,60,24-283,LAK,,PHX,W,0,0,0,0,2,0,0,0,0,,,,1,0.0,18,12:55,1,1,0,0,
130,2014-04-03,61,24-284,LAK,@,SJS,L,1,0,1,1,0,1,0,0,0,,,,2,50.0,13,8:04,3,1,0,0,
131,2014-04-05,62,24-286,LAK,@,VAN,L,0,0,0,0,0,0,0,0,0,,,,0,,13,8:23,4,0,0,0,
132,2014-04-10,63,24-291,LAK,@,EDM,W,0,0,0,0,0,0,0,0,0,,,,2,0.0,20,13:37,2,0,0,0,
133,2014-04-12,64,24-293,LAK,,ANA,L-SO,0,0,0,-1,0,0,0,0,0,,,,0,,14,9:52,3,0,0,0,
134,2014-10-11,1,25-110,LAK,@,ARI,L-OT,0,0,0,0,0,0,0,0,0,0,0,0,2,0.0,13,10:45,1,0,0,0,
135,2014-10-12,2,25-111,LAK,,WPG,W,0,0,0,0,0,0,0,0,0,0,0,0,0,,14,11:47,3,1,0,0,
136,2014-10-14,3,25-113,LAK,,EDM,W,0,0,0,0,0,0,0,0,0,0,0,0,0,,15,13:35,3,2,0,0,
137,2014-10-16,4,25-115,LAK,,STL,W,0,0,0,0,0,0,0,0,0,0,0,0,1,0.0,9,6:40,0,0,0,0,
138,2014-10-19,5,25-118,LAK,,MIN,W,0,0,0,0,0,0,0,0,0,0,0,0,0,,8,5:20,1,0,0,0,
139,2014-10-23,6,25-122,LAK,,BUF,W,0,0,0,0,0,0,0,0,0,0,0,0,3,0.0,15,12:38,1,0,0,0,
140,2014-10-26,7,25-125,LAK,,CBJ,W,0,0,0,0,0,0,0,0,0,0,0,0,1,0.0,11,10:24,1,0,0,0,
141,2014-10-28,8,25-127,LAK,@,PHI,L-OT,0,0,0,0,2,0,0,0,0,0,0,0,0,,7,6:46,4,0,0,0,
142,2014-10-30,9,25-129,LAK,@,PIT,L,0,0,0,-1,0,0,0,0,0,0,0,0,1,0.0,16,11:35,2,0,0,0,
143,2014-10-31,10,25-130,LAK,@,DET,L,0,0,0,-1,2,0,0,0,0,0,0,0,0,,14,11:01,1,0,0,0,
144,2014-11-06,11,25-136,LAK,,NYI,L-SO,0,0,0,0,0,0,0,0,0,0,0,0,1,0.0,14,10:57,3,0,0,0,
145,2014-11-08,12,25-138,LAK,,VAN,W,0,0,0,0,0,0,0,0,0,0,0,0,0,,2,1:19,0,,,,
146,2014-11-15,13,25-145,LAK,,ANA,W,0,0,0,0,0,0,0,0,0,0,0,0,1,0.0,12,7:57,0,0,0,0,
147,2014-11-29,14,25-159,LAK,,CHI,L,1,0,1,-1,10,1,0,0,0,0,0,0,1,100.0,15,12:07,1,0,0,0,
148,2014-12-02,15,25-162,LAK,,BOS,W,0,0,0,0,2,0,0,0,0,0,0,0,1,0.0,15,10:30,3,1,0,0,
149,2014-12-04,16,25-164,LAK,@,ARI,W,0,0,0,0,0,0,0,0,0,0,0,0,3,0.0,13,10:39,1,0,0,0,
150,2014-12-06,17,25-166,LAK,,PHI,L,0,0,0,0,0,0,0,0,0,0,0,0,0,,10,8:59,3,0,0,0,
151,2014-12-09,18,25-169,LAK,@,BUF,L,0,0,0,0,0,0,0,0,0,0,0,0,2,0.0,13,9:40,1,0,0,0,
152,2014-12-29,19,25-189,LAK,@,CGY,L,0,0,0,-1,0,0,0,0,0,0,0,0,0,,12,9:27,2,0,0,0,
153,2015-01-10,20,25-201,LAK,,WPG,L-SO,0,0,0,-1,2,0,0,0,0,0,0,0,0,,6,4:30,0,0,0,0,
154,2015-01-12,21,25-203,LAK,,TOR,W,0,0,0,0,0,0,0,0,0,0,0,0,0,,11,8:48,2,1,0,0,
155,2015-01-14,22,25-205,LAK,,NJD,L,0,0,0,0,7,0,0,0,0,0,0,0,1,0.0,14,11:15,2,1,0,0,
156,2015-01-17,23,25-208,LAK,,ANA,L-SO,0,0,0,1,0,0,0,0,0,0,0,0,0,,16,12:04,2,0,0,0,
157,2015-01-19,24,25-210,LAK,,CGY,L-OT,0,0,0,0,0,0,0,0,0,0,0,0,2,0.0,15,10:02,2,0,1,0,100.0
158,2015-01-21,25,25-212,LAK,@,SJS,L,0,0,0,0,0,0,0,0,0,0,0,0,1,0.0,17,12:39,2,0,0,0,
159,2015-01-28,26,25-219,LAK,,CHI,W,0,0,0,-2,0,0,0,0,0,0,0,0,0,,9,6:21,3,0,0,0,
160,2015-01-31,27,25-222,LAK,@,BOS,L,1,0,1,0,0,1,0,0,0,0,0,0,1,100.0,16,13:12,5,0,0,0,
161,2015-02-03,28,25-225,LAK,@,WSH,L,0,0,0,0,0,0,0,0,0,0,0,0,2,0.0,13,10:21,3,0,0,0,
162,2015-02-05,29,25-227,LAK,@,FLA,L,0,0,0,0,0,0,0,0,0,0,0,0,0,,16,10:13,2,0,0,0,
163,2015-02-07,30,25-229,LAK,@,TBL,W,0,0,0,0,2,0,0,0,0,0,0,0,0,,12,8:43,0,0,0,0,
164,2015-02-09,31,25-231,LAK,@,CBJ,W,0,0,0,-1,0,0,0,0,0,0,0,0,0,,13,10:51,3,0,0,0,
165,2015-02-12,32,25-234,LAK,,CGY,W,1,0,1,0,0,1,0,0,1,0,0,0,1,100.0,8,5:26,1,0,0,0,
166,2015-02-14,33,25-236,LAK,,WSH,W,0,0,0,0,0,0,0,0,0,0,0,0,0,,11,8:47,1,1,0,0,
167,2015-02-16,34,25-238,LAK,,TBL,W,1,0,1,1,0,1,0,0,0,0,0,0,1,100.0,11,9:03,1,0,0,0,
168,2015-02-18,35,25-240,LAK,@,COL,W,0,0,0,0,0,0,0,0,0,0,0,0,0,,10,10:27,1,0,0,0,
169,2015-02-21,36,25-243,LAK,@,SJS,W,0,0,0,1,0,0,0,0,0,0,0,0,0,,12,8:54,4,1,0,0,
170,2015-02-24,37,25-246,LAK,,DET,W,0,0,0,0,0,0,0,0,0,0,0,0,0,,13,9:48,2,0,0,0,
171,2015-02-26,38,25-248,LAK,,OTT,L,0,0,0,0,0,0,0,0,0,0,0,0,0,,11,9:06,1,0,0,1,0.0
172,2015-02-27,39,25-249,LAK,@,ANA,L,0,0,0,0,0,0,0,0,0,0,0,0,0,,13,9:39,0,0,0,1,0.0
173,2015-03-01,40,25-251,LAK,@,WPG,L,0,0,0,0,9,0,0,0,0,0,0,0,2,0.0,18,11:30,1,0,0,0,
174,2015-03-03,41,25-253,LAK,@,EDM,W,0,1,1,0,0,0,0,0,0,1,0,0,0,,13,9:33,2,0,0,0,
175,2015-03-05,42,25-255,LAK,,MTL,W,0,0,0,-1,7,0,0,0,0,0,0,0,0,,10,7:16,2,0,0,0,
176,2015-03-07,43,25-257,LAK,,PIT,L-OT,0,0,0,0,2,0,0,0,0,0,0,0,2,0.0,13,8:56,3,0,0,1,0.0
177,2015-03-10,44,25-260,LAK,@,COL,W,0,1,1,0,0,0,0,0,0,1,0,0,1,0.0,18,14:38,2,0,0,0,
178,2015-03-12,45,25-262,LAK,@,VAN,W,0,0,0,0,0,0,0,0,0,0,0,0,0,,18,14:49,4,0,0,0,
179,2015-03-14,46,25-264,LAK,,NSH,L,0,0,0,0,0,0,0,0,0,0,0,0,0,,9,8:27,0,0,0,0,
180,2015-03-16,47,25-266,LAK,,ARI,W,0,1,1,1,2,0,0,0,0,1,0,0,0,,15,10:51,2,0,0,0,
181,2015-03-18,48,25-268,LAK,@,ANA,L-OT,0,0,0,0,0,0,0,0,0,0,0,0,0,,13,8:47,2,0,0,0,
182,2015-03-21,49,25-271,LAK,,VAN,L,0,0,0,0,0,0,0,0,0,0,0,0,1,0.0,11,8:24,1,0,0,1,0.0
183,2015-03-23,50,25-273,LAK,@,NJD,W,0,0,0,0,2,0,0,0,0,0,0,0,2,0.0,16,11:26,0,1,0,0,
184,2015-03-24,51,25-274,LAK,@,NYR,W,0,0,0,0,0,0,0,0,0,0,0,0,0,,14,9:55,2,0,0,0,
185,2015-03-26,52,25-276,LAK,@,NYI,W,0,0,0,0,0,0,0,0,0,0,0,0,1,0.0,13,9:57,1,0,0,0,
186,2015-03-28,53,25-278,LAK,@,MIN,L,0,0,0,0,5,0,0,0,0,0,0,0,0,,11,9:24,0,0,0,0,
187,2015-03-30,54,25-280,LAK,@,CHI,L,0,0,0,-2,0,0,0,0,0,0,0,0,2,0.0,13,9:29,3,1,0,0,
188,2015-04-02,55,25-283,LAK,,EDM,W,1,0,1,1,0,1,0,0,0,0,0,0,1,100.0,15,12:43,0,0,0,0,
189,2015-04-04,56,25-285,LAK,,COL,W,0,0,0,0,0,0,0,0,0,0,0,0,0,,14,11:37,2,0,0,0,
190,2015-04-06,57,25-287,LAK,@,VAN,L-SO,0,0,0,0,0,0,0,0,0,0,0,0,1,0.0,13,9:38,1,1,0,0,
191,2015-04-07,58,25-288,LAK,@,EDM,L,0,0,0,-1,0,0,0,0,0,0,0,0,1,0.0,15,13:10,2,0,0,0,
192,2015-04-09,59,25-290,LAK,@,CGY,L,1,0,1,1,0,1,0,0,0,0,0,0,2,50.0,17,11:30,2,0,0,1,0.0
193,2015-04-11,60,25-292,LAK,,SJS,W,0,0,0,0,0,0,0,0,0,0,0,0,2,0.0,19,13:37,2,0,0,0,
194,2015-10-07,1,26-106,LAK,,SJS,L,0,0,0,0,0,0,0,0,0,0,0,0,1,0.0,12,8:17,1,0,0,0,
195,2015-10-09,2,26-108,LAK,,ARI,L,0,0,0,-1,4,0,0,0,0,0,0,0,1,0.0,11,6:19,0,0,0,0,
196,2015-10-13,3,26-112,LAK,,VAN,L,0,0,0,-1,0,0,0,0,0,0,0,0,0,,13,7:40,1,0,0,0,
197,2015-10-16,4,26-115,LAK,,MIN,W,0,0,0,0,2,0,0,0,0,0,0,0,0,,13,7:45,2,0,0,0,
198,2015-10-18,5,26-117,LAK,,COL,W,0,0,0,0,5,0,0,0,0,0,0,0,2,0.0,9,5:15,1,0,0,0,
199,2015-10-22,6,26-121,LAK,@,SJS,W,0,0,0,0,2,0,0,0,0,0,0,0,0,,11,7:46,3,1,0,0,
200,2015-10-23,7,26-122,LAK,,CAR,W,0,0,0,0,0,0,0,0,0,0,0,0,0,,8,5:31,0,,,,
201,2015-10-25,8,26-124,LAK,@,EDM,W,0,1,1,1,0,0,0,0,0,1,0,0,1,0.0,14,10:20,3,0,0,0,
202,2015-10-27,9,26-126,LAK,@,WPG,W,0,0,0,0,0,0,0,0,0,0,0,0,1,0.0,14,11:27,0,1,0,0,
203,2015-10-31,10,26-130,LAK,,NSH,W,0,0,0,1,0,0,0,0,0,0,0,0,1,0.0,12,8:34,0,0,0,0,
204,2015-11-02,11,26-132,LAK,@,CHI,L,0,0,0,0,0,0,0,0,0,0,0,0,0,,11,7:38,4,0,0,0,
205,2015-11-05,12,26-135,LAK,,CBJ,L,0,0,0,0,4,0,0,0,0,0,0,0,0,,11,8:52,3,0,0,0,
206,2015-11-07,13,26-137,LAK,,FLA,W,0,0,0,0,0,0,0,0,0,0,0,0,3,0.0,16,12:51,2,0,0,0,
207,2015-11-10,14,26-140,LAK,,ARI,L,0,0,0,0,0,0,0,0,0,0,0,0,1,0.0,13,8:16,0,0,0,0,
208,2015-11-12,15,26-142,LAK,,NYI,W,0,0,0,0,0,0,0,0,0,0,0,0,1,0.0,15,11:58,0,0,0,0,
209,2015-11-14,16,26-144,LAK,,EDM,W,0,0,0,-1,0,0,0,0,0,0,0,0,1,0.0,14,8:50,0,0,0,0,
210,2015-11-17,17,26-147,LAK,@,PHI,W,0,0,0,0,2,0,0,0,0,0,0,0,0,,15,10:20,1,0,0,0,
211,2015-11-20,18,26-150,LAK,@,DET,L,0,0,0,-2,0,0,0,0,0,0,0,0,2,0.0,13,10:09,2,0,0,0,
212,2015-11-22,19,26-152,LAK,@,CAR,L,0,0,0,0,2,0,0,0,0,0,0,0,2,0.0,10,7:52,2,0,0,0,
213,2015-11-23,20,26-153,LAK,@,FLA,W,0,1,1,1,0,0,0,0,0,1,0,0,0,,9,7:17,3,0,0,0,
214,2015-11-25,21,26-155,LAK,@,TBL,L-SO,0,0,0,-1,0,0,0,0,0,0,0,0,1,0.0,12,8:12,2,1,0,0,
215,2015-11-28,22,26-158,LAK,,CHI,W,0,0,0,0,0,0,0,0,0,0,0,0,0,,9,7:36,2,0,0,0,
216,2015-12-01,23,26-161,LAK,,VAN,W,0,0,0,0,2,0,0,0,0,0,0,0,1,0.0,9,5:49,1,0,0,0,
217,2015-12-05,24,26-165,LAK,,PIT,W,0,0,0,0,0,0,0,0,0,0,0,0,0,,12,8:31,0,,,,
218,2015-12-06,25,26-166,LAK,,TBL,W,0,0,0,0,0,0,0,0,0,0,0,0,1,0.0,11,8:15,3,0,0,0,
219,2015-12-08,26,26-168,LAK,@,CBJ,W,0,0,0,0,0,0,0,0,0,0,0,0,1,0.0,10,7:54,4,0,0,0,
220,2015-12-11,27,26-171,LAK,@,PIT,W,0,0,0,0,0,0,0,0,0,0,0,0,2,0.0,14,10:13,1,1,0,0,
221,2015-12-12,28,26-172,LAK,@,BUF,L-OT,0,0,0,0,2,0,0,0,0,0,0,0,0,,11,8:18,1,1,0,0,
222,2015-12-14,29,26-174,LAK,@,OTT,L,0,0,0,-1,0,0,0,0,0,0,0,0,0,,16,10:53,2,0,0,0,
223,2015-12-17,30,26-177,LAK,@,MTL,W,0,0,0,0,0,0,0,0,0,0,0,0,0,,10,8:08,3,0,0,0,
224,2015-12-19,31,26-179,LAK,@,TOR,L,0,0,0,0,0,0,0,0,0,0,0,0,2,0.0,15,12:12,4,0,0,0,
225,2015-12-22,32,26-182,LAK,,SJS,L,0,0,0,0,0,0,0,0,0,0,0,0,0,,12,8:09,2,0,0,0,
226,2015-12-26,33,26-186,LAK,@,ARI,W,0,0,0,0,0,0,0,0,0,0,0,0,0,,11,8:47,3,0,0,0,
227,2015-12-28,34,26-188,LAK,@,VAN,W,0,0,0,0,5,0,0,0,0,0,0,0,1,0.0,15,10:40,1,0,0,1,0.0
228,2015-12-29,35,26-189,LAK,@,EDM,W,0,0,0,1,0,0,0,0,0,0,0,0,2,0.0,18,10:46,1,0,0,0,
229,2015-12-31,36,26-191,LAK,@,CGY,W,0,1,1,1,2,0,0,0,0,1,0,0,2,0.0,16,10:37,0,0,0,0,
230,2016-01-02,37,26-193,LAK,,PHI,W,0,0,0,0,0,0,0,0,0,0,0,0,1,0.0,12,8:07,0,1,0,0,
231,2016-01-04,38,26-195,LAK,@,COL,L,0,0,0,0,0,0,0,0,0,0,0,0,1,0.0,16,9:30,1,0,0,0,
232,2016-01-07,39,26-198,LAK,,TOR,W,0,0,0,1,0,0,0,0,0,0,0,0,1,0.0,13,8:44,1,1,0,0,
233,2016-01-09,40,26-200,LAK,,STL,L-SO,0,0,0,0,0,0,0,0,0,0,0,0,1,0.0,11,6:42,2,0,0,0,
234,2016-01-16,41,26-207,LAK,,OTT,L,0,0,0,0,2,0,0,0,0,0,0,0,3,0.0,15,10:03,1,0,0,0,
235,2016-01-17,42,26-208,LAK,@,ANA,W,0,0,0,0,0,0,0,0,0,0,0,0,0,,9,6:00,1,0,0,0,
236,2016-01-21,43,26-212,LAK,,MIN,L,0,0,0,0,0,0,0,0,0,0,0,0,2,0.0,17,10:23,1,0,0,0,
237,2016-01-24,44,26-215,LAK,@,SJS,W,0,0,0,0,0,0,0,0,0,0,0,0,1,0.0,12,7:11,2,0,0,0,
238,2016-01-27,45,26-218,LAK,,COL,L,0,1,1,1,0,0,0,0,0,1,0,0,1,0.0,10,6:56,1,0,0,0,
239,2016-02-02,46,26-224,LAK,@,ARI,W,0,0,0,0,0,0,0,0,0,0,0,0,0,,13,8:28,2,0,0,0,
240,2016-02-09,47,26-231,LAK,@,BOS,W,0,0,0,2,0,0,0,0,0,0,0,0,1,0.0,15,11:06,3,0,0,0,
241,2016-02-11,48,26-233,LAK,@,NYI,L,0,1,1,-1,0,0,0,0,0,1,0,0,1,0.0,15,10:17,1,1,0,0,
242,2016-02-12,49,26-234,LAK,@,NYR,W,0,0,0,-1,0,0,0,0,0,0,0,0,2,0.0,13,9:12,0,0,0,0,
243,2016-02-14,50,26-236,LAK,@,NJD,L,0,0,0,0,0,0,0,0,0,0,0,0,1,0.0,14,9:58,0,0,0,0,
244,2016-02-16,51,26-238,LAK,@,WSH,L,0,0,0,0,2,0,0,0,0,0,0,0,2,0.0,15,9:17,1,0,0,0,
245,2016-02-18,52,26-240,LAK,@,STL,L-OT,0,0,0,0,2,0,0,0,0,0,0,0,1,0.0,22,12:48,3,0,0,0,
246,2016-10-12,1,27-111,LAK,@,SJS,L,0,0,0,0,0,0,0,0,0,0,0,0,1,0.0,15,11:09,2,0,0,0,
247,2016-10-14,2,27-113,LAK,,PHI,L,0,0,0,-1,2,0,0,0,0,0,0,0,1,0.0,15,9:50,1,0,0,0,
248,2016-10-18,3,27-117,LAK,@,MIN,L,0,0,0,-1,0,0,0,0,0,0,0,0,1,0.0,9,5:24,0,0,0,0,
249,2016-10-30,4,27-129,LAK,@,CHI,L,0,0,0,-1,0,0,0,0,0,0,0,0,0,,12,8:41,1,0,0,0,
250,2016-11-01,5,27-131,LAK,,ANA,L,0,0,0,0,9,0,0,0,0,0,0,0,0,,10,8:12,2,0,0,0,
251,2016-11-13,6,27-143,LAK,@,WPG,L-SO,0,1,1,1,0,0,0,0,0,1,0,0,0,,11,8:34,0,0,0,0,
252,2016-11-15,7,27-145,LAK,@,COL,L,0,0,0,0,0,0,0,0,0,0,0,0,1,0.0,13,9:11,2,0,0,0,
253,2016-11-17,8,27-147,LAK,,EDM,W,0,0,0,0,7,0,0,0,0,0,0,0,0,,17,12:42,2,0,0,0,
254,2016-11-19,9,27-149,LAK,,NJD,W,0,0,0,0,2,0,0,0,0,0,0,0,1,0.0,14,11:07,2,0,0,0,
255,2016-11-20,10,27-150,LAK,@,ANA,W,0,0,0,0,7,0,0,0,0,0,0,0,1,0.0,15,8:38,0,0,0,0,
256,2016-11-23,11,27-153,LAK,,NYI,W,0,0,0,-1,0,0,0,0,0,0,0,0,0,,16,11:22,0,0,0,0,
257,2016-11-26,12,27-156,LAK,,CHI,W,0,0,0,0,2,0,0,0,0,0,0,0,2,0.0,15,10:00,0,1,0,1,0.0
258,2016-11-30,13,27-160,LAK,,SJS,L,0,0,0,-1,0,0,0,0,0,0,0,0,0,,14,11:44,1,0,1,0,100.0
259,2016-12-01,14,27-161,LAK,@,ARI,W,2,0,2,2,0,2,0,0,0,0,0,0,2,100.0,12,8:56,1,0,0,0,
260,2016-12-04,15,27-164,LAK,,MTL,L-SO,0,1,1,1,0,0,0,0,0,1,0,0,0,,15,10:37,2,0,0,0,
261,2016-12-08,16,27-168,LAK,,CAR,L,0,0,0,-1,0,0,0,0,0,0,0,0,3,0.0,18,12:53,1,0,0,0,
262,2016-12-10,17,27-170,LAK,,OTT,W,0,0,0,0,5,0,0,0,0,0,0,0,1,0.0,16,12:55,2,0,0,0,
263,2016-12-13,18,27-173,LAK,@,BUF,L,0,0,0,-1,0,0,0,0,0,0,0,0,1,0.0,15,11:42,3,0,0,0,
264,2016-12-15,19,27-175,LAK,@,DET,W,0,0,0,0,2,0,0,0,0,0,0,0,1,0.0,17,12:28,3,0,0,0,
265,2016-12-16,20,27-176,LAK,@,PIT,W,0,0,0,0,2,0,0,0,0,0,0,0,1,0.0,12,9:00,2,0,0,0,
266,2016-12-18,21,27-178,LAK,@,BOS,L,0,0,0,0,0,0,0,0,0,0,0,0,0,,14,10:14,1,1,0,0,
267,2016-12-20,22,27-180,LAK,@,CBJ,L-SO,0,0,0,0,0,0,0,0,0,0,0,0,0,,14,11:54,1,0,0,0,
268,2016-12-22,23,27-182,LAK,@,NSH,W,0,1,1,1,2,0,0,0,0,1,0,0,1,0.0,17,13:14,1,0,0,0,
269,2016-12-23,24,27-183,LAK,@,DAL,L-OT,0,0,0,-1,0,0,0,0,0,0,0,0,0,,14,9:25,0,0,0,0,
270,2016-12-28,25,27-188,LAK,@,VAN,L,0,0,0,0,0,0,0,0,0,0,0,0,1,0.0,15,10:27,2,0,0,0,
271,2016-12-29,26,27-189,LAK,@,EDM,L,0,0,0,1,0,0,0,0,0,0,0,0,1,0.0,17,11:32,2,0,0,1,0.0
272,2016-12-31,27,27-191,LAK,,SJS,W,0,0,0,0,0,0,0,0,0,0,0,0,1,0.0,16,11:51,3,0,1,0,100.0
273,2017-01-03,28,27-194,LAK,@,SJS,W,0,0,0,0,0,0,0,0,0,0,0,0,1,0.0,19,13:01,0,0,0,0,
274,2017-01-05,29,27-196,LAK,,DET,L,0,0,0,0,0,0,0,0,0,0,0,0,2,0.0,18,13:08,0,0,0,0,
275,2017-01-07,30,27-198,LAK,,MIN,W,0,0,0,0,0,0,0,0,0,0,0,0,2,0.0,18,13:30,2,0,0,0,
276,2017-01-09,31,27-200,LAK,,DAL,L,0,0,0,-1,0,0,0,0,0,0,0,0,0,,18,11:38,1,1,0,0,
277,2017-01-12,32,27-203,LAK,,STL,W,0,0,0,0,0,0,0,0,0,0,0,0,1,0.0,18,13:47,3,0,0,1,0.0
278,2017-01-14,33,27-205,LAK,,WPG,W,0,0,0,0,0,0,0,0,0,0,0,0,0,,14,10:21,1,0,0,1,0.0
279,2017-01-16,34,27-207,LAK,,TBL,L,0,0,0,1,0,0,0,0,0,0,0,0,1,0.0,18,14:01,2,1,0,0,
280,2017-01-18,35,27-209,LAK,,SJS,L,0,0,0,-1,0,0,0,0,0,0,0,0,1,0.0,14,10:36,2,0,0,0,
281,2017-01-21,36,27-212,LAK,@,NYI,L,0,0,0,0,0,0,0,0,0,0,0,0,1,0.0,14,10:26,4,0,0,0,
282,2017-01-23,37,27-214,LAK,@,NYR,L,1,1,2,0,2,1,0,0,0,1,0,0,1,100.0,17,9:49,2,0,0,0,
283,2017-01-24,38,27-215,LAK,@,NJD,W,0,0,0,0,2,0,0,0,0,0,0,0,1,0.0,21,16:03,0,0,0,0,
284,2017-01-26,39,27-217,LAK,@,CAR,W,0,0,0,1,0,0,0,0,0,0,0,0,2,0.0,15,12:05,1,1,0,0,
285,2017-01-31,40,27-222,LAK,@,ARI,W,1,0,1,0,0,1,0,0,0,0,0,0,2,50.0,19,13:51,0,0,0,0,
286,2017-02-01,41,27-223,LAK,,COL,W,0,0,0,0,0,0,0,0,0,0,0,0,2,0.0,8,6:55,0,0,0,0,
287,2017-02-25,42,27-247,LAK,,ANA,W,0,0,0,0,0,0,0,0,0,0,0,0,0,,10,6:36,0,0,0,0,
288,2017-03-20,43,27-270,LAK,@,EDM,L,0,0,0,0,0,0,0,0,0,0,0,0,0,,14,9:47,4,1,0,0,
289,2017-03-23,44,27-273,LAK,,WPG,W,0,0,0,0,0,0,0,0,0,0,0,0,0,,15,10:40,1,1,0,0,
290,2017-03-28,45,27-278,LAK,@,EDM,L,0,0,0,0,0,0,0,0,0,0,0,0,0,,14,10:38,1,0,0,0,
291,2017-04-02,46,27-283,LAK,,ARI,L,0,0,0,-1,0,0,0,0,0,0,0,0,1,0.0,13,8:48,1,0,0,0,
292,2017-10-05,1,28-104,BUF,,MTL,L-SO,0,0,0,0,0,0,0,0,0,0,0,0,0,,17,12:00,0,0,0,0,
293,2017-10-12,2,28-111,BUF,@,SJS,L,0,0,0,0,0,0,0,0,0,0,0,0,0,,13,9:54,4,0,0,0,
294,2017-10-14,3,28-113,BUF,@,LAK,L,0,0,0,0,0,0,0,0,0,0,0,0,0,,16,10:11,1,0,0,0,
295,2017-10-15,4,28-114,BUF,@,ANA,W,0,0,0,0,0,0,0,0,0,0,0,0,1,0.0,10,6:14,0,0,0,0,
296,2017-10-17,5,28-116,BUF,@,VEG,L-OT,0,0,0,-1,0,0,0,0,0,0,0,0,0,,11,6:19,1,0,0,0,
297,2017-10-20,6,28-119,BUF,,VAN,L,0,0,0,-1,0,0,0,0,0,0,0,0,0,,10,7:41,1,0,0,0,
298,2017-10-21,7,28-120,BUF,@,BOS,W,0,0,0,-1,0,0,0,0,0,0,0,0,1,0.0,15,8:49,4,0,0,0,
299,2017-10-24,8,28-123,BUF,,DET,W,0,0,0,1,0,0,0,0,0,0,0,0,0,,16,10:03,4,0,0,0,
300,2017-10-25,9,28-124,BUF,@,CBJ,L,0,1,1,1,0,0,0,0,0,1,0,0,0,,17,12:45,2,0,0,1,0.0
301,2017-10-28,10,28-127,BUF,,SJS,L,0,0,0,0,0,0,0,0,0,0,0,0,2,0.0,10,9:17,1,1,0,1,0.0
302,2017-11-02,11,28-132,BUF,@,ARI,W,0,0,0,0,0,0,0,0,0,0,0,0,1,0.0,12,9:29,2,1,0,0,
303,2017-11-04,12,28-134,BUF,@,DAL,L,0,0,0,-1,0,0,0,0,0,0,0,0,0,,10,9:20,1,0,0,0,
304,2017-11-07,13,28-137,BUF,,WSH,W,0,0,0,0,2,0,0,0,0,0,0,0,2,0.0,16,10:56,2,1,0,0,
305,2017-11-10,14,28-140,BUF,,FLA,L,0,0,0,0,7,0,0,0,0,0,0,0,0,,11,7:39,0,0,0,0,
306,2017-11-11,15,28-141,BUF,@,MTL,L-OT,0,0,0,0,0,0,0,0,0,0,0,0,0,,11,8:40,3,0,0,0,
307,2017-11-14,16,28-144,BUF,@,PIT,L-OT,0,0,0,0,0,0,0,0,0,0,0,0,0,,9,6:26,2,0,0,0,
308,2017-11-17,17,28-147,BUF,@,DET,L,0,0,0,0,4,0,0,0,0,0,0,0,1,0.0,13,6:43,0,0,0,0,
309,2017-11-18,18,28-148,BUF,,CAR,L,0,0,0,0,0,0,0,0,0,0,0,0,1,0.0,10,6:54,1,0,0,0,
310,2017-11-20,19,28-150,BUF,,CBJ,L,0,0,0,0,0,0,0,0,0,0,0,0,0,,11,7:53,0,0,0,0,
311,2017-11-22,20,28-152,BUF,,MIN,L,2,0,2,1,0,2,0,0,0,0,0,0,2,100.0,18,11:06,1,0,0,0,
312,2017-11-24,21,28-154,BUF,,EDM,W,0,1,1,1,0,0,0,0,0,1,0,0,1,0.0,18,10:42,2,0,0,0,
313,2017-11-25,22,28-155,BUF,@,MTL,L,0,0,0,-1,0,0,0,0,0,0,0,0,2,0.0,18,13:02,1,0,0,0,
314,2017-11-28,23,28-158,BUF,,TBL,L,0,0,0,0,2,0,0,0,0,0,0,0,1,0.0,17,12:28,3,0,0,0,
315,2017-12-01,24,28-161,BUF,,PIT,L,0,0,0,-1,0,0,0,0,0,0,0,0,1,0.0,17,15:12,6,1,0,0,
316,2017-12-02,25,28-162,BUF,@,PIT,L,0,0,0,-2,2,0,0,0,0,0,0,0,0,,15,7:51,2,0,0,0,
317,2017-12-05,26,28-165,BUF,@,COL,W,0,0,0,0,0,0,0,0,0,0,0,0,0,,10,7:28,2,0,0,0,
318,2017-12-08,27,28-168,BUF,@,CHI,L-OT,0,0,0,0,0,0,0,0,0,0,0,0,1,0.0,15,10:01,2,1,0,0,
319,2017-12-12,28,28-172,BUF,,OTT,W,0,0,0,0,2,0,0,0,0,0,0,0,1,0.0,16,8:32,2,0,0,0,
320,2017-12-14,29,28-174,BUF,@,PHI,L,0,0,0,0,0,0,0,0,0,0,0,0,1,0.0,15,9:38,0,1,0,0,
321,2017-12-19,30,28-179,BUF,,BOS,L,0,0,0,0,0,0,0,0,0,0,0,0,1,0.0,19,12:32,3,0,0,0,
322,2017-12-22,31,28-182,BUF,,PHI,W,0,0,0,0,0,0,0,0,0,0,0,0,1,0.0,10,6:22,1,0,0,0,
323,2017-12-23,32,28-183,BUF,@,CAR,L,0,0,0,0,0,0,0,0,0,0,0,0,0,,15,11:10,2,0,0,0,
324,2017-12-27,33,28-187,BUF,@,NYI,L-OT,0,0,0,0,0,0,0,0,0,0,0,0,2,0.0,13,10:48,4,0,0,0,
325,2017-12-29,34,28-189,BUF,@,NJD,W,0,1,1,1,0,0,0,0,0,1,0,0,1,0.0,15,10:25,0,0,0,0,
326,2018-01-01,35,28-192,BUF,,NYR,L-OT,0,0,0,0,0,0,0,0,0,0,0,0,0,,14,9:46,4,0,0,0,
327,2018-01-04,36,28-195,BUF,@,MIN,L,0,0,0,-1,10,0,0,0,0,0,0,0,0,,13,9:46,1,0,0,0,
328,2018-01-05,37,28-196,BUF,@,WPG,L,0,0,0,1,0,0,0,0,0,0,0,0,0,,11,7:16,2,0,0,0,
329,2018-01-09,38,28-200,BUF,,WPG,L,0,0,0,0,14,0,0,0,0,0,0,0,1,0.0,11,9:06,1,0,0,0,
330,2018-01-11,39,28-202,BUF,,CBJ,W,0,0,0,0,0,0,0,0,0,0,0,0,0,,14,10:26,0,1,0,0,
331,2018-01-18,40,28-209,BUF,@,NYR,L,0,0,0,0,0,0,0,0,0,0,0,0,1,0.0,13,7:38,3,2,0,0,
332,2018-01-20,41,28-211,BUF,,DAL,L,0,0,0,-2,7,0,0,0,0,0,0,0,0,,15,11:57,1,0,0,1,0.0
333,2018-01-22,42,28-213,BUF,@,CGY,W,0,0,0,0,0,0,0,0,0,0,0,0,2,0.0,15,10:00,1,0,0,0,
334,2018-01-23,43,28-214,BUF,@,EDM,W,0,0,0,0,0,0,0,0,0,0,0,0,2,0.0,19,13:26,2,1,0,0,
335,2018-02-01,44,28-223,BUF,,FLA,L,0,0,0,0,0,0,0,0,0,0,0,0,1,0.0,14,9:39,3,0,0,0,
336,2018-02-03,45,28-225,BUF,,STL,L,0,0,0,0,0,0,0,0,0,0,0,0,1,0.0,12,8:00,1,1,0,0,
337,2018-02-06,46,28-228,BUF,,ANA,L-OT,0,0,0,0,0,0,0,0,0,0,0,0,2,0.0,11,8:42,3,0,0,0,
338,2018-02-08,47,28-230,BUF,,NYI,W,0,0,0,0,0,0,0,0,0,0,0,0,0,,13,9:40,2,0,0,0,
339,2018-02-10,48,28-232,BUF,@,BOS,W,0,0,0,-1,0,0,0,0,0,0,0,0,0,,16,10:34,2,1,0,0,
340,2018-02-11,49,28-233,BUF,,COL,L,0,0,0,0,4,0,0,0,0,0,0,0,1,0.0,13,6:39,0,0,0,0,
341,2018-02-17,50,28-239,BUF,,LAK,L,0,0,0,0,0,0,0,0,0,0,0,0,1,0.0,16,10:37,2,1,0,0,
342,2018-02-24,51,28-246,BUF,@,WSH,L,0,0,0,0,0,0,0,0,0,0,0,0,0,,16,11:59,0,0,0,0,
343,2018-02-25,52,28-247,BUF,,BOS,W,0,0,0,0,0,0,0,0,0,0,0,0,0,,16,8:04,1,0,0,0,
344,2018-02-28,53,28-250,BUF,@,TBL,W,0,0,0,-1,0,0,0,0,0,0,0,0,0,,12,8:45,3,0,0,0,
345,2018-03-02,54,28-252,BUF,@,FLA,L,0,0,0,-1,7,0,0,0,0,0,0,0,0,,15,9:59,2,0,0,0,
346,2018-03-05,55,28-255,BUF,,TOR,W,0,1,1,1,0,0,0,0,0,1,0,0,0,,21,15:54,1,0,0,0,
347,2018-03-07,56,28-257,BUF,,CGY,L,0,0,0,-1,0,0,0,0,0,0,0,0,3,0.0,22,13:36,3,0,0,0,
348,2018-03-08,57,28-258,BUF,@,OTT,W,0,0,0,1,0,0,0,0,0,0,0,0,0,,17,9:41,2,2,0,0,
349,2018-03-10,58,28-260,BUF,,VEG,L-SO,0,0,0,0,0,0,0,0,0,0,0,0,0,,14,9:22,0,0,1,0,100.0
350,2018-03-15,59,28-265,BUF,,TOR,L,0,0,0,-2,0,0,0,0,0,0,0,0,1,0.0,14,10:12,3,0,0,0,
351,2018-03-17,60,28-267,BUF,,CHI,W,0,0,0,0,0,0,0,0,0,0,0,0,0,,14,8:52,3,0,0,0,
352,2018-03-19,61,28-269,BUF,,NSH,L,0,0,0,-1,0,0,0,0,0,0,0,0,0,,18,12:48,4,0,0,0,
353,2018-03-21,62,28-271,BUF,,ARI,L,1,0,1,1,2,1,0,0,0,0,0,0,1,100.0,16,10:44,4,0,0,0,
354,2018-03-23,63,28-273,BUF,,MTL,L,0,0,0,0,0,0,0,0,0,0,0,0,3,0.0,18,11:44,3,0,0,0,
355,2018-03-24,64,28-274,BUF,@,NYR,L,0,0,0,0,4,0,0,0,0,0,0,0,2,0.0,21,13:05,2,1,0,0,
356,2018-03-26,65,28-276,BUF,@,TOR,W,0,0,0,0,0,0,0,0,0,0,0,0,1,0.0,16,11:22,2,0,0,0,
357,2018-03-29,66,28-279,BUF,,DET,L,0,0,0,-2,2,0,0,0,0,0,0,0,1,0.0,11,8:22,1,0,0,0,
358,2018-04-04,67,28-285,BUF,,OTT,L,0,0,0,-1,0,0,0,0,0,0,0,0,0,,11,7:34,0,0,0,0,
359,2018-04-06,68,28-287,BUF,@,TBL,L,1,0,1,1,0,1,0,0,0,0,0,0,2,50.0,12,8:58,1,1,0,0,
360,2018-04-07,69,28-288,BUF,@,FLA,L,0,0,0,-2,0,0,0,0,0,0,0,0,0,,13,7:19,0,0,0,0,
361,2018-12-05,1,29-165,STL,,EDM,L-SO,0,1,1,1,0,0,0,0,0,1,0,0,0,,10,6:32,2,0,0,0,
362,2018-12-07,2,29-167,STL,@,WPG,W,0,0,0,0,2,0,0,0,0,0,0,0,1,0.0,8,4:24,1,0,0,0,
363,2018-12-09,3,29-169,STL,,VAN,L,0,0,0,-2,0,0,0,0,0,0,0,0,0,,14,11:50,4,1,0,0,
364,2018-12-11,4,29-171,STL,,FLA,W,0,0,0,0,0,0,0,0,0,0,0,0,1,0.0,10,5:08,2,0,0,0,
365,2018-12-14,5,29-174,STL,,COL,W,0,0,0,0,0,0,0,0,0,0,0,0,2,0.0,11,5:33,1,0,0,0,
366,2018-12-16,6,29-176,STL,,CGY,L,0,1,1,0,12,0,0,0,0,1,0,0,1,0.0,11,7:17,1,1,0,0,
367,2018-12-18,7,29-178,STL,@,EDM,W,0,0,0,0,0,0,0,0,0,0,0,0,1,0.0,9,5:36,0,0,0,0,
368,2018-12-20,8,29-180,STL,@,VAN,L,0,0,0,0,0,0,0,0,0,0,0,0,0,,14,8:27,3,0,0,0,
369,2018-12-22,9,29-182,STL,@,CGY,W,0,0,0,1,0,0,0,0,0,0,0,0,3,0.0,14,9:31,1,0,0,0,
370,2018-12-27,10,29-187,STL,,BUF,W,0,0,0,0,0,0,0,0,0,0,0,0,0,,14,10:25,2,0,0,0,
371,2018-12-29,11,29-189,STL,,PIT,L,0,0,0,0,0,0,0,0,0,0,0,0,1,0.0,12,9:16,2,0,0,0,
372,2019-01-14,12,29-205,STL,@,WSH,W,0,0,0,1,0,0,0,0,0,0,0,0,1,0.0,6,4:28,0,1,0,0,
373,2019-01-19,13,29-210,STL,,OTT,W,0,0,0,1,0,0,0,0,0,0,0,0,4,0.0,16,12:14,2,1,0,0,
374,2019-01-21,14,29-212,STL,@,LAK,L,0,0,0,0,0,0,0,0,0,0,0,0,2,0.0,16,10:27,1,0,0,1,0.0
