,date_game,game_season,age,team_id,game_location,opp_id,game_result,goals,assists,points,plus_minus,pen_min,goals_ev,goals_pp,goals_sh,goals_gw,assists_ev,assists_pp,assists_sh,shots,shot_pct,shifts,time_on_ice,hits_all,blocks_all,faceoff_wins_all,faceoff_losses_all,faceoff_percentage_all
0,2013-03-05,1,27-029,WSH,,BOS,W,0,1,1,2,0,0,0,0,0,,,,2,0.0,15,10:05,2,3,0,0,
1,2013-03-07,2,27-031,WSH,,FLA,W,0,2,2,2,0,0,0,0,0,,,,0,,24,22:13,4,4,0,0,
2,2013-03-09,3,27-033,WSH,@,NYI,L,0,0,0,-1,2,0,0,0,0,,,,0,,28,20:13,1,4,0,0,
3,2013-03-10,4,27-034,WSH,,NYR,L,1,0,1,0,0,1,0,0,0,,,,2,50.0,18,16:14,4,1,0,0,
4,2013-03-12,5,27-036,WSH,,CAR,L,0,0,0,-1,5,0,0,0,0,,,,1,0.0,17,11:50,4,4,0,0,
5,2013-03-14,6,27-038,WSH,@,CAR,W,0,0,0,0,0,0,0,0,0,,,,1,0.0,29,27:55,2,4,0,0,
6,2013-03-16,7,27-040,WSH,@,BOS,L,0,0,0,-2,0,0,0,0,0,,,,4,0.0,25,24:01,3,0,0,0,
7,2013-03-17,8,27-041,WSH,,BUF,W,0,0,0,1,2,0,0,0,0,,,,1,0.0,28,21:09,2,1,0,0,
8,2013-03-19,9,27-043,WSH,@,PIT,L,0,0,0,-1,0,0,0,0,0,,,,2,0.0,26,21:33,2,2,0,0,
9,2013-03-21,10,27-045,WSH,@,WPG,W,0,0,0,0,9,0,0,0,0,,,,0,,19,16:40,5,1,0,0,
10,2013-03-22,11,27-046,WSH,@,WPG,W,0,1,1,3,2,0,0,0,0,,,,0,,23,18:04,2,0,0,0,
11,2013-03-24,12,27-048,WSH,@,NYR,W,0,1,1,1,0,0,0,0,0,,,,1,0.0,18,15:05,0,1,0,0,
12,2013-03-26,13,27-050,WSH,,NYI,L,0,0,0,0,2,0,0,0,0,,,,0,,15,12:00,0,2,0,0,
13,2013-03-30,14,27-054,WSH,@,BUF,W,0,0,0,0,2,0,0,0,0,,,,1,0.0,14,13:44,1,1,0,0,
14,2013-03-31,15,27-055,WSH,@,PHI,L-OT,0,0,0,0,5,0,0,0,0,,,,2,0.0,18,18:18,2,5,0,0,
15,2013-04-02,16,27-057,WSH,@,CAR,W,0,0,0,0,0,0,0,0,0,,,,0,,23,15:31,3,3,0,0,
16,2013-04-04,17,27-059,WSH,,NYI,W,0,0,0,0,0,0,0,0,0,,,,0,,18,16:26,2,1,0,0,
17,2013-04-06,18,27-061,WSH,@,FLA,W,0,0,0,1,0,0,0,0,0,,,,0,,17,17:24,3,1,0,0,
18,2013-04-07,19,27-062,WSH,,TBL,W,0,0,0,0,2,0,0,0,0,,,,1,0.0,18,15:24,2,0,0,0,
19,2013-04-09,20,27-064,WSH,@,MTL,W,0,1,1,2,0,0,0,0,0,,,,0,,19,17:23,2,4,0,0,
20,2013-04-11,21,27-066,WSH,,CAR,W,0,0,0,0,0,0,0,0,0,,,,0,,18,14:05,3,2,0,0,
21,2013-04-13,22,27-068,WSH,,TBL,W,0,2,2,1,0,0,0,0,0,,,,0,,17,14:10,0,1,0,0,
22,2013-04-16,23,27-071,WSH,,TOR,W,0,0,0,1,0,0,0,0,0,,,,4,0.0,20,18:22,2,0,0,0,
23,2013-04-18,24,27-073,WSH,@,OTT,L,0,0,0,1,0,0,0,0,0,,,,0,,17,17:44,3,0,0,0,
24,2013-04-20,25,27-075,WSH,@,MTL,W,0,0,0,0,2,0,0,0,0,,,,0,,21,19:29,2,1,0,0,
25,2013-04-23,26,27-078,WSH,,WPG,W,0,0,0,-1,0,0,0,0,0,,,,1,0.0,19,15:52,1,3,0,0,
26,2013-04-25,27,27-080,WSH,,OTT,L-OT,0,0,0,0,0,0,0,0,0,,,,2,0.0,19,15:43,1,3,0,0,
27,2013-04-27,28,27-082,WSH,,BOS,W,0,0,0,0,0,0,0,0,0,,,,0,,17,16:53,0,0,0,0,
28,2013-10-05,1,27-243,WSH,@,DAL,L,0,0,0,-1,0,0,0,0,0,,,,1,0.0,19,15:25,1,0,0,0,
29,2013-10-10,2,27-248,WSH,,CAR,L,0,1,1,1,2,0,0,0,0,,,,1,0.0,20,15:00,2,0,0,0,
30,2013-10-12,3,27-250,WSH,,COL,L,0,0,0,-2,0,0,0,0,0,,,,1,0.0,19,17:33,1,0,0,0,
31,2013-10-14,4,27-252,WSH,,EDM,W,0,1,1,1,0,0,0,0,0,,,,1,0.0,23,17:37,2,1,0,0,
32,2013-10-16,5,27-254,WSH,,NYR,L,0,0,0,0,0,0,0,0,0,,,,1,0.0,17,15:13,4,1,0,0,
33,2013-10-19,6,27-257,WSH,,CBJ,W,0,1,1,1,5,0,0,0,0,,,,2,0.0,19,16:19,2,2,0,0,
34,2013-10-22,7,27-260,WSH,@,WPG,W,0,0,0,1,0,0,0,0,0,,,,3,0.0,25,20:47,3,0,0,0,
35,2013-10-24,8,27-262,WSH,@,EDM,W,0,0,0,-1,0,0,0,0,0,,,,0,,20,18:51,5,2,0,0,
36,2013-10-26,9,27-264,WSH,@,CGY,L,0,0,0,0,2,0,0,0,0,,,,2,0.0,19,13:53,2,0,0,0,
37,2013-10-28,10,27-266,WSH,@,VAN,L,0,0,0,1,2,0,0,0,0,,,,0,,19,15:17,2,4,0,0,
38,2013-11-01,11,27-270,WSH,@,PHI,W,0,0,0,1,15,0,0,0,0,,,,0,,17,10:52,0,2,0,0,
39,2013-11-02,12,27-271,WSH,,FLA,W,0,0,0,-1,4,0,0,0,0,,,,0,,20,17:59,1,7,0,0,
40,2013-11-05,13,27-274,WSH,,NYI,W,0,1,1,0,2,0,0,0,0,,,,2,0.0,21,15:45,2,1,0,0,
41,2013-11-07,14,27-276,WSH,,MIN,W,0,0,0,0,0,0,0,0,0,,,,0,,20,13:01,0,2,0,0,
42,2013-11-09,15,27-278,WSH,@,PHX,L-SO,0,0,0,0,2,0,0,0,0,,,,0,,19,12:36,2,1,0,0,
43,2013-11-10,16,27-279,WSH,@,COL,L,0,0,0,0,0,0,0,0,0,,,,1,0.0,19,16:49,0,2,0,0,
44,2013-11-12,17,27-281,WSH,,CBJ,W,0,0,0,1,2,0,0,0,0,,,,1,0.0,21,14:22,2,2,0,0,
45,2013-11-15,18,27-284,WSH,@,DET,W,0,1,1,0,0,0,0,0,0,,,,1,0.0,15,10:51,1,2,0,0,
46,2013-11-17,19,27-286,WSH,,STL,W,0,1,1,1,0,0,0,0,0,,,,0,,20,16:44,0,0,0,0,
47,2013-11-20,20,27-289,WSH,,PIT,L,0,0,0,-1,2,0,0,0,0,,,,1,0.0,22,17:18,1,0,0,0,
48,2013-12-08,21,27-307,WSH,@,NYR,W,1,1,2,2,2,1,0,0,1,,,,1,100.0,21,16:57,1,3,0,0,
49,2013-12-10,22,27-309,WSH,,TBL,W,0,0,0,0,0,0,0,0,0,,,,1,0.0,15,12:40,1,1,0,0,
50,2013-12-13,23,27-312,WSH,@,FLA,L-SO,0,0,0,0,0,0,0,0,0,,,,0,,15,16:01,2,1,0,0,
51,2013-12-15,24,27-314,WSH,,PHI,W,0,0,0,-1,7,0,0,0,0,,,,2,0.0,15,12:10,0,3,0,0,
52,2013-12-17,25,27-316,WSH,@,PHI,L,0,0,0,1,0,0,0,0,0,,,,0,,19,16:15,0,3,0,0,
53,2013-12-20,26,27-319,WSH,@,CAR,W,0,0,0,0,0,0,0,0,0,,,,0,,19,16:45,2,4,0,0,
54,2013-12-21,27,27-320,WSH,,NJD,L-OT,0,0,0,1,0,0,0,0,0,,,,0,,16,14:53,1,1,0,0,
55,2013-12-23,28,27-322,WSH,,ANA,L,0,0,0,1,2,0,0,0,0,,,,1,0.0,16,11:40,0,1,0,0,
56,2013-12-27,29,27-326,WSH,,NYR,W,0,1,1,1,0,0,0,0,0,,,,0,,18,14:38,1,1,0,0,
57,2013-12-29,30,27-328,WSH,@,BUF,L-SO,0,0,0,-1,0,0,0,0,0,,,,2,0.0,19,17:12,1,0,0,0,
58,2013-12-30,31,27-329,WSH,@,OTT,L,0,0,0,0,2,0,0,0,0,,,,0,,17,12:16,1,0,0,0,
59,2014-01-02,32,27-332,WSH,,CAR,L-OT,1,0,1,1,0,1,0,0,0,,,,2,50.0,21,15:34,3,1,0,0,
60,2014-01-04,33,27-334,WSH,@,MIN,L,0,0,0,0,2,0,0,0,0,,,,0,,16,14:33,0,0,0,0,
61,2015-02-14,1,29-010,WSH,@,LAK,L,0,0,0,-1,0,0,0,0,0,0,0,0,1,0.0,19,12:11,2,0,0,0,
62,2016-11-26,1,30-296,PIT,,NJD,W,0,1,1,1,2,0,0,0,0,1,0,0,1,0.0,15,11:06,3,1,0,0,
63,2016-12-17,2,30-317,PIT,@,TOR,L-OT,0,0,0,-1,0,0,0,0,0,0,0,0,1,0.0,22,14:00,3,1,0,0,
64,2016-12-22,3,30-322,PIT,@,CBJ,L,0,0,0,-1,9,0,0,0,0,0,0,0,1,0.0,22,11:40,2,0,0,0,
65,2016-12-23,4,30-323,PIT,,NJD,W,0,0,0,0,5,0,0,0,0,0,0,0,2,0.0,21,17:05,1,1,0,0,
66,2016-12-27,5,30-327,PIT,@,NJD,W,0,0,0,0,0,0,0,0,0,0,0,0,0,,26,16:59,1,1,0,0,
67,2016-12-28,6,30-328,PIT,,CAR,W,0,0,0,2,0,0,0,0,0,0,0,0,3,0.0,22,16:16,3,5,0,0,
68,2017-01-08,7,30-339,PIT,,TBL,W,0,0,0,2,0,0,0,0,0,0,0,0,0,,16,14:21,3,3,0,0,
69,2017-01-11,8,30-342,PIT,@,WSH,L,0,0,0,-1,4,0,0,0,0,0,0,0,0,,16,11:32,1,0,0,0,
70,2017-01-12,9,30-343,PIT,@,OTT,L,0,0,0,0,2,0,0,0,0,0,0,0,0,,18,10:13,2,1,0,0,
71,2017-02-17,10,31-013,PIT,@,CBJ,L-OT,0,0,0,0,2,0,0,0,0,0,0,0,2,0.0,22,13:32,0,1,0,0,
72,2017-02-21,11,31-017,PIT,@,CAR,W,0,0,0,0,0,0,0,0,0,0,0,0,1,0.0,15,13:56,1,5,0,0,
