,date_game,game_season,age,team_id,game_location,opp_id,game_result,goals,assists,points,plus_minus,pen_min,goals_ev,goals_pp,goals_sh,goals_gw,assists_ev,assists_pp,assists_sh,shots,shot_pct,shifts,time_on_ice,hits_all,blocks_all,faceoff_wins_all,faceoff_losses_all,faceoff_percentage_all
0,2011-11-21,1,20-121,WSH,,PHX,W,0,0,0,0,0,0,0,0,0,,,,0,,12,11:56,3,1,0,0,
1,2011-11-23,2,20-123,WSH,,WPG,W,0,1,1,1,0,0,0,0,0,,,,0,,17,14:31,1,2,0,0,
2,2011-11-25,3,20-125,WSH,,NYR,L,0,1,1,0,0,0,0,0,0,,,,0,,21,17:33,3,0,0,0,
3,2011-11-26,4,20-126,WSH,@,BUF,L,0,0,0,-1,0,0,0,0,0,,,,2,0.0,23,17:47,2,1,0,0,
4,2011-11-29,5,20-129,WSH,,STL,L,0,0,0,0,0,0,0,0,0,,,,0,,22,16:19,2,0,0,0,
5,2011-12-01,6,20-131,WSH,,PIT,L,0,0,0,-1,0,0,0,0,0,,,,1,0.0,22,16:27,1,0,0,0,
6,2011-12-03,7,20-133,WSH,,OTT,W,0,0,0,0,0,0,0,0,0,,,,0,,19,15:04,2,0,0,0,
7,2011-12-05,8,20-135,WSH,@,FLA,L,0,1,1,1,2,0,0,0,0,,,,1,0.0,21,18:02,3,0,0,0,
8,2011-12-07,9,20-137,WSH,@,OTT,W,0,1,1,1,0,0,0,0,0,,,,1,0.0,25,15:43,0,1,0,0,
9,2011-12-09,10,20-139,WSH,,TOR,W,0,0,0,-1,0,0,0,0,0,,,,1,0.0,19,15:47,0,0,0,0,
10,2011-12-13,11,20-143,WSH,,PHI,L,0,0,0,-2,0,0,0,0,0,,,,2,0.0,21,19:03,1,2,0,0,
11,2011-12-15,12,20-145,WSH,@,WPG,W,0,0,0,0,0,0,0,0,0,,,,2,0.0,24,19:32,1,1,0,0,
12,2011-12-17,13,20-147,WSH,@,COL,L,0,1,1,1,0,0,0,0,0,,,,0,,24,18:23,2,0,0,0,
13,2011-12-20,14,20-150,WSH,,NSH,W,0,0,0,0,0,0,0,0,0,,,,1,0.0,21,17:54,3,0,0,0,
14,2011-12-23,15,20-153,WSH,@,NJD,L-SO,0,0,0,0,0,0,0,0,0,,,,0,,20,15:27,1,1,0,0,
15,2011-12-26,16,20-156,WSH,@,BUF,L,0,0,0,-1,0,0,0,0,0,,,,0,,21,16:49,1,1,0,1,0.0
16,2011-12-28,17,20-158,WSH,,NYR,W,0,0,0,1,0,0,0,0,0,,,,0,,21,15:31,1,2,0,0,
17,2011-12-30,18,20-160,WSH,,BUF,W,0,0,0,0,0,0,0,0,0,,,,0,,18,16:14,3,1,0,0,
18,2011-12-31,19,20-161,WSH,@,CBJ,W,0,1,1,0,2,0,0,0,0,,,,0,,19,13:39,0,1,0,0,
19,2012-01-03,20,20-164,WSH,,CGY,W,0,0,0,0,0,0,0,0,0,,,,0,,14,14:39,2,2,0,0,
20,2012-01-07,21,20-168,WSH,@,SJS,L,0,0,0,-1,0,0,0,0,0,,,,2,0.0,17,12:36,1,0,0,0,
21,2012-01-09,22,20-170,WSH,@,LAK,L,0,0,0,-1,0,0,0,0,0,,,,1,0.0,22,17:15,2,0,0,0,
22,2012-01-11,23,20-172,WSH,,PIT,W,0,0,0,0,0,0,0,0,0,,,,0,,21,19:51,3,1,0,0,
23,2012-01-13,24,20-174,WSH,,TBL,W,0,0,0,-1,0,0,0,0,0,,,,0,,19,15:38,2,2,0,0,
24,2012-01-15,25,20-176,WSH,,CAR,W,1,0,1,2,0,1,0,0,1,,,,1,100.0,21,15:50,2,2,0,0,
25,2012-01-17,26,20-178,WSH,,NYI,L,0,0,0,-1,0,0,0,0,0,,,,1,0.0,19,14:39,0,0,0,0,
26,2012-01-18,27,20-179,WSH,@,MTL,W,0,1,1,1,0,0,0,0,0,,,,1,0.0,19,15:40,0,1,0,0,
27,2012-01-20,28,20-181,WSH,@,CAR,L,0,0,0,0,0,0,0,0,0,,,,1,0.0,20,16:48,1,0,0,0,
28,2012-01-22,29,20-183,WSH,@,PIT,L-OT,0,0,0,0,0,0,0,0,0,,,,0,,17,11:37,2,3,0,0,
29,2012-01-24,30,20-185,WSH,,BOS,W,0,0,0,1,0,0,0,0,0,,,,0,,22,17:19,2,2,0,0,
30,2012-01-31,31,20-192,WSH,@,TBL,L-OT,0,0,0,-1,0,0,0,0,0,,,,2,0.0,29,21:39,0,1,0,0,
31,2012-02-01,32,20-193,WSH,@,FLA,L,0,0,0,-2,0,0,0,0,0,,,,0,,27,22:26,1,1,0,0,
32,2012-02-04,33,20-196,WSH,@,MTL,W,0,0,0,1,0,0,0,0,0,,,,1,0.0,20,17:52,2,3,0,0,
33,2012-02-05,34,20-197,WSH,,BOS,L,0,0,0,-1,0,0,0,0,0,,,,0,,19,16:20,1,0,0,0,
34,2012-02-07,35,20-199,WSH,,FLA,W,0,0,0,1,0,0,0,0,0,,,,1,0.0,24,22:21,1,2,0,0,
35,2012-02-09,36,20-201,WSH,,WPG,L-SO,0,0,0,0,0,0,0,0,0,,,,6,0.0,24,23:54,3,3,0,0,
36,2012-02-12,37,20-204,WSH,@,NYR,L,0,0,0,-2,0,0,0,0,0,,,,0,,21,18:16,2,0,0,0,
37,2012-02-13,38,20-205,WSH,,SJS,L,1,0,1,2,0,1,0,0,0,,,,5,20.0,20,17:11,2,0,0,0,
38,2012-02-17,39,20-209,WSH,@,FLA,W,0,1,1,1,0,0,0,0,0,,,,2,0.0,22,16:59,2,1,0,0,
39,2012-02-18,40,20-210,WSH,@,TBL,L,0,0,0,0,0,0,0,0,0,,,,0,,19,13:41,2,0,0,0,
40,2012-02-22,41,20-214,WSH,@,OTT,L,0,0,0,1,0,0,0,0,0,,,,0,,27,20:19,1,1,0,0,
41,2012-02-24,42,20-216,WSH,,MTL,W,0,1,1,1,0,0,0,0,0,,,,1,0.0,20,16:49,3,2,0,0,
42,2012-02-25,43,20-217,WSH,@,TOR,W,0,1,1,0,0,0,0,0,0,,,,1,0.0,19,14:33,2,1,0,0,
43,2012-02-28,44,20-220,WSH,,NYI,W,0,0,0,0,0,0,0,0,0,,,,1,0.0,24,19:58,3,0,0,0,
44,2012-03-02,45,20-223,WSH,,NJD,L,0,0,0,-1,0,0,0,0,0,,,,2,0.0,22,20:07,2,1,0,0,
45,2012-03-04,46,20-225,WSH,,PHI,L,0,0,0,-1,0,0,0,0,0,,,,2,0.0,20,17:00,5,1,0,0,
46,2012-03-06,47,20-227,WSH,,CAR,L-OT,0,1,1,1,12,0,0,0,0,,,,2,0.0,18,15:47,3,2,0,0,
47,2012-03-08,48,20-229,WSH,,TBL,W,0,1,1,2,0,0,0,0,0,,,,0,,28,24:31,3,1,0,0,
48,2012-03-10,49,20-231,WSH,@,BOS,W,0,2,2,1,0,0,0,0,0,,,,1,0.0,20,16:33,1,1,0,0,
49,2012-03-11,50,20-232,WSH,,TOR,W,0,0,0,0,0,0,0,0,0,,,,2,0.0,20,18:42,1,1,0,0,
50,2012-03-13,51,20-234,WSH,@,NYI,W,1,0,1,1,0,1,0,0,0,,,,1,100.0,22,18:22,0,0,0,0,
51,2012-03-16,52,20-237,WSH,@,WPG,L,0,0,0,0,0,0,0,0,0,,,,1,0.0,20,19:53,2,0,0,0,
52,2012-03-18,53,20-239,WSH,@,CHI,L,0,1,1,0,0,0,0,0,0,,,,0,,20,17:07,1,1,0,0,
53,2012-03-25,54,20-246,WSH,,MIN,W,0,0,0,0,0,0,0,0,0,,,,0,,15,10:55,0,0,0,0,
54,2012-03-27,55,20-248,WSH,,BUF,L,0,0,0,-1,0,0,0,0,0,,,,0,,17,10:30,2,0,0,0,
55,2012-03-29,56,20-250,WSH,@,BOS,W,0,0,0,-1,0,0,0,0,0,,,,0,,17,14:08,3,0,0,0,
56,2012-03-31,57,20-252,WSH,,MTL,W,0,0,0,0,0,0,0,0,0,,,,1,0.0,18,12:58,1,1,0,0,
57,2012-04-02,58,20-254,WSH,@,TBL,L,0,0,0,0,2,0,0,0,0,,,,0,,16,11:30,2,0,0,0,
58,2012-04-05,59,20-257,WSH,,FLA,W,0,1,1,0,0,0,0,0,0,,,,1,0.0,23,18:51,1,3,0,0,
59,2012-04-07,60,20-259,WSH,@,NYR,W,0,0,0,0,0,0,0,0,0,,,,0,,22,19:44,0,0,0,0,
60,2013-03-19,1,21-239,WSH,@,PIT,L,0,0,0,0,0,0,0,0,0,,,,0,,14,11:58,1,1,0,0,
61,2013-03-21,2,21-241,WSH,@,WPG,W,0,0,0,2,0,0,0,0,0,,,,0,,14,14:40,0,1,0,0,
62,2013-03-22,3,21-242,WSH,@,WPG,W,0,1,1,2,0,0,0,0,0,,,,0,,20,17:56,0,2,0,0,
63,2013-03-24,4,21-244,WSH,@,NYR,W,0,0,0,1,0,0,0,0,0,,,,0,,16,14:08,1,0,0,0,
64,2013-03-26,5,21-246,WSH,,NYI,L,0,0,0,0,0,0,0,0,0,,,,1,0.0,17,16:01,0,0,0,0,
65,2013-11-30,1,22-130,WSH,@,NYI,W,0,0,0,0,0,0,0,0,0,,,,1,0.0,14,13:41,0,0,0,0,
66,2013-12-03,2,22-133,WSH,,CAR,L,0,0,0,-1,0,0,0,0,0,,,,0,,18,16:09,1,0,0,0,
67,2013-12-07,3,22-137,WSH,,NSH,W,0,0,0,0,0,0,0,0,0,,,,0,,17,15:46,0,1,0,0,
68,2013-12-08,4,22-138,WSH,@,NYR,W,0,0,0,0,2,0,0,0,0,,,,2,0.0,20,18:03,2,2,0,0,
69,2013-12-10,5,22-140,WSH,,TBL,W,0,0,0,-1,0,0,0,0,0,,,,2,0.0,18,18:39,1,3,0,0,
70,2013-12-13,6,22-143,WSH,@,FLA,L-SO,0,0,0,0,0,0,0,0,0,,,,2,0.0,20,20:04,2,0,0,0,
71,2013-12-15,7,22-145,WSH,,PHI,W,1,0,1,2,0,1,0,0,0,,,,3,33.3,22,21:08,1,0,0,0,
72,2013-12-17,8,22-147,WSH,@,PHI,L,0,0,0,0,0,0,0,0,0,,,,0,,19,17:34,0,3,0,0,
73,2013-12-20,9,22-150,WSH,@,CAR,W,0,0,0,0,0,0,0,0,0,,,,0,,23,19:11,5,2,0,0,
74,2013-12-21,10,22-151,WSH,,NJD,L-OT,0,0,0,1,0,0,0,0,0,,,,1,0.0,25,23:03,1,2,0,0,
75,2013-12-23,11,22-153,WSH,,ANA,L,0,0,0,-2,0,0,0,0,0,,,,0,,21,20:21,0,1,0,0,
76,2013-12-27,12,22-157,WSH,,NYR,W,0,1,1,1,2,0,0,0,0,,,,2,0.0,21,17:48,3,2,0,0,
77,2013-12-29,13,22-159,WSH,@,BUF,L-SO,0,0,0,0,0,0,0,0,0,,,,0,,28,23:12,1,0,0,0,
78,2013-12-30,14,22-160,WSH,@,OTT,L,0,0,0,-1,0,0,0,0,0,,,,2,0.0,21,22:19,0,0,0,0,
79,2014-01-02,15,22-163,WSH,,CAR,L-OT,0,0,0,-1,0,0,0,0,0,,,,2,0.0,27,23:39,2,2,0,0,
80,2014-01-04,16,22-165,WSH,@,MIN,L,0,0,0,1,0,0,0,0,0,,,,1,0.0,22,21:51,1,2,0,0,
81,2014-01-09,17,22-170,WSH,@,TBL,W,0,1,1,-1,0,0,0,0,0,,,,0,,22,20:46,1,1,0,0,
82,2014-01-10,18,22-171,WSH,,TOR,W,0,0,0,2,0,0,0,0,0,,,,1,0.0,21,17:48,1,3,0,0,
83,2014-01-12,19,22-173,WSH,,BUF,L-SO,0,0,0,0,0,0,0,0,0,,,,2,0.0,23,21:49,0,1,0,0,
84,2014-01-14,20,22-175,WSH,,SJS,L-SO,0,0,0,-1,0,0,0,0,0,,,,2,0.0,30,22:38,4,1,0,0,
85,2014-01-15,21,22-176,WSH,@,PIT,L,0,1,1,1,0,0,0,0,0,,,,3,0.0,23,17:48,0,0,0,0,
86,2014-01-17,22,22-178,WSH,@,CBJ,L,0,0,0,-2,0,0,0,0,0,,,,2,0.0,22,20:49,1,0,0,0,
87,2014-01-19,23,22-180,WSH,@,NYR,L,0,0,0,-3,0,0,0,0,0,,,,1,0.0,22,18:55,2,0,0,0,
88,2014-01-21,24,22-182,WSH,,OTT,L,0,0,0,0,2,0,0,0,0,,,,3,0.0,26,20:33,2,2,0,0,
89,2014-01-24,25,22-185,WSH,@,NJD,L,0,0,0,-1,2,0,0,0,0,,,,2,0.0,20,19:22,0,1,0,0,
90,2014-01-25,26,22-186,WSH,@,MTL,W,0,0,0,1,0,0,0,0,0,,,,0,,19,15:54,1,2,0,0,
91,2014-01-28,27,22-189,WSH,@,BUF,W,0,1,1,3,2,0,0,0,0,,,,1,0.0,23,20:54,0,2,0,0,
92,2014-01-30,28,22-191,WSH,@,CBJ,L,0,1,1,0,0,0,0,0,0,,,,1,0.0,22,16:36,3,0,0,0,
93,2014-01-31,29,22-192,WSH,@,DET,L-SO,0,0,0,1,2,0,0,0,0,,,,0,,26,20:41,3,0,0,0,
94,2014-02-02,30,22-194,WSH,,DET,W,0,0,0,0,0,0,0,0,0,,,,0,,20,16:32,1,1,0,0,
95,2014-02-04,31,22-196,WSH,,NYI,L,0,0,0,0,2,0,0,0,0,,,,1,0.0,22,17:36,1,2,0,0,
96,2014-02-06,32,22-198,WSH,,WPG,W,0,0,0,0,0,0,0,0,0,,,,0,,25,19:46,3,2,0,0,
97,2014-02-08,33,22-200,WSH,,NJD,W,0,0,0,0,0,0,0,0,0,,,,0,,22,18:59,1,2,0,0,
98,2014-02-27,34,22-219,WSH,@,FLA,W,0,1,1,0,0,0,0,0,0,,,,0,,23,18:12,0,1,0,0,
99,2014-03-01,35,22-221,WSH,@,BOS,W,0,0,0,-1,0,0,0,0,0,,,,2,0.0,22,17:22,2,0,0,0,
100,2014-03-02,36,22-222,WSH,,PHI,L-OT,2,0,2,2,5,2,0,0,0,,,,2,100.0,23,20:43,2,2,0,0,
101,2014-03-08,37,22-228,WSH,,PHX,W,0,0,0,-1,0,0,0,0,0,,,,0,,24,21:58,1,1,0,0,
102,2014-03-10,38,22-230,WSH,,PIT,L,0,0,0,-1,0,0,0,0,0,,,,0,,24,23:42,2,1,0,0,
103,2014-03-11,39,22-231,WSH,@,PIT,L,0,0,0,-2,0,0,0,0,0,,,,0,,19,17:34,0,0,0,0,
104,2014-03-14,40,22-234,WSH,,VAN,W,0,0,0,-1,0,0,0,0,0,,,,0,,16,13:15,0,1,0,0,
105,2014-03-16,41,22-236,WSH,,TOR,W,0,0,0,-2,0,0,0,0,0,,,,0,,22,13:30,0,2,0,0,
106,2014-03-18,42,22-238,WSH,@,ANA,W,0,0,0,1,0,0,0,0,0,,,,1,0.0,18,15:47,1,1,0,0,
107,2014-03-20,43,22-240,WSH,@,LAK,L-SO,0,0,0,1,0,0,0,0,0,,,,3,0.0,20,19:01,2,1,0,0,
108,2014-03-22,44,22-242,WSH,@,SJS,W,0,0,0,-1,0,0,0,0,0,,,,2,0.0,24,18:46,4,0,0,0,
109,2014-03-25,45,22-245,WSH,,LAK,L-SO,0,0,0,-1,0,0,0,0,0,,,,2,0.0,24,18:02,3,3,0,0,
110,2014-03-29,46,22-249,WSH,,BOS,L,0,0,0,1,0,0,0,0,0,,,,2,0.0,23,20:55,2,1,0,0,
111,2014-03-30,47,22-250,WSH,@,NSH,L-SO,0,0,0,0,0,0,0,0,0,,,,2,0.0,31,25:07,1,0,0,0,
112,2014-04-01,48,22-252,WSH,,DAL,L,0,0,0,-1,0,0,0,0,0,,,,2,0.0,20,20:16,0,0,0,0,
113,2014-04-04,49,22-255,WSH,@,NJD,L,0,0,0,0,0,0,0,0,0,,,,2,0.0,21,22:18,5,1,0,0,
114,2014-04-05,50,22-256,WSH,@,NYI,W,0,0,0,2,0,0,0,0,0,,,,0,,24,24:02,2,2,0,0,
115,2014-04-08,51,22-259,WSH,@,STL,W,0,1,1,1,0,0,0,0,0,,,,1,0.0,24,20:03,1,1,0,0,
116,2014-04-10,52,22-261,WSH,@,CAR,W,0,0,0,1,0,0,0,0,0,,,,0,,26,22:56,0,1,0,0,
117,2014-04-11,53,22-262,WSH,,CHI,W,0,1,1,2,0,0,0,0,0,,,,0,,20,21:28,1,2,0,0,
118,2014-04-13,54,22-264,WSH,,TBL,L-SO,0,0,0,0,0,0,0,0,0,,,,1,0.0,22,23:26,2,1,0,0,
119,2015-10-10,1,24-079,WSH,,NJD,W,0,1,1,0,0,0,0,0,0,0,1,0,2,0.0,15,13:32,0,0,0,0,
120,2015-10-13,2,24-082,WSH,,SJS,L,0,0,0,-2,0,0,0,0,0,0,0,0,1,0.0,19,14:18,0,0,0,0,
121,2015-10-15,3,24-084,WSH,,CHI,W,0,0,0,0,0,0,0,0,0,0,0,0,0,,14,12:12,2,0,0,0,
122,2015-10-17,4,24-086,WSH,,CAR,W,0,0,0,1,0,0,0,0,0,0,0,0,1,0.0,17,13:36,0,0,0,0,
123,2015-10-20,5,24-089,WSH,@,CGY,W,0,0,0,3,2,0,0,0,0,0,0,0,1,0.0,24,15:28,1,1,0,0,
124,2015-10-22,6,24-091,WSH,@,VAN,W,0,1,1,1,0,0,0,0,0,1,0,0,1,0.0,18,13:25,0,0,0,0,
125,2015-10-23,7,24-092,WSH,@,EDM,W,0,0,0,-2,0,0,0,0,0,0,0,0,0,,17,12:07,1,1,0,0,
126,2015-10-28,8,24-097,WSH,,PIT,L,0,0,0,-1,0,0,0,0,0,0,0,0,1,0.0,16,13:21,0,0,0,0,
127,2015-10-30,9,24-099,WSH,,CBJ,W,0,0,0,0,0,0,0,0,0,0,0,0,0,,16,15:44,5,0,0,0,
128,2015-10-31,10,24-100,WSH,@,FLA,W,0,1,1,1,0,0,0,0,0,1,0,0,1,0.0,23,12:50,0,0,0,0,
129,2015-11-03,11,24-103,WSH,@,NYR,L,0,0,0,1,0,0,0,0,0,0,0,0,0,,23,19:36,1,1,0,0,
130,2015-11-05,12,24-105,WSH,,BOS,W,0,1,1,1,0,0,0,0,0,1,0,0,1,0.0,20,14:52,2,0,0,0,
131,2015-11-07,13,24-107,WSH,,TOR,W,0,0,0,-1,0,0,0,0,0,0,0,0,2,0.0,19,15:41,1,1,0,0,
132,2015-11-10,14,24-110,WSH,@,DET,L,0,0,0,0,0,0,0,0,0,0,0,0,2,0.0,20,17:08,1,0,0,0,
133,2015-11-12,15,24-112,WSH,@,PHI,W,0,0,0,0,0,0,0,0,0,0,0,0,0,,20,14:21,2,1,0,0,
134,2015-11-13,16,24-113,WSH,,CGY,L-OT,0,0,0,-1,0,0,0,0,0,0,0,0,2,0.0,16,14:50,2,1,0,0,
135,2015-11-18,17,24-118,WSH,@,DET,W,0,0,0,-1,0,0,0,0,0,0,0,0,1,0.0,16,11:51,0,1,0,0,
136,2015-11-19,18,24-119,WSH,,DAL,L,0,1,1,1,0,0,0,0,0,1,0,0,0,,20,16:07,1,1,0,0,
137,2015-11-21,19,24-121,WSH,,COL,W,1,0,1,2,0,1,0,0,0,0,0,0,2,50.0,17,12:52,1,0,0,0,
138,2015-11-23,20,24-123,WSH,,EDM,W,1,0,1,1,0,1,0,0,1,0,0,0,1,100.0,13,10:27,0,1,0,0,
139,2015-11-25,21,24-125,WSH,,WPG,W,1,1,2,2,0,1,0,0,1,1,0,0,5,20.0,19,15:33,0,0,0,0,
140,2015-11-27,22,24-127,WSH,,TBL,W,0,0,0,-1,0,0,0,0,0,0,0,0,1,0.0,17,12:17,3,1,0,0,
141,2015-11-28,23,24-128,WSH,@,TOR,W,0,0,0,0,0,0,0,0,0,0,0,0,1,0.0,20,15:26,1,1,0,0,
142,2015-12-03,24,24-133,WSH,@,MTL,W,0,0,0,1,0,0,0,0,0,0,0,0,1,0.0,18,12:51,0,0,0,0,
143,2015-12-05,25,24-135,WSH,@,WPG,L-OT,0,0,0,-1,0,0,0,0,0,0,0,0,1,0.0,21,11:51,2,0,0,0,
144,2015-12-08,26,24-138,WSH,,DET,W,0,0,0,-2,0,0,0,0,0,0,0,0,1,0.0,16,12:06,2,1,0,0,
145,2015-12-10,27,24-140,WSH,@,FLA,L,0,0,0,0,0,0,0,0,0,0,0,0,0,,16,13:25,4,0,0,0,
146,2015-12-12,28,24-142,WSH,@,TBL,W,0,0,0,1,0,0,0,0,0,0,0,0,0,,16,10:58,2,3,0,0,
147,2015-12-14,29,24-144,WSH,@,PIT,W,0,0,0,0,0,0,0,0,0,0,0,0,1,0.0,19,12:19,0,1,0,0,
148,2015-12-16,30,24-146,WSH,,OTT,W,0,1,1,1,0,0,0,0,0,1,0,0,0,,21,16:21,0,0,0,0,
149,2015-12-18,31,24-148,WSH,,TBL,W,0,0,0,0,0,0,0,0,0,0,0,0,0,,16,13:48,2,1,0,0,
150,2015-12-20,32,24-150,WSH,@,NYR,W,0,2,2,2,2,0,0,0,0,2,0,0,0,,20,19:02,0,0,0,0,
151,2015-12-21,33,24-151,WSH,@,CAR,W,0,1,1,1,0,0,0,0,0,1,0,0,1,0.0,17,14:07,1,0,0,0,
152,2015-12-26,34,24-156,WSH,,MTL,W,0,0,0,0,0,0,0,0,0,0,0,0,0,,16,10:47,2,0,0,0,
153,2015-12-28,35,24-158,WSH,@,BUF,W,0,0,0,0,0,0,0,0,0,0,0,0,0,,25,19:45,3,1,0,0,
154,2015-12-30,36,24-160,WSH,,BUF,W,0,0,0,1,0,0,0,0,0,0,0,0,3,0.0,29,21:53,1,2,0,0,
155,2015-12-31,37,24-161,WSH,@,CAR,L,0,0,0,-3,2,0,0,0,0,0,0,0,2,0.0,30,21:30,1,2,0,0,
156,2016-01-02,38,24-163,WSH,@,CBJ,L-SO,0,0,0,-1,2,0,0,0,0,0,0,0,2,0.0,25,20:01,1,0,0,0,
157,2016-01-05,39,24-166,WSH,@,BOS,W,0,1,1,1,0,0,0,0,0,1,0,0,1,0.0,26,20:06,3,1,0,0,
158,2016-01-07,40,24-168,WSH,@,NYI,W,0,0,0,0,0,0,0,0,0,0,0,0,2,0.0,28,22:56,3,5,0,0,
159,2016-01-09,41,24-170,WSH,@,NYR,W,0,0,0,0,0,0,0,0,0,0,0,0,1,0.0,25,19:36,2,0,0,0,
160,2016-01-10,42,24-171,WSH,,OTT,W,1,0,1,2,4,1,0,0,0,0,0,0,4,25.0,27,21:15,1,1,0,0,
161,2016-01-14,43,24-175,WSH,,VAN,W,0,1,1,1,0,0,0,0,0,1,0,0,1,0.0,24,18:10,0,0,0,0,
162,2016-01-16,44,24-177,WSH,@,BUF,L,0,0,0,-2,0,0,0,0,0,0,0,0,2,0.0,22,18:51,0,0,0,0,
163,2016-01-17,45,24-178,WSH,,NYR,W,0,1,1,1,0,0,0,0,0,0,1,0,2,0.0,24,17:49,0,0,0,0,
164,2016-01-19,46,24-180,WSH,@,CBJ,W,0,0,0,1,0,0,0,0,0,0,0,0,3,0.0,28,22:07,1,1,0,0,
165,2016-01-27,47,24-188,WSH,,PHI,L-OT,0,0,0,0,0,0,0,0,0,0,0,0,0,,18,14:27,3,0,0,0,
166,2016-02-02,48,24-194,WSH,,FLA,L,0,0,0,0,2,0,0,0,0,0,0,0,1,0.0,22,13:08,0,0,0,0,
167,2016-02-04,49,24-196,WSH,,NYI,W,0,1,1,0,0,0,0,0,0,1,0,0,0,,16,14:04,2,1,0,0,
168,2016-02-06,50,24-198,WSH,@,NJD,W,0,0,0,1,0,0,0,0,0,0,0,0,2,0.0,20,12:39,1,0,0,0,
169,2016-02-07,51,24-199,WSH,,PHI,W,1,0,1,1,0,1,0,0,0,0,0,0,1,100.0,17,13:47,0,1,0,0,
170,2016-02-09,52,24-201,WSH,@,NSH,W,0,0,0,1,0,0,0,0,0,0,0,0,0,,16,11:55,2,1,0,0,
171,2016-02-11,53,24-203,WSH,@,MIN,W,0,0,0,0,2,0,0,0,0,0,0,0,1,0.0,19,12:21,3,0,0,0,
172,2016-02-13,54,24-205,WSH,@,DAL,L,0,1,1,-1,0,0,0,0,0,1,0,0,1,0.0,15,10:19,0,2,0,0,
173,2016-02-16,55,24-208,WSH,,LAK,W,0,1,1,1,0,0,0,0,0,1,0,0,0,,19,15:53,1,0,0,0,
174,2016-02-18,56,24-210,WSH,@,NYI,W,0,0,0,0,0,0,0,0,0,0,0,0,2,0.0,20,13:25,2,1,0,0,
175,2016-02-20,57,24-212,WSH,,NJD,W,0,2,2,4,0,0,0,0,0,2,0,0,2,0.0,21,18:21,1,3,0,0,
176,2016-02-22,58,24-214,WSH,,ARI,W,0,0,0,-1,0,0,0,0,0,0,0,0,1,0.0,20,13:58,1,0,0,0,
177,2016-02-24,59,24-216,WSH,,MTL,L,1,0,1,-1,0,1,0,0,0,0,0,0,2,50.0,21,14:34,1,2,0,0,
178,2016-02-26,60,24-218,WSH,,MIN,W,1,0,1,2,0,1,0,0,1,0,0,0,1,100.0,24,20:44,2,3,0,0,
179,2016-02-28,61,24-220,WSH,@,CHI,L,0,0,0,0,0,0,0,0,0,0,0,0,0,,24,18:55,2,1,0,0,
180,2016-03-01,62,24-222,WSH,,PIT,W,0,0,0,0,4,0,0,0,0,0,0,0,1,0.0,29,19:02,4,2,0,0,
181,2016-03-02,63,24-223,WSH,,TOR,W,0,0,0,-1,0,0,0,0,0,0,0,0,1,0.0,21,18:17,4,1,0,0,
182,2016-03-04,64,24-225,WSH,,NYR,L,0,0,0,-1,0,0,0,0,0,0,0,0,2,0.0,24,21:01,1,1,0,0,
183,2016-03-05,65,24-226,WSH,@,BOS,W,0,0,0,0,0,0,0,0,0,0,0,0,1,0.0,25,21:36,1,1,0,0,
184,2016-03-07,66,24-228,WSH,@,ANA,W,0,0,0,0,2,0,0,0,0,0,0,0,4,0.0,27,19:37,5,0,0,0,
185,2016-03-09,67,24-230,WSH,@,LAK,L-OT,1,0,1,-1,0,1,0,0,0,0,0,0,2,50.0,27,20:13,7,0,0,0,
186,2016-03-12,68,24-233,WSH,@,SJS,L,0,0,0,-2,0,0,0,0,0,0,0,0,0,,25,18:28,2,1,0,0,
187,2016-03-15,69,24-236,WSH,,CAR,W,0,0,0,1,0,0,0,0,0,0,0,0,1,0.0,28,21:34,3,0,0,0,
188,2016-03-18,70,24-239,WSH,,NSH,W,0,1,1,4,0,0,0,0,0,1,0,0,1,0.0,26,19:09,1,1,0,0,
189,2016-03-20,71,24-241,WSH,@,PIT,L,0,1,1,-3,0,0,0,0,0,1,0,0,0,,25,17:38,2,1,0,0,
190,2016-03-22,72,24-243,WSH,@,OTT,W,0,0,0,1,2,0,0,0,0,0,0,0,1,0.0,26,19:57,1,1,0,0,
191,2016-03-25,73,24-246,WSH,@,NJD,W,0,0,0,0,0,0,0,0,0,0,0,0,1,0.0,20,17:33,2,0,0,0,
192,2016-03-26,74,24-247,WSH,,STL,L,0,0,0,-2,2,0,0,0,0,0,0,0,1,0.0,23,21:09,0,1,0,0,
193,2016-03-28,75,24-249,WSH,,CBJ,W,0,0,0,-1,0,0,0,0,0,0,0,0,2,0.0,17,13:45,2,1,0,0,
194,2016-03-30,76,24-251,WSH,@,PHI,L-SO,0,0,0,0,0,0,0,0,0,0,0,0,0,,20,15:54,4,1,0,0,
195,2016-04-01,77,24-253,WSH,@,COL,W,0,0,0,1,0,0,0,0,0,0,0,0,2,0.0,18,14:36,2,0,0,0,
196,2016-04-02,78,24-254,WSH,@,ARI,L,0,0,0,0,0,0,0,0,0,0,0,0,0,,21,17:21,1,0,0,0,
197,2016-04-05,79,24-257,WSH,,NYI,L-OT,0,0,0,-2,0,0,0,0,0,0,0,0,0,,18,14:48,2,0,0,0,
198,2016-04-07,80,24-259,WSH,,PIT,L-OT,0,0,0,-2,0,0,0,0,0,0,0,0,0,,14,10:42,1,0,0,0,
199,2016-04-09,81,24-261,WSH,@,STL,W,0,1,1,2,0,0,0,0,0,1,0,0,0,,22,14:22,0,3,0,0,
200,2016-04-10,82,24-262,WSH,,ANA,L,0,0,0,-2,0,0,0,0,0,0,0,0,2,0.0,24,19:50,0,1,0,0,
201,2016-10-13,1,25-082,WSH,@,PIT,L-SO,0,0,0,0,0,0,0,0,0,0,0,0,2,0.0,24,19:59,1,0,0,0,
202,2016-10-15,2,25-084,WSH,,NYI,W,0,0,0,1,0,0,0,0,0,0,0,0,2,0.0,21,17:07,2,1,0,0,
203,2016-10-18,3,25-087,WSH,,COL,W,0,1,1,0,0,0,0,0,0,0,1,0,1,0.0,22,19:18,1,1,0,0,
204,2016-10-20,4,25-089,WSH,@,FLA,W,0,0,0,-1,0,0,0,0,0,0,0,0,0,,22,21:55,2,1,0,0,
205,2016-10-22,5,25-091,WSH,,NYR,L,0,1,1,1,0,0,0,0,0,1,0,0,2,0.0,25,21:13,1,1,0,0,
206,2016-10-26,6,25-095,WSH,@,EDM,L,0,0,0,-2,0,0,0,0,0,0,0,0,2,0.0,23,17:34,3,2,0,0,
207,2016-10-29,7,25-098,WSH,@,VAN,W,0,0,0,0,0,0,0,0,0,0,0,0,0,,22,19:17,1,1,0,0,
208,2016-10-30,8,25-099,WSH,@,CGY,W,0,0,0,0,0,0,0,0,0,0,0,0,3,0.0,23,21:30,1,3,0,0,
209,2016-11-01,9,25-101,WSH,@,WPG,W,0,0,0,2,4,0,0,0,0,0,0,0,2,0.0,28,18:01,1,1,0,0,
210,2016-11-03,10,25-103,WSH,,WPG,W,0,0,0,1,0,0,0,0,0,0,0,0,2,0.0,23,20:27,1,0,0,0,
211,2016-11-05,11,25-105,WSH,,FLA,W,0,0,0,2,2,0,0,0,0,0,0,0,1,0.0,20,16:46,3,1,0,0,
212,2016-11-08,12,25-108,WSH,,SJS,L,0,0,0,0,0,0,0,0,0,0,0,0,2,0.0,22,19:05,3,3,0,0,
213,2016-11-11,13,25-111,WSH,@,CHI,W,0,1,1,2,0,0,0,0,0,1,0,0,1,0.0,24,22:05,2,5,0,0,
214,2016-11-12,14,25-112,WSH,@,CAR,L,0,1,1,0,2,0,0,0,0,1,0,0,2,0.0,20,17:24,1,0,0,0,
215,2016-11-15,15,25-115,WSH,@,CBJ,L-OT,0,0,0,-1,0,0,0,0,0,0,0,0,2,0.0,20,21:28,0,1,0,0,
216,2016-11-16,16,25-116,WSH,,PIT,W,1,0,1,0,0,1,0,0,0,0,0,0,3,33.3,20,17:29,3,0,0,0,
217,2016-11-18,17,25-118,WSH,,DET,W,0,1,1,1,0,0,0,0,0,1,0,0,2,0.0,22,17:08,1,0,0,0,
218,2016-11-20,18,25-120,WSH,,CBJ,L,0,0,0,-1,0,0,0,0,0,0,0,0,0,,26,19:10,2,2,0,0,
219,2016-11-23,19,25-123,WSH,,STL,W,0,1,1,2,2,0,0,0,0,1,0,0,1,0.0,23,17:14,0,0,0,0,
220,2016-11-25,20,25-125,WSH,,BUF,W,0,0,0,1,0,0,0,0,0,0,0,0,2,0.0,25,20:08,3,2,0,0,
221,2016-11-26,21,25-126,WSH,@,TOR,L,0,0,0,-2,2,0,0,0,0,0,0,0,1,0.0,24,17:00,1,1,0,0,
222,2016-12-01,22,25-131,WSH,,NYI,L,0,0,0,-2,0,0,0,0,0,0,0,0,2,0.0,21,15:54,3,0,0,0,
223,2016-12-03,23,25-133,WSH,@,TBL,L-SO,0,0,0,0,0,0,0,0,0,0,0,0,2,0.0,25,20:34,2,0,0,0,
224,2016-12-05,24,25-135,WSH,,BUF,W,0,1,1,2,0,0,0,0,0,1,0,0,2,0.0,24,19:24,1,1,0,0,
225,2016-12-07,25,25-137,WSH,,BOS,W,0,0,0,0,0,0,0,0,0,0,0,0,1,0.0,28,21:21,0,2,0,0,
226,2016-12-09,26,25-139,WSH,@,BUF,W,0,2,2,0,0,0,0,0,0,1,1,0,2,0.0,22,16:52,1,1,0,0,
227,2016-12-11,27,25-141,WSH,,VAN,W,0,0,0,1,4,0,0,0,0,0,0,0,1,0.0,25,17:10,1,1,0,0,
228,2016-12-13,28,25-143,WSH,@,NYI,W,0,1,1,1,0,0,0,0,0,1,0,0,1,0.0,25,19:27,1,0,0,0,
229,2016-12-16,29,25-146,WSH,@,CAR,W,0,1,1,1,0,0,0,0,0,1,0,0,0,,26,19:32,0,4,0,0,
230,2016-12-17,30,25-147,WSH,,MTL,L,0,0,0,-1,2,0,0,0,0,0,0,0,1,0.0,24,20:21,5,0,0,0,
231,2016-12-21,31,25-151,WSH,@,PHI,L-SO,0,1,1,1,0,0,0,0,0,1,0,0,1,0.0,29,24:29,1,3,0,0,
232,2016-12-23,32,25-153,WSH,,TBL,W,0,1,1,2,0,0,0,0,0,1,0,0,2,0.0,22,18:24,3,1,0,0,
233,2016-12-27,33,25-157,WSH,@,NYI,L,0,1,1,0,0,0,0,0,0,1,0,0,1,0.0,19,16:52,2,1,0,0,
234,2016-12-29,34,25-159,WSH,,NJD,L-SO,0,0,0,-1,2,0,0,0,0,0,0,0,6,0.0,26,19:48,1,0,0,0,
235,2016-12-31,35,25-161,WSH,@,NJD,W,0,1,1,3,4,0,0,0,0,1,0,0,2,0.0,22,15:50,2,2,0,0,
236,2017-01-01,36,25-162,WSH,,OTT,W,0,0,0,0,0,0,0,0,0,0,0,0,0,,24,18:28,2,2,0,0,
237,2017-01-03,37,25-164,WSH,,TOR,W,1,1,2,0,0,1,0,0,0,0,1,0,3,33.3,22,17:39,0,0,0,0,
238,2017-01-05,38,25-166,WSH,,CBJ,W,0,0,0,0,0,0,0,0,0,0,0,0,1,0.0,23,22:42,1,0,0,0,
239,2017-01-07,39,25-168,WSH,@,OTT,W,0,0,0,0,0,0,0,0,0,0,0,0,0,,22,21:44,2,1,0,0,
240,2017-01-09,40,25-170,WSH,@,MTL,W,0,0,0,0,0,0,0,0,0,0,0,0,1,0.0,23,19:34,2,2,0,0,
241,2017-01-11,41,25-172,WSH,,PIT,W,0,1,1,2,2,0,0,0,0,1,0,0,2,0.0,25,20:18,1,3,0,0,
242,2017-01-13,42,25-174,WSH,,CHI,W,0,0,0,1,0,0,0,0,0,0,0,0,1,0.0,23,21:13,3,0,0,0,
243,2017-01-15,43,25-176,WSH,,PHI,W,0,0,0,0,0,0,0,0,0,0,0,0,0,,24,22:15,2,5,0,0,
244,2017-01-16,44,25-177,WSH,@,PIT,L-OT,0,1,1,0,0,0,0,0,0,1,0,0,3,0.0,24,21:49,4,1,0,0,
245,2017-01-19,45,25-180,WSH,@,STL,W,0,1,1,1,0,0,0,0,0,0,1,0,0,,27,21:35,2,0,0,0,
246,2017-01-21,46,25-182,WSH,@,DAL,W,0,0,0,0,4,0,0,0,0,0,0,0,1,0.0,27,17:46,0,1,0,0,
247,2017-01-23,47,25-184,WSH,,CAR,W,2,0,2,2,0,1,1,0,0,0,0,0,2,100.0,26,22:40,0,4,0,0,
248,2017-01-24,48,25-185,WSH,@,OTT,L,0,0,0,0,0,0,0,0,0,0,0,0,1,0.0,24,22:25,1,0,0,0,
249,2017-01-26,49,25-187,WSH,@,NJD,W,0,2,2,2,0,0,0,0,0,1,1,0,3,0.0,23,20:33,1,0,0,0,
250,2017-01-31,50,25-192,WSH,@,NYI,L,0,0,0,0,0,0,0,0,0,0,0,0,3,0.0,23,21:40,0,0,0,0,
251,2017-02-01,51,25-193,WSH,,BOS,W,0,1,1,2,0,0,0,0,0,1,0,0,2,0.0,24,19:45,2,2,0,0,
252,2017-02-04,52,25-196,WSH,@,MTL,W,0,0,0,0,0,0,0,0,0,0,0,0,0,,24,20:23,1,0,0,0,
253,2017-02-05,53,25-197,WSH,,LAK,W,0,0,0,2,2,0,0,0,0,0,0,0,0,,23,19:09,3,1,0,0,
254,2017-02-07,54,25-199,WSH,,CAR,W,0,0,0,0,0,0,0,0,0,0,0,0,2,0.0,20,19:08,1,1,0,0,
255,2017-02-09,55,25-201,WSH,,DET,W,0,0,0,0,0,0,0,0,0,0,0,0,0,,23,22:02,1,1,0,0,
256,2017-02-11,56,25-203,WSH,,ANA,W,0,0,0,1,0,0,0,0,0,0,0,0,2,0.0,23,20:09,1,2,0,0,
257,2017-02-18,57,25-210,WSH,@,DET,L-SO,0,0,0,1,0,0,0,0,0,0,0,0,3,0.0,21,20:25,1,0,0,0,
258,2017-02-19,58,25-211,WSH,@,NYR,L,0,0,0,0,0,0,0,0,0,0,0,0,4,0.0,23,20:46,0,1,0,0,
259,2017-02-22,59,25-214,WSH,@,PHI,W,0,0,0,0,2,0,0,0,0,0,0,0,1,0.0,26,20:37,5,1,0,0,
260,2017-02-24,60,25-216,WSH,,EDM,W,0,1,1,1,0,0,0,0,0,1,0,0,1,0.0,29,24:24,2,3,0,0,
261,2017-02-25,61,25-217,WSH,@,NSH,L,0,0,0,0,4,0,0,0,0,0,0,0,0,,27,21:22,1,1,0,0,
262,2017-02-28,62,25-220,WSH,@,NYR,W,0,1,1,2,2,0,0,0,0,1,0,0,2,0.0,23,17:14,1,0,0,0,
263,2017-03-02,63,25-222,WSH,,NJD,W,0,0,0,0,5,0,0,0,0,0,0,0,1,0.0,18,14:16,0,2,0,0,
264,2017-03-04,64,25-224,WSH,,PHI,W,1,0,1,1,2,1,0,0,0,0,0,0,2,50.0,24,19:17,2,1,0,0,
265,2017-03-06,65,25-226,WSH,,DAL,L,0,0,0,-1,0,0,0,0,0,0,0,0,3,0.0,23,17:41,3,1,0,0,
266,2017-03-09,66,25-229,WSH,@,SJS,L,0,0,0,-1,0,0,0,0,0,0,0,0,0,,21,16:48,0,2,0,0,
267,2017-03-11,67,25-231,WSH,@,LAK,L,0,0,0,0,0,0,0,0,0,0,0,0,1,0.0,22,16:35,0,2,0,0,
268,2017-03-12,68,25-232,WSH,@,ANA,L,0,0,0,-2,0,0,0,0,0,0,0,0,1,0.0,22,17:41,3,1,0,0,
269,2017-03-14,69,25-234,WSH,,MIN,W,0,1,1,1,0,0,0,0,0,1,0,0,2,0.0,22,17:49,1,0,0,0,
270,2017-03-16,70,25-236,WSH,,NSH,L-OT,0,0,0,0,0,0,0,0,0,0,0,0,0,,24,20:18,4,1,0,0,
271,2017-03-18,71,25-238,WSH,@,TBL,W,0,0,0,0,0,0,0,0,0,0,0,0,1,0.0,23,18:05,1,1,0,0,
272,2017-03-21,72,25-241,WSH,,CGY,W,0,0,0,1,0,0,0,0,0,0,0,0,0,,22,17:27,3,1,0,0,
273,2017-03-23,73,25-243,WSH,,CBJ,W,1,0,1,0,0,1,0,0,0,0,0,0,1,100.0,26,19:52,1,0,0,0,
274,2017-03-25,74,25-245,WSH,,ARI,W,0,1,1,2,0,0,0,0,0,1,0,0,0,,18,18:01,1,0,0,0,
275,2017-03-28,75,25-248,WSH,@,MIN,W,0,0,0,-2,2,0,0,0,0,0,0,0,0,,22,17:19,2,2,0,0,
276,2017-03-29,76,25-249,WSH,@,COL,W,0,0,0,-1,2,0,0,0,0,0,0,0,2,0.0,21,17:52,0,3,0,0,
277,2017-03-31,77,25-251,WSH,@,ARI,L,0,1,1,1,0,0,0,0,0,1,0,0,3,0.0,25,20:15,0,1,0,0,
278,2017-04-02,78,25-253,WSH,@,CBJ,W,0,0,0,2,0,0,0,0,0,0,0,0,3,0.0,25,20:00,0,0,0,0,
279,2017-04-04,79,25-255,WSH,@,TOR,W,0,0,0,0,0,0,0,0,0,0,0,0,4,0.0,28,22:10,2,1,0,0,
280,2017-04-05,80,25-256,WSH,,NYR,W,0,0,0,0,0,0,0,0,0,0,0,0,1,0.0,24,22:09,1,1,0,0,
281,2017-04-08,81,25-259,WSH,@,BOS,W,0,0,0,-1,0,0,0,0,0,0,0,0,3,0.0,22,22:08,2,0,0,0,
282,2017-04-09,82,25-260,WSH,,FLA,L,0,0,0,0,0,0,0,0,0,0,0,0,2,0.0,22,21:03,0,0,0,0,
283,2017-10-05,1,26-074,WSH,@,OTT,W,0,0,0,1,0,0,0,0,0,0,0,0,1,0.0,32,26:06,0,2,0,0,
284,2017-10-07,2,26-076,WSH,,MTL,W,0,0,0,1,0,0,0,0,0,0,0,0,0,,26,21:55,3,1,0,0,
285,2017-10-09,3,26-078,WSH,@,TBL,L-OT,0,0,0,-1,0,0,0,0,0,0,0,0,1,0.0,31,27:33,2,2,0,0,
286,2017-10-11,4,26-080,WSH,,PIT,L,0,0,0,0,0,0,0,0,0,0,0,0,1,0.0,26,21:27,2,0,0,0,
287,2017-10-13,5,26-082,WSH,@,NJD,W,0,0,0,0,2,0,0,0,0,0,0,0,1,0.0,29,21:05,3,2,0,0,
288,2017-10-14,6,26-083,WSH,@,PHI,L,0,0,0,-3,0,0,0,0,0,0,0,0,4,0.0,25,23:07,1,2,0,0,
289,2017-10-17,7,26-086,WSH,,TOR,L,0,0,0,-1,0,0,0,0,0,0,0,0,1,0.0,25,22:51,3,1,0,0,
290,2017-10-20,8,26-089,WSH,@,DET,W,0,1,1,1,0,0,0,0,0,1,0,0,1,0.0,30,27:37,2,1,0,0,
291,2017-10-21,9,26-090,WSH,,FLA,L,0,0,0,0,0,0,0,0,0,0,0,0,1,0.0,28,23:16,0,0,0,0,
292,2017-10-26,10,26-095,WSH,@,VAN,L,0,0,0,-1,0,0,0,0,0,0,0,0,0,,27,21:14,0,0,0,0,
293,2017-10-28,11,26-097,WSH,@,EDM,W,0,0,0,0,0,0,0,0,0,0,0,0,2,0.0,34,22:52,0,4,0,0,
294,2017-10-29,12,26-098,WSH,@,CGY,L,0,0,0,-1,0,0,0,0,0,0,0,0,3,0.0,26,21:10,0,0,0,0,
295,2017-11-02,13,26-102,WSH,,NYI,W,0,0,0,0,0,0,0,0,0,0,0,0,2,0.0,24,22:54,1,1,0,0,
296,2017-11-04,14,26-104,WSH,@,BOS,W,0,1,1,2,2,0,0,0,0,1,0,0,1,0.0,26,18:54,2,1,0,0,
297,2017-11-06,15,26-106,WSH,,ARI,W,0,0,0,0,0,0,0,0,0,0,0,0,4,0.0,28,24:19,1,1,0,0,
298,2017-11-07,16,26-107,WSH,@,BUF,L,0,0,0,0,0,0,0,0,0,0,0,0,5,0.0,27,24:24,3,2,0,0,
299,2017-11-10,17,26-110,WSH,,PIT,W,0,0,0,-1,2,0,0,0,0,0,0,0,2,0.0,28,24:12,2,1,0,0,
300,2017-11-12,18,26-112,WSH,,EDM,W,1,0,1,1,0,1,0,0,0,0,0,0,4,25.0,27,25:24,3,1,0,0,
301,2017-11-14,19,26-114,WSH,@,NSH,L,0,0,0,-1,0,0,0,0,0,0,0,0,3,0.0,30,27:07,3,1,0,0,
302,2017-11-16,20,26-116,WSH,@,COL,L,0,0,0,0,0,0,0,0,0,0,0,0,0,,27,20:45,2,1,0,0,
303,2017-11-18,21,26-118,WSH,,MIN,W,1,0,1,1,0,1,0,0,1,0,0,0,3,33.3,28,24:18,0,1,0,0,
304,2017-11-20,22,26-120,WSH,,CGY,L,0,0,0,-1,0,0,0,0,0,0,0,0,1,0.0,26,23:51,1,4,0,0,
305,2017-11-22,23,26-122,WSH,,OTT,W,0,1,1,0,0,0,0,0,0,1,0,0,2,0.0,29,22:00,1,0,0,0,
306,2017-11-24,24,26-124,WSH,,TBL,W,0,1,1,2,0,0,0,0,0,1,0,0,3,0.0,23,22:16,1,0,0,0,
307,2017-11-25,25,26-125,WSH,@,TOR,W,0,0,0,2,0,0,0,0,0,0,0,0,1,0.0,30,26:25,4,2,0,0,
308,2017-11-30,26,26-130,WSH,,LAK,L,0,1,1,0,0,0,0,0,0,1,0,0,2,0.0,26,24:21,1,0,0,0,
309,2017-12-02,27,26-132,WSH,,CBJ,W,0,0,0,0,0,0,0,0,0,0,0,0,1,0.0,23,23:15,1,3,0,0,
310,2017-12-04,28,26-134,WSH,,SJS,W,0,1,1,-1,0,0,0,0,0,0,1,0,3,0.0,22,22:27,0,2,0,0,
311,2017-12-06,29,26-136,WSH,,CHI,W,0,1,1,2,0,0,0,0,0,1,0,0,0,,27,21:34,1,1,0,0,
312,2017-12-08,30,26-138,WSH,,NYR,W,0,1,1,0,0,0,0,0,0,1,0,0,2,0.0,25,22:40,1,2,0,0,
313,2017-12-11,31,26-141,WSH,@,NYI,L,1,0,1,0,0,1,0,0,0,0,0,0,4,25.0,21,21:56,3,1,0,0,
314,2017-12-12,32,26-142,WSH,,COL,W,0,0,0,1,0,0,0,0,0,0,0,0,0,,24,23:39,3,2,0,0,
315,2017-12-14,33,26-144,WSH,@,BOS,W,0,0,0,2,2,0,0,0,0,0,0,0,2,0.0,27,21:33,5,1,0,0,
316,2017-12-16,34,26-146,WSH,,ANA,W,0,0,0,2,0,0,0,0,0,0,0,0,0,,29,24:29,4,3,0,0,
317,2017-12-19,35,26-149,WSH,@,DAL,W,1,0,1,0,0,1,0,0,0,0,0,0,1,100.0,27,23:39,2,1,0,0,
318,2017-12-22,36,26-152,WSH,@,ARI,L-OT,0,0,0,0,0,0,0,0,0,0,0,0,2,0.0,25,24:29,0,3,0,0,
319,2017-12-23,37,26-153,WSH,@,VEG,L,0,0,0,0,0,0,0,0,0,0,0,0,4,0.0,22,24:15,1,2,0,0,
320,2017-12-27,38,26-157,WSH,@,NYR,L-SO,0,0,0,0,0,0,0,0,0,0,0,0,0,,26,24:32,1,1,0,0,
321,2017-12-28,39,26-158,WSH,,BOS,W,0,0,0,-1,0,0,0,0,0,0,0,0,2,0.0,26,22:37,2,2,0,0,
322,2017-12-30,40,26-160,WSH,,NJD,W,0,0,0,1,0,0,0,0,0,0,0,0,1,0.0,20,21:27,3,3,0,0,
323,2018-01-02,41,26-163,WSH,@,CAR,W,1,0,1,2,0,1,0,0,0,0,0,0,3,33.3,25,21:13,0,3,0,0,
324,2018-01-07,42,26-168,WSH,,STL,W,0,0,0,0,2,0,0,0,0,0,0,0,2,0.0,25,26:34,4,2,0,0,
325,2018-01-09,43,26-170,WSH,,VAN,W,0,1,1,1,0,0,0,0,0,1,0,0,1,0.0,22,20:49,1,2,0,0,
326,2018-01-11,44,26-172,WSH,,CAR,L,0,0,0,0,0,0,0,0,0,0,0,0,0,,24,22:12,0,2,0,0,
327,2018-01-12,45,26-173,WSH,@,CAR,W,0,0,0,1,2,0,0,0,0,0,0,0,1,0.0,24,22:56,0,0,0,0,
328,2018-01-18,46,26-179,WSH,@,NJD,L-OT,1,0,1,-2,0,1,0,0,0,0,0,0,2,50.0,25,21:41,2,2,0,0,
329,2018-01-19,47,26-180,WSH,,MTL,L,0,1,1,0,0,0,0,0,0,1,0,0,0,,24,20:08,2,2,0,0,
330,2018-01-21,48,26-182,WSH,,PHI,L-OT,0,0,0,0,0,0,0,0,0,0,0,0,3,0.0,23,23:06,3,0,0,0,
331,2018-01-25,49,26-186,WSH,@,FLA,W,0,0,0,-1,0,0,0,0,0,0,0,0,0,,24,20:41,3,3,0,0,
332,2018-01-31,50,26-192,WSH,,PHI,W,0,0,0,0,0,0,0,0,0,0,0,0,2,0.0,26,23:49,0,0,0,0,
333,2018-02-02,51,26-194,WSH,@,PIT,L,1,1,2,0,0,1,0,0,0,1,0,0,2,50.0,25,23:27,2,0,0,0,
334,2018-02-04,52,26-196,WSH,,VEG,L,0,1,1,0,0,0,0,0,0,1,0,0,1,0.0,24,21:57,1,2,0,0,
335,2018-02-06,53,26-198,WSH,@,CBJ,W,0,0,0,1,0,0,0,0,0,0,0,0,0,,25,22:20,0,0,0,0,
336,2018-02-09,54,26-201,WSH,,CBJ,W,0,0,0,0,0,0,0,0,0,0,0,0,2,0.0,27,22:50,1,1,0,0,
337,2018-02-11,55,26-203,WSH,,DET,L-OT,1,0,1,-2,0,1,0,0,0,0,0,0,1,100.0,27,22:48,4,2,0,0,
338,2018-02-13,56,26-205,WSH,@,WPG,L-OT,0,0,0,-1,0,0,0,0,0,0,0,0,1,0.0,26,25:36,2,4,0,0,
339,2018-02-15,57,26-207,WSH,@,MIN,W,0,1,1,1,0,0,0,0,0,1,0,0,2,0.0,25,21:12,1,2,0,0,
340,2018-02-17,58,26-209,WSH,@,CHI,L,0,0,0,0,0,0,0,0,0,0,0,0,0,,26,24:12,3,2,0,0,
341,2018-02-19,59,26-211,WSH,@,BUF,W,0,0,0,2,0,0,0,0,0,0,0,0,2,0.0,25,23:49,1,1,0,0,
342,2018-02-20,60,26-212,WSH,,TBL,L,0,1,1,0,0,0,0,0,0,0,1,0,1,0.0,24,25:11,1,3,0,0,
343,2018-02-22,61,26-214,WSH,@,FLA,L,0,0,0,0,0,0,0,0,0,0,0,0,2,0.0,25,25:17,2,1,0,0,
344,2018-02-24,62,26-216,WSH,,BUF,W,0,1,1,1,0,0,0,0,0,1,0,0,1,0.0,23,23:50,1,1,0,0,
345,2018-02-26,63,26-218,WSH,@,CBJ,L,0,0,0,-1,2,0,0,0,0,0,0,0,1,0.0,27,21:57,1,0,0,0,
346,2018-02-27,64,26-219,WSH,,OTT,W,0,0,0,0,0,0,0,0,0,0,0,0,0,,22,21:05,0,0,0,0,
347,2018-03-03,65,26-223,WSH,,TOR,W,0,1,1,1,0,0,0,0,0,1,0,0,1,0.0,28,21:32,2,4,0,0,
348,2018-03-06,66,26-226,WSH,@,ANA,L,0,0,0,-1,0,0,0,0,0,0,0,0,2,0.0,20,24:18,2,0,0,0,
349,2018-03-08,67,26-228,WSH,@,LAK,L,0,0,0,0,0,0,0,0,0,0,0,0,2,0.0,28,22:43,2,0,0,0,
350,2018-03-10,68,26-230,WSH,@,SJS,W,0,1,1,1,0,0,0,0,0,1,0,0,0,,27,24:22,2,1,0,0,
351,2018-03-12,69,26-232,WSH,,WPG,W,0,0,0,0,0,0,0,0,0,0,0,0,2,0.0,24,24:26,3,4,0,0,
352,2018-03-15,70,26-235,WSH,@,NYI,W,1,2,3,2,0,1,0,0,0,1,1,0,2,50.0,22,20:54,0,1,0,0,
353,2018-03-16,71,26-236,WSH,,NYI,W,0,1,1,1,4,0,0,0,0,0,1,0,0,,20,20:02,1,1,0,0,
354,2018-03-18,72,26-238,WSH,@,PHI,L,0,0,0,-2,0,0,0,0,0,0,0,0,3,0.0,29,24:54,1,1,0,0,
355,2018-03-20,73,26-240,WSH,,DAL,W,0,0,0,0,0,0,0,0,0,0,0,0,1,0.0,25,24:33,0,1,0,0,
356,2018-03-22,74,26-242,WSH,@,DET,W,0,0,0,1,0,0,0,0,0,0,0,0,1,0.0,24,23:04,1,1,0,0,
357,2018-03-24,75,26-244,WSH,@,MTL,W,0,1,1,-1,0,0,0,0,0,1,0,0,1,0.0,24,21:33,2,2,0,0,
358,2018-03-26,76,26-246,WSH,@,NYR,W,0,0,0,2,0,0,0,0,0,0,0,0,3,0.0,23,24:39,2,2,0,0,
359,2018-03-28,77,26-248,WSH,,NYR,W,0,0,0,0,0,0,0,0,0,0,0,0,0,,28,23:31,2,0,0,0,
360,2018-03-30,78,26-250,WSH,,CAR,L,0,0,0,-2,0,0,0,0,0,0,0,0,1,0.0,22,25:27,2,1,0,0,
361,2018-04-01,79,26-252,WSH,@,PIT,W,1,0,1,1,0,1,0,0,1,0,0,0,1,100.0,24,20:06,1,1,0,0,
362,2018-04-02,80,26-253,WSH,@,STL,W,0,0,0,-1,4,0,0,0,0,0,0,0,1,0.0,26,22:58,0,2,0,0,
363,2018-04-05,81,26-256,WSH,,NSH,L,0,0,0,-1,0,0,0,0,0,0,0,0,2,0.0,23,21:09,1,0,0,0,
364,2018-04-07,82,26-258,WSH,,NJD,W,0,0,0,0,0,0,0,0,0,0,0,0,1,0.0,21,23:48,1,1,0,0,
365,2018-10-03,1,27-072,WSH,,BOS,W,0,0,0,1,0,0,0,0,0,0,0,0,1,0.0,26,22:00,1,3,0,0,
366,2018-10-04,2,27-073,WSH,@,PIT,L-OT,0,0,0,-2,0,0,0,0,0,0,0,0,5,0.0,29,24:22,2,1,0,0,
367,2018-10-10,3,27-079,WSH,,VEG,W,0,1,1,1,0,0,0,0,0,1,0,0,0,,25,22:16,2,1,0,0,
368,2018-10-11,4,27-080,WSH,@,NJD,L,0,0,0,-3,0,0,0,0,0,0,0,0,0,,27,20:55,4,0,0,0,
369,2018-10-13,5,27-082,WSH,,TOR,L,0,0,0,-1,0,0,0,0,0,0,0,0,2,0.0,24,20:21,2,4,0,0,
370,2018-10-17,6,27-086,WSH,,NYR,W,0,0,0,-1,2,0,0,0,0,0,0,0,1,0.0,23,19:49,2,0,0,0,
371,2018-10-19,7,27-088,WSH,,FLA,L-SO,0,0,0,-1,0,0,0,0,0,0,0,0,4,0.0,28,23:09,0,2,0,0,
372,2018-10-22,8,27-091,WSH,@,VAN,W,0,0,0,1,0,0,0,0,0,0,0,0,0,,23,21:18,1,0,0,0,
373,2018-10-25,9,27-094,WSH,@,EDM,L,0,0,0,-1,0,0,0,0,0,0,0,0,2,0.0,28,22:20,4,1,0,0,
374,2018-10-27,10,27-096,WSH,@,CGY,W,0,0,0,-1,0,0,0,0,0,0,0,0,0,,27,23:16,2,1,0,0,
375,2018-11-01,11,27-101,WSH,@,MTL,L,0,1,1,-1,0,0,0,0,0,1,0,0,1,0.0,27,25:43,1,3,0,0,
376,2018-11-03,12,27-103,WSH,,DAL,L-OT,0,0,0,-1,0,0,0,0,0,0,0,0,0,,26,23:38,5,0,0,0,
377,2018-11-05,13,27-105,WSH,,EDM,W,0,0,0,0,0,0,0,0,0,0,0,0,0,,25,21:50,1,2,0,0,
378,2018-11-07,14,27-107,WSH,,PIT,W,0,0,0,1,0,0,0,0,0,0,0,0,1,0.0,23,23:44,2,6,0,0,
379,2018-11-09,15,27-109,WSH,,CBJ,L,0,0,0,0,2,0,0,0,0,0,0,0,4,0.0,24,22:51,1,1,0,0,
380,2018-11-11,16,27-111,WSH,,ARI,L,0,0,0,0,2,0,0,0,0,0,0,0,1,0.0,26,26:30,0,3,0,0,
381,2018-11-13,17,27-113,WSH,@,MIN,W,2,1,3,3,2,2,0,0,0,1,0,0,4,50.0,26,24:20,0,2,0,0,
382,2018-11-14,18,27-114,WSH,@,WPG,L,0,1,1,1,0,0,0,0,0,1,0,0,3,0.0,26,26:23,1,5,0,0,
383,2018-11-16,19,27-116,WSH,@,COL,W,0,0,0,-1,0,0,0,0,0,0,0,0,0,,28,21:02,0,0,0,0,
384,2018-11-19,20,27-119,WSH,@,MTL,W,0,2,2,0,5,0,0,0,0,2,0,0,0,,26,23:40,1,1,0,0,
385,2018-11-21,21,27-121,WSH,,CHI,W,0,0,0,0,0,0,0,0,0,0,0,0,1,0.0,23,24:00,0,1,0,0,
386,2018-11-23,22,27-123,WSH,,DET,W,0,0,0,1,0,0,0,0,0,0,0,0,2,0.0,24,22:17,2,1,0,0,
387,2018-11-24,23,27-124,WSH,@,NYR,W,0,1,1,-2,0,0,0,0,0,1,0,0,0,,21,19:59,1,0,0,0,
388,2018-11-26,24,27-126,WSH,@,NYI,W,0,0,0,0,2,0,0,0,0,0,0,0,1,0.0,20,20:55,0,2,0,0,
389,2018-11-30,25,27-130,WSH,,NJD,W,0,0,0,-2,0,0,0,0,0,0,0,0,1,0.0,21,22:58,0,2,0,0,
390,2018-12-02,26,27-132,WSH,,ANA,L,0,0,0,-2,4,0,0,0,0,0,0,0,2,0.0,21,20:07,0,0,0,0,
391,2018-12-04,27,27-134,WSH,@,VEG,L,0,0,0,2,0,0,0,0,0,0,0,0,1,0.0,28,21:37,3,0,0,0,
392,2018-12-06,28,27-136,WSH,@,ARI,W,0,1,1,3,0,0,0,0,0,1,0,0,1,0.0,24,23:19,4,1,0,0,
393,2018-12-08,29,27-138,WSH,@,CBJ,W,0,1,1,1,2,0,0,0,0,1,0,0,1,0.0,21,21:35,0,0,0,0,
394,2018-12-11,30,27-141,WSH,,DET,W,0,0,0,0,2,0,0,0,0,0,0,0,0,,21,21:11,1,2,0,0,
395,2018-12-14,31,27-144,WSH,@,CAR,W,0,0,0,1,0,0,0,0,0,0,0,0,1,0.0,27,24:49,1,2,0,0,
396,2018-12-15,32,27-145,WSH,,BUF,W,0,1,1,0,0,0,0,0,0,1,0,0,0,,22,22:52,1,2,0,0,
397,2018-12-19,33,27-149,WSH,,PIT,L,0,0,0,-1,0,0,0,0,0,0,0,0,2,0.0,24,21:59,1,0,0,0,
398,2018-12-21,34,27-151,WSH,,BUF,W,0,0,0,1,0,0,0,0,0,0,0,0,2,0.0,20,20:22,0,0,0,0,
399,2018-12-22,35,27-152,WSH,@,OTT,W,0,0,0,0,0,0,0,0,0,0,0,0,1,0.0,22,22:09,1,2,0,0,
400,2018-12-27,36,27-157,WSH,,CAR,W,0,0,0,1,0,0,0,0,0,0,0,0,0,,23,21:35,3,2,0,0,
401,2018-12-29,37,27-159,WSH,@,OTT,W,0,0,0,-1,0,0,0,0,0,0,0,0,0,,26,22:00,2,0,0,0,
402,2018-12-31,38,27-161,WSH,,NSH,L,0,0,0,0,0,0,0,0,0,0,0,0,0,,25,21:04,2,1,0,0,
403,2019-01-03,39,27-164,WSH,@,STL,L,0,0,0,-2,0,0,0,0,0,0,0,0,0,,24,23:07,1,1,0,0,
404,2019-01-04,40,27-165,WSH,@,DAL,L-OT,0,0,0,0,0,0,0,0,0,0,0,0,3,0.0,27,25:12,4,1,0,0,
405,2019-01-06,41,27-167,WSH,@,DET,W,0,0,0,0,0,0,0,0,0,0,0,0,0,,19,18:42,3,2,0,0,
406,2019-01-08,42,27-169,WSH,,PHI,W,0,0,0,0,0,0,0,0,0,0,0,0,1,0.0,19,23:04,2,1,0,0,
407,2019-01-10,43,27-171,WSH,@,BOS,W,0,0,0,-1,0,0,0,0,0,0,0,0,1,0.0,18,17:25,2,0,0,0,
408,2019-01-12,44,27-173,WSH,,CBJ,L-OT,0,0,0,0,0,0,0,0,0,0,0,0,3,0.0,24,22:49,0,2,0,0,
409,2019-01-14,45,27-175,WSH,,STL,L,0,1,1,-2,0,0,0,0,0,0,1,0,0,,22,20:53,1,3,0,0,
410,2019-01-15,46,27-176,WSH,@,NSH,L,0,0,0,-4,0,0,0,0,0,0,0,0,1,0.0,20,21:08,1,1,0,0,
411,2019-01-18,47,27-179,WSH,,NYI,L,0,0,0,0,0,0,0,0,0,0,0,0,2,0.0,21,21:49,1,1,0,0,
412,2019-01-20,48,27-181,WSH,@,CHI,L,1,1,2,1,0,1,0,0,0,1,0,0,2,50.0,24,23:47,3,2,0,0,
413,2019-01-22,49,27-183,WSH,,SJS,L-OT,0,0,0,1,0,0,0,0,0,0,0,0,1,0.0,25,21:56,1,0,0,0,
414,2019-01-23,50,27-184,WSH,@,TOR,L,0,0,0,-1,0,0,0,0,0,0,0,0,3,0.0,24,19:21,2,2,0,0,
415,2019-02-01,51,27-193,WSH,,CGY,W,0,0,0,0,2,0,0,0,0,0,0,0,2,0.0,20,18:29,1,2,0,0,
416,2019-02-03,52,27-195,WSH,,BOS,L,0,0,0,-1,0,0,0,0,0,0,0,0,1,0.0,22,22:25,2,2,0,0,
417,2019-02-05,53,27-197,WSH,,VAN,W,0,0,0,0,0,0,0,0,0,0,0,0,0,,21,20:46,1,1,0,0,
418,2019-02-07,54,27-199,WSH,,COL,W,0,0,0,1,0,0,0,0,0,0,0,0,1,0.0,23,23:01,4,1,0,0,
419,2019-02-09,55,27-201,WSH,,FLA,L-OT,0,1,1,0,0,0,0,0,0,1,0,0,1,0.0,23,21:25,1,2,0,0,
420,2019-02-11,56,27-203,WSH,,LAK,W,0,0,0,2,2,0,0,0,0,0,0,0,0,,18,17:36,0,1,0,0,
421,2019-02-12,57,27-204,WSH,@,CBJ,L,0,0,0,0,0,0,0,0,0,0,0,0,5,0.0,23,18:51,1,0,0,0,
422,2019-02-14,58,27-206,WSH,@,SJS,W,0,0,0,2,0,0,0,0,0,0,0,0,1,0.0,24,22:52,2,2,0,0,
423,2019-02-17,59,27-209,WSH,@,ANA,L,0,0,0,-1,0,0,0,0,0,0,0,0,0,,24,19:03,1,1,0,0,
424,2019-02-18,60,27-210,WSH,@,LAK,W,0,1,1,1,0,0,0,0,0,1,0,0,0,,21,21:10,1,0,0,0,
425,2019-02-21,61,27-213,WSH,@,TOR,W,0,0,0,1,0,0,0,0,0,0,0,0,2,0.0,23,22:10,1,2,0,0,
426,2019-02-23,62,27-215,WSH,@,BUF,L,0,0,0,-1,0,0,0,0,0,0,0,0,2,0.0,21,21:32,0,0,0,0,
427,2019-02-24,63,27-216,WSH,,NYR,W,0,1,1,0,2,0,0,0,0,1,0,0,0,,27,22:05,2,3,0,0,
428,2019-02-26,64,27-218,WSH,,OTT,W,0,2,2,2,0,0,0,0,0,2,0,0,1,0.0,20,20:05,0,0,0,0,
429,2019-03-01,65,27-221,WSH,@,NYI,W,0,0,0,-1,0,0,0,0,0,0,0,0,0,,23,18:51,3,0,0,0,
430,2019-03-03,66,27-223,WSH,@,NYR,W,0,0,0,-2,0,0,0,0,0,0,0,0,2,0.0,24,22:31,3,0,0,0,
431,2019-03-06,67,27-226,WSH,@,PHI,W,0,2,2,3,0,0,0,0,0,2,0,0,3,0.0,23,20:43,0,2,0,0,
432,2019-03-08,68,27-228,WSH,,NJD,W,0,0,0,0,0,0,0,0,0,0,0,0,0,,19,16:49,4,1,0,0,
433,2019-03-10,69,27-230,WSH,,WPG,W,0,1,1,1,2,0,0,0,0,1,0,0,1,0.0,22,20:59,4,1,0,0,
434,2019-03-12,70,27-232,WSH,@,PIT,L,0,1,1,2,0,0,0,0,0,1,0,0,4,0.0,24,20:17,1,1,0,0,
435,2019-03-14,71,27-234,WSH,@,PHI,W,0,1,1,2,0,0,0,0,0,1,0,0,1,0.0,21,19:20,4,2,0,0,
436,2019-03-16,72,27-236,WSH,@,TBL,L,0,1,1,-1,0,0,0,0,0,1,0,0,2,0.0,21,18:20,1,0,0,0,
437,2019-03-19,73,27-239,WSH,@,NJD,W,0,1,1,2,0,0,0,0,0,1,0,0,0,,24,21:04,5,1,0,0,
438,2019-03-20,74,27-240,WSH,,TBL,L-OT,0,0,0,0,2,0,0,0,0,0,0,0,2,0.0,24,24:54,3,3,0,0,
439,2019-03-22,75,27-242,WSH,,MIN,L,0,0,0,0,0,0,0,0,0,0,0,0,1,0.0,22,19:34,3,1,0,0,
440,2019-03-24,76,27-244,WSH,,PHI,W,0,0,0,1,0,0,0,0,0,0,0,0,1,0.0,21,19:15,2,1,0,0,
441,2019-03-26,77,27-246,WSH,,CAR,W,0,1,1,3,0,0,0,0,0,1,0,0,1,0.0,23,20:55,3,0,0,0,
442,2019-03-28,78,27-248,WSH,@,CAR,W,0,0,0,-1,0,0,0,0,0,0,0,0,1,0.0,25,21:39,2,1,0,0,
443,2019-03-30,79,27-250,WSH,@,TBL,W,0,1,1,1,0,0,0,0,0,1,0,0,1,0.0,25,22:25,3,2,0,0,
444,2019-04-01,80,27-252,WSH,@,FLA,L,0,0,0,-1,0,0,0,0,0,0,0,0,2,0.0,23,21:11,0,0,0,0,
445,2019-04-04,81,27-255,WSH,,MTL,W,0,0,0,0,0,0,0,0,0,0,0,0,0,,25,23:42,2,0,0,0,
446,2019-04-06,82,27-257,WSH,,NYI,L,0,0,0,-1,0,0,0,0,0,0,0,0,1,0.0,18,16:44,2,0,0,0,
447,2019-10-02,1,28-071,WSH,@,STL,W,1,0,1,-1,0,0,1,0,0,0,0,0,4,25.0,27,23:31,0,0,0,0,
448,2019-10-04,2,28-073,WSH,@,NYI,W,0,0,0,0,0,0,0,0,0,0,0,0,1,0.0,26,22:56,3,2,0,0,
449,2019-10-05,3,28-074,WSH,,CAR,L-OT,0,0,0,1,0,0,0,0,0,0,0,0,1,0.0,26,22:12,3,0,0,0,
450,2019-10-08,4,28-077,WSH,,DAL,L-OT,0,0,0,-1,0,0,0,0,0,0,0,0,1,0.0,28,21:20,1,1,0,0,
451,2019-10-10,5,28-079,WSH,@,NSH,L,0,1,1,-3,0,0,0,0,0,1,0,0,3,0.0,26,19:43,1,1,0,0,
452,2019-10-12,6,28-081,WSH,@,DAL,W,0,0,0,-1,2,0,0,0,0,0,0,0,0,,21,19:05,1,3,0,0,
453,2019-10-14,7,28-083,WSH,,COL,L,0,1,1,0,0,0,0,0,0,1,0,0,2,0.0,25,23:25,3,3,0,0,
454,2019-10-16,8,28-085,WSH,,TOR,W,0,0,0,-1,0,0,0,0,0,0,0,0,0,,26,25:29,1,0,0,0,
455,2019-10-18,9,28-087,WSH,,NYR,W,0,1,1,0,0,0,0,0,0,1,0,0,2,0.0,24,20:01,2,0,0,0,
456,2019-10-20,10,28-089,WSH,@,CHI,W,0,1,1,-1,0,0,0,0,0,1,0,0,0,,21,18:59,1,4,0,0,
457,2019-10-22,11,28-091,WSH,@,CGY,W,0,0,0,0,0,0,0,0,0,0,0,0,2,0.0,20,19:12,2,1,0,0,
458,2019-10-24,12,28-093,WSH,@,EDM,L-OT,0,0,0,-2,0,0,0,0,0,0,0,0,0,,24,24:14,2,3,0,0,
459,2019-10-25,13,28-094,WSH,@,VAN,W,0,0,0,0,0,0,0,0,0,0,0,0,2,0.0,23,22:36,3,0,0,0,
460,2019-10-29,14,28-098,WSH,@,TOR,W,0,1,1,0,0,0,0,0,0,0,1,0,0,,27,23:12,1,1,0,0,
461,2019-11-01,15,28-101,WSH,,BUF,W,0,0,0,2,4,0,0,0,0,0,0,0,1,0.0,26,21:00,2,2,0,0,
462,2019-11-03,16,28-103,WSH,,CGY,W,0,0,0,-1,2,0,0,0,0,0,0,0,2,0.0,20,19:19,1,1,0,0,
463,2019-11-07,17,28-107,WSH,@,FLA,W,0,1,1,1,2,0,0,0,0,1,0,0,0,,19,17:05,2,1,0,0,
464,2019-11-09,18,28-109,WSH,,VEG,W,0,1,1,2,0,0,0,0,0,1,0,0,2,0.0,22,19:20,2,1,0,0,
465,2019-11-11,19,28-111,WSH,,ARI,L-SO,0,0,0,-1,0,0,0,0,0,0,0,0,2,0.0,26,23:56,1,1,0,0,
466,2019-11-13,20,28-113,WSH,@,PHI,W,0,0,0,0,0,0,0,0,0,0,0,0,1,0.0,25,24:26,1,1,0,0,
467,2019-11-15,21,28-115,WSH,,MTL,L,0,0,0,1,0,0,0,0,0,0,0,0,0,,20,23:32,2,1,0,0,
468,2019-11-16,22,28-116,WSH,@,BOS,W,0,0,0,0,0,0,0,0,0,0,0,0,3,0.0,25,29:28,1,0,0,0,
469,2019-11-18,23,28-118,WSH,,ANA,W,0,0,0,2,0,0,0,0,0,0,0,0,1,0.0,21,20:21,0,2,0,0,
470,2019-11-20,24,28-120,WSH,@,NYR,L,0,0,0,0,2,0,0,0,0,0,0,0,4,0.0,21,20:55,1,1,0,0,
471,2019-11-23,25,28-123,WSH,,VAN,L-SO,0,0,0,0,0,0,0,0,0,0,0,0,3,0.0,27,24:37,0,1,0,0,
472,2019-11-27,26,28-127,WSH,,FLA,W,0,0,0,-1,0,0,0,0,0,0,0,0,0,,22,23:22,4,4,0,0,
473,2019-11-29,27,28-129,WSH,,TBL,W,1,1,2,1,0,1,0,0,1,0,1,0,1,100.0,24,22:50,2,0,0,0,
474,2019-11-30,28,28-130,WSH,@,DET,W,0,0,0,0,2,0,0,0,0,0,0,0,0,,23,19:50,2,1,0,0,
475,2019-12-03,29,28-133,WSH,@,SJS,W,0,1,1,1,0,0,0,0,0,1,0,0,1,0.0,21,20:59,1,0,0,0,
476,2019-12-04,30,28-134,WSH,@,LAK,W,0,0,0,0,0,0,0,0,0,0,0,0,1,0.0,21,22:38,1,0,0,0,
477,2019-12-06,31,28-136,WSH,@,ANA,W,0,1,1,0,0,0,0,0,0,1,0,0,2,0.0,24,22:43,1,0,0,0,
478,2019-12-09,32,28-139,WSH,,CBJ,L,0,1,1,-2,0,0,0,0,0,1,0,0,3,0.0,22,19:45,0,3,0,0,
479,2019-12-11,33,28-141,WSH,,BOS,W,0,0,0,0,0,0,0,0,0,0,0,0,3,0.0,25,22:31,5,1,0,0,
480,2019-12-14,34,28-144,WSH,@,TBL,W,0,1,1,3,0,0,0,0,0,1,0,0,3,0.0,22,21:32,1,1,0,0,
481,2019-12-16,35,28-146,WSH,@,CBJ,L,0,0,0,0,0,0,0,0,0,0,0,0,1,0.0,22,24:33,1,1,0,0,
482,2019-12-20,36,28-150,WSH,@,NJD,W,0,1,1,2,2,0,0,0,0,1,0,0,0,,23,21:31,0,0,0,0,
483,2019-12-21,37,28-151,WSH,,TBL,W,1,1,2,1,0,1,0,0,1,0,0,1,1,100.0,22,21:08,1,0,0,0,
484,2019-12-23,38,28-153,WSH,@,BOS,L,0,0,0,-1,0,0,0,0,0,0,0,0,3,0.0,21,16:21,2,0,0,0,
485,2019-12-27,39,28-157,WSH,,CBJ,W,0,0,0,0,0,0,0,0,0,0,0,0,2,0.0,27,26:36,1,3,0,0,
486,2019-12-28,40,28-158,WSH,@,CAR,L,0,1,1,0,0,0,0,0,0,0,1,0,1,0.0,29,24:17,1,1,0,0,
487,2019-12-31,41,28-161,WSH,,NYI,L,0,1,1,2,2,0,0,0,0,1,0,0,4,0.0,25,23:58,3,3,0,0,
488,2020-01-03,42,28-164,WSH,@,CAR,W,0,1,1,0,0,0,0,0,0,0,1,0,1,0.0,26,22:09,1,2,0,0,
489,2020-01-05,43,28-166,WSH,,SJS,W,0,0,0,0,0,0,0,0,0,0,0,0,4,0.0,26,25:00,2,1,0,0,
490,2020-01-07,44,28-168,WSH,,OTT,W,0,1,1,4,0,0,0,0,0,1,0,0,3,0.0,21,21:24,2,0,0,0,
491,2020-01-08,45,28-169,WSH,@,PHI,L,0,0,0,0,2,0,0,0,0,0,0,0,2,0.0,25,22:27,1,1,0,0,
492,2020-01-11,46,28-172,WSH,,NJD,L,0,0,0,-1,0,0,0,0,0,0,0,0,0,,25,21:56,0,2,0,0,
493,2020-01-13,47,28-174,WSH,,CAR,W,0,0,0,0,2,0,0,0,0,0,0,0,1,0.0,23,21:18,0,0,0,0,
494,2020-01-16,48,28-177,WSH,,NJD,W,0,0,0,1,0,0,0,0,0,0,0,0,4,0.0,22,18:08,3,2,0,0,
495,2020-01-18,49,28-179,WSH,@,NYI,W,0,1,1,1,0,0,0,0,0,1,0,0,1,0.0,27,21:25,1,1,0,0,
496,2020-01-27,50,28-188,WSH,@,MTL,W,0,0,0,1,0,0,0,0,0,0,0,0,0,,23,21:52,1,2,0,0,
497,2020-01-29,51,28-190,WSH,,NSH,L,0,0,0,1,2,0,0,0,0,0,0,0,2,0.0,22,21:30,1,1,0,0,
498,2020-01-31,52,28-192,WSH,@,OTT,W,0,1,1,-1,2,0,0,0,0,1,0,0,3,0.0,25,21:17,4,2,0,0,
499,2020-02-02,53,28-194,WSH,,PIT,L,0,0,0,-1,2,0,0,0,0,0,0,0,2,0.0,24,22:17,4,0,0,0,
500,2020-02-04,54,28-196,WSH,,LAK,W,0,0,0,-1,0,0,0,0,0,0,0,0,2,0.0,27,25:04,2,0,0,0,
501,2020-02-08,55,28-200,WSH,,PHI,L,0,0,0,-1,0,0,0,0,0,0,0,0,1,0.0,26,21:46,0,1,0,0,
502,2020-02-10,56,28-202,WSH,,NYI,L,0,0,0,-1,0,0,0,0,0,0,0,0,0,,25,23:08,1,2,0,0,
503,2020-02-13,57,28-205,WSH,@,COL,W,0,0,0,0,0,0,0,0,0,0,0,0,1,0.0,24,23:01,4,0,0,0,
504,2020-02-15,58,28-207,WSH,@,ARI,L,0,0,0,1,0,0,0,0,0,0,0,0,1,0.0,22,22:42,3,0,0,0,
505,2020-02-17,59,28-209,WSH,@,VEG,L,0,1,1,-1,2,0,0,0,0,1,0,0,3,0.0,25,24:33,2,1,0,0,
506,2020-02-20,60,28-212,WSH,,MTL,L-OT,0,0,0,-1,0,0,0,0,0,0,0,0,0,,25,23:33,0,3,0,0,
507,2020-02-22,61,28-214,WSH,@,NJD,L,0,0,0,-1,0,0,0,0,0,0,0,0,1,0.0,23,21:40,2,1,0,0,
508,2020-02-23,62,28-215,WSH,,PIT,W,0,0,0,1,0,0,0,0,0,0,0,0,1,0.0,24,22:49,0,2,0,0,
509,2020-02-25,63,28-217,WSH,,WPG,W,0,2,2,1,2,0,0,0,0,2,0,0,0,,27,24:14,3,2,0,0,
510,2020-02-27,64,28-219,WSH,@,WPG,L,0,0,0,0,0,0,0,0,0,0,0,0,3,0.0,29,23:28,0,2,0,0,
511,2020-03-01,65,28-222,WSH,@,MIN,W,0,0,0,-1,0,0,0,0,0,0,0,0,1,0.0,24,20:27,2,2,0,0,
512,2020-03-04,66,28-225,WSH,,PHI,L,0,0,0,0,0,0,0,0,0,0,0,0,2,0.0,23,21:10,1,2,0,0,
513,2020-03-05,67,28-226,WSH,@,NYR,L-OT,0,0,0,-1,0,0,0,0,0,0,0,0,1,0.0,23,19:17,1,1,0,0,
514,2020-03-07,68,28-228,WSH,@,PIT,W,0,0,0,1,2,0,0,0,0,0,0,0,0,,24,21:19,0,0,0,0,
515,2020-03-09,69,28-230,WSH,@,BUF,L-SO,1,0,1,1,2,1,0,0,0,0,0,0,2,50.0,30,26:40,2,0,0,0,
