,date_game,game_season,age,team_id,game_location,opp_id,game_result,goals,assists,points,plus_minus,pen_min,goals_ev,goals_pp,goals_sh,goals_gw,assists_ev,assists_pp,assists_sh,shots,shot_pct,shifts,time_on_ice,hits_all,blocks_all,faceoff_wins_all,faceoff_losses_all,faceoff_percentage_all
0,2008-10-09,1,24-194,CGY,@,VAN,L,0,0,0,-1,0,0,0,0,0,,,,0,,27,20:53,1,1,0,0,
1,2008-11-02,2,24-218,CGY,@,ANA,L,0,0,0,-1,0,0,0,0,0,,,,0,,10,6:29,0,1,0,0,
2,2008-11-11,3,24-227,CGY,,TOR,W,0,0,0,0,2,0,0,0,0,,,,0,,20,14:11,3,0,0,0,
3,2008-11-13,4,24-229,CGY,@,SJS,L,0,0,0,0,4,0,0,0,0,,,,0,,23,16:13,1,1,0,0,
4,2008-11-18,5,24-234,CGY,,COL,W,0,0,0,0,0,0,0,0,0,,,,2,0.0,19,11:27,0,0,0,0,
5,2008-11-20,6,24-236,CGY,@,COL,W,0,0,0,0,0,0,0,0,0,,,,1,0.0,15,10:50,1,0,0,0,
6,2008-11-22,7,24-238,CGY,,DET,L,0,0,0,0,0,0,0,0,0,,,,1,0.0,18,10:24,1,1,0,0,
7,2008-11-25,8,24-241,CGY,,LAK,W,0,0,0,1,0,0,0,0,0,,,,1,0.0,20,13:15,0,1,0,0,
8,2008-11-27,9,24-243,CGY,@,VAN,W,0,0,0,-1,2,0,0,0,0,,,,1,0.0,21,12:00,0,1,0,0,
9,2008-11-29,10,24-245,CGY,,VAN,W,0,0,0,0,0,0,0,0,0,,,,3,0.0,20,15:44,2,2,0,0,
10,2008-12-02,11,24-248,CGY,,DAL,L,0,0,0,0,0,0,0,0,0,,,,0,,24,16:41,0,1,0,0,
11,2008-12-05,12,24-251,CGY,@,STL,W,0,0,0,0,2,0,0,0,0,,,,0,,22,13:52,4,1,0,0,
12,2008-12-07,13,24-253,CGY,@,NYR,W,0,0,0,1,0,0,0,0,0,,,,0,,18,14:29,0,0,0,0,
13,2008-12-09,14,24-255,CGY,@,MTL,L,0,0,0,-2,2,0,0,0,0,,,,1,0.0,19,15:51,3,3,0,0,
14,2008-12-10,15,24-256,CGY,@,DET,L-OT,0,0,0,0,0,0,0,0,0,,,,2,0.0,14,8:48,0,,,,
15,2008-12-12,16,24-258,CGY,,FLA,L-SO,0,1,1,1,2,0,0,0,0,,,,0,,18,11:37,1,0,0,0,
16,2008-12-16,17,24-262,CGY,@,STL,W,0,0,0,4,2,0,0,0,0,,,,1,0.0,21,14:49,1,0,0,0,
17,2008-12-17,18,24-263,CGY,@,MIN,W,0,0,0,0,0,0,0,0,0,,,,0,,19,12:10,1,1,0,0,
18,2008-12-19,19,24-265,CGY,,CHI,L-OT,0,0,0,0,2,0,0,0,0,,,,0,,22,15:20,1,2,0,0,
19,2008-12-23,20,24-269,CGY,,ANA,W,0,0,0,-2,0,0,0,0,0,,,,3,0.0,24,19:32,2,0,0,0,
20,2008-12-27,21,24-273,CGY,,OTT,W,0,1,1,2,0,0,0,0,0,,,,0,,28,19:20,0,0,0,0,
21,2008-12-29,22,24-275,CGY,,MIN,W,0,0,0,0,2,0,0,0,0,,,,0,,21,16:35,2,1,0,0,
22,2008-12-31,23,24-277,CGY,,EDM,W,0,0,0,-1,0,0,0,0,0,,,,0,,26,17:19,3,2,0,0,
23,2009-01-03,24,24-280,CGY,@,NSH,W,0,0,0,1,0,0,0,0,0,,,,1,0.0,27,18:16,1,1,0,0,
24,2009-01-04,25,24-281,CGY,@,CHI,L,0,0,0,-1,0,0,0,0,0,,,,0,,25,18:02,0,1,0,0,
25,2009-01-06,26,24-283,CGY,,SJS,W,0,1,1,1,2,0,0,0,0,,,,0,,24,16:52,3,0,0,0,
26,2009-01-08,27,24-285,CGY,,NYI,W,1,0,1,2,2,1,0,0,0,,,,2,50.0,20,16:29,1,0,0,0,
27,2009-01-13,28,24-290,CGY,,STL,W,0,1,1,1,7,0,0,0,0,,,,1,0.0,26,17:48,1,1,0,0,
28,2009-01-15,29,24-292,CGY,@,SJS,W,0,0,0,-1,2,0,0,0,0,,,,0,,23,17:25,2,1,0,0,
29,2009-01-17,30,24-294,CGY,,PHX,L,0,1,1,-1,0,0,0,0,0,,,,0,,23,17:36,2,1,0,0,
30,2009-01-18,31,24-295,CGY,@,COL,L,0,0,0,-2,0,0,0,0,0,,,,0,,24,17:38,0,0,0,0,
31,2009-01-21,32,24-298,CGY,,CBJ,W,0,0,0,0,0,0,0,0,0,,,,2,0.0,37,24:44,2,2,0,0,
32,2009-01-28,33,24-305,CGY,,BUF,W,0,0,0,1,4,0,0,0,0,,,,2,0.0,27,16:07,0,0,0,0,
33,2009-01-30,34,24-307,CGY,,NSH,W,0,0,0,0,0,0,0,0,0,,,,0,,22,16:30,1,0,0,0,
34,2009-02-02,35,24-310,CGY,@,COL,L,0,0,0,-1,0,0,0,0,0,,,,1,0.0,20,15:48,0,0,0,0,
35,2009-02-03,36,24-311,CGY,@,DAL,L,0,0,0,0,0,0,0,0,0,,,,1,0.0,25,17:50,1,1,0,0,
36,2009-02-05,37,24-313,CGY,,CHI,L,0,0,0,1,2,0,0,0,0,,,,0,,21,14:17,2,1,0,0,
37,2009-02-07,38,24-315,CGY,,ANA,L,0,1,1,-1,0,0,0,0,0,,,,1,0.0,20,16:06,0,3,0,0,
38,2009-02-09,39,24-317,CGY,,MTL,W,0,1,1,1,2,0,0,0,0,,,,0,,22,15:20,1,1,0,0,
39,2009-02-11,40,24-319,CGY,@,ANA,L-OT,0,0,0,0,0,0,0,0,0,,,,0,,18,13:25,1,1,0,0,
40,2009-02-12,41,24-320,CGY,@,LAK,W,0,0,0,0,2,0,0,0,0,,,,0,,15,12:26,4,1,0,0,
41,2009-02-14,42,24-322,CGY,@,PHX,W,0,0,0,0,2,0,0,0,0,,,,1,0.0,19,12:08,1,1,0,0,
42,2009-02-17,43,24-325,CGY,,VAN,L-SO,0,0,0,1,0,0,0,0,0,,,,0,,12,8:43,0,0,0,0,
43,2009-02-19,44,24-327,CGY,@,MIN,W,0,0,0,1,0,0,0,0,0,,,,0,,26,19:49,2,4,0,0,
44,2009-02-21,45,24-329,CGY,@,EDM,W,0,1,1,0,0,0,0,0,0,,,,0,,22,16:52,0,0,0,0,
45,2009-02-24,46,24-332,CGY,,CBJ,W,0,0,0,0,0,0,0,0,0,,,,0,,19,13:29,1,0,0,0,
46,2009-02-27,47,24-335,CGY,,MIN,W,0,0,0,1,0,0,0,0,0,,,,1,0.0,20,14:10,0,0,0,0,
47,2009-03-01,48,24-337,CGY,,TBL,L,0,0,0,-1,0,0,0,0,0,,,,1,0.0,15,11:17,0,2,0,0,
48,2009-03-03,49,24-339,CGY,@,OTT,W,0,1,1,1,2,0,0,0,0,,,,0,,20,12:43,1,0,0,0,
49,2009-03-06,50,24-342,CGY,@,CAR,L,0,0,0,0,0,0,0,0,0,,,,0,,19,13:50,1,0,0,0,
50,2009-03-20,51,24-356,CGY,,STL,L,0,0,0,0,0,0,0,0,0,,,,0,,10,6:06,3,0,0,0,
51,2009-03-26,52,24-362,CGY,@,CBJ,L,0,0,0,0,14,0,0,0,0,,,,0,,11,8:00,2,0,0,0,
52,2009-03-28,53,24-364,CGY,,MIN,W,0,0,0,0,0,0,0,0,0,,,,1,0.0,8,5:07,0,0,0,0,
53,2009-03-30,54,25-001,CGY,,SJS,L,0,0,0,0,0,0,0,0,0,,,,1,0.0,11,7:14,1,0,0,0,
54,2009-04-02,55,25-004,CGY,@,DAL,W,0,0,0,0,0,0,0,0,0,,,,0,,25,20:15,6,1,0,0,
55,2009-04-03,56,25-005,CGY,@,MIN,L,0,0,0,-1,0,0,0,0,0,,,,2,0.0,30,20:14,0,0,0,0,
56,2009-04-06,57,25-008,CGY,,LAK,W,0,0,0,1,2,0,0,0,0,,,,0,,28,20:02,2,1,0,0,
57,2009-04-07,58,25-009,CGY,@,VAN,L,0,0,0,-1,2,0,0,0,0,,,,1,0.0,29,17:01,0,0,0,0,
58,2009-04-10,59,25-012,CGY,@,EDM,L,0,0,0,-1,4,0,0,0,0,,,,1,0.0,30,19:41,2,0,0,0,
59,2009-04-11,60,25-013,CGY,,EDM,W,0,0,0,0,0,0,0,0,0,,,,2,0.0,31,22:29,5,1,0,0,
60,2009-10-01,1,25-186,CGY,,VAN,W,1,0,1,1,0,1,0,0,0,,,,1,100.0,26,17:42,2,1,0,0,
61,2009-10-03,2,25-188,CGY,@,EDM,W,0,0,0,1,0,0,0,0,0,,,,0,,24,15:51,2,1,0,0,
62,2009-10-06,3,25-191,CGY,,MTL,W,0,2,2,3,0,0,0,0,0,,,,1,0.0,23,16:29,2,1,0,0,
63,2009-10-08,4,25-193,CGY,@,EDM,W,0,0,0,0,0,0,0,0,0,,,,0,,25,18:17,2,2,0,0,
64,2009-10-09,5,25-194,CGY,,DAL,L,0,0,0,-3,0,0,0,0,0,,,,0,,19,12:18,0,1,0,0,
65,2009-10-12,6,25-197,CGY,@,CHI,L-OT,0,0,0,1,2,0,0,0,0,,,,1,0.0,23,13:19,1,0,0,0,
66,2009-10-13,7,25-198,CGY,@,CBJ,L,0,0,0,0,0,0,0,0,0,,,,0,,21,16:29,2,2,0,0,
67,2009-10-16,8,25-201,CGY,,VAN,W,0,0,0,0,2,0,0,0,0,,,,0,,22,14:03,1,0,0,0,
68,2009-10-28,9,25-213,CGY,,COL,L,0,0,0,-2,2,0,0,0,0,,,,0,,20,12:22,2,2,0,0,
69,2009-11-04,10,25-220,CGY,@,DAL,W,0,0,0,0,2,0,0,0,0,,,,0,,12,7:37,0,0,0,0,
70,2009-11-05,11,25-221,CGY,@,STL,W,0,0,0,0,0,0,0,0,0,,,,2,0.0,17,13:56,0,2,0,0,
71,2009-11-07,12,25-223,CGY,,NYR,W,0,1,1,1,0,0,0,0,0,,,,0,,18,12:46,2,1,0,0,
72,2009-11-10,13,25-226,CGY,@,MTL,W,0,0,0,0,7,0,0,0,0,,,,1,0.0,18,10:52,1,0,0,0,
73,2009-11-13,14,25-229,CGY,@,BUF,L-SO,0,0,0,0,4,0,0,0,0,,,,0,,22,15:44,1,0,0,0,
74,2009-11-14,15,25-230,CGY,@,TOR,W,0,1,1,1,2,0,0,0,0,,,,1,0.0,22,14:45,3,0,0,0,
75,2009-11-17,16,25-233,CGY,,COL,L,0,0,0,0,0,0,0,0,0,,,,1,0.0,21,13:46,0,0,0,0,
76,2009-11-19,17,25-235,CGY,,CHI,L,0,0,0,0,2,0,0,0,0,,,,1,0.0,28,19:25,2,1,0,0,
77,2009-11-21,18,25-237,CGY,@,LAK,W,0,0,0,0,0,0,0,0,0,,,,0,,19,13:56,1,0,0,0,
78,2009-11-23,19,25-239,CGY,@,ANA,L-SO,0,0,0,0,0,0,0,0,0,,,,1,0.0,17,13:25,2,0,0,0,
79,2009-11-25,20,25-241,CGY,,PHX,W,0,0,0,1,0,0,0,0,0,,,,0,,29,19:02,1,2,0,0,
80,2009-11-27,21,25-243,CGY,@,DET,W,0,0,0,0,0,0,0,0,0,,,,0,,22,16:17,1,1,0,0,
81,2009-11-28,22,25-244,CGY,@,CBJ,W,0,0,0,0,0,0,0,0,0,,,,1,0.0,24,18:23,0,2,0,0,
82,2009-11-30,23,25-246,CGY,@,NSH,W,1,0,1,2,0,1,0,0,0,,,,1,100.0,22,18:34,0,3,0,0,
83,2009-12-03,24,25-249,CGY,@,PHX,L,0,0,0,0,0,0,0,0,0,,,,3,0.0,21,18:02,2,0,0,0,
84,2009-12-05,25,25-251,CGY,@,SJS,W,0,0,0,0,0,0,0,0,0,,,,0,,29,18:07,0,2,0,0,
85,2009-12-07,26,25-253,CGY,@,LAK,L,0,0,0,-1,4,0,0,0,0,,,,2,0.0,26,18:50,1,1,0,0,
86,2009-12-09,27,25-255,CGY,,ATL,W,0,0,0,1,0,0,0,0,0,,,,1,0.0,22,17:00,0,0,0,0,
87,2009-12-17,28,25-263,CGY,,LAK,W,0,0,0,0,0,0,0,0,0,,,,1,0.0,22,17:03,0,2,0,0,
88,2009-12-19,29,25-265,CGY,,NSH,L,0,0,0,0,2,0,0,0,0,,,,1,0.0,28,15:13,0,2,0,0,
89,2009-12-27,30,25-273,CGY,,VAN,L,0,0,0,-1,0,0,0,0,0,,,,2,0.0,24,17:47,0,1,0,0,
90,2009-12-28,31,25-274,CGY,@,EDM,W,0,0,0,-1,0,0,0,0,0,,,,0,,22,17:26,2,1,0,0,
91,2009-12-30,32,25-276,CGY,,LAK,W,0,1,1,1,0,0,0,0,0,,,,0,,29,24:16,3,4,0,0,
92,2009-12-31,33,25-277,CGY,,EDM,W,0,0,0,0,0,0,0,0,0,,,,3,0.0,23,16:42,1,1,0,0,
93,2010-01-02,34,25-279,CGY,,TOR,W,0,0,0,-1,0,0,0,0,0,,,,0,,27,19:14,1,1,0,0,
94,2010-01-05,35,25-282,CGY,@,NSH,W,0,0,0,1,2,0,0,0,0,,,,0,,19,14:02,0,4,0,0,
95,2010-01-06,36,25-283,CGY,@,MIN,L,0,0,0,-1,0,0,0,0,0,,,,0,,23,17:39,0,2,0,0,
96,2010-01-08,37,25-285,CGY,,CBJ,L,0,1,1,1,0,0,0,0,0,,,,2,0.0,23,16:03,0,1,0,0,
97,2010-01-09,38,25-286,CGY,@,VAN,W,0,0,0,0,0,0,0,0,0,,,,3,0.0,30,20:00,3,1,0,0,
98,2010-01-11,39,25-288,CGY,,COL,L-SO,0,0,0,0,2,0,0,0,0,,,,0,,19,17:44,0,0,0,0,
99,2010-01-13,40,25-290,CGY,,PIT,L,0,0,0,0,0,0,0,0,0,,,,2,0.0,22,15:16,0,1,0,0,
100,2010-01-15,41,25-292,CGY,,NSH,L,0,0,0,0,0,0,0,0,0,,,,0,,19,17:08,1,0,0,0,
101,2010-01-17,42,25-294,CGY,@,ANA,L,0,0,0,-2,0,0,0,0,0,,,,0,,19,13:35,0,0,0,0,
102,2010-01-18,43,25-295,CGY,@,SJS,L,0,0,0,-2,2,0,0,0,0,,,,1,0.0,23,15:23,2,1,0,0,
103,2010-01-21,44,25-298,CGY,,CHI,L,0,0,0,-1,0,0,0,0,0,,,,0,,16,12:57,0,1,0,0,
104,2010-01-25,45,25-302,CGY,,STL,L,0,0,0,-1,0,0,0,0,0,,,,1,0.0,22,16:56,0,1,0,0,
105,2010-01-27,46,25-304,CGY,@,DAL,L-SO,0,0,0,-1,0,0,0,0,0,,,,0,,20,12:40,1,2,0,0,
106,2010-01-28,47,25-305,CGY,@,PHX,L-SO,0,0,0,0,2,0,0,0,0,,,,1,0.0,19,15:30,0,0,0,0,
107,2010-01-30,48,25-307,CGY,,EDM,W,0,0,0,0,0,0,0,0,0,,,,1,0.0,25,19:45,1,5,0,0,
108,2010-02-01,49,25-309,CGY,,PHI,L,0,0,0,0,0,0,0,0,0,,,,3,0.0,21,16:26,2,0,0,0,
109,2010-02-03,50,25-311,CGY,,CAR,W,0,1,1,2,2,0,0,0,0,,,,0,,24,16:28,1,0,0,0,
110,2010-02-05,51,25-313,CGY,@,FLA,W,0,0,0,0,0,0,0,0,0,,,,0,,20,14:18,2,2,0,0,
111,2010-02-06,52,25-314,CGY,@,TBL,L-OT,0,0,0,0,2,0,0,0,0,,,,0,,22,12:48,0,,,,
112,2010-02-09,53,25-317,CGY,@,OTT,L,0,0,0,-1,0,0,0,0,0,,,,0,,17,13:17,0,1,0,0,
113,2010-02-11,54,25-319,CGY,,DAL,L,0,0,0,0,0,0,0,0,0,,,,1,0.0,15,10:45,0,0,0,0,
114,2010-02-13,55,25-321,CGY,,ANA,W,0,0,0,0,5,0,0,0,0,,,,0,,23,15:40,0,0,0,0,
115,2010-03-03,56,25-339,CGY,,MIN,L,0,0,0,-2,0,0,0,0,0,,,,0,,23,16:14,2,0,0,0,
116,2010-04-10,57,26-012,CGY,@,VAN,L,0,0,0,0,2,0,0,0,0,,,,0,,28,18:00,0,1,0,0,
117,2010-10-07,1,26-192,CGY,@,EDM,L,0,0,0,0,4,0,0,0,0,,,,1,0.0,27,18:58,1,0,0,0,
118,2010-10-10,2,26-195,CGY,,LAK,W,0,0,0,0,0,0,0,0,0,,,,0,,1,0:43,0,1,0,0,
119,2010-12-07,3,26-253,CGY,,TBL,W,0,1,1,1,0,0,0,0,0,,,,0,,19,15:10,2,1,0,0,
120,2010-12-09,4,26-255,CGY,@,LAK,L,0,0,0,-1,0,0,0,0,0,,,,0,,19,15:11,5,4,0,0,
121,2010-12-10,5,26-256,CGY,@,ANA,L-SO,0,0,0,-1,0,0,0,0,0,,,,0,,14,9:49,2,0,0,0,
122,2010-12-13,6,26-259,CGY,,CBJ,W,0,0,0,2,2,0,0,0,0,,,,0,,22,15:41,1,4,0,0,
123,2010-12-16,7,26-262,CGY,,TOR,W,0,0,0,1,2,0,0,0,0,,,,2,0.0,21,17:20,2,2,0,0,
124,2010-12-18,8,26-264,CGY,,MIN,L,0,0,0,-2,0,0,0,0,0,,,,0,,19,14:53,0,1,0,0,
125,2010-12-20,9,26-266,CGY,@,MIN,L,0,0,0,0,0,0,0,0,0,,,,3,0.0,18,13:43,1,1,0,0,
126,2010-12-21,10,26-267,CGY,@,CBJ,L,0,0,0,0,0,0,0,0,0,,,,1,0.0,19,16:29,2,0,0,0,
127,2010-12-23,11,26-269,CGY,@,DAL,W,0,0,0,-1,0,0,0,0,0,,,,0,,15,12:54,1,0,0,0,
128,2010-12-27,12,26-273,CGY,,BUF,W,0,1,1,-1,0,0,0,0,0,,,,5,0.0,19,13:02,1,0,0,0,
129,2010-12-31,13,26-277,CGY,,COL,W,0,0,0,1,2,0,0,0,0,,,,0,,14,11:32,0,4,0,0,
130,2011-01-01,14,26-278,CGY,@,EDM,W,0,0,0,0,0,0,0,0,0,,,,0,,18,13:43,4,2,0,0,
131,2011-01-03,15,26-280,CGY,,NYI,L,0,1,1,1,2,0,0,0,0,,,,2,0.0,22,16:52,2,1,0,0,
132,2011-01-05,16,26-282,CGY,@,VAN,L,0,0,0,1,0,0,0,0,0,,,,3,0.0,22,14:25,0,0,0,0,
133,2011-01-07,17,26-284,CGY,,DET,L-SO,0,0,0,0,2,0,0,0,0,,,,0,,16,9:58,0,0,0,0,
134,2011-01-11,18,26-288,CGY,@,CAR,L-SO,0,0,0,1,2,0,0,0,0,,,,1,0.0,15,8:08,1,0,0,0,
135,2011-01-14,19,26-291,CGY,@,OTT,W,0,0,0,1,4,0,0,0,0,,,,0,,32,23:04,2,1,0,0,
136,2011-01-15,20,26-292,CGY,@,TOR,W,0,0,0,1,0,0,0,0,0,,,,0,,36,25:41,2,4,0,0,
137,2011-01-17,21,26-294,CGY,@,MTL,L-OT,0,0,0,-1,2,0,0,0,0,,,,0,,31,19:01,2,2,0,0,
138,2011-01-19,22,26-296,CGY,,MIN,L,0,0,0,-2,0,0,0,0,0,,,,4,0.0,23,16:22,2,0,0,0,
139,2011-01-21,23,26-298,CGY,,DAL,W,0,1,1,0,0,0,0,0,0,,,,1,0.0,21,15:10,2,1,0,0,
140,2011-01-22,24,26-299,CGY,@,VAN,W,0,1,1,1,0,0,0,0,0,,,,2,0.0,20,11:00,1,1,0,0,
141,2011-01-24,25,26-301,CGY,,NSH,W,0,0,0,0,0,0,0,0,0,,,,1,0.0,24,18:33,1,1,0,0,
142,2011-01-26,26,26-303,CGY,,STL,W,1,0,1,1,0,1,0,0,0,,,,5,20.0,23,17:38,0,4,0,0,
143,2011-02-01,27,26-309,CGY,@,NSH,W,0,0,0,-1,2,0,0,0,0,,,,2,0.0,22,16:13,1,2,0,0,
144,2011-02-03,28,26-311,CGY,@,ATL,W,0,0,0,0,0,0,0,0,0,,,,2,0.0,22,15:29,2,3,0,0,
145,2011-02-05,29,26-313,CGY,,LAK,L-SO,0,0,0,0,0,0,0,0,0,,,,1,0.0,20,14:00,2,3,0,0,
146,2011-02-07,30,26-315,CGY,,CHI,W,0,1,1,1,0,0,0,0,0,,,,0,,12,9:55,0,1,0,0,
147,2011-10-15,1,27-200,DAL,,CBJ,W,0,0,0,0,0,0,0,0,0,,,,0,,22,16:42,0,,,,
148,2011-10-18,2,27-203,DAL,@,CBJ,W,0,0,0,1,0,0,0,0,0,,,,1,0.0,21,20:23,0,3,0,0,
149,2011-10-22,3,27-207,DAL,@,LAK,L,0,0,0,-1,0,0,0,0,0,,,,2,0.0,21,17:49,2,3,0,0,
150,2011-10-25,4,27-210,DAL,@,PHX,W,0,0,0,-1,4,0,0,0,0,,,,0,,23,18:03,0,1,0,0,
151,2011-10-29,5,27-214,DAL,,NJD,W,0,0,0,0,0,0,0,0,0,,,,0,,22,18:22,0,0,0,0,
152,2011-11-04,6,27-220,DAL,,COL,W,0,0,0,0,0,0,0,0,0,,,,1,0.0,18,13:50,1,0,0,0,
153,2011-11-12,7,27-228,DAL,@,DET,L,0,0,0,-1,0,0,0,0,0,,,,1,0.0,22,17:16,2,1,0,0,
154,2011-11-15,8,27-231,DAL,,FLA,L,0,0,0,-3,0,0,0,0,0,,,,0,,22,17:47,4,1,0,0,
155,2011-11-18,9,27-234,DAL,@,COL,L,0,0,0,0,2,0,0,0,0,,,,0,,24,17:35,3,0,0,0,
156,2011-11-19,10,27-235,DAL,,SJS,L,0,0,0,-2,0,0,0,0,0,,,,1,0.0,22,16:02,1,2,0,0,
157,2011-11-28,11,27-244,DAL,@,COL,W,0,1,1,1,0,0,0,0,0,,,,0,,26,18:50,0,3,0,0,
158,2011-12-01,12,27-247,DAL,,OTT,W,0,0,0,1,0,0,0,0,0,,,,1,0.0,23,18:47,0,2,0,0,
159,2011-12-03,13,27-249,DAL,,NYI,L,0,0,0,0,0,0,0,0,0,,,,1,0.0,23,17:31,1,1,0,0,
160,2011-12-21,14,27-267,DAL,,PHI,L,0,0,0,0,0,0,0,0,0,,,,2,0.0,18,13:39,1,1,0,0,
161,2011-12-23,15,27-269,DAL,,NSH,W,0,0,0,-1,0,0,0,0,0,,,,1,0.0,14,11:48,1,3,0,0,
162,2011-12-26,16,27-272,DAL,@,STL,L,0,0,0,0,0,0,0,0,0,,,,1,0.0,20,15:12,0,2,0,0,
163,2011-12-29,17,27-275,DAL,,CBJ,L,0,0,0,-1,0,0,0,0,0,,,,2,0.0,18,14:40,0,2,0,0,
164,2011-12-31,18,27-277,DAL,,BOS,W,0,0,0,0,0,0,0,0,0,,,,1,0.0,22,16:21,2,3,0,0,
165,2012-01-03,19,27-280,DAL,,DET,L,0,0,0,-1,0,0,0,0,0,,,,0,,23,16:08,1,1,0,0,
166,2012-01-05,20,27-282,DAL,@,NSH,W,0,0,0,-1,0,0,0,0,0,,,,0,,14,11:16,0,0,0,0,
167,2012-01-07,21,27-284,DAL,,EDM,W,0,0,0,3,0,0,0,0,0,,,,0,,23,16:30,1,0,0,0,
168,2012-01-10,22,27-287,DAL,@,ANA,L,0,0,0,-2,2,0,0,0,0,,,,0,,20,14:01,2,1,0,0,
169,2012-02-16,23,27-324,DAL,,CGY,W,0,0,0,1,0,0,0,0,0,,,,0,,22,15:58,2,1,0,0,
170,2012-02-18,24,27-326,DAL,@,PHX,L-OT,0,0,0,-1,0,0,0,0,0,,,,0,,17,13:27,1,0,0,0,
171,2012-02-19,25,27-327,DAL,,NSH,L,0,0,0,1,0,0,0,0,0,,,,1,0.0,24,20:27,2,0,0,0,
172,2012-02-21,26,27-329,DAL,@,MTL,W,0,0,0,1,2,0,0,0,0,,,,0,,24,16:11,1,2,0,0,
173,2012-03-10,27,27-347,DAL,,ANA,W,0,0,0,0,0,0,0,0,0,,,,0,,19,12:57,0,0,0,0,
174,2012-03-13,28,27-350,DAL,@,MIN,W,0,0,0,1,0,0,0,0,0,,,,1,0.0,19,15:14,0,2,0,0,
175,2012-03-14,29,27-351,DAL,@,WPG,L,0,0,0,-1,0,0,0,0,0,,,,2,0.0,29,23:55,3,2,0,0,
176,2012-03-16,30,27-353,DAL,,CHI,L,0,0,0,-3,0,0,0,0,0,,,,1,0.0,26,19:27,2,2,0,0,
177,2012-03-22,31,27-359,DAL,,VAN,L,0,0,0,-1,0,0,0,0,0,,,,4,0.0,24,17:09,2,1,0,0,
178,2012-03-24,32,27-361,DAL,,CGY,W,0,1,1,2,0,0,0,0,0,,,,0,,19,16:16,0,0,0,0,
179,2012-03-26,33,27-363,DAL,@,CGY,L,0,1,1,1,2,0,0,0,0,,,,1,0.0,22,15:36,1,5,0,0,
180,2012-03-28,34,27-365,DAL,@,EDM,W,0,0,0,0,0,0,0,0,0,,,,1,0.0,21,14:50,1,0,0,0,
181,2012-03-30,35,28-001,DAL,@,VAN,L,0,0,0,1,2,0,0,0,0,,,,1,0.0,20,13:57,2,1,0,0,
182,2012-04-07,36,28-009,DAL,,STL,L,0,0,0,1,2,0,0,0,0,,,,2,0.0,25,18:58,0,3,0,0,
183,2013-02-05,1,28-313,BUF,@,OTT,L,0,1,1,0,2,0,0,0,0,,,,2,0.0,23,18:25,3,2,0,0,
184,2013-02-26,2,28-334,BUF,@,TBL,W,0,0,0,0,0,0,0,0,0,,,,0,,17,14:17,0,1,0,0,
185,2013-02-28,3,28-336,BUF,@,FLA,W,0,0,0,1,6,0,0,0,0,,,,1,0.0,19,14:00,3,0,0,0,
186,2013-03-02,4,28-338,BUF,,NJD,W,0,0,0,1,0,0,0,0,0,,,,0,,22,16:18,1,0,0,0,
187,2013-03-03,5,28-339,BUF,@,NYR,L-SO,0,0,0,0,2,0,0,0,0,,,,0,,19,12:05,2,0,0,0,
188,2013-04-02,6,29-004,BUF,@,PIT,W,0,1,1,2,0,0,0,0,0,,,,1,0.0,18,11:17,2,3,0,0,
189,2013-04-05,7,29-007,BUF,,OTT,W,0,2,2,2,0,0,0,0,0,,,,0,,17,12:03,2,0,0,0,
190,2013-04-07,8,29-009,BUF,,NJD,W,0,0,0,0,0,0,0,0,0,,,,0,,19,18:15,3,1,0,0,
191,2013-04-09,9,29-011,BUF,@,WPG,L,0,0,0,-1,0,0,0,0,0,,,,0,,22,16:17,1,2,0,0,
192,2013-04-11,10,29-013,BUF,,MTL,L,0,0,0,0,2,0,0,0,0,,,,0,,21,17:56,0,0,0,0,
193,2013-04-13,11,29-015,BUF,,PHI,W,0,0,0,0,0,0,0,0,0,,,,0,,26,21:40,0,0,0,0,
194,2013-04-14,12,29-016,BUF,,TBL,W,0,0,0,0,0,0,0,0,0,,,,0,,21,16:57,2,0,0,0,
195,2013-04-17,13,29-019,BUF,@,BOS,W,0,0,0,0,0,0,0,0,0,,,,0,,23,16:12,1,1,0,0,
196,2013-04-19,14,29-021,BUF,,NYR,L,0,0,0,-2,0,0,0,0,0,,,,1,0.0,21,18:13,2,2,0,0,
197,2013-04-22,15,29-024,BUF,,WPG,L,0,0,0,-1,0,0,0,0,0,,,,1,0.0,26,22:08,1,1,0,0,
198,2013-04-23,16,29-025,BUF,@,PIT,W,0,0,0,2,2,0,0,0,0,,,,0,,22,17:46,0,3,0,0,
199,2013-04-26,17,29-028,BUF,,NYI,W,0,0,0,0,0,0,0,0,0,,,,0,,19,16:48,1,0,0,0,
200,2013-10-20,1,29-205,WPG,,NSH,L,0,0,0,0,0,0,0,0,0,,,,1,0.0,15,13:38,1,1,0,0,
201,2013-10-22,2,29-207,WPG,,WSH,L-SO,0,0,0,0,0,0,0,0,0,,,,1,0.0,17,14:19,2,0,0,0,
202,2013-10-27,3,29-212,WPG,@,COL,L,0,1,1,1,0,0,0,0,0,,,,0,,17,13:52,2,1,0,0,
203,2013-10-29,4,29-214,WPG,@,STL,L,0,0,0,0,0,0,0,0,0,,,,2,0.0,17,10:36,1,1,0,0,
204,2013-11-02,5,29-218,WPG,,CHI,L,0,0,0,-3,0,0,0,0,0,,,,1,0.0,16,12:04,1,3,0,0,
205,2013-11-04,6,29-220,WPG,,DET,W,0,0,0,1,0,0,0,0,0,,,,3,0.0,17,12:22,2,1,0,0,
206,2013-11-06,7,29-222,WPG,@,CHI,L,0,0,0,0,0,0,0,0,0,,,,1,0.0,18,14:59,1,2,0,0,
207,2013-11-08,8,29-224,WPG,,NSH,W,0,0,0,2,7,0,0,0,0,,,,0,,20,15:04,0,1,0,0,
208,2013-11-10,9,29-226,WPG,,SJS,W,0,0,0,0,0,0,0,0,0,,,,2,0.0,14,12:05,1,0,0,0,
209,2013-11-12,10,29-228,WPG,@,DET,W,0,0,0,0,0,0,0,0,0,,,,2,0.0,14,14:38,3,1,0,0,
210,2013-11-15,11,29-231,WPG,,PHI,W,0,0,0,0,4,0,0,0,0,,,,0,,15,11:56,1,1,0,0,
211,2013-11-17,12,29-233,WPG,@,MIN,L,0,0,0,0,0,0,0,0,0,,,,0,,13,10:26,1,0,0,0,
212,2013-11-18,13,29-234,WPG,,CGY,L-SO,0,0,0,0,0,0,0,0,0,,,,0,,15,14:18,0,4,0,0,
213,2013-11-21,14,29-237,WPG,,CHI,L,0,0,0,0,0,0,0,0,0,,,,1,0.0,23,17:06,4,1,0,0,
214,2013-11-23,15,29-239,WPG,,MIN,L-SO,0,0,0,2,0,0,0,0,0,,,,1,0.0,22,17:40,1,0,0,0,
215,2013-12-14,16,29-260,WPG,,DAL,L,0,0,0,1,2,0,0,0,0,,,,1,0.0,14,12:51,2,1,0,0,
216,2013-12-16,17,29-262,WPG,@,CBJ,W,0,0,0,0,5,0,0,0,0,,,,2,0.0,14,13:29,0,2,0,0,
217,2013-12-17,18,29-263,WPG,@,BUF,L,0,0,0,-1,0,0,0,0,0,,,,1,0.0,18,15:14,2,0,0,0,
218,2013-12-20,19,29-266,WPG,,FLA,W,0,0,0,0,2,0,0,0,0,,,,0,,17,17:03,3,2,0,0,
219,2013-12-22,20,29-268,WPG,@,VAN,L,0,0,0,0,0,0,0,0,0,,,,2,0.0,20,17:36,0,0,0,0,
220,2013-12-23,21,29-269,WPG,@,EDM,L,0,0,0,-2,0,0,0,0,0,,,,0,,17,16:32,2,1,0,0,
221,2013-12-27,22,29-273,WPG,,MIN,W,0,1,1,0,0,0,0,0,0,,,,0,,17,12:24,1,1,0,0,
222,2014-01-05,23,29-282,WPG,@,PIT,L,0,1,1,1,2,0,0,0,0,,,,1,0.0,17,12:59,3,0,0,0,
223,2014-01-07,24,29-284,WPG,,TBL,L,0,0,0,0,0,0,0,0,0,,,,0,,17,11:49,0,1,0,0,
224,2014-01-11,25,29-288,WPG,,CBJ,L,0,1,1,1,2,0,0,0,0,,,,1,0.0,20,14:02,2,0,0,0,
225,2014-01-13,26,29-290,WPG,,PHX,W,0,1,1,2,0,0,0,0,0,,,,1,0.0,16,13:41,0,0,0,0,
226,2014-01-16,27,29-293,WPG,@,CGY,W,0,0,0,1,2,0,0,0,0,,,,0,,20,15:40,3,0,0,0,
227,2014-01-18,28,29-295,WPG,,EDM,W,0,0,0,0,0,0,0,0,0,,,,1,0.0,17,15:02,1,0,0,0,
228,2014-01-21,29,29-298,WPG,@,ANA,W,0,0,0,-1,2,0,0,0,0,,,,2,0.0,21,14:00,2,3,0,0,
229,2014-01-23,30,29-300,WPG,@,SJS,L,0,0,0,-1,0,0,0,0,0,,,,0,,15,11:05,2,1,0,0,
230,2014-01-25,31,29-302,WPG,,TOR,W,0,0,0,0,0,0,0,0,0,,,,0,,16,12:44,0,2,0,0,
231,2014-01-26,32,29-303,WPG,@,CHI,W,0,0,0,0,0,0,0,0,0,,,,1,0.0,15,11:44,1,0,0,0,
232,2014-01-28,33,29-305,WPG,,NSH,L,0,0,0,-1,0,0,0,0,0,,,,1,0.0,13,12:03,2,0,0,0,
233,2014-01-31,34,29-308,WPG,,VAN,W,0,0,0,0,0,0,0,0,0,,,,0,,17,13:52,2,3,0,0,
234,2014-02-02,35,29-310,WPG,@,MTL,W,0,0,0,0,0,0,0,0,0,,,,0,,13,10:28,0,0,0,0,
235,2014-02-04,36,29-312,WPG,@,CAR,W,0,0,0,0,0,0,0,0,0,,,,1,0.0,17,14:42,0,2,0,0,
236,2014-02-06,37,29-314,WPG,@,WSH,L,0,0,0,1,0,0,0,0,0,,,,1,0.0,17,13:43,1,2,0,0,
237,2014-02-08,38,29-316,WPG,@,STL,L-SO,0,0,0,0,0,0,0,0,0,,,,1,0.0,16,11:25,0,0,0,0,
238,2014-02-27,39,29-335,WPG,,PHX,W,0,0,0,-1,0,0,0,0,0,,,,0,,18,12:58,1,0,0,0,
239,2014-03-01,40,29-337,WPG,@,NSH,W,0,0,0,0,2,0,0,0,0,,,,0,,21,16:06,2,1,0,0,
240,2014-03-04,41,29-340,WPG,,NYI,L-OT,0,0,0,0,0,0,0,0,0,,,,0,,18,14:16,0,0,0,0,
241,2014-03-06,42,29-342,WPG,,LAK,L,0,0,0,-1,0,0,0,0,0,,,,1,0.0,13,12:51,2,0,0,0,
242,2014-03-08,43,29-344,WPG,,OTT,L,0,0,0,1,0,0,0,0,0,,,,1,0.0,17,11:03,2,0,0,0,
243,2014-03-10,44,29-346,WPG,@,COL,L-OT,0,0,0,0,0,0,0,0,0,,,,0,,21,11:56,0,3,0,0,
244,2014-03-12,45,29-348,WPG,,VAN,L-SO,0,0,0,0,0,0,0,0,0,,,,1,0.0,17,13:21,4,0,0,0,
245,2014-03-14,46,29-350,WPG,,NYR,L,0,0,0,0,0,0,0,0,0,,,,0,,21,15:04,0,1,0,0,
246,2014-03-16,47,29-352,WPG,,DAL,W,0,0,0,1,2,0,0,0,0,,,,1,0.0,23,16:08,3,1,0,0,
247,2014-03-17,48,29-353,WPG,@,STL,L,0,0,0,-1,0,0,0,0,0,,,,0,,18,13:52,2,1,0,0,
248,2014-03-19,49,29-355,WPG,,COL,W,0,0,0,0,2,0,0,0,0,,,,0,,21,17:43,1,0,0,0,
249,2014-03-22,50,29-358,WPG,,CAR,L,0,0,0,-2,0,0,0,0,0,,,,0,,19,16:12,2,1,0,0,
250,2014-03-24,51,29-360,WPG,@,DAL,L,0,0,0,0,0,0,0,0,0,,,,0,,18,15:13,1,1,0,0,
251,2014-03-27,52,29-363,WPG,@,SJS,W,0,0,0,0,2,0,0,0,0,,,,1,0.0,22,16:19,0,2,0,0,
252,2014-03-29,53,30-000,WPG,@,LAK,L,0,0,0,0,0,0,0,0,0,,,,4,0.0,20,18:08,1,1,0,0,
253,2014-03-31,54,30-002,WPG,@,ANA,L-OT,0,0,0,1,0,0,0,0,0,,,,2,0.0,25,16:44,0,0,0,0,
254,2014-04-01,55,30-003,WPG,@,PHX,W,0,0,0,0,0,0,0,0,0,,,,0,,22,19:18,0,0,0,0,
255,2014-04-03,56,30-005,WPG,,PIT,L,0,0,0,0,0,0,0,0,0,,,,0,,22,16:22,3,0,0,0,
256,2014-04-05,57,30-007,WPG,@,TOR,W,0,0,0,1,0,0,0,0,0,,,,1,0.0,22,16:08,1,1,0,0,
257,2014-04-07,58,30-009,WPG,,MIN,L,0,0,0,0,0,0,0,0,0,,,,0,,23,15:52,1,0,0,0,
258,2014-04-10,59,30-012,WPG,,BOS,W,0,0,0,-1,2,0,0,0,0,,,,2,0.0,24,19:20,1,0,0,0,
259,2014-04-11,60,30-013,WPG,@,CGY,W,0,1,1,2,0,0,0,0,0,,,,1,0.0,29,21:10,0,4,0,0,
260,2014-10-09,1,30-194,WPG,@,ARI,W,0,1,1,2,2,0,0,0,0,0,0,1,1,0.0,21,17:37,2,1,0,0,
261,2014-10-11,2,30-196,WPG,@,SJS,L,0,0,0,0,2,0,0,0,0,0,0,0,1,0.0,24,16:12,2,0,0,0,
262,2014-10-12,3,30-197,WPG,@,LAK,L,0,0,0,-1,0,0,0,0,0,0,0,0,0,,24,18:02,2,0,0,0,
263,2014-10-17,4,30-202,WPG,,NSH,L,0,0,0,-2,0,0,0,0,0,0,0,0,2,0.0,15,14:51,1,4,0,0,
264,2014-10-19,5,30-204,WPG,,CGY,L,0,0,0,-1,0,0,0,0,0,0,0,0,0,,19,12:37,1,1,0,0,
265,2014-10-28,6,30-213,WPG,@,NYI,W,0,0,0,0,0,0,0,0,0,0,0,0,1,0.0,20,15:04,2,0,0,0,
266,2014-11-16,7,30-232,WPG,@,MIN,L-OT,0,1,1,2,0,0,0,0,0,1,0,0,0,,17,10:50,2,0,0,0,
267,2014-11-18,8,30-234,WPG,,NJD,W,0,0,0,0,0,0,0,0,0,0,0,0,1,0.0,18,13:15,2,1,0,0,
268,2014-11-20,9,30-236,WPG,,DET,L,0,0,0,2,2,0,0,0,0,0,0,0,0,,16,13:40,2,1,0,0,
269,2014-11-23,10,30-239,WPG,,STL,L,0,0,0,1,0,0,0,0,0,0,0,0,0,,21,14:16,2,1,0,0,
270,2014-11-25,11,30-241,WPG,@,CBJ,W,0,0,0,1,2,0,0,0,0,0,0,0,1,0.0,26,16:51,1,0,0,0,
271,2014-11-26,12,30-242,WPG,@,BUF,W,0,0,0,-1,2,0,0,0,0,0,0,0,0,,21,16:32,1,1,0,0,
272,2014-11-28,13,30-244,WPG,@,BOS,L-OT,0,0,0,0,0,0,0,0,0,0,0,0,0,,18,14:40,0,0,0,0,
273,2014-12-03,14,30-249,WPG,,EDM,W,0,0,0,-1,0,0,0,0,0,0,0,0,1,0.0,23,15:06,1,1,0,0,
274,2014-12-05,15,30-251,WPG,,COL,W,0,1,1,1,14,0,0,0,0,1,0,0,2,0.0,16,10:56,1,2,0,0,
275,2014-12-07,16,30-253,WPG,,ANA,L-OT,0,0,0,0,0,0,0,0,0,0,0,0,1,0.0,15,12:56,0,0,0,0,
276,2014-12-09,17,30-255,WPG,@,DAL,W,0,1,1,0,0,0,0,0,0,1,0,0,1,0.0,20,14:40,0,0,0,0,
277,2014-12-11,18,30-257,WPG,@,COL,L-SO,0,0,0,1,2,0,0,0,0,0,0,0,0,,20,11:37,2,1,0,0,
278,2014-12-13,19,30-259,WPG,,ANA,L,0,0,0,0,2,0,0,0,0,0,0,0,0,,21,14:44,3,0,0,0,
279,2014-12-16,20,30-262,WPG,,BUF,W,0,0,0,1,2,0,0,0,0,0,0,0,2,0.0,22,19:18,2,2,0,0,
280,2014-12-19,21,30-265,WPG,,BOS,W,0,0,0,-1,0,0,0,0,0,0,0,0,0,,20,15:46,0,2,0,0,
281,2014-12-21,22,30-267,WPG,,PHI,L-OT,0,0,0,0,2,0,0,0,0,0,0,0,1,0.0,24,17:31,1,4,0,0,
282,2014-12-23,23,30-269,WPG,@,CHI,W,0,0,0,2,0,0,0,0,0,0,0,0,0,,20,16:53,3,1,0,0,
283,2014-12-27,24,30-273,WPG,@,MIN,W,0,0,0,1,2,0,0,0,0,0,0,0,0,,24,17:03,0,0,0,0,
284,2014-12-29,25,30-275,WPG,,MIN,L,0,0,0,-3,0,0,0,0,0,0,0,0,2,0.0,20,17:48,1,0,0,0,
285,2014-12-31,26,30-277,WPG,,NYI,L,0,0,0,-1,0,0,0,0,0,0,0,0,0,,25,19:11,1,1,0,0,
286,2015-01-03,27,30-280,WPG,,TOR,W,0,0,0,-1,0,0,0,0,0,0,0,0,0,,18,17:51,2,2,0,0,
287,2015-01-05,28,30-282,WPG,,SJS,L,0,0,0,0,0,0,0,0,0,0,0,0,0,,21,20:14,1,6,0,0,
288,2015-01-08,29,30-285,WPG,@,ARI,L,0,0,0,0,0,0,0,0,0,0,0,0,0,,17,15:05,0,1,0,0,
289,2015-02-03,30,30-311,WPG,@,VAN,L-OT,0,0,0,0,0,0,0,0,0,0,0,0,0,,18,12:37,0,,,,
290,2015-02-06,31,30-314,WPG,,CHI,L-OT,0,0,0,-1,2,0,0,0,0,0,0,0,1,0.0,18,11:23,1,1,0,0,
291,2015-02-08,32,30-316,WPG,,COL,W,0,0,0,-1,0,0,0,0,0,0,0,0,1,0.0,19,16:47,1,0,0,0,
292,2015-02-10,33,30-318,WPG,,MIN,W,0,0,0,-1,0,0,0,0,0,0,0,0,0,,16,11:41,1,0,0,0,
293,2015-02-19,34,30-327,WPG,@,WSH,L,0,0,0,0,2,0,0,0,0,0,0,0,0,,15,11:05,2,0,0,0,
294,2015-02-21,35,30-329,WPG,@,TOR,L-OT,0,0,0,0,0,0,0,0,0,0,0,0,1,0.0,19,16:49,1,2,0,0,
295,2015-02-24,36,30-332,WPG,,DAL,W,0,1,1,1,0,0,0,0,0,1,0,0,0,,18,13:45,1,5,0,0,
296,2015-02-26,37,30-334,WPG,,STL,L-SO,0,0,0,0,0,0,0,0,0,0,0,0,1,0.0,12,8:40,3,1,0,0,
297,2015-03-01,38,30-337,WPG,,LAK,W,0,0,0,0,0,0,0,0,0,0,0,0,0,,13,9:49,1,1,0,0,
298,2015-03-07,39,30-343,WPG,@,NSH,W,0,0,0,0,0,0,0,0,0,0,0,0,0,,14,12:34,2,1,0,0,
299,2015-03-10,40,30-346,WPG,@,STL,L,0,0,0,-1,0,0,0,0,0,0,0,0,1,0.0,22,15:19,0,1,0,0,
300,2015-03-12,41,30-348,WPG,@,FLA,L,0,1,1,1,0,0,0,0,0,1,0,0,0,,26,21:05,4,0,0,0,
301,2015-03-14,42,30-350,WPG,@,TBL,W,0,0,0,1,0,0,0,0,0,0,0,0,1,0.0,19,12:33,0,1,0,0,
302,2015-03-17,43,30-353,WPG,,SJS,W,0,0,0,0,0,0,0,0,0,0,0,0,0,,19,16:33,1,1,0,0,
303,2015-03-19,44,30-355,WPG,,STL,W,0,0,0,0,0,0,0,0,0,0,0,0,0,,20,14:12,2,1,0,0,
304,2015-03-21,45,30-357,WPG,,WSH,W,0,0,0,1,0,0,0,0,0,0,0,0,1,0.0,16,13:46,1,4,0,0,
305,2015-03-23,46,30-359,WPG,@,EDM,W,0,0,0,0,0,0,0,0,0,0,0,0,0,,19,13:07,1,0,0,0,
306,2015-03-24,47,30-360,WPG,@,VAN,L,0,0,0,0,0,0,0,0,0,0,0,0,0,,19,13:24,3,0,0,0,
307,2015-03-26,48,30-362,WPG,,MTL,W,0,1,1,1,2,0,0,0,0,1,0,0,0,,24,19:40,2,1,0,0,
308,2015-03-29,49,31-000,WPG,,CHI,L,0,0,0,0,0,0,0,0,0,0,0,0,1,0.0,24,17:49,2,1,0,0,
309,2015-03-31,50,31-002,WPG,,NYR,L,0,0,0,-1,0,0,0,0,0,0,0,0,0,,19,15:17,2,2,0,0,
310,2015-04-04,51,31-006,WPG,,VAN,W,0,0,0,1,0,0,0,0,0,0,0,0,1,0.0,21,17:57,2,1,0,0,
311,2015-04-06,52,31-008,WPG,@,MIN,W,0,0,0,0,0,0,0,0,0,0,0,0,0,,26,15:57,1,0,0,0,
312,2015-04-07,53,31-009,WPG,@,STL,W,0,1,1,1,0,0,0,0,0,1,0,0,1,0.0,19,14:11,1,0,0,0,
313,2015-04-09,54,31-011,WPG,@,COL,L-SO,0,0,0,0,0,0,0,0,0,0,0,0,1,0.0,19,10:54,0,0,0,0,
314,2015-04-11,55,31-013,WPG,,CGY,W,0,1,1,5,0,0,0,0,0,1,0,0,1,0.0,28,18:02,2,4,0,0,
315,2015-10-13,1,31-198,WPG,@,NYR,W,0,0,0,0,2,0,0,0,0,0,0,0,2,0.0,22,15:40,0,0,0,0,
316,2015-10-16,2,31-201,WPG,,CGY,W,0,0,0,-1,0,0,0,0,0,0,0,0,0,,18,14:03,1,2,0,0,
317,2015-10-18,3,31-203,WPG,,STL,L,0,0,0,0,0,0,0,0,0,0,0,0,1,0.0,17,12:00,2,1,0,0,
318,2015-11-16,4,31-232,WPG,@,STL,L,0,0,0,1,2,0,0,0,0,0,0,0,0,,22,15:09,3,1,0,0,
319,2015-11-18,5,31-234,WPG,,VAN,W,0,0,0,1,2,0,0,0,0,0,0,0,0,,25,17:17,1,0,0,0,
320,2015-11-21,6,31-237,WPG,,ARI,W,0,1,1,1,0,0,0,0,0,0,0,1,1,0.0,19,17:31,3,1,0,0,
321,2015-11-23,7,31-239,WPG,,COL,L,0,0,0,0,0,0,0,0,0,0,0,0,0,,17,14:52,1,0,0,0,
322,2015-11-25,8,31-241,WPG,@,WSH,L,0,0,0,-2,0,0,0,0,0,0,0,0,1,0.0,19,14:20,1,0,0,0,
323,2015-11-27,9,31-243,WPG,@,MIN,W,0,0,0,0,0,0,0,0,0,0,0,0,0,,13,9:21,2,0,0,0,
324,2015-11-28,10,31-244,WPG,@,COL,L,0,0,0,-1,0,0,0,0,0,0,0,0,0,,13,8:41,0,0,0,0,
325,2016-01-15,11,31-292,WPG,@,MIN,W,0,0,0,0,0,0,0,0,0,0,0,0,2,0.0,9,6:58,0,0,0,0,
326,2016-02-16,12,31-324,WPG,@,CAR,L,0,0,0,0,0,0,0,0,0,0,0,0,2,0.0,17,13:08,1,4,0,0,
327,2016-02-25,13,31-333,WPG,@,DAL,W,0,0,0,-1,2,0,0,0,0,0,0,0,1,0.0,20,13:14,3,1,0,0,
328,2016-02-27,14,31-335,WPG,@,PIT,L,0,0,0,-1,0,0,0,0,0,0,0,0,0,,13,11:05,2,0,0,0,
329,2016-03-01,15,31-338,EDM,@,BUF,W,0,0,0,0,0,0,0,0,0,0,0,0,2,0.0,25,20:06,3,1,0,0,
330,2016-03-03,16,31-340,EDM,@,PHI,W,0,1,1,3,2,0,0,0,0,1,0,0,1,0.0,28,21:36,1,5,0,0,
331,2016-03-04,17,31-341,EDM,@,CBJ,L,0,1,1,-2,0,0,0,0,0,1,0,0,1,0.0,25,20:50,0,1,0,0,
332,2016-03-06,18,31-343,EDM,@,WPG,W,0,0,0,0,0,0,0,0,0,0,0,0,2,0.0,28,22:44,0,1,0,0,
333,2016-03-08,19,31-345,EDM,,SJS,L,0,0,0,-1,0,0,0,0,0,0,0,0,1,0.0,28,21:28,1,2,0,0,
334,2016-03-10,20,31-347,EDM,@,MIN,W,0,0,0,-1,0,0,0,0,0,0,0,0,2,0.0,27,21:05,2,4,0,0,
335,2016-04-02,21,32-004,EDM,,CGY,L,0,0,0,-1,0,0,0,0,0,0,0,0,1,0.0,23,18:54,4,3,0,0,
336,2016-04-06,22,32-008,EDM,,VAN,W,0,1,1,0,2,0,0,0,0,1,0,0,2,0.0,27,19:12,1,3,0,0,
337,2016-04-09,23,32-011,EDM,@,VAN,L-SO,0,0,0,-2,2,0,0,0,0,0,0,0,0,,24,16:06,0,2,0,0,
338,2016-12-08,1,32-254,NSH,@,DAL,L,0,0,0,1,2,0,0,0,0,0,0,0,2,0.0,16,11:14,0,0,0,0,
339,2016-12-19,2,32-265,NSH,@,PHI,W,0,0,0,0,2,0,0,0,0,0,0,0,0,,13,7:46,1,2,0,0,
340,2016-12-20,3,32-266,NSH,@,NJD,W,0,0,0,-1,2,0,0,0,0,0,0,0,1,0.0,21,13:47,1,0,0,0,
341,2016-12-22,4,32-268,NSH,,LAK,L,0,0,0,-1,0,0,0,0,0,0,0,0,1,0.0,14,11:11,1,1,0,0,
