,date_game,game_season,age,team_id,game_location,opp_id,game_result,goals,assists,points,plus_minus,pen_min,goals_ev,goals_pp,goals_sh,goals_gw,assists_ev,assists_pp,assists_sh,shots,shot_pct,shifts,time_on_ice,hits_all,blocks_all,faceoff_wins_all,faceoff_losses_all,faceoff_percentage_all
0,2013-03-09,1,22-262,MTL,@,TBL,W,0,0,0,0,0,0,0,0,0,,,,0,,13,9:13,1,1,0,0,
1,2013-03-10,2,22-263,MTL,@,FLA,W,0,0,0,0,0,0,0,0,0,,,,0,,14,12:36,0,0,0,0,
2,2013-03-13,3,22-266,MTL,,OTT,W,0,0,0,0,0,0,0,0,0,,,,0,,13,6:59,1,0,0,0,
3,2015-02-18,1,24-243,MTL,@,OTT,L,0,0,0,1,0,0,0,0,0,0,0,0,2,0.0,24,15:11,3,1,0,0,
4,2015-02-19,2,24-244,MTL,,FLA,L-SO,0,0,0,-1,0,0,0,0,0,0,0,0,0,,19,11:57,3,0,0,0,
5,2015-02-21,3,24-246,MTL,,CBJ,W,0,0,0,0,2,0,0,0,0,0,0,0,1,0.0,16,12:06,2,2,0,0,
6,2015-02-24,4,24-249,MTL,@,STL,W,0,0,0,0,0,0,0,0,0,0,0,0,0,,16,11:50,1,0,0,0,
7,2015-02-26,5,24-251,MTL,@,CBJ,W,0,0,0,-1,0,0,0,0,0,0,0,0,0,,19,12:49,3,1,0,0,
8,2015-02-28,6,24-253,MTL,,TOR,W,0,0,0,0,0,0,0,0,0,0,0,0,0,,18,11:58,6,2,0,0,
9,2015-03-14,7,24-267,MTL,@,NYI,W,0,0,0,0,0,0,0,0,0,0,0,0,1,0.0,18,10:16,2,0,0,0,
10,2015-03-16,8,24-269,MTL,@,TBL,L,0,0,0,0,2,0,0,0,0,0,0,0,0,,18,10:54,1,1,0,0,
11,2015-03-17,9,24-270,MTL,@,FLA,W,0,0,0,1,0,0,0,0,0,0,0,0,0,,13,11:13,2,0,0,0,
12,2015-03-19,10,24-272,MTL,,CAR,W,0,0,0,2,0,0,0,0,0,0,0,0,2,0.0,19,16:19,2,3,0,0,
13,2015-03-21,11,24-274,MTL,,SJS,W,0,0,0,0,0,0,0,0,0,0,0,0,0,,15,11:09,3,1,0,0,
14,2015-03-24,12,24-277,MTL,@,NSH,L-OT,0,0,0,2,2,0,0,0,0,0,0,0,1,0.0,20,14:19,2,2,0,0,
15,2015-03-26,13,24-279,MTL,@,WPG,L,0,0,0,-2,0,0,0,0,0,0,0,0,1,0.0,17,13:00,4,1,0,0,
16,2015-03-28,14,24-281,MTL,,FLA,W,0,0,0,0,0,0,0,0,0,0,0,0,1,0.0,20,14:46,5,1,0,0,
17,2015-03-30,15,24-283,MTL,,TBL,L,0,0,0,-2,0,0,0,0,0,0,0,0,0,,17,13:58,5,1,0,0,
18,2015-04-09,16,24-293,MTL,,DET,W,0,0,0,0,0,0,0,0,0,0,0,0,1,0.0,14,10:00,4,1,0,0,
19,2015-04-11,17,24-295,MTL,@,TOR,W,0,0,0,0,0,0,0,0,0,0,0,0,0,,18,13:22,0,1,0,0,
20,2015-11-14,1,25-147,MTL,,COL,L,0,0,0,0,0,0,0,0,0,0,0,0,1,0.0,21,13:52,4,0,0,0,
21,2015-11-16,2,25-149,MTL,,VAN,W,0,0,0,0,0,0,0,0,0,0,0,0,1,0.0,20,14:56,3,0,0,0,
22,2015-11-19,3,25-152,MTL,,ARI,L,0,0,0,0,0,0,0,0,0,0,0,0,1,0.0,15,10:37,4,0,0,0,
23,2015-11-20,4,25-153,MTL,@,NYI,W,0,0,0,1,2,0,0,0,0,0,0,0,0,,21,16:58,3,0,0,0,
24,2015-11-22,5,25-155,MTL,,NYI,W,0,0,0,0,0,0,0,0,0,0,0,0,3,0.0,18,13:16,4,0,0,0,
25,2015-11-27,6,25-160,MTL,@,NJD,W,0,0,0,0,2,0,0,0,0,0,0,0,0,,22,13:43,3,1,0,0,
26,2015-11-28,7,25-161,MTL,,NJD,L-OT,0,0,0,0,0,0,0,0,0,0,0,0,1,0.0,20,14:57,4,3,0,0,
27,2015-12-10,8,25-173,MTL,@,DET,L,0,0,0,-1,0,0,0,0,0,0,0,0,1,0.0,16,11:27,1,2,0,0,
28,2015-12-28,9,25-191,MTL,@,TBL,W,0,0,0,-1,0,0,0,0,0,0,0,0,1,0.0,22,15:11,3,3,0,0,
29,2015-12-29,10,25-192,MTL,@,FLA,L,0,0,0,-1,0,0,0,0,0,0,0,0,0,,23,16:15,2,3,0,0,
30,2016-01-09,11,25-203,MTL,,PIT,L,0,0,0,-1,0,0,0,0,0,0,0,0,0,,16,12:32,2,1,0,0,
31,2016-02-12,12,25-237,MTL,@,BUF,L,0,0,0,-1,0,0,0,0,0,0,0,0,0,,19,13:48,0,0,0,0,
32,2016-02-15,13,25-240,MTL,@,ARI,L,0,0,0,-1,15,0,0,0,0,0,0,0,0,,11,7:54,0,1,0,0,
33,2016-02-17,14,25-242,MTL,@,COL,L,0,0,0,0,0,0,0,0,0,0,0,0,0,,18,11:30,1,3,0,0,
34,2016-02-19,15,25-244,MTL,,PHI,W,0,0,0,-1,0,0,0,0,0,0,0,0,2,0.0,19,12:20,3,0,0,0,
35,2016-02-22,16,25-247,MTL,,NSH,L-SO,0,0,0,0,0,0,0,0,0,0,0,0,1,0.0,14,12:36,2,0,0,0,
36,2016-02-24,17,25-249,MTL,@,WSH,W,0,0,0,-1,0,0,0,0,0,0,0,0,3,0.0,27,21:38,3,3,0,0,
37,2016-02-27,18,25-252,MTL,,TOR,W,0,1,1,1,0,0,0,0,0,1,0,0,2,0.0,27,17:29,2,1,0,0,
38,2016-02-29,19,25-254,MTL,@,SJS,L,0,0,0,-1,0,0,0,0,0,0,0,0,1,0.0,28,21:43,3,1,0,0,
39,2016-03-02,20,25-256,MTL,@,ANA,L-SO,0,0,0,0,0,0,0,0,0,0,0,0,1,0.0,23,17:09,3,2,0,0,
40,2016-03-03,21,25-257,MTL,@,LAK,L,0,0,0,-1,2,0,0,0,0,0,0,0,0,,22,19:11,5,0,0,0,
41,2016-03-05,22,25-259,MTL,@,WPG,L,0,1,1,1,0,0,0,0,0,1,0,0,1,0.0,27,21:45,2,1,0,0,
42,2016-03-08,23,25-262,MTL,,DAL,W,0,1,1,0,0,0,0,0,0,1,0,0,3,0.0,27,22:12,1,3,0,0,
43,2016-03-10,24,25-264,MTL,,BUF,W,0,0,0,-1,7,0,0,0,0,0,0,0,0,,20,13:15,2,1,0,0,
44,2016-03-12,25,25-266,MTL,,MIN,L,0,0,0,-2,0,0,0,0,0,0,0,0,3,0.0,28,20:07,4,1,0,0,
45,2016-03-15,26,25-269,MTL,,FLA,L,0,0,0,0,0,0,0,0,0,0,0,0,0,,19,17:37,2,1,0,0,
46,2016-03-16,27,25-270,MTL,@,BUF,W,1,0,1,0,2,1,0,0,0,0,0,0,1,100.0,29,21:00,4,3,0,0,
47,2016-03-19,28,25-273,MTL,@,OTT,L,0,0,0,0,0,0,0,0,0,0,0,0,0,,27,21:59,3,2,0,0,
48,2016-03-20,29,25-274,MTL,,CGY,L,0,0,0,0,0,0,0,0,0,0,0,0,1,0.0,24,18:49,8,0,0,0,
49,2016-03-22,30,25-276,MTL,,ANA,W,0,1,1,-1,0,0,0,0,0,1,0,0,2,0.0,25,20:10,2,4,0,0,
50,2016-03-24,31,25-278,MTL,@,DET,L,0,0,0,0,0,0,0,0,0,0,0,0,0,,24,19:39,3,2,0,0,
51,2016-03-26,32,25-280,MTL,,NYR,L,0,1,1,1,0,0,0,0,0,1,0,0,0,,25,20:03,4,2,0,0,
52,2016-03-29,33,25-283,MTL,,DET,W,0,0,0,0,0,0,0,0,0,0,0,0,0,,30,22:37,3,1,0,0,
53,2016-03-31,34,25-285,MTL,@,TBL,W,0,1,1,1,2,0,0,0,0,1,0,0,1,0.0,28,21:31,1,0,0,0,
54,2016-04-02,35,25-287,MTL,@,FLA,L,0,0,0,0,0,0,0,0,0,0,0,0,0,,30,22:04,2,3,0,0,
55,2016-04-05,36,25-290,MTL,,FLA,L,0,0,0,-1,2,0,0,0,0,0,0,0,0,,20,15:34,0,2,0,0,
56,2016-04-07,37,25-292,MTL,@,CAR,W,0,0,0,1,0,0,0,0,0,0,0,0,0,,22,23:49,4,2,0,0,
57,2016-04-09,38,25-294,MTL,,TBL,W,0,0,0,1,15,0,0,0,0,0,0,0,1,0.0,6,5:14,0,0,0,0,
58,2016-10-13,1,26-115,MTL,@,BUF,W,0,0,0,1,0,0,0,0,0,0,0,0,2,0.0,28,22:46,0,2,0,0,
59,2016-10-15,2,26-117,MTL,@,OTT,L-SO,0,0,0,-1,0,0,0,0,0,0,0,0,1,0.0,20,12:18,1,0,0,0,
60,2016-10-22,3,26-124,MTL,@,BOS,W,0,1,1,1,0,0,0,0,0,1,0,0,0,,24,14:16,0,4,0,0,
61,2016-10-24,4,26-126,MTL,,PHI,W,0,0,0,0,0,0,0,0,0,0,0,0,1,0.0,18,14:42,1,1,0,0,
62,2016-10-26,5,26-128,MTL,@,NYI,W,0,0,0,0,0,0,0,0,0,0,0,0,1,0.0,16,12:43,1,2,0,0,
63,2016-10-27,6,26-129,MTL,,TBL,W,0,1,1,1,0,0,0,0,0,1,0,0,1,0.0,15,14:56,1,2,0,0,
64,2016-10-29,7,26-131,MTL,,TOR,W,0,0,0,1,0,0,0,0,0,0,0,0,0,,21,14:10,2,2,0,0,
65,2016-11-02,8,26-135,MTL,,VAN,W,0,0,0,1,0,0,0,0,0,0,0,0,1,0.0,20,14:47,3,3,0,0,
66,2016-11-04,9,26-137,MTL,@,CBJ,L,0,0,0,-2,0,0,0,0,0,0,0,0,2,0.0,21,19:02,2,3,0,0,
67,2016-11-05,10,26-138,MTL,,PHI,W,1,0,1,1,0,1,0,0,0,0,0,0,1,100.0,16,12:13,1,2,0,0,
68,2016-11-08,11,26-141,MTL,,BOS,W,0,0,0,0,0,0,0,0,0,0,0,0,2,0.0,15,12:28,2,3,0,0,
69,2016-11-15,12,26-148,MTL,,FLA,L-OT,0,0,0,-1,0,0,0,0,0,0,0,0,0,,13,10:47,2,4,0,0,
70,2016-11-18,13,26-151,MTL,@,CAR,L,0,0,0,-2,0,0,0,0,0,0,0,0,1,0.0,14,11:07,0,1,0,0,
71,2016-11-24,14,26-157,MTL,,CAR,W,0,0,0,-1,0,0,0,0,0,0,0,0,2,0.0,16,13:07,6,2,0,0,
72,2016-11-26,15,26-159,MTL,@,DET,W,0,1,1,0,0,0,0,0,0,1,0,0,1,0.0,22,13:13,1,2,0,0,
73,2016-11-29,16,26-162,MTL,@,ANA,L,0,0,0,0,0,0,0,0,0,0,0,0,1,0.0,19,15:09,3,0,0,0,
74,2016-12-02,17,26-165,MTL,@,SJS,L,0,0,0,0,0,0,0,0,0,0,0,0,1,0.0,19,13:59,1,2,0,0,
75,2016-12-04,18,26-167,MTL,@,LAK,W,0,1,1,0,0,0,0,0,0,1,0,0,0,,17,13:03,2,0,0,0,
76,2016-12-06,19,26-169,MTL,@,STL,L-OT,0,0,0,2,2,0,0,0,0,0,0,0,1,0.0,17,10:51,1,2,0,0,
77,2017-01-31,20,26-225,MTL,,BUF,W,0,0,0,1,2,0,0,0,0,0,0,0,5,0.0,22,18:43,2,1,0,0,
78,2017-02-09,21,26-234,MTL,@,ARI,W,0,0,0,-1,0,0,0,0,0,0,0,0,1,0.0,19,16:11,1,1,0,0,
79,2017-02-11,22,26-236,MTL,,STL,L,0,1,1,0,0,0,0,0,0,1,0,0,1,0.0,20,14:57,2,1,0,0,
80,2017-02-21,23,26-246,MTL,@,NYR,W,0,0,0,0,0,0,0,0,0,0,0,0,1,0.0,16,13:04,5,2,0,0,
81,2017-02-23,24,26-248,MTL,,NYI,L,0,0,0,0,0,0,0,0,0,0,0,0,1,0.0,20,16:34,4,1,0,0,
82,2017-03-02,25,26-255,DAL,,NYI,L,0,1,1,-1,0,0,0,0,0,1,0,0,1,0.0,20,14:57,1,3,0,0,
83,2017-03-12,26,26-265,DAL,@,SJS,L,0,0,0,-2,0,0,0,0,0,0,0,0,0,,18,13:41,0,0,0,0,
84,2017-03-17,27,26-270,DAL,@,CGY,L,0,0,0,-1,0,0,0,0,0,0,0,0,0,,22,15:50,1,1,0,0,
85,2017-03-20,28,26-273,DAL,,SJS,W,0,0,0,0,0,0,0,0,0,0,0,0,1,0.0,20,14:44,4,0,0,0,
86,2017-03-23,29,26-276,DAL,@,CHI,L-SO,0,0,0,-1,0,0,0,0,0,0,0,0,1,0.0,23,18:52,3,3,0,0,
87,2017-03-24,30,26-277,DAL,,SJS,W,0,0,0,3,0,0,0,0,0,0,0,0,1,0.0,28,19:54,1,5,0,0,
88,2017-03-26,31,26-279,DAL,@,NJD,W,0,0,0,0,0,0,0,0,0,0,0,0,2,0.0,27,17:35,2,1,0,0,
89,2017-03-28,32,26-281,DAL,@,MTL,L,0,0,0,0,0,0,0,0,0,0,0,0,0,,25,20:04,8,4,0,0,
90,2017-04-01,33,26-285,DAL,@,CAR,W,0,1,1,2,0,0,0,0,0,1,0,0,2,0.0,24,20:41,0,1,0,0,
91,2017-04-02,34,26-286,DAL,@,TBL,L,0,0,0,-2,0,0,0,0,0,0,0,0,3,0.0,22,19:28,2,1,0,0,
92,2017-04-06,35,26-290,DAL,,NSH,L,0,0,0,0,6,0,0,0,0,0,0,0,0,,20,13:54,1,4,0,0,
93,2017-04-08,36,26-292,DAL,,COL,W,0,1,1,0,0,0,0,0,0,1,0,0,3,0.0,23,20:26,2,0,0,0,
94,2017-10-26,1,27-128,DAL,@,EDM,L,0,0,0,-1,0,0,0,0,0,0,0,0,1,0.0,29,18:52,1,1,0,0,
95,2017-10-27,2,27-129,DAL,@,CGY,W,0,0,0,0,0,0,0,0,0,0,0,0,0,,31,21:32,0,1,0,0,
96,2017-10-30,3,27-132,DAL,@,VAN,W,0,0,0,0,0,0,0,0,0,0,0,0,2,0.0,29,20:20,1,0,0,0,
97,2017-11-02,4,27-135,DAL,@,WPG,L,0,0,0,0,2,0,0,0,0,0,0,0,1,0.0,31,17:36,5,2,0,0,
98,2017-11-04,5,27-137,DAL,,BUF,W,0,0,0,0,0,0,0,0,0,0,0,0,0,,26,19:29,0,4,0,0,
99,2017-11-06,6,27-139,DAL,,WPG,L,0,0,0,0,2,0,0,0,0,0,0,0,0,,24,13:16,1,2,0,0,
100,2017-11-10,7,27-143,DAL,,NYI,W,0,0,0,1,0,0,0,0,0,0,0,0,0,,26,18:08,1,4,0,0,
101,2017-11-13,8,27-146,DAL,@,CAR,L,0,0,0,-1,0,0,0,0,0,0,0,0,1,0.0,25,17:45,4,3,0,0,
102,2017-11-14,9,27-147,DAL,@,FLA,L-SO,0,0,0,1,4,0,0,0,0,0,0,0,3,0.0,30,17:45,1,1,0,0,
103,2017-11-16,10,27-149,DAL,@,TBL,L,0,0,0,-2,2,0,0,0,0,0,0,0,3,0.0,23,17:13,3,2,0,0,
104,2017-11-18,11,27-151,DAL,,EDM,W,0,0,0,1,5,0,0,0,0,0,0,0,1,0.0,20,14:38,1,0,0,0,
105,2017-11-21,12,27-154,DAL,,MTL,W,0,0,0,1,0,0,0,0,0,0,0,0,2,0.0,29,20:59,3,0,0,0,
106,2017-11-22,13,27-155,DAL,@,COL,L,0,0,0,0,0,0,0,0,0,0,0,0,2,0.0,23,18:24,3,1,0,0,
107,2017-11-24,14,27-157,DAL,,CGY,W,0,0,0,1,0,0,0,0,0,0,0,0,1,0.0,27,18:20,1,1,0,0,
108,2017-11-28,15,27-161,DAL,@,VEG,W,0,1,1,2,0,0,0,0,0,1,0,0,0,,26,19:10,0,2,0,0,
109,2017-11-30,16,27-163,DAL,@,CHI,W,0,0,0,-1,0,0,0,0,0,0,0,0,1,0.0,31,22:27,7,4,0,0,
110,2017-12-02,17,27-165,DAL,,CHI,W,0,0,0,0,2,0,0,0,0,0,0,0,1,0.0,23,19:14,3,0,0,0,
111,2017-12-03,18,27-166,DAL,@,COL,W,1,0,1,2,0,1,0,0,0,0,0,0,1,100.0,27,22:23,1,4,0,0,
112,2017-12-05,19,27-168,DAL,,NSH,L,0,0,0,-1,0,0,0,0,0,0,0,0,1,0.0,25,20:53,7,1,0,0,
113,2017-12-07,20,27-170,DAL,@,STL,L,0,0,0,0,0,0,0,0,0,0,0,0,1,0.0,22,18:41,2,3,0,0,
114,2017-12-09,21,27-172,DAL,,VEG,L,0,0,0,0,0,0,0,0,0,0,0,0,1,0.0,24,19:22,6,1,0,0,
115,2017-12-11,22,27-174,DAL,@,NYR,W,0,0,0,-1,0,0,0,0,0,0,0,0,2,0.0,26,19:34,2,4,0,0,
116,2017-12-13,23,27-176,DAL,@,NYI,W,0,0,0,1,0,0,0,0,0,0,0,0,1,0.0,26,21:54,4,1,0,0,
117,2017-12-15,24,27-178,DAL,@,NJD,L,0,0,0,0,2,0,0,0,0,0,0,0,1,0.0,25,18:45,2,1,0,0,
118,2017-12-16,25,27-179,DAL,@,PHI,L-OT,0,0,0,0,0,0,0,0,0,0,0,0,2,0.0,30,22:24,0,0,0,0,
119,2017-12-19,26,27-182,DAL,,WSH,L-OT,0,1,1,0,0,0,0,0,0,1,0,0,2,0.0,30,22:06,4,0,0,0,
120,2017-12-21,27,27-184,DAL,,CHI,W,0,1,1,2,2,0,0,0,0,1,0,0,3,0.0,27,20:43,3,4,0,0,
121,2017-12-23,28,27-186,DAL,,NSH,W,0,0,0,-1,2,0,0,0,0,0,0,0,0,,31,22:28,2,1,0,0,
122,2017-12-27,29,27-190,DAL,@,MIN,L,0,0,0,-1,0,0,0,0,0,0,0,0,0,,28,20:27,1,1,0,0,
123,2017-12-29,30,27-192,DAL,,STL,W,0,0,0,-1,2,0,0,0,0,0,0,0,0,,27,19:35,1,1,0,0,
124,2017-12-31,31,27-194,DAL,,SJS,W,0,0,0,1,0,0,0,0,0,0,0,0,1,0.0,28,20:46,1,0,0,0,
125,2018-01-02,32,27-196,DAL,,CBJ,L,0,0,0,0,0,0,0,0,0,0,0,0,1,0.0,27,21:15,2,2,0,0,
126,2018-01-04,33,27-198,DAL,,NJD,W,0,0,0,0,2,0,0,0,0,0,0,0,0,,29,21:07,3,1,0,0,
127,2018-01-06,34,27-200,DAL,,EDM,W,0,0,0,0,2,0,0,0,0,0,0,0,1,0.0,26,21:11,1,0,0,0,
128,2018-01-13,35,27-207,DAL,,COL,L,0,0,0,1,2,0,0,0,0,0,0,0,0,,27,16:54,2,0,0,0,
129,2018-01-15,36,27-209,DAL,@,BOS,W,0,0,0,0,0,0,0,0,0,0,0,0,2,0.0,30,22:39,0,1,0,0,
130,2018-01-16,37,27-210,DAL,@,DET,W,0,0,0,-1,0,0,0,0,0,0,0,0,4,0.0,26,22:31,2,4,0,0,
131,2018-01-18,38,27-212,DAL,@,CBJ,L-SO,0,0,0,0,2,0,0,0,0,0,0,0,0,,24,18:11,1,2,0,0,
132,2018-01-20,39,27-214,DAL,@,BUF,W,0,0,0,0,0,0,0,0,0,0,0,0,1,0.0,27,21:26,1,1,0,0,
133,2018-01-23,40,27-217,DAL,,FLA,W,0,1,1,3,0,0,0,0,0,1,0,0,2,0.0,28,21:37,0,7,0,0,
134,2018-01-25,41,27-219,DAL,,TOR,L,0,0,0,0,0,0,0,0,0,0,0,0,2,0.0,24,21:05,2,1,0,0,
135,2018-01-30,42,27-224,DAL,,LAK,L,0,0,0,-1,0,0,0,0,0,0,0,0,0,,21,16:47,5,0,0,0,
136,2018-02-01,43,27-226,DAL,@,ARI,W,0,1,1,1,0,0,0,0,0,1,0,0,1,0.0,25,18:51,1,4,0,0,
137,2018-02-03,44,27-228,DAL,,MIN,W,0,1,1,1,0,0,0,0,0,1,0,0,3,0.0,25,19:09,3,4,0,0,
138,2018-02-05,45,27-230,DAL,,NYR,W,0,0,0,0,0,0,0,0,0,0,0,0,2,0.0,29,20:47,6,3,0,0,
139,2018-02-08,46,27-233,DAL,@,CHI,W,0,1,1,1,0,0,0,0,0,1,0,0,4,0.0,29,22:23,3,5,0,0,
140,2018-02-09,47,27-234,DAL,,PIT,W,0,1,1,1,0,0,0,0,0,1,0,0,6,0.0,26,21:32,4,7,0,0,
141,2018-02-11,48,27-236,DAL,,VAN,L,0,0,0,-2,0,0,0,0,0,0,0,0,4,0.0,28,21:43,6,4,0,0,
142,2018-02-16,49,27-241,DAL,,STL,W,0,0,0,0,2,0,0,0,0,0,0,0,1,0.0,28,21:34,2,5,0,0,
143,2018-02-18,50,27-243,DAL,@,SJS,L,0,0,0,-2,0,0,0,0,0,0,0,0,0,,27,21:39,3,2,0,0,
144,2018-02-21,51,27-246,DAL,@,ANA,L,0,0,0,0,0,0,0,0,0,0,0,0,2,0.0,25,15:54,1,1,0,0,
145,2018-02-22,52,27-247,DAL,@,LAK,W,0,1,1,1,0,0,0,0,0,1,0,0,1,0.0,30,21:34,2,3,0,0,
146,2018-02-24,53,27-249,DAL,,WPG,L,0,0,0,1,0,0,0,0,0,0,0,0,3,0.0,24,16:46,2,0,0,0,
147,2018-02-27,54,27-252,DAL,,CGY,W,0,0,0,1,0,0,0,0,0,0,0,0,1,0.0,27,19:13,2,2,0,0,
148,2018-03-01,55,27-254,DAL,,TBL,L-OT,0,0,0,-1,0,0,0,0,0,0,0,0,1,0.0,22,16:38,3,2,0,0,
149,2018-03-03,56,27-256,DAL,,STL,W,0,0,0,-1,2,0,0,0,0,0,0,0,2,0.0,25,16:43,1,0,0,0,
150,2018-03-05,57,27-258,DAL,,OTT,L-OT,0,0,0,-1,2,0,0,0,0,0,0,0,2,0.0,29,18:10,2,3,0,0,
151,2018-03-06,58,27-259,DAL,@,NSH,L,0,0,0,0,2,0,0,0,0,0,0,0,1,0.0,27,20:26,2,1,0,0,
152,2018-03-09,59,27-262,DAL,,ANA,W,0,0,0,-1,0,0,0,0,0,0,0,0,2,0.0,24,20:58,2,0,0,0,
153,2018-03-11,60,27-264,DAL,@,PIT,L,0,0,0,-1,2,0,0,0,0,0,0,0,2,0.0,22,16:14,2,1,0,0,
154,2018-03-13,61,27-266,DAL,@,MTL,L,0,1,1,0,2,0,0,0,0,1,0,0,1,0.0,27,19:56,1,3,0,0,
155,2018-03-14,62,27-267,DAL,@,TOR,L-SO,0,1,1,2,0,0,0,0,0,1,0,0,1,0.0,27,21:14,2,1,0,0,
156,2018-03-16,63,27-269,DAL,@,OTT,L-OT,0,0,0,1,5,0,0,0,0,0,0,0,1,0.0,25,21:29,2,1,0,0,
157,2018-03-18,64,27-271,DAL,@,WPG,L,0,0,0,0,0,0,0,0,0,0,0,0,2,0.0,29,21:37,0,5,0,0,
158,2018-03-20,65,27-273,DAL,@,WSH,L,0,0,0,-2,0,0,0,0,0,0,0,0,0,,28,19:09,1,1,0,0,
159,2018-03-23,66,27-276,DAL,,BOS,L,0,0,0,-1,0,0,0,0,0,0,0,0,3,0.0,24,19:01,2,8,0,0,
160,2018-03-25,67,27-278,DAL,,VAN,L,0,0,0,0,0,0,0,0,0,0,0,0,2,0.0,22,17:48,1,0,0,0,
161,2018-03-27,68,27-280,DAL,,PHI,W,0,0,0,0,0,0,0,0,0,0,0,0,0,,19,14:44,0,3,0,0,
162,2018-03-29,69,27-282,DAL,@,MIN,L,0,0,0,-1,0,0,0,0,0,0,0,0,1,0.0,30,17:53,2,1,0,0,
163,2018-03-31,70,27-284,DAL,,MIN,W,0,0,0,2,0,0,0,0,0,0,0,0,2,0.0,28,18:14,4,3,0,0,
164,2018-04-03,71,27-287,DAL,@,SJS,W,0,0,0,-1,0,0,0,0,0,0,0,0,0,,24,20:03,2,3,0,0,
165,2018-04-06,72,27-290,DAL,@,ANA,L,0,1,1,2,0,0,0,0,0,1,0,0,1,0.0,25,20:02,0,2,0,0,
166,2018-04-07,73,27-291,DAL,@,LAK,W,0,0,0,1,0,0,0,0,0,0,0,0,0,,27,20:42,1,1,0,0,
167,2018-10-04,1,28-106,MIN,@,COL,L,0,0,0,0,2,0,0,0,0,0,0,0,1,0.0,20,14:24,4,1,0,0,
168,2018-10-06,2,28-108,MIN,,VEG,L-SO,0,0,0,0,0,0,0,0,0,0,0,0,0,,21,14:12,1,1,0,0,
169,2018-10-11,3,28-113,MIN,,CHI,W,0,0,0,-1,0,0,0,0,0,0,0,0,0,,16,13:54,1,3,0,0,
170,2018-10-13,4,28-115,MIN,,CAR,L-OT,0,0,0,0,0,0,0,0,0,0,0,0,2,0.0,20,13:40,1,1,0,0,
171,2018-10-15,5,28-117,MIN,@,NSH,L,0,0,0,0,0,0,0,0,0,0,0,0,0,,15,14:06,1,2,0,0,
172,2018-10-16,6,28-118,MIN,,ARI,W,0,0,0,0,2,0,0,0,0,0,0,0,2,0.0,16,12:11,0,0,0,0,
173,2018-10-19,7,28-121,MIN,@,DAL,W,0,0,0,1,2,0,0,0,0,0,0,0,2,0.0,21,16:57,1,3,0,0,
174,2018-10-20,8,28-122,MIN,,TBL,W,0,0,0,2,0,0,0,0,0,0,0,0,0,,21,14:40,1,0,0,0,
175,2018-10-25,9,28-127,MIN,,LAK,W,0,0,0,0,0,0,0,0,0,0,0,0,0,,18,13:54,2,0,0,0,
176,2018-10-27,10,28-129,MIN,,COL,W,0,0,0,-2,0,0,0,0,0,0,0,0,1,0.0,22,16:55,1,1,0,1,0.0
177,2018-10-29,11,28-131,MIN,@,VAN,L,0,0,0,-1,2,0,0,0,0,0,0,0,3,0.0,20,13:42,0,3,0,0,
178,2018-10-30,12,28-132,MIN,@,EDM,W,0,0,0,-1,4,0,0,0,0,0,0,0,0,,20,14:31,1,6,0,0,
179,2018-11-03,13,28-136,MIN,@,STL,W,0,0,0,5,0,0,0,0,0,0,0,0,2,0.0,18,13:19,0,3,0,0,
180,2018-11-06,14,28-139,MIN,@,SJS,L,0,0,0,-2,0,0,0,0,0,0,0,0,0,,17,12:59,2,0,0,0,
181,2018-11-08,15,28-141,MIN,@,LAK,W,0,0,0,1,0,0,0,0,0,0,0,0,1,0.0,19,14:12,2,1,0,0,
182,2018-11-09,16,28-142,MIN,@,ANA,W,0,0,0,1,0,0,0,0,0,0,0,0,0,,16,16:29,1,2,0,0,
183,2018-11-11,17,28-144,MIN,@,STL,W,0,0,0,0,0,0,0,0,0,0,0,0,0,,19,12:59,3,3,0,0,
184,2018-11-13,18,28-146,MIN,,WSH,L,0,0,0,-1,0,0,0,0,0,0,0,0,1,0.0,20,15:03,0,0,0,0,
185,2018-11-15,19,28-148,MIN,,VAN,W,0,0,0,0,0,0,0,0,0,0,0,0,0,,22,15:50,3,2,0,0,
186,2018-11-17,20,28-150,MIN,,BUF,L,0,0,0,-1,0,0,0,0,0,0,0,0,1,0.0,17,14:29,0,0,0,0,
187,2018-11-18,21,28-151,MIN,@,CHI,L,0,0,0,0,0,0,0,0,0,0,0,0,4,0.0,16,11:58,2,0,0,0,
188,2018-11-21,22,28-154,MIN,,OTT,W,0,0,0,-1,0,0,0,0,0,0,0,0,0,,17,15:32,1,1,0,0,
189,2018-11-23,23,28-156,MIN,,WPG,W,0,1,1,2,0,0,0,0,0,1,0,0,0,,17,13:42,2,2,0,0,
190,2018-11-29,24,28-162,MIN,@,CBJ,L,0,0,0,-2,0,0,0,0,0,0,0,0,1,0.0,16,13:28,1,1,0,0,
191,2018-12-01,25,28-164,MIN,,TOR,L,0,0,0,-1,0,0,0,0,0,0,0,0,1,0.0,14,13:50,3,0,0,0,
192,2018-12-04,26,28-167,MIN,@,VAN,W,0,0,0,-1,2,0,0,0,0,0,0,0,3,0.0,13,10:11,1,0,0,0,
193,2018-12-06,27,28-169,MIN,@,CGY,L,0,0,0,0,0,0,0,0,0,0,0,0,1,0.0,14,12:01,2,1,0,0,
194,2018-12-07,28,28-170,MIN,@,EDM,L,0,0,0,-1,0,0,0,0,0,0,0,0,0,,19,14:35,1,0,0,0,
195,2018-12-11,29,28-174,MIN,,MTL,W,0,0,0,0,0,0,0,0,0,0,0,0,2,0.0,25,19:05,0,4,0,0,
196,2018-12-13,30,28-176,MIN,,FLA,W,0,0,0,0,0,0,0,0,0,0,0,0,0,,18,14:30,0,2,0,0,
197,2018-12-15,31,28-178,MIN,,CGY,L,0,0,0,1,2,0,0,0,0,0,0,0,1,0.0,25,19:19,2,0,0,0,
198,2018-12-18,32,28-181,MIN,,SJS,L,0,0,0,-1,5,0,0,0,0,0,0,0,1,0.0,22,20:06,2,5,0,0,
199,2018-12-20,33,28-183,MIN,@,PIT,L,0,0,0,-1,0,0,0,0,0,0,0,0,2,0.0,25,21:05,4,0,0,0,
200,2018-12-22,34,28-185,MIN,,DAL,L-OT,0,0,0,1,0,0,0,0,0,0,0,0,0,,24,17:38,0,2,0,0,
201,2018-12-27,35,28-190,MIN,@,CHI,L,0,0,0,0,0,0,0,0,0,0,0,0,2,0.0,24,20:05,7,1,0,0,
202,2018-12-29,36,28-192,MIN,@,WPG,W,0,0,0,0,2,0,0,0,0,0,0,0,1,0.0,26,22:56,2,5,0,0,
203,2018-12-31,37,28-194,MIN,,PIT,L,0,0,0,-1,0,0,0,0,0,0,0,0,0,,23,21:30,2,0,0,0,
204,2019-01-03,38,28-197,MIN,@,TOR,W,0,0,0,0,0,0,0,0,0,0,0,0,4,0.0,23,21:49,1,1,0,0,
205,2019-01-05,39,28-199,MIN,@,OTT,W,0,0,0,-1,0,0,0,0,0,0,0,0,1,0.0,24,22:04,1,2,0,0,
206,2019-01-07,40,28-201,MIN,@,MTL,W,0,0,0,0,2,0,0,0,0,0,0,0,2,0.0,21,18:52,2,3,0,0,
207,2019-01-08,41,28-202,MIN,@,BOS,L,0,0,0,-1,0,0,0,0,0,0,0,0,1,0.0,21,17:57,3,1,0,0,
208,2019-01-10,42,28-204,MIN,,WPG,W,0,0,0,-1,0,0,0,0,0,0,0,0,1,0.0,24,19:36,1,2,0,0,
209,2019-01-12,43,28-206,MIN,,DET,L,0,0,0,-1,2,0,0,0,0,0,0,0,0,,24,21:11,3,2,0,0,
210,2019-01-14,44,28-208,MIN,@,PHI,L,0,0,0,0,2,0,0,0,0,0,0,0,4,0.0,24,18:58,2,0,0,0,
211,2019-01-15,45,28-209,MIN,,LAK,W,0,0,0,1,0,0,0,0,0,0,0,0,0,,24,22:44,1,0,0,0,
212,2019-01-17,46,28-211,MIN,,ANA,L,0,0,0,-2,0,0,0,0,0,0,0,0,2,0.0,24,21:08,3,1,0,0,
213,2019-01-19,47,28-213,MIN,,CBJ,W,0,0,0,0,0,0,0,0,0,0,0,0,1,0.0,18,15:37,4,2,0,0,
214,2019-01-21,48,28-215,MIN,@,VEG,W,0,0,0,1,0,0,0,0,0,0,0,0,0,,23,13:19,3,0,0,0,
215,2019-01-23,49,28-217,MIN,@,COL,W,0,0,0,1,2,0,0,0,0,0,0,0,2,0.0,23,17:34,2,4,0,0,
216,2019-02-01,50,28-226,MIN,@,DAL,L,0,0,0,0,0,0,0,0,0,0,0,0,1,0.0,24,21:04,3,2,0,0,
217,2019-02-02,51,28-227,MIN,,CHI,L-OT,0,0,0,0,2,0,0,0,0,0,0,0,1,0.0,28,19:40,1,2,0,0,
218,2019-02-05,52,28-230,MIN,@,BUF,L-SO,0,1,1,-1,0,0,0,0,0,1,0,0,2,0.0,23,18:49,0,0,0,0,
219,2019-02-07,53,28-232,MIN,,EDM,L,0,0,0,-1,0,0,0,0,0,0,0,0,3,0.0,18,15:25,1,0,0,0,
220,2019-02-09,54,28-234,MIN,@,NJD,W,0,1,1,1,0,0,0,0,0,1,0,0,0,,19,14:49,2,1,0,0,
221,2019-02-10,55,28-235,MIN,@,NYI,L,0,0,0,-1,2,0,0,0,0,0,0,0,3,0.0,21,16:35,0,0,0,0,
222,2019-02-12,56,28-237,MIN,,PHI,L,0,0,0,-1,0,0,0,0,0,0,0,0,1,0.0,17,14:38,1,0,0,0,
223,2019-02-15,57,28-240,MIN,,NJD,L-OT,0,0,0,1,0,0,0,0,0,0,0,0,2,0.0,26,20:50,3,1,0,0,
224,2019-02-17,58,28-242,MIN,,STL,L,0,0,0,-1,0,0,0,0,0,0,0,0,2,0.0,23,17:32,2,2,0,0,
225,2019-02-19,59,28-244,MIN,,ANA,L,0,0,0,0,0,0,0,0,0,0,0,0,2,0.0,21,17:38,1,3,0,0,
226,2019-02-21,60,28-246,MIN,@,NYR,W,0,1,1,1,0,0,0,0,0,1,0,0,2,0.0,25,21:26,4,2,0,0,
227,2019-02-22,61,28-247,MIN,@,DET,W,0,0,0,1,0,0,0,0,0,0,0,0,2,0.0,24,20:55,2,2,0,0,
228,2019-02-24,62,28-249,MIN,,STL,W,0,0,0,1,0,0,0,0,0,0,0,0,1,0.0,26,23:34,2,0,0,0,
229,2019-02-26,63,28-251,MIN,@,WPG,W,0,0,0,0,2,0,0,0,0,0,0,0,2,0.0,24,19:48,3,0,0,0,
230,2019-03-02,64,28-255,MIN,@,CGY,W,0,0,0,-1,0,0,0,0,0,0,0,0,0,,24,18:53,4,1,0,0,
231,2019-03-05,65,28-258,MIN,@,NSH,L-SO,0,1,1,1,0,0,0,0,0,1,0,0,2,0.0,18,15:59,1,5,0,0,
232,2019-03-07,66,28-260,MIN,@,TBL,W,0,0,0,0,0,0,0,0,0,0,0,0,1,0.0,22,20:05,1,2,0,0,
233,2019-03-08,67,28-261,MIN,@,FLA,L,0,0,0,0,0,0,0,0,0,0,0,0,1,0.0,23,17:27,1,1,0,0,
234,2019-03-11,68,28-264,MIN,,SJS,L,0,0,0,0,0,0,0,0,0,0,0,0,2,0.0,23,19:30,1,1,0,0,
235,2019-03-14,69,28-267,MIN,,DAL,L,0,0,0,0,0,0,0,0,0,0,0,0,2,0.0,24,20:31,2,3,0,0,
236,2019-03-16,70,28-269,MIN,,NYR,W,0,0,0,-1,0,0,0,0,0,0,0,0,5,0.0,25,20:10,2,2,0,0,
237,2019-03-17,71,28-270,MIN,,NYI,L-OT,0,0,0,-1,0,0,0,0,0,0,0,0,0,,24,20:21,2,3,0,0,
238,2019-03-19,72,28-272,MIN,,COL,L,0,0,0,-1,0,0,0,0,0,0,0,0,1,0.0,25,18:58,2,0,0,0,
239,2019-03-22,73,28-275,MIN,@,WSH,W,0,0,0,0,0,0,0,0,0,0,0,0,1,0.0,19,17:27,1,4,0,0,
240,2019-03-23,74,28-276,MIN,@,CAR,L,0,0,0,-3,0,0,0,0,0,0,0,0,0,,20,16:26,4,1,0,0,
241,2019-03-25,75,28-278,MIN,,NSH,L,0,0,0,0,2,0,0,0,0,0,0,0,1,0.0,18,12:28,2,1,0,0,
242,2019-03-29,76,28-282,MIN,@,VEG,W,1,0,1,1,0,1,0,0,0,0,0,0,3,33.3,17,15:56,8,0,0,0,
243,2019-03-31,77,28-284,MIN,@,ARI,L,0,0,0,0,0,0,0,0,0,0,0,0,1,0.0,18,14:06,2,3,0,0,
244,2019-04-02,78,28-286,MIN,,WPG,W,0,1,1,2,0,0,0,0,0,1,0,0,0,,23,17:43,1,1,0,0,
245,2019-04-04,79,28-288,MIN,,BOS,L,0,0,0,-1,0,0,0,0,0,0,0,0,2,0.0,22,20:59,1,0,0,0,
246,2019-04-06,80,28-290,MIN,@,DAL,L,0,0,0,0,2,0,0,0,0,0,0,0,1,0.0,22,19:11,1,1,0,0,
247,2020-01-12,1,29-206,MIN,,VAN,L,0,0,0,0,0,0,0,0,0,0,0,0,0,,17,12:27,4,1,0,0,
248,2020-01-16,2,29-210,MIN,,TBL,W,0,0,0,0,0,0,0,0,0,0,0,0,0,,19,16:47,2,1,0,0,
249,2020-01-18,3,29-212,MIN,,DAL,W,0,0,0,2,0,0,0,0,0,0,0,0,2,0.0,22,18:44,1,3,0,0,
250,2020-01-20,4,29-214,MIN,,FLA,L,0,0,0,-1,0,0,0,0,0,0,0,0,1,0.0,19,14:59,1,0,0,0,
251,2020-01-22,5,29-216,MIN,,DET,W,0,0,0,0,0,0,0,0,0,0,0,0,1,0.0,21,17:14,2,1,0,0,
252,2020-02-01,6,29-226,MIN,,BOS,L,0,0,0,-1,0,0,0,0,0,0,0,0,5,0.0,21,16:49,3,2,0,0,
253,2020-02-06,7,29-231,MIN,,VAN,W,0,0,0,0,0,0,0,0,0,0,0,0,0,,17,15:19,0,3,0,0,
254,2020-02-07,8,29-232,MIN,@,DAL,W,0,0,0,0,0,0,0,0,0,0,0,0,1,0.0,18,16:23,1,2,0,0,
255,2020-02-09,9,29-234,MIN,,COL,L,0,0,0,0,2,0,0,0,0,0,0,0,1,0.0,18,12:51,1,1,0,0,
256,2020-02-13,10,29-238,MIN,,NYR,L-SO,0,0,0,1,0,0,0,0,0,0,0,0,1,0.0,16,14:55,0,5,0,0,
257,2020-02-21,11,29-246,MIN,@,EDM,W,0,0,0,2,0,0,0,0,0,0,0,0,0,,15,14:16,1,2,0,0,
258,2020-02-23,12,29-248,MIN,,STL,L,0,0,0,-1,0,0,0,0,0,0,0,0,4,0.0,20,14:38,1,0,0,0,
259,2020-02-25,13,29-250,MIN,,CBJ,W,0,1,1,-1,0,0,0,0,0,1,0,0,1,0.0,18,15:31,0,0,0,0,
260,2020-02-27,14,29-252,MIN,@,DET,W,0,1,1,2,0,0,0,0,0,1,0,0,1,0.0,18,19:20,0,1,0,0,
261,2020-02-28,15,29-253,MIN,@,CBJ,W,0,1,1,1,0,0,0,0,0,1,0,0,1,0.0,20,18:50,1,1,0,0,
262,2020-03-01,16,29-255,MIN,,WSH,L,0,0,0,0,2,0,0,0,0,0,0,0,1,0.0,14,12:25,0,0,0,0,
263,2020-03-03,17,29-257,MIN,,NSH,W,0,0,0,0,0,0,0,0,0,0,0,0,0,,16,12:43,2,1,0,0,
264,2020-03-05,18,29-259,MIN,@,SJS,W,0,0,0,-1,2,0,0,0,0,0,0,0,0,,21,14:42,1,2,0,0,
265,2020-03-07,19,29-261,MIN,@,LAK,L,0,0,0,-2,0,0,0,0,0,0,0,0,2,0.0,17,14:51,1,1,0,0,
266,2020-03-08,20,29-262,MIN,@,ANA,W,0,0,0,0,0,0,0,0,0,0,0,0,0,,22,15:41,3,3,0,0,
