,date_game,game_season,age,team_id,game_location,opp_id,game_result,goals,assists,points,plus_minus,pen_min,goals_ev,goals_pp,goals_sh,goals_gw,assists_ev,assists_pp,assists_sh,shots,shot_pct,shifts,time_on_ice,hits_all,blocks_all,faceoff_wins_all,faceoff_losses_all,faceoff_percentage_all
0,2007-10-12,1,19-137,STL,,COL,W,0,1,1,1,0,0,0,0,0,,,,1,0.0,14,11:35,1,0,0,0,
1,2007-10-27,2,19-152,STL,,WSH,W,0,0,0,0,0,0,0,0,0,,,,0,,10,4:38,1,0,0,1,0.0
2,2007-10-30,3,19-155,STL,,PHX,L,0,0,0,0,0,0,0,0,0,,,,0,,15,13:19,1,1,0,0,
3,2007-11-01,4,19-157,STL,@,MIN,W,0,1,1,1,0,0,0,0,0,,,,4,0.0,18,13:56,1,0,0,0,
4,2007-11-03,5,19-159,STL,,CHI,L,1,0,1,0,0,1,0,0,0,,,,1,100.0,23,16:52,2,0,0,0,
5,2007-11-04,6,19-160,STL,@,CBJ,L,0,0,0,0,0,0,0,0,0,,,,1,0.0,17,13:51,2,1,0,0,
6,2007-11-09,7,19-165,STL,@,CHI,L,1,1,2,-1,2,0,1,0,0,,,,4,25.0,22,17:24,1,0,0,0,
7,2007-11-13,8,19-169,STL,,DET,W,2,0,2,1,0,1,1,0,0,,,,2,100.0,17,12:48,1,1,0,0,
8,2007-11-16,9,19-172,STL,,CBJ,W,0,0,0,0,0,0,0,0,0,,,,1,0.0,19,13:36,3,0,0,0,
9,2007-11-17,10,19-173,STL,@,NSH,W,1,0,1,1,2,1,0,0,0,,,,2,50.0,17,12:18,0,0,0,0,
10,2007-11-19,11,19-175,STL,,NSH,W,0,0,0,0,2,0,0,0,0,,,,1,0.0,18,12:28,1,0,0,0,
11,2007-11-21,12,19-177,STL,@,DET,L,0,0,0,0,2,0,0,0,0,,,,0,,18,12:15,0,0,0,0,
12,2007-11-23,13,19-179,STL,,VAN,W,0,0,0,0,2,0,0,0,0,,,,2,0.0,13,8:09,4,0,0,0,
13,2007-11-25,14,19-181,STL,,CGY,W,0,0,0,0,0,0,0,0,0,,,,1,0.0,16,12:32,1,0,0,0,
14,2007-12-07,15,19-193,STL,@,EDM,W,0,1,1,1,0,0,0,0,0,,,,2,0.0,17,12:35,3,0,0,0,
15,2007-12-09,16,19-195,STL,@,COL,L,1,1,2,-1,0,1,0,0,0,,,,3,33.3,19,14:35,0,0,0,0,
16,2007-12-11,17,19-197,STL,,EDM,L-SO,0,0,0,0,0,0,0,0,0,,,,0,,14,9:09,0,0,0,0,
17,2007-12-13,18,19-199,STL,,FLA,L,0,0,0,0,2,0,0,0,0,,,,0,,15,10:34,0,0,0,0,
18,2007-12-16,19,19-202,STL,,CGY,L,0,0,0,0,0,0,0,0,0,,,,0,,8,4:59,0,,,,
19,2007-12-20,20,19-206,STL,,DET,W,0,0,0,-1,4,0,0,0,0,,,,3,0.0,23,14:17,0,0,0,0,
20,2007-12-22,21,19-208,STL,@,BOS,W,0,1,1,1,0,0,0,0,0,,,,1,0.0,16,10:20,0,1,1,0,100.0
21,2007-12-23,22,19-209,STL,,ATL,L-OT,0,1,1,1,0,0,0,0,0,,,,0,,17,15:01,0,0,0,0,
22,2007-12-28,23,19-214,STL,,SJS,L,0,0,0,0,0,0,0,0,0,,,,0,,15,12:15,0,0,0,0,
23,2007-12-29,24,19-215,STL,@,DAL,L-SO,1,0,1,1,2,1,0,0,0,,,,1,100.0,18,15:11,1,0,0,0,
24,2007-12-31,25,19-217,STL,@,DET,W,0,0,0,0,0,0,0,0,0,,,,1,0.0,14,12:37,0,0,0,0,
25,2008-01-02,26,19-219,STL,,EDM,L-OT,1,0,1,2,0,1,0,0,0,,,,2,50.0,19,13:59,1,0,0,0,
26,2008-01-05,27,19-222,STL,,CAR,W,0,0,0,0,0,0,0,0,0,,,,0,,10,9:01,0,0,0,0,
27,2008-01-08,28,19-225,STL,,CBJ,W,1,1,2,3,2,1,0,0,0,,,,1,100.0,20,13:58,3,0,0,0,
28,2008-01-10,29,19-227,STL,,DAL,W,0,1,1,1,0,0,0,0,0,,,,0,,14,13:19,1,1,0,0,
29,2008-01-11,30,19-228,STL,@,CBJ,L,0,0,0,0,2,0,0,0,0,,,,1,0.0,15,12:53,0,0,0,0,
30,2008-01-13,31,19-230,STL,,VAN,L-SO,0,0,0,1,0,0,0,0,0,,,,0,,13,10:05,1,0,0,0,
31,2008-01-16,32,19-233,STL,@,CHI,L,0,0,0,-2,0,0,0,0,0,,,,2,0.0,20,13:04,0,0,0,1,0.0
32,2008-01-19,33,19-236,STL,,NSH,L,0,0,0,0,0,0,0,0,0,,,,0,,16,13:09,2,0,0,0,
33,2008-01-21,34,19-238,STL,@,NSH,L,0,0,0,0,0,0,0,0,0,,,,0,,15,11:56,1,0,0,0,
34,2008-01-23,35,19-240,STL,@,VAN,L-SO,0,0,0,0,0,0,0,0,0,,,,0,,17,10:06,0,0,0,0,
35,2008-01-29,36,19-246,STL,@,TOR,W,0,0,0,0,2,0,0,0,0,,,,0,,11,9:56,0,0,0,1,0.0
36,2008-02-02,37,19-250,STL,,COL,L,0,1,1,0,2,0,0,0,0,,,,0,,22,15:43,2,0,0,0,
37,2008-02-05,38,19-253,STL,,TBL,L,1,0,1,2,0,1,0,0,0,,,,5,20.0,22,19:07,6,0,0,0,
38,2008-02-09,39,19-257,STL,@,DAL,L,0,0,0,-2,0,0,0,0,0,,,,1,0.0,16,11:51,2,0,0,0,
39,2008-02-10,40,19-258,STL,,MIN,L-SO,0,0,0,0,0,0,0,0,0,,,,0,,12,8:38,1,0,0,0,
40,2008-02-12,41,19-260,STL,,LAK,W,0,0,0,0,2,0,0,0,0,,,,0,,18,10:20,1,0,0,0,
41,2008-02-17,42,19-265,STL,,CBJ,W,1,0,1,1,2,1,0,0,1,,,,1,100.0,15,12:28,0,0,0,0,
42,2008-02-24,43,19-272,STL,@,PHX,L,0,0,0,-1,4,0,0,0,0,,,,2,0.0,16,10:41,2,0,0,0,
43,2008-02-28,44,19-276,STL,,PHX,L,0,0,0,0,0,0,0,0,0,,,,2,0.0,15,11:14,1,1,0,0,
44,2008-03-01,45,19-278,STL,,SJS,L,0,0,0,0,0,0,0,0,0,,,,1,0.0,18,13:12,1,0,0,0,
45,2008-03-04,46,19-281,STL,,LAK,W,0,1,1,2,0,0,0,0,0,,,,0,,15,12:27,2,0,0,0,
46,2008-03-05,47,19-282,STL,@,DET,L,0,0,0,0,0,0,0,0,0,,,,3,0.0,13,10:17,2,0,0,0,
47,2008-03-08,48,19-285,STL,@,VAN,L,0,0,0,0,0,0,0,0,0,,,,1,0.0,17,11:40,1,0,0,0,
48,2008-03-10,49,19-287,STL,@,CGY,L,0,0,0,1,0,0,0,0,0,,,,3,0.0,21,14:51,0,1,1,0,100.0
49,2008-03-11,50,19-288,STL,@,EDM,L-OT,0,0,0,1,0,0,0,0,0,,,,1,0.0,24,17:16,0,0,0,0,
50,2008-03-14,51,19-291,STL,@,SJS,L,0,0,0,0,2,0,0,0,0,,,,1,0.0,21,15:52,2,0,0,0,
51,2008-03-15,52,19-292,STL,@,ANA,L,0,0,0,-1,0,0,0,0,0,,,,0,,19,11:00,1,0,0,0,
52,2008-03-18,53,19-295,STL,@,MTL,W,0,0,0,-1,0,0,0,0,0,,,,1,0.0,10,5:55,1,0,0,0,
53,2008-03-20,54,19-297,STL,@,OTT,L,0,0,0,1,0,0,0,0,0,,,,1,0.0,16,12:15,2,0,0,0,
54,2008-03-23,55,19-300,STL,@,CHI,L-OT,0,0,0,0,0,0,0,0,0,,,,1,0.0,19,13:04,2,0,0,2,0.0
55,2008-03-25,56,19-302,STL,,DET,L,0,0,0,0,0,0,0,0,0,,,,0,,21,15:15,0,0,1,3,25.0
56,2008-03-28,57,19-305,STL,@,DET,W,0,0,0,0,0,0,0,0,0,,,,0,,14,10:50,0,,,,
57,2008-03-29,58,19-306,STL,,CHI,L,0,1,1,0,0,0,0,0,0,,,,1,0.0,20,14:27,0,0,2,1,66.7
58,2008-04-01,59,19-309,STL,,NSH,L-OT,1,1,2,1,0,1,0,0,0,,,,2,50.0,21,15:23,2,0,0,0,
59,2008-04-03,60,19-311,STL,@,NSH,L,0,0,0,1,2,0,0,0,0,,,,0,,22,16:34,2,0,0,0,
60,2008-04-05,61,19-313,STL,,CBJ,W,0,0,0,0,0,0,0,0,0,,,,1,0.0,18,15:13,0,0,0,0,
61,2008-04-06,62,19-314,STL,@,CBJ,W,1,1,2,1,0,0,1,0,0,,,,3,33.3,16,13:54,0,0,0,0,
62,2008-10-10,1,20-135,STL,,NSH,W,0,2,2,1,0,0,0,0,0,,,,2,0.0,18,12:51,1,0,0,0,
63,2008-10-11,2,20-136,STL,@,NYI,L,0,0,0,0,0,0,0,0,0,,,,0,,19,15:35,1,0,0,0,
64,2008-10-13,3,20-138,STL,@,TOR,W,0,1,1,1,0,0,0,0,0,,,,2,0.0,21,15:53,1,0,0,2,0.0
65,2008-10-16,4,20-141,STL,,DAL,W,0,1,1,0,0,0,0,0,0,,,,0,,21,16:45,0,0,0,0,
66,2008-10-18,5,20-143,STL,,CHI,W,0,1,1,1,0,0,0,0,0,,,,3,0.0,21,16:53,0,1,0,0,
67,2008-10-22,6,20-147,STL,,DET,L,0,0,0,-1,0,0,0,0,0,,,,1,0.0,19,12:36,0,0,0,1,0.0
68,2008-10-25,7,20-150,STL,,FLA,W,0,0,0,0,0,0,0,0,0,,,,1,0.0,15,13:00,0,0,0,0,
69,2008-10-30,8,20-155,STL,,CAR,L,0,0,0,0,4,0,0,0,0,,,,2,0.0,21,13:16,0,0,0,0,
70,2008-11-01,9,20-157,STL,,PIT,L,0,2,2,1,0,0,0,0,0,,,,1,0.0,24,16:31,2,0,0,1,0.0
71,2008-11-05,10,20-161,STL,@,ANA,L,0,0,0,0,0,0,0,0,0,,,,2,0.0,18,15:40,1,2,0,0,
72,2008-11-06,11,20-162,STL,@,SJS,L-SO,0,1,1,-2,0,0,0,0,0,,,,1,0.0,15,10:08,0,0,0,0,
73,2008-11-08,12,20-164,STL,@,LAK,L,0,0,0,0,2,0,0,0,0,,,,1,0.0,20,12:43,0,0,1,0,100.0
74,2008-11-12,13,20-168,STL,@,BUF,L,1,2,3,3,0,1,0,0,0,,,,2,50.0,26,14:39,1,0,0,0,
75,2008-11-14,14,20-170,STL,@,CHI,W,1,0,1,0,2,1,0,0,0,,,,1,100.0,22,14:24,1,0,0,0,
76,2008-11-16,15,20-172,STL,,MTL,L-SO,0,1,1,0,4,0,0,0,0,,,,1,0.0,22,12:53,1,0,0,1,0.0
77,2008-11-21,16,20-177,STL,,ANA,W,0,0,0,-1,0,0,0,0,0,,,,3,0.0,21,17:54,2,0,0,0,
78,2008-11-22,17,20-178,STL,@,MIN,W,0,0,0,0,0,0,0,0,0,,,,0,,21,13:40,0,0,0,0,
79,2008-11-25,18,20-181,STL,@,NSH,W,0,0,0,0,2,0,0,0,0,,,,1,0.0,20,14:30,1,0,0,0,
80,2008-11-26,19,20-182,STL,@,COL,L,0,0,0,-1,0,0,0,0,0,,,,4,0.0,22,17:53,1,0,0,0,
81,2008-11-29,20,20-185,STL,,EDM,L,0,2,2,2,0,0,0,0,0,,,,4,0.0,23,19:09,1,0,0,0,
82,2008-11-30,21,20-186,STL,@,ATL,W,0,0,0,0,2,0,0,0,0,,,,2,0.0,21,17:24,0,0,0,0,
83,2008-12-03,22,20-189,STL,@,MIN,L,0,0,0,0,0,0,0,0,0,,,,2,0.0,17,13:19,2,0,0,0,
84,2008-12-05,23,20-191,STL,,CGY,L-OT,0,0,0,-1,0,0,0,0,0,,,,5,0.0,26,18:24,1,0,0,0,
85,2008-12-06,24,20-192,STL,,PHX,W,0,0,0,0,0,0,0,0,0,,,,1,0.0,23,17:49,1,0,0,0,
86,2008-12-08,25,20-194,STL,,NSH,W,0,1,1,-1,0,0,0,0,0,,,,3,0.0,20,17:41,1,0,0,0,
87,2008-12-10,26,20-196,STL,@,ANA,L,0,1,1,-1,0,0,0,0,0,,,,3,0.0,18,18:19,2,0,0,0,
88,2008-12-11,27,20-197,STL,@,LAK,L,0,1,1,-1,0,0,0,0,0,,,,3,0.0,18,14:11,1,0,0,0,
89,2008-12-13,28,20-199,STL,@,SJS,L,0,1,1,0,0,0,0,0,0,,,,2,0.0,21,17:16,0,1,0,0,
90,2008-12-16,29,20-202,STL,,CGY,L,0,1,1,0,0,0,0,0,0,,,,4,0.0,23,19:21,3,0,0,0,
91,2008-12-18,30,20-204,STL,@,WSH,L,0,0,0,0,2,0,0,0,0,,,,3,0.0,20,15:53,0,1,0,0,
92,2008-12-20,31,20-206,STL,,MIN,W,0,0,0,0,0,0,0,0,0,,,,3,0.0,17,13:59,0,0,0,0,
93,2008-12-21,32,20-207,STL,,BOS,L,0,0,0,-1,0,0,0,0,0,,,,2,0.0,20,14:22,0,2,0,0,
94,2008-12-23,33,20-209,STL,@,DET,L,0,0,0,0,0,0,0,0,0,,,,3,0.0,19,15:10,1,0,0,0,
95,2008-12-27,34,20-213,STL,,SJS,W,1,0,1,1,0,1,0,0,0,,,,3,33.3,18,14:01,0,1,0,0,
96,2008-12-28,35,20-214,STL,,ANA,L,1,1,2,1,0,1,0,0,0,,,,4,25.0,23,16:57,1,0,0,0,
97,2008-12-30,36,20-216,STL,,NJD,L,0,1,1,1,2,0,0,0,0,,,,5,0.0,23,18:03,1,0,0,0,
98,2009-01-02,37,20-219,STL,@,CAR,L,0,0,0,0,2,0,0,0,0,,,,3,0.0,21,16:37,2,0,0,0,
99,2009-01-03,38,20-220,STL,,CBJ,W,0,1,1,0,0,0,0,0,0,,,,2,0.0,20,14:50,1,0,0,0,
100,2009-01-09,39,20-226,STL,@,VAN,W,0,1,1,1,2,0,0,0,0,,,,1,0.0,19,13:13,0,1,0,0,
101,2009-01-11,40,20-228,STL,@,EDM,L,0,0,0,-1,0,0,0,0,0,,,,4,0.0,22,18:30,1,1,0,0,
102,2009-01-13,41,20-230,STL,@,CGY,L,0,0,0,0,0,0,0,0,0,,,,2,0.0,24,16:36,0,0,0,0,
103,2009-01-15,42,20-232,STL,,COL,W,0,2,2,1,2,0,0,0,0,,,,1,0.0,22,16:05,0,0,0,0,
104,2009-01-17,43,20-234,STL,,CHI,L-OT,0,0,0,0,2,0,0,0,0,,,,3,0.0,23,18:43,1,0,0,0,
105,2009-01-19,44,20-236,STL,@,BOS,W,1,1,2,1,0,0,1,0,0,,,,3,33.3,25,19:38,1,1,0,0,
106,2009-01-21,45,20-238,STL,@,CHI,W,0,0,0,0,2,0,0,0,0,,,,4,0.0,19,15:04,0,0,0,0,
107,2009-01-29,46,20-246,STL,,OTT,L,0,0,0,-2,0,0,0,0,0,,,,2,0.0,21,17:27,0,0,0,0,
108,2009-01-31,47,20-248,STL,,PHI,W,0,0,0,1,0,0,0,0,0,,,,2,0.0,20,16:47,1,0,0,0,
109,2009-02-02,48,20-250,STL,@,DET,L-SO,0,1,1,0,0,0,0,0,0,,,,2,0.0,20,17:08,1,0,0,0,
110,2009-02-03,49,20-251,STL,@,CBJ,W,0,1,1,0,0,0,0,0,0,,,,2,0.0,18,14:39,3,0,0,0,
111,2009-02-05,50,20-253,STL,,EDM,L-SO,0,0,0,0,2,0,0,0,0,,,,0,,22,16:23,4,1,0,0,
112,2009-02-07,51,20-255,STL,,COL,W,1,1,2,3,2,1,0,0,0,,,,1,100.0,17,11:34,1,0,0,0,
113,2009-02-10,52,20-258,STL,,VAN,L,0,0,0,-1,4,0,0,0,0,,,,2,0.0,15,8:43,2,0,0,0,
114,2009-02-12,53,20-260,STL,@,NSH,L-SO,1,0,1,0,2,1,0,0,0,,,,1,100.0,18,10:51,1,0,0,0,
115,2009-02-13,54,20-261,STL,,CHI,W,0,0,0,0,0,0,0,0,0,,,,1,0.0,17,12:44,0,1,0,0,
116,2009-02-16,55,20-264,STL,,NYR,W,0,0,0,0,0,0,0,0,0,,,,3,0.0,19,11:55,0,0,0,0,
117,2009-02-18,56,20-266,STL,@,CBJ,L,0,0,0,0,0,0,0,0,0,,,,2,0.0,17,16:14,2,0,0,0,
118,2009-02-19,57,20-267,STL,@,NSH,W,0,0,0,0,0,0,0,0,0,,,,1,0.0,17,11:29,1,0,0,0,
119,2009-02-21,58,20-269,STL,,NSH,L-OT,0,0,0,0,0,0,0,0,0,,,,1,0.0,14,9:51,1,0,0,0,
120,2009-02-24,59,20-272,STL,,PHX,W,1,0,1,1,0,1,0,0,0,,,,2,50.0,18,11:26,3,0,0,0,
121,2009-02-26,60,20-274,STL,@,DAL,W,0,1,1,2,2,0,0,0,0,,,,1,0.0,21,11:14,5,1,0,0,
122,2009-02-28,61,20-276,STL,@,PHX,W,1,0,1,0,0,0,1,0,1,,,,2,50.0,16,10:25,1,0,0,0,
123,2009-03-03,62,20-279,STL,,DET,L,0,0,0,0,2,0,0,0,0,,,,3,0.0,19,15:13,1,0,0,0,
124,2009-03-06,63,20-282,STL,@,TBL,W,0,0,0,0,2,0,0,0,0,,,,0,,21,15:37,1,1,0,0,
125,2009-03-07,64,20-283,STL,@,FLA,L,0,0,0,-1,0,0,0,0,0,,,,1,0.0,17,11:37,1,0,0,0,
126,2009-03-10,65,20-286,STL,,DAL,W,2,0,2,2,2,2,0,0,0,,,,4,50.0,20,13:41,1,0,0,0,
127,2009-03-12,66,20-288,STL,,SJS,W,0,1,1,1,0,0,0,0,0,,,,1,0.0,13,9:26,1,0,0,0,
128,2009-03-14,67,20-290,STL,,DET,L,0,0,0,0,2,0,0,0,0,,,,2,0.0,23,14:41,0,0,0,0,
129,2009-03-15,68,20-291,STL,,MIN,W,1,0,1,0,0,0,1,0,0,,,,3,33.3,22,15:10,0,0,0,0,
130,2009-03-17,69,20-293,STL,@,EDM,L-SO,0,0,0,0,0,0,0,0,0,,,,0,,19,11:29,1,0,0,0,
131,2009-03-19,70,20-295,STL,@,VAN,L,0,0,0,0,0,0,0,0,0,,,,3,0.0,26,13:12,2,0,0,0,
132,2009-03-20,71,20-296,STL,@,CGY,W,0,0,0,-1,0,0,0,0,0,,,,1,0.0,22,14:22,3,1,0,0,
133,2009-03-24,72,20-300,STL,,LAK,W,0,2,2,1,0,0,0,0,0,,,,3,0.0,16,12:59,0,0,0,0,
134,2009-03-26,73,20-302,STL,,VAN,W,1,1,2,0,0,0,1,0,1,,,,1,100.0,18,12:43,1,0,0,0,
135,2009-03-28,74,20-304,STL,,CBJ,W,0,1,1,1,0,0,0,0,0,,,,0,,19,14:36,3,0,0,0,
136,2009-03-29,75,20-305,STL,@,CBJ,W,1,1,2,3,0,1,0,0,1,,,,4,25.0,17,12:13,0,0,0,0,
137,2009-04-01,76,20-308,STL,@,CHI,L,0,0,0,-2,0,0,0,0,0,,,,2,0.0,17,11:28,1,0,0,0,
138,2009-04-02,77,20-309,STL,@,DET,W,0,0,0,0,0,0,0,0,0,,,,0,,15,9:02,0,1,0,0,
139,2009-04-04,78,20-311,STL,@,DAL,L-OT,0,0,0,0,0,0,0,0,0,,,,0,,15,12:48,0,0,0,0,
140,2009-04-07,79,20-314,STL,@,PHX,W,1,0,1,1,0,1,0,0,0,,,,1,100.0,20,14:27,2,0,0,0,
141,2009-04-10,80,20-317,STL,,CBJ,W,0,0,0,0,0,0,0,0,0,,,,3,0.0,17,12:55,0,0,0,0,
142,2009-04-12,81,20-319,STL,@,COL,W,0,0,0,0,0,0,0,0,0,,,,1,0.0,16,11:50,0,1,0,0,
143,2009-10-02,1,21-127,STL,@,DET,W,0,0,0,-1,0,0,0,0,0,,,,1,0.0,23,14:25,2,0,0,0,
144,2009-10-03,2,21-128,STL,,DET,W,0,0,0,0,2,0,0,0,0,,,,1,0.0,21,14:33,0,1,0,0,
145,2009-10-08,3,21-133,STL,,ATL,L,0,0,0,-1,0,0,0,0,0,,,,1,0.0,21,14:44,0,0,0,0,
146,2009-10-10,4,21-135,STL,,LAK,L,0,0,0,-1,0,0,0,0,0,,,,2,0.0,21,15:40,0,0,0,0,
147,2009-10-15,5,21-140,STL,@,PHX,L-OT,0,0,0,-1,2,0,0,0,0,,,,2,0.0,20,13:05,0,0,0,1,0.0
148,2009-10-17,6,21-142,STL,@,ANA,W,0,0,0,0,0,0,0,0,0,,,,2,0.0,24,14:58,2,0,0,0,
149,2009-10-20,7,21-145,STL,@,PIT,L,0,0,0,0,4,0,0,0,0,,,,2,0.0,18,12:22,0,0,1,0,100.0
150,2009-10-23,8,21-148,STL,,MIN,W,1,1,2,2,0,0,0,1,1,,,,1,100.0,23,15:31,0,0,0,1,0.0
151,2009-10-24,9,21-149,STL,,DAL,L,0,1,1,0,0,0,0,0,0,,,,2,0.0,24,17:30,0,0,0,0,
152,2009-10-28,10,21-153,STL,@,CAR,W,2,1,3,3,0,2,0,0,0,,,,4,50.0,29,16:00,0,1,0,0,
153,2009-10-29,11,21-154,STL,,PHX,L,0,0,0,0,0,0,0,0,0,,,,3,0.0,25,20:52,2,0,1,0,100.0
154,2009-10-31,12,21-156,STL,,FLA,L,0,0,0,-2,0,0,0,0,0,,,,3,0.0,22,18:44,0,0,2,1,66.7
155,2009-11-05,13,21-161,STL,,CGY,L-OT,0,0,0,-1,0,0,0,0,0,,,,3,0.0,25,13:58,1,0,0,0,
156,2009-11-07,14,21-163,STL,@,PHI,L-SO,0,0,0,0,2,0,0,0,0,,,,2,0.0,17,12:55,2,0,0,0,
157,2009-11-08,15,21-164,STL,@,ATL,L-SO,1,1,2,-1,2,0,1,0,0,,,,8,12.5,26,17:24,1,0,0,0,
158,2009-11-10,16,21-166,STL,,VAN,W,3,0,3,3,2,2,1,0,1,,,,4,75.0,21,17:38,0,0,0,0,
159,2009-11-12,17,21-168,STL,,NSH,L,0,0,0,-1,0,0,0,0,0,,,,4,0.0,26,18:58,1,0,0,0,
160,2009-11-14,18,21-170,STL,,SJS,L,0,0,0,0,0,0,0,0,0,,,,1,0.0,24,21:00,0,0,0,0,
161,2009-11-19,19,21-175,STL,,PHX,W,0,0,0,-1,0,0,0,0,0,,,,1,0.0,22,17:21,0,0,0,0,
162,2009-11-21,20,21-177,STL,,NYI,W,2,0,2,1,0,2,0,0,0,,,,2,100.0,23,18:52,0,0,0,0,
163,2009-11-23,21,21-179,STL,,BOS,L,0,0,0,0,0,0,0,0,0,,,,4,0.0,25,17:33,0,0,0,0,
164,2009-11-25,22,21-181,STL,@,DAL,W,0,1,1,0,0,0,0,0,0,,,,2,0.0,24,15:40,1,0,0,0,
165,2009-11-27,23,21-183,STL,@,NSH,W,0,0,0,0,0,0,0,0,0,,,,0,,17,12:15,0,0,0,0,
166,2009-11-28,24,21-184,STL,,DET,L-SO,0,2,2,1,0,0,0,0,0,,,,2,0.0,24,16:50,0,1,0,2,0.0
167,2009-11-30,25,21-186,STL,@,CBJ,L,0,0,0,-1,0,0,0,0,0,,,,3,0.0,22,15:38,1,1,0,1,0.0
168,2009-12-03,26,21-189,STL,@,SJS,W,0,1,1,0,0,0,0,0,0,,,,0,,21,18:01,3,0,0,1,0.0
169,2009-12-05,27,21-191,STL,@,LAK,W,0,1,1,0,0,0,0,0,0,,,,1,0.0,25,18:16,0,0,1,1,50.0
170,2009-12-07,28,21-193,STL,,COL,L,0,0,0,-2,0,0,0,0,0,,,,1,0.0,24,18:07,1,0,0,0,
171,2009-12-09,29,21-195,STL,@,DET,W,0,0,0,0,0,0,0,0,0,,,,3,0.0,16,11:19,0,0,0,0,
172,2009-12-11,30,21-197,STL,,EDM,L,0,0,0,0,0,0,0,0,0,,,,1,0.0,22,16:24,1,0,1,0,100.0
173,2009-12-15,31,21-201,STL,,CGY,W,0,0,0,0,2,0,0,0,0,,,,2,0.0,23,17:23,1,0,0,0,
174,2009-12-16,32,21-202,STL,@,CHI,L,0,0,0,-1,2,0,0,0,0,,,,3,0.0,23,14:24,2,0,0,0,
175,2009-12-18,33,21-204,STL,,TBL,L,0,0,0,-3,0,0,0,0,0,,,,1,0.0,22,18:02,1,0,0,0,
176,2009-12-20,34,21-206,STL,@,VAN,W,0,0,0,0,2,0,0,0,0,,,,1,0.0,18,9:00,0,0,0,0,
177,2009-12-21,35,21-207,STL,@,EDM,W,1,0,1,2,0,1,0,0,0,,,,2,50.0,20,13:52,0,1,0,0,
178,2009-12-23,36,21-209,STL,@,CGY,W,0,1,1,1,2,0,0,0,0,,,,3,0.0,22,13:30,1,0,0,0,
179,2009-12-26,37,21-212,STL,@,MIN,L,1,0,1,0,0,1,0,0,0,,,,1,100.0,21,14:12,1,0,0,0,
180,2009-12-27,38,21-213,STL,,BUF,L,0,0,0,0,0,0,0,0,0,,,,2,0.0,21,17:02,0,1,0,0,
181,2009-12-29,39,21-215,STL,,NSH,L,0,0,0,-1,0,0,0,0,0,,,,1,0.0,20,15:53,2,0,0,0,
182,2009-12-31,40,21-217,STL,,VAN,L-OT,0,1,1,0,2,0,0,0,0,,,,0,,19,13:32,0,1,0,0,
183,2010-01-02,41,21-219,STL,,CHI,L,0,1,1,-2,2,0,0,0,0,,,,1,0.0,27,19:29,1,0,0,0,
184,2010-01-06,42,21-223,STL,@,SJS,L-OT,0,0,0,0,2,0,0,0,0,,,,2,0.0,23,18:10,1,0,0,0,
185,2010-01-07,43,21-224,STL,@,ANA,L,0,0,0,-2,2,0,0,0,0,,,,5,0.0,25,15:51,3,0,0,0,
186,2010-01-09,44,21-226,STL,@,LAK,W,1,0,1,1,0,1,0,0,0,,,,1,100.0,22,16:41,0,0,0,0,
187,2010-01-12,45,21-229,STL,,CBJ,W,0,0,0,0,2,0,0,0,0,,,,3,0.0,21,14:38,0,0,0,1,0.0
188,2010-01-14,46,21-231,STL,,MIN,W,0,0,0,0,2,0,0,0,0,,,,1,0.0,23,15:59,0,0,0,1,0.0
189,2010-01-16,47,21-233,STL,,NYR,W,1,0,1,0,0,0,1,0,0,,,,1,100.0,22,16:13,0,0,0,0,
190,2010-01-18,48,21-235,STL,@,CBJ,L,0,0,0,-1,0,0,0,0,0,,,,3,0.0,25,16:59,1,1,0,0,
191,2010-01-20,49,21-237,STL,@,MTL,W,1,0,1,-1,0,0,1,0,0,,,,3,33.3,25,16:35,1,0,0,0,
192,2010-01-21,50,21-238,STL,@,OTT,L,0,1,1,1,2,0,0,0,0,,,,2,0.0,24,18:45,3,0,0,0,
193,2010-01-23,51,21-240,STL,,ANA,L-SO,0,1,1,0,0,0,0,0,0,,,,2,0.0,24,16:32,2,0,0,0,
194,2010-01-25,52,21-242,STL,@,CGY,W,1,0,1,1,0,1,0,0,0,,,,3,33.3,25,15:03,0,0,0,0,
195,2010-01-27,53,21-244,STL,@,VAN,L,0,1,1,-1,2,0,0,0,0,,,,0,,20,15:25,0,0,0,0,
196,2010-01-28,54,21-245,STL,@,EDM,W,0,0,0,1,0,0,0,0,0,,,,2,0.0,17,12:43,1,0,0,0,
197,2010-01-30,55,21-247,STL,,CBJ,L-OT,0,1,1,0,0,0,0,0,0,,,,0,,21,17:13,0,0,0,0,
198,2010-02-03,56,21-251,STL,@,CHI,W,0,0,0,-1,0,0,0,0,0,,,,1,0.0,18,14:04,2,0,0,0,
199,2010-02-04,57,21-252,STL,,SJS,L,0,0,0,0,0,0,0,0,0,,,,3,0.0,23,17:26,1,0,0,0,
200,2010-02-06,58,21-254,STL,,CHI,L,0,1,1,0,0,0,0,0,0,,,,1,0.0,23,19:16,3,0,0,1,0.0
201,2010-02-08,59,21-256,STL,@,COL,L,0,0,0,-2,0,0,0,0,0,,,,0,,24,16:12,2,0,1,0,100.0
202,2010-02-09,60,21-257,STL,,DET,W,0,1,1,1,6,0,0,0,0,,,,3,0.0,18,12:36,1,0,0,1,0.0
203,2010-02-12,61,21-260,STL,,TOR,W,0,0,0,1,2,0,0,0,0,,,,4,0.0,19,14:08,1,1,0,0,
204,2010-02-13,62,21-261,STL,,WSH,W,0,0,0,0,0,0,0,0,0,,,,4,0.0,24,17:52,1,0,0,0,
205,2010-03-02,63,21-278,STL,@,PHX,W,0,0,0,0,0,0,0,0,0,,,,2,0.0,21,18:27,2,0,0,0,
206,2010-03-04,64,21-280,STL,@,DAL,W,0,1,1,1,2,0,0,0,0,,,,1,0.0,22,16:23,1,0,0,1,0.0
207,2010-03-06,65,21-282,STL,@,COL,L,1,0,1,-1,0,1,0,0,0,,,,4,25.0,25,18:40,2,0,0,0,
208,2010-03-11,66,21-287,STL,@,NYI,W,0,0,0,0,2,0,0,0,0,,,,2,0.0,23,18:41,3,1,0,0,
209,2010-03-13,67,21-289,STL,@,CBJ,W,1,0,1,1,0,0,1,0,0,,,,2,50.0,20,17:13,2,0,0,0,
210,2010-03-14,68,21-290,STL,@,MIN,L,0,0,0,-2,0,0,0,0,0,,,,3,0.0,22,15:28,1,0,0,0,
211,2010-03-16,69,21-292,STL,,COL,L,1,0,1,1,0,1,0,0,0,,,,2,50.0,25,18:58,2,0,0,0,
212,2010-03-18,70,21-294,STL,@,NYR,W,0,0,0,-1,0,0,0,0,0,,,,0,,17,12:53,2,0,0,0,
213,2010-03-20,71,21-296,STL,@,NJD,W,0,0,0,0,0,0,0,0,0,,,,0,,19,16:08,0,1,0,0,
214,2010-03-21,72,21-297,STL,,NSH,L,1,0,1,0,2,1,0,0,0,,,,2,50.0,22,15:39,0,0,0,0,
215,2010-03-24,73,21-300,STL,@,DET,L,0,1,1,-1,0,0,0,0,0,,,,2,0.0,23,17:06,0,0,0,0,
216,2010-03-25,74,21-301,STL,,LAK,W,0,0,0,0,0,0,0,0,0,,,,1,0.0,15,10:56,0,0,0,0,
217,2010-03-28,75,21-304,STL,,EDM,W,0,0,0,0,2,0,0,0,0,,,,0,,17,12:06,0,0,0,0,
218,2010-03-30,76,21-306,STL,,CHI,W,0,0,0,0,0,0,0,0,0,,,,3,0.0,21,16:10,2,0,0,0,
219,2010-04-01,77,21-308,STL,@,NSH,L,0,1,1,0,0,0,0,0,0,,,,3,0.0,20,17:06,1,0,1,0,100.0
220,2010-04-03,78,21-310,STL,,DAL,W,0,1,1,0,0,0,0,0,0,,,,0,,19,15:02,1,0,0,0,
221,2010-04-05,79,21-312,STL,,CBJ,W,0,2,2,1,4,0,0,0,0,,,,4,0.0,26,20:49,1,0,0,0,
222,2010-04-07,80,21-314,STL,@,CHI,L,1,0,1,-2,0,1,0,0,0,,,,3,33.3,25,19:58,1,1,0,0,
223,2010-04-09,81,21-316,STL,,ANA,W,0,3,3,3,2,0,0,0,0,,,,1,0.0,21,17:29,4,0,0,0,
224,2010-04-10,82,21-317,STL,@,NSH,L-SO,0,0,0,-1,0,0,0,0,0,,,,4,0.0,22,18:18,3,0,0,0,
225,2010-10-09,1,22-134,STL,,PHI,W,0,0,0,0,2,0,0,0,0,,,,2,0.0,24,21:14,1,0,0,0,
226,2010-10-11,2,22-136,STL,,ANA,W,0,1,1,1,4,0,0,0,0,,,,3,0.0,22,19:32,0,0,0,0,
227,2010-10-14,3,22-139,STL,@,NSH,L,0,0,0,0,0,0,0,0,0,,,,1,0.0,24,19:37,0,0,0,0,
228,2010-10-16,4,22-141,STL,@,DAL,L-SO,0,0,0,0,2,0,0,0,0,,,,4,0.0,23,20:03,1,0,0,0,
229,2010-10-18,5,22-143,STL,@,CHI,L-OT,2,0,2,1,0,2,0,0,0,,,,5,40.0,22,16:35,0,0,0,0,
230,2010-10-22,6,22-147,STL,,CHI,W,2,0,2,3,0,2,0,0,0,,,,3,66.7,20,16:33,1,1,0,0,
231,2010-10-23,7,22-148,STL,,PIT,W,0,0,0,0,2,0,0,0,0,,,,1,0.0,21,16:06,1,0,0,0,
232,2010-10-28,8,22-153,STL,@,NSH,W,0,1,1,1,0,0,0,0,0,,,,3,0.0,22,16:51,0,0,0,0,
233,2010-10-30,9,22-155,STL,,ATL,W,0,0,0,0,0,0,0,0,0,,,,4,0.0,22,19:10,1,0,0,0,
234,2010-11-04,10,22-160,STL,,SJS,W,1,0,1,1,2,1,0,0,0,,,,3,33.3,23,18:30,1,0,0,0,
235,2011-12-03,1,23-189,STL,,CHI,L,1,0,1,-1,0,1,0,0,0,,,,1,100.0,25,19:05,0,2,0,0,
236,2011-12-06,2,23-192,STL,,DET,W,0,1,1,1,2,0,0,0,0,,,,3,0.0,20,16:02,0,0,0,0,
237,2011-12-08,3,23-194,STL,,ANA,W,0,0,0,-2,0,0,0,0,0,,,,0,,19,13:21,0,0,0,1,0.0
238,2011-12-10,4,23-196,STL,,SJS,W,0,1,1,0,2,0,0,0,0,,,,3,0.0,22,16:35,0,0,0,0,
239,2011-12-15,5,23-201,STL,,NYR,W,1,0,1,1,0,1,0,0,1,,,,3,33.3,23,18:41,0,1,1,0,100.0
240,2011-12-17,6,23-203,STL,@,NSH,L-SO,0,1,1,0,0,0,0,0,0,,,,0,,28,21:35,1,0,0,0,
241,2011-12-18,7,23-204,STL,,CBJ,W,0,2,2,0,0,0,0,0,0,,,,1,0.0,27,17:57,0,0,0,0,
242,2011-12-21,8,23-207,STL,@,COL,L,0,1,1,1,0,0,0,0,0,,,,3,0.0,27,18:36,0,0,0,0,
243,2011-12-23,9,23-209,STL,@,PHX,W,0,0,0,0,2,0,0,0,0,,,,0,,24,18:18,1,0,0,2,0.0
244,2011-12-26,10,23-212,STL,,DAL,W,0,2,2,1,0,0,0,0,0,,,,2,0.0,21,14:23,0,0,0,0,
245,2011-12-27,11,23-213,STL,@,DET,L,0,0,0,-1,0,0,0,0,0,,,,2,0.0,24,16:06,0,0,0,0,
246,2011-12-30,12,23-216,STL,,NSH,L-SO,0,1,1,1,0,0,0,0,0,,,,2,0.0,34,20:52,0,0,0,0,
247,2011-12-31,13,23-217,STL,@,DET,L,0,0,0,-2,0,0,0,0,0,,,,1,0.0,29,20:15,3,0,0,0,
248,2012-01-03,14,23-220,STL,,PHX,W,0,2,2,1,0,0,0,0,0,,,,2,0.0,23,16:48,0,0,0,0,
249,2012-01-05,15,23-222,STL,,EDM,W,0,0,0,1,4,0,0,0,0,,,,5,0.0,28,20:35,0,0,0,0,
250,2012-01-07,16,23-224,STL,,COL,W,0,0,0,1,0,0,0,0,0,,,,1,0.0,29,19:27,0,0,0,0,
251,2012-01-10,17,23-227,STL,@,MTL,W,0,0,0,2,2,0,0,0,0,,,,3,0.0,29,17:52,0,0,0,0,
252,2012-01-12,18,23-229,STL,,VAN,L-OT,0,0,0,-1,0,0,0,0,0,,,,2,0.0,29,20:13,0,0,0,0,
253,2012-01-14,19,23-231,STL,,MIN,W,1,0,1,1,0,1,0,0,0,,,,9,11.1,36,22:38,1,0,0,0,
254,2012-01-16,20,23-233,STL,,DAL,W,0,1,1,1,0,0,0,0,0,,,,2,0.0,27,20:25,0,0,0,0,
255,2012-01-19,21,23-236,STL,,EDM,W,0,1,1,1,0,0,0,0,0,,,,1,0.0,25,21:31,1,0,0,0,
256,2012-01-21,22,23-238,STL,,BUF,W,1,0,1,3,0,1,0,0,0,,,,3,33.3,28,17:42,0,0,0,0,
257,2012-01-23,23,23-240,STL,@,DET,L,0,0,0,0,0,0,0,0,0,,,,4,0.0,28,19:14,0,0,0,0,
258,2012-01-24,24,23-241,STL,,PIT,L-SO,0,0,0,-1,2,0,0,0,0,,,,1,0.0,30,19:50,3,0,0,0,
259,2012-02-03,25,23-251,STL,,LAK,W,0,0,0,0,0,0,0,0,0,,,,1,0.0,22,16:45,0,1,1,0,100.0
260,2012-02-04,26,23-252,STL,@,NSH,L,0,0,0,-2,2,0,0,0,0,,,,2,0.0,27,19:01,0,0,0,0,
261,2012-02-07,27,23-255,STL,@,OTT,W,2,0,2,2,2,2,0,0,1,,,,2,100.0,30,19:02,0,0,0,0,
262,2012-02-09,28,23-257,STL,@,NJD,W,1,0,1,1,2,1,0,0,0,,,,2,50.0,34,21:03,0,0,0,0,
263,2012-02-11,29,23-259,STL,,COL,W,2,1,3,1,0,0,2,0,0,,,,3,66.7,32,21:27,0,0,0,0,
264,2012-02-12,30,23-260,STL,,SJS,W,1,0,1,1,0,0,1,0,0,,,,3,33.3,27,18:36,0,0,0,0,
265,2012-02-14,31,23-262,STL,@,CBJ,L,0,1,1,0,0,0,0,0,0,,,,1,0.0,30,19:20,0,0,0,0,
266,2012-02-16,32,23-264,STL,,NYI,W,1,0,1,1,0,0,1,0,0,,,,1,100.0,19,13:55,0,0,0,0,
267,2012-02-18,33,23-266,STL,,MIN,W,0,1,1,1,0,0,0,0,0,,,,3,0.0,25,19:07,0,0,0,0,
268,2012-02-19,34,23-267,STL,@,CHI,L,0,0,0,0,0,0,0,0,0,,,,1,0.0,22,15:39,1,0,0,0,
269,2012-02-22,35,23-270,STL,,BOS,L,0,0,0,-2,0,0,0,0,0,,,,0,,23,15:16,1,0,0,0,
270,2012-02-23,36,23-271,STL,@,NSH,W,0,1,1,1,2,0,0,0,0,,,,2,0.0,28,20:04,0,1,0,0,
271,2012-02-25,37,23-273,STL,@,WPG,W,1,0,1,1,0,1,0,0,0,,,,1,100.0,28,18:52,1,0,0,0,
272,2012-02-27,38,23-275,STL,@,CGY,W,0,0,0,0,2,0,0,0,0,,,,0,,27,14:27,1,1,0,0,
273,2012-02-29,39,23-277,STL,@,EDM,W,0,1,1,1,0,0,0,0,0,,,,2,0.0,27,17:39,0,1,0,1,0.0
274,2012-03-01,40,23-278,STL,@,VAN,L,0,0,0,-1,2,0,0,0,0,,,,2,0.0,25,16:48,1,0,0,0,
275,2012-03-03,41,23-280,STL,@,SJS,W,0,0,0,0,2,0,0,0,0,,,,0,,27,16:30,0,0,0,0,
276,2012-03-06,42,23-283,STL,,CHI,W,0,0,0,1,0,0,0,0,0,,,,2,0.0,25,16:16,1,1,0,0,
277,2012-03-08,43,23-285,STL,,ANA,W,0,2,2,1,0,0,0,0,0,,,,2,0.0,26,18:54,0,0,0,0,
278,2012-03-10,44,23-287,STL,,CBJ,W,1,0,1,1,0,1,0,0,0,,,,4,25.0,24,19:39,0,0,0,0,
279,2012-03-11,45,23-288,STL,@,CBJ,W,1,0,1,2,0,1,0,0,1,,,,5,20.0,21,14:58,2,0,0,0,
280,2012-03-13,46,23-290,STL,@,CHI,L-SO,0,1,1,0,0,0,0,0,0,,,,0,,28,17:35,2,0,0,0,
281,2012-03-15,47,23-292,STL,@,CAR,L,0,0,0,-1,0,0,0,0,0,,,,2,0.0,25,20:08,0,0,0,0,
282,2012-03-17,48,23-294,STL,@,TBL,W,1,0,1,1,0,1,0,0,0,,,,2,50.0,31,19:23,0,1,0,1,0.0
283,2012-03-21,49,23-298,STL,@,ANA,L,1,0,1,2,0,1,0,0,0,,,,1,100.0,28,20:39,2,1,0,0,
284,2012-03-22,50,23-299,STL,@,LAK,L-SO,0,0,0,0,0,0,0,0,0,,,,3,0.0,31,21:29,2,0,0,1,0.0
285,2012-03-25,51,23-302,STL,@,PHX,W,0,0,0,0,0,0,0,0,0,,,,1,0.0,23,14:35,2,0,0,1,0.0
286,2012-03-27,52,23-304,STL,,NSH,W,1,0,1,1,0,1,0,0,0,,,,1,100.0,28,17:34,0,1,0,0,
287,2012-03-29,53,23-306,STL,@,CHI,L-SO,1,0,1,-1,0,1,0,0,0,,,,2,50.0,30,19:19,2,0,0,0,
288,2012-03-31,54,23-308,STL,,CBJ,L,1,0,1,0,0,1,0,0,0,,,,2,50.0,23,17:33,3,0,0,1,0.0
289,2012-04-04,55,23-312,STL,,DET,L-SO,1,0,1,1,0,0,0,1,0,,,,2,50.0,26,19:55,0,2,0,0,
290,2012-04-06,56,23-314,STL,,PHX,L,0,0,0,0,0,0,0,0,0,,,,1,0.0,24,17:29,1,0,0,0,
291,2012-04-07,57,23-315,STL,@,DAL,W,1,0,1,-2,0,0,1,0,1,,,,4,25.0,28,15:22,0,0,0,0,
292,2013-01-19,1,24-236,STL,,DET,W,0,0,0,0,6,0,0,0,0,,,,0,,27,16:28,1,0,0,0,
293,2013-01-21,2,24-238,STL,@,NSH,W,0,0,0,0,2,0,0,0,0,,,,1,0.0,23,16:54,1,0,0,0,
294,2013-01-22,3,24-239,STL,@,CHI,L,0,1,1,0,0,0,0,0,0,,,,2,0.0,28,18:02,1,0,0,0,
295,2013-01-24,4,24-241,STL,,NSH,W,0,0,0,0,2,0,0,0,0,,,,2,0.0,24,16:24,0,0,0,0,
296,2013-01-26,5,24-243,STL,@,DAL,W,2,1,3,3,0,2,0,0,1,,,,5,40.0,26,18:31,0,0,0,0,
297,2013-01-27,6,24-244,STL,,MIN,W,0,2,2,2,0,0,0,0,0,,,,1,0.0,30,21:36,0,1,0,0,
298,2013-01-31,7,24-248,STL,@,CBJ,W,0,0,0,0,0,0,0,0,0,,,,2,0.0,29,18:54,0,0,0,0,
299,2013-02-01,8,24-249,STL,@,DET,L,0,1,1,-2,4,0,0,0,0,,,,1,0.0,30,16:53,2,0,0,0,
300,2013-02-05,9,24-253,STL,,NSH,L,0,1,1,-2,0,0,0,0,0,,,,2,0.0,30,18:51,1,1,0,0,
301,2013-02-07,10,24-255,STL,,DET,L,0,0,0,0,2,0,0,0,0,,,,1,0.0,26,18:05,1,0,0,0,
302,2013-02-09,11,24-257,STL,,ANA,L-SO,1,0,1,-1,0,1,0,0,0,,,,4,25.0,27,19:12,1,0,0,0,
303,2013-02-11,12,24-259,STL,,LAK,L,0,0,0,-1,0,0,0,0,0,,,,0,,26,16:05,3,0,1,0,100.0
304,2013-02-13,13,24-261,STL,@,DET,W,0,0,0,-1,2,0,0,0,0,,,,3,0.0,21,20:14,0,0,0,0,
305,2013-02-15,14,24-263,STL,@,CGY,W,2,0,2,-1,0,0,2,0,0,,,,5,40.0,26,18:08,1,2,0,0,
306,2013-02-17,15,24-265,STL,@,VAN,W,0,1,1,1,0,0,0,0,0,,,,1,0.0,35,18:40,0,0,0,0,
307,2013-02-19,16,24-267,STL,,SJS,L,0,0,0,0,2,0,0,0,0,,,,2,0.0,26,17:50,0,0,0,0,
308,2013-02-20,17,24-268,STL,@,COL,L-OT,0,0,0,0,0,0,0,0,0,,,,3,0.0,29,22:04,0,1,0,0,
309,2013-02-23,18,24-271,STL,,CBJ,W,1,0,1,1,0,1,0,0,1,,,,3,33.3,22,15:52,1,1,0,0,
310,2013-02-28,19,24-276,STL,,CHI,L,0,0,0,-1,0,0,0,0,0,,,,1,0.0,25,23:04,0,0,0,0,
311,2013-03-01,20,24-277,STL,,EDM,W,0,0,0,-1,0,0,0,0,0,,,,1,0.0,24,15:56,0,0,0,0,
312,2013-03-03,21,24-279,STL,@,DAL,L,1,0,1,-1,2,1,0,0,0,,,,2,50.0,22,17:29,1,0,0,1,0.0
313,2013-03-05,22,24-281,STL,@,LAK,L,1,1,2,0,2,1,0,0,0,,,,2,50.0,26,19:08,0,1,0,0,
314,2013-03-07,23,24-283,STL,@,PHX,W,0,3,3,3,0,0,0,0,0,,,,1,0.0,29,18:47,5,0,0,0,
315,2013-03-09,24,24-285,STL,@,SJS,W,0,0,0,1,2,0,0,0,0,,,,1,0.0,29,19:46,4,1,0,0,
316,2013-03-10,25,24-286,STL,@,ANA,L,0,0,0,-2,0,0,0,0,0,,,,0,,26,21:42,0,0,1,1,50.0
317,2013-03-12,26,24-288,STL,,SJS,W,1,0,1,1,0,1,0,0,0,,,,5,20.0,28,20:41,1,2,0,0,
318,2013-03-14,27,24-290,STL,,PHX,W,0,0,0,0,0,0,0,0,0,,,,2,0.0,29,18:25,2,0,0,0,
319,2013-03-16,28,24-292,STL,,ANA,W,0,0,0,-1,0,0,0,0,0,,,,1,0.0,29,19:21,0,0,1,0,100.0
320,2013-03-19,29,24-295,STL,@,VAN,L,0,1,1,1,0,0,0,0,0,,,,3,0.0,27,20:10,0,0,0,1,0.0
321,2013-03-23,30,24-299,STL,@,EDM,W,0,0,0,0,6,0,0,0,0,,,,1,0.0,24,15:18,2,0,0,0,
322,2013-03-24,31,24-300,STL,@,CGY,L,0,0,0,0,0,0,0,0,0,,,,3,0.0,24,16:13,1,0,1,2,33.3
323,2013-03-26,32,24-302,STL,,EDM,L,0,0,0,-1,0,0,0,0,0,,,,2,0.0,26,17:20,0,0,2,0,100.0
324,2013-03-28,33,24-304,STL,,LAK,L,0,1,1,1,2,0,0,0,0,,,,1,0.0,25,15:32,2,0,0,1,0.0
325,2013-04-01,34,24-308,STL,@,MIN,W,0,0,0,0,2,0,0,0,0,,,,0,,25,14:36,1,0,0,0,
326,2013-04-04,35,24-311,STL,@,CHI,W,0,0,0,0,0,0,0,0,0,,,,0,,24,15:39,3,0,0,2,0.0
327,2013-04-05,36,24-312,STL,,CBJ,W,0,0,0,0,0,0,0,0,0,,,,1,0.0,25,17:40,2,0,0,2,0.0
328,2013-04-07,37,24-314,STL,@,DET,W,0,0,0,0,2,0,0,0,0,,,,1,0.0,37,19:53,1,0,0,0,
329,2013-04-09,38,24-316,STL,@,NSH,W,0,1,1,1,0,0,0,0,0,,,,2,0.0,24,17:03,2,0,0,0,
330,2013-04-11,39,24-318,STL,@,MIN,W,0,0,0,0,0,0,0,0,0,,,,0,,29,18:40,1,0,0,1,0.0
331,2013-04-12,40,24-319,STL,@,CBJ,L,0,0,0,-1,0,0,0,0,0,,,,2,0.0,27,17:17,2,0,0,0,
332,2013-04-14,41,24-321,STL,,CHI,L,0,0,0,0,2,0,0,0,0,,,,1,0.0,30,19:33,1,0,0,0,
333,2013-04-16,42,24-323,STL,,VAN,W,0,1,1,0,2,0,0,0,0,,,,3,0.0,31,18:40,0,0,0,0,
334,2013-04-18,43,24-325,STL,,PHX,W,1,0,1,1,0,1,0,0,0,,,,3,33.3,30,18:40,0,1,0,0,
335,2013-04-19,44,24-326,STL,,DAL,W,0,0,0,-1,0,0,0,0,0,,,,2,0.0,23,15:38,0,0,0,0,
336,2013-04-21,45,24-328,STL,@,COL,L,0,0,0,0,0,0,0,0,0,,,,0,,25,16:17,0,0,1,1,50.0
337,2013-04-23,46,24-330,STL,,COL,W,0,0,0,0,0,0,0,0,0,,,,2,0.0,22,17:17,1,0,0,0,
338,2013-04-25,47,24-332,STL,,CGY,W,0,0,0,0,2,0,0,0,0,,,,0,,23,15:52,1,0,1,1,50.0
339,2013-04-27,48,24-334,STL,,CHI,W,0,0,0,1,0,0,0,0,0,,,,3,0.0,22,14:00,2,0,0,1,0.0
340,2013-10-01,1,25-126,EDM,,WPG,L,0,0,0,0,0,0,0,0,0,,,,3,0.0,26,18:51,1,1,0,0,
341,2013-10-05,2,25-130,EDM,@,VAN,L,0,1,1,0,6,0,0,0,0,,,,5,0.0,28,20:53,3,0,1,0,100.0
342,2013-10-07,3,25-132,EDM,,NJD,W,1,1,2,-1,0,1,0,0,0,,,,3,33.3,34,25:15,2,0,0,1,0.0
343,2013-10-10,4,25-135,EDM,,MTL,L,0,0,0,-1,0,0,0,0,0,,,,3,0.0,30,23:26,1,0,0,0,
344,2013-10-12,5,25-137,EDM,@,TOR,L-OT,0,1,1,-3,4,0,0,0,0,,,,3,0.0,24,18:06,4,0,0,1,0.0
345,2013-10-14,6,25-139,EDM,@,WSH,L,0,1,1,2,2,0,0,0,0,,,,5,0.0,25,19:36,1,0,0,1,0.0
346,2013-10-15,7,25-140,EDM,@,PIT,L,0,1,1,1,0,0,0,0,0,,,,2,0.0,24,18:56,2,1,0,0,
347,2013-10-17,8,25-142,EDM,@,NYI,L,0,0,0,0,0,0,0,0,0,,,,0,,22,17:39,2,1,0,1,0.0
348,2013-10-19,9,25-144,EDM,@,OTT,W,0,0,0,-1,0,0,0,0,0,,,,2,0.0,28,20:29,1,0,0,2,0.0
349,2013-10-22,10,25-147,EDM,@,MTL,W,0,1,1,1,2,0,0,0,0,,,,6,0.0,28,22:51,1,2,1,1,50.0
350,2013-10-24,11,25-149,EDM,,WSH,L,0,1,1,1,2,0,0,0,0,,,,6,0.0,23,20:09,0,0,0,0,
351,2013-10-26,12,25-151,EDM,@,PHX,L,1,0,1,-1,0,1,0,0,0,,,,6,16.7,26,20:47,1,0,0,0,
352,2013-10-27,13,25-152,EDM,@,LAK,L-SO,0,0,0,0,2,0,0,0,0,,,,3,0.0,30,23:04,4,0,0,1,0.0
353,2013-11-09,14,25-165,EDM,@,PHI,L,1,0,1,0,0,0,1,0,0,,,,4,25.0,24,16:14,0,0,0,1,0.0
354,2013-11-10,15,25-166,EDM,@,CHI,L,1,1,2,-1,0,0,1,0,0,,,,4,25.0,25,14:52,1,0,0,1,0.0
355,2013-11-13,16,25-169,EDM,,DAL,L,0,0,0,-1,0,0,0,0,0,,,,3,0.0,25,20:00,1,0,0,0,
356,2013-11-15,17,25-171,EDM,,SJS,L,0,0,0,-1,2,0,0,0,0,,,,3,0.0,27,19:19,1,0,0,1,0.0
357,2013-11-16,18,25-172,EDM,@,CGY,W,1,0,1,1,0,1,0,0,1,,,,5,20.0,31,18:00,0,0,0,0,
358,2013-11-19,19,25-175,EDM,,CBJ,W,2,2,4,2,0,1,1,0,0,,,,5,40.0,24,17:05,2,0,0,0,
359,2013-11-21,20,25-177,EDM,,FLA,W,1,0,1,0,0,0,1,0,0,,,,9,11.1,24,18:22,0,0,0,0,
360,2013-11-25,21,25-181,EDM,,CHI,L,0,0,0,-1,0,0,0,0,0,,,,1,0.0,25,18:56,3,0,0,0,
361,2013-11-28,22,25-184,EDM,@,NSH,W,0,0,0,0,2,0,0,0,0,,,,0,,25,18:29,2,0,0,0,
362,2013-11-29,23,25-185,EDM,@,CBJ,L,1,0,1,0,0,0,1,0,0,,,,4,25.0,24,21:20,1,0,0,0,
363,2013-12-01,24,25-187,EDM,@,DAL,W,0,1,1,1,0,0,0,0,0,,,,1,0.0,26,21:02,0,0,0,0,
364,2013-12-03,25,25-189,EDM,,PHX,L,2,0,2,0,4,1,1,0,0,,,,5,40.0,23,17:41,1,0,0,0,
365,2013-12-05,26,25-191,EDM,,COL,W,1,1,2,2,4,1,0,0,0,,,,4,25.0,24,18:20,0,0,1,3,25.0
366,2013-12-07,27,25-193,EDM,,CGY,L-OT,0,1,1,0,2,0,0,0,0,,,,3,0.0,27,22:07,0,0,1,0,100.0
367,2013-12-10,28,25-196,EDM,,CAR,W,0,0,0,0,0,0,0,0,0,,,,2,0.0,27,21:21,2,0,0,0,
368,2013-12-12,29,25-198,EDM,,BOS,L,2,0,2,0,0,2,0,0,0,,,,6,33.3,27,23:20,2,0,0,0,
369,2013-12-13,30,25-199,EDM,@,VAN,L,0,0,0,-1,2,0,0,0,0,,,,1,0.0,24,20:16,3,1,2,2,50.0
370,2013-12-15,31,25-201,EDM,@,ANA,L,0,0,0,-1,0,0,0,0,0,,,,0,,22,16:05,2,0,0,1,0.0
371,2013-12-17,32,25-203,EDM,@,LAK,L,0,0,0,-2,0,0,0,0,0,,,,3,0.0,23,21:54,0,0,0,1,0.0
372,2013-12-19,33,25-205,EDM,@,COL,L,0,0,0,-3,0,0,0,0,0,,,,1,0.0,25,19:06,1,0,2,1,66.7
373,2013-12-21,34,25-207,EDM,,STL,L,0,0,0,0,2,0,0,0,0,,,,2,0.0,27,19:27,2,1,0,0,
374,2013-12-23,35,25-209,EDM,,WPG,W,1,1,2,2,0,1,0,0,1,,,,2,50.0,24,19:24,1,0,1,0,100.0
375,2013-12-27,36,25-213,EDM,@,CGY,W,0,0,0,0,0,0,0,0,0,,,,0,,24,20:49,0,0,0,0,
376,2013-12-28,37,25-214,EDM,,PHI,L-SO,1,0,1,2,2,0,1,0,0,,,,2,50.0,32,22:41,2,0,0,0,
377,2013-12-31,38,25-217,EDM,@,PHX,L-OT,1,1,2,3,4,1,0,0,0,,,,4,25.0,32,23:04,0,0,0,0,
378,2014-01-02,39,25-219,EDM,@,SJS,L,0,0,0,-3,2,0,0,0,0,,,,1,0.0,22,15:13,0,0,0,0,
379,2014-01-03,40,25-220,EDM,@,ANA,L,0,1,1,-3,0,0,0,0,0,,,,2,0.0,21,18:37,2,0,0,0,
380,2014-01-05,41,25-222,EDM,,TBL,W,0,0,0,0,0,0,0,0,0,,,,2,0.0,24,16:23,1,0,0,0,
381,2014-01-07,42,25-224,EDM,,STL,L,0,1,1,0,0,0,0,0,0,,,,1,0.0,23,18:11,0,0,0,0,
382,2014-01-10,43,25-227,EDM,,PIT,W,0,0,0,1,0,0,0,0,0,,,,1,0.0,24,17:33,1,1,0,1,0.0
383,2014-01-12,44,25-229,EDM,@,CHI,L,0,0,0,0,0,0,0,0,0,,,,3,0.0,24,18:15,0,0,1,0,100.0
384,2014-01-14,45,25-231,EDM,@,DAL,L,0,0,0,0,0,0,0,0,0,,,,3,0.0,26,19:03,2,2,0,0,
385,2014-01-16,46,25-233,EDM,@,MIN,L,0,0,0,-1,4,0,0,0,0,,,,0,,25,14:39,0,0,0,0,
386,2014-01-18,47,25-235,EDM,@,WPG,L-OT,1,0,1,-1,0,1,0,0,0,,,,4,25.0,22,17:19,1,0,0,0,
387,2014-01-21,48,25-238,EDM,,VAN,L,0,0,0,-1,0,0,0,0,0,,,,2,0.0,22,16:47,3,0,0,0,
388,2014-01-24,49,25-241,EDM,,PHX,L,1,0,1,-1,0,1,0,0,0,,,,2,50.0,25,20:42,1,0,1,0,100.0
389,2014-01-26,50,25-243,EDM,,NSH,W,0,0,0,0,0,0,0,0,0,,,,2,0.0,22,15:57,0,1,0,1,0.0
390,2014-01-27,51,25-244,EDM,@,VAN,W,3,0,3,3,2,3,0,0,0,,,,3,100.0,26,17:30,1,0,0,0,
391,2014-01-29,52,25-246,EDM,,SJS,W,0,0,0,0,0,0,0,0,0,,,,1,0.0,25,19:26,1,0,1,1,50.0
392,2014-02-01,53,25-249,EDM,@,BOS,L,0,0,0,-2,2,0,0,0,0,,,,3,0.0,20,15:47,3,1,0,0,
393,2014-02-03,54,25-251,EDM,@,BUF,W,0,2,2,1,0,0,0,0,0,,,,2,0.0,27,18:06,3,0,0,1,0.0
394,2014-02-06,55,25-254,EDM,@,NYR,W,0,1,1,0,0,0,0,0,0,,,,3,0.0,25,19:34,4,0,0,0,
395,2014-02-07,56,25-255,EDM,@,NJD,L-OT,0,0,0,0,2,0,0,0,0,,,,0,,26,20:22,1,0,0,0,
396,2014-02-27,57,25-275,EDM,,MIN,L,0,0,0,0,0,0,0,0,0,,,,2,0.0,24,17:52,0,0,0,0,
397,2014-03-01,58,25-277,EDM,,CGY,L-OT,1,0,1,0,0,1,0,0,0,,,,2,50.0,23,16:55,4,0,0,0,
398,2014-03-04,59,25-280,EDM,,OTT,W,0,0,0,-1,0,0,0,0,0,,,,1,0.0,26,18:28,1,0,0,0,
399,2014-03-06,60,25-282,EDM,,NYI,W,0,1,1,1,4,0,0,0,0,,,,2,0.0,26,18:30,1,0,0,0,
400,2014-03-09,61,25-285,EDM,,LAK,L,0,1,1,0,0,0,0,0,0,,,,4,0.0,23,19:13,4,0,0,0,
401,2014-03-11,62,25-287,EDM,@,MIN,W,1,0,1,1,0,1,0,0,0,,,,5,20.0,27,23:55,0,1,0,0,
402,2014-03-13,63,25-289,EDM,@,STL,L,1,0,1,1,6,1,0,0,0,,,,4,25.0,22,16:12,2,0,0,0,
403,2014-03-14,64,25-290,EDM,@,DET,L-SO,0,0,0,-1,2,0,0,0,0,,,,2,0.0,27,21:20,1,2,0,0,
404,2014-03-16,65,25-292,EDM,@,CAR,W,0,1,1,-1,4,0,0,0,0,,,,4,0.0,27,19:00,2,1,0,0,
405,2014-03-18,66,25-294,EDM,,NSH,W,0,1,1,1,0,0,0,0,0,,,,4,0.0,27,15:39,1,1,0,1,0.0
406,2014-03-20,67,25-296,EDM,,BUF,L,0,1,1,-1,0,0,0,0,0,,,,3,0.0,27,25:38,2,0,0,0,
407,2014-03-22,68,25-298,EDM,,CGY,L,0,0,0,-4,0,0,0,0,0,,,,1,0.0,21,16:43,3,0,0,0,
408,2014-03-25,69,25-301,EDM,,SJS,L,1,0,1,-1,0,1,0,0,0,,,,6,16.7,25,20:04,1,0,0,1,0.0
409,2014-03-28,70,25-304,EDM,,ANA,W,0,3,3,1,2,0,0,0,0,,,,2,0.0,28,20:51,1,0,1,1,50.0
410,2014-03-30,71,25-306,EDM,,NYR,L,0,0,0,-3,4,0,0,0,0,,,,2,0.0,21,15:25,3,1,0,0,
411,2014-04-01,72,25-308,EDM,@,SJS,L,0,0,0,0,6,0,0,0,0,,,,2,0.0,21,16:53,3,0,0,0,
412,2014-04-02,73,25-309,EDM,@,ANA,L,0,1,1,0,0,0,0,0,0,,,,0,,20,17:19,1,1,0,0,
413,2014-04-04,74,25-311,EDM,@,PHX,W,0,0,0,0,0,0,0,0,0,,,,3,0.0,27,20:26,4,0,0,0,
414,2014-04-06,75,25-313,EDM,,ANA,W,1,0,1,0,4,0,0,1,0,,,,5,20.0,23,14:49,1,0,0,0,
415,2014-04-08,76,25-315,EDM,,COL,L,1,0,1,-1,0,0,1,0,0,,,,4,25.0,21,18:45,3,0,0,0,
416,2014-04-10,77,25-317,EDM,,LAK,L,0,0,0,-1,2,0,0,0,0,,,,4,0.0,25,20:35,3,0,0,0,
417,2014-04-12,78,25-319,EDM,,VAN,W,0,0,0,0,2,0,0,0,0,,,,2,0.0,24,18:36,1,1,0,0,
418,2014-10-09,1,26-134,EDM,,CGY,L,0,1,1,0,0,0,0,0,0,0,1,0,3,0.0,22,16:16,0,0,0,1,0.0
419,2014-10-11,2,26-136,EDM,@,VAN,L-SO,0,2,2,-1,0,0,0,0,0,1,1,0,2,0.0,25,15:09,1,0,0,1,0.0
420,2014-10-14,3,26-139,EDM,@,LAK,L,0,0,0,-2,0,0,0,0,0,0,0,0,4,0.0,22,15:11,4,0,0,0,
421,2014-10-15,4,26-140,EDM,@,ARI,L,0,0,0,-2,0,0,0,0,0,0,0,0,1,0.0,24,16:21,0,0,0,0,
422,2014-10-17,5,26-142,EDM,,VAN,L,0,0,0,-1,0,0,0,0,0,0,0,0,0,,19,14:32,3,1,0,0,
423,2014-10-20,6,26-145,EDM,,TBL,W,0,0,0,-2,0,0,0,0,0,0,0,0,4,0.0,19,14:54,1,0,0,0,
424,2014-10-22,7,26-147,EDM,,WSH,W,0,1,1,1,0,0,0,0,0,1,0,0,0,,19,14:18,0,0,0,1,0.0
425,2014-10-24,8,26-149,EDM,,CAR,W,0,1,1,1,0,0,0,0,0,1,0,0,1,0.0,20,16:02,1,0,1,0,100.0
426,2014-10-27,9,26-152,EDM,,MTL,W,0,0,0,1,0,0,0,0,0,0,0,0,2,0.0,20,15:52,1,0,0,0,
427,2014-10-29,10,26-154,EDM,,NSH,L,0,0,0,-1,0,0,0,0,0,0,0,0,3,0.0,20,15:52,2,1,0,0,
428,2014-11-01,11,26-157,EDM,,VAN,L,1,0,1,-1,0,1,0,0,0,0,0,0,4,25.0,27,17:38,6,1,0,0,
429,2014-11-04,12,26-160,EDM,@,PHI,L,0,0,0,-1,0,0,0,0,0,0,0,0,4,0.0,31,19:58,3,0,0,0,
430,2014-11-06,13,26-162,EDM,@,BOS,L,0,0,0,1,0,0,0,0,0,0,0,0,2,0.0,24,17:10,3,2,0,0,
431,2014-11-07,14,26-163,EDM,@,BUF,W,0,1,1,1,0,0,0,0,0,1,0,0,2,0.0,26,17:45,3,0,0,0,
432,2014-11-09,15,26-165,EDM,@,NYR,W,0,0,0,0,0,0,0,0,0,0,0,0,1,0.0,26,18:12,3,0,0,0,
433,2014-11-11,16,26-167,EDM,@,NSH,L,0,1,1,0,0,0,0,0,0,1,0,0,3,0.0,27,18:55,3,0,0,0,
434,2014-11-13,17,26-169,EDM,,OTT,L-OT,0,1,1,-1,2,0,0,0,0,0,1,0,6,0.0,28,17:56,1,1,0,0,
435,2014-11-16,18,26-172,EDM,,ARI,L,0,0,0,0,0,0,0,0,0,0,0,0,1,0.0,27,19:28,2,1,0,0,
436,2014-11-19,19,26-175,EDM,,VAN,L,0,0,0,-1,0,0,0,0,0,0,0,0,2,0.0,18,14:00,0,0,0,0,
437,2014-11-21,20,26-177,EDM,,NJD,L,0,0,0,-1,0,0,0,0,0,0,0,0,2,0.0,24,22:35,2,0,0,0,
438,2014-11-22,21,26-178,EDM,,CHI,L,1,0,1,0,0,1,0,0,0,0,0,0,3,33.3,19,14:21,2,0,0,0,
439,2014-11-25,22,26-181,EDM,@,DAL,L,0,0,0,-2,0,0,0,0,0,0,0,0,2,0.0,26,19:27,2,0,0,0,
440,2014-11-27,23,26-183,EDM,@,NSH,L-OT,0,0,0,0,12,0,0,0,0,0,0,0,2,0.0,20,16:16,2,0,1,0,100.0
441,2014-11-28,24,26-184,EDM,@,STL,L-OT,1,0,1,-1,0,1,0,0,0,0,0,0,1,100.0,23,13:53,1,0,0,0,
442,2014-12-01,25,26-187,EDM,,ARI,L,0,1,1,-1,0,0,0,0,0,1,0,0,0,,23,16:25,0,0,0,0,
443,2014-12-03,26,26-189,EDM,@,WPG,L-OT,0,1,1,0,0,0,0,0,0,1,0,0,1,0.0,25,16:43,1,0,0,0,
444,2014-12-07,27,26-193,EDM,,SJS,W,1,0,1,1,0,1,0,0,1,0,0,0,2,50.0,29,16:59,1,0,0,0,
445,2014-12-09,28,26-195,EDM,@,SJS,L,1,0,1,-1,0,1,0,0,0,0,0,0,2,50.0,25,16:57,3,1,0,0,
446,2014-12-10,29,26-196,EDM,@,ANA,L,0,0,0,0,0,0,0,0,0,0,0,0,2,0.0,24,18:12,0,1,0,0,
447,2014-12-12,30,26-198,EDM,,ANA,L,0,0,0,0,0,0,0,0,0,0,0,0,1,0.0,26,18:58,2,1,0,0,
448,2014-12-14,31,26-200,EDM,,NYR,L,0,0,0,-2,0,0,0,0,0,0,0,0,2,0.0,20,17:48,0,2,0,0,
449,2014-12-16,32,26-202,EDM,@,ARI,L-OT,0,0,0,0,0,0,0,0,0,0,0,0,4,0.0,22,17:18,6,0,0,0,
450,2014-12-18,33,26-204,EDM,@,SJS,L,0,2,2,1,2,0,0,0,0,2,0,0,0,,23,17:57,2,0,0,2,0.0
451,2014-12-21,34,26-207,EDM,,DAL,L-SO,0,0,0,0,0,0,0,0,0,0,0,0,1,0.0,26,17:17,6,0,0,1,0.0
452,2014-12-23,35,26-209,EDM,,ARI,L,0,0,0,-2,2,0,0,0,0,0,0,0,0,,25,20:35,1,0,0,0,
453,2014-12-27,36,26-213,EDM,@,CGY,L,0,0,0,-2,2,0,0,0,0,0,0,0,2,0.0,23,17:39,3,0,0,0,
454,2014-12-30,37,26-216,EDM,,LAK,W,0,0,0,1,0,0,0,0,0,0,0,0,1,0.0,23,17:26,0,0,0,0,
455,2014-12-31,38,26-217,EDM,@,CGY,L-OT,0,2,2,0,0,0,0,0,0,1,1,0,1,0.0,21,13:37,3,0,1,0,100.0
456,2015-01-03,39,26-220,PIT,,MTL,L,1,0,1,1,0,1,0,0,0,0,0,0,6,16.7,22,15:47,4,0,0,0,
457,2015-01-07,40,26-224,PIT,,BOS,L-OT,0,0,0,-1,0,0,0,0,0,0,0,0,5,0.0,25,20:10,2,0,0,0,
458,2015-01-10,41,26-227,PIT,@,MTL,W,0,0,0,-1,0,0,0,0,0,0,0,0,5,0.0,25,19:44,6,0,0,0,
459,2015-01-13,42,26-230,PIT,,MIN,W,2,1,3,1,0,2,0,0,0,1,0,0,4,50.0,25,18:36,1,0,0,0,
460,2015-01-16,43,26-233,PIT,@,NYI,L,1,0,1,-2,0,0,1,0,0,0,0,0,4,25.0,25,19:04,5,0,0,0,
461,2015-01-18,44,26-235,PIT,,NYR,L,1,1,2,0,2,1,0,0,0,0,1,0,5,20.0,24,16:35,1,1,0,0,
462,2015-01-20,45,26-237,PIT,@,PHI,L-OT,0,0,0,0,0,0,0,0,0,0,0,0,4,0.0,23,21:43,1,0,0,0,
463,2015-01-21,46,26-238,PIT,,CHI,L-SO,0,0,0,-1,2,0,0,0,0,0,0,0,4,0.0,26,22:04,5,1,0,0,
464,2015-01-27,47,26-244,PIT,,WPG,W,1,1,2,-1,0,0,1,0,0,1,0,0,3,33.3,23,16:07,3,0,0,0,
465,2015-01-28,48,26-245,PIT,@,WSH,L,0,0,0,-1,6,0,0,0,0,0,0,0,4,0.0,24,21:00,2,0,0,0,
466,2015-01-30,49,26-247,PIT,@,NJD,W,0,0,0,0,0,0,0,0,0,0,0,0,3,0.0,25,20:51,3,0,0,1,0.0
467,2015-02-01,50,26-249,PIT,,NSH,L,0,0,0,-1,4,0,0,0,0,0,0,0,2,0.0,23,19:13,1,0,0,0,
468,2015-02-04,51,26-252,PIT,@,EDM,W,1,0,1,1,2,1,0,0,0,0,0,0,3,33.3,24,18:18,2,0,0,0,
469,2015-02-06,52,26-254,PIT,@,CGY,W,1,1,2,3,2,1,0,0,1,1,0,0,5,20.0,24,17:21,0,1,0,0,
470,2015-02-07,53,26-255,PIT,@,VAN,L,0,0,0,-1,2,0,0,0,0,0,0,0,2,0.0,25,17:18,3,0,0,0,
471,2015-02-11,54,26-259,PIT,,DET,W,1,0,1,1,0,1,0,0,0,0,0,0,3,33.3,23,19:38,1,0,0,0,
472,2015-02-12,55,26-260,PIT,@,OTT,W,0,0,0,1,0,0,0,0,0,0,0,0,3,0.0,27,19:09,1,1,0,0,
473,2015-02-15,56,26-263,PIT,@,CHI,L-SO,0,0,0,-1,0,0,0,0,0,0,0,0,4,0.0,25,19:11,4,0,0,1,0.0
474,2015-02-17,57,26-265,PIT,,WSH,L,0,0,0,-1,0,0,0,0,0,0,0,0,3,0.0,23,16:45,6,0,0,0,
475,2015-02-19,58,26-267,PIT,,CBJ,L,0,0,0,0,2,0,0,0,0,0,0,0,1,0.0,20,13:41,4,0,0,0,
476,2015-02-21,59,26-269,PIT,@,STL,W,0,1,1,-1,0,0,0,0,0,1,0,0,2,0.0,24,18:13,0,1,0,0,
477,2015-02-22,60,26-270,PIT,,FLA,W,0,0,0,3,2,0,0,0,0,0,0,0,1,0.0,22,17:43,0,1,0,0,
478,2015-02-25,61,26-273,PIT,@,WSH,W,0,1,1,-1,0,0,0,0,0,1,0,0,4,0.0,23,17:22,2,0,0,0,
479,2015-03-01,62,26-277,PIT,,CBJ,W,1,0,1,-1,0,0,1,0,0,0,0,0,1,100.0,24,17:11,0,1,0,0,
480,2015-03-04,63,26-280,PIT,@,COL,L,0,0,0,-1,0,0,0,0,0,0,0,0,0,,22,17:17,1,0,0,0,
481,2015-03-06,64,26-282,PIT,@,ANA,W,0,1,1,2,2,0,0,0,0,1,0,0,0,,28,15:47,1,0,0,0,
482,2015-03-07,65,26-283,PIT,@,LAK,W,0,0,0,0,0,0,0,0,0,0,0,0,0,,22,16:18,1,0,0,0,
483,2015-03-09,66,26-285,PIT,@,SJS,L-SO,0,1,1,1,2,0,0,0,0,1,0,0,2,0.0,24,17:50,3,0,0,0,
484,2015-03-12,67,26-288,PIT,,EDM,W,1,1,2,2,0,1,0,0,0,1,0,0,4,25.0,20,14:41,1,0,0,0,
485,2015-03-14,68,26-290,PIT,,BOS,L,0,0,0,-1,2,0,0,0,0,0,0,0,1,0.0,25,17:24,5,0,0,1,0.0
486,2015-03-15,69,26-291,PIT,,DET,L,1,0,1,0,2,1,0,0,0,0,0,0,4,25.0,25,18:30,3,0,0,0,
487,2015-03-17,70,26-293,PIT,@,NJD,L,0,0,0,-1,2,0,0,0,0,0,0,0,3,0.0,24,16:31,2,1,0,0,
488,2015-03-19,71,26-295,PIT,@,DAL,L,0,0,0,-1,2,0,0,0,0,0,0,0,5,0.0,19,20:17,3,0,0,0,
489,2015-03-21,72,26-297,PIT,@,ARI,W,0,0,0,-1,2,0,0,0,0,0,0,0,1,0.0,19,17:02,3,0,0,0,
490,2015-03-24,73,26-300,PIT,,STL,L-OT,0,0,0,-1,0,0,0,0,0,0,0,0,3,0.0,30,23:30,4,0,0,0,
491,2015-03-26,74,26-302,PIT,@,CAR,L,0,0,0,-1,2,0,0,0,0,0,0,0,3,0.0,21,15:38,0,0,0,0,
492,2015-03-29,75,26-305,PIT,,SJS,W,0,0,0,-1,0,0,0,0,0,0,0,0,1,0.0,16,10:06,2,0,0,0,
493,2015-04-01,76,26-308,PIT,,PHI,L,0,0,0,-2,2,0,0,0,0,0,0,0,3,0.0,21,14:07,3,0,0,0,
494,2015-04-04,77,26-311,PIT,@,CBJ,L,0,0,0,0,0,0,0,0,0,0,0,0,2,0.0,23,18:23,1,0,0,0,
495,2015-04-05,78,26-312,PIT,@,PHI,L,0,1,1,0,0,0,0,0,0,0,1,0,2,0.0,23,13:55,3,0,0,0,
496,2015-04-07,79,26-314,PIT,@,OTT,L-OT,0,0,0,1,0,0,0,0,0,0,0,0,0,,22,14:32,1,1,0,0,
497,2015-04-10,80,26-317,PIT,,NYI,L,0,0,0,-1,0,0,0,0,0,0,0,0,3,0.0,23,17:06,0,0,0,0,
498,2015-04-11,81,26-318,PIT,@,BUF,W,0,0,0,0,0,0,0,0,0,0,0,0,4,0.0,22,16:04,3,0,0,0,
499,2015-10-08,1,27-133,PIT,@,DAL,L,0,0,0,-1,0,0,0,0,0,0,0,0,0,,24,15:13,2,0,0,0,
500,2015-10-10,2,27-135,PIT,@,ARI,L,0,0,0,0,0,0,0,0,0,0,0,0,1,0.0,20,15:15,2,0,0,0,
501,2015-10-13,3,27-138,PIT,,MTL,L,0,0,0,0,0,0,0,0,0,0,0,0,2,0.0,21,17:00,6,0,0,0,
502,2015-10-15,4,27-140,PIT,,OTT,W,0,0,0,1,0,0,0,0,0,0,0,0,7,0.0,23,15:07,1,1,0,0,
503,2015-10-17,5,27-142,PIT,,TOR,W,0,0,0,-1,0,0,0,0,0,0,0,0,2,0.0,22,16:33,2,2,0,0,
504,2015-10-20,6,27-145,PIT,,FLA,W,0,0,0,-1,0,0,0,0,0,0,0,0,2,0.0,26,15:44,5,0,0,0,
505,2015-10-22,7,27-147,PIT,,DAL,L,0,0,0,-1,2,0,0,0,0,0,0,0,2,0.0,21,14:26,3,0,0,0,
506,2015-10-24,8,27-149,PIT,@,NSH,W,0,0,0,0,0,0,0,0,0,0,0,0,3,0.0,17,12:58,3,1,0,0,
507,2015-10-28,9,27-153,PIT,@,WSH,W,0,1,1,1,2,0,0,0,0,1,0,0,1,0.0,22,13:52,4,0,0,0,
508,2015-10-29,10,27-154,PIT,,BUF,W,0,0,0,-1,0,0,0,0,0,0,0,0,2,0.0,19,15:14,4,0,0,0,
509,2015-10-31,11,27-156,PIT,@,TOR,W,0,1,1,0,0,0,0,0,0,0,1,0,6,0.0,23,15:35,3,0,0,1,0.0
510,2015-11-04,12,27-160,PIT,@,VAN,W,1,0,1,1,2,1,0,0,0,0,0,0,1,100.0,18,12:40,0,0,0,0,
511,2015-11-06,13,27-162,PIT,@,EDM,W,0,0,0,0,0,0,0,0,0,0,0,0,3,0.0,22,15:28,0,0,0,0,
512,2015-11-07,14,27-163,PIT,@,CGY,L,0,1,1,0,2,0,0,0,0,0,1,0,4,0.0,25,16:39,2,0,0,1,0.0
513,2015-11-11,15,27-167,PIT,,MTL,W,0,0,0,1,0,0,0,0,0,0,0,0,1,0.0,23,16:21,2,0,0,0,
514,2015-11-13,16,27-169,PIT,,CBJ,L,0,1,1,1,0,0,0,0,0,1,0,0,3,0.0,23,16:38,0,0,0,0,
515,2015-11-14,17,27-170,PIT,@,NJD,L,0,0,0,0,0,0,0,0,0,0,0,0,0,,23,17:25,2,0,0,0,
516,2015-11-17,18,27-173,PIT,,MIN,W,1,0,1,1,4,1,0,0,0,0,0,0,3,33.3,23,15:02,1,0,0,0,
517,2015-11-19,19,27-175,PIT,,COL,W,1,0,1,0,0,1,0,0,0,0,0,0,3,33.3,19,14:22,1,0,0,0,
518,2015-11-21,20,27-177,PIT,,SJS,L,0,0,0,-1,4,0,0,0,0,0,0,0,1,0.0,25,17:51,2,0,0,0,
519,2015-11-25,21,27-181,PIT,,STL,W,0,1,1,-1,0,0,0,0,0,1,0,0,0,,23,16:16,2,0,0,0,
520,2015-11-27,22,27-183,PIT,@,CBJ,L-OT,0,0,0,0,0,0,0,0,0,0,0,0,1,0.0,23,15:59,2,0,0,0,
521,2015-11-28,23,27-184,PIT,,EDM,L-SO,0,0,0,-1,0,0,0,0,0,0,0,0,4,0.0,23,16:56,1,1,0,0,
522,2015-12-01,24,27-187,PIT,@,SJS,W,1,1,2,1,0,0,1,0,0,1,0,0,1,100.0,21,15:26,3,2,0,0,
523,2015-12-05,25,27-191,PIT,@,LAK,L,0,0,0,-3,0,0,0,0,0,0,0,0,1,0.0,25,15:54,1,0,0,0,
524,2015-12-06,26,27-192,PIT,@,ANA,L,0,0,0,-1,0,0,0,0,0,0,0,0,2,0.0,20,17:15,5,0,1,0,100.0
525,2015-12-09,27,27-195,PIT,@,COL,W,0,0,0,-1,2,0,0,0,0,0,0,0,1,0.0,21,15:24,2,0,0,0,
526,2015-12-11,28,27-197,PIT,,LAK,L-SO,0,1,1,0,2,0,0,0,0,1,0,0,1,0.0,27,18:27,2,0,0,0,
527,2015-12-14,29,27-200,PIT,,WSH,L,0,0,0,0,0,0,0,0,0,0,0,0,4,0.0,24,15:48,4,0,0,0,
528,2015-12-16,30,27-202,PIT,@,BOS,L,0,0,0,0,2,0,0,0,0,0,0,0,1,0.0,27,15:25,0,1,0,0,
529,2015-12-18,31,27-204,PIT,,BOS,L,0,0,0,-3,0,0,0,0,0,0,0,0,0,,20,13:53,3,1,0,0,
530,2015-12-19,32,27-205,PIT,,CAR,L,0,0,0,0,0,0,0,0,0,0,0,0,1,0.0,15,11:31,3,0,0,0,
531,2015-12-21,33,27-207,PIT,,CBJ,W,0,2,2,0,0,0,0,0,0,0,2,0,1,0.0,15,10:22,2,0,0,0,
532,2015-12-26,34,27-212,PIT,@,MIN,W,0,1,1,0,2,0,0,0,0,1,0,0,5,0.0,24,13:39,1,0,0,0,
533,2015-12-27,35,27-213,PIT,@,WPG,L,0,0,0,0,0,0,0,0,0,0,0,0,4,0.0,19,14:12,1,0,0,0,
534,2015-12-30,36,27-216,PIT,,TOR,L-SO,0,0,0,-2,0,0,0,0,0,0,0,0,2,0.0,25,16:36,5,0,0,1,0.0
535,2015-12-31,37,27-217,PIT,@,DET,W,0,1,1,0,2,0,0,0,0,1,0,0,3,0.0,25,13:47,3,1,0,1,0.0
536,2016-01-02,38,27-219,PIT,,NYI,W,0,0,0,0,0,0,0,0,0,0,0,0,7,0.0,24,16:30,4,2,0,0,
537,2016-01-05,39,27-222,PIT,,CHI,L-OT,0,1,1,1,0,0,0,0,0,1,0,0,1,0.0,24,17:02,5,0,0,0,
538,2016-01-06,40,27-223,PIT,@,CHI,L,0,0,0,-1,2,0,0,0,0,0,0,0,2,0.0,27,17:59,2,0,0,0,
539,2016-01-09,41,27-226,PIT,@,MTL,W,0,0,0,-1,0,0,0,0,0,0,0,0,3,0.0,25,15:48,3,1,0,0,
540,2016-01-12,42,27-229,PIT,@,CAR,L-OT,0,0,0,-2,0,0,0,0,0,0,0,0,0,,26,16:55,3,0,0,0,
541,2016-01-15,43,27-232,PIT,@,TBL,L-OT,0,0,0,1,0,0,0,0,0,0,0,0,4,0.0,24,14:57,3,1,0,0,
542,2016-01-17,44,27-234,ANA,,LAK,L,1,0,1,-1,0,1,0,0,0,0,0,0,3,33.3,22,16:26,2,0,0,0,
543,2016-01-20,45,27-237,ANA,,MIN,W,0,1,1,1,2,0,0,0,0,1,0,0,0,,16,14:15,1,1,0,0,
544,2016-01-23,46,27-240,ANA,@,DET,W,0,1,1,2,4,0,0,0,0,1,0,0,4,0.0,25,17:18,1,0,0,0,
545,2016-01-26,47,27-243,ANA,@,BOS,W,1,1,2,2,2,1,0,0,1,1,0,0,1,100.0,23,13:50,2,1,0,0,
546,2016-02-02,48,27-250,ANA,,SJS,W,0,0,0,0,0,0,0,0,0,0,0,0,2,0.0,18,17:41,1,2,1,1,50.0
547,2016-02-04,49,27-252,ANA,@,LAK,W,1,2,3,2,0,1,0,0,0,1,1,0,2,50.0,20,15:10,1,1,0,2,0.0
548,2016-02-05,50,27-253,ANA,,ARI,W,0,0,0,1,0,0,0,0,0,0,0,0,1,0.0,19,11:58,2,0,0,0,
549,2016-02-08,51,27-256,ANA,@,PIT,L,0,0,0,0,0,0,0,0,0,0,0,0,1,0.0,21,16:35,3,1,0,0,
550,2016-02-09,52,27-257,ANA,@,PHI,W,0,0,0,0,0,0,0,0,0,0,0,0,0,,16,11:55,1,0,0,0,
551,2016-02-11,53,27-259,ANA,@,CBJ,L-SO,1,1,2,2,2,1,0,0,0,1,0,0,4,25.0,23,14:44,0,0,0,0,
552,2016-02-13,54,27-261,ANA,@,CHI,W,1,0,1,1,0,1,0,0,0,0,0,0,4,25.0,25,14:52,2,0,0,0,
553,2016-02-15,55,27-263,ANA,@,CGY,W,0,1,1,0,2,0,0,0,0,0,1,0,2,0.0,19,12:28,1,0,0,0,
554,2016-02-16,56,27-264,ANA,@,EDM,W,1,0,1,0,0,0,1,0,0,0,0,0,3,33.3,21,14:46,4,0,0,0,
555,2016-02-18,57,27-266,ANA,@,VAN,W,0,0,0,2,4,0,0,0,0,0,0,0,2,0.0,21,15:20,0,1,0,0,
556,2016-02-21,58,27-269,ANA,,CGY,W,0,1,1,1,0,0,0,0,0,1,0,0,2,0.0,16,11:32,2,0,0,0,
557,2016-02-24,59,27-272,ANA,,BUF,W,0,0,0,0,0,0,0,0,0,0,0,0,1,0.0,19,15:35,0,0,0,0,
558,2016-02-26,60,27-274,ANA,,EDM,W,0,1,1,1,0,0,0,0,0,0,1,0,2,0.0,19,16:38,2,0,0,0,
559,2016-02-28,61,27-276,ANA,,LAK,W,1,0,1,0,2,0,1,0,0,0,0,0,2,50.0,22,15:37,4,1,0,0,
560,2016-03-02,62,27-279,ANA,,MTL,W,0,1,1,0,2,0,0,0,0,0,1,0,3,0.0,22,19:19,3,0,0,1,0.0
561,2016-03-03,63,27-280,ANA,@,ARI,W,0,0,0,0,2,0,0,0,0,0,0,0,1,0.0,17,12:25,0,0,0,0,
562,2016-03-05,64,27-282,ANA,@,LAK,W,1,0,1,0,0,0,1,0,0,0,0,0,3,33.3,22,16:58,0,0,0,0,
563,2016-03-07,65,27-284,ANA,,WSH,L-SO,0,1,1,0,0,0,0,0,0,1,0,0,2,0.0,23,15:48,1,0,0,0,
564,2016-03-09,66,27-286,ANA,@,COL,L,0,0,0,-1,2,0,0,0,0,0,0,0,0,,22,17:18,1,0,0,0,
565,2016-03-11,67,27-288,ANA,@,STL,L,0,0,0,0,4,0,0,0,0,0,0,0,2,0.0,21,15:05,1,0,0,0,
566,2016-03-14,68,27-291,ANA,,NJD,W,0,0,0,-1,0,0,0,0,0,0,0,0,1,0.0,17,12:51,0,1,0,0,
567,2016-03-16,69,27-293,ANA,,NYR,L,0,0,0,0,2,0,0,0,0,0,0,0,0,,21,15:56,2,0,0,0,
568,2016-03-18,70,27-295,ANA,,BOS,W,0,1,1,1,2,0,0,0,0,1,0,0,1,0.0,21,17:15,0,0,0,0,
569,2016-03-20,71,27-297,ANA,@,WPG,W,0,0,0,-1,2,0,0,0,0,0,0,0,2,0.0,10,5:07,0,0,0,0,
570,2016-10-12,1,28-137,STL,@,CHI,W,0,0,0,0,0,0,0,0,0,0,0,0,4,0.0,25,17:21,1,1,0,2,0.0
571,2016-10-13,2,28-138,STL,,MIN,W,0,0,0,-1,2,0,0,0,0,0,0,0,0,,28,17:50,1,0,0,1,0.0
572,2016-10-15,3,28-140,STL,,NYR,W,0,0,0,1,0,0,0,0,0,0,0,0,2,0.0,29,19:13,3,0,0,0,
573,2016-10-18,4,28-143,STL,@,VAN,L-OT,0,0,0,-1,0,0,0,0,0,0,0,0,2,0.0,31,19:52,0,0,0,0,
574,2016-10-20,5,28-145,STL,@,EDM,L,0,0,0,-1,0,0,0,0,0,0,0,0,0,,25,18:16,0,1,3,0,100.0
575,2016-10-22,6,28-147,STL,@,CGY,W,3,1,4,3,0,2,1,0,1,1,0,0,6,50.0,25,16:02,0,1,4,5,44.4
576,2016-10-25,7,28-150,STL,,CGY,L,0,0,0,-2,0,0,0,0,0,0,0,0,3,0.0,30,21:14,1,0,4,4,50.0
577,2016-10-27,8,28-152,STL,,DET,L-SO,0,0,0,0,0,0,0,0,0,0,0,0,4,0.0,23,16:44,1,0,0,1,0.0
578,2016-10-29,9,28-154,STL,,LAK,W,0,0,0,0,0,0,0,0,0,0,0,0,2,0.0,26,21:14,0,1,0,0,
579,2016-11-01,10,28-157,STL,@,NYR,L,0,0,0,-1,0,0,0,0,0,0,0,0,2,0.0,28,17:06,3,1,0,2,0.0
580,2016-11-03,11,28-159,STL,@,DAL,L,0,0,0,-4,0,0,0,0,0,0,0,0,1,0.0,26,16:29,1,1,0,0,
581,2016-11-05,12,28-161,STL,,CBJ,W,0,0,0,0,0,0,0,0,0,0,0,0,1,0.0,25,18:36,1,0,0,1,0.0
582,2016-11-06,13,28-162,STL,,COL,W,1,0,1,0,0,1,0,0,0,0,0,0,2,50.0,22,16:40,2,0,0,0,
583,2016-11-09,14,28-165,STL,,CHI,L-OT,0,0,0,0,2,0,0,0,0,0,0,0,2,0.0,23,14:54,0,0,0,1,0.0
584,2016-11-10,15,28-166,STL,@,NSH,L,0,0,0,-1,0,0,0,0,0,0,0,0,0,,22,15:17,0,0,1,0,100.0
585,2016-11-12,16,28-168,STL,@,CBJ,L,0,3,3,-1,2,0,0,0,0,0,3,0,0,,26,18:16,1,0,0,0,
586,2016-11-15,17,28-171,STL,,BUF,W,0,1,1,1,0,0,0,0,0,1,0,0,1,0.0,26,15:50,2,1,0,0,
587,2016-11-17,18,28-173,STL,,SJS,W,1,0,1,-1,2,0,1,0,1,0,0,0,2,50.0,26,15:28,0,0,0,0,
588,2016-11-19,19,28-175,STL,,NSH,W,1,0,1,1,2,1,0,0,0,0,0,0,6,16.7,28,20:41,0,0,0,1,0.0
589,2016-11-22,20,28-178,STL,@,BOS,W,0,1,1,0,2,0,0,0,0,1,0,0,1,0.0,27,17:40,1,0,0,0,
590,2016-11-23,21,28-179,STL,@,WSH,L,0,1,1,0,2,0,0,0,0,1,0,0,1,0.0,26,22:14,1,0,0,0,
591,2016-11-26,22,28-182,STL,,MIN,W,0,2,2,2,0,0,0,0,0,2,0,0,3,0.0,32,20:23,1,0,0,0,
592,2016-11-28,23,28-184,STL,,DAL,W,1,0,1,0,2,1,0,0,0,0,0,0,2,50.0,27,20:18,0,0,0,0,
593,2016-12-01,24,28-187,STL,,TBL,W,0,0,0,0,0,0,0,0,0,0,0,0,2,0.0,27,22:32,0,0,2,2,50.0
594,2016-12-03,25,28-189,STL,,WPG,L-OT,0,0,0,-1,0,0,0,0,0,0,0,0,1,0.0,24,18:47,1,0,3,1,75.0
595,2016-12-06,26,28-192,STL,,MTL,W,0,0,0,1,0,0,0,0,0,0,0,0,2,0.0,25,18:55,2,0,3,1,75.0
596,2016-12-08,27,28-194,STL,@,NYI,L,0,0,0,0,0,0,0,0,0,0,0,0,0,,21,14:06,0,1,0,0,
597,2016-12-09,28,28-195,STL,@,NJD,W,0,0,0,-1,0,0,0,0,0,0,0,0,2,0.0,22,16:25,1,0,0,0,
598,2016-12-11,29,28-197,STL,@,MIN,L,0,0,0,-1,2,0,0,0,0,0,0,0,1,0.0,21,16:47,1,0,0,0,
599,2016-12-13,30,28-199,STL,@,NSH,L,0,0,0,-1,2,0,0,0,0,0,0,0,3,0.0,28,18:26,0,0,0,0,
600,2016-12-15,31,28-201,STL,,NJD,W,0,0,0,1,2,0,0,0,0,0,0,0,0,,26,18:11,0,0,1,0,100.0
601,2016-12-17,32,28-203,STL,,CHI,L,0,1,1,1,2,0,0,0,0,1,0,0,0,,23,17:06,3,1,0,0,
602,2016-12-19,33,28-205,STL,,EDM,L-OT,0,0,0,0,2,0,0,0,0,0,0,0,4,0.0,23,19:27,4,1,1,0,100.0
603,2016-12-20,34,28-206,STL,@,DAL,W,1,0,1,2,2,1,0,0,1,0,0,0,2,50.0,29,18:34,0,0,1,0,100.0
604,2016-12-22,35,28-208,STL,@,TBL,L,1,0,1,-1,0,1,0,0,0,0,0,0,2,50.0,28,19:11,2,0,1,0,100.0
605,2016-12-28,36,28-214,STL,,PHI,W,1,0,1,0,0,1,0,0,0,0,0,0,2,50.0,24,17:37,0,1,1,1,50.0
606,2016-12-30,37,28-216,STL,,NSH,L,0,0,0,0,2,0,0,0,0,0,0,0,4,0.0,23,16:26,0,0,0,0,
607,2017-01-02,38,28-219,STL,,CHI,W,0,0,0,-1,0,0,0,0,0,0,0,0,4,0.0,23,18:53,7,1,0,0,
608,2017-01-05,39,28-222,STL,,CAR,L,0,0,0,-1,2,0,0,0,0,0,0,0,3,0.0,24,16:50,0,1,0,0,
609,2017-01-07,40,28-224,STL,,DAL,W,0,0,0,0,0,0,0,0,0,0,0,0,2,0.0,26,17:30,2,0,0,0,
610,2017-01-10,41,28-227,STL,,BOS,L,0,2,2,-1,2,0,0,0,0,0,2,0,0,,26,18:07,3,1,0,0,
611,2017-01-12,42,28-229,STL,@,LAK,L,0,0,0,-1,0,0,0,0,0,0,0,0,1,0.0,24,17:20,1,0,0,1,0.0
612,2017-01-14,43,28-231,STL,@,SJS,W,1,0,1,1,0,1,0,0,0,0,0,0,1,100.0,21,15:39,2,0,0,0,
613,2017-01-15,44,28-232,STL,@,ANA,W,0,1,1,1,0,0,0,0,0,1,0,0,2,0.0,26,15:02,0,0,0,1,0.0
614,2017-01-17,45,28-234,STL,,OTT,L,0,1,1,0,0,0,0,0,0,1,0,0,0,,25,18:25,0,0,0,0,
615,2017-01-19,46,28-236,STL,,WSH,L,0,0,0,-3,2,0,0,0,0,0,0,0,1,0.0,21,15:01,3,0,0,0,
616,2017-01-21,47,28-238,STL,@,WPG,L,0,0,0,0,2,0,0,0,0,0,0,0,4,0.0,25,15:38,0,0,0,0,
617,2017-01-24,48,28-241,STL,@,PIT,W,0,2,2,1,2,0,0,0,0,1,1,0,1,0.0,24,12:27,1,0,0,0,
618,2017-01-26,49,28-243,STL,@,MIN,L,0,0,0,-1,0,0,0,0,0,0,0,0,2,0.0,21,15:45,0,0,0,0,
619,2017-01-31,50,28-248,STL,,WPG,L,0,0,0,0,0,0,0,0,0,0,0,0,0,,23,16:37,1,0,0,0,
620,2017-02-02,51,28-250,STL,,TOR,W,0,0,0,3,0,0,0,0,0,0,0,0,3,0.0,23,14:23,0,3,0,0,
621,2017-02-04,52,28-252,STL,,PIT,L,0,0,0,0,2,0,0,0,0,0,0,0,1,0.0,23,17:12,1,0,0,0,
622,2017-02-06,53,28-254,STL,@,PHI,W,0,1,1,1,2,0,0,0,0,1,0,0,3,0.0,23,18:01,1,0,0,0,
623,2017-02-07,54,28-255,STL,@,OTT,W,0,2,2,2,2,0,0,0,0,1,1,0,2,0.0,25,16:41,2,0,1,0,100.0
624,2017-02-09,55,28-257,STL,@,TOR,W,0,0,0,0,0,0,0,0,0,0,0,0,2,0.0,24,15:28,0,0,2,1,66.7
625,2017-02-11,56,28-259,STL,@,MTL,W,1,1,2,1,0,1,0,0,0,1,0,0,1,100.0,26,16:57,3,0,0,1,0.0
626,2017-02-15,57,28-263,STL,@,DET,W,0,0,0,0,0,0,0,0,0,0,0,0,3,0.0,21,20:58,0,0,0,0,
627,2017-02-16,58,28-264,STL,,VAN,W,0,0,0,-1,0,0,0,0,0,0,0,0,0,,27,21:10,3,0,0,0,
628,2017-02-18,59,28-266,STL,@,BUF,L,0,0,0,0,0,0,0,0,0,0,0,0,0,,21,16:33,1,0,0,2,0.0
629,2017-02-20,60,28-268,STL,,FLA,L,0,0,0,-1,0,0,0,0,0,0,0,0,1,0.0,23,16:47,1,0,0,0,
630,2017-02-26,61,28-274,STL,@,CHI,L,0,1,1,-2,0,0,0,0,0,0,1,0,0,,18,14:10,1,0,0,0,
631,2017-02-28,62,28-276,STL,,EDM,L,0,0,0,-1,0,0,0,0,0,0,0,0,1,0.0,19,16:02,1,0,0,1,0.0
632,2017-03-03,63,28-279,STL,@,WPG,L,0,0,0,0,2,0,0,0,0,0,0,0,8,0.0,25,15:55,3,0,1,0,100.0
633,2017-03-05,64,28-281,STL,@,COL,W,0,1,1,0,0,0,0,0,0,0,1,0,0,,22,16:32,0,0,0,0,
634,2017-03-07,65,28-283,STL,@,MIN,W,1,0,1,1,0,1,0,0,0,0,0,0,2,50.0,24,17:35,0,1,0,0,
635,2017-03-10,66,28-286,STL,,ANA,W,0,0,0,0,0,0,0,0,0,0,0,0,5,0.0,22,17:33,0,1,0,0,
636,2017-03-11,67,28-287,STL,,NYI,W,0,1,1,0,2,0,0,0,0,1,0,0,0,,26,16:26,0,1,0,0,
637,2017-03-13,68,28-289,STL,@,LAK,W,1,0,1,1,0,1,0,0,0,0,0,0,2,50.0,26,16:09,2,1,1,0,100.0
638,2017-03-15,69,28-291,STL,@,ANA,L,0,0,0,-1,0,0,0,0,0,0,0,0,0,,28,15:00,0,0,0,1,0.0
639,2017-03-16,70,28-292,STL,@,SJS,W,0,0,0,0,0,0,0,0,0,0,0,0,1,0.0,26,16:40,3,2,0,0,
640,2017-03-18,71,28-294,STL,@,ARI,W,1,0,1,1,0,0,0,1,0,0,0,0,1,100.0,25,17:32,1,0,0,0,
641,2017-03-21,72,28-297,STL,@,COL,W,0,2,2,2,0,0,0,0,0,2,0,0,1,0.0,26,16:54,2,0,0,0,
642,2017-03-23,73,28-299,STL,,VAN,W,0,0,0,1,2,0,0,0,0,0,0,0,3,0.0,24,15:11,1,0,0,0,
643,2017-03-25,74,28-301,STL,,CGY,L-OT,0,0,0,0,0,0,0,0,0,0,0,0,0,,24,16:14,0,0,1,1,50.0
644,2017-03-27,75,28-303,STL,,ARI,W,0,0,0,-1,0,0,0,0,0,0,0,0,2,0.0,21,14:57,0,0,0,0,
645,2017-03-29,76,28-305,STL,@,ARI,W,1,0,1,1,0,0,1,0,0,0,0,0,4,25.0,24,18:00,1,2,0,0,
646,2017-03-31,77,28-307,STL,@,COL,L-SO,0,0,0,0,0,0,0,0,0,0,0,0,1,0.0,24,19:00,0,2,0,0,
647,2017-04-02,78,28-309,STL,,NSH,W,1,2,3,3,2,1,0,0,0,2,0,0,2,50.0,25,15:32,1,0,1,1,50.0
648,2017-04-04,79,28-311,STL,,WPG,L,0,0,0,0,0,0,0,0,0,0,0,0,3,0.0,27,18:23,4,1,0,0,
649,2017-04-06,80,28-313,STL,@,FLA,W,1,1,2,-1,0,1,0,0,0,0,1,0,2,50.0,21,15:00,1,0,0,0,
650,2017-04-08,81,28-315,STL,@,CAR,W,0,0,0,-1,0,0,0,0,0,0,0,0,1,0.0,26,17:03,0,0,0,1,0.0
651,2017-04-09,82,28-316,STL,,COL,W,0,0,0,0,0,0,0,0,0,0,0,0,3,0.0,21,15:06,0,0,0,0,
652,2017-10-06,1,29-131,VEG,@,DAL,W,0,0,0,1,0,0,0,0,0,0,0,0,5,0.0,25,20:03,2,0,1,1,50.0
653,2017-10-07,2,29-132,VEG,@,ARI,W,0,1,1,2,0,0,0,0,0,1,0,0,5,0.0,23,19:04,1,0,0,2,0.0
654,2017-10-10,3,29-135,VEG,,ARI,W,0,1,1,-1,0,0,0,0,0,1,0,0,1,0.0,22,16:25,1,0,0,0,
655,2017-10-13,4,29-138,VEG,,DET,L,0,1,1,-1,0,0,0,0,0,1,0,0,1,0.0,21,18:19,1,0,0,1,0.0
656,2017-10-15,5,29-140,VEG,,BOS,W,0,0,0,0,2,0,0,0,0,0,0,0,2,0.0,26,19:51,5,1,1,0,100.0
657,2017-10-17,6,29-142,VEG,,BUF,W,2,0,2,2,2,2,0,0,1,0,0,0,3,66.7,26,20:04,0,0,1,4,20.0
658,2017-10-21,7,29-146,VEG,,STL,W,0,0,0,-2,0,0,0,0,0,0,0,0,5,0.0,26,20:09,0,0,0,4,0.0
659,2017-10-24,8,29-149,VEG,,CHI,W,0,0,0,-1,0,0,0,0,0,0,0,0,1,0.0,23,15:12,1,1,1,4,20.0
660,2017-10-27,9,29-152,VEG,,COL,W,1,1,2,3,0,1,0,0,1,1,0,0,2,50.0,19,18:35,2,0,0,1,0.0
661,2017-10-30,10,29-155,VEG,@,NYI,L,0,0,0,-1,2,0,0,0,0,0,0,0,2,0.0,22,17:37,1,1,0,0,
662,2017-10-31,11,29-156,VEG,@,NYR,L,1,0,1,-2,4,1,0,0,0,0,0,0,3,33.3,19,18:35,0,0,0,1,0.0
663,2017-11-02,12,29-158,VEG,@,BOS,L,0,0,0,0,0,0,0,0,0,0,0,0,1,0.0,19,18:16,6,2,0,2,0.0
664,2017-11-04,13,29-160,VEG,@,OTT,W,0,2,2,0,0,0,0,0,0,1,1,0,0,,21,18:39,4,0,0,1,0.0
665,2017-11-06,14,29-162,VEG,@,TOR,L-SO,0,1,1,-1,2,0,0,0,0,1,0,0,2,0.0,21,18:49,2,0,1,1,50.0
666,2017-11-07,15,29-163,VEG,@,MTL,L,0,1,1,1,0,0,0,0,0,1,0,0,0,,17,14:37,5,0,0,0,
667,2017-11-10,16,29-166,VEG,,WPG,W,1,1,2,2,0,1,0,0,0,1,0,0,2,50.0,17,15:07,0,0,0,2,0.0
668,2017-11-14,17,29-170,VEG,@,EDM,L,0,1,1,0,4,0,0,0,0,1,0,0,2,0.0,20,15:39,2,0,1,2,33.3
669,2017-11-16,18,29-172,VEG,@,VAN,W,1,1,2,1,0,1,0,0,0,1,0,0,1,100.0,19,14:58,2,0,2,1,66.7
670,2017-11-19,19,29-175,VEG,,LAK,W,0,0,0,-1,0,0,0,0,0,0,0,0,0,,22,19:49,4,1,2,2,50.0
671,2017-11-22,20,29-178,VEG,@,ANA,W,0,2,2,1,2,0,0,0,0,1,1,0,1,0.0,21,19:46,3,0,3,2,60.0
672,2017-11-24,21,29-180,VEG,,SJS,W,0,0,0,0,0,0,0,0,0,0,0,0,0,,12,9:58,3,0,1,0,100.0
673,2017-12-08,22,29-194,VEG,@,NSH,W,0,1,1,0,2,0,0,0,0,1,0,0,1,0.0,24,20:17,0,0,4,1,80.0
674,2017-12-09,23,29-195,VEG,@,DAL,W,1,1,2,0,0,0,1,0,0,1,0,0,2,50.0,19,17:12,2,0,3,1,75.0
675,2017-12-12,24,29-198,VEG,,CAR,L-SO,0,1,1,1,4,0,0,0,0,1,0,0,1,0.0,21,16:41,0,1,2,3,40.0
676,2017-12-14,25,29-200,VEG,,PIT,W,0,1,1,1,0,0,0,0,0,1,0,0,1,0.0,19,18:06,4,2,0,5,0.0
677,2017-12-17,26,29-203,VEG,,FLA,W,0,0,0,0,2,0,0,0,0,0,0,0,2,0.0,19,16:42,1,0,2,5,28.6
678,2017-12-19,27,29-205,VEG,,TBL,W,0,3,3,0,0,0,0,0,0,0,3,0,1,0.0,20,19:03,0,0,0,0,
679,2017-12-23,28,29-209,VEG,,WSH,W,0,0,0,0,0,0,0,0,0,0,0,0,3,0.0,15,14:50,1,0,0,1,0.0
680,2017-12-27,29,29-213,VEG,@,ANA,W,1,0,1,0,0,1,0,0,0,0,0,0,2,50.0,17,17:08,2,0,1,1,50.0
681,2017-12-28,30,29-214,VEG,@,LAK,W,1,0,1,1,4,1,0,0,1,0,0,0,3,33.3,22,17:45,1,0,2,2,50.0
682,2017-12-31,31,29-217,VEG,,TOR,W,0,1,1,1,0,0,0,0,0,1,0,0,0,,23,18:52,1,0,1,1,50.0
683,2018-01-02,32,29-219,VEG,,NSH,W,0,1,1,1,2,0,0,0,0,1,0,0,0,,19,17:26,1,0,1,3,25.0
684,2018-01-04,33,29-221,VEG,@,STL,L,0,1,1,1,0,0,0,0,0,1,0,0,3,0.0,19,19:42,1,1,1,3,25.0
685,2018-01-05,34,29-222,VEG,@,CHI,W,0,1,1,-2,0,0,0,0,0,1,0,0,0,,21,17:13,1,0,1,2,33.3
686,2018-01-07,35,29-224,VEG,,NYR,W,0,1,1,1,0,0,0,0,0,1,0,0,0,,21,17:09,1,0,0,3,0.0
687,2018-01-13,36,29-230,VEG,,EDM,L-OT,0,0,0,-1,0,0,0,0,0,0,0,0,3,0.0,23,19:57,7,0,4,3,57.1
688,2018-01-16,37,29-233,VEG,@,NSH,L,0,0,0,-1,0,0,0,0,0,0,0,0,1,0.0,21,20:06,2,0,3,2,60.0
689,2018-01-18,38,29-235,VEG,@,TBL,W,1,1,2,3,0,1,0,0,0,1,0,0,1,100.0,17,15:26,1,0,5,2,71.4
690,2018-01-19,39,29-236,VEG,@,FLA,L-OT,1,0,1,1,2,1,0,0,0,0,0,0,6,16.7,21,19:17,2,0,0,5,0.0
691,2018-01-21,40,29-238,VEG,@,CAR,W,0,1,1,0,0,0,0,0,0,0,1,0,3,0.0,18,15:18,1,0,1,2,33.3
692,2018-01-23,41,29-240,VEG,,CBJ,W,0,2,2,0,2,0,0,0,0,1,1,0,1,0.0,24,15:53,1,0,1,1,50.0
693,2018-01-25,42,29-242,VEG,,NYI,L,0,1,1,-1,0,0,0,0,0,0,1,0,4,0.0,19,18:47,2,0,4,1,80.0
694,2018-01-30,43,29-247,VEG,@,CGY,W,1,0,1,2,0,1,0,0,0,0,0,0,1,100.0,20,18:37,0,0,1,2,33.3
695,2018-02-01,44,29-249,VEG,@,WPG,W,1,1,2,0,0,1,0,0,1,0,1,0,3,33.3,19,16:52,0,0,3,1,75.0
696,2018-02-02,45,29-250,VEG,@,MIN,L,0,2,2,-3,0,0,0,0,0,0,2,0,2,0.0,19,16:04,1,1,1,1,50.0
697,2018-02-04,46,29-252,VEG,@,WSH,W,0,0,0,-2,0,0,0,0,0,0,0,0,2,0.0,21,19:27,1,0,0,2,0.0
698,2018-02-06,47,29-254,VEG,@,PIT,L,0,1,1,-1,0,0,0,0,0,1,0,0,0,,21,18:00,4,0,1,6,14.3
699,2018-02-08,48,29-256,VEG,@,SJS,W,0,2,2,2,0,0,0,0,0,2,0,0,4,0.0,22,18:04,1,0,0,0,
700,2018-02-11,49,29-259,VEG,,PHI,L,0,0,0,-2,0,0,0,0,0,0,0,0,1,0.0,21,18:00,0,0,4,3,57.1
701,2018-02-13,50,29-261,VEG,,CHI,W,1,1,2,1,2,1,0,0,0,0,1,0,3,33.3,22,16:16,3,0,1,4,20.0
702,2018-02-15,51,29-263,VEG,,EDM,W,0,2,2,1,0,0,0,0,0,1,1,0,0,,20,19:05,0,1,1,4,20.0
703,2018-02-17,52,29-265,VEG,,MTL,W,0,0,0,-1,0,0,0,0,0,0,0,0,1,0.0,18,16:41,0,0,1,0,100.0
704,2018-02-19,53,29-267,VEG,,ANA,L,0,0,0,-1,0,0,0,0,0,0,0,0,1,0.0,20,21:16,1,0,3,3,50.0
705,2018-02-21,54,29-269,VEG,,CGY,W,0,2,2,2,0,0,0,0,0,2,0,0,1,0.0,25,18:43,1,0,2,1,66.7
706,2018-02-23,55,29-271,VEG,,VAN,W,1,1,2,1,0,1,0,0,0,1,0,0,2,50.0,22,16:42,1,2,1,2,33.3
707,2018-02-26,56,29-274,VEG,@,LAK,L-OT,0,0,0,0,2,0,0,0,0,0,0,0,2,0.0,23,22:41,1,0,0,4,0.0
708,2018-02-27,57,29-275,VEG,,LAK,L,0,0,0,-1,2,0,0,0,0,0,0,0,1,0.0,19,16:21,1,0,0,0,
709,2018-03-02,58,29-278,VEG,,OTT,L,0,0,0,-3,0,0,0,0,0,0,0,0,2,0.0,22,18:35,2,1,2,5,28.6
710,2018-03-04,59,29-280,VEG,@,NJD,W,1,1,2,0,0,1,0,0,0,0,1,0,3,33.3,18,16:08,1,3,2,0,100.0
711,2018-03-06,60,29-282,VEG,@,CBJ,L,0,1,1,0,4,0,0,0,0,1,0,0,3,0.0,19,19:12,4,0,1,5,16.7
712,2018-03-08,61,29-284,VEG,@,DET,W,0,0,0,0,0,0,0,0,0,0,0,0,3,0.0,18,16:07,1,1,1,2,33.3
713,2018-03-10,62,29-286,VEG,@,BUF,W,0,1,1,1,0,0,0,0,0,1,0,0,3,0.0,24,20:57,1,0,0,5,0.0
714,2018-03-12,63,29-288,VEG,@,PHI,W,0,1,1,0,0,0,0,0,0,0,1,0,1,0.0,18,14:12,3,0,4,0,100.0
715,2018-03-14,64,29-290,VEG,,NJD,L,0,1,1,-5,0,0,0,0,0,0,1,0,1,0.0,20,19:16,1,0,5,2,71.4
716,2018-03-16,65,29-292,VEG,,MIN,L,0,2,2,2,0,0,0,0,0,2,0,0,2,0.0,19,17:36,4,0,2,1,66.7
717,2018-03-18,66,29-294,VEG,,CGY,W,0,1,1,0,0,0,0,0,0,0,1,0,2,0.0,19,18:20,2,0,0,2,0.0
718,2018-03-20,67,29-296,VEG,,VAN,W,0,0,0,-1,0,0,0,0,0,0,0,0,2,0.0,16,16:23,3,0,2,2,50.0
719,2018-03-22,68,29-298,VEG,@,SJS,L-OT,0,0,0,-1,2,0,0,0,0,0,0,0,0,,20,18:48,2,0,1,3,25.0
720,2018-03-24,69,29-300,VEG,@,COL,L-SO,0,0,0,0,0,0,0,0,0,0,0,0,0,,22,19:30,1,1,3,4,42.9
721,2018-03-26,70,29-302,VEG,,COL,W,0,0,0,1,2,0,0,0,0,0,0,0,2,0.0,18,16:20,1,0,4,0,100.0
722,2018-10-04,1,30-129,STL,,WPG,L,0,0,0,-1,0,0,0,0,0,0,0,0,1,0.0,18,14:27,0,0,3,2,60.0
723,2018-10-06,2,30-131,STL,,CHI,L-OT,0,0,0,-2,0,0,0,0,0,0,0,0,0,,16,11:24,0,0,0,2,0.0
724,2018-10-11,3,30-136,STL,,CGY,W,3,0,3,1,0,1,2,0,1,0,0,0,3,100.0,19,16:43,2,0,0,0,
725,2018-10-13,4,30-138,STL,@,CHI,L-OT,1,0,1,-1,0,0,1,0,0,0,0,0,4,25.0,22,19:46,0,0,1,0,100.0
726,2018-10-14,5,30-139,STL,,ANA,L,0,0,0,-1,0,0,0,0,0,0,0,0,0,,25,19:58,0,1,2,0,100.0
727,2018-10-17,6,30-142,STL,@,MTL,L,0,1,1,0,0,0,0,0,0,0,1,0,1,0.0,18,13:40,0,0,0,0,
728,2018-10-20,7,30-145,STL,@,TOR,W,0,2,2,2,0,0,0,0,0,2,0,0,0,,18,15:05,0,0,0,1,0.0
729,2018-10-22,8,30-147,STL,@,WPG,L-OT,1,1,2,2,0,1,0,0,0,1,0,0,5,20.0,17,16:06,1,0,0,0,
730,2018-10-25,9,30-150,STL,,CBJ,L,0,0,0,1,2,0,0,0,0,0,0,0,3,0.0,20,15:09,1,0,0,0,
731,2018-10-27,10,30-152,STL,,CHI,W,0,1,1,1,0,0,0,0,0,1,0,0,1,0.0,23,17:29,0,0,0,0,
732,2018-11-01,11,30-157,STL,,VEG,W,0,0,0,1,0,0,0,0,0,0,0,0,0,,19,15:33,0,0,0,0,
733,2018-11-03,12,30-159,STL,,MIN,L,0,0,0,-2,0,0,0,0,0,0,0,0,3,0.0,18,14:16,2,0,0,0,
734,2018-11-06,13,30-162,STL,,CAR,W,0,1,1,1,2,0,0,0,0,1,0,0,1,0.0,17,14:55,0,1,0,1,0.0
735,2018-11-09,14,30-165,STL,,SJS,W,0,0,0,0,0,0,0,0,0,0,0,0,0,,20,15:41,1,1,1,1,50.0
736,2018-11-11,15,30-167,STL,,MIN,L,0,0,0,-1,4,0,0,0,0,0,0,0,2,0.0,21,14:54,0,0,0,0,
737,2018-11-14,16,30-170,STL,@,CHI,L,0,0,0,0,0,0,0,0,0,0,0,0,3,0.0,19,14:49,0,0,0,0,
738,2018-11-16,17,30-172,STL,@,VEG,W,0,0,0,0,2,0,0,0,0,0,0,0,0,,18,15:36,1,1,0,1,0.0
739,2018-11-17,18,30-173,STL,@,SJS,L,0,0,0,0,2,0,0,0,0,0,0,0,1,0.0,22,15:12,0,0,0,0,
740,2018-11-19,19,30-175,STL,,LAK,L,0,0,0,-2,0,0,0,0,0,0,0,0,2,0.0,23,18:26,1,1,0,0,
741,2018-11-21,20,30-177,STL,@,NSH,L,0,0,0,-1,2,0,0,0,0,0,0,0,0,,22,17:06,0,0,0,2,0.0
742,2018-11-23,21,30-179,STL,,NSH,W,0,0,0,0,0,0,0,0,0,0,0,0,2,0.0,21,17:53,1,0,1,1,50.0
743,2018-11-24,22,30-180,STL,,WPG,L,1,1,2,-2,2,1,0,0,0,0,1,0,2,50.0,20,15:46,1,0,1,2,33.3
744,2018-11-28,23,30-184,STL,@,DET,L,2,0,2,1,0,1,1,0,0,0,0,0,6,33.3,20,16:31,2,1,0,1,0.0
745,2018-11-30,24,30-186,STL,@,COL,W,0,0,0,-1,2,0,0,0,0,0,0,0,1,0.0,19,15:15,1,0,0,0,
746,2018-12-01,25,30-187,STL,@,ARI,L,0,0,0,-2,2,0,0,0,0,0,0,0,2,0.0,20,16:31,4,0,0,0,
747,2018-12-05,26,30-191,STL,,EDM,L-SO,0,0,0,1,0,0,0,0,0,0,0,0,0,,24,17:05,1,0,0,0,
748,2018-12-07,27,30-193,STL,@,WPG,W,0,1,1,0,2,0,0,0,0,0,1,0,0,,19,13:26,1,0,0,0,
749,2018-12-11,28,30-197,STL,,FLA,W,2,0,2,2,0,2,0,0,0,0,0,0,4,50.0,23,19:08,0,0,2,0,100.0
750,2018-12-14,29,30-200,STL,,COL,W,0,0,0,-1,4,0,0,0,0,0,0,0,1,0.0,20,13:13,0,0,0,1,0.0
751,2018-12-16,30,30-202,STL,,CGY,L,0,0,0,-1,0,0,0,0,0,0,0,0,1,0.0,19,16:20,3,0,0,0,
752,2018-12-18,31,30-204,STL,@,EDM,W,1,0,1,1,2,1,0,0,0,0,0,0,2,50.0,21,14:34,0,1,0,2,0.0
753,2018-12-20,32,30-206,STL,@,VAN,L,0,0,0,-1,2,0,0,0,0,0,0,0,3,0.0,23,19:55,3,0,1,0,100.0
754,2018-12-22,33,30-208,STL,@,CGY,W,1,1,2,1,2,1,0,0,0,0,1,0,2,50.0,29,19:43,1,1,0,1,0.0
755,2018-12-27,34,30-213,STL,,BUF,W,0,2,2,2,0,0,0,0,0,2,0,0,0,,23,17:39,2,1,0,0,
756,2018-12-29,35,30-215,STL,,PIT,L,1,0,1,0,0,1,0,0,0,0,0,0,3,33.3,24,19:15,5,0,0,0,
757,2018-12-31,36,30-217,STL,,NYR,L,0,1,1,1,0,0,0,0,0,1,0,0,1,0.0,22,19:51,1,0,1,0,100.0
758,2019-01-03,37,30-220,STL,,WSH,W,0,2,2,1,2,0,0,0,0,1,1,0,1,0.0,24,20:58,0,0,1,0,100.0
759,2019-01-05,38,30-222,STL,,NYI,L,0,1,1,1,0,0,0,0,0,1,0,0,1,0.0,20,20:04,3,0,0,0,
760,2019-01-07,39,30-224,STL,@,PHI,W,1,0,1,1,0,1,0,0,0,0,0,0,2,50.0,29,21:21,1,0,0,0,
761,2019-01-08,40,30-225,STL,,DAL,L,1,0,1,-1,0,1,0,0,0,0,0,0,3,33.3,24,21:04,0,0,0,0,
762,2019-01-10,41,30-227,STL,,MTL,W,0,1,1,1,2,0,0,0,0,1,0,0,4,0.0,20,17:20,0,0,0,0,
763,2019-01-12,42,30-229,STL,@,DAL,W,0,1,1,0,0,0,0,0,0,0,1,0,1,0.0,27,19:09,0,1,0,0,
764,2019-01-14,43,30-231,STL,@,WSH,W,1,0,1,1,0,1,0,0,0,0,0,0,7,14.3,23,20:47,1,1,0,0,
765,2019-01-15,44,30-232,STL,@,NYI,L-OT,1,0,1,0,0,1,0,0,0,0,0,0,5,20.0,19,18:17,1,0,0,0,
766,2019-01-17,45,30-234,STL,@,BOS,L,0,1,1,0,0,0,0,0,0,1,0,0,1,0.0,21,22:28,0,0,1,0,100.0
767,2019-03-16,46,30-292,STL,@,PIT,W,0,1,1,1,2,0,0,0,0,1,0,0,1,0.0,22,14:58,1,0,0,0,
768,2019-03-17,47,30-293,STL,@,BUF,L-SO,1,0,1,0,2,1,0,0,0,0,0,0,5,20.0,23,19:33,1,0,0,0,
769,2019-03-19,48,30-295,STL,,EDM,W,2,1,3,2,0,1,1,0,0,1,0,0,4,50.0,21,19:22,1,0,0,0,
770,2019-03-21,49,30-297,STL,,DET,W,0,1,1,0,0,0,0,0,0,1,0,0,1,0.0,19,16:27,0,1,0,0,
771,2019-03-23,50,30-299,STL,,TBL,W,0,0,0,-2,2,0,0,0,0,0,0,0,2,0.0,20,15:46,0,0,0,0,
772,2019-03-25,51,30-301,STL,,VEG,W,0,0,0,0,0,0,0,0,0,0,0,0,1,0.0,18,16:23,0,0,0,0,
773,2019-03-29,52,30-305,STL,@,NYR,L,1,0,1,0,2,1,0,0,0,0,0,0,5,20.0,19,18:03,1,0,0,0,
774,2019-03-30,53,30-306,STL,@,NJD,W,0,0,0,0,0,0,0,0,0,0,0,0,1,0.0,19,18:22,0,1,0,0,
775,2019-04-01,54,30-308,STL,,COL,W,0,1,1,1,0,0,0,0,0,1,0,0,1,0.0,17,15:17,3,0,0,0,
776,2019-04-03,55,30-310,STL,@,CHI,L-SO,1,0,1,-1,0,0,1,0,0,0,0,0,2,50.0,21,18:12,4,0,0,0,
777,2019-04-04,56,30-311,STL,,PHI,W,1,1,2,-1,2,0,1,0,0,0,1,0,1,100.0,21,16:55,0,0,0,0,
778,2019-04-06,57,30-313,STL,,VAN,W,0,0,0,0,0,0,0,0,0,0,0,0,3,0.0,20,15:20,0,0,0,0,
779,2019-10-02,1,31-127,STL,,WSH,L-OT,0,1,1,1,2,0,0,0,0,1,0,0,3,0.0,25,19:57,2,0,1,0,100.0
780,2019-10-05,2,31-130,STL,,DAL,W,1,0,1,2,0,1,0,0,0,0,0,0,2,50.0,22,16:46,0,0,0,0,
781,2019-10-07,3,31-132,STL,@,TOR,W,0,1,1,1,2,0,0,0,0,1,0,0,4,0.0,21,17:58,2,0,0,0,
782,2019-10-10,4,31-135,STL,@,OTT,W,2,0,2,1,0,1,1,0,1,0,0,0,4,50.0,25,20:43,1,0,0,0,
783,2019-10-12,5,31-137,STL,@,MTL,L,0,0,0,-1,0,0,0,0,0,0,0,0,0,,24,16:43,2,0,0,0,
784,2019-10-14,6,31-139,STL,@,NYI,L-OT,0,0,0,0,2,0,0,0,0,0,0,0,0,,22,17:29,2,0,0,0,
785,2019-10-17,7,31-142,STL,,VAN,L-SO,0,0,0,0,0,0,0,0,0,0,0,0,1,0.0,20,19:23,1,0,0,0,
786,2019-10-19,8,31-144,STL,,MTL,L,1,0,1,-1,2,1,0,0,0,0,0,0,3,33.3,22,16:11,0,0,0,0,
787,2019-10-21,9,31-146,STL,,COL,W,1,0,1,1,0,1,0,0,1,0,0,0,2,50.0,23,15:49,0,0,0,0,
788,2019-10-24,10,31-149,STL,,LAK,W,0,1,1,-1,0,0,0,0,0,0,1,0,2,0.0,24,17:09,0,0,0,1,0.0
789,2019-10-26,11,31-151,STL,@,BOS,L,0,0,0,0,4,0,0,0,0,0,0,0,2,0.0,23,17:43,4,0,0,0,
790,2019-10-27,12,31-152,STL,@,DET,W,1,3,4,0,0,1,0,0,1,1,2,0,2,50.0,20,18:00,2,1,0,0,
791,2019-10-30,13,31-155,STL,,MIN,W,0,1,1,1,0,0,0,0,0,1,0,0,7,0.0,21,16:43,0,0,0,0,
792,2019-11-01,14,31-157,STL,,CBJ,W,1,1,2,-1,0,0,1,0,1,0,1,0,2,50.0,22,18:49,1,0,0,0,
793,2019-11-02,15,31-158,STL,@,MIN,W,0,0,0,1,2,0,0,0,0,0,0,0,2,0.0,23,19:23,0,0,1,0,100.0
794,2019-11-05,16,31-161,STL,@,VAN,W,0,0,0,-1,4,0,0,0,0,0,0,0,7,0.0,23,17:39,1,0,0,0,
795,2019-11-06,17,31-162,STL,@,EDM,W,0,1,1,0,0,0,0,0,0,0,1,0,3,0.0,21,16:40,1,0,0,0,
796,2019-11-09,18,31-165,STL,@,CGY,W,1,1,2,-2,0,0,1,0,1,0,1,0,2,50.0,26,20:23,0,0,0,0,
797,2019-11-12,19,31-168,STL,,ARI,L-SO,0,0,0,-1,0,0,0,0,0,0,0,0,1,0.0,22,18:10,0,0,0,0,
798,2019-11-15,20,31-171,STL,@,CBJ,L-OT,0,1,1,0,0,0,0,0,0,0,1,0,0,,26,22:15,2,1,0,0,
799,2019-11-16,21,31-172,STL,,ANA,L,0,0,0,-1,0,0,0,0,0,0,0,0,0,,23,19:09,2,1,0,0,
800,2019-11-19,22,31-175,STL,,TBL,W,1,0,1,2,2,1,0,0,0,0,0,0,4,25.0,22,19:47,0,0,0,0,
801,2019-11-21,23,31-177,STL,,CGY,W,1,0,1,0,2,0,1,0,0,0,0,0,3,33.3,21,17:01,0,1,0,0,
802,2019-11-23,24,31-179,STL,,NSH,L,0,1,1,-2,2,0,0,0,0,0,1,0,1,0.0,25,21:10,2,0,0,0,
803,2019-11-25,25,31-181,STL,@,NSH,L-SO,1,0,1,0,0,1,0,0,0,0,0,0,3,33.3,21,17:50,2,0,0,1,0.0
804,2019-11-27,26,31-183,STL,@,TBL,W,0,1,1,-2,2,0,0,0,0,0,1,0,3,0.0,20,16:03,1,2,0,0,
805,2019-11-29,27,31-185,STL,@,DAL,W,0,2,2,2,0,0,0,0,0,2,0,0,2,0.0,24,19:11,3,0,0,0,
806,2019-11-30,28,31-186,STL,,PIT,W,0,1,1,0,0,0,0,0,0,0,1,0,2,0.0,23,19:11,1,1,0,0,
807,2019-12-02,29,31-188,STL,@,CHI,W,0,1,1,0,0,0,0,0,0,0,1,0,0,,18,15:55,0,1,0,0,
808,2019-12-04,30,31-190,STL,@,PIT,L,0,0,0,0,0,0,0,0,0,0,0,0,4,0.0,22,20:43,2,0,0,0,
809,2019-12-07,31,31-193,STL,,TOR,L,1,0,1,-1,0,1,0,0,0,0,0,0,1,100.0,22,19:48,3,0,0,0,
810,2019-12-10,32,31-196,STL,@,BUF,L,0,1,1,-3,0,0,0,0,0,1,0,0,2,0.0,23,19:56,2,0,0,0,
811,2019-12-12,33,31-198,STL,,VEG,W,0,0,0,2,0,0,0,0,0,0,0,0,0,,18,15:45,0,0,0,0,
812,2019-12-14,34,31-200,STL,,CHI,W,0,0,0,0,0,0,0,0,0,0,0,0,4,0.0,22,19:34,0,0,0,0,
813,2019-12-16,35,31-202,STL,,COL,W,3,0,3,2,0,2,1,0,0,0,0,0,4,75.0,23,20:25,0,0,0,0,
814,2019-12-18,36,31-204,STL,,EDM,W,0,1,1,0,0,0,0,0,0,1,0,0,6,0.0,20,21:20,0,0,0,0,
815,2019-12-21,37,31-207,STL,@,SJS,W,0,1,1,0,0,0,0,0,0,0,1,0,2,0.0,21,17:18,1,1,0,0,
816,2019-12-23,38,31-209,STL,@,LAK,W,0,2,2,0,0,0,0,0,0,0,2,0,2,0.0,20,15:46,0,0,0,0,
817,2019-12-27,39,31-213,STL,@,WPG,W,1,1,2,1,0,1,0,0,1,0,1,0,2,50.0,23,20:37,2,1,0,0,
818,2019-12-29,40,31-215,STL,,WPG,W,0,1,1,1,0,0,0,0,0,1,0,0,1,0.0,20,20:12,0,0,0,0,
819,2019-12-31,41,31-217,STL,@,ARI,L,0,0,0,0,0,0,0,0,0,0,0,0,4,0.0,21,21:57,1,1,0,0,
820,2020-01-02,42,31-219,STL,@,COL,L,0,0,0,-2,0,0,0,0,0,0,0,0,1,0.0,20,17:12,0,0,0,0,
821,2020-01-04,43,31-221,STL,@,VEG,L-OT,1,2,3,1,2,0,1,0,0,1,1,0,3,33.3,26,19:27,5,1,0,0,
822,2020-01-07,44,31-224,STL,,SJS,W,1,0,1,0,0,1,0,0,1,0,0,0,2,50.0,24,18:15,0,0,0,0,
823,2020-01-09,45,31-226,STL,,BUF,W,1,0,1,-1,0,0,1,0,0,0,0,0,3,33.3,20,16:49,2,0,0,0,
824,2020-01-11,46,31-228,STL,,NYR,W,1,0,1,1,0,0,1,0,1,0,0,0,2,50.0,18,14:42,0,0,0,0,
825,2020-01-13,47,31-230,STL,,ANA,W,0,0,0,-1,6,0,0,0,0,0,0,0,4,0.0,22,15:47,1,0,0,0,
826,2020-01-15,48,31-232,STL,,PHI,L-OT,0,1,1,-1,2,0,0,0,0,1,0,0,4,0.0,29,22:40,1,0,0,0,
827,2020-01-18,49,31-235,STL,@,COL,L,1,1,2,0,2,0,1,0,0,1,0,0,2,50.0,24,21:17,1,0,0,0,
828,2020-01-27,50,31-244,STL,@,VAN,L,0,1,1,0,2,0,0,0,0,1,0,0,1,0.0,24,20:07,4,1,0,0,
829,2020-01-28,51,31-245,STL,@,CGY,W,1,1,2,2,2,1,0,0,0,1,0,0,1,100.0,26,19:30,0,0,0,0,
830,2020-01-31,52,31-248,STL,@,EDM,L,1,0,1,0,0,1,0,0,0,0,0,0,6,16.7,23,21:22,0,0,0,0,
831,2020-02-01,53,31-249,STL,@,WPG,L,0,0,0,-1,2,0,0,0,0,0,0,0,1,0.0,22,20:48,0,0,0,0,
832,2020-02-04,54,31-252,STL,,CAR,W,0,0,0,1,0,0,0,0,0,0,0,0,2,0.0,18,16:25,0,0,0,0,
833,2020-02-06,55,31-254,STL,,WPG,L,0,0,0,-1,0,0,0,0,0,0,0,0,3,0.0,21,20:39,0,2,0,0,
834,2020-02-08,56,31-256,STL,,DAL,L-OT,0,1,1,0,2,0,0,0,0,1,0,0,3,0.0,22,17:57,1,0,0,0,
835,2020-02-13,57,31-261,STL,@,VEG,L-OT,0,1,1,2,2,0,0,0,0,1,0,0,2,0.0,23,17:24,3,0,0,0,
836,2020-02-15,58,31-263,STL,,NSH,L,0,1,1,0,2,0,0,0,0,0,1,0,2,0.0,22,20:39,1,0,0,0,
837,2020-02-16,59,31-264,STL,@,NSH,L,0,0,0,0,2,0,0,0,0,0,0,0,4,0.0,23,18:02,0,0,0,0,
838,2020-02-18,60,31-266,STL,,NJD,W,0,0,0,1,0,0,0,0,0,0,0,0,1,0.0,21,18:02,0,0,0,1,0.0
839,2020-02-20,61,31-268,STL,,ARI,W,0,0,0,0,0,0,0,0,0,0,0,0,3,0.0,15,15:03,0,1,0,0,
840,2020-02-21,62,31-269,STL,@,DAL,W,1,0,1,1,0,1,0,0,1,0,0,0,2,50.0,17,12:45,0,1,1,0,100.0
841,2020-02-23,63,31-271,STL,@,MIN,W,0,0,0,-1,0,0,0,0,0,0,0,0,1,0.0,20,14:52,0,0,0,1,0.0
842,2020-02-25,64,31-273,STL,,CHI,W,0,2,2,1,0,0,0,0,0,1,1,0,2,0.0,19,16:53,1,1,0,0,
843,2020-02-27,65,31-275,STL,,NYI,W,0,0,0,-1,0,0,0,0,0,0,0,0,4,0.0,23,18:40,0,0,0,0,
844,2020-02-29,66,31-277,STL,,DAL,W,1,0,1,0,0,1,0,0,0,0,0,0,2,50.0,22,18:57,0,0,0,0,
845,2020-03-03,67,31-280,STL,@,NYR,W,0,0,0,0,0,0,0,0,0,0,0,0,1,0.0,19,14:19,0,0,0,0,
846,2020-03-06,68,31-283,STL,@,NJD,L,0,0,0,0,0,0,0,0,0,0,0,0,3,0.0,21,20:34,2,0,0,0,
847,2020-03-08,69,31-285,STL,@,CHI,W,0,0,0,0,0,0,0,0,0,0,0,0,0,,22,14:25,0,0,0,0,
848,2020-03-09,70,31-286,STL,,FLA,L,0,0,0,-1,0,0,0,0,0,0,0,0,1,0.0,20,17:36,2,1,0,0,
849,2020-03-11,71,31-288,STL,@,ANA,W,0,0,0,1,0,0,0,0,0,0,0,0,1,0.0,20,16:50,0,0,0,1,0.0
