,date_game,game_season,age,team_id,game_location,opp_id,game_result,goals,assists,points,plus_minus,pen_min,goals_ev,goals_pp,goals_sh,goals_gw,assists_ev,assists_pp,assists_sh,shots,shot_pct,shifts,time_on_ice,hits_all,blocks_all,faceoff_wins_all,faceoff_losses_all,faceoff_percentage_all
0,2012-03-30,1,22-017,CBJ,,FLA,W,0,0,0,1,0,0,0,0,0,,,,0,,22,13:50,3,0,0,0,
1,2012-03-31,2,22-018,CBJ,@,STL,W,0,0,0,0,0,0,0,0,0,,,,1,0.0,20,14:29,0,3,0,0,
2,2012-04-03,3,22-021,CBJ,@,PHX,L,0,0,0,-1,0,0,0,0,0,,,,0,,9,5:38,0,0,0,0,
3,2012-04-05,4,22-023,CBJ,@,COL,W,0,0,0,1,0,0,0,0,0,,,,1,0.0,16,11:24,1,0,0,0,
4,2012-04-07,5,22-025,CBJ,,NYI,W,0,0,0,0,0,0,0,0,0,,,,0,,18,13:37,1,0,0,0,
5,2013-03-01,1,22-353,CBJ,@,CHI,L-OT,0,0,0,0,0,0,0,0,0,,,,1,0.0,14,8:58,1,4,0,0,
6,2013-03-03,2,22-355,CBJ,,COL,W,0,0,0,0,5,0,0,0,0,,,,0,,20,14:54,1,2,0,0,
7,2013-03-05,3,22-357,CBJ,,EDM,W,0,0,0,0,2,0,0,0,0,,,,1,0.0,22,19:35,1,0,0,0,
8,2013-03-07,4,22-359,CBJ,,VAN,W,0,0,0,1,0,0,0,0,0,,,,1,0.0,24,17:25,2,0,0,0,
9,2013-03-09,5,22-361,CBJ,,DET,W,0,0,0,2,0,0,0,0,0,,,,1,0.0,18,14:41,1,1,0,0,
10,2013-03-10,6,22-362,CBJ,@,DET,W,0,0,0,0,0,0,0,0,0,,,,0,,22,14:29,2,0,0,0,
11,2013-03-12,7,22-364,CBJ,,VAN,L-SO,0,0,0,1,0,0,0,0,0,,,,1,0.0,24,18:54,2,5,0,0,
12,2013-03-14,8,23-001,CBJ,,CHI,L-SO,0,0,0,0,0,0,0,0,0,,,,0,,24,20:31,1,1,0,0,
13,2013-03-16,9,23-003,CBJ,,PHX,W,0,0,0,0,0,0,0,0,0,,,,1,0.0,25,19:11,3,1,0,0,
14,2013-03-19,10,23-006,CBJ,,NSH,W,0,1,1,0,0,0,0,0,0,,,,0,,20,19:30,6,1,0,0,
15,2013-03-22,11,23-009,CBJ,,CGY,W,0,0,0,-1,0,0,0,0,0,,,,0,,19,17:48,3,2,0,0,
16,2013-03-23,12,23-010,CBJ,@,NSH,L,0,0,0,0,0,0,0,0,0,,,,0,,24,18:26,1,1,0,0,
17,2013-03-26,13,23-013,CBJ,@,VAN,L-SO,0,0,0,0,2,0,0,0,0,,,,0,,25,21:08,2,3,0,0,
18,2013-03-28,14,23-015,CBJ,@,EDM,L,0,0,0,0,0,0,0,0,0,,,,1,0.0,21,15:52,0,3,0,0,
19,2013-03-29,15,23-016,CBJ,@,CGY,W,0,0,0,4,5,0,0,0,0,,,,0,,25,19:46,1,2,0,0,
20,2013-03-31,16,23-018,CBJ,,ANA,W,0,1,1,1,0,0,0,0,0,,,,1,0.0,23,19:02,0,1,0,0,
21,2013-04-04,17,23-022,CBJ,@,NSH,W,0,0,0,0,0,0,0,0,0,,,,0,,24,18:29,1,2,0,0,
22,2013-04-05,18,23-023,CBJ,@,STL,L,0,0,0,0,0,0,0,0,0,,,,1,0.0,25,19:43,2,2,0,0,
23,2013-04-07,19,23-025,CBJ,,MIN,L,0,0,0,0,0,0,0,0,0,,,,0,,21,17:36,1,2,0,0,
24,2013-04-09,20,23-027,CBJ,,SJS,W,0,0,0,1,0,0,0,0,0,,,,1,0.0,20,17:12,4,0,0,0,
25,2013-04-12,21,23-030,CBJ,,STL,W,0,0,0,0,2,0,0,0,0,,,,1,0.0,24,20:52,2,1,0,0,
26,2013-04-13,22,23-031,CBJ,@,MIN,W,0,1,1,1,2,0,0,0,0,,,,0,,20,17:02,2,0,0,0,
27,2013-04-15,23,23-033,CBJ,@,COL,W,0,0,0,2,0,0,0,0,0,,,,2,0.0,27,21:06,2,0,0,0,
28,2013-04-17,24,23-035,CBJ,@,ANA,W,0,1,1,2,0,0,0,0,0,,,,0,,28,21:58,0,0,0,0,
29,2013-04-18,25,23-036,CBJ,@,LAK,L,1,0,1,1,2,1,0,0,0,,,,1,100.0,25,22:33,4,1,0,0,
30,2013-04-21,26,23-039,CBJ,@,SJS,W,0,0,0,-1,0,0,0,0,0,,,,0,,22,21:44,2,1,0,0,
31,2013-04-25,27,23-043,CBJ,@,DAL,W,0,1,1,0,5,0,0,0,0,,,,0,,25,18:53,3,3,0,0,
32,2013-04-27,28,23-045,CBJ,,NSH,W,0,1,1,1,0,0,0,0,0,,,,2,0.0,24,21:30,1,1,0,0,
33,2013-10-04,1,23-205,CBJ,,CGY,L,0,0,0,-1,0,0,0,0,0,,,,0,,21,18:50,2,2,0,0,
34,2013-10-05,2,23-206,CBJ,@,NYI,W,0,0,0,-1,0,0,0,0,0,,,,0,,23,23:44,0,4,0,0,
35,2013-10-10,3,23-211,CBJ,@,BUF,W,0,0,0,0,5,0,0,0,0,,,,0,,20,16:47,0,0,0,0,
36,2013-10-12,4,23-213,CBJ,,BOS,L,0,0,0,-1,0,0,0,0,0,,,,2,0.0,20,20:41,2,0,0,0,
37,2013-10-20,5,23-221,CBJ,,VAN,W,0,1,1,2,0,0,0,0,0,,,,1,0.0,19,19:11,1,3,0,0,
38,2013-10-22,6,23-223,CBJ,,NJD,W,0,0,0,0,0,0,0,0,0,,,,1,0.0,21,20:35,0,1,0,0,
39,2013-10-25,7,23-226,CBJ,,TOR,W,0,0,0,0,2,0,0,0,0,,,,1,0.0,22,18:30,2,2,0,0,
40,2013-10-27,8,23-228,CBJ,,ANA,L,0,0,0,-1,0,0,0,0,0,,,,2,0.0,24,21:02,2,7,0,0,
41,2013-11-01,9,23-233,CBJ,@,PIT,L,0,0,0,-1,0,0,0,0,0,,,,1,0.0,20,16:51,0,1,0,0,
42,2013-11-02,10,23-234,CBJ,,PIT,L,0,0,0,0,0,0,0,0,0,,,,3,0.0,22,15:42,0,3,0,0,
43,2013-11-05,11,23-237,CBJ,,OTT,L,0,0,0,-1,5,0,0,0,0,,,,1,0.0,21,16:42,3,2,0,0,
44,2013-11-09,12,23-241,CBJ,,NYI,W,0,0,0,-1,0,0,0,0,0,,,,0,,20,17:34,3,1,0,0,
45,2013-11-12,13,23-244,CBJ,@,WSH,L-OT,0,0,0,-1,0,0,0,0,0,,,,0,,17,12:48,1,0,0,0,
46,2013-11-25,14,23-257,CBJ,@,TOR,W,0,0,0,1,5,0,0,0,0,,,,0,,15,11:32,2,4,0,0,
47,2013-11-27,15,23-259,CBJ,,NSH,L,0,0,0,-1,0,0,0,0,0,,,,1,0.0,20,17:20,3,1,0,0,
48,2013-11-29,16,23-261,CBJ,,EDM,W,0,1,1,0,0,0,0,0,0,,,,0,,19,16:08,4,0,0,0,
49,2013-11-30,17,23-262,CBJ,@,BOS,L,0,0,0,0,5,0,0,0,0,,,,1,0.0,17,13:31,3,2,0,0,
50,2013-12-03,18,23-265,CBJ,,TBL,W,0,0,0,0,0,0,0,0,0,,,,2,0.0,18,16:44,0,0,0,0,
51,2013-12-06,19,23-268,CBJ,,MIN,W,0,0,0,0,0,0,0,0,0,,,,2,0.0,21,18:57,5,4,0,0,
52,2013-12-09,20,23-271,CBJ,@,PIT,L,0,0,0,0,0,0,0,0,0,,,,3,0.0,19,17:56,2,0,0,0,
53,2013-12-10,21,23-272,CBJ,,NJD,W,0,0,0,0,0,0,0,0,0,,,,0,,18,16:03,1,1,0,0,
54,2013-12-12,22,23-274,CBJ,@,NYR,W,0,0,0,-1,2,0,0,0,0,,,,0,,19,15:51,0,2,0,0,
55,2013-12-14,23,23-276,CBJ,,STL,L-OT,0,0,0,0,5,0,0,0,0,,,,1,0.0,16,11:42,1,1,0,0,
56,2013-12-16,24,23-278,CBJ,,WPG,L,0,0,0,0,0,0,0,0,0,,,,0,,1,0:50,0,0,0,0,
57,2014-01-11,25,23-304,CBJ,@,WPG,W,0,0,0,0,2,0,0,0,0,,,,1,0.0,10,6:53,1,0,0,0,
58,2014-01-17,26,23-310,CBJ,,WSH,W,0,0,0,1,0,0,0,0,0,,,,0,,16,15:13,2,1,0,0,
59,2014-01-18,27,23-311,CBJ,@,BUF,W,0,0,0,0,2,0,0,0,0,,,,0,,23,21:26,1,1,0,0,
60,2014-02-27,28,23-351,CBJ,@,NJD,L,0,0,0,1,0,0,0,0,0,,,,1,0.0,20,16:15,3,0,0,0,
61,2014-03-01,29,23-353,CBJ,,FLA,W,0,0,0,0,0,0,0,0,0,,,,2,0.0,19,14:40,1,0,0,0,
62,2014-03-03,30,23-355,CBJ,@,TOR,W,1,0,1,1,0,1,0,0,0,,,,2,50.0,15,12:37,2,1,0,0,
63,2014-03-04,31,23-356,CBJ,,DAL,W,0,1,1,0,0,0,0,0,0,,,,4,0.0,19,14:36,3,2,0,0,
64,2014-03-06,32,23-358,CBJ,@,CHI,L,0,1,1,-1,0,0,0,0,0,,,,2,0.0,24,19:36,3,0,0,0,
65,2014-03-08,33,23-360,CBJ,@,NSH,W,0,0,0,1,0,0,0,0,0,,,,1,0.0,25,20:07,2,2,0,0,
66,2014-03-11,34,23-363,CBJ,,DET,W,0,0,0,1,0,0,0,0,0,,,,0,,17,16:17,0,1,0,0,
67,2014-03-13,35,24-000,CBJ,,SJS,L-SO,0,0,0,-1,0,0,0,0,0,,,,2,0.0,21,18:39,3,1,0,0,
68,2014-03-15,36,24-002,CBJ,@,MIN,W,1,0,1,0,0,1,0,0,0,,,,4,25.0,27,25:04,2,1,0,0,
69,2014-03-18,37,24-005,CBJ,,CAR,L,0,0,0,0,0,0,0,0,0,,,,2,0.0,22,19:16,1,1,0,0,
70,2014-03-20,38,24-007,CBJ,@,MTL,W,0,0,0,0,0,0,0,0,0,,,,0,,21,14:52,3,1,0,0,
71,2014-03-21,39,24-008,CBJ,,NYR,L,0,0,0,0,2,0,0,0,0,,,,4,0.0,23,20:26,3,0,0,0,
72,2014-03-23,40,24-010,CBJ,@,NYI,L,0,0,0,-1,0,0,0,0,0,,,,1,0.0,21,16:30,2,1,0,1,0.0
73,2014-03-25,41,24-012,CBJ,,DET,W,0,0,0,0,0,0,0,0,0,,,,1,0.0,24,21:05,2,3,0,0,
74,2014-03-28,42,24-015,CBJ,,PIT,L,0,0,0,-1,0,0,0,0,0,,,,0,,20,20:22,4,2,0,0,
75,2014-03-29,43,24-016,CBJ,@,CAR,W,0,0,0,1,2,0,0,0,0,,,,3,0.0,28,23:59,3,1,0,0,
76,2014-04-01,44,24-019,CBJ,,COL,L-OT,0,0,0,0,0,0,0,0,0,,,,1,0.0,23,20:53,3,2,0,0,
77,2014-04-03,45,24-021,CBJ,@,PHI,W,0,0,0,0,0,0,0,0,0,,,,0,,25,23:19,5,2,0,0,
78,2014-04-04,46,24-022,CBJ,,CHI,L,0,0,0,-2,0,0,0,0,0,,,,2,0.0,26,23:11,6,0,0,0,
79,2014-04-06,47,24-024,CBJ,,NYI,W,0,0,0,0,0,0,0,0,0,,,,1,0.0,22,18:06,3,0,0,0,
80,2014-04-08,48,24-026,CBJ,,PHX,W,0,0,0,0,0,0,0,0,0,,,,0,,13,9:19,4,1,0,0,
81,2014-04-12,49,24-030,CBJ,@,FLA,W,0,0,0,0,0,0,0,0,0,,,,0,,19,14:50,0,0,0,0,
82,2014-10-09,1,24-210,CBJ,@,BUF,W,0,0,0,0,0,0,0,0,0,0,0,0,1,0.0,17,14:34,0,0,0,0,
83,2014-10-11,2,24-212,CBJ,,NYR,W,0,1,1,3,0,0,0,0,0,1,0,0,1,0.0,20,15:48,3,1,0,0,
84,2014-10-14,3,24-215,CBJ,,DAL,L,0,0,0,0,0,0,0,0,0,0,0,0,1,0.0,19,17:13,2,0,0,0,
85,2014-10-17,4,24-218,CBJ,,CGY,W,0,0,0,1,0,0,0,0,0,0,0,0,1,0.0,18,14:43,2,0,0,0,
86,2014-10-18,5,24-219,CBJ,@,OTT,L,0,0,0,-2,0,0,0,0,0,0,0,0,1,0.0,17,12:41,0,1,0,0,
87,2014-10-26,6,24-227,CBJ,@,LAK,L,0,1,1,0,0,0,0,0,0,1,0,0,0,,22,16:07,4,1,0,0,
88,2014-10-28,7,24-229,CBJ,,OTT,L,0,0,0,0,0,0,0,0,0,0,0,0,0,,19,19:17,5,1,0,0,
89,2014-10-31,8,24-232,CBJ,,TOR,L,0,0,0,-1,0,0,0,0,0,0,0,0,2,0.0,19,18:40,2,0,0,0,
90,2014-11-04,9,24-236,CBJ,,CAR,L,0,1,1,-1,0,0,0,0,0,1,0,0,0,,19,12:59,0,0,0,0,
91,2014-11-07,10,24-239,CBJ,@,CAR,L-OT,0,0,0,0,2,0,0,0,0,0,0,0,1,0.0,26,16:46,4,4,0,0,
92,2014-11-08,11,24-240,CBJ,,TBL,L,0,0,0,-1,4,0,0,0,0,0,0,0,0,,19,16:38,2,0,0,0,
93,2014-11-11,12,24-243,CBJ,@,WSH,L,0,0,0,-1,0,0,0,0,0,0,0,0,2,0.0,20,18:22,3,1,0,0,
94,2014-11-14,13,24-246,CBJ,@,PHI,W,0,0,0,-1,0,0,0,0,0,0,0,0,0,,24,19:17,1,1,0,0,
95,2014-11-15,14,24-247,CBJ,,SJS,W,0,0,0,-1,0,0,0,0,0,0,0,0,1,0.0,26,21:00,3,2,0,0,
96,2014-11-18,15,24-250,CBJ,,DET,L,0,0,0,0,0,0,0,0,0,0,0,0,3,0.0,24,20:55,3,3,0,0,
97,2014-11-21,16,24-253,CBJ,,BOS,L-SO,0,0,0,0,2,0,0,0,0,0,0,0,2,0.0,25,22:09,3,3,0,0,
98,2014-11-22,17,24-254,CBJ,@,PHI,L,0,0,0,-2,2,0,0,0,0,0,0,0,0,,23,18:22,1,0,0,0,
99,2014-11-25,18,24-257,CBJ,,WPG,L,0,0,0,-2,0,0,0,0,0,0,0,0,1,0.0,21,17:49,6,3,0,0,
100,2014-11-28,19,24-260,CBJ,,VAN,L,0,0,0,-2,0,0,0,0,0,0,0,0,2,0.0,20,17:56,5,0,0,0,
101,2014-11-29,20,24-261,CBJ,@,NSH,L,0,0,0,0,0,0,0,0,0,0,0,0,1,0.0,21,20:01,3,4,0,0,
102,2014-12-01,21,24-263,CBJ,,FLA,W,0,0,0,0,0,0,0,0,0,0,0,0,1,0.0,24,20:21,2,2,0,0,
103,2014-12-04,22,24-266,CBJ,@,FLA,W,0,2,2,0,5,0,0,0,0,2,0,0,0,,23,16:05,1,3,0,0,
104,2014-12-06,23,24-268,CBJ,@,TBL,W,0,0,0,-1,4,0,0,0,0,0,0,0,0,,25,16:47,5,0,0,0,
105,2014-12-09,24,24-271,CBJ,,PHI,W,0,0,0,0,2,0,0,0,0,0,0,0,2,0.0,24,18:20,2,4,0,0,
106,2014-12-11,25,24-273,CBJ,@,WSH,W,0,0,0,0,0,0,0,0,0,0,0,0,0,,26,19:00,2,0,0,0,
107,2014-12-13,26,24-275,CBJ,,PIT,W,0,0,0,0,14,0,0,0,0,0,0,0,0,,19,14:39,2,2,0,0,
108,2014-12-16,27,24-278,CBJ,@,DET,W,0,0,0,0,0,0,0,0,0,0,0,0,0,,22,20:15,5,2,0,0,
109,2014-12-18,28,24-280,CBJ,,WSH,L-OT,0,0,0,1,5,0,0,0,0,0,0,0,1,0.0,20,17:02,3,4,0,0,
110,2014-12-20,29,24-282,CBJ,,CHI,W,0,0,0,1,0,0,0,0,0,0,0,0,2,0.0,24,20:03,2,0,0,0,
111,2014-12-22,30,24-284,CBJ,,NSH,L,0,0,0,-1,0,0,0,0,0,0,0,0,2,0.0,25,20:22,0,1,0,0,
112,2014-12-27,31,24-289,CBJ,,BOS,W,0,0,0,-1,7,0,0,0,0,0,0,0,0,,24,17:48,4,1,0,0,
113,2014-12-31,32,24-293,CBJ,,MIN,W,0,0,0,0,2,0,0,0,0,0,0,0,0,,23,17:59,1,3,0,0,
114,2015-01-03,33,24-296,CBJ,@,ARI,L,0,0,0,0,4,0,0,0,0,0,0,0,0,,22,18:24,6,1,0,0,
115,2015-01-10,34,24-303,CBJ,,NYI,L,0,0,0,0,0,0,0,0,0,0,0,0,1,0.0,20,18:12,4,1,0,0,
116,2015-01-16,35,24-309,CBJ,,NYR,L,0,0,0,-2,0,0,0,0,0,0,0,0,2,0.0,21,16:14,0,0,0,0,
117,2015-01-17,36,24-310,CBJ,@,BOS,W,0,0,0,-1,0,0,0,0,0,0,0,0,0,,24,16:41,3,2,0,0,
118,2015-01-19,37,24-312,CBJ,@,MIN,W,0,0,0,0,2,0,0,0,0,0,0,0,1,0.0,26,19:52,1,1,0,0,
119,2015-01-21,38,24-314,CBJ,@,WPG,L,0,0,0,-2,0,0,0,0,0,0,0,0,1,0.0,22,17:53,2,2,0,0,
120,2015-01-27,39,24-320,CBJ,,WSH,W,0,1,1,2,0,0,0,0,0,1,0,0,0,,21,16:50,4,3,0,0,
121,2015-01-29,40,24-322,CBJ,@,FLA,L,0,0,0,-1,0,0,0,0,0,0,0,0,1,0.0,23,19:46,3,3,0,0,
122,2015-02-07,41,24-331,CBJ,@,OTT,W,0,0,0,0,5,0,0,0,0,0,0,0,1,0.0,19,15:26,3,2,0,0,
123,2015-02-28,42,24-352,CBJ,,NJD,L,0,0,0,-1,2,0,0,0,0,0,0,0,2,0.0,20,16:04,4,3,0,0,
124,2015-03-01,43,24-353,CBJ,@,PIT,L,0,0,0,0,0,0,0,0,0,0,0,0,2,0.0,20,15:24,1,1,0,0,
125,2015-03-03,44,24-355,CBJ,,WSH,L,0,0,0,-1,7,0,0,0,0,0,0,0,1,0.0,22,16:22,4,0,0,0,
126,2015-03-06,45,24-358,CBJ,@,NJD,W,0,0,0,0,0,0,0,0,0,0,0,0,2,0.0,28,22:49,2,2,0,0,
127,2015-03-07,46,24-359,CBJ,,COL,L,0,0,0,0,2,0,0,0,0,0,0,0,3,0.0,26,20:01,1,0,0,0,
128,2015-03-10,47,24-362,CBJ,@,CAR,W,0,0,0,-1,0,0,0,0,0,0,0,0,1,0.0,28,19:24,4,0,0,0,
129,2015-03-12,48,24-364,CBJ,@,DET,W,0,0,0,2,0,0,0,0,0,0,0,0,4,0.0,26,21:19,1,0,0,0,
130,2015-03-13,49,25-000,CBJ,,EDM,W,0,0,0,0,0,0,0,0,0,0,0,0,0,,23,17:34,4,1,0,0,
131,2015-03-15,50,25-002,CBJ,,CAR,L,0,0,0,-1,0,0,0,0,0,0,0,0,2,0.0,22,17:44,4,0,0,0,
132,2015-03-18,51,25-005,CBJ,@,EDM,W,0,0,0,-1,0,0,0,0,0,0,0,0,2,0.0,22,17:23,3,0,0,0,
133,2015-03-19,52,25-006,CBJ,@,VAN,W,0,0,0,1,0,0,0,0,0,0,0,0,0,,26,20:55,0,5,0,0,
134,2015-03-21,53,25-008,CBJ,@,CGY,W,0,0,0,1,0,0,0,0,0,0,0,0,0,,30,24:20,1,1,0,0,
135,2015-03-24,54,25-011,CBJ,,ANA,W,0,0,0,1,5,0,0,0,0,0,0,0,0,,27,19:12,4,1,0,0,
136,2015-03-27,55,25-014,CBJ,@,CHI,W,0,0,0,0,2,0,0,0,0,0,0,0,1,0.0,27,21:42,9,2,0,0,
137,2015-03-28,56,25-015,CBJ,@,STL,W,0,0,0,1,0,0,0,0,0,0,0,0,0,,26,21:29,3,1,0,0,
138,2015-03-31,57,25-018,CBJ,,NJD,W,0,0,0,0,0,0,0,0,0,0,0,0,2,0.0,23,17:57,4,0,0,0,
139,2015-04-02,58,25-020,CBJ,,NYI,W,0,1,1,0,0,0,0,0,0,1,0,0,3,0.0,27,23:07,0,2,0,0,
140,2015-04-04,59,25-022,CBJ,,PIT,W,0,0,0,1,0,0,0,0,0,0,0,0,0,,24,21:16,2,1,0,0,
141,2015-04-06,60,25-024,CBJ,@,NYR,L-OT,0,0,0,0,2,0,0,0,0,0,0,0,3,0.0,24,18:16,2,1,0,0,
142,2015-04-08,61,25-026,CBJ,,TOR,W,0,0,0,0,0,0,0,0,0,0,0,0,0,,22,18:29,1,0,0,0,
143,2015-04-10,62,25-028,CBJ,,BUF,W,0,1,1,0,0,0,0,0,0,1,0,0,0,,21,19:05,2,0,0,0,
144,2015-04-11,63,25-029,CBJ,@,NYI,W,0,0,0,-1,5,0,0,0,0,0,0,0,1,0.0,27,21:02,3,1,0,0,
145,2015-10-09,1,25-210,CBJ,,NYR,L,0,0,0,-1,0,0,0,0,0,0,0,0,0,,18,14:38,3,2,0,0,
146,2015-10-10,2,25-211,CBJ,@,NYR,L,0,0,0,-2,0,0,0,0,0,0,0,0,1,0.0,21,18:01,1,0,0,0,
147,2015-10-12,3,25-213,CBJ,@,BUF,L,0,0,0,0,0,0,0,0,0,0,0,0,0,,24,16:00,3,1,0,0,
148,2015-10-14,4,25-215,CBJ,,OTT,L,0,1,1,-2,0,0,0,0,0,1,0,0,0,,19,14:55,1,0,0,0,
149,2015-10-16,5,25-217,CBJ,,TOR,L,0,0,0,-1,0,0,0,0,0,0,0,0,0,,21,15:38,4,1,0,0,
150,2015-10-17,6,25-218,CBJ,@,CHI,L,0,0,0,0,4,0,0,0,0,0,0,0,1,0.0,21,19:03,4,1,0,0,
151,2015-10-20,7,25-221,CBJ,,NYI,L,0,0,0,-3,0,0,0,0,0,0,0,0,0,,20,16:15,2,0,0,0,
152,2015-10-22,8,25-223,CBJ,@,MIN,L,0,0,0,0,0,0,0,0,0,0,0,0,2,0.0,26,16:23,1,0,0,0,
153,2015-10-24,9,25-225,CBJ,@,COL,W,0,0,0,0,2,0,0,0,0,0,0,0,2,0.0,25,17:06,3,0,0,0,
154,2015-10-27,10,25-228,CBJ,@,NJD,W,0,0,0,0,0,0,0,0,0,0,0,0,0,,24,14:57,1,2,0,0,
155,2015-10-30,11,25-231,CBJ,@,WSH,L,0,0,0,-1,0,0,0,0,0,0,0,0,1,0.0,19,15:04,1,2,0,0,
156,2015-10-31,12,25-232,CBJ,,WPG,L,0,0,0,-1,0,0,0,0,0,0,0,0,1,0.0,18,13:35,0,0,0,0,
157,2015-11-05,13,25-237,CBJ,@,LAK,W,0,0,0,0,0,0,0,0,0,0,0,0,1,0.0,22,12:48,2,0,0,0,
158,2015-11-13,14,25-245,CBJ,@,PIT,W,0,0,0,0,0,0,0,0,0,0,0,0,0,,10,4:35,2,0,0,0,
159,2015-11-22,15,25-254,CBJ,,SJS,L,0,0,0,0,9,0,0,0,0,0,0,0,1,0.0,21,14:02,1,0,0,0,
160,2015-11-25,16,25-257,CBJ,@,NJD,W,0,0,0,0,6,0,0,0,0,0,0,0,0,,11,8:32,1,0,0,0,
161,2015-12-05,17,25-267,CBJ,@,PHI,W,0,0,0,1,0,0,0,0,0,0,0,0,1,0.0,22,17:18,4,2,0,0,
162,2015-12-08,18,25-270,CBJ,,LAK,L-OT,0,0,0,0,0,0,0,0,0,0,0,0,1,0.0,22,16:45,4,0,0,0,
163,2015-12-10,19,25-272,CBJ,@,WPG,L,0,0,0,1,0,0,0,0,0,0,0,0,2,0.0,18,14:42,0,1,0,0,
164,2015-12-15,20,25-277,CBJ,@,DAL,L,0,0,0,0,12,0,0,0,0,0,0,0,2,0.0,23,18:06,3,0,0,0,
165,2015-12-17,21,25-279,CBJ,@,ARI,W,0,0,0,1,2,0,0,0,0,0,0,0,0,,21,14:23,1,1,0,0,
166,2015-12-19,22,25-281,CBJ,,PHI,W,0,0,0,-1,2,0,0,0,0,0,0,0,2,0.0,21,16:09,3,1,0,0,
167,2015-12-21,23,25-283,CBJ,@,PIT,L,0,0,0,0,4,0,0,0,0,0,0,0,1,0.0,27,19:21,3,3,0,0,
168,2015-12-26,24,25-288,CBJ,@,TBL,L,0,1,1,1,2,0,0,0,0,1,0,0,1,0.0,29,20:06,3,1,0,0,
169,2015-12-27,25,25-289,CBJ,@,FLA,L,0,0,0,-1,0,0,0,0,0,0,0,0,1,0.0,25,19:29,2,2,0,0,
170,2015-12-29,26,25-291,CBJ,,DAL,W,0,0,0,-1,0,0,0,0,0,0,0,0,4,0.0,26,21:32,4,1,0,0,
171,2016-01-02,27,25-295,CBJ,,WSH,W,0,0,0,-1,0,0,0,0,0,0,0,0,2,0.0,23,16:41,2,0,0,0,
172,2016-01-05,28,25-298,CBJ,,MIN,L,0,0,0,0,0,0,0,0,0,0,0,0,2,0.0,18,13:34,1,1,0,0,
173,2016-01-16,29,25-309,CBJ,,COL,W,0,0,0,0,0,0,0,0,0,0,0,0,0,,16,12:27,2,1,0,0,
174,2016-01-19,30,25-312,CBJ,,WSH,L,0,0,0,-2,0,0,0,0,0,0,0,0,1,0.0,17,12:55,2,0,0,0,
175,2016-01-21,31,25-314,CBJ,,CGY,L,0,0,0,-2,0,0,0,0,0,0,0,0,1,0.0,23,17:07,1,3,0,0,
176,2016-01-23,32,25-316,CBJ,@,BOS,L-SO,1,0,1,1,0,1,0,0,0,0,0,0,2,50.0,21,14:34,0,2,0,0,
177,2016-01-25,33,25-318,CBJ,,MTL,W,0,0,0,0,0,0,0,0,0,0,0,0,0,,24,17:06,6,1,0,0,
178,2016-01-26,34,25-319,CBJ,@,MTL,W,0,0,0,1,0,0,0,0,0,0,0,0,0,,23,17:03,3,1,0,0,
179,2016-02-02,35,25-326,CBJ,@,EDM,L,0,0,0,1,0,0,0,0,0,0,0,0,6,0.0,21,14:51,3,0,0,0,
180,2016-02-04,36,25-328,CBJ,@,VAN,W,0,0,0,0,0,0,0,0,0,0,0,0,0,,18,14:25,0,1,0,0,
181,2016-02-05,37,25-329,CBJ,@,CGY,W,0,0,0,1,0,0,0,0,0,0,0,0,1,0.0,20,15:18,2,1,0,0,
182,2016-02-09,38,25-333,CBJ,,NYI,L-SO,0,1,1,2,2,0,0,0,0,1,0,0,0,,25,15:28,4,1,0,0,
183,2016-02-11,39,25-335,CBJ,,ANA,W,0,0,0,1,7,0,0,0,0,0,0,0,1,0.0,20,14:45,1,0,0,0,
184,2016-02-13,40,25-337,CBJ,,OTT,W,0,0,0,0,0,0,0,0,0,0,0,0,0,,19,15:21,5,1,0,0,
185,2016-02-16,41,25-340,CBJ,,BOS,L-OT,0,0,0,0,0,0,0,0,0,0,0,0,0,,18,15:12,1,1,0,0,
186,2016-02-19,42,25-343,CBJ,,BUF,L,0,0,0,-1,2,0,0,0,0,0,0,0,0,,19,15:42,1,0,0,0,
187,2016-02-22,43,25-346,CBJ,@,BOS,W,1,0,1,1,0,1,0,0,0,0,0,0,3,33.3,25,19:04,3,2,0,0,
188,2016-02-23,44,25-347,CBJ,@,DET,L-SO,0,0,0,0,2,0,0,0,0,0,0,0,2,0.0,20,17:46,0,1,0,0,
189,2016-02-25,45,25-349,CBJ,,NJD,W,0,0,0,1,2,0,0,0,0,0,0,0,2,0.0,27,19:57,4,1,0,0,
190,2016-02-27,46,25-351,CBJ,,FLA,W,0,0,0,0,7,0,0,0,0,0,0,0,0,,19,16:36,2,1,0,0,
191,2016-02-29,47,25-353,CBJ,@,NYR,L,0,0,0,-1,0,0,0,0,0,0,0,0,2,0.0,24,17:06,1,0,0,0,
192,2016-03-04,48,25-357,CBJ,,EDM,W,0,0,0,2,2,0,0,0,0,0,0,0,0,,25,18:27,1,4,0,0,
193,2016-03-05,49,25-358,CBJ,@,PHI,L,0,0,0,-2,2,0,0,0,0,0,0,0,2,0.0,23,16:05,7,1,0,0,
194,2016-03-08,50,25-361,CBJ,,DET,W,0,0,0,0,2,0,0,0,0,0,0,0,0,,23,15:34,2,1,0,0,
195,2016-03-11,51,25-364,CBJ,,PIT,L,0,0,0,1,0,0,0,0,0,0,0,0,2,0.0,21,13:00,3,2,0,0,
196,2016-03-13,52,26-000,CBJ,,TBL,L,0,0,0,-1,12,0,0,0,0,0,0,0,4,0.0,20,13:22,2,1,0,0,
197,2016-03-19,53,26-006,CBJ,,NJD,W,0,1,1,1,2,0,0,0,0,1,0,0,1,0.0,24,16:28,1,1,0,0,
198,2016-03-20,54,26-007,CBJ,@,NJD,L,0,1,1,1,2,0,0,0,0,1,0,0,1,0.0,23,16:58,2,1,0,0,
199,2016-03-22,55,26-009,CBJ,,PHI,W,0,0,0,0,0,0,0,0,0,0,0,0,2,0.0,25,15:49,4,1,0,0,
200,2016-03-24,56,26-011,CBJ,,CAR,L,0,1,1,1,0,0,0,0,0,1,0,0,0,,21,15:34,1,2,0,0,
201,2016-03-26,57,26-013,CBJ,@,NSH,L,0,0,0,-3,2,0,0,0,0,0,0,0,0,,24,17:04,1,0,0,0,
202,2016-03-28,58,26-015,CBJ,@,WSH,L,0,0,0,1,0,0,0,0,0,0,0,0,2,0.0,24,22:11,2,3,0,0,
203,2016-03-31,59,26-018,CBJ,@,NYI,L,0,0,0,-1,7,0,0,0,0,0,0,0,0,,22,16:42,3,1,0,0,
204,2016-04-02,60,26-020,CBJ,@,CAR,W,0,0,0,0,4,0,0,0,0,0,0,0,0,,26,19:37,1,2,0,0,
205,2016-04-04,61,26-022,CBJ,,NYR,L,0,0,0,-1,0,0,0,0,0,0,0,0,1,0.0,21,17:46,2,5,0,0,
206,2016-04-06,62,26-024,CBJ,@,TOR,W,0,0,0,0,0,0,0,0,0,0,0,0,2,0.0,23,19:06,2,3,0,0,
207,2016-04-08,63,26-026,CBJ,@,BUF,W,1,0,1,3,2,1,0,0,0,0,0,0,2,50.0,24,15:37,0,1,0,1,0.0
208,2016-04-09,64,26-027,CBJ,,CHI,W,0,0,0,0,0,0,0,0,0,0,0,0,0,,27,23:22,4,1,0,0,
209,2016-10-15,1,26-216,CBJ,,SJS,L,0,0,0,0,0,0,0,0,0,0,0,0,0,,22,14:31,1,1,0,0,
210,2016-10-22,2,26-223,CBJ,@,DAL,W,0,0,0,0,2,0,0,0,0,0,0,0,0,,22,14:45,3,1,0,0,
211,2016-10-25,3,26-226,CBJ,@,LAK,L-OT,0,0,0,0,0,0,0,0,0,0,0,0,0,,22,13:57,1,2,0,0,
212,2016-10-27,4,26-228,CBJ,@,SJS,L,0,0,0,0,0,0,0,0,0,0,0,0,1,0.0,16,12:21,3,1,0,0,
213,2016-10-28,5,26-229,CBJ,@,ANA,W,0,0,0,0,4,0,0,0,0,0,0,0,0,,21,16:30,1,1,0,0,
214,2016-11-09,6,26-241,CBJ,,ANA,W,0,0,0,1,0,0,0,0,0,0,0,0,1,0.0,18,14:05,2,1,0,0,
215,2016-11-10,7,26-242,CBJ,@,BOS,L,0,0,0,-2,2,0,0,0,0,0,0,0,0,,23,17:16,3,1,0,0,
216,2016-11-12,8,26-244,CBJ,,STL,W,0,0,0,3,0,0,0,0,0,0,0,0,1,0.0,23,17:09,4,2,0,0,
217,2017-01-10,9,26-303,CBJ,@,CAR,L,0,0,0,0,0,0,0,0,0,0,0,0,0,,6,3:49,2,1,0,0,
218,2017-01-19,10,26-312,CBJ,,OTT,L,0,0,0,-1,0,0,0,0,0,0,0,0,1,0.0,20,10:44,1,1,0,0,
219,2017-01-21,11,26-314,CBJ,,CAR,W,0,2,2,3,2,0,0,0,0,2,0,0,0,,22,15:22,1,2,0,0,
220,2017-01-22,12,26-315,CBJ,@,OTT,W,0,1,1,2,2,0,0,0,0,1,0,0,1,0.0,21,12:24,0,1,0,0,
221,2017-01-24,13,26-317,CBJ,@,NYI,L,0,0,0,-2,2,0,0,0,0,0,0,0,0,,21,12:55,1,1,0,0,
222,2017-01-31,14,26-324,CBJ,@,NYR,W,0,0,0,1,0,0,0,0,0,0,0,0,1,0.0,19,14:15,1,0,0,0,
223,2017-02-03,15,26-327,CBJ,@,PIT,L-OT,0,0,0,-1,0,0,0,0,0,0,0,0,0,,9,5:50,0,0,0,0,
224,2017-03-04,16,26-356,NJD,@,BOS,L,0,0,0,0,0,0,0,0,0,0,0,0,0,,27,18:56,0,0,0,0,
225,2017-03-05,17,26-357,NJD,,CBJ,L,0,0,0,-3,0,0,0,0,0,0,0,0,1,0.0,18,15:51,0,0,0,0,
226,2017-03-07,18,26-359,NJD,@,CBJ,L,0,0,0,0,2,0,0,0,0,0,0,0,1,0.0,21,16:03,0,1,0,0,
227,2017-03-09,19,26-361,NJD,@,COL,L,0,0,0,-2,2,0,0,0,0,0,0,0,1,0.0,24,13:45,1,1,0,0,
228,2017-03-16,20,27-003,NJD,,PHI,W,0,1,1,0,2,0,0,0,0,1,0,0,1,0.0,24,16:09,3,1,0,0,
229,2017-03-17,21,27-004,NJD,@,PIT,L,0,0,0,-1,2,0,0,0,0,0,0,0,1,0.0,21,15:30,1,0,0,0,
230,2017-03-19,22,27-006,NJD,,CBJ,L,0,0,0,0,0,0,0,0,0,0,0,0,0,,19,14:28,2,1,0,0,
231,2017-03-23,23,27-010,NJD,@,TOR,L,0,0,0,0,0,0,0,0,0,0,0,0,1,0.0,23,15:10,0,1,0,0,
232,2017-03-25,24,27-012,NJD,,CAR,L,0,0,0,0,0,0,0,0,0,0,0,0,0,,18,13:30,3,1,0,0,
233,2017-03-26,25,27-013,NJD,,DAL,L-OT,0,0,0,1,2,0,0,0,0,0,0,0,1,0.0,22,16:30,2,0,0,0,
234,2017-03-28,26,27-015,NJD,,WPG,L-SO,0,1,1,0,0,0,0,0,0,1,0,0,0,,18,14:59,3,0,0,0,
235,2017-04-01,27,27-019,NJD,@,PHI,L,0,0,0,-1,20,0,0,0,0,0,0,0,0,,10,5:24,2,0,0,0,
236,2017-04-08,28,27-026,NJD,,NYI,L,0,1,1,2,0,0,0,0,0,1,0,0,0,,20,17:39,0,0,0,0,
237,2017-04-09,29,27-027,NJD,@,DET,L,0,0,0,-1,0,0,0,0,0,0,0,0,0,,20,15:15,3,2,0,0,
238,2017-10-13,1,27-214,NJD,,WSH,L,0,0,0,0,2,0,0,0,0,0,0,0,1,0.0,22,14:27,2,1,0,0,
239,2017-10-19,2,27-220,NJD,@,OTT,W,0,0,0,0,4,0,0,0,0,0,0,0,2,0.0,21,12:34,1,1,0,0,
240,2017-10-28,3,27-229,NJD,,ARI,W,0,0,0,0,0,0,0,0,0,0,0,0,2,0.0,19,14:39,2,1,0,0,
241,2017-11-03,4,27-235,NJD,@,EDM,L,0,0,0,-2,7,0,0,0,0,0,0,0,0,,18,14:17,2,0,0,0,
242,2018-10-06,1,28-207,CGY,,VAN,W,0,0,0,0,2,0,0,0,0,0,0,0,1,0.0,17,13:45,2,2,0,0,
243,2018-12-04,2,28-266,CGY,@,CBJ,W,0,0,0,-2,0,0,0,0,0,0,0,0,0,,19,11:56,1,1,0,0,
244,2018-12-08,3,28-270,CGY,,NSH,W,0,0,0,1,0,0,0,0,0,0,0,0,2,0.0,19,14:22,0,0,0,0,
245,2018-12-09,4,28-271,CGY,@,EDM,L,0,0,0,0,2,0,0,0,0,0,0,0,0,,16,11:22,6,2,0,0,
246,2018-12-15,5,28-277,CGY,@,MIN,W,0,0,0,0,0,0,0,0,0,0,0,0,2,0.0,5,3:48,2,0,0,0,
247,2018-12-18,6,28-280,CGY,@,DAL,L,0,0,0,0,0,0,0,0,0,0,0,0,0,,5,2:43,1,0,0,0,
248,2019-01-09,7,28-302,CGY,,COL,W,0,0,0,1,0,0,0,0,0,0,0,0,1,0.0,12,8:12,0,0,0,0,
249,2019-01-13,8,28-306,CGY,,ARI,W,0,0,0,1,0,0,0,0,0,0,0,0,2,0.0,21,17:46,2,0,0,0,
250,2019-01-16,9,28-309,CGY,,BUF,L-OT,0,0,0,0,0,0,0,0,0,0,0,0,0,,21,16:14,0,1,0,0,
251,2019-02-03,10,28-327,CGY,@,CAR,W,0,0,0,-1,0,0,0,0,0,0,0,0,0,,22,15:02,3,3,0,0,
252,2019-02-07,11,28-331,CGY,,SJS,L,0,0,0,0,2,0,0,0,0,0,0,0,0,,17,12:16,2,1,0,0,
253,2019-02-18,12,28-342,CGY,,ARI,W,0,0,0,1,0,0,0,0,0,0,0,0,1,0.0,19,15:45,2,1,0,0,
254,2019-02-22,13,28-346,CGY,,ANA,W,0,1,1,1,0,0,0,0,0,1,0,0,0,,20,13:57,0,0,0,0,
255,2019-02-26,14,28-350,CGY,@,NYI,W,0,0,0,0,2,0,0,0,0,0,0,0,1,0.0,20,15:59,4,2,0,0,
256,2019-03-06,15,28-358,CGY,@,VEG,L,0,0,0,0,0,0,0,0,0,0,0,0,1,0.0,20,13:49,6,1,0,0,
257,2019-03-29,16,29-016,CGY,,ANA,W,0,0,0,1,0,0,0,0,0,0,0,0,1,0.0,21,17:52,1,3,0,0,
258,2019-03-31,17,29-018,CGY,@,SJS,W,1,0,1,-2,0,1,0,0,0,0,0,0,2,50.0,18,12:12,0,0,0,0,
259,2019-04-01,18,29-019,CGY,@,LAK,W,0,0,0,3,0,0,0,0,0,0,0,0,0,,23,20:28,2,2,0,0,
260,2019-04-03,19,29-021,CGY,@,ANA,L,0,0,0,-2,0,0,0,0,0,0,0,0,0,,19,17:40,2,1,0,0,
261,2019-04-06,20,29-024,CGY,,EDM,L,0,0,0,-1,0,0,0,0,0,0,0,0,0,,9,7:11,0,0,0,0,
262,2019-10-02,1,29-203,SJS,@,VEG,L,0,0,0,0,0,0,0,0,0,0,0,0,1,0.0,21,16:05,2,1,0,0,
263,2019-11-14,2,29-246,SJS,@,ANA,W,0,0,0,0,7,0,0,0,0,0,0,0,1,0.0,14,9:32,1,2,0,0,
