,date_game,game_season,age,team_id,game_location,opp_id,game_result,goals,assists,points,plus_minus,pen_min,goals_ev,goals_pp,goals_sh,goals_gw,assists_ev,assists_pp,assists_sh,shots,shot_pct,shifts,time_on_ice,hits_all,blocks_all,faceoff_wins_all,faceoff_losses_all,faceoff_percentage_all
0,2007-10-05,1,22-018,VAN,,SJS,L,0,1,1,1,0,0,0,0,0,,,,3,0.0,12,9:37,0,0,0,1,0.0
1,2007-10-10,2,22-023,VAN,,PHI,L,0,0,0,-1,0,0,0,0,0,,,,2,0.0,17,12:02,1,0,0,0,
2,2007-10-13,3,22-026,VAN,,EDM,W,0,0,0,-1,0,0,0,0,0,,,,1,0.0,12,7:37,0,0,0,0,
3,2007-10-19,4,22-032,VAN,,LAK,L,0,0,0,0,0,0,0,0,0,,,,1,0.0,15,13:24,0,0,0,0,
4,2007-10-21,5,22-034,VAN,@,CBJ,W,0,0,0,1,0,0,0,0,0,,,,0,,15,11:13,0,3,0,0,
5,2007-10-22,6,22-035,VAN,@,CAR,L,0,0,0,0,0,0,0,0,0,,,,2,0.0,18,14:43,2,0,0,0,
6,2007-10-24,7,22-037,VAN,@,DET,L,0,0,0,-1,0,0,0,0,0,,,,1,0.0,19,16:59,0,0,0,0,
7,2007-10-26,8,22-039,VAN,@,WSH,W,0,0,0,0,0,0,0,0,0,,,,0,,15,11:19,0,0,0,0,
8,2007-10-28,9,22-041,VAN,,DET,L,0,0,0,-1,0,0,0,0,0,,,,1,0.0,11,7:34,0,0,0,0,
9,2007-12-12,10,22-086,VAN,@,ANA,W,1,1,2,2,0,1,0,0,0,,,,1,100.0,17,10:35,1,0,0,0,
10,2007-12-13,11,22-087,VAN,@,SJS,L,0,1,1,0,0,0,0,0,0,,,,1,0.0,20,14:58,2,0,0,0,
11,2007-12-15,12,22-089,VAN,@,EDM,L-SO,0,0,0,0,0,0,0,0,0,,,,0,,14,9:01,1,0,0,0,
12,2007-12-18,13,22-092,VAN,,NJD,W,0,0,0,0,0,0,0,0,0,,,,3,0.0,16,9:43,1,0,0,0,
13,2007-12-20,14,22-094,VAN,,DAL,W,1,0,1,1,0,1,0,0,0,,,,1,100.0,7,5:20,0,0,0,0,
14,2007-12-22,15,22-096,VAN,@,PHX,W,0,0,0,0,0,0,0,0,0,,,,1,0.0,16,11:35,1,0,0,0,
15,2007-12-23,16,22-097,VAN,@,COL,L,0,1,1,0,0,0,0,0,0,,,,2,0.0,22,13:36,0,0,0,0,
16,2007-12-27,17,22-101,VAN,,CGY,W,1,1,2,2,0,1,0,0,0,,,,3,33.3,15,11:42,0,0,0,0,
17,2007-12-30,18,22-104,VAN,,ANA,W,0,0,0,0,0,0,0,0,0,,,,0,,14,10:48,0,0,0,0,
18,2007-12-31,19,22-105,VAN,@,CGY,L,0,0,0,0,0,0,0,0,0,,,,2,0.0,17,13:07,1,1,0,0,
19,2008-01-03,20,22-108,VAN,,NYR,W,0,1,1,1,0,0,0,0,0,,,,3,0.0,20,13:23,0,0,0,0,
20,2008-01-08,21,22-113,VAN,,NYI,W,0,1,1,1,0,0,0,0,0,,,,3,0.0,20,15:44,0,0,0,0,
21,2008-01-10,22,22-115,VAN,@,SJS,L,0,0,0,0,0,0,0,0,0,,,,2,0.0,15,12:20,1,0,0,0,
22,2008-01-11,23,22-116,VAN,,PHX,L,0,0,0,0,0,0,0,0,0,,,,0,,14,11:02,0,0,0,0,
23,2008-01-17,24,22-122,VAN,@,DET,L-SO,0,0,0,-1,0,0,0,0,0,,,,3,0.0,20,14:17,3,2,0,0,
24,2008-01-19,25,22-124,VAN,,LAK,L,1,0,1,1,0,1,0,0,0,,,,4,25.0,19,15:01,0,0,0,0,
25,2008-01-21,26,22-126,VAN,,MIN,L,0,0,0,-1,0,0,0,0,0,,,,0,,15,11:25,0,0,0,0,
26,2008-01-23,27,22-128,VAN,,STL,W,0,0,0,0,0,0,0,0,0,,,,3,0.0,19,14:08,1,0,0,1,0.0
27,2008-01-29,28,22-134,VAN,,DAL,L,0,0,0,0,0,0,0,0,0,,,,1,0.0,15,12:28,1,0,1,4,20.0
28,2008-01-31,29,22-136,VAN,@,TBL,L,0,1,1,-1,0,0,0,0,0,,,,6,0.0,18,13:47,0,0,0,0,
29,2008-02-01,30,22-137,VAN,@,FLA,L-SO,1,0,1,1,0,1,0,0,0,,,,2,50.0,20,14:22,0,0,1,0,100.0
30,2008-02-05,31,22-141,VAN,@,DAL,L-SO,0,1,1,0,0,0,0,0,0,,,,2,0.0,16,11:14,0,0,1,1,50.0
31,2008-02-07,32,22-143,VAN,@,ATL,W,0,0,0,-1,0,0,0,0,0,,,,2,0.0,13,12:09,0,0,0,0,
32,2008-02-09,33,22-145,VAN,,COL,L,0,1,1,0,0,0,0,0,0,,,,2,0.0,20,16:40,0,0,0,0,
33,2008-02-10,34,22-146,VAN,,CHI,W,0,0,0,0,0,0,0,0,0,,,,0,,16,12:45,0,0,0,0,
34,2008-02-14,35,22-150,VAN,,MIN,L-SO,0,0,0,1,0,0,0,0,0,,,,2,0.0,12,8:23,0,0,0,0,
35,2008-02-16,36,22-152,VAN,,EDM,W,0,0,0,0,0,0,0,0,0,,,,1,0.0,18,12:21,1,0,0,0,
36,2008-02-19,37,22-155,VAN,@,MIN,W,0,1,1,1,0,0,0,0,0,,,,1,0.0,19,11:58,0,0,0,2,0.0
37,2008-02-21,38,22-157,VAN,@,NSH,W,1,1,2,1,0,1,0,0,0,,,,3,33.3,19,14:11,0,0,1,2,33.3
38,2008-02-23,39,22-159,VAN,,DET,W,0,0,0,0,0,0,0,0,0,,,,1,0.0,19,11:48,0,0,2,1,66.7
39,2008-02-27,40,22-163,VAN,,COL,L-SO,1,0,1,0,0,1,0,0,0,,,,1,100.0,18,13:35,0,0,0,3,0.0
40,2008-02-29,41,22-165,VAN,,CBJ,L-OT,0,0,0,1,0,0,0,0,0,,,,1,0.0,21,14:21,1,0,1,3,25.0
41,2008-03-02,42,22-167,VAN,@,CHI,L,0,0,0,0,0,0,0,0,0,,,,0,,24,17:57,2,0,6,8,42.9
42,2008-03-06,43,22-171,VAN,,NSH,W,1,0,1,0,0,1,0,0,0,,,,3,33.3,19,14:22,0,0,2,6,25.0
43,2008-03-08,44,22-173,VAN,,STL,W,0,0,0,-2,0,0,0,0,0,,,,1,0.0,19,11:42,0,0,3,2,60.0
44,2008-03-10,45,22-175,VAN,@,LAK,W,0,0,0,0,0,0,0,0,0,,,,1,0.0,16,13:16,0,0,2,3,40.0
45,2008-03-12,46,22-177,VAN,@,ANA,L,1,0,1,-1,0,0,1,0,0,,,,1,100.0,21,15:07,1,1,4,2,66.7
46,2008-03-13,47,22-178,VAN,@,PHX,L,0,0,0,-1,0,0,0,0,0,,,,3,0.0,21,18:14,0,1,0,0,
47,2008-03-15,48,22-180,VAN,@,DAL,W,0,0,0,-1,2,0,0,0,0,,,,0,,19,14:38,0,0,0,0,
48,2008-03-17,49,22-182,VAN,,PHX,W,0,0,0,-1,0,0,0,0,0,,,,3,0.0,9,6:08,2,0,0,0,
49,2008-10-09,1,23-022,VAN,,CGY,W,0,0,0,0,0,0,0,0,0,,,,1,0.0,19,15:34,0,0,1,0,100.0
50,2008-10-11,2,23-024,VAN,@,CGY,W,0,0,0,-1,0,0,0,0,0,,,,2,0.0,23,15:29,2,0,0,0,
51,2008-10-13,3,23-026,VAN,@,WSH,L,0,0,0,-2,0,0,0,0,0,,,,1,0.0,18,15:14,1,0,0,1,0.0
52,2008-10-16,4,23-029,VAN,@,DET,W,1,0,1,0,0,1,0,0,0,,,,2,50.0,21,16:59,1,0,0,1,0.0
53,2008-10-17,5,23-030,VAN,@,BUF,L,0,1,1,1,0,0,0,0,0,,,,6,0.0,23,18:49,0,1,0,0,
54,2008-10-19,6,23-032,VAN,@,CHI,L,0,1,1,1,0,0,0,0,0,,,,3,0.0,23,17:20,1,0,0,0,
55,2008-10-21,7,23-034,VAN,@,CBJ,L,0,1,1,0,0,0,0,0,0,,,,2,0.0,18,15:08,1,3,0,1,0.0
56,2008-10-25,8,23-038,VAN,,EDM,W,2,0,2,1,0,0,2,0,0,,,,4,50.0,22,15:35,0,0,0,2,0.0
57,2008-10-28,9,23-041,VAN,,BOS,L,0,0,0,0,0,0,0,0,0,,,,5,0.0,18,16:19,0,1,0,1,0.0
58,2008-10-30,10,23-043,VAN,@,LAK,W,1,0,1,1,0,1,0,0,0,,,,2,50.0,18,11:55,0,0,0,0,
59,2008-10-31,11,23-044,VAN,@,ANA,W,0,1,1,0,2,0,0,0,0,,,,5,0.0,28,18:17,1,1,0,1,0.0
60,2008-11-02,12,23-046,VAN,,DET,L,0,1,1,2,2,0,0,0,0,,,,0,,26,18:17,3,0,0,0,
61,2008-11-04,13,23-048,VAN,,NSH,W,1,0,1,0,0,0,1,0,0,,,,3,33.3,18,16:41,1,0,1,0,100.0
62,2008-11-06,14,23-050,VAN,,PHX,W,0,0,0,0,0,0,0,0,0,,,,4,0.0,16,12:29,0,1,0,0,
63,2008-11-08,15,23-052,VAN,,MIN,W,0,0,0,1,0,0,0,0,0,,,,2,0.0,19,17:51,0,0,0,0,
64,2008-11-12,16,23-056,VAN,,COL,L-SO,0,0,0,0,2,0,0,0,0,,,,4,0.0,22,17:58,0,1,0,0,
65,2008-11-15,17,23-059,VAN,,TOR,W,0,0,0,0,0,0,0,0,0,,,,0,,12,9:47,1,0,0,0,
66,2008-11-17,18,23-061,VAN,@,NYI,L-SO,0,0,0,0,4,0,0,0,0,,,,4,0.0,13,10:18,0,1,0,0,
67,2008-11-19,19,23-063,VAN,@,NYR,W,0,0,0,1,0,0,0,0,0,,,,3,0.0,15,9:12,1,0,1,0,100.0
68,2008-11-20,20,23-064,VAN,@,MIN,W,0,0,0,1,0,0,0,0,0,,,,2,0.0,16,13:01,0,0,0,0,
69,2008-11-22,21,23-066,VAN,@,PIT,W,0,0,0,0,0,0,0,0,0,,,,2,0.0,20,16:28,0,0,0,1,0.0
70,2008-11-24,22,23-068,VAN,,DET,W,0,1,1,2,2,0,0,0,0,,,,1,0.0,21,14:31,0,0,0,0,
71,2008-11-27,23,23-071,VAN,,CGY,L,1,0,1,0,0,1,0,0,0,,,,4,25.0,20,18:15,1,0,0,0,
72,2008-11-29,24,23-073,VAN,@,CGY,L,0,0,0,-1,2,0,0,0,0,,,,2,0.0,16,12:04,0,0,0,1,0.0
73,2008-12-01,25,23-075,VAN,@,CBJ,L,0,0,0,0,2,0,0,0,0,,,,2,0.0,14,9:44,2,0,1,3,25.0
74,2008-12-04,26,23-078,VAN,@,DET,L,1,0,1,0,0,1,0,0,0,,,,3,33.3,15,13:06,1,0,3,2,60.0
75,2008-12-05,27,23-079,VAN,@,MIN,W,0,0,0,0,0,0,0,0,0,,,,3,0.0,21,16:34,1,0,0,2,0.0
76,2008-12-07,28,23-081,VAN,@,COL,L-SO,0,1,1,0,0,0,0,0,0,,,,2,0.0,22,16:07,3,1,3,2,60.0
77,2008-12-09,29,23-083,VAN,@,NSH,W,0,0,0,1,0,0,0,0,0,,,,4,0.0,18,16:27,0,1,1,2,33.3
78,2008-12-13,30,23-087,VAN,@,EDM,L,0,0,0,0,2,0,0,0,0,,,,2,0.0,21,15:15,1,0,0,3,0.0
79,2008-12-14,31,23-088,VAN,,FLA,W,0,1,1,0,0,0,0,0,0,,,,3,0.0,19,15:29,0,0,0,0,
80,2008-12-17,32,23-091,VAN,,EDM,W,0,0,0,0,2,0,0,0,0,,,,0,,23,16:48,0,0,1,0,100.0
81,2008-12-20,33,23-094,VAN,,CHI,L,0,0,0,0,0,0,0,0,0,,,,5,0.0,18,15:40,0,0,0,1,0.0
82,2008-12-22,34,23-096,VAN,,ANA,W,1,1,2,-1,0,0,1,0,0,,,,2,50.0,21,16:32,0,1,0,2,0.0
83,2008-12-23,35,23-097,VAN,@,SJS,L,0,0,0,0,0,0,0,0,0,,,,3,0.0,19,16:37,1,0,0,1,0.0
84,2008-12-26,36,23-100,VAN,,EDM,L,1,0,1,1,0,1,0,0,0,,,,3,33.3,19,15:15,2,0,0,1,0.0
85,2008-12-28,37,23-102,VAN,,OTT,W,0,0,0,0,0,0,0,0,0,,,,2,0.0,20,16:02,0,0,0,0,
86,2008-12-30,38,23-104,VAN,,PHI,L,0,1,1,-1,0,0,0,0,0,,,,3,0.0,16,13:35,1,0,0,0,
87,2009-01-01,39,23-106,VAN,@,NSH,W,0,0,0,0,0,0,0,0,0,,,,2,0.0,21,16:29,0,0,2,1,66.7
88,2009-01-02,40,23-107,VAN,@,ATL,L-SO,0,0,0,0,0,0,0,0,0,,,,2,0.0,23,16:12,0,0,0,0,
89,2009-01-04,41,23-109,VAN,,DAL,L-SO,0,0,0,1,0,0,0,0,0,,,,2,0.0,21,16:23,0,2,0,0,
90,2009-01-07,42,23-112,VAN,@,EDM,W,0,0,0,0,0,0,0,0,0,,,,2,0.0,26,18:29,0,0,0,0,
91,2009-01-09,43,23-114,VAN,,STL,L,0,0,0,-3,0,0,0,0,0,,,,4,0.0,21,18:01,0,0,0,0,
92,2009-01-10,44,23-115,VAN,,SJS,L,0,0,0,-1,0,0,0,0,0,,,,0,,24,15:05,0,,,,
93,2009-01-13,45,23-118,VAN,,NJD,L,0,0,0,0,0,0,0,0,0,,,,2,0.0,17,14:14,0,0,0,0,
94,2009-01-15,46,23-120,VAN,,PHX,L,0,0,0,0,0,0,0,0,0,,,,2,0.0,15,12:17,0,0,0,0,
95,2009-01-20,47,23-125,VAN,@,SJS,L-OT,0,0,0,0,0,0,0,0,0,,,,1,0.0,14,11:21,0,0,0,0,
96,2009-01-28,48,23-133,VAN,,NSH,L,0,0,0,-1,0,0,0,0,0,,,,0,,7,6:51,0,0,0,0,
97,2009-02-07,49,23-143,VAN,,CHI,W,0,1,1,0,0,0,0,0,0,,,,1,0.0,14,9:50,0,1,0,0,
98,2009-02-10,50,23-146,VAN,@,STL,W,0,0,0,-1,0,0,0,0,0,,,,0,,11,9:11,1,0,0,0,
99,2009-02-19,51,23-155,VAN,@,OTT,W,0,0,0,0,0,0,0,0,0,,,,2,0.0,9,5:47,0,0,1,0,100.0
100,2009-02-21,52,23-157,VAN,@,TOR,W,0,0,0,0,0,0,0,0,0,,,,2,0.0,10,7:24,1,0,0,0,
101,2009-02-24,53,23-160,VAN,@,MTL,L,0,0,0,0,2,0,0,0,0,,,,3,0.0,17,9:02,1,0,0,0,
102,2009-02-27,54,23-163,VAN,,TBL,W,0,0,0,0,0,0,0,0,0,,,,0,,11,8:28,0,0,0,0,
103,2009-03-01,55,23-165,VAN,,CBJ,W,0,0,0,0,0,0,0,0,0,,,,1,0.0,9,5:45,0,0,0,0,
104,2009-03-03,56,23-167,VAN,,MIN,W,0,0,0,0,0,0,0,0,0,,,,2,0.0,12,7:39,1,0,0,0,
105,2009-03-07,57,23-171,VAN,,SJS,W,0,0,0,0,0,0,0,0,0,,,,1,0.0,10,6:08,1,0,0,0,
106,2009-03-09,58,23-173,VAN,@,LAK,L,0,0,0,0,0,0,0,0,0,,,,0,,15,9:22,1,0,0,0,
107,2009-03-11,59,23-175,VAN,@,ANA,L-OT,0,0,0,0,0,0,0,0,0,,,,0,,12,8:46,1,0,1,1,50.0
108,2009-03-13,60,23-177,VAN,,LAK,W,0,0,0,1,0,0,0,0,0,,,,1,0.0,18,13:04,0,0,0,2,0.0
109,2009-03-15,61,23-179,VAN,,COL,W,0,0,0,0,0,0,0,0,0,,,,0,,12,8:47,0,0,0,0,
110,2009-03-17,62,23-181,VAN,,DAL,W,0,1,1,0,0,0,0,0,0,,,,2,0.0,19,14:02,0,1,0,0,
111,2009-03-19,63,23-183,VAN,,STL,W,1,0,1,1,2,1,0,0,0,,,,3,33.3,19,15:19,0,0,0,0,
112,2009-03-21,64,23-185,VAN,@,PHX,L,0,0,0,-1,0,0,0,0,0,,,,1,0.0,21,14:48,0,,,,
113,2009-03-24,65,23-188,VAN,@,DAL,W,0,0,0,0,0,0,0,0,0,,,,0,,14,10:55,4,0,0,0,
114,2009-03-27,66,23-191,VAN,@,COL,W,0,0,0,0,0,0,0,0,0,,,,1,0.0,18,12:19,0,1,1,1,50.0
115,2009-03-29,67,23-193,VAN,@,CHI,W,0,0,0,0,0,0,0,0,0,,,,1,0.0,18,12:26,2,0,0,0,
116,2009-04-04,68,23-199,VAN,@,EDM,L,1,0,1,1,0,1,0,0,0,,,,3,33.3,20,16:53,0,1,0,0,
117,2009-04-05,69,23-200,VAN,,COL,L,0,0,0,-2,0,0,0,0,0,,,,0,,21,15:52,0,0,0,0,
118,2009-04-07,70,23-202,VAN,,CGY,W,0,0,0,0,0,0,0,0,0,,,,0,,19,13:47,3,0,0,0,
119,2009-04-09,71,23-204,VAN,,LAK,W,0,0,0,0,0,0,0,0,0,,,,3,0.0,16,13:46,0,0,0,0,
120,2009-04-11,72,23-206,VAN,@,COL,W,0,0,0,0,0,0,0,0,0,,,,0,,19,15:51,0,0,0,0,
121,2009-10-01,1,24-014,VAN,@,CGY,L,0,0,0,0,2,0,0,0,0,,,,4,0.0,18,15:06,4,0,0,0,
122,2009-10-03,2,24-016,VAN,@,COL,L,0,0,0,0,0,0,0,0,0,,,,1,0.0,20,12:59,1,0,0,0,
123,2009-10-05,3,24-018,VAN,,CBJ,L,0,0,0,0,0,0,0,0,0,,,,8,0.0,23,16:36,1,0,0,0,
124,2009-10-07,4,24-020,VAN,,MTL,W,1,0,1,2,2,1,0,0,1,,,,3,33.3,22,16:53,0,1,1,0,100.0
125,2009-10-11,5,24-024,VAN,,DAL,W,0,0,0,0,0,0,0,0,0,,,,1,0.0,30,20:32,1,0,0,0,
126,2009-10-16,6,24-029,VAN,@,CGY,L,0,0,0,-1,0,0,0,0,0,,,,0,,23,16:06,2,0,0,0,
127,2009-10-17,7,24-030,VAN,,MIN,W,0,0,0,0,0,0,0,0,0,,,,6,0.0,25,17:52,0,0,0,1,0.0
128,2009-10-19,8,24-032,VAN,@,EDM,L,0,0,0,-2,0,0,0,0,0,,,,3,0.0,22,15:21,2,2,0,1,0.0
129,2009-10-21,9,24-034,VAN,@,CHI,W,0,0,0,-1,0,0,0,0,0,,,,4,0.0,25,17:02,2,0,0,0,
130,2009-10-24,10,24-037,VAN,,TOR,W,2,0,2,1,0,1,1,0,0,,,,3,66.7,23,17:42,0,1,0,0,
131,2009-10-25,11,24-038,VAN,,EDM,W,0,0,0,0,0,0,0,0,0,,,,1,0.0,23,14:30,0,0,0,0,
132,2009-10-27,12,24-040,VAN,,DET,L,0,0,0,1,0,0,0,0,0,,,,2,0.0,27,18:59,0,0,0,0,
133,2009-10-29,13,24-042,VAN,@,LAK,W,0,0,0,0,0,0,0,0,0,,,,0,,24,17:40,1,0,0,1,0.0
134,2009-10-30,14,24-043,VAN,@,ANA,L,1,0,1,0,2,0,1,0,0,,,,3,33.3,20,14:18,1,0,0,0,
135,2009-11-01,15,24-045,VAN,,COL,W,1,1,2,2,0,1,0,0,1,,,,2,50.0,22,16:57,0,0,0,0,
136,2009-11-03,16,24-047,VAN,,NYR,W,0,1,1,0,0,0,0,0,0,,,,3,0.0,26,22:18,0,1,0,0,
137,2009-11-05,17,24-049,VAN,@,MIN,W,1,0,1,-2,0,0,1,0,0,,,,2,50.0,24,16:48,0,0,0,0,
138,2009-11-06,18,24-050,VAN,@,DAL,L,1,0,1,0,0,1,0,0,0,,,,4,25.0,25,22:12,2,0,1,0,100.0
139,2009-11-10,19,24-054,VAN,@,STL,L,0,0,0,1,0,0,0,0,0,,,,2,0.0,22,16:31,0,0,0,0,
140,2009-11-12,20,24-056,VAN,@,DET,L,1,0,1,-2,0,0,1,0,0,,,,2,50.0,25,19:41,2,0,0,0,
141,2009-11-14,21,24-058,VAN,@,COL,W,0,3,3,2,2,0,0,0,0,,,,2,0.0,23,16:39,1,0,0,0,
142,2009-11-20,22,24-064,VAN,,COL,W,0,1,1,2,0,0,0,0,0,,,,1,0.0,21,20:20,1,1,0,0,
143,2009-11-22,23,24-066,VAN,,CHI,L,0,0,0,-1,2,0,0,0,0,,,,2,0.0,24,16:56,1,0,0,0,
144,2009-11-26,24,24-070,VAN,,LAK,W,0,0,0,-1,0,0,0,0,0,,,,4,0.0,23,16:54,0,1,0,0,
145,2009-11-28,25,24-072,VAN,,EDM,W,1,2,3,0,0,0,1,0,0,,,,1,100.0,21,16:11,0,2,0,0,
146,2009-11-29,26,24-073,VAN,,SJS,L,0,0,0,-1,0,0,0,0,0,,,,3,0.0,22,16:46,2,0,0,0,
147,2009-12-02,27,24-076,VAN,@,NJD,W,0,0,0,1,0,0,0,0,0,,,,1,0.0,21,16:45,2,0,0,0,
148,2009-12-03,28,24-077,VAN,@,PHI,W,0,0,0,0,2,0,0,0,0,,,,2,0.0,22,15:45,1,0,0,0,
149,2009-12-05,29,24-079,VAN,@,CAR,L,0,0,0,-1,0,0,0,0,0,,,,2,0.0,24,17:33,0,0,0,0,
150,2009-12-08,30,24-082,VAN,@,NSH,L,0,0,0,-1,2,0,0,0,0,,,,2,0.0,20,16:16,0,0,0,0,
151,2009-12-10,31,24-084,VAN,,ATL,W,1,0,1,1,0,1,0,0,0,,,,2,50.0,23,19:21,0,0,0,1,0.0
152,2009-12-12,32,24-086,VAN,,MIN,W,1,1,2,0,4,0,1,0,0,,,,2,50.0,25,17:59,0,0,0,0,
153,2009-12-14,33,24-088,VAN,,LAK,W,1,1,2,2,0,1,0,0,0,,,,5,20.0,25,17:24,0,0,0,0,
154,2009-12-16,34,24-090,VAN,,ANA,L,0,0,0,-1,0,0,0,0,0,,,,2,0.0,21,17:43,0,0,0,0,
155,2009-12-18,35,24-092,VAN,,WSH,W,2,0,2,1,0,1,1,0,1,,,,3,66.7,20,16:28,1,0,0,0,
156,2009-12-20,36,24-094,VAN,,STL,L,0,1,1,0,0,0,0,0,0,,,,1,0.0,27,20:30,0,2,1,0,100.0
157,2009-12-22,37,24-096,VAN,,NSH,W,0,0,0,-1,0,0,0,0,0,,,,5,0.0,19,17:40,1,0,0,0,
158,2009-12-26,38,24-100,VAN,,EDM,W,0,1,1,0,0,0,0,0,0,,,,0,,20,16:05,2,1,1,0,100.0
159,2009-12-27,39,24-101,VAN,@,CGY,W,3,0,3,1,0,2,1,0,0,,,,4,75.0,23,15:46,0,0,0,0,
160,2009-12-29,40,24-103,VAN,@,PHX,L-SO,0,0,0,1,0,0,0,0,0,,,,2,0.0,21,18:50,0,0,0,0,
161,2009-12-31,41,24-105,VAN,@,STL,W,0,0,0,-1,2,0,0,0,0,,,,5,0.0,18,14:53,0,0,0,1,0.0
162,2010-01-02,42,24-107,VAN,@,DAL,W,0,1,1,1,0,0,0,0,0,,,,2,0.0,21,16:16,1,0,0,0,
163,2010-01-05,43,24-110,VAN,,CBJ,W,0,0,0,0,0,0,0,0,0,,,,1,0.0,22,16:40,0,0,1,0,100.0
164,2010-01-07,44,24-112,VAN,,PHX,W,0,0,0,1,2,0,0,0,0,,,,4,0.0,23,16:24,0,0,0,1,0.0
165,2010-01-09,45,24-114,VAN,,CGY,L-SO,0,1,1,0,10,0,0,0,0,,,,2,0.0,25,16:48,0,0,0,0,
166,2010-01-11,46,24-116,VAN,,NSH,L,0,0,0,0,0,0,0,0,0,,,,6,0.0,25,21:09,2,0,0,0,
167,2010-01-13,47,24-118,VAN,@,MIN,L,0,1,1,-1,0,0,0,0,0,,,,5,0.0,25,18:38,0,0,0,0,
168,2010-01-16,48,24-121,VAN,,PIT,W,0,2,2,0,0,0,0,0,0,,,,0,,21,16:43,0,0,0,0,
169,2010-01-20,49,24-125,VAN,@,EDM,W,0,0,0,0,0,0,0,0,0,,,,3,0.0,25,20:36,3,0,0,0,
170,2010-01-21,50,24-126,VAN,,DAL,W,1,0,1,0,0,1,0,0,0,,,,3,33.3,22,17:46,0,0,0,0,
171,2010-01-23,51,24-128,VAN,,CHI,W,0,0,0,1,2,0,0,0,0,,,,3,0.0,26,17:17,1,0,0,0,
172,2010-01-25,52,24-130,VAN,,BUF,W,0,1,1,1,0,0,0,0,0,,,,1,0.0,24,17:51,0,0,0,0,
173,2010-01-27,53,24-132,VAN,,STL,W,2,1,3,1,0,2,0,0,0,,,,5,40.0,28,19:31,1,0,0,0,
174,2010-01-30,54,24-135,VAN,@,TOR,W,0,1,1,0,0,0,0,0,0,,,,3,0.0,25,20:21,1,0,0,1,0.0
175,2010-02-02,55,24-138,VAN,@,MTL,L,0,0,0,-1,0,0,0,0,0,,,,5,0.0,25,20:03,1,0,0,0,
176,2010-02-04,56,24-140,VAN,@,OTT,L,0,1,1,-1,0,0,0,0,0,,,,2,0.0,24,19:22,1,1,0,0,
177,2010-02-06,57,24-142,VAN,@,BOS,W,1,0,1,1,2,1,0,0,0,,,,5,20.0,27,21:50,4,1,0,0,
178,2010-02-09,58,24-145,VAN,@,TBL,L,0,0,0,-2,0,0,0,0,0,,,,1,0.0,22,16:56,0,0,0,0,
179,2010-02-11,59,24-147,VAN,@,FLA,W,0,0,0,0,0,0,0,0,0,,,,2,0.0,21,13:52,0,0,0,0,
180,2010-02-12,60,24-148,VAN,@,CBJ,W,0,0,0,-1,2,0,0,0,0,,,,3,0.0,26,20:13,3,1,0,0,
181,2010-02-14,61,24-150,VAN,@,MIN,L,1,0,1,0,0,1,0,0,0,,,,4,25.0,21,17:05,1,0,0,0,
182,2010-03-02,62,24-166,VAN,@,CBJ,W,0,1,1,0,2,0,0,0,0,,,,2,0.0,23,17:45,2,0,0,0,
183,2010-03-03,63,24-167,VAN,@,DET,W,0,1,1,1,0,0,0,0,0,,,,2,0.0,24,17:14,0,0,0,0,
184,2010-03-05,64,24-169,VAN,@,CHI,L,0,0,0,-2,0,0,0,0,0,,,,2,0.0,24,16:27,4,0,0,0,
185,2010-03-07,65,24-171,VAN,@,NSH,W,0,1,1,2,0,0,0,0,0,,,,3,0.0,18,15:00,1,0,0,0,
186,2010-03-09,66,24-173,VAN,@,COL,W,0,0,0,-1,0,0,0,0,0,,,,2,0.0,12,8:06,1,0,0,0,
187,2010-03-10,67,24-174,VAN,@,PHX,L-SO,0,0,0,-1,0,0,0,0,0,,,,1,0.0,19,16:33,0,0,0,1,0.0
188,2010-03-13,68,24-177,VAN,,OTT,W,0,0,0,0,2,0,0,0,0,,,,0,,25,17:03,0,0,0,2,0.0
189,2010-03-14,69,24-178,VAN,,CGY,W,0,0,0,0,0,0,0,0,0,,,,2,0.0,24,15:31,0,0,1,0,100.0
190,2010-03-16,70,24-180,VAN,,NYI,L,0,1,1,1,0,0,0,0,0,,,,3,0.0,24,20:43,1,0,0,0,
191,2010-03-18,71,24-182,VAN,,SJS,W,0,0,0,-1,0,0,0,0,0,,,,3,0.0,22,15:38,1,0,0,0,
192,2010-03-20,72,24-184,VAN,,DET,L-OT,0,1,1,0,2,0,0,0,0,,,,2,0.0,27,18:04,0,1,0,0,
193,2010-03-23,73,24-187,VAN,@,EDM,L,1,0,1,-1,0,1,0,0,0,,,,6,16.7,23,19:32,0,0,0,0,
194,2010-03-24,74,24-188,VAN,,ANA,W,0,0,0,-1,0,0,0,0,0,,,,4,0.0,25,19:03,0,0,0,0,
195,2010-03-27,75,24-191,VAN,@,SJS,L,0,0,0,0,2,0,0,0,0,,,,2,0.0,24,18:25,1,0,0,0,
196,2010-03-30,76,24-194,VAN,,PHX,W,1,0,1,1,0,1,0,0,1,,,,2,50.0,23,16:44,0,0,0,1,0.0
197,2010-04-01,77,24-196,VAN,@,LAK,L,0,0,0,-1,0,0,0,0,0,,,,4,0.0,22,19:56,1,1,0,0,
198,2010-04-02,78,24-197,VAN,@,ANA,W,0,0,0,0,0,0,0,0,0,,,,4,0.0,21,15:53,1,0,0,1,0.0
199,2010-04-04,79,24-199,VAN,,MIN,W,0,0,0,-1,0,0,0,0,0,,,,1,0.0,24,15:23,0,0,1,0,100.0
200,2010-04-06,80,24-201,VAN,,COL,L-SO,1,0,1,1,2,1,0,0,0,,,,5,20.0,19,15:51,0,0,1,0,100.0
201,2010-04-08,81,24-203,VAN,@,SJS,L,0,1,1,1,0,0,0,0,0,,,,2,0.0,21,15:45,1,2,0,0,
202,2010-04-10,82,24-205,VAN,,CGY,W,0,1,1,0,0,0,0,0,0,,,,0,,17,12:29,0,0,0,3,0.0
203,2010-10-09,1,25-022,VAN,,LAK,L-SO,0,0,0,0,0,0,0,0,0,,,,5,0.0,24,18:26,0,1,1,0,100.0
204,2010-10-11,2,25-024,VAN,,FLA,W,0,0,0,0,0,0,0,0,0,,,,5,0.0,23,16:47,0,3,0,0,
205,2010-10-13,3,25-026,VAN,@,ANA,L,0,0,0,0,0,0,0,0,0,,,,3,0.0,21,16:18,1,0,0,0,
206,2010-10-15,4,25-028,VAN,@,LAK,L,0,0,0,0,0,0,0,0,0,,,,2,0.0,25,16:39,0,0,0,1,0.0
207,2010-10-17,5,25-030,VAN,,CAR,W,2,1,3,2,0,1,1,0,1,,,,3,66.7,21,15:49,0,0,0,0,
208,2010-10-19,6,25-032,VAN,@,MIN,L,0,0,0,0,0,0,0,0,0,,,,3,0.0,23,17:46,0,0,0,0,
209,2010-10-20,7,25-033,VAN,@,CHI,L-SO,0,0,0,-1,0,0,0,0,0,,,,3,0.0,23,16:50,0,0,0,0,
210,2010-10-22,8,25-035,VAN,,MIN,W,0,1,1,1,0,0,0,0,0,,,,3,0.0,22,16:29,0,0,0,0,
211,2010-10-26,9,25-039,VAN,,COL,W,1,0,1,1,0,1,0,0,1,,,,5,20.0,22,19:59,1,0,0,1,0.0
212,2010-11-01,10,25-045,VAN,,NJD,W,0,1,1,1,0,0,0,0,0,,,,0,,17,15:38,0,0,0,0,
213,2010-11-02,11,25-046,VAN,@,EDM,W,0,0,0,-1,0,0,0,0,0,,,,2,0.0,24,17:42,0,0,0,2,0.0
214,2010-11-04,12,25-048,VAN,@,COL,W,0,1,1,-1,2,0,0,0,0,,,,5,0.0,22,16:59,1,0,0,0,
215,2010-11-06,13,25-050,VAN,,DET,W,0,1,1,-1,0,0,0,0,0,,,,2,0.0,23,18:23,1,0,1,0,100.0
216,2010-11-09,14,25-053,VAN,@,MTL,L,0,0,0,-1,0,0,0,0,0,,,,2,0.0,21,16:11,1,0,0,0,
217,2010-11-11,15,25-055,VAN,@,OTT,W,0,1,1,0,0,0,0,0,0,,,,3,0.0,24,17:11,0,0,0,0,
218,2010-11-13,16,25-057,VAN,@,TOR,W,1,1,2,1,0,1,0,0,1,,,,2,50.0,22,16:18,0,0,0,0,
219,2010-11-15,17,25-059,VAN,@,BUF,L-OT,0,0,0,0,0,0,0,0,0,,,,1,0.0,26,19:36,1,0,0,0,
220,2010-11-17,18,25-061,VAN,@,PIT,L,0,0,0,-2,0,0,0,0,0,,,,1,0.0,24,17:29,0,0,1,0,100.0
221,2010-11-20,19,25-064,VAN,,CHI,L,0,0,0,-1,0,0,0,0,0,,,,1,0.0,16,11:38,1,0,1,0,100.0
222,2010-11-21,20,25-065,VAN,,PHX,L,0,1,1,1,0,0,0,0,0,,,,4,0.0,24,20:14,0,0,0,1,0.0
223,2010-11-24,21,25-068,VAN,,COL,W,0,1,1,1,0,0,0,0,0,,,,1,0.0,23,15:49,0,0,0,0,
224,2010-11-26,22,25-070,VAN,,SJS,W,0,0,0,1,0,0,0,0,0,,,,3,0.0,21,14:34,0,1,0,2,0.0
225,2010-12-01,23,25-075,VAN,@,CGY,W,3,1,4,2,0,1,1,1,0,,,,4,75.0,21,14:19,0,0,0,0,
226,2010-12-03,24,25-077,VAN,@,CHI,W,0,0,0,0,0,0,0,0,0,,,,1,0.0,24,17:00,1,0,0,1,0.0
227,2010-12-08,25,25-082,VAN,,ANA,W,0,1,1,0,0,0,0,0,0,,,,2,0.0,17,14:44,0,0,0,0,
228,2011-01-02,26,25-107,VAN,@,COL,W,1,0,1,1,0,1,0,0,1,,,,3,33.3,15,9:17,0,2,1,0,100.0
229,2011-01-03,27,25-108,VAN,@,SJS,W,0,1,1,1,0,0,0,0,0,,,,3,0.0,25,16:29,2,0,0,0,
230,2011-01-05,28,25-110,VAN,,CGY,W,0,1,1,1,0,0,0,0,0,,,,1,0.0,21,16:03,1,0,0,0,
231,2011-01-07,29,25-112,VAN,,EDM,W,0,0,0,1,0,0,0,0,0,,,,2,0.0,20,14:37,0,0,0,0,
232,2011-01-08,30,25-113,VAN,,DET,L-SO,0,0,0,0,0,0,0,0,0,,,,3,0.0,25,15:20,0,0,1,1,50.0
233,2011-01-11,31,25-116,VAN,@,NYI,W,0,0,0,-1,0,0,0,0,0,,,,5,0.0,20,15:18,0,1,0,1,0.0
234,2011-01-13,32,25-118,VAN,@,NYR,L,0,0,0,0,2,0,0,0,0,,,,5,0.0,20,17:12,1,0,0,0,
235,2011-01-14,33,25-119,VAN,@,WSH,W,0,0,0,-1,0,0,0,0,0,,,,1,0.0,22,17:41,0,0,0,0,
236,2011-01-16,34,25-121,VAN,@,MIN,L,0,0,0,0,0,0,0,0,0,,,,3,0.0,21,16:36,1,0,0,0,
237,2011-01-18,35,25-123,VAN,@,COL,L-OT,0,0,0,0,0,0,0,0,0,,,,3,0.0,20,12:14,1,0,2,1,66.7
238,2011-01-20,36,25-125,VAN,,SJS,L-SO,0,0,0,0,0,0,0,0,0,,,,2,0.0,20,16:10,1,0,2,1,66.7
239,2011-01-22,37,25-127,VAN,,CGY,L-SO,0,0,0,0,2,0,0,0,0,,,,6,0.0,26,17:34,0,1,0,2,0.0
240,2011-01-24,38,25-129,VAN,,DAL,W,1,1,2,2,0,1,0,0,0,,,,3,33.3,23,14:47,0,0,0,1,0.0
241,2011-01-26,39,25-131,VAN,,NSH,W,0,0,0,-1,0,0,0,0,0,,,,4,0.0,25,17:44,0,0,0,0,
242,2011-02-01,40,25-137,VAN,@,DAL,W,0,0,0,0,0,0,0,0,0,,,,2,0.0,22,16:19,0,0,0,2,0.0
243,2011-02-02,41,25-138,VAN,@,PHX,W,1,1,2,4,0,1,0,0,0,,,,3,33.3,22,16:36,1,0,0,0,
244,2011-02-04,42,25-140,VAN,,CHI,W,0,0,0,0,0,0,0,0,0,,,,2,0.0,21,14:07,1,0,0,0,
245,2011-02-07,43,25-143,VAN,,OTT,W,0,3,3,2,0,0,0,0,0,,,,3,0.0,21,16:08,2,0,0,0,
246,2011-02-09,44,25-145,VAN,,ANA,L,0,0,0,-3,0,0,0,0,0,,,,3,0.0,22,16:45,1,0,0,0,
247,2011-02-12,45,25-148,VAN,,CGY,W,0,2,2,1,0,0,0,0,0,,,,3,0.0,24,16:16,0,0,0,0,
248,2011-02-14,46,25-150,VAN,@,STL,L,0,0,0,0,0,0,0,0,0,,,,3,0.0,22,15:09,0,0,0,0,
249,2011-02-15,47,25-151,VAN,@,MIN,W,0,1,1,1,0,0,0,0,0,,,,1,0.0,19,13:34,0,0,0,0,
250,2011-02-17,48,25-153,VAN,@,NSH,L,0,0,0,-1,0,0,0,0,0,,,,5,0.0,21,17:07,0,1,0,2,0.0
251,2011-02-19,49,25-155,VAN,,DAL,W,0,0,0,0,0,0,0,0,0,,,,2,0.0,20,16:42,2,0,0,0,
252,2011-02-22,50,25-158,VAN,,MTL,L,0,0,0,-2,2,0,0,0,0,,,,2,0.0,24,17:58,2,0,0,0,
253,2011-02-24,51,25-160,VAN,,STL,W,0,0,0,0,0,0,0,0,0,,,,6,0.0,24,18:14,2,0,1,1,50.0
254,2011-02-26,52,25-162,VAN,,BOS,L,0,0,0,-1,0,0,0,0,0,,,,3,0.0,16,10:53,0,0,0,0,
255,2011-03-01,53,25-165,VAN,,CBJ,W,1,0,1,1,0,1,0,0,0,,,,4,25.0,22,17:27,0,0,0,0,
256,2011-03-03,54,25-167,VAN,,NSH,L,0,0,0,-1,0,0,0,0,0,,,,2,0.0,20,16:47,0,0,0,0,
257,2011-03-05,55,25-169,VAN,@,LAK,W,0,0,0,0,0,0,0,0,0,,,,5,0.0,20,14:13,2,0,0,0,
258,2011-03-06,56,25-170,VAN,@,ANA,W,0,0,0,0,0,0,0,0,0,,,,0,,12,8:23,0,0,0,0,
259,2011-03-10,57,25-174,VAN,@,SJS,W,1,0,1,-1,0,1,0,0,0,,,,4,25.0,20,11:34,1,0,0,0,
260,2011-03-12,58,25-176,VAN,@,CGY,W,0,0,0,-1,0,0,0,0,0,,,,1,0.0,21,14:12,1,1,0,0,
261,2011-03-14,59,25-178,VAN,,MIN,W,0,0,0,-1,0,0,0,0,0,,,,0,,20,14:22,0,0,0,0,
262,2011-03-16,60,25-180,VAN,,COL,W,0,0,0,0,0,0,0,0,0,,,,5,0.0,19,12:27,1,0,0,0,
263,2011-03-18,61,25-182,VAN,,PHX,L,0,0,0,0,0,0,0,0,0,,,,4,0.0,18,14:05,0,0,1,3,25.0
264,2011-03-23,62,25-187,VAN,@,DET,W,0,0,0,0,2,0,0,0,0,,,,3,0.0,24,16:05,2,0,0,1,0.0
265,2011-03-25,63,25-189,VAN,@,ATL,W,1,0,1,0,0,1,0,0,0,,,,2,50.0,23,16:55,0,0,0,0,
266,2011-03-27,64,25-191,VAN,@,CBJ,W,0,3,3,1,0,0,0,0,0,,,,2,0.0,25,15:15,1,2,0,0,
267,2011-03-29,65,25-193,VAN,@,NSH,W,0,0,0,-1,0,0,0,0,0,,,,3,0.0,27,17:01,1,0,0,1,0.0
268,2011-03-31,66,25-195,VAN,,LAK,W,0,0,0,1,0,0,0,0,0,,,,0,,20,15:07,0,1,3,2,60.0
269,2011-04-02,67,25-197,VAN,,EDM,L,0,0,0,0,0,0,0,0,0,,,,6,0.0,20,14:47,2,0,4,3,57.1
270,2011-04-05,68,25-200,VAN,@,EDM,L,0,0,0,0,0,0,0,0,0,,,,2,0.0,23,14:58,0,0,1,3,25.0
271,2011-04-07,69,25-202,VAN,,MIN,W,2,0,2,2,0,2,0,0,1,,,,4,50.0,22,14:17,0,0,2,1,66.7
272,2011-04-09,70,25-204,VAN,@,CGY,W,0,0,0,1,0,0,0,0,0,,,,2,0.0,25,16:23,1,0,4,5,44.4
273,2011-12-04,1,26-078,VAN,,CGY,W,0,1,1,0,0,0,0,0,0,,,,1,0.0,21,14:35,0,0,1,0,100.0
274,2011-12-06,2,26-080,VAN,,COL,W,0,0,0,0,0,0,0,0,0,,,,1,0.0,24,18:23,1,1,0,0,
275,2011-12-08,3,26-082,VAN,@,MTL,W,1,0,1,2,2,0,0,1,0,,,,3,33.3,30,19:09,0,1,0,1,0.0
276,2011-12-10,4,26-084,VAN,@,OTT,W,0,1,1,1,0,0,0,0,0,,,,1,0.0,25,16:20,1,0,1,1,50.0
277,2011-12-13,5,26-087,VAN,@,CBJ,L-SO,0,0,0,0,0,0,0,0,0,,,,5,0.0,24,16:03,0,0,0,0,
278,2011-12-15,6,26-089,VAN,@,CAR,L,1,1,2,1,2,1,0,0,0,,,,5,20.0,25,16:28,0,0,0,0,
279,2011-12-17,7,26-091,VAN,@,TOR,W,1,0,1,1,0,1,0,0,0,,,,4,25.0,25,16:31,1,0,0,1,0.0
280,2011-12-19,8,26-093,VAN,,MIN,W,0,0,0,0,0,0,0,0,0,,,,1,0.0,20,15:05,1,0,0,1,0.0
281,2011-12-21,9,26-095,VAN,,DET,W,0,1,1,1,0,0,0,0,0,,,,3,0.0,23,13:25,1,0,0,0,
282,2011-12-23,10,26-097,VAN,,CGY,L,0,0,0,0,0,0,0,0,0,,,,2,0.0,21,15:42,0,0,0,0,
283,2011-12-26,11,26-100,VAN,,EDM,W,0,0,0,0,0,0,0,0,0,,,,1,0.0,23,18:44,1,0,2,1,66.7
284,2011-12-28,12,26-102,VAN,@,SJS,W,0,0,0,0,0,0,0,0,0,,,,3,0.0,26,17:28,1,1,0,1,0.0
285,2011-12-29,13,26-103,VAN,@,ANA,W,1,0,1,0,0,1,0,0,1,,,,3,33.3,26,17:53,1,0,0,0,
286,2011-12-31,14,26-105,VAN,@,LAK,L,0,0,0,-1,2,0,0,0,0,,,,4,0.0,25,18:29,0,0,1,0,100.0
287,2012-01-02,15,26-107,VAN,,SJS,L-SO,0,0,0,-1,0,0,0,0,0,,,,5,0.0,22,17:08,0,0,0,0,
288,2012-01-04,16,26-109,VAN,,MIN,W,0,0,0,0,2,0,0,0,0,,,,2,0.0,22,14:01,0,0,0,0,
289,2012-01-07,17,26-112,VAN,@,BOS,W,0,0,0,-1,2,0,0,0,0,,,,4,0.0,26,15:24,3,0,0,1,0.0
290,2012-01-09,18,26-114,VAN,@,FLA,L,0,0,0,-1,0,0,0,0,0,,,,1,0.0,20,15:11,0,0,0,0,
291,2012-01-10,19,26-115,VAN,@,TBL,W,0,1,1,1,0,0,0,0,0,,,,1,0.0,24,18:16,0,1,0,0,
292,2012-01-12,20,26-117,VAN,@,STL,W,0,0,0,-1,0,0,0,0,0,,,,2,0.0,22,15:56,0,0,0,0,
293,2012-01-15,21,26-120,VAN,,ANA,L,1,0,1,0,0,1,0,0,0,,,,3,33.3,22,16:18,0,0,0,0,
294,2012-01-17,22,26-122,VAN,,LAK,L-SO,0,0,0,0,0,0,0,0,0,,,,3,0.0,23,14:09,0,0,1,0,100.0
295,2012-01-21,23,26-126,VAN,,SJS,W,0,2,2,2,0,0,0,0,0,,,,1,0.0,19,12:41,0,0,0,0,
296,2012-01-24,24,26-129,VAN,,EDM,W,0,0,0,0,0,0,0,0,0,,,,2,0.0,19,14:43,0,0,0,0,
297,2012-01-31,25,26-136,VAN,,CHI,W,0,0,0,1,0,0,0,0,0,,,,1,0.0,19,12:35,1,0,0,0,
298,2012-02-02,26,26-138,VAN,,DET,L-SO,1,0,1,1,0,1,0,0,0,,,,1,100.0,27,20:31,0,0,0,1,0.0
299,2012-02-04,27,26-140,VAN,@,COL,W,0,0,0,1,2,0,0,0,0,,,,1,0.0,25,20:35,0,2,0,0,
300,2012-02-07,28,26-143,VAN,@,NSH,W,0,0,0,-1,0,0,0,0,0,,,,1,0.0,22,14:34,0,1,0,0,
301,2012-02-09,29,26-145,VAN,@,MIN,W,0,0,0,0,2,0,0,0,0,,,,1,0.0,20,12:08,0,0,0,0,
302,2012-02-11,30,26-147,VAN,@,CGY,L-SO,0,0,0,1,0,0,0,0,0,,,,4,0.0,25,15:16,0,0,0,2,0.0
303,2012-02-13,31,26-149,VAN,,PHX,W,0,0,0,-1,0,0,0,0,0,,,,2,0.0,21,15:03,4,1,0,0,
304,2012-02-15,32,26-151,VAN,,COL,W,0,1,1,1,0,0,0,0,0,,,,1,0.0,21,14:53,1,0,0,0,
305,2012-02-18,33,26-154,VAN,,TOR,W,0,0,0,0,0,0,0,0,0,,,,0,,18,13:38,2,0,0,0,
306,2012-02-19,34,26-155,VAN,@,EDM,W,0,0,0,-1,0,0,0,0,0,,,,0,,22,13:01,0,0,0,0,
307,2012-02-21,35,26-157,VAN,@,NSH,L,0,0,0,0,0,0,0,0,0,,,,2,0.0,21,15:45,1,0,0,0,
308,2012-02-23,36,26-159,VAN,@,DET,W,0,0,0,1,0,0,0,0,0,,,,2,0.0,25,18:28,1,0,0,1,0.0
309,2012-02-24,37,26-160,VAN,@,NJD,W,1,0,1,0,0,1,0,0,1,,,,2,50.0,22,12:01,1,0,0,0,
310,2012-02-26,38,26-162,VAN,@,DAL,L-OT,1,0,1,1,0,1,0,0,0,,,,2,50.0,23,15:21,0,0,0,1,0.0
311,2012-02-28,39,26-164,VAN,@,PHX,L-SO,0,0,0,0,0,0,0,0,0,,,,4,0.0,25,18:03,1,0,0,0,
312,2012-03-01,40,26-166,VAN,,STL,W,0,0,0,0,0,0,0,0,0,,,,3,0.0,20,16:42,1,1,0,1,0.0
313,2012-03-03,41,26-168,VAN,,BUF,L,0,0,0,1,0,0,0,0,0,,,,0,,17,13:07,0,0,0,0,
314,2012-03-06,42,26-171,VAN,,DAL,L,0,0,0,0,0,0,0,0,0,,,,2,0.0,17,9:02,0,0,0,0,
315,2012-03-08,43,26-173,VAN,,WPG,W,0,0,0,1,0,0,0,0,0,,,,2,0.0,15,11:52,0,1,0,1,0.0
316,2012-03-10,44,26-175,VAN,,MTL,L,0,0,0,-1,2,0,0,0,0,,,,4,0.0,23,13:06,1,0,0,1,0.0
317,2012-03-14,45,26-179,VAN,,PHX,L,0,0,0,-1,0,0,0,0,0,,,,1,0.0,21,15:37,0,0,0,0,
318,2012-03-17,46,26-182,VAN,,CBJ,W,0,0,0,0,0,0,0,0,0,,,,3,0.0,23,16:04,0,0,0,0,
319,2012-03-21,47,26-186,VAN,@,CHI,L-OT,0,0,0,-1,0,0,0,0,0,,,,5,0.0,29,20:13,3,0,0,0,
320,2012-03-22,48,26-187,VAN,@,DAL,W,1,1,2,2,0,1,0,0,0,,,,2,50.0,24,18:10,0,1,0,0,
321,2012-03-24,49,26-189,VAN,@,COL,W,1,0,1,0,0,0,1,0,0,,,,6,16.7,26,19:18,0,0,1,0,100.0
322,2012-03-26,50,26-191,VAN,,LAK,W,0,0,0,0,0,0,0,0,0,,,,3,0.0,24,17:18,2,0,0,0,
323,2012-03-28,51,26-193,VAN,,COL,W,0,0,0,0,0,0,0,0,0,,,,3,0.0,18,14:55,0,0,0,1,0.0
324,2012-03-30,52,26-195,VAN,,DAL,W,0,0,0,-2,0,0,0,0,0,,,,1,0.0,20,15:39,0,1,0,1,0.0
325,2012-03-31,53,26-196,VAN,,CGY,W,0,0,0,-1,2,0,0,0,0,,,,1,0.0,15,11:41,0,1,0,0,
326,2012-04-03,54,26-199,VAN,,ANA,W,0,1,1,-2,0,0,0,0,0,,,,4,0.0,20,13:23,2,0,0,0,
327,2012-04-05,55,26-201,VAN,@,CGY,L,0,0,0,0,0,0,0,0,0,,,,0,,16,11:14,0,0,0,1,0.0
328,2013-01-19,1,27-124,VAN,,ANA,L,0,0,0,-1,0,0,0,0,0,,,,2,0.0,19,13:28,0,0,0,0,
329,2013-01-20,2,27-125,VAN,,EDM,L-SO,0,0,0,1,0,0,0,0,0,,,,1,0.0,22,16:29,2,0,0,1,0.0
330,2013-01-23,3,27-128,VAN,,CGY,W,1,0,1,0,0,0,1,0,0,,,,5,20.0,20,15:19,0,0,0,0,
331,2013-01-25,4,27-130,VAN,@,ANA,W,2,0,2,1,0,1,1,0,0,,,,3,66.7,22,17:45,1,0,0,0,
332,2013-01-27,5,27-132,VAN,@,SJS,L,0,0,0,0,2,0,0,0,0,,,,0,,24,15:29,0,0,1,0,100.0
333,2013-01-28,6,27-133,VAN,@,LAK,L-SO,0,0,0,0,0,0,0,0,0,,,,3,0.0,18,14:46,0,0,0,1,0.0
334,2013-01-30,7,27-135,VAN,,COL,W,0,0,0,0,0,0,0,0,0,,,,0,,21,14:48,0,0,0,0,
335,2013-02-01,8,27-137,VAN,,CHI,W,0,0,0,1,2,0,0,0,0,,,,3,0.0,21,12:50,0,0,0,0,
336,2013-02-04,9,27-140,VAN,@,EDM,W,0,1,1,1,0,0,0,0,0,,,,3,0.0,23,18:45,1,0,2,0,100.0
337,2013-02-07,10,27-143,VAN,@,MIN,W,1,1,2,1,0,0,1,0,0,,,,1,100.0,21,15:14,0,0,0,0,
338,2013-02-09,11,27-145,VAN,,CGY,W,0,1,1,1,0,0,0,0,0,,,,2,0.0,21,15:07,0,1,0,0,
339,2013-02-12,12,27-148,VAN,,MIN,W,0,1,1,1,0,0,0,0,0,,,,2,0.0,17,14:48,2,0,0,1,0.0
340,2013-02-15,13,27-151,VAN,,DAL,L,0,0,0,-2,0,0,0,0,0,,,,2,0.0,21,14:45,0,0,0,0,
341,2013-02-17,14,27-153,VAN,,STL,L-SO,1,0,1,-2,0,0,1,0,0,,,,2,50.0,22,16:39,0,0,1,1,50.0
342,2013-02-19,15,27-155,VAN,@,CHI,L-SO,0,0,0,0,0,0,0,0,0,,,,0,,21,15:46,0,1,1,2,33.3
343,2013-02-21,16,27-157,VAN,@,DAL,W,0,0,0,0,2,0,0,0,0,,,,2,0.0,23,16:53,0,0,0,0,
344,2013-02-22,17,27-158,VAN,@,NSH,W,0,0,0,0,0,0,0,0,0,,,,2,0.0,20,14:45,1,0,0,0,
345,2013-02-24,18,27-160,VAN,@,DET,L,0,0,0,-1,0,0,0,0,0,,,,0,,20,16:17,1,0,0,0,
346,2013-02-26,19,27-162,VAN,,PHX,L,0,0,0,-1,0,0,0,0,0,,,,0,,18,15:22,0,0,0,0,
347,2013-03-02,20,27-166,VAN,,LAK,W,1,1,2,3,0,1,0,0,0,,,,1,100.0,22,15:25,2,0,1,8,11.1
348,2013-03-03,21,27-167,VAN,@,CGY,L,0,0,0,1,0,0,0,0,0,,,,1,0.0,21,15:31,0,0,5,3,62.5
349,2013-03-05,22,27-169,VAN,,SJS,L-SO,0,1,1,1,0,0,0,0,0,,,,1,0.0,24,18:44,0,0,1,6,14.3
350,2013-03-07,23,27-171,VAN,@,CBJ,L-OT,0,0,0,-1,0,0,0,0,0,,,,1,0.0,23,15:40,0,0,4,6,40.0
351,2013-03-10,24,27-174,VAN,@,MIN,L,0,0,0,-2,2,0,0,0,0,,,,2,0.0,19,14:06,0,0,0,1,0.0
352,2013-03-12,25,27-176,VAN,@,CBJ,W,0,0,0,1,0,0,0,0,0,,,,7,0.0,24,16:30,1,0,0,0,
353,2013-03-14,26,27-178,VAN,,NSH,W,1,1,2,3,0,1,0,0,0,,,,1,100.0,25,15:32,0,0,1,1,50.0
354,2013-03-16,27,27-180,VAN,,DET,L,0,0,0,-2,0,0,0,0,0,,,,1,0.0,26,17:05,0,0,0,0,
355,2013-03-18,28,27-182,VAN,,MIN,L,0,0,0,-1,0,0,0,0,0,,,,3,0.0,23,14:34,1,0,0,0,
356,2013-03-19,29,27-183,VAN,,STL,W,0,1,1,1,2,0,0,0,0,,,,1,0.0,23,17:39,1,1,0,1,0.0
357,2013-03-21,30,27-185,VAN,@,PHX,W,0,1,1,2,0,0,0,0,0,,,,2,0.0,24,17:33,0,2,0,1,0.0
358,2013-03-23,31,27-187,VAN,@,LAK,W,1,0,1,1,0,1,0,0,1,,,,3,33.3,24,17:21,3,0,0,0,
359,2013-03-24,32,27-188,VAN,@,COL,W,1,0,1,1,0,1,0,0,0,,,,6,16.7,24,15:59,0,0,0,0,
360,2013-03-26,33,27-190,VAN,,CBJ,W,0,0,0,0,0,0,0,0,0,,,,2,0.0,26,18:21,0,0,0,0,
361,2013-03-28,34,27-192,VAN,,COL,W,0,0,0,0,0,0,0,0,0,,,,1,0.0,20,16:13,1,0,0,0,
362,2013-03-30,35,27-194,VAN,@,EDM,L,0,0,0,-1,0,0,0,0,0,,,,1,0.0,19,15:05,0,1,0,0,
363,2013-04-06,36,27-201,VAN,,CGY,W,0,0,0,1,0,0,0,0,0,,,,1,0.0,20,14:37,0,0,0,0,
364,2013-04-08,37,27-203,VAN,,PHX,W,0,1,1,1,0,0,0,0,0,,,,1,0.0,18,13:54,0,0,0,0,
365,2013-04-10,38,27-205,VAN,@,CGY,W,1,0,1,0,0,1,0,0,0,,,,3,33.3,25,16:58,0,0,0,0,
366,2013-04-13,39,27-208,VAN,@,COL,L,0,0,0,-1,0,0,0,0,0,,,,1,0.0,16,14:17,0,0,0,0,
367,2013-04-15,40,27-210,VAN,@,NSH,W,0,1,1,0,0,0,0,0,0,,,,1,0.0,22,16:20,0,0,0,0,
368,2013-04-16,41,27-211,VAN,@,STL,L-SO,0,0,0,0,0,0,0,0,0,,,,0,,22,15:15,0,2,0,0,
369,2013-04-18,42,27-213,VAN,@,DAL,L,0,0,0,-3,0,0,0,0,0,,,,2,0.0,22,15:13,0,0,0,0,
370,2013-04-20,43,27-215,VAN,,DET,W,0,0,0,0,0,0,0,0,0,,,,0,,26,17:58,0,0,0,0,
371,2013-04-22,44,27-217,VAN,,CHI,W,0,0,0,0,2,0,0,0,0,,,,2,0.0,21,17:15,1,0,0,0,
372,2013-04-25,45,27-220,VAN,,ANA,L,0,0,0,-1,2,0,0,0,0,,,,1,0.0,19,14:24,0,0,0,0,
373,2013-04-27,46,27-222,VAN,@,EDM,L,0,1,1,-2,2,0,0,0,0,,,,0,,22,15:12,0,0,0,0,
374,2013-10-01,1,28-014,TOR,@,MTL,W,1,0,1,0,0,1,0,0,1,,,,5,20.0,25,18:26,1,0,0,0,
375,2013-10-02,2,28-015,TOR,@,PHI,W,0,0,0,0,0,0,0,0,0,,,,0,,18,10:10,0,1,0,0,
376,2013-10-05,3,28-018,TOR,,OTT,W,1,2,3,1,0,1,0,0,0,,,,4,25.0,28,19:00,0,0,0,0,
377,2013-10-08,4,28-021,TOR,,COL,L,0,0,0,-1,0,0,0,0,0,,,,1,0.0,29,20:43,0,0,0,1,0.0
378,2013-10-10,5,28-023,TOR,@,NSH,W,0,0,0,0,0,0,0,0,0,,,,2,0.0,23,16:16,0,0,0,0,
379,2013-10-12,6,28-025,TOR,,EDM,W,0,2,2,-1,0,0,0,0,0,,,,2,0.0,25,17:43,0,1,0,1,0.0
380,2013-10-15,7,28-028,TOR,,MIN,W,2,0,2,1,2,1,1,0,0,,,,5,40.0,25,18:37,3,0,0,0,
381,2013-10-17,8,28-030,TOR,,CAR,L,0,0,0,-2,0,0,0,0,0,,,,3,0.0,31,24:49,0,0,2,0,100.0
382,2013-10-19,9,28-032,TOR,@,CHI,L,0,0,0,0,0,0,0,0,0,,,,3,0.0,24,18:36,1,0,0,0,
383,2013-10-22,10,28-035,TOR,,ANA,W,0,0,0,0,0,0,0,0,0,,,,3,0.0,26,20:56,2,0,0,3,0.0
384,2013-10-25,11,28-038,TOR,@,CBJ,L,0,1,1,1,0,0,0,0,0,,,,2,0.0,27,18:44,1,0,0,0,
385,2013-10-26,12,28-039,TOR,,PIT,W,0,0,0,1,0,0,0,0,0,,,,4,0.0,26,23:06,1,1,0,0,
386,2013-10-29,13,28-042,TOR,@,EDM,W,0,1,1,1,0,0,0,0,0,,,,2,0.0,23,19:23,0,0,0,0,
387,2013-10-30,14,28-043,TOR,@,CGY,W,1,0,1,2,0,1,0,0,1,,,,1,100.0,30,17:43,0,2,0,0,
388,2013-11-02,15,28-046,TOR,@,VAN,L,0,0,0,-1,0,0,0,0,0,,,,2,0.0,25,19:17,0,0,0,0,
389,2013-11-08,16,28-052,TOR,,NJD,W,0,0,0,0,0,0,0,0,0,,,,1,0.0,29,24:02,1,1,0,0,
390,2013-11-09,17,28-053,TOR,@,BOS,L,0,0,0,0,0,0,0,0,0,,,,3,0.0,23,17:46,1,0,0,0,
391,2013-11-13,18,28-057,TOR,@,MIN,L-SO,1,0,1,-1,0,0,1,0,0,,,,2,50.0,25,17:57,0,0,0,0,
392,2013-11-15,19,28-059,TOR,@,BUF,L,0,1,1,1,0,0,0,0,0,,,,1,0.0,24,18:41,0,0,0,0,
393,2013-11-16,20,28-060,TOR,,BUF,W,1,1,2,1,0,0,1,0,0,,,,3,33.3,21,14:00,0,0,0,0,
394,2013-11-19,21,28-063,TOR,,NYI,W,1,0,1,1,0,1,0,0,1,,,,3,33.3,20,15:57,0,0,0,0,
395,2013-11-21,22,28-065,TOR,,NSH,L,0,1,1,2,4,0,0,0,0,,,,3,0.0,17,15:26,0,0,0,0,
396,2013-11-23,23,28-067,TOR,,WSH,W,0,0,0,0,2,0,0,0,0,,,,1,0.0,21,14:32,0,0,0,0,
397,2013-11-25,24,28-069,TOR,,CBJ,L,0,0,0,0,0,0,0,0,0,,,,1,0.0,19,16:28,0,0,0,0,
398,2013-11-27,25,28-071,TOR,@,PIT,L-SO,0,0,0,0,0,0,0,0,0,,,,0,,23,16:59,1,2,0,0,
399,2013-11-29,26,28-073,TOR,@,BUF,L-OT,0,0,0,0,0,0,0,0,0,,,,5,0.0,22,17:51,1,0,0,0,
400,2013-11-30,27,28-074,TOR,@,MTL,L,1,0,1,0,0,1,0,0,0,,,,4,25.0,28,18:42,0,0,0,0,
401,2013-12-03,28,28-077,TOR,,SJS,L,1,0,1,-1,4,0,1,0,0,,,,4,25.0,25,16:59,1,0,0,1,0.0
402,2013-12-05,29,28-079,TOR,,DAL,W,0,0,0,0,0,0,0,0,0,,,,0,,24,17:46,2,0,0,0,
403,2013-12-07,30,28-081,TOR,@,OTT,W,0,0,0,-1,0,0,0,0,0,,,,3,0.0,30,22:35,0,0,0,1,0.0
404,2013-12-08,31,28-082,TOR,,BOS,L,0,0,0,0,0,0,0,0,0,,,,3,0.0,26,18:19,0,0,0,0,
405,2013-12-11,32,28-085,TOR,,LAK,L,0,0,0,-1,0,0,0,0,0,,,,0,,19,17:55,2,0,0,0,
406,2013-12-12,33,28-086,TOR,@,STL,L,0,1,1,0,0,0,0,0,0,,,,0,,22,16:14,0,1,0,0,
407,2013-12-14,34,28-088,TOR,,CHI,W,0,4,4,1,2,0,0,0,0,,,,2,0.0,24,18:49,0,0,0,0,
408,2013-12-16,35,28-090,TOR,@,PIT,L,0,0,0,-1,0,0,0,0,0,,,,2,0.0,24,17:46,0,0,0,0,
409,2013-12-17,36,28-091,TOR,,FLA,L,1,0,1,0,0,1,0,0,0,,,,2,50.0,16,16:17,0,1,1,0,100.0
410,2013-12-19,37,28-093,TOR,,PHX,W,0,0,0,0,0,0,0,0,0,,,,0,,19,16:55,0,1,0,0,
411,2013-12-21,38,28-095,TOR,,DET,L-SO,0,0,0,1,0,0,0,0,0,,,,3,0.0,23,17:55,0,1,0,0,
412,2013-12-23,39,28-097,TOR,@,NYR,L-SO,0,0,0,0,0,0,0,0,0,,,,1,0.0,20,16:18,0,0,0,0,
413,2013-12-27,40,28-101,TOR,,BUF,W,0,1,1,0,0,0,0,0,0,,,,4,0.0,19,18:02,0,0,0,0,
414,2013-12-29,41,28-103,TOR,,CAR,W,0,0,0,0,0,0,0,0,0,,,,1,0.0,20,12:47,0,0,0,0,
415,2014-01-01,42,28-106,TOR,@,DET,W,0,0,0,-1,0,0,0,0,0,,,,1,0.0,22,15:59,0,0,1,0,100.0
416,2014-01-04,43,28-109,TOR,,NYR,L,0,0,0,-1,0,0,0,0,0,,,,1,0.0,19,14:27,1,0,0,0,
417,2014-01-07,44,28-112,TOR,,NYI,L,1,0,1,0,0,0,1,0,0,,,,1,100.0,23,17:54,1,0,0,1,0.0
418,2014-01-09,45,28-114,TOR,@,CAR,L,0,1,1,0,0,0,0,0,0,,,,2,0.0,22,18:52,1,0,0,0,
419,2014-01-10,46,28-115,TOR,@,WSH,L,0,0,0,0,0,0,0,0,0,,,,1,0.0,18,17:37,0,0,0,0,
420,2014-01-12,47,28-117,TOR,,NJD,W,0,0,0,-1,0,0,0,0,0,,,,0,,23,18:32,0,1,0,0,
421,2014-01-14,48,28-119,TOR,@,BOS,W,0,0,0,0,0,0,0,0,0,,,,0,,20,17:24,1,1,0,1,0.0
422,2014-01-15,49,28-120,TOR,,BUF,W,0,1,1,1,0,0,0,0,0,,,,3,0.0,23,17:02,2,0,0,0,
423,2014-01-18,50,28-123,TOR,,MTL,W,1,1,2,1,0,0,1,0,0,,,,6,16.7,22,14:35,0,0,0,0,
424,2014-01-20,51,28-125,TOR,@,PHX,W,0,0,0,-1,0,0,0,0,0,,,,2,0.0,21,13:57,1,0,0,0,
425,2014-01-21,52,28-126,TOR,@,COL,W,0,1,1,0,2,0,0,0,0,,,,0,,22,14:00,0,0,0,0,
426,2014-01-23,53,28-128,TOR,@,DAL,L,0,0,0,-1,0,0,0,0,0,,,,1,0.0,24,18:17,1,1,1,0,100.0
427,2014-01-25,54,28-130,TOR,@,WPG,L-OT,0,0,0,0,0,0,0,0,0,,,,2,0.0,24,16:32,0,0,0,0,
428,2014-01-28,55,28-133,TOR,,TBL,W,0,0,0,-1,0,0,0,0,0,,,,4,0.0,16,13:56,0,0,0,0,
429,2014-01-30,56,28-135,TOR,,FLA,W,1,0,1,0,0,1,0,0,0,,,,4,25.0,24,18:52,1,0,0,0,
430,2014-02-01,57,28-137,TOR,,OTT,W,0,0,0,-1,0,0,0,0,0,,,,3,0.0,26,18:16,1,0,0,0,
431,2014-02-04,58,28-140,TOR,@,FLA,L,0,0,0,-2,0,0,0,0,0,,,,1,0.0,21,17:19,0,0,1,0,100.0
432,2014-02-06,59,28-142,TOR,@,TBL,W,1,0,1,1,0,1,0,0,0,,,,2,50.0,19,15:25,0,2,0,0,
433,2014-02-08,60,28-144,TOR,,VAN,W,1,0,1,1,2,1,0,0,0,,,,4,25.0,22,20:20,1,0,0,0,
434,2014-02-27,61,28-163,TOR,@,NYI,L-OT,0,0,0,-2,0,0,0,0,0,,,,3,0.0,21,14:57,0,0,0,0,
435,2014-03-01,62,28-165,TOR,@,MTL,L-OT,0,0,0,0,0,0,0,0,0,,,,2,0.0,22,15:46,0,0,0,0,
436,2014-03-03,63,28-167,TOR,,CBJ,L,1,0,1,1,0,1,0,0,0,,,,4,25.0,22,17:18,0,0,0,0,
437,2014-03-05,64,28-169,TOR,@,NYR,W,0,0,0,0,0,0,0,0,0,,,,2,0.0,18,12:46,1,1,1,0,100.0
438,2014-03-08,65,28-172,TOR,,PHI,W,1,0,1,0,2,1,0,0,0,,,,2,50.0,22,17:00,1,1,0,0,
439,2014-03-10,66,28-174,TOR,@,ANA,W,0,0,0,0,0,0,0,0,0,,,,2,0.0,23,15:55,0,0,0,0,
440,2014-03-11,67,28-175,TOR,@,SJS,L,0,2,2,0,0,0,0,0,0,,,,1,0.0,22,17:40,0,1,0,0,
441,2014-03-13,68,28-177,TOR,@,LAK,W,1,0,1,2,0,0,0,1,1,,,,3,33.3,16,12:17,0,0,0,0,
442,2014-03-16,69,28-180,TOR,@,WSH,L,0,1,1,1,0,0,0,0,0,,,,1,0.0,25,13:54,1,0,0,0,
443,2014-03-18,70,28-182,TOR,@,DET,L,0,0,0,0,2,0,0,0,0,,,,2,0.0,23,16:46,0,1,0,0,
444,2014-03-19,71,28-183,TOR,,TBL,L,0,0,0,0,0,0,0,0,0,,,,0,,20,18:47,0,0,0,0,
445,2014-03-22,72,28-186,TOR,,MTL,L,0,2,2,-1,0,0,0,0,0,,,,3,0.0,22,16:41,1,0,0,0,
446,2014-03-23,73,28-187,TOR,@,NJD,L,0,0,0,-1,0,0,0,0,0,,,,0,,25,16:58,0,0,0,0,
447,2014-03-25,74,28-189,TOR,,STL,L,0,0,0,-1,0,0,0,0,0,,,,1,0.0,19,13:30,1,0,0,0,
448,2014-03-28,75,28-192,TOR,@,PHI,L,0,1,1,1,0,0,0,0,0,,,,4,0.0,21,16:56,1,0,0,0,
449,2014-03-29,76,28-193,TOR,,DET,L,0,0,0,-2,0,0,0,0,0,,,,5,0.0,21,17:20,0,1,0,0,
450,2014-04-01,77,28-196,TOR,,CGY,W,0,1,1,1,0,0,0,0,0,,,,1,0.0,23,16:41,2,0,0,0,
451,2014-04-03,78,28-198,TOR,,BOS,W,0,0,0,-3,0,0,0,0,0,,,,2,0.0,22,17:25,0,0,0,0,
452,2014-04-05,79,28-200,TOR,,WPG,L,0,0,0,0,0,0,0,0,0,,,,1,0.0,26,21:53,0,1,0,0,
453,2014-04-08,80,28-203,TOR,@,TBL,L,0,0,0,-1,0,0,0,0,0,,,,3,0.0,21,16:08,0,0,0,0,
454,2014-04-10,81,28-205,TOR,@,FLA,L,0,0,0,0,0,0,0,0,0,,,,4,0.0,25,20:55,0,0,0,0,
455,2014-04-12,82,28-207,TOR,@,OTT,L,0,0,0,0,0,0,0,0,0,,,,3,0.0,21,18:54,1,1,0,0,
456,2014-10-08,1,29-021,CGY,,VAN,L,0,0,0,-2,2,0,0,0,0,0,0,0,2,0.0,25,16:59,0,1,0,0,
457,2014-10-09,2,29-022,CGY,@,EDM,W,3,0,3,3,0,3,0,0,1,0,0,0,5,60.0,22,15:34,0,1,0,0,
458,2014-10-11,3,29-024,CGY,@,STL,L,0,0,0,0,0,0,0,0,0,0,0,0,3,0.0,21,17:02,0,0,0,1,0.0
459,2014-10-14,4,29-027,CGY,@,NSH,W,0,0,0,-1,0,0,0,0,0,0,0,0,2,0.0,26,17:34,0,1,0,0,
460,2014-10-15,5,29-028,CGY,@,CHI,W,0,0,0,0,0,0,0,0,0,0,0,0,0,,29,19:21,0,1,0,0,
461,2014-10-17,6,29-030,CGY,@,CBJ,L,1,0,1,0,2,1,0,0,0,0,0,0,5,20.0,27,17:40,0,0,0,0,
462,2014-10-19,7,29-032,CGY,@,WPG,W,1,2,3,2,0,1,0,0,0,1,1,0,3,33.3,22,14:56,0,0,0,0,
463,2014-10-21,8,29-034,CGY,,TBL,L-OT,0,0,0,0,0,0,0,0,0,0,0,0,1,0.0,25,18:31,0,0,0,0,
464,2014-10-23,9,29-036,CGY,,CAR,W,0,0,0,0,0,0,0,0,0,0,0,0,2,0.0,23,16:26,0,0,0,0,
465,2014-10-25,10,29-038,CGY,,WSH,L,0,0,0,0,0,0,0,0,0,0,0,0,1,0.0,23,20:39,0,0,0,0,
466,2014-12-09,11,29-083,CGY,@,TOR,L,0,0,0,-1,0,0,0,0,0,0,0,0,3,0.0,21,16:20,0,0,0,0,
467,2014-12-11,12,29-085,CGY,@,BUF,L,0,0,0,-1,0,0,0,0,0,0,0,0,2,0.0,17,11:13,0,1,0,0,
468,2014-12-12,13,29-086,CGY,@,PIT,L,0,0,0,-1,0,0,0,0,0,0,0,0,1,0.0,22,15:17,0,0,0,0,
469,2014-12-14,14,29-088,CGY,@,CHI,L,0,0,0,0,0,0,0,0,0,0,0,0,2,0.0,14,9:31,0,1,0,0,
470,2014-12-16,15,29-090,CGY,,NYR,L,0,0,0,1,0,0,0,0,0,0,0,0,3,0.0,21,13:08,0,0,0,0,
471,2014-12-19,16,29-093,CGY,,DAL,L,0,0,0,0,0,0,0,0,0,0,0,0,1,0.0,21,15:09,0,0,0,0,
472,2014-12-20,17,29-094,CGY,@,VAN,L-OT,0,0,0,-1,0,0,0,0,0,0,0,0,4,0.0,22,14:37,1,0,0,0,
473,2014-12-22,18,29-096,CGY,@,LAK,W,0,0,0,0,0,0,0,0,0,0,0,0,1,0.0,22,14:30,1,0,0,0,
474,2014-12-27,19,29-101,CGY,,EDM,W,0,0,0,1,0,0,0,0,0,0,0,0,1,0.0,18,12:05,0,0,0,1,0.0
475,2014-12-29,20,29-103,CGY,,LAK,W,0,0,0,0,0,0,0,0,0,0,0,0,2,0.0,19,12:11,0,0,0,0,
476,2015-01-07,21,29-112,CGY,,DET,L,1,0,1,0,0,1,0,0,0,0,0,0,3,33.3,23,17:51,0,0,0,0,
477,2015-01-09,22,29-114,CGY,,FLA,L,0,0,0,-3,0,0,0,0,0,0,0,0,1,0.0,19,11:49,0,0,0,0,
478,2015-01-17,23,29-122,CGY,@,SJS,W,0,1,1,1,0,0,0,0,0,1,0,0,1,0.0,20,14:36,0,1,0,0,
479,2015-01-19,24,29-124,CGY,@,LAK,W,0,0,0,0,0,0,0,0,0,0,0,0,0,,20,14:21,1,0,0,0,
480,2015-01-21,25,29-126,CGY,@,ANA,L,0,0,0,-4,0,0,0,0,0,0,0,0,2,0.0,23,15:06,2,0,0,1,0.0
481,2015-01-27,26,29-132,CGY,,BUF,W,0,0,0,2,0,0,0,0,0,0,0,0,1,0.0,23,14:59,0,0,0,0,
482,2015-01-29,27,29-134,CGY,,MIN,L,0,0,0,0,0,0,0,0,0,0,0,0,4,0.0,21,15:21,0,2,0,0,
483,2015-01-31,28,29-136,CGY,,EDM,W,0,1,1,0,0,0,0,0,0,1,0,0,3,0.0,27,13:51,0,0,0,0,
484,2015-02-02,29,29-138,CGY,,WPG,W,1,0,1,1,0,1,0,0,0,0,0,0,2,50.0,23,15:35,0,0,0,0,
485,2015-02-04,30,29-140,CGY,,SJS,W,1,0,1,1,0,1,0,0,0,0,0,0,2,50.0,16,10:28,0,0,0,0,
486,2015-02-06,31,29-142,CGY,,PIT,L,0,0,0,0,0,0,0,0,0,0,0,0,2,0.0,20,14:30,0,0,0,0,
487,2015-02-09,32,29-145,CGY,@,SJS,W,1,0,1,1,0,1,0,0,0,0,0,0,3,33.3,23,15:01,0,0,0,0,
488,2015-02-12,33,29-148,CGY,@,LAK,L,2,0,2,1,0,2,0,0,0,0,0,0,4,50.0,22,19:28,0,0,0,0,
489,2015-02-14,34,29-150,CGY,,VAN,W,0,0,0,-1,0,0,0,0,0,0,0,0,4,0.0,24,15:12,0,0,0,0,
490,2015-02-16,35,29-152,CGY,,BOS,W,0,0,0,-1,0,0,0,0,0,0,0,0,2,0.0,23,16:26,0,1,0,0,
491,2015-02-18,36,29-154,CGY,,MIN,L-OT,0,0,0,-1,0,0,0,0,0,0,0,0,3,0.0,23,17:26,0,1,0,0,
492,2015-02-20,37,29-156,CGY,,ANA,L,0,0,0,-1,0,0,0,0,0,0,0,0,3,0.0,23,15:39,0,0,0,0,
493,2015-03-03,38,29-167,CGY,@,PHI,W,0,1,1,0,2,0,0,0,0,1,0,0,1,0.0,29,19:04,0,1,0,0,
494,2015-03-05,39,29-169,CGY,@,BOS,W,0,0,0,-1,0,0,0,0,0,0,0,0,2,0.0,20,13:38,0,0,0,0,
495,2015-03-06,40,29-170,CGY,@,DET,W,1,0,1,1,2,1,0,0,0,0,0,0,2,50.0,19,12:58,0,0,0,0,
496,2015-03-08,41,29-172,CGY,@,OTT,L-SO,0,1,1,-2,0,0,0,0,0,1,0,0,6,0.0,27,17:47,0,0,0,0,
497,2015-03-11,42,29-175,CGY,,ANA,W,0,0,0,1,0,0,0,0,0,0,0,0,1,0.0,20,14:39,0,0,0,0,
498,2015-03-13,43,29-177,CGY,,TOR,W,0,1,1,0,0,0,0,0,0,1,0,0,1,0.0,19,14:40,0,0,0,0,
499,2015-03-14,44,29-178,CGY,@,COL,L,0,0,0,-1,0,0,0,0,0,0,0,0,1,0.0,22,14:45,0,0,0,0,
500,2015-03-17,45,29-181,CGY,,STL,L,0,0,0,0,0,0,0,0,0,0,0,0,3,0.0,22,18:10,1,0,0,0,
501,2015-03-19,46,29-183,CGY,,PHI,W,0,0,0,0,0,0,0,0,0,0,0,0,1,0.0,23,13:23,0,0,0,0,
502,2015-03-21,47,29-185,CGY,,CBJ,L-OT,0,0,0,-1,0,0,0,0,0,0,0,0,3,0.0,19,12:19,0,0,0,0,
503,2015-03-23,48,29-187,CGY,,COL,W,0,0,0,0,0,0,0,0,0,0,0,0,0,,11,9:47,0,,,,
504,2015-03-25,49,29-189,CGY,,DAL,L-SO,0,1,1,1,0,0,0,0,0,1,0,0,0,,18,12:04,0,0,0,0,
505,2015-03-27,50,29-191,CGY,@,MIN,L,0,1,1,-1,0,0,0,0,0,1,0,0,2,0.0,19,13:32,0,1,0,0,
506,2015-03-29,51,29-193,CGY,@,NSH,W,0,0,0,0,0,0,0,0,0,0,0,0,6,0.0,19,13:33,0,0,0,0,
507,2015-03-30,52,29-194,CGY,@,DAL,W,0,0,0,0,0,0,0,0,0,0,0,0,1,0.0,18,12:53,0,0,0,0,
508,2015-04-02,53,29-197,CGY,@,STL,L,0,0,0,0,0,0,0,0,0,0,0,0,2,0.0,23,15:10,1,0,0,0,
509,2015-04-04,54,29-199,CGY,@,EDM,W,0,1,1,1,0,0,0,0,0,1,0,0,2,0.0,23,14:34,0,0,0,0,
510,2015-04-07,55,29-202,CGY,,ARI,W,0,0,0,-1,0,0,0,0,0,0,0,0,3,0.0,22,12:37,0,0,0,0,
511,2015-04-09,56,29-204,CGY,,LAK,W,0,1,1,1,0,0,0,0,0,1,0,0,1,0.0,19,13:30,0,0,0,0,
512,2015-04-11,57,29-206,CGY,@,WPG,L,0,0,0,-2,0,0,0,0,0,0,0,0,1,0.0,15,8:58,0,0,0,0,
513,2015-10-10,1,30-023,CGY,@,VAN,W,0,0,0,-1,0,0,0,0,0,0,0,0,5,0.0,21,13:56,0,0,0,0,
514,2015-10-13,2,30-026,CGY,,STL,L,1,0,1,0,0,1,0,0,0,0,0,0,2,50.0,23,14:08,0,0,0,0,
515,2015-10-16,3,30-029,CGY,@,WPG,L,0,0,0,-1,0,0,0,0,0,0,0,0,4,0.0,16,10:45,0,0,0,0,
516,2015-10-17,4,30-030,CGY,,EDM,L,0,0,0,-1,0,0,0,0,0,0,0,0,1,0.0,21,13:47,1,0,0,0,
517,2015-10-23,5,30-036,CGY,,DET,W,0,0,0,0,0,0,0,0,0,0,0,0,1,0.0,19,12:27,0,0,0,0,
518,2015-10-28,6,30-041,CGY,@,OTT,L-SO,0,0,0,0,0,0,0,0,0,0,0,0,3,0.0,18,12:50,1,0,0,0,
519,2015-10-30,7,30-043,CGY,,MTL,L,0,0,0,-2,0,0,0,0,0,0,0,0,3,0.0,19,12:48,0,1,0,0,
520,2015-10-31,8,30-044,CGY,@,EDM,W,0,1,1,1,0,0,0,0,0,1,0,0,0,,12,6:50,0,0,0,0,
521,2015-11-03,9,30-047,CGY,@,COL,L,0,0,0,0,2,0,0,0,0,0,0,0,1,0.0,17,9:47,0,0,0,0,
522,2015-11-07,10,30-051,CGY,,PIT,W,0,0,0,0,0,0,0,0,0,0,0,0,2,0.0,12,5:48,0,0,0,0,
523,2015-11-20,11,30-064,CGY,,CHI,W,0,0,0,1,0,0,0,0,0,0,0,0,4,0.0,22,17:35,1,0,1,0,100.0
524,2015-11-24,12,30-068,CGY,@,ANA,L,0,0,0,0,0,0,0,0,0,0,0,0,1,0.0,18,12:10,1,0,0,0,
525,2015-12-01,13,30-075,CGY,,DAL,W,0,0,0,1,0,0,0,0,0,0,0,0,1,0.0,19,14:48,1,0,0,1,0.0
526,2015-12-04,14,30-078,CGY,,BOS,W,0,0,0,0,0,0,0,0,0,0,0,0,0,,17,11:37,0,0,0,0,
527,2015-12-08,15,30-082,CGY,,SJS,W,0,0,0,1,2,0,0,0,0,0,0,0,2,0.0,16,11:17,0,0,1,0,100.0
528,2015-12-10,16,30-084,CGY,,BUF,W,0,0,0,-1,0,0,0,0,0,0,0,0,3,0.0,20,14:32,0,1,0,1,0.0
529,2015-12-12,17,30-086,CGY,,NYR,W,1,0,1,1,0,1,0,0,0,0,0,0,2,50.0,15,11:14,1,0,1,0,100.0
530,2015-12-15,18,30-089,CGY,@,NSH,W,0,0,0,0,0,0,0,0,0,0,0,0,0,,17,11:46,0,0,0,1,0.0
531,2015-12-17,19,30-091,CGY,@,DAL,W,1,0,1,0,0,1,0,0,0,0,0,0,1,100.0,20,11:09,1,2,0,0,
532,2015-12-19,20,30-093,CGY,@,STL,L,0,0,0,1,0,0,0,0,0,0,0,0,3,0.0,23,16:24,1,0,0,1,0.0
533,2015-12-20,21,30-094,CGY,@,DET,L,0,0,0,-1,0,0,0,0,0,0,0,0,0,,19,13:59,0,0,0,0,
534,2015-12-22,22,30-096,CGY,,WPG,W,0,0,0,0,0,0,0,0,0,0,0,0,1,0.0,18,13:32,0,1,0,0,
535,2015-12-27,23,30-101,CGY,,EDM,W,0,0,0,-1,0,0,0,0,0,0,0,0,2,0.0,21,12:52,1,1,0,0,
536,2016-01-05,24,30-110,CGY,,TBL,W,0,0,0,0,0,0,0,0,0,0,0,0,1,0.0,19,14:14,0,1,0,0,
537,2016-01-07,25,30-112,CGY,,ARI,L,0,0,0,-1,2,0,0,0,0,0,0,0,1,0.0,14,10:09,0,0,0,0,
538,2016-01-13,26,30-118,CGY,,FLA,W,1,0,1,1,2,1,0,0,0,0,0,0,5,20.0,19,13:17,0,0,0,0,
539,2016-01-16,27,30-121,CGY,@,EDM,L-SO,0,0,0,0,0,0,0,0,0,0,0,0,2,0.0,18,12:51,0,0,0,0,
540,2016-01-19,28,30-124,CGY,@,NJD,L,0,0,0,0,0,0,0,0,0,0,0,0,1,0.0,15,9:40,1,0,0,0,
541,2016-01-27,29,30-132,CGY,,NSH,L,0,0,0,-1,0,0,0,0,0,0,0,0,1,0.0,18,11:42,2,0,0,0,
542,2016-10-13,1,31-026,ANA,@,DAL,L,0,0,0,-2,0,0,0,0,0,0,0,0,0,,16,7:37,0,0,0,1,0.0
543,2016-10-15,2,31-028,ANA,@,PIT,L,0,0,0,0,0,0,0,0,0,0,0,0,2,0.0,12,8:33,0,0,0,0,
544,2016-10-16,3,31-029,ANA,@,NYI,L-OT,0,0,0,0,0,0,0,0,0,0,0,0,1,0.0,16,12:31,3,0,0,0,
545,2016-10-18,4,31-031,ANA,@,NJD,L,0,0,0,0,0,0,0,0,0,0,0,0,0,,9,6:57,0,0,0,0,
