,date_game,game_season,age,team_id,game_location,opp_id,game_result,goals,assists,points,plus_minus,pen_min,goals_ev,goals_pp,goals_sh,goals_gw,assists_ev,assists_pp,assists_sh,shots,shot_pct,shifts,time_on_ice,hits_all,blocks_all,faceoff_wins_all,faceoff_losses_all,faceoff_percentage_all
0,2017-01-31,1,27-266,PIT,,NSH,W,0,0,0,-1,0,0,0,0,0,0,0,0,0,,11,9:20,2,0,3,7,30.0
1,2017-02-03,2,27-269,PIT,,CBJ,W,0,0,0,0,0,0,0,0,0,0,0,0,3,0.0,12,10:53,3,0,6,0,100.0
2,2017-02-04,3,27-270,PIT,@,STL,W,0,1,1,1,0,0,0,0,0,1,0,0,0,,15,11:09,3,3,5,6,45.5
3,2017-02-07,4,27-273,PIT,,CGY,L-SO,0,0,0,0,0,0,0,0,0,0,0,0,0,,19,11:57,0,0,5,3,62.5
4,2017-02-09,5,27-275,PIT,@,COL,W,0,0,0,0,0,0,0,0,0,0,0,0,1,0.0,17,10:02,0,1,1,3,25.0
5,2017-02-11,6,27-277,PIT,@,ARI,L-OT,0,0,0,0,0,0,0,0,0,0,0,0,1,0.0,17,12:02,1,1,6,2,75.0
6,2017-02-14,7,27-280,PIT,,VAN,W,0,0,0,0,0,0,0,0,0,0,0,0,0,,14,8:44,2,1,5,3,62.5
7,2017-02-16,8,27-282,PIT,,WPG,W,0,0,0,0,0,0,0,0,0,0,0,0,1,0.0,14,7:40,2,0,2,4,33.3
8,2017-02-21,9,27-287,PIT,@,CAR,W,0,0,0,0,0,0,0,0,0,0,0,0,0,,15,10:24,1,0,7,2,77.8
9,2017-03-01,10,27-295,PIT,@,CHI,L,0,0,0,1,0,0,0,0,0,0,0,0,1,0.0,15,9:26,1,0,3,3,50.0
10,2017-03-10,11,27-304,PIT,@,EDM,W,0,0,0,0,0,0,0,0,0,0,0,0,1,0.0,16,11:34,1,0,1,1,50.0
11,2017-03-11,12,27-305,PIT,@,VAN,W,0,0,0,0,0,0,0,0,0,0,0,0,0,,15,9:30,4,0,0,1,0.0
12,2017-03-13,13,27-307,PIT,@,CGY,L-SO,0,0,0,-1,0,0,0,0,0,0,0,0,0,,10,5:15,0,1,1,1,50.0
13,2017-03-15,14,27-309,PIT,@,PHI,L,0,0,0,0,0,0,0,0,0,0,0,0,0,,15,10:24,6,2,0,2,0.0
14,2017-03-17,15,27-311,PIT,,NJD,W,1,1,2,2,0,1,0,0,1,1,0,0,1,100.0,12,5:10,1,0,4,1,80.0
15,2017-03-19,16,27-313,PIT,,FLA,W,0,0,0,0,2,0,0,0,0,0,0,0,1,0.0,18,10:13,1,0,5,7,41.7
16,2017-03-21,17,27-315,PIT,@,BUF,W,0,0,0,0,0,0,0,0,0,0,0,0,1,0.0,9,6:16,2,0,0,0,
17,2017-03-23,18,27-317,PIT,@,OTT,L-SO,0,0,0,0,0,0,0,0,0,0,0,0,0,,21,13:15,2,1,0,0,
18,2017-03-24,19,27-318,PIT,,NYI,L-SO,0,0,0,1,0,0,0,0,0,0,0,0,2,0.0,22,16:03,5,0,4,4,50.0
19,2017-03-26,20,27-320,PIT,,PHI,L,0,0,0,-1,2,0,0,0,0,0,0,0,1,0.0,21,15:06,3,0,3,8,27.3
20,2017-03-29,21,27-323,PIT,,CHI,L,0,0,0,-1,0,0,0,0,0,0,0,0,1,0.0,15,10:58,3,1,4,4,50.0
21,2017-03-31,22,27-325,PIT,@,NYR,W,0,0,0,-1,0,0,0,0,0,0,0,0,3,0.0,15,8:56,2,0,3,5,37.5
22,2017-04-02,23,27-327,PIT,,CAR,W,0,1,1,1,0,0,0,0,0,1,0,0,1,0.0,17,12:44,5,0,3,8,27.3
23,2017-04-04,24,27-329,PIT,,CBJ,W,1,0,1,1,0,1,0,0,0,0,0,0,1,100.0,20,12:55,4,1,4,7,36.4
24,2017-04-06,25,27-331,PIT,@,NJD,W,0,1,1,0,0,0,0,0,0,1,0,0,2,0.0,14,9:53,2,2,5,3,62.5
25,2017-04-08,26,27-333,PIT,@,TOR,L,0,0,0,-1,0,0,0,0,0,0,0,0,0,,27,18:29,7,1,9,10,47.4
26,2017-04-09,27,27-334,PIT,@,NYR,L,1,0,1,1,0,1,0,0,0,0,0,0,2,50.0,25,17:55,1,0,6,8,42.9
27,2017-10-04,1,28-147,PIT,,STL,L-OT,0,0,0,0,0,0,0,0,0,0,0,0,0,,15,8:04,5,0,6,4,60.0
28,2017-10-05,2,28-148,PIT,@,CHI,L,0,0,0,-2,0,0,0,0,0,0,0,0,1,0.0,25,13:57,3,1,6,11,35.3
29,2017-10-07,3,28-150,PIT,,NSH,W,0,1,1,1,0,0,0,0,0,1,0,0,0,,22,14:00,1,2,5,4,55.6
30,2017-10-11,4,28-154,PIT,@,WSH,W,0,0,0,0,0,0,0,0,0,0,0,0,1,0.0,24,14:04,0,1,6,5,54.5
31,2017-10-12,5,28-155,PIT,@,TBL,L,0,0,0,-1,2,0,0,0,0,0,0,0,0,,12,6:25,1,2,4,1,80.0
32,2017-10-14,6,28-157,PIT,,FLA,W,0,0,0,0,0,0,0,0,0,0,0,0,0,,22,15:06,3,0,7,7,50.0
33,2017-10-17,7,28-160,PIT,@,NYR,W,0,0,0,-1,0,0,0,0,0,0,0,0,1,0.0,18,11:10,2,1,5,7,41.7
34,2017-10-20,8,28-163,PIT,@,FLA,W,1,0,1,1,0,1,0,0,0,0,0,0,2,50.0,24,14:04,2,2,8,11,42.1
35,2017-10-21,9,28-164,PIT,@,TBL,L,0,0,0,0,0,0,0,0,0,0,0,0,0,,2,1:05,0,1,1,1,50.0
36,2017-11-24,10,28-198,PIT,@,BOS,L,0,0,0,-2,0,0,0,0,0,0,0,0,0,,21,15:50,4,1,8,7,53.3
37,2017-11-25,11,28-199,PIT,,TBL,W,0,0,0,0,0,0,0,0,0,0,0,0,1,0.0,26,15:04,4,0,6,8,42.9
38,2017-11-27,12,28-201,PIT,,PHI,W,0,0,0,0,2,0,0,0,0,0,0,0,5,0.0,24,15:56,4,3,2,7,22.2
39,2017-12-01,13,28-205,PIT,@,BUF,W,0,0,0,0,0,0,0,0,0,0,0,0,1,0.0,20,12:29,3,0,1,3,25.0
40,2017-12-02,14,28-206,PIT,,BUF,W,0,0,0,0,0,0,0,0,0,0,0,0,1,0.0,19,10:19,1,0,3,8,27.3
41,2017-12-05,15,28-209,PIT,,NYR,L,0,0,0,-1,0,0,0,0,0,0,0,0,0,,11,7:39,0,0,3,2,60.0
42,2017-12-07,16,28-211,PIT,,NYI,W,0,0,0,0,0,0,0,0,0,0,0,0,0,,14,9:40,1,0,5,5,50.0
43,2017-12-09,17,28-213,PIT,,TOR,L,0,0,0,0,0,0,0,0,0,0,0,0,0,,15,11:24,2,0,5,7,41.7
44,2017-12-11,18,28-215,PIT,,COL,L,0,0,0,0,0,0,0,0,0,0,0,0,0,,13,7:58,2,1,1,2,33.3
45,2017-12-14,19,28-218,PIT,@,VEG,L,0,0,0,0,0,0,0,0,0,0,0,0,0,,10,6:35,0,0,1,0,100.0
46,2017-12-16,20,28-220,PIT,@,ARI,W,1,0,1,0,0,0,0,1,0,0,0,0,1,100.0,12,7:44,2,0,2,3,40.0
47,2017-12-18,21,28-222,PIT,@,COL,L,0,1,1,0,0,0,0,0,0,1,0,0,1,0.0,21,16:11,1,0,10,2,83.3
48,2017-12-21,22,28-225,PIT,,CBJ,W,0,0,0,-1,0,0,0,0,0,0,0,0,1,0.0,16,9:42,3,0,1,1,50.0
49,2017-12-23,23,28-227,PIT,,ANA,L,0,0,0,-1,0,0,0,0,0,0,0,0,0,,15,8:41,2,0,5,0,100.0
50,2017-12-27,24,28-231,PIT,,CBJ,W,0,0,0,0,0,0,0,0,0,0,0,0,0,,14,9:13,0,1,10,2,83.3
51,2017-12-29,25,28-233,PIT,@,CAR,L,0,0,0,0,0,0,0,0,0,0,0,0,0,,11,9:05,5,0,1,2,33.3
52,2017-12-31,26,28-235,PIT,@,DET,L,0,0,0,0,0,0,0,0,0,0,0,0,0,,12,8:13,0,1,5,2,71.4
53,2018-01-02,27,28-237,PIT,@,PHI,W,0,0,0,0,0,0,0,0,0,0,0,0,0,,6,4:00,1,0,0,2,0.0
54,2018-02-02,28,28-268,PIT,,WSH,W,0,0,0,0,0,0,0,0,0,0,0,0,0,,15,9:05,1,1,5,3,62.5
55,2018-02-03,29,28-269,PIT,@,NJD,L,0,0,0,0,0,0,0,0,0,0,0,0,0,,14,7:54,1,0,3,4,42.9
56,2018-02-06,30,28-272,PIT,,VEG,W,0,0,0,0,0,0,0,0,0,0,0,0,0,,5,3:01,1,1,1,0,100.0
57,2018-02-09,31,28-275,PIT,@,DAL,L-SO,0,0,0,-2,0,0,0,0,0,0,0,0,0,,14,10:38,0,0,4,3,57.1
58,2018-02-11,32,28-277,PIT,@,STL,W,0,0,0,-1,0,0,0,0,0,0,0,0,0,,14,7:52,2,0,2,7,22.2
59,2018-02-13,33,28-279,PIT,,OTT,W,0,0,0,0,0,0,0,0,0,0,0,0,0,,13,6:36,0,0,3,3,50.0
60,2018-02-15,34,28-281,PIT,,LAK,W,0,0,0,0,0,0,0,0,0,0,0,0,1,0.0,12,6:37,0,1,5,2,71.4
61,2018-02-17,35,28-283,PIT,,TOR,W,0,0,0,0,0,0,0,0,0,0,0,0,0,,13,8:48,0,0,9,2,81.8
62,2018-02-18,36,28-284,PIT,@,CBJ,W,0,0,0,-1,0,0,0,0,0,0,0,0,0,,10,6:29,0,1,5,0,100.0
63,2018-02-23,37,28-289,PIT,@,CAR,W,0,0,0,0,0,0,0,0,0,0,0,0,1,0.0,16,10:13,4,0,3,1,75.0
64,2018-02-24,38,28-290,PIT,@,FLA,L,0,0,0,0,0,0,0,0,0,0,0,0,1,0.0,7,5:23,1,1,0,2,0.0
65,2018-02-27,39,28-293,PIT,,NJD,L,0,0,0,0,0,0,0,0,0,0,0,0,0,,7,4:01,1,0,0,0,
66,2018-03-01,40,28-295,PIT,@,BOS,L,0,0,0,-2,0,0,0,0,0,0,0,0,0,,16,8:06,6,0,3,2,60.0
67,2018-03-10,41,28-304,PIT,@,TOR,L,0,0,0,0,0,0,0,0,0,0,0,0,0,,13,9:06,0,0,0,2,0.0
68,2018-03-11,42,28-305,PIT,,DAL,W,0,0,0,0,0,0,0,0,0,0,0,0,1,0.0,17,10:45,1,1,2,1,66.7
69,2018-03-14,43,28-308,PIT,@,NYR,L-OT,0,1,1,0,0,0,0,0,0,1,0,0,1,0.0,12,8:52,2,1,2,0,100.0
70,2018-03-15,44,28-309,PIT,@,MTL,W,0,0,0,0,0,0,0,0,0,0,0,0,0,,7,4:11,2,0,0,0,
71,2018-10-03,1,29-146,ANA,@,SJS,W,1,0,1,1,0,1,0,0,0,0,0,0,2,50.0,22,15:29,4,0,6,6,50.0
72,2018-10-06,2,29-149,ANA,@,ARI,W,0,0,0,0,2,0,0,0,0,0,0,0,0,,21,13:18,0,0,2,6,25.0
73,2018-10-08,3,29-151,ANA,,DET,W,0,0,0,-1,0,0,0,0,0,0,0,0,1,0.0,21,13:26,3,0,7,6,53.8
74,2018-10-10,4,29-153,ANA,,ARI,L-SO,0,0,0,0,0,0,0,0,0,0,0,0,0,,23,15:22,7,1,0,2,0.0
75,2018-10-13,5,29-156,ANA,@,DAL,L,0,0,0,0,0,0,0,0,0,0,0,0,0,,1,1:24,0,,,,
76,2018-11-27,6,29-201,ANA,@,TBL,W,1,0,1,1,0,1,0,0,0,0,0,0,2,50.0,18,12:08,1,0,0,2,0.0
77,2018-11-28,7,29-202,ANA,@,FLA,W,0,1,1,0,0,0,0,0,0,1,0,0,0,,16,10:39,1,1,6,5,54.5
78,2018-11-30,8,29-204,ANA,@,CAR,W,0,0,0,0,0,0,0,0,0,0,0,0,1,0.0,19,11:25,3,1,2,5,28.6
79,2018-12-02,9,29-206,ANA,@,WSH,W,0,0,0,-1,0,0,0,0,0,0,0,0,0,,16,10:20,1,0,3,5,37.5
80,2018-12-05,10,29-209,ANA,,CHI,W,0,1,1,-1,0,0,0,0,0,1,0,0,1,0.0,16,11:48,2,2,5,4,55.6
81,2018-12-07,11,29-211,ANA,,CAR,L,0,0,0,0,0,0,0,0,0,0,0,0,0,,20,16:06,2,1,9,1,90.0
82,2018-12-09,12,29-213,ANA,,NJD,W,0,1,1,0,0,0,0,0,0,1,0,0,1,0.0,14,9:02,5,0,4,2,66.7
83,2018-12-12,13,29-216,ANA,,DAL,W,0,0,0,1,0,0,0,0,0,0,0,0,0,,14,10:32,5,1,4,7,36.4
84,2018-12-15,14,29-219,ANA,@,CBJ,W,0,0,0,-1,0,0,0,0,0,0,0,0,0,,15,9:24,0,0,3,3,50.0
85,2018-12-17,15,29-221,ANA,@,PIT,W,0,1,1,1,2,0,0,0,0,1,0,0,0,,18,12:25,2,0,4,3,57.1
86,2018-12-18,16,29-222,ANA,@,NYR,L,0,0,0,0,0,0,0,0,0,0,0,0,0,,15,8:50,1,1,4,2,66.7
87,2018-12-20,17,29-224,ANA,@,BOS,L,0,1,1,1,0,0,0,0,0,1,0,0,1,0.0,20,11:57,3,0,9,4,69.2
88,2018-12-22,18,29-226,ANA,@,BUF,L,0,0,0,0,2,0,0,0,0,0,0,0,0,,15,10:54,1,0,4,9,30.8
89,2018-12-27,19,29-231,ANA,@,SJS,L,0,1,1,-1,0,0,0,0,0,1,0,0,2,0.0,17,11:57,1,1,5,2,71.4
90,2018-12-29,20,29-233,ANA,,ARI,L-OT,0,0,0,0,2,0,0,0,0,0,0,0,0,,17,13:04,5,0,6,5,54.5
91,2018-12-31,21,29-235,ANA,,TBL,L-OT,0,0,0,0,0,0,0,0,0,0,0,0,1,0.0,16,12:19,5,0,3,1,75.0
92,2019-01-04,22,29-239,ANA,,VEG,L,1,0,1,1,0,1,0,0,0,0,0,0,4,25.0,16,11:07,4,0,2,6,25.0
93,2019-01-06,23,29-241,ANA,,EDM,L,0,0,0,-1,0,0,0,0,0,0,0,0,0,,15,11:53,1,0,2,5,28.6
94,2019-01-09,24,29-244,ANA,,OTT,L-OT,0,0,0,0,0,0,0,0,0,0,0,0,0,,17,11:18,5,0,4,4,50.0
95,2019-01-11,25,29-246,ANA,,PIT,L,0,0,0,-1,0,0,0,0,0,0,0,0,0,,14,11:44,2,1,4,3,57.1
96,2019-01-13,26,29-248,ANA,@,WPG,L-OT,0,3,3,2,0,0,0,0,0,3,0,0,1,0.0,21,13:45,3,0,1,3,25.0
97,2019-01-15,27,29-250,ANA,@,DET,L,0,0,0,-1,0,0,0,0,0,0,0,0,1,0.0,18,13:58,5,1,2,9,18.2
98,2019-01-17,28,29-252,ANA,@,MIN,W,0,0,0,1,0,0,0,0,0,0,0,0,0,,20,11:55,0,0,4,1,80.0
99,2019-01-19,29,29-254,ANA,@,NJD,W,0,0,0,0,0,0,0,0,0,0,0,0,2,0.0,17,11:08,1,1,4,2,66.7
100,2019-01-20,30,29-255,ANA,@,NYI,L,0,0,0,0,0,0,0,0,0,0,0,0,0,,18,13:23,3,0,5,5,50.0
101,2019-01-23,31,29-258,ANA,,STL,L,0,0,0,-2,0,0,0,0,0,0,0,0,0,,18,11:13,2,0,9,3,75.0
102,2019-02-02,32,29-268,ANA,@,WPG,L,0,0,0,-2,0,0,0,0,0,0,0,0,3,0.0,23,13:19,0,0,6,7,46.2
103,2019-02-04,33,29-270,ANA,@,TOR,L,0,0,0,-1,0,0,0,0,0,0,0,0,0,,23,14:41,4,1,6,5,54.5
104,2019-02-05,34,29-271,ANA,@,MTL,L,0,0,0,0,0,0,0,0,0,0,0,0,0,,18,11:59,3,0,6,4,60.0
105,2019-02-07,35,29-273,ANA,@,OTT,L,0,0,0,0,0,0,0,0,0,0,0,0,3,0.0,15,11:32,5,0,2,1,66.7
106,2019-02-09,36,29-275,ANA,@,PHI,L,0,0,0,0,0,0,0,0,0,0,0,0,3,0.0,21,16:26,2,1,4,9,30.8
107,2019-02-13,37,29-279,ANA,,VAN,W,0,0,0,0,0,0,0,0,0,0,0,0,3,0.0,17,10:30,3,2,0,0,
108,2019-02-15,38,29-281,ANA,,BOS,L,0,0,0,0,0,0,0,0,0,0,0,0,0,,15,10:23,2,0,0,0,
109,2019-02-17,39,29-283,ANA,,WSH,W,0,0,0,0,0,0,0,0,0,0,0,0,1,0.0,16,11:55,3,2,1,0,100.0
110,2019-02-19,40,29-285,ANA,@,MIN,W,0,0,0,1,0,0,0,0,0,0,0,0,1,0.0,18,13:31,4,2,0,0,
111,2019-02-22,41,29-288,ANA,@,CGY,L,0,1,1,1,0,0,0,0,0,1,0,0,1,0.0,17,10:25,2,0,0,0,
112,2019-02-23,42,29-289,ANA,@,EDM,L,1,0,1,1,0,1,0,0,0,0,0,0,1,100.0,12,9:25,2,0,0,0,
113,2019-02-25,43,29-291,ANA,@,VAN,L,0,0,0,-1,0,0,0,0,0,0,0,0,1,0.0,18,13:22,2,0,5,4,55.6
114,2019-02-27,44,29-293,ANA,,CHI,L,1,0,1,1,0,1,0,0,0,0,0,0,2,50.0,22,16:34,4,1,0,1,0.0
115,2019-03-01,45,29-295,ANA,,VEG,L,0,0,0,0,0,0,0,0,0,0,0,0,1,0.0,16,13:41,0,1,0,0,
116,2019-03-03,46,29-297,ANA,,COL,W,0,0,0,0,0,0,0,0,0,0,0,0,0,,22,16:43,2,0,2,3,40.0
117,2019-03-05,47,29-299,ANA,@,ARI,W,0,0,0,0,0,0,0,0,0,0,0,0,2,0.0,22,14:42,5,3,0,1,0.0
118,2019-03-06,48,29-300,ANA,,STL,L,0,0,0,0,0,0,0,0,0,0,0,0,0,,17,12:01,4,0,2,4,33.3
119,2019-03-08,49,29-302,ANA,,MTL,W,0,1,1,2,0,0,0,0,0,1,0,0,0,,21,16:07,2,0,5,8,38.5
120,2019-03-10,50,29-304,ANA,,LAK,L,0,0,0,-1,0,0,0,0,0,0,0,0,0,,18,13:11,8,1,2,3,40.0
121,2019-03-12,51,29-306,ANA,,NSH,W,0,0,0,0,0,0,0,0,0,0,0,0,0,,19,14:00,3,1,1,0,100.0
122,2019-03-14,52,29-308,ANA,@,ARI,L,0,0,0,-1,2,0,0,0,0,0,0,0,0,,18,13:24,5,0,0,0,
123,2019-03-15,53,29-309,ANA,@,COL,W,0,0,0,0,2,0,0,0,0,0,0,0,0,,20,12:18,4,1,3,0,100.0
124,2019-03-17,54,29-311,ANA,,FLA,W,0,0,0,0,0,0,0,0,0,0,0,0,1,0.0,20,13:56,5,0,0,0,
125,2019-03-20,55,29-314,ANA,,WPG,L,0,0,0,0,0,0,0,0,0,0,0,0,0,,17,11:33,2,0,1,1,50.0
126,2019-03-22,56,29-316,ANA,,SJS,W,0,0,0,0,0,0,0,0,0,0,0,0,1,0.0,20,15:02,3,3,0,1,0.0
127,2019-03-23,57,29-317,ANA,@,LAK,L-SO,1,0,1,1,0,0,0,1,0,0,0,0,2,50.0,23,13:38,6,0,1,0,100.0
128,2019-03-26,58,29-320,ANA,@,VAN,W,0,0,0,-2,0,0,0,0,0,0,0,0,0,,19,14:48,2,0,0,0,
129,2019-03-29,59,29-323,ANA,@,CGY,L,0,0,0,0,0,0,0,0,0,0,0,0,0,,20,12:46,2,1,0,2,0.0
130,2019-03-30,60,29-324,ANA,@,EDM,W,0,0,0,0,0,0,0,0,0,0,0,0,3,0.0,20,14:57,5,2,1,1,50.0
131,2019-04-03,61,29-328,ANA,,CGY,W,0,2,2,1,0,0,0,0,0,2,0,0,3,0.0,21,14:56,5,1,0,0,
132,2019-04-05,62,29-330,ANA,,LAK,W,1,0,1,1,0,1,0,0,0,0,0,0,1,100.0,21,13:12,1,0,0,0,
133,2019-10-03,1,30-146,ANA,,ARI,W,0,1,1,1,2,0,0,0,0,1,0,0,0,,23,15:21,3,1,1,0,100.0
134,2019-10-05,2,30-148,ANA,,SJS,W,0,0,0,0,0,0,0,0,0,0,0,0,1,0.0,24,16:13,4,1,1,1,50.0
135,2019-10-08,3,30-151,ANA,@,DET,W,0,0,0,1,0,0,0,0,0,0,0,0,2,0.0,19,13:08,4,0,0,0,
136,2019-10-10,4,30-153,ANA,@,PIT,L,0,0,0,0,0,0,0,0,0,0,0,0,1,0.0,17,11:12,3,0,0,2,0.0
137,2019-10-11,5,30-154,ANA,@,CBJ,W,0,0,0,-1,0,0,0,0,0,0,0,0,1,0.0,20,15:01,4,0,0,0,
138,2019-10-14,6,30-157,ANA,@,BOS,L,0,0,0,0,0,0,0,0,0,0,0,0,0,,17,9:29,2,0,1,1,50.0
139,2019-10-16,7,30-159,ANA,,BUF,W,0,0,0,-1,2,0,0,0,0,0,0,0,0,,22,12:39,1,0,0,0,
140,2019-10-18,8,30-161,ANA,,CAR,W,1,0,1,0,0,0,0,1,0,0,0,0,1,100.0,22,12:53,0,0,0,0,
141,2019-10-20,9,30-163,ANA,,CGY,L,0,0,0,-1,0,0,0,0,0,0,0,0,2,0.0,13,7:55,2,1,0,1,0.0
142,2019-10-22,10,30-165,ANA,@,NSH,L,0,0,0,-1,0,0,0,0,0,0,0,0,0,,19,12:39,2,1,0,1,0.0
143,2019-10-24,11,30-167,ANA,@,DAL,L,0,0,0,-1,0,0,0,0,0,0,0,0,0,,16,10:09,3,0,2,0,100.0
144,2019-10-26,12,30-169,ANA,@,COL,W,1,0,1,1,0,1,0,0,0,0,0,0,1,100.0,25,14:30,2,0,0,1,0.0
145,2019-10-27,13,30-170,ANA,@,VEG,L,0,0,0,-2,0,0,0,0,0,0,0,0,0,,17,11:36,6,1,2,2,50.0
146,2019-10-29,14,30-172,ANA,,WPG,W,2,0,2,2,0,2,0,0,0,0,0,0,2,100.0,21,16:15,3,1,2,0,100.0
147,2019-11-01,15,30-175,ANA,,VAN,W,0,0,0,0,0,0,0,0,0,0,0,0,0,,21,15:13,2,0,1,1,50.0
148,2019-11-03,16,30-177,ANA,,CHI,L-OT,0,0,0,0,2,0,0,0,0,0,0,0,6,0.0,20,12:39,4,0,1,0,100.0
149,2019-11-05,17,30-179,ANA,,MIN,L,0,0,0,0,0,0,0,0,0,0,0,0,0,,13,10:36,1,2,0,0,
150,2019-11-10,18,30-184,ANA,,EDM,L,0,0,0,0,0,0,0,0,0,0,0,0,0,,17,11:09,2,0,0,0,
151,2019-11-12,19,30-186,ANA,,DET,L-OT,0,0,0,0,0,0,0,0,0,0,0,0,4,0.0,19,14:47,4,0,0,0,
152,2019-11-14,20,30-188,ANA,,SJS,L,0,1,1,1,0,0,0,0,0,1,0,0,1,0.0,21,14:50,4,0,2,0,100.0
153,2019-11-16,21,30-190,ANA,@,STL,W,0,0,0,2,0,0,0,0,0,0,0,0,3,0.0,26,15:52,3,1,1,2,33.3
154,2019-11-18,22,30-192,ANA,@,WSH,L,0,0,0,-2,2,0,0,0,0,0,0,0,0,,19,11:18,3,1,0,0,
155,2019-11-21,23,30-195,ANA,@,FLA,L-OT,0,0,0,-1,2,0,0,0,0,0,0,0,1,0.0,19,12:43,1,2,0,0,
156,2019-11-23,24,30-197,ANA,@,TBL,L,0,0,0,0,0,0,0,0,0,0,0,0,1,0.0,18,12:10,3,0,0,1,0.0
157,2019-11-25,25,30-199,ANA,,NYI,W,0,0,0,0,0,0,0,0,0,0,0,0,1,0.0,20,13:48,6,2,1,0,100.0
158,2019-11-27,26,30-201,ANA,@,ARI,L-SO,0,0,0,0,0,0,0,0,0,0,0,0,0,,20,13:28,8,0,0,0,
159,2019-11-29,27,30-203,ANA,,WPG,L,0,0,0,0,0,0,0,0,0,0,0,0,3,0.0,19,13:34,2,0,0,0,
160,2019-12-02,28,30-206,ANA,,LAK,W,1,1,2,2,0,1,0,0,1,1,0,0,1,100.0,19,13:56,1,0,0,0,
161,2019-12-06,29,30-210,ANA,,WSH,L,0,0,0,0,0,0,0,0,0,0,0,0,1,0.0,17,10:33,3,0,2,0,100.0
162,2019-12-08,30,30-212,ANA,@,WPG,L,0,0,0,0,0,0,0,0,0,0,0,0,2,0.0,17,11:11,3,0,1,0,100.0
163,2019-12-10,31,30-214,ANA,@,MIN,W,0,0,0,0,2,0,0,0,0,0,0,0,1,0.0,17,10:47,0,1,0,0,
164,2019-12-12,32,30-216,ANA,,LAK,L,0,0,0,0,0,0,0,0,0,0,0,0,0,,13,8:56,5,0,0,1,0.0
165,2019-12-14,33,30-218,ANA,,NYR,W,0,0,0,0,0,0,0,0,0,0,0,0,2,0.0,14,10:59,1,1,0,0,
166,2019-12-17,34,30-221,ANA,@,PHI,L,0,0,0,0,0,0,0,0,0,0,0,0,0,,16,11:07,0,0,2,0,100.0
167,2019-12-18,35,30-222,ANA,@,NJD,L,0,0,0,-1,0,0,0,0,0,0,0,0,1,0.0,23,15:10,1,0,0,0,
168,2019-12-21,36,30-225,ANA,@,NYI,W,0,0,0,1,0,0,0,0,0,0,0,0,0,,21,13:46,3,1,1,0,100.0
169,2019-12-22,37,30-226,ANA,@,NYR,L,0,0,0,-1,0,0,0,0,0,0,0,0,1,0.0,27,18:58,5,0,0,1,0.0
170,2019-12-27,38,30-231,ANA,,VEG,W,0,1,1,1,0,0,0,0,0,1,0,0,1,0.0,16,12:26,2,0,2,0,100.0
171,2019-12-29,39,30-233,ANA,,PHI,L-OT,0,0,0,0,0,0,0,0,0,0,0,0,3,0.0,17,12:57,2,2,2,1,66.7
172,2019-12-31,40,30-235,ANA,@,VEG,L,0,0,0,-1,0,0,0,0,0,0,0,0,0,,17,14:32,4,1,0,1,0.0
173,2020-01-02,41,30-237,ANA,@,ARI,L,0,0,0,0,0,0,0,0,0,0,0,0,1,0.0,17,11:10,4,2,1,4,20.0
174,2020-01-05,42,30-240,ANA,,NSH,W,0,0,0,-1,0,0,0,0,0,0,0,0,1,0.0,18,13:02,4,1,1,5,16.7
175,2020-01-07,43,30-242,ANA,,CBJ,L,0,0,0,-1,0,0,0,0,0,0,0,0,0,,15,12:08,4,0,1,1,50.0
176,2020-01-09,44,30-244,ANA,,DAL,L,0,0,0,0,0,0,0,0,0,0,0,0,0,,17,11:21,1,0,1,2,33.3
177,2020-01-11,45,30-246,ANA,@,CHI,L,0,0,0,0,0,0,0,0,0,0,0,0,2,0.0,16,11:15,2,2,0,1,0.0
178,2020-01-13,46,30-248,ANA,@,STL,L,0,0,0,0,0,0,0,0,0,0,0,0,0,,16,12:12,4,0,1,1,50.0
179,2020-01-16,47,30-251,ANA,@,NSH,W,0,1,1,1,0,0,0,0,0,0,0,1,0,,16,11:28,5,1,2,0,100.0
180,2020-01-17,48,30-252,ANA,@,CAR,W,0,0,0,0,0,0,0,0,0,0,0,0,1,0.0,15,11:24,1,0,0,0,
181,2020-01-27,49,30-262,ANA,@,SJS,L,0,0,0,-1,0,0,0,0,0,0,0,0,1,0.0,15,10:09,5,0,0,1,0.0
182,2020-01-29,50,30-264,ANA,,ARI,W,1,0,1,1,0,0,0,1,0,0,0,0,2,50.0,24,14:27,3,2,0,2,0.0
183,2020-01-31,51,30-266,ANA,,TBL,L,0,0,0,0,0,0,0,0,0,0,0,0,0,,16,10:20,2,2,0,1,0.0
184,2020-02-01,52,30-267,ANA,@,LAK,W,0,0,0,1,0,0,0,0,0,0,0,0,2,0.0,19,12:08,1,0,1,1,50.0
185,2020-02-04,53,30-270,ANA,@,OTT,W,0,0,0,0,0,0,0,0,0,0,0,0,1,0.0,21,14:36,2,2,0,1,0.0
186,2020-02-06,54,30-272,ANA,@,MTL,L-OT,0,1,1,1,0,0,0,0,0,1,0,0,0,,17,11:35,2,1,0,2,0.0
187,2020-02-07,55,30-273,ANA,@,TOR,L-OT,0,1,1,1,0,0,0,0,0,0,0,1,0,,17,9:52,1,0,1,1,50.0
188,2020-02-09,56,30-275,ANA,@,BUF,W,0,0,0,0,0,0,0,0,0,0,0,0,0,,19,15:21,3,0,0,1,0.0
189,2020-02-13,57,30-279,ANA,,CGY,L,0,0,0,0,0,0,0,0,0,0,0,0,0,,19,12:09,1,1,0,0,
190,2020-02-16,58,30-282,ANA,@,VAN,W,0,0,0,1,0,0,0,0,0,0,0,0,0,,20,15:26,1,1,0,1,0.0
191,2020-02-17,59,30-283,ANA,@,CGY,L,0,1,1,0,0,0,0,0,0,1,0,0,0,,19,14:16,1,0,1,0,100.0
192,2020-02-19,60,30-285,ANA,,FLA,L,0,0,0,-1,0,0,0,0,0,0,0,0,0,,14,10:57,1,0,2,0,100.0
193,2020-02-21,61,30-287,ANA,,COL,L,0,0,0,0,0,0,0,0,0,0,0,0,0,,15,12:02,4,1,0,0,
194,2020-02-23,62,30-289,ANA,,VEG,L-OT,0,0,0,0,0,0,0,0,0,0,0,0,1,0.0,15,12:20,3,0,1,0,100.0
195,2020-02-25,63,30-291,ANA,,EDM,W,0,0,0,0,0,0,0,0,0,0,0,0,0,,15,13:18,2,2,2,4,33.3
196,2020-02-28,64,30-294,ANA,,PIT,W,0,0,0,1,0,0,0,0,0,0,0,0,1,0.0,15,12:39,3,0,1,4,20.0
197,2020-03-01,65,30-296,ANA,,NJD,L,0,0,0,0,2,0,0,0,0,0,0,0,2,0.0,20,14:06,3,0,1,2,33.3
198,2020-03-03,66,30-298,ANA,@,CHI,L,1,0,1,0,0,1,0,0,0,0,0,0,1,100.0,18,12:53,6,1,0,1,0.0
199,2020-03-04,67,30-299,ANA,@,COL,W,0,1,1,1,0,0,0,0,0,1,0,0,1,0.0,16,14:00,2,2,1,1,50.0
200,2020-03-06,68,30-301,ANA,,TOR,W,1,0,1,1,0,1,0,0,0,0,0,0,1,100.0,18,11:16,2,0,3,2,60.0
201,2020-03-08,69,30-303,ANA,,MIN,L-OT,0,0,0,-1,0,0,0,0,0,0,0,0,1,0.0,20,11:46,1,0,1,0,100.0
202,2020-03-10,70,30-305,ANA,,OTT,W,0,2,2,2,0,0,0,0,0,2,0,0,0,,24,19:23,1,0,0,0,
203,2020-03-11,71,30-306,ANA,,STL,L,0,0,0,0,0,0,0,0,0,0,0,0,0,,18,14:55,2,1,0,0,
