,date_game,game_season,age,team_id,game_location,opp_id,game_result,goals,assists,points,plus_minus,pen_min,goals_ev,goals_pp,goals_sh,goals_gw,assists_ev,assists_pp,assists_sh,shots,shot_pct,shifts,time_on_ice,hits_all,blocks_all,faceoff_wins_all,faceoff_losses_all,faceoff_percentage_all
0,2011-10-07,1,20-350,CBJ,,NSH,L,0,0,0,0,0,0,0,0,0,,,,2,0.0,19,16:31,1,1,0,0,
1,2011-10-08,2,20-351,CBJ,@,MIN,L,0,0,0,0,2,0,0,0,0,,,,3,0.0,21,18:07,1,0,0,0,
2,2011-10-10,3,20-353,CBJ,,VAN,L,0,0,0,0,0,0,0,0,0,,,,1,0.0,22,20:35,1,1,0,0,
3,2011-10-12,4,20-355,CBJ,,COL,L-SO,0,0,0,0,0,0,0,0,0,,,,2,0.0,16,13:44,1,1,0,0,
4,2011-10-15,5,20-358,CBJ,@,DAL,L,0,1,1,-1,0,0,0,0,0,,,,1,0.0,23,18:19,2,1,0,0,
5,2011-10-18,6,20-361,CBJ,,DAL,L,0,1,1,-1,2,0,0,0,0,,,,3,0.0,23,17:35,1,0,0,0,
6,2011-10-22,7,21-000,CBJ,@,OTT,L,0,0,0,0,2,0,0,0,0,,,,1,0.0,14,9:38,2,1,0,0,
7,2011-12-31,8,21-070,CBJ,,WSH,L,0,0,0,0,0,0,0,0,0,,,,1,0.0,21,18:51,0,0,0,0,
8,2012-01-05,9,21-075,CBJ,@,SJS,L,0,0,0,-1,0,0,0,0,0,,,,2,0.0,18,12:48,1,0,0,0,
9,2012-01-07,10,21-077,CBJ,@,LAK,W,0,1,1,1,2,0,0,0,0,,,,0,,15,12:10,1,0,0,0,
10,2012-01-10,11,21-080,CBJ,@,CHI,L,0,1,1,0,2,0,0,0,0,,,,3,0.0,24,18:16,1,1,0,0,
11,2012-01-13,12,21-083,CBJ,,PHX,W,0,1,1,1,0,0,0,0,0,,,,2,0.0,17,14:25,0,1,0,0,
12,2012-01-14,13,21-084,CBJ,,SJS,L,0,0,0,0,0,0,0,0,0,,,,1,0.0,22,17:57,0,0,0,0,
13,2012-01-17,14,21-087,CBJ,,EDM,W,0,0,0,0,0,0,0,0,0,,,,0,,20,17:58,0,1,0,0,
14,2012-01-19,15,21-089,CBJ,,NSH,L,0,0,0,0,0,0,0,0,0,,,,0,,21,15:08,1,0,0,0,
15,2012-01-31,16,21-101,CBJ,@,SJS,L,0,0,0,-1,0,0,0,0,0,,,,0,,23,17:09,2,0,0,0,
16,2012-02-01,17,21-102,CBJ,@,LAK,L,0,0,0,0,0,0,0,0,0,,,,0,,18,14:37,1,0,0,0,
17,2012-02-07,18,21-108,CBJ,,MIN,W,1,1,2,2,2,1,0,0,0,,,,2,50.0,19,15:56,0,0,0,0,
18,2012-02-09,19,21-110,CBJ,,DAL,L,0,0,0,-1,2,0,0,0,0,,,,0,,22,21:33,2,1,0,0,
19,2012-02-11,20,21-112,CBJ,@,MIN,W,0,0,0,1,0,0,0,0,0,,,,0,,19,15:14,1,0,0,0,
20,2012-02-12,21,21-113,CBJ,,ANA,L,0,0,0,0,0,0,0,0,0,,,,0,,18,16:00,0,0,0,0,
21,2012-02-14,22,21-115,CBJ,,STL,W,0,0,0,0,0,0,0,0,0,,,,1,0.0,20,17:10,2,1,0,0,
22,2012-02-18,23,21-119,CBJ,,CHI,L,0,0,0,-2,0,0,0,0,0,,,,0,,22,17:20,0,,,,
23,2012-02-19,24,21-120,CBJ,@,NYR,L-OT,0,0,0,0,0,0,0,0,0,,,,1,0.0,20,14:45,0,2,0,0,
24,2012-02-21,25,21-122,CBJ,,SJS,W,1,1,2,2,0,0,1,0,0,,,,1,100.0,23,16:22,0,0,0,0,
25,2012-02-24,26,21-125,CBJ,,COL,L,0,0,0,-2,2,0,0,0,0,,,,1,0.0,20,15:30,3,0,0,0,
26,2012-03-20,27,21-150,CBJ,,CHI,L,0,0,0,0,0,0,0,0,0,,,,1,0.0,22,19:46,2,0,0,0,
27,2012-03-23,28,21-153,CBJ,,CAR,W,0,1,1,2,0,0,0,0,0,,,,0,,21,19:57,1,1,0,0,
28,2012-03-25,29,21-155,CBJ,,EDM,L,0,0,0,-1,0,0,0,0,0,,,,2,0.0,21,16:12,0,0,0,0,
29,2012-03-26,30,21-156,CBJ,@,DET,L,0,0,0,1,0,0,0,0,0,,,,3,0.0,20,19:46,1,2,0,0,
30,2012-03-28,31,21-158,CBJ,,DET,W,0,0,0,0,0,0,0,0,0,,,,0,,17,14:30,2,0,0,0,
31,2013-01-31,1,22-101,CBJ,,STL,L,0,0,0,0,0,0,0,0,0,,,,0,,19,13:42,0,,,,
32,2013-02-02,2,22-103,CBJ,,DET,W,0,0,0,-1,0,0,0,0,0,,,,0,,19,16:22,2,1,0,0,
33,2013-02-05,3,22-106,CBJ,,LAK,L,0,0,0,-2,0,0,0,0,0,,,,0,,22,14:31,1,1,0,0,
34,2013-04-18,4,22-178,CBJ,@,LAK,L,0,0,0,0,0,0,0,0,0,,,,1,0.0,8,8:13,1,0,0,0,
35,2013-10-04,1,22-347,CBJ,,CGY,L,0,1,1,1,0,0,0,0,0,,,,1,0.0,21,18:06,0,1,0,0,
36,2013-10-05,2,22-348,CBJ,@,NYI,W,0,0,0,1,0,0,0,0,0,,,,2,0.0,22,19:13,1,0,0,0,
37,2013-10-10,3,22-353,CBJ,@,BUF,W,0,1,1,1,0,0,0,0,0,,,,2,0.0,20,16:23,1,0,0,0,
38,2013-10-12,4,22-355,CBJ,,BOS,L,0,0,0,0,0,0,0,0,0,,,,1,0.0,22,17:42,2,4,0,0,
39,2013-10-15,5,22-358,CBJ,@,DET,L,0,0,0,0,0,0,0,0,0,,,,0,,21,18:13,4,1,0,0,
40,2013-10-17,6,22-360,CBJ,@,MTL,L,0,1,1,0,0,0,0,0,0,,,,0,,22,15:43,1,1,0,0,
41,2013-10-19,7,22-362,CBJ,@,WSH,L,0,0,0,1,0,0,0,0,0,,,,3,0.0,21,18:51,3,3,0,0,
42,2013-10-20,8,22-363,CBJ,,VAN,W,0,0,0,0,0,0,0,0,0,,,,0,,18,16:11,4,2,0,0,
43,2013-10-22,9,23-000,CBJ,,NJD,W,0,0,0,1,0,0,0,0,0,,,,0,,20,18:51,7,2,0,0,
44,2013-10-25,10,23-003,CBJ,,TOR,W,0,0,0,0,0,0,0,0,0,,,,2,0.0,20,17:06,2,1,0,0,
45,2013-10-27,11,23-005,CBJ,,ANA,L,0,1,1,0,0,0,0,0,0,,,,2,0.0,22,21:03,1,1,0,0,
46,2013-11-01,12,23-010,CBJ,@,PIT,L,0,0,0,0,2,0,0,0,0,,,,0,,18,17:09,4,1,0,0,
47,2013-11-07,13,23-016,CBJ,,NYR,L,0,0,0,-1,0,0,0,0,0,,,,0,,21,13:14,0,2,0,0,
48,2013-11-14,14,23-023,CBJ,@,BOS,L-OT,0,0,0,0,0,0,0,0,0,,,,3,0.0,22,17:10,5,1,0,0,
49,2013-11-15,15,23-024,CBJ,,MTL,L-SO,0,1,1,1,0,0,0,0,0,,,,0,,21,18:36,0,1,0,0,
50,2013-11-17,16,23-026,CBJ,@,OTT,W,0,0,0,0,2,0,0,0,0,,,,2,0.0,22,17:27,2,2,0,0,
51,2013-11-19,17,23-028,CBJ,@,EDM,L,0,0,0,-2,2,0,0,0,0,,,,0,,21,17:27,1,1,0,0,
52,2013-11-20,18,23-029,CBJ,@,CGY,W,0,1,1,1,0,0,0,0,0,,,,0,,19,14:23,3,1,0,0,
53,2013-11-22,19,23-031,CBJ,@,VAN,L,0,1,1,0,2,0,0,0,0,,,,0,,24,19:41,1,2,0,0,
54,2013-11-25,20,23-034,CBJ,@,TOR,W,0,0,0,1,0,0,0,0,0,,,,0,,19,17:44,4,2,0,0,
55,2013-11-27,21,23-036,CBJ,,NSH,L,0,0,0,-1,2,0,0,0,0,,,,0,,20,17:15,1,1,0,0,
56,2013-12-09,22,23-048,CBJ,@,PIT,L,0,0,0,0,2,0,0,0,0,,,,1,0.0,19,17:10,3,2,0,0,
57,2013-12-10,23,23-049,CBJ,,NJD,W,0,0,0,-1,0,0,0,0,0,,,,0,,21,20:37,2,0,0,0,
58,2013-12-12,24,23-051,CBJ,@,NYR,W,1,0,1,2,0,1,0,0,1,,,,3,33.3,23,20:40,4,2,0,0,
59,2013-12-14,25,23-053,CBJ,,STL,L-OT,0,0,0,-1,0,0,0,0,0,,,,0,,20,17:44,1,0,0,0,
60,2013-12-16,26,23-055,CBJ,,WPG,L,0,0,0,-2,0,0,0,0,0,,,,2,0.0,24,25:28,6,0,0,0,
61,2013-12-19,27,23-058,CBJ,@,PHI,L,0,0,0,-2,0,0,0,0,0,,,,0,,24,21:41,2,1,0,0,
62,2013-12-21,28,23-060,CBJ,,PHI,W,1,1,2,2,2,1,0,0,0,,,,1,100.0,20,15:00,2,0,0,0,
63,2013-12-23,29,23-062,CBJ,@,CAR,W,0,0,0,2,0,0,0,0,0,,,,0,,16,14:12,1,0,0,0,
64,2013-12-27,30,23-066,CBJ,@,NJD,W,0,0,0,0,0,0,0,0,0,,,,0,,17,15:28,1,0,0,0,
65,2013-12-29,31,23-068,CBJ,,PIT,L,0,0,0,2,0,0,0,0,0,,,,2,0.0,19,16:46,5,1,0,0,
66,2013-12-31,32,23-070,CBJ,@,COL,L,0,0,0,1,0,0,0,0,0,,,,0,,20,16:14,5,1,0,0,
67,2014-01-02,33,23-072,CBJ,@,PHX,W,0,0,0,0,0,0,0,0,0,,,,0,,16,13:20,0,1,0,0,
68,2014-01-04,34,23-074,CBJ,@,STL,L,0,0,0,1,0,0,0,0,0,,,,0,,20,21:05,4,3,0,0,
69,2014-01-06,35,23-076,CBJ,@,NYR,W,0,0,0,-1,2,0,0,0,0,,,,0,,26,21:43,1,0,0,0,
70,2014-01-10,36,23-080,CBJ,,CAR,W,0,0,0,1,0,0,0,0,0,,,,0,,19,14:17,0,0,0,0,
71,2014-01-11,37,23-081,CBJ,@,WPG,W,0,0,0,-1,0,0,0,0,0,,,,0,,20,18:21,2,0,0,0,
72,2014-01-13,38,23-083,CBJ,,TBL,W,0,0,0,0,0,0,0,0,0,,,,0,,18,19:15,1,2,0,0,
73,2014-01-17,39,23-087,CBJ,,WSH,W,0,0,0,0,0,0,0,0,0,,,,1,0.0,19,18:26,5,1,0,0,
74,2014-01-18,40,23-088,CBJ,@,BUF,W,1,0,1,1,2,1,0,0,0,,,,1,100.0,19,21:38,1,1,0,0,
75,2014-01-21,41,23-091,CBJ,,LAK,W,0,0,0,-1,0,0,0,0,0,,,,0,,20,17:36,2,1,0,0,
76,2014-01-23,42,23-093,CBJ,,PHI,W,0,0,0,-1,0,0,0,0,0,,,,1,0.0,18,17:18,0,1,0,0,
77,2014-02-01,43,23-102,CBJ,,FLA,W,0,0,0,1,0,0,0,0,0,,,,0,,16,16:05,0,1,0,0,
78,2014-02-03,44,23-104,CBJ,@,ANA,W,0,0,0,-2,0,0,0,0,0,,,,0,,15,13:44,3,2,0,0,
79,2014-02-06,45,23-107,CBJ,@,LAK,L-OT,0,0,0,-1,2,0,0,0,0,,,,0,,17,15:42,4,1,0,0,
80,2014-02-07,46,23-108,CBJ,@,SJS,L,0,0,0,-2,2,0,0,0,0,,,,1,0.0,19,15:45,0,1,0,0,
81,2014-02-27,47,23-128,CBJ,@,NJD,L,0,0,0,-1,0,0,0,0,0,,,,0,,17,17:28,1,0,0,0,
82,2014-03-01,48,23-130,CBJ,,FLA,W,1,1,2,0,0,0,1,0,0,,,,2,50.0,23,19:56,0,1,1,0,100.0
83,2014-03-03,49,23-132,CBJ,@,TOR,W,0,0,0,0,0,0,0,0,0,,,,4,0.0,23,25:27,2,3,0,0,
84,2014-03-04,50,23-133,CBJ,,DAL,W,0,0,0,1,0,0,0,0,0,,,,0,,22,21:09,5,3,0,0,
85,2014-03-06,51,23-135,CBJ,@,CHI,L,0,0,0,-2,0,0,0,0,0,,,,4,0.0,28,24:36,2,1,0,0,
86,2014-03-08,52,23-137,CBJ,@,NSH,W,0,0,0,0,0,0,0,0,0,,,,1,0.0,28,25:02,0,2,0,0,
87,2014-03-11,53,23-140,CBJ,,DET,W,0,0,0,0,0,0,0,0,0,,,,0,,24,22:15,3,0,0,0,
88,2014-03-13,54,23-142,CBJ,,SJS,L-SO,0,0,0,-1,2,0,0,0,0,,,,4,0.0,22,17:16,3,0,0,0,
89,2014-03-15,55,23-144,CBJ,@,MIN,W,0,0,0,0,2,0,0,0,0,,,,1,0.0,20,19:00,2,1,0,0,
90,2014-03-18,56,23-147,CBJ,,CAR,L,0,0,0,-1,0,0,0,0,0,,,,0,,14,15:38,0,1,0,0,
91,2014-03-20,57,23-149,CBJ,@,MTL,W,0,0,0,1,0,0,0,0,0,,,,3,0.0,16,13:08,3,2,0,0,
92,2014-03-21,58,23-150,CBJ,,NYR,L,0,0,0,0,0,0,0,0,0,,,,3,0.0,16,12:41,2,3,0,0,
93,2014-03-23,59,23-152,CBJ,@,NYI,L,0,0,0,0,0,0,0,0,0,,,,1,0.0,17,16:25,2,0,0,0,
94,2014-03-25,60,23-154,CBJ,,DET,W,0,0,0,0,0,0,0,0,0,,,,1,0.0,18,16:20,2,3,0,0,
95,2014-03-28,61,23-157,CBJ,,PIT,L,0,0,0,0,0,0,0,0,0,,,,1,0.0,20,18:12,2,1,0,0,
96,2014-03-29,62,23-158,CBJ,@,CAR,W,0,0,0,-1,0,0,0,0,0,,,,0,,15,15:27,1,1,0,0,
97,2014-04-01,63,23-161,CBJ,,COL,L-OT,0,0,0,-1,0,0,0,0,0,,,,0,,17,16:22,3,3,0,0,
98,2014-04-03,64,23-163,CBJ,@,PHI,W,0,0,0,0,0,0,0,0,0,,,,0,,15,12:30,4,0,0,0,
99,2014-04-04,65,23-164,CBJ,,CHI,L,0,0,0,1,0,0,0,0,0,,,,1,0.0,19,16:57,1,1,0,0,
100,2014-04-06,66,23-166,CBJ,,NYI,W,0,0,0,0,2,0,0,0,0,,,,1,0.0,23,20:07,4,1,0,0,
101,2014-04-08,67,23-168,CBJ,,PHX,W,0,0,0,3,0,0,0,0,0,,,,0,,19,17:50,3,0,0,0,
102,2014-04-09,68,23-169,CBJ,@,DAL,W,0,1,1,0,0,0,0,0,0,,,,1,0.0,18,13:17,0,,,,
103,2014-04-11,69,23-171,CBJ,@,TBL,L,1,0,1,0,0,1,0,0,0,,,,3,33.3,22,18:07,0,0,0,0,
104,2014-04-12,70,23-172,CBJ,@,FLA,W,0,0,0,1,0,0,0,0,0,,,,1,0.0,24,20:08,2,2,0,0,
105,2014-10-09,1,23-352,CBJ,@,BUF,W,0,0,0,-1,0,0,0,0,0,0,0,0,0,,25,24:30,1,1,0,0,
106,2014-10-11,2,23-354,CBJ,,NYR,W,0,1,1,-1,0,0,0,0,0,1,0,0,1,0.0,24,24:43,1,1,0,0,
107,2014-10-14,3,23-357,CBJ,,DAL,L,0,0,0,-3,0,0,0,0,0,0,0,0,1,0.0,27,19:42,1,0,0,0,
108,2014-10-17,4,23-360,CBJ,,CGY,W,0,0,0,0,0,0,0,0,0,0,0,0,1,0.0,26,25:32,2,3,0,0,
109,2014-10-18,5,23-361,CBJ,@,OTT,L,1,0,1,1,0,1,0,0,0,0,0,0,1,100.0,24,21:51,0,1,0,0,
110,2014-10-23,6,24-001,CBJ,@,SJS,W,0,1,1,1,0,0,0,0,0,1,0,0,3,0.0,27,24:53,1,2,0,0,
111,2014-10-24,7,24-002,CBJ,@,ANA,L,0,0,0,-1,2,0,0,0,0,0,0,0,0,,27,25:21,1,1,0,0,
112,2014-10-26,8,24-004,CBJ,@,LAK,L,0,0,0,-1,0,0,0,0,0,0,0,0,0,,21,16:36,1,3,0,0,
113,2014-10-28,9,24-006,CBJ,,OTT,L,1,0,1,0,2,0,1,0,0,0,0,0,5,20.0,25,19:29,6,1,0,0,
114,2014-10-31,10,24-009,CBJ,,TOR,L,0,0,0,0,2,0,0,0,0,0,0,0,1,0.0,26,20:36,1,2,0,0,
115,2014-11-01,11,24-010,CBJ,@,NJD,L,0,0,0,0,0,0,0,0,0,0,0,0,1,0.0,28,25:05,2,0,0,0,
116,2014-11-04,12,24-013,CBJ,,CAR,L,0,1,1,0,2,0,0,0,0,0,1,0,0,,36,22:18,2,2,0,0,
117,2014-11-07,13,24-016,CBJ,@,CAR,L-OT,0,0,0,0,4,0,0,0,0,0,0,0,2,0.0,29,26:28,0,3,0,0,
118,2014-11-08,14,24-017,CBJ,,TBL,L,0,0,0,-3,0,0,0,0,0,0,0,0,1,0.0,25,20:27,3,0,0,0,
119,2014-11-11,15,24-020,CBJ,@,WSH,L,1,0,1,1,0,1,0,0,0,0,0,0,1,100.0,25,23:28,1,1,0,0,
120,2014-11-14,16,24-023,CBJ,@,PHI,W,0,0,0,0,0,0,0,0,0,0,0,0,2,0.0,23,22:15,3,0,0,0,
121,2014-11-15,17,24-024,CBJ,,SJS,W,1,0,1,1,0,1,0,0,0,0,0,0,3,33.3,24,22:42,1,2,0,0,
122,2014-11-18,18,24-027,CBJ,,DET,L,0,0,0,-2,0,0,0,0,0,0,0,0,1,0.0,23,18:01,2,0,0,0,
123,2014-11-21,19,24-030,CBJ,,BOS,L-SO,0,0,0,1,0,0,0,0,0,0,0,0,2,0.0,27,23:20,6,1,0,0,
124,2014-11-22,20,24-031,CBJ,@,PHI,L,0,0,0,-1,2,0,0,0,0,0,0,0,1,0.0,24,19:53,1,1,0,0,
125,2014-11-25,21,24-034,CBJ,,WPG,L,0,1,1,0,0,0,0,0,0,0,1,0,3,0.0,22,22:16,3,1,0,0,
126,2014-11-28,22,24-037,CBJ,,VAN,L,0,0,0,-1,0,0,0,0,0,0,0,0,2,0.0,24,19:59,0,0,0,0,
127,2014-11-29,23,24-038,CBJ,@,NSH,L,0,0,0,-1,0,0,0,0,0,0,0,0,0,,27,22:45,2,0,0,0,
128,2014-12-01,24,24-040,CBJ,,FLA,W,0,0,0,2,0,0,0,0,0,0,0,0,1,0.0,24,21:44,1,0,0,0,
129,2014-12-04,25,24-043,CBJ,@,FLA,W,0,0,0,0,0,0,0,0,0,0,0,0,2,0.0,34,26:54,4,4,0,0,
130,2014-12-06,26,24-045,CBJ,@,TBL,W,1,0,1,1,0,0,1,0,1,0,0,0,2,50.0,31,23:02,2,4,0,0,
131,2014-12-09,27,24-048,CBJ,,PHI,W,0,0,0,-1,2,0,0,0,0,0,0,0,1,0.0,28,23:47,6,0,0,0,
132,2014-12-11,28,24-050,CBJ,@,WSH,W,0,0,0,0,0,0,0,0,0,0,0,0,0,,26,24:47,3,4,0,0,
133,2014-12-13,29,24-052,CBJ,,PIT,W,0,2,2,-1,4,0,0,0,0,1,1,0,2,0.0,30,26:27,8,0,0,0,
134,2014-12-16,30,24-055,CBJ,@,DET,W,0,0,0,0,0,0,0,0,0,0,0,0,0,,26,23:13,2,1,0,0,
135,2014-12-18,31,24-057,CBJ,,WSH,L-OT,0,0,0,-1,2,0,0,0,0,0,0,0,2,0.0,27,20:10,0,1,0,0,
136,2014-12-20,32,24-059,CBJ,,CHI,W,0,1,1,1,0,0,0,0,0,1,0,0,2,0.0,27,24:26,2,1,0,0,
137,2014-12-22,33,24-061,CBJ,,NSH,L,0,0,0,-2,0,0,0,0,0,0,0,0,1,0.0,25,22:17,2,0,0,0,
138,2014-12-27,34,24-066,CBJ,,BOS,W,0,0,0,2,2,0,0,0,0,0,0,0,2,0.0,27,22:20,5,0,0,0,
139,2014-12-31,35,24-070,CBJ,,MIN,W,1,0,1,1,0,0,1,0,1,0,0,0,2,50.0,27,23:19,7,1,0,0,
140,2015-01-03,36,24-073,CBJ,@,ARI,L,0,0,0,0,0,0,0,0,0,0,0,0,2,0.0,24,20:40,4,0,0,0,
141,2015-01-04,37,24-074,CBJ,@,COL,W,1,0,1,-2,0,1,0,0,1,0,0,0,3,33.3,26,23:38,3,1,0,0,
142,2015-01-06,38,24-076,CBJ,@,DAL,W,0,0,0,-1,2,0,0,0,0,0,0,0,3,0.0,31,23:46,3,1,0,0,
143,2015-01-09,39,24-079,CBJ,@,TOR,L,0,1,1,1,2,0,0,0,0,0,1,0,2,0.0,26,22:29,10,3,0,0,
144,2015-01-10,40,24-080,CBJ,,NYI,L,0,1,1,-1,2,0,0,0,0,0,1,0,0,,25,23:39,2,2,1,0,100.0
145,2015-01-14,41,24-084,CBJ,,MTL,L,0,0,0,0,2,0,0,0,0,0,0,0,0,,26,21:49,4,1,0,0,
146,2015-01-16,42,24-086,CBJ,,NYR,L,0,0,0,1,0,0,0,0,0,0,0,0,0,,26,23:04,4,4,0,0,
147,2015-01-17,43,24-087,CBJ,@,BOS,W,0,0,0,0,0,0,0,0,0,0,0,0,0,,28,22:01,2,2,0,0,
148,2015-01-19,44,24-089,CBJ,@,MIN,W,0,0,0,0,4,0,0,0,0,0,0,0,0,,24,19:18,0,1,0,0,
149,2015-01-21,45,24-091,CBJ,@,WPG,L,0,0,0,-3,0,0,0,0,0,0,0,0,1,0.0,24,19:26,0,1,0,0,
150,2015-01-27,46,24-097,CBJ,,WSH,W,0,0,0,-1,0,0,0,0,0,0,0,0,1,0.0,29,22:23,1,1,0,0,
151,2015-01-29,47,24-099,CBJ,@,FLA,L,0,0,0,-1,0,0,0,0,0,0,0,0,1,0.0,26,21:38,3,2,0,0,
152,2015-01-31,48,24-101,CBJ,@,TBL,L,0,1,1,0,0,0,0,0,0,1,0,0,0,,26,22:55,1,4,0,0,
153,2015-02-03,49,24-104,CBJ,,ARI,L,0,0,0,0,0,0,0,0,0,0,0,0,4,0.0,26,20:12,6,1,0,0,
154,2015-02-06,50,24-107,CBJ,,STL,W,0,0,0,2,0,0,0,0,0,0,0,0,1,0.0,27,21:54,4,1,0,0,
155,2015-02-07,51,24-108,CBJ,@,OTT,W,0,1,1,2,2,0,0,0,0,1,0,0,1,0.0,26,23:15,4,1,0,0,
156,2015-02-09,52,24-110,CBJ,,LAK,L,1,1,2,1,0,1,0,0,0,1,0,0,3,33.3,23,23:44,4,2,0,0,
157,2015-02-13,53,24-114,CBJ,,PHI,W,0,0,0,1,0,0,0,0,0,0,0,0,0,,27,25:08,3,3,0,0,
158,2015-02-14,54,24-115,CBJ,@,NYI,L,0,0,0,-3,0,0,0,0,0,0,0,0,0,,25,23:18,2,1,0,0,
159,2015-02-17,55,24-118,CBJ,@,PHI,W,0,1,1,2,0,0,0,0,0,1,0,0,1,0.0,28,25:04,2,1,0,0,
160,2015-02-19,56,24-120,CBJ,@,PIT,W,0,0,0,0,0,0,0,0,0,0,0,0,1,0.0,27,24:42,3,0,0,0,
161,2015-02-21,57,24-122,CBJ,@,MTL,L,0,0,0,0,0,0,0,0,0,0,0,0,1,0.0,28,21:22,4,0,0,0,
162,2015-02-22,58,24-123,CBJ,@,NYR,L-SO,1,0,1,1,4,1,0,0,0,0,0,0,3,33.3,31,24:25,2,1,0,0,
163,2015-02-24,59,24-125,CBJ,,BUF,L,0,0,0,1,2,0,0,0,0,0,0,0,3,0.0,20,20:59,1,0,0,0,
164,2015-02-26,60,24-127,CBJ,,MTL,L,0,2,2,-1,0,0,0,0,0,2,0,0,2,0.0,25,21:09,0,0,0,0,
165,2015-02-28,61,24-129,CBJ,,NJD,L,0,0,0,0,2,0,0,0,0,0,0,0,1,0.0,25,21:50,1,0,0,0,
166,2015-03-01,62,24-130,CBJ,@,PIT,L,0,0,0,-1,0,0,0,0,0,0,0,0,1,0.0,30,25:19,2,4,0,0,
167,2015-03-03,63,24-132,CBJ,,WSH,L,1,0,1,1,0,1,0,0,0,0,0,0,3,33.3,28,23:46,2,0,0,0,
168,2015-03-06,64,24-135,CBJ,@,NJD,W,0,0,0,0,11,0,0,0,0,0,0,0,1,0.0,25,21:41,1,0,0,0,
169,2015-03-07,65,24-136,CBJ,,COL,L,0,0,0,-1,0,0,0,0,0,0,0,0,1,0.0,26,22:43,2,0,0,0,
170,2015-03-10,66,24-139,CBJ,@,CAR,W,0,0,0,0,0,0,0,0,0,0,0,0,0,,30,27:12,3,2,0,0,
171,2015-03-12,67,24-141,CBJ,@,DET,W,0,1,1,0,0,0,0,0,0,0,1,0,1,0.0,32,24:38,3,4,0,0,
172,2015-03-13,68,24-142,CBJ,,EDM,W,0,0,0,2,0,0,0,0,0,0,0,0,0,,29,21:58,2,0,0,0,
173,2015-03-15,69,24-144,CBJ,,CAR,L,0,0,0,0,2,0,0,0,0,0,0,0,1,0.0,26,22:16,2,0,0,0,
174,2015-03-18,70,24-147,CBJ,@,EDM,W,1,0,1,2,0,1,0,0,0,0,0,0,2,50.0,27,24:06,2,0,0,0,
175,2015-03-19,71,24-148,CBJ,@,VAN,W,0,1,1,0,0,0,0,0,0,1,0,0,0,,27,20:13,0,2,0,0,
176,2015-03-21,72,24-150,CBJ,@,CGY,W,0,0,0,-1,0,0,0,0,0,0,0,0,1,0.0,32,26:14,0,3,0,0,
177,2015-03-24,73,24-153,CBJ,,ANA,W,0,1,1,1,4,0,0,0,0,1,0,0,2,0.0,27,25:09,3,2,0,0,
178,2015-03-27,74,24-156,CBJ,@,CHI,W,0,0,0,1,0,0,0,0,0,0,0,0,1,0.0,25,23:29,2,1,0,0,
179,2015-03-28,75,24-157,CBJ,@,STL,W,0,1,1,1,4,0,0,0,0,1,0,0,0,,25,22:56,0,3,0,0,
180,2015-03-31,76,24-160,CBJ,,NJD,W,0,1,1,0,0,0,0,0,0,1,0,0,1,0.0,23,23:52,2,2,0,0,
181,2015-04-02,77,24-162,CBJ,,NYI,W,0,1,1,0,0,0,0,0,0,1,0,0,2,0.0,24,24:02,2,0,0,0,
182,2015-04-04,78,24-164,CBJ,,PIT,W,0,1,1,0,0,0,0,0,0,1,0,0,2,0.0,27,23:58,7,1,0,0,
183,2015-04-06,79,24-166,CBJ,@,NYR,L-OT,0,0,0,-1,0,0,0,0,0,0,0,0,1,0.0,27,28:06,1,2,0,0,
184,2015-04-08,80,24-168,CBJ,,TOR,W,0,0,0,2,0,0,0,0,0,0,0,0,2,0.0,22,22:31,1,2,0,0,
185,2015-04-10,81,24-170,CBJ,,BUF,W,0,2,2,3,0,0,0,0,0,2,0,0,3,0.0,23,22:56,1,1,0,0,
186,2015-04-11,82,24-171,CBJ,@,NYI,W,0,1,1,0,4,0,0,0,0,0,1,0,4,0.0,30,25:55,1,0,0,0,
187,2015-10-09,1,24-352,CBJ,,NYR,L,0,0,0,-1,0,0,0,0,0,0,0,0,0,,26,19:54,1,0,0,0,
188,2015-10-10,2,24-353,CBJ,@,NYR,L,0,1,1,0,0,0,0,0,0,0,1,0,3,0.0,27,18:58,2,1,0,0,
189,2015-10-12,3,24-355,CBJ,@,BUF,L,0,0,0,-1,0,0,0,0,0,0,0,0,1,0.0,27,22:33,0,2,0,0,
190,2015-10-14,4,24-357,CBJ,,OTT,L,0,0,0,-1,0,0,0,0,0,0,0,0,2,0.0,24,20:38,0,0,0,0,
191,2015-10-16,5,24-359,CBJ,,TOR,L,0,0,0,-4,0,0,0,0,0,0,0,0,2,0.0,26,21:13,3,1,0,0,
192,2015-10-17,6,24-360,CBJ,@,CHI,L,0,1,1,-1,2,0,0,0,0,1,0,0,2,0.0,24,22:08,2,1,0,0,
193,2015-10-20,7,24-363,CBJ,,NYI,L,0,0,0,-1,0,0,0,0,0,0,0,0,5,0.0,25,25:00,5,1,0,0,
194,2015-10-22,8,25-000,CBJ,@,MIN,L,0,0,0,-1,0,0,0,0,0,0,0,0,1,0.0,33,22:52,2,1,0,0,
195,2015-10-24,9,25-002,CBJ,@,COL,W,0,2,2,2,0,0,0,0,0,1,1,0,2,0.0,29,24:31,3,4,0,0,
196,2015-10-27,10,25-005,CBJ,@,NJD,W,0,0,0,1,2,0,0,0,0,0,0,0,1,0.0,26,25:38,2,1,0,0,
197,2015-10-30,11,25-008,CBJ,@,WSH,L,0,0,0,1,0,0,0,0,0,0,0,0,3,0.0,28,24:21,3,1,0,0,
198,2015-10-31,12,25-009,CBJ,,WPG,L,0,1,1,0,0,0,0,0,0,1,0,0,5,0.0,25,27:47,4,1,0,0,
199,2015-11-03,13,25-012,CBJ,@,SJS,W,0,0,0,-1,0,0,0,0,0,0,0,0,2,0.0,28,24:59,0,2,0,0,
200,2015-11-05,14,25-014,CBJ,@,LAK,W,0,1,1,-1,4,0,0,0,0,1,0,0,1,0.0,34,26:01,1,5,0,0,
201,2015-11-06,15,25-015,CBJ,@,ANA,L,0,1,1,1,0,0,0,0,0,1,0,0,2,0.0,30,24:04,1,1,0,0,
202,2015-11-10,16,25-019,CBJ,,VAN,L,0,1,1,-1,0,0,0,0,0,0,0,1,1,0.0,29,27:09,2,0,0,0,
203,2015-11-13,17,25-022,CBJ,@,PIT,W,0,0,0,-1,0,0,0,0,0,0,0,0,2,0.0,35,28:05,1,3,0,0,
204,2015-11-14,18,25-023,CBJ,,ARI,W,0,1,1,0,0,0,0,0,0,1,0,0,1,0.0,27,27:39,3,2,0,0,
205,2015-11-17,19,25-026,CBJ,,STL,W,0,0,0,1,0,0,0,0,0,0,0,0,1,0.0,28,24:00,1,1,0,0,
206,2015-11-19,20,25-028,CBJ,@,OTT,L,0,0,0,-2,15,0,0,0,0,0,0,0,4,0.0,30,22:04,3,4,0,0,
207,2015-11-20,21,25-029,CBJ,,NSH,W,0,0,0,0,0,0,0,0,0,0,0,0,1,0.0,32,30:48,2,3,0,0,
208,2015-11-22,22,25-031,CBJ,,SJS,L,0,0,0,-1,0,0,0,0,0,0,0,0,0,,28,27:28,1,5,0,0,
209,2015-11-25,23,25-034,CBJ,@,NJD,W,0,1,1,2,0,0,0,0,0,1,0,0,2,0.0,30,28:34,1,0,0,0,
210,2015-11-27,24,25-036,CBJ,,PIT,W,0,0,0,0,0,0,0,0,0,0,0,0,5,0.0,33,30:36,1,3,0,0,
211,2015-11-28,25,25-037,CBJ,@,STL,L,0,1,1,1,0,0,0,0,0,1,0,0,0,,27,26:45,0,0,0,0,
212,2015-12-01,26,25-040,CBJ,@,MTL,L,0,0,0,0,2,0,0,0,0,0,0,0,0,,30,26:36,2,0,0,0,
213,2015-12-04,27,25-043,CBJ,,FLA,L-SO,0,0,0,0,0,0,0,0,0,0,0,0,1,0.0,30,26:17,2,2,0,0,
214,2015-12-05,28,25-044,CBJ,@,PHI,W,0,0,0,1,2,0,0,0,0,0,0,0,1,0.0,32,24:37,3,3,0,0,
215,2015-12-08,29,25-047,CBJ,,LAK,L-OT,0,0,0,-2,0,0,0,0,0,0,0,0,1,0.0,27,26:14,5,4,0,0,
216,2015-12-10,30,25-049,CBJ,@,WPG,L,0,1,1,0,0,0,0,0,0,1,0,0,0,,28,24:27,1,3,0,0,
217,2015-12-12,31,25-051,CBJ,,NYI,L-OT,0,1,1,0,0,0,0,0,0,1,0,0,0,,25,24:12,0,3,0,0,
218,2015-12-14,32,25-053,CBJ,,TBL,L,0,0,0,0,2,0,0,0,0,0,0,0,2,0.0,26,22:18,5,0,0,0,
219,2015-12-15,33,25-054,CBJ,@,DAL,L,0,0,0,-4,0,0,0,0,0,0,0,0,0,,21,14:18,1,0,0,0,
220,2016-01-02,34,25-072,CBJ,,WSH,W,0,1,1,0,0,0,0,0,0,0,1,0,1,0.0,29,22:38,1,2,0,0,
221,2016-01-05,35,25-075,CBJ,,MIN,L,0,0,0,-1,2,0,0,0,0,0,0,0,5,0.0,30,25:05,3,1,0,0,
222,2016-01-08,36,25-078,CBJ,@,CAR,L,0,0,0,0,0,0,0,0,0,0,0,0,3,0.0,28,24:28,3,4,0,0,
223,2016-01-09,37,25-079,CBJ,,CAR,L-OT,0,1,1,1,0,0,0,0,0,1,0,0,2,0.0,27,25:44,1,3,0,0,
224,2016-01-12,38,25-082,CBJ,@,NYI,L,1,0,1,-1,0,1,0,0,0,0,0,0,2,50.0,23,20:42,2,1,0,0,
225,2016-01-13,39,25-083,CBJ,@,TOR,W,0,0,0,0,0,0,0,0,0,0,0,0,0,,11,8:03,2,0,0,0,
226,2016-02-13,40,25-114,CBJ,,OTT,W,0,0,0,1,0,0,0,0,0,0,0,0,4,0.0,25,19:48,2,3,0,0,
227,2016-02-16,41,25-117,CBJ,,BOS,L-OT,0,0,0,0,0,0,0,0,0,0,0,0,1,0.0,27,19:46,3,3,0,0,
228,2016-02-19,42,25-120,CBJ,,BUF,L,0,0,0,0,0,0,0,0,0,0,0,0,4,0.0,26,21:33,2,2,0,0,
229,2016-02-22,43,25-123,CBJ,@,BOS,W,0,0,0,0,0,0,0,0,0,0,0,0,1,0.0,26,19:25,3,2,0,0,
230,2016-02-23,44,25-124,CBJ,@,DET,L-SO,0,1,1,1,0,0,0,0,0,1,0,0,0,,21,18:40,1,1,0,0,
231,2016-02-25,45,25-126,CBJ,,NJD,W,0,1,1,1,0,0,0,0,0,1,0,0,1,0.0,26,24:38,2,1,0,0,
232,2016-02-27,46,25-128,CBJ,,FLA,W,0,0,0,-1,0,0,0,0,0,0,0,0,3,0.0,29,23:17,2,3,0,0,
233,2016-02-29,47,25-130,CBJ,@,NYR,L,0,0,0,0,0,0,0,0,0,0,0,0,0,,26,18:14,4,1,0,0,
234,2016-03-04,48,25-134,CBJ,,EDM,W,2,0,2,2,0,2,0,0,0,0,0,0,5,40.0,28,22:16,0,4,0,0,
235,2016-03-05,49,25-135,CBJ,@,PHI,L,0,0,0,-2,0,0,0,0,0,0,0,0,2,0.0,28,24:06,3,2,0,0,
236,2016-03-08,50,25-138,CBJ,,DET,W,1,0,1,0,0,0,1,0,0,0,0,0,3,33.3,25,21:11,1,3,0,0,
237,2016-03-11,51,25-141,CBJ,,PIT,L,0,0,0,0,0,0,0,0,0,0,0,0,1,0.0,26,20:44,2,0,0,0,
238,2016-03-13,52,25-143,CBJ,,TBL,L,0,0,0,0,2,0,0,0,0,0,0,0,3,0.0,25,23:08,3,3,0,0,
239,2016-03-17,53,25-147,CBJ,,DET,L,0,0,0,0,0,0,0,0,0,0,0,0,1,0.0,27,22:57,2,1,0,0,
240,2016-03-19,54,25-149,CBJ,,NJD,W,0,0,0,0,0,0,0,0,0,0,0,0,1,0.0,26,24:36,1,1,0,0,
241,2016-03-20,55,25-150,CBJ,@,NJD,L,0,0,0,-2,4,0,0,0,0,0,0,0,0,,24,21:01,0,1,0,0,
242,2016-03-22,56,25-152,CBJ,,PHI,W,0,0,0,2,0,0,0,0,0,0,0,0,5,0.0,27,24:31,1,1,0,0,
243,2016-03-24,57,25-154,CBJ,,CAR,L,0,0,0,1,0,0,0,0,0,0,0,0,3,0.0,23,21:33,2,0,0,0,
244,2016-03-26,58,25-156,CBJ,@,NSH,L,0,0,0,-3,2,0,0,0,0,0,0,0,0,,25,21:49,1,4,0,0,
245,2016-03-28,59,25-158,CBJ,@,WSH,L,0,0,0,0,0,0,0,0,0,0,0,0,3,0.0,26,22:58,2,1,0,0,
246,2016-03-31,60,25-161,CBJ,@,NYI,L,0,1,1,-1,2,0,0,0,0,0,1,0,1,0.0,26,22:37,3,1,0,0,
247,2016-04-02,61,25-163,CBJ,@,CAR,W,0,2,2,3,0,0,0,0,0,2,0,0,1,0.0,30,21:56,2,0,0,0,
248,2016-04-04,62,25-165,CBJ,,NYR,L,0,1,1,-1,0,0,0,0,0,1,0,0,4,0.0,29,23:05,0,2,0,0,
249,2016-04-06,63,25-167,CBJ,@,TOR,W,0,0,0,2,0,0,0,0,0,0,0,0,2,0.0,25,19:59,2,1,0,0,
250,2016-04-08,64,25-169,CBJ,@,BUF,W,0,0,0,1,0,0,0,0,0,0,0,0,5,0.0,23,19:45,1,1,0,0,
251,2016-04-09,65,25-170,CBJ,,CHI,W,0,0,0,3,4,0,0,0,0,0,0,0,1,0.0,26,23:16,2,0,0,0,
252,2016-10-13,1,25-357,CBJ,,BOS,L,0,0,0,-1,0,0,0,0,0,0,0,0,0,,26,19:32,3,3,0,0,
253,2016-10-15,2,25-359,CBJ,,SJS,L,0,0,0,-1,2,0,0,0,0,0,0,0,2,0.0,30,22:06,2,2,0,0,
254,2016-10-21,3,25-365,CBJ,,CHI,W,0,1,1,-1,0,0,0,0,0,1,0,0,2,0.0,28,25:17,1,4,0,0,
255,2016-10-22,4,26-000,CBJ,@,DAL,W,0,0,0,1,2,0,0,0,0,0,0,0,1,0.0,30,25:47,0,2,0,0,
256,2016-10-25,5,26-003,CBJ,@,LAK,L-OT,0,1,1,0,0,0,0,0,0,1,0,0,1,0.0,31,24:26,4,1,0,0,
257,2016-10-27,6,26-005,CBJ,@,SJS,L,0,0,0,0,0,0,0,0,0,0,0,0,1,0.0,25,21:04,0,0,0,0,
258,2016-10-28,7,26-006,CBJ,@,ANA,W,0,0,0,2,0,0,0,0,0,0,0,0,0,,27,19:21,2,1,0,0,
259,2016-11-01,8,26-010,CBJ,,DAL,W,0,0,0,0,0,0,0,0,0,0,0,0,1,0.0,24,17:47,3,1,0,0,
260,2016-11-04,9,26-013,CBJ,,MTL,W,1,0,1,2,0,1,0,0,0,0,0,0,1,100.0,27,16:08,0,0,0,0,
261,2016-11-05,10,26-014,CBJ,@,STL,L-OT,0,0,0,0,0,0,0,0,0,0,0,0,0,,24,17:24,3,2,0,0,
262,2016-11-09,11,26-018,CBJ,,ANA,W,0,0,0,-1,0,0,0,0,0,0,0,0,2,0.0,29,21:23,1,0,0,0,
263,2016-11-10,12,26-019,CBJ,@,BOS,L,0,0,0,-2,0,0,0,0,0,0,0,0,1,0.0,26,20:20,2,3,0,0,
264,2016-11-12,13,26-021,CBJ,,STL,W,0,1,1,2,4,0,0,0,0,1,0,0,1,0.0,29,20:33,2,2,0,0,
265,2016-11-15,14,26-024,CBJ,,WSH,W,0,0,0,0,0,0,0,0,0,0,0,0,2,0.0,31,20:02,6,2,0,0,
266,2016-11-18,15,26-027,CBJ,,NYR,W,0,0,0,3,2,0,0,0,0,0,0,0,0,,33,23:41,1,3,0,0,
267,2016-11-20,16,26-029,CBJ,@,WSH,W,0,0,0,1,0,0,0,0,0,0,0,0,0,,31,23:18,1,3,0,0,
268,2016-11-21,17,26-030,CBJ,,COL,L-OT,0,0,0,0,0,0,0,0,0,0,0,0,3,0.0,27,21:35,0,0,0,0,
269,2016-11-23,18,26-032,CBJ,,CGY,L,0,0,0,0,0,0,0,0,0,0,0,0,5,0.0,27,20:38,1,1,0,0,
270,2016-11-25,19,26-034,CBJ,@,TBL,W,0,0,0,2,0,0,0,0,0,0,0,0,1,0.0,26,23:09,1,2,0,0,
271,2016-11-26,20,26-035,CBJ,@,FLA,L-SO,0,0,0,0,2,0,0,0,0,0,0,0,2,0.0,30,23:26,5,4,0,0,
272,2016-11-29,21,26-038,CBJ,,TBL,W,0,1,1,1,0,0,0,0,0,1,0,0,2,0.0,24,21:19,3,0,0,0,
273,2016-12-01,22,26-040,CBJ,@,COL,W,0,0,0,2,0,0,0,0,0,0,0,0,2,0.0,27,21:19,0,1,0,0,
274,2016-12-03,23,26-042,CBJ,@,ARI,W,0,1,1,0,2,0,0,0,0,1,0,0,3,0.0,28,19:39,0,3,0,0,
275,2016-12-05,24,26-044,CBJ,,ARI,W,0,0,0,1,0,0,0,0,0,0,0,0,0,,28,20:55,1,0,0,0,
276,2016-12-09,25,26-048,CBJ,@,DET,W,0,1,1,2,0,0,0,0,0,1,0,0,4,0.0,27,22:21,2,2,0,0,
277,2016-12-10,26,26-049,CBJ,,NYI,W,0,1,1,2,2,0,0,0,0,1,0,0,3,0.0,23,19:55,0,3,0,0,
278,2016-12-13,27,26-052,CBJ,@,EDM,W,0,0,0,0,0,0,0,0,0,0,0,0,2,0.0,31,22:07,2,3,0,0,
279,2016-12-16,28,26-055,CBJ,@,CGY,W,0,1,1,2,2,0,0,0,0,1,0,0,3,0.0,27,19:26,1,0,0,0,
280,2016-12-18,29,26-057,CBJ,@,VAN,W,0,0,0,-1,0,0,0,0,0,0,0,0,3,0.0,37,24:42,0,2,0,0,
281,2016-12-20,30,26-059,CBJ,,LAK,W,0,1,1,2,2,0,0,0,0,1,0,0,0,,30,22:05,4,2,0,0,
282,2016-12-22,31,26-061,CBJ,,PIT,W,0,0,0,4,0,0,0,0,0,0,0,0,1,0.0,26,22:41,1,4,0,0,
283,2016-12-23,32,26-062,CBJ,,MTL,W,0,0,0,1,0,0,0,0,0,0,0,0,2,0.0,29,25:43,1,0,0,0,
284,2016-12-27,33,26-066,CBJ,,BOS,W,0,0,0,-2,2,0,0,0,0,0,0,0,0,,25,20:46,0,3,0,0,
285,2016-12-29,34,26-068,CBJ,@,WPG,W,0,0,0,2,0,0,0,0,0,0,0,0,1,0.0,28,22:27,0,4,0,0,
286,2016-12-31,35,26-070,CBJ,@,MIN,W,0,0,0,1,0,0,0,0,0,0,0,0,1,0.0,30,23:03,4,0,0,0,
287,2017-01-03,36,26-073,CBJ,,EDM,W,0,0,0,0,0,0,0,0,0,0,0,0,2,0.0,27,24:30,3,1,0,0,
288,2017-01-05,37,26-075,CBJ,@,WSH,L,0,0,0,-2,2,0,0,0,0,0,0,0,1,0.0,23,18:25,1,2,0,0,
289,2017-01-07,38,26-077,CBJ,,NYR,L,0,0,0,-1,2,0,0,0,0,0,0,0,2,0.0,29,20:52,1,2,0,0,
290,2017-01-08,39,26-078,CBJ,,PHI,W,1,0,1,1,0,1,0,0,0,0,0,0,4,25.0,24,22:01,3,1,0,0,
291,2017-01-10,40,26-080,CBJ,@,CAR,L,0,0,0,-1,0,0,0,0,0,0,0,0,1,0.0,26,19:58,1,0,0,0,
292,2017-01-13,41,26-083,CBJ,@,TBL,W,0,1,1,1,0,0,0,0,0,1,0,0,2,0.0,31,23:01,2,1,0,0,
293,2017-01-14,42,26-084,CBJ,@,FLA,L,0,0,0,-1,0,0,0,0,0,0,0,0,1,0.0,31,23:15,3,1,0,0,
294,2017-01-17,43,26-087,CBJ,,CAR,W,0,0,0,0,0,0,0,0,0,0,0,0,1,0.0,26,21:55,1,1,0,0,
295,2017-01-19,44,26-089,CBJ,,OTT,L,0,0,0,-1,0,0,0,0,0,0,0,0,0,,23,17:37,1,0,0,0,
296,2017-01-26,45,26-096,CBJ,@,NSH,L,0,0,0,-1,0,0,0,0,0,0,0,0,1,0.0,20,16:00,1,1,0,0,
297,2017-02-11,46,26-112,CBJ,,DET,W,0,0,0,0,6,0,0,0,0,0,0,0,0,,27,20:47,0,0,0,0,
298,2017-02-13,47,26-114,CBJ,,NYR,L,0,1,1,-1,2,0,0,0,0,1,0,0,3,0.0,25,21:59,1,1,0,0,
299,2017-02-15,48,26-116,CBJ,,TOR,W,0,0,0,-1,0,0,0,0,0,0,0,0,3,0.0,28,22:57,3,4,0,0,
300,2017-02-17,49,26-118,CBJ,,PIT,W,0,0,0,-1,0,0,0,0,0,0,0,0,1,0.0,29,23:22,2,3,0,0,
301,2017-02-19,50,26-120,CBJ,,NSH,L,0,0,0,-2,0,0,0,0,0,0,0,0,4,0.0,28,20:14,1,1,0,0,
302,2017-02-25,51,26-126,CBJ,,NYI,W,1,2,3,5,0,1,0,0,0,2,0,0,3,33.3,28,20:55,0,1,0,0,
303,2017-02-26,52,26-127,CBJ,@,NYR,W,0,1,1,3,0,0,0,0,0,1,0,0,2,0.0,29,21:38,2,5,0,0,
304,2017-02-28,53,26-129,CBJ,@,MTL,L-OT,0,0,0,0,0,0,0,0,0,0,0,0,4,0.0,29,25:09,2,1,0,0,
305,2017-03-02,54,26-131,CBJ,,MIN,W,0,0,0,1,2,0,0,0,0,0,0,0,1,0.0,29,22:19,2,3,0,0,
306,2017-03-04,55,26-133,CBJ,@,OTT,L,0,0,0,-1,0,0,0,0,0,0,0,0,0,,24,19:47,2,4,0,0,
307,2017-03-05,56,26-134,CBJ,@,NJD,W,0,1,1,2,0,0,0,0,0,1,0,0,1,0.0,27,22:00,1,2,0,0,
308,2017-03-07,57,26-136,CBJ,,NJD,W,0,0,0,0,0,0,0,0,0,0,0,0,2,0.0,26,22:43,2,1,0,0,
309,2017-03-10,58,26-139,CBJ,,BUF,W,1,0,1,1,2,1,0,0,0,0,0,0,3,33.3,28,22:04,1,1,0,0,
310,2017-03-11,59,26-140,CBJ,@,BUF,L,1,0,1,0,0,1,0,0,0,0,0,0,4,25.0,33,23:53,1,1,0,0,
311,2017-03-13,60,26-142,CBJ,@,PHI,W,0,0,0,0,0,0,0,0,0,0,0,0,2,0.0,29,26:34,4,4,0,0,
312,2017-03-16,61,26-145,CBJ,,FLA,W,0,0,0,1,0,0,0,0,0,0,0,0,1,0.0,28,21:27,0,1,0,0,
313,2017-03-18,62,26-147,CBJ,@,NYI,W,0,0,0,-1,0,0,0,0,0,0,0,0,3,0.0,28,23:15,3,2,0,0,
314,2017-03-19,63,26-148,CBJ,@,NJD,W,0,1,1,2,0,0,0,0,0,0,0,1,2,0.0,30,23:42,4,2,0,0,
315,2017-03-22,64,26-151,CBJ,,TOR,L,1,0,1,0,0,1,0,0,0,0,0,0,7,14.3,28,22:13,1,1,0,0,
316,2017-03-23,65,26-152,CBJ,@,WSH,L-SO,0,0,0,0,0,0,0,0,0,0,0,0,2,0.0,26,23:52,1,2,0,0,
317,2017-03-25,66,26-154,CBJ,,PHI,W,0,0,0,0,4,0,0,0,0,0,0,0,1,0.0,25,20:39,0,2,0,0,
318,2017-03-28,67,26-157,CBJ,,BUF,W,0,0,0,1,0,0,0,0,0,0,0,0,1,0.0,27,23:18,0,4,0,0,
319,2017-03-30,68,26-159,CBJ,@,CAR,L-OT,0,0,0,1,2,0,0,0,0,0,0,0,3,0.0,28,22:57,2,1,0,0,
320,2017-03-31,69,26-160,CBJ,@,CHI,L,0,0,0,1,0,0,0,0,0,0,0,0,2,0.0,28,21:24,2,0,0,0,
321,2017-04-02,70,26-162,CBJ,,WSH,L,0,0,0,0,0,0,0,0,0,0,0,0,7,0.0,30,23:50,2,1,0,0,
322,2017-04-04,71,26-164,CBJ,@,PIT,L,0,0,0,-1,0,0,0,0,0,0,0,0,2,0.0,31,20:35,4,0,0,0,
323,2017-04-06,72,26-166,CBJ,,WPG,L,0,0,0,2,0,0,0,0,0,0,0,0,0,,29,21:21,3,0,0,0,
324,2017-04-08,73,26-168,CBJ,@,PHI,L,0,0,0,1,0,0,0,0,0,0,0,0,2,0.0,28,22:48,5,3,0,0,
325,2017-04-09,74,26-169,CBJ,@,TOR,W,0,1,1,1,0,0,0,0,0,0,0,1,1,0.0,30,24:59,2,2,0,0,
326,2017-10-06,1,26-349,CBJ,,NYI,W,0,0,0,2,2,0,0,0,0,0,0,0,3,0.0,27,20:31,1,5,0,0,
327,2017-10-07,2,26-350,CBJ,@,CHI,L,0,0,0,-1,0,0,0,0,0,0,0,0,4,0.0,21,16:07,2,2,0,0,
328,2017-10-10,3,26-353,CBJ,@,CAR,W,0,0,0,0,0,0,0,0,0,0,0,0,3,0.0,29,22:04,5,2,0,0,
329,2017-10-13,4,26-356,CBJ,,NYR,W,0,0,0,1,0,0,0,0,0,0,0,0,3,0.0,29,23:01,1,4,0,0,
330,2017-10-14,5,26-357,CBJ,@,MIN,W,1,1,2,2,0,1,0,0,0,1,0,0,4,25.0,26,18:45,0,0,0,0,
331,2017-10-17,6,26-360,CBJ,@,WPG,W,0,0,0,0,0,0,0,0,0,0,0,0,1,0.0,25,22:07,0,3,0,0,
332,2017-10-19,7,26-362,CBJ,,TBL,L,0,0,0,-1,2,0,0,0,0,0,0,0,0,,22,18:57,1,2,0,0,
333,2017-10-21,8,26-364,CBJ,,LAK,L,0,1,1,0,0,0,0,0,0,1,0,0,4,0.0,30,22:36,0,2,0,0,
334,2017-10-25,9,27-003,CBJ,,BUF,W,0,0,0,0,0,0,0,0,0,0,0,0,2,0.0,24,19:53,1,2,0,0,
335,2017-10-27,10,27-005,CBJ,,WPG,W,0,0,0,-1,2,0,0,0,0,0,0,0,3,0.0,27,19:21,3,1,0,0,
336,2017-10-28,11,27-006,CBJ,@,STL,L,0,0,0,-3,0,0,0,0,0,0,0,0,2,0.0,25,20:15,3,1,0,0,
337,2017-10-30,12,27-008,CBJ,,BOS,W,1,0,1,0,0,1,0,0,0,0,0,0,1,100.0,23,20:39,0,0,0,0,
338,2017-11-02,13,27-011,CBJ,@,FLA,W,0,1,1,2,0,0,0,0,0,1,0,0,0,,26,20:30,1,1,0,0,
339,2017-11-04,14,27-013,CBJ,@,TBL,L-SO,0,0,0,-2,0,0,0,0,0,0,0,0,2,0.0,26,20:58,3,4,0,0,
340,2017-11-06,15,27-015,CBJ,@,NYR,L,0,0,0,0,2,0,0,0,0,0,0,0,0,,23,20:06,1,1,0,0,
341,2017-11-07,16,27-016,CBJ,,NSH,L,0,0,0,0,2,0,0,0,0,0,0,0,1,0.0,20,13:20,3,1,0,0,
342,2017-11-10,17,27-019,CBJ,,CAR,L,0,0,0,1,0,0,0,0,0,0,0,0,1,0.0,18,16:32,3,0,0,0,
343,2017-11-11,18,27-020,CBJ,@,DET,W,0,1,1,0,0,0,0,0,0,1,0,0,5,0.0,24,18:50,1,0,0,0,
344,2017-11-14,19,27-023,CBJ,@,MTL,W,0,0,0,-1,0,0,0,0,0,0,0,0,0,,28,22:41,4,3,0,0,
345,2017-11-20,20,27-029,CBJ,@,BUF,W,0,0,0,1,2,0,0,0,0,0,0,0,2,0.0,25,20:04,1,1,0,0,
346,2017-11-22,21,27-031,CBJ,,CGY,W,0,0,0,0,0,0,0,0,0,0,0,0,1,0.0,22,18:35,1,1,0,0,
347,2017-11-24,22,27-033,CBJ,,OTT,W,0,1,1,2,0,0,0,0,0,1,0,0,0,,23,16:57,4,0,0,0,
348,2017-11-27,23,27-036,CBJ,@,MTL,L,0,0,0,-1,4,0,0,0,0,0,0,0,3,0.0,19,14:37,0,1,0,0,
349,2017-11-28,24,27-037,CBJ,,CAR,W,0,0,0,1,0,0,0,0,0,0,0,0,0,,26,21:29,2,3,0,0,
350,2017-12-01,25,27-040,CBJ,,ANA,W,0,0,0,1,0,0,0,0,0,0,0,0,2,0.0,27,22:24,1,3,0,0,
351,2017-12-02,26,27-041,CBJ,@,WSH,L,0,0,0,-2,0,0,0,0,0,0,0,0,2,0.0,22,21:10,0,1,0,0,
352,2017-12-05,27,27-044,CBJ,,NJD,L,0,0,0,-2,0,0,0,0,0,0,0,0,3,0.0,22,17:54,4,3,0,0,
353,2017-12-08,28,27-047,CBJ,@,NJD,W,0,0,0,-2,0,0,0,0,0,0,0,0,1,0.0,32,20:52,4,1,0,0,
354,2017-12-09,29,27-048,CBJ,,ARI,W,0,0,0,0,0,0,0,0,0,0,0,0,2,0.0,26,23:32,1,1,0,0,
355,2017-12-12,30,27-051,CBJ,,EDM,L,0,0,0,-1,2,0,0,0,0,0,0,0,6,0.0,24,19:43,4,3,0,0,
356,2017-12-14,31,27-053,CBJ,,NYI,W,0,0,0,1,0,0,0,0,0,0,0,0,0,,25,19:22,4,1,0,0,
357,2017-12-16,32,27-055,CBJ,@,CAR,L,0,0,0,0,0,0,0,0,0,0,0,0,1,0.0,20,16:06,0,0,0,0,
358,2017-12-18,33,27-057,CBJ,@,BOS,L,0,0,0,0,2,0,0,0,0,0,0,0,1,0.0,24,19:31,1,1,0,0,
359,2017-12-20,34,27-059,CBJ,,TOR,W,0,0,0,1,0,0,0,0,0,0,0,0,3,0.0,27,24:12,2,2,0,0,
360,2017-12-21,35,27-060,CBJ,@,PIT,L-SO,0,0,0,0,0,0,0,0,0,0,0,0,1,0.0,31,22:18,7,1,0,0,
361,2017-12-23,36,27-062,CBJ,,PHI,W,0,0,0,-1,0,0,0,0,0,0,0,0,2,0.0,27,22:43,1,3,0,0,
362,2017-12-27,37,27-066,CBJ,@,PIT,L-SO,0,1,1,0,0,0,0,0,0,1,0,0,4,0.0,29,20:40,2,3,0,0,
363,2017-12-29,38,27-068,CBJ,@,OTT,L,0,0,0,0,0,0,0,0,0,0,0,0,0,,26,16:52,0,0,0,0,
364,2017-12-31,39,27-070,CBJ,,TBL,L,0,0,0,-1,2,0,0,0,0,0,0,0,0,,22,20:31,1,5,0,0,
365,2018-01-02,40,27-072,CBJ,@,DAL,W,0,0,0,0,0,0,0,0,0,0,0,0,0,,22,17:28,0,2,0,0,
366,2018-01-04,41,27-074,CBJ,@,COL,L,0,0,0,0,0,0,0,0,0,0,0,0,3,0.0,27,20:53,0,1,0,0,
367,2018-01-07,42,27-077,CBJ,,FLA,W,0,0,0,-1,0,0,0,0,0,0,0,0,2,0.0,27,22:06,2,2,0,0,
368,2018-01-08,43,27-078,CBJ,@,TOR,W,0,0,0,1,0,0,0,0,0,0,0,0,0,,26,18:17,0,1,0,0,
369,2018-01-11,44,27-081,CBJ,@,BUF,L,0,0,0,0,0,0,0,0,0,0,0,0,2,0.0,27,19:36,1,0,0,0,
370,2018-01-12,45,27-082,CBJ,,VAN,L,0,0,0,-2,0,0,0,0,0,0,0,0,2,0.0,27,24:47,1,3,0,0,
371,2018-01-18,46,27-088,CBJ,,DAL,W,0,0,0,1,0,0,0,0,0,0,0,0,2,0.0,29,21:53,0,5,0,0,
372,2018-01-23,47,27-093,CBJ,@,VEG,L,0,0,0,-3,0,0,0,0,0,0,0,0,6,0.0,25,22:08,3,0,0,0,
373,2018-01-25,48,27-095,CBJ,@,ARI,W,0,0,0,0,0,0,0,0,0,0,0,0,1,0.0,24,16:45,2,2,0,0,
374,2018-01-30,49,27-100,CBJ,,MIN,L-SO,1,0,1,1,4,1,0,0,0,0,0,0,1,100.0,19,14:27,1,0,0,0,
375,2018-02-02,50,27-103,CBJ,,SJS,L,0,0,0,0,0,0,0,0,0,0,0,0,2,0.0,20,12:51,2,0,0,0,
376,2018-02-03,51,27-104,CBJ,@,NYI,L,0,0,0,0,0,0,0,0,0,0,0,0,1,0.0,19,14:18,2,3,0,0,
377,2018-02-06,52,27-107,CBJ,,WSH,L,1,0,1,-1,0,1,0,0,0,0,0,0,3,33.3,20,16:19,3,0,0,0,
378,2018-02-09,53,27-110,CBJ,@,WSH,L,0,0,0,-1,0,0,0,0,0,0,0,0,2,0.0,19,17:50,2,1,0,0,
379,2018-02-10,54,27-111,CBJ,,NJD,W,0,0,0,1,0,0,0,0,0,0,0,0,6,0.0,24,19:16,2,3,0,0,
380,2018-02-13,55,27-114,CBJ,@,NYI,W,0,0,0,0,2,0,0,0,0,0,0,0,2,0.0,26,16:50,1,1,0,0,
381,2018-02-14,56,27-115,CBJ,@,TOR,L,0,0,0,-2,0,0,0,0,0,0,0,0,7,0.0,24,16:07,1,3,0,0,
382,2018-02-16,57,27-117,CBJ,,PHI,L-OT,0,1,1,1,0,0,0,0,0,1,0,0,2,0.0,23,17:07,3,3,0,0,
383,2018-02-18,58,27-119,CBJ,,PIT,L,0,0,0,0,0,0,0,0,0,0,0,0,2,0.0,25,20:28,2,0,0,0,
384,2018-02-20,59,27-121,CBJ,@,NJD,W,0,0,0,0,0,0,0,0,0,0,0,0,0,,22,16:29,3,1,0,0,
385,2018-02-22,60,27-123,CBJ,@,PHI,L,0,0,0,1,0,0,0,0,0,0,0,0,1,0.0,22,18:23,2,1,0,0,
386,2018-02-24,61,27-125,CBJ,,CHI,W,0,0,0,1,0,0,0,0,0,0,0,0,0,,25,19:10,3,0,0,0,
387,2018-02-26,62,27-127,CBJ,,WSH,W,0,0,0,2,0,0,0,0,0,0,0,0,0,,23,18:21,0,1,0,0,
388,2018-03-01,63,27-130,CBJ,@,LAK,L,0,0,0,0,0,0,0,0,0,0,0,0,0,,21,16:46,3,2,0,0,
389,2018-03-02,64,27-131,CBJ,@,ANA,L,0,0,0,0,2,0,0,0,0,0,0,0,2,0.0,16,11:54,1,1,0,0,
390,2018-03-04,65,27-133,CBJ,@,SJS,W,0,0,0,3,0,0,0,0,0,0,0,0,0,,27,19:06,1,1,0,0,
391,2018-03-06,66,27-135,CBJ,,VEG,W,0,1,1,1,0,0,0,0,0,1,0,0,2,0.0,25,20:49,3,3,0,0,
392,2018-03-08,67,27-137,CBJ,,COL,W,0,0,0,-1,0,0,0,0,0,0,0,0,2,0.0,23,18:25,0,1,0,0,
393,2018-03-09,68,27-138,CBJ,,DET,W,0,1,1,1,0,0,0,0,0,0,0,1,2,0.0,22,20:04,1,0,0,0,
394,2018-03-12,69,27-141,CBJ,,MTL,W,0,0,0,1,0,0,0,0,0,0,0,0,0,,28,22:07,0,5,0,0,
395,2018-03-15,70,27-144,CBJ,@,PHI,W,0,2,2,1,0,0,0,0,0,2,0,0,0,,26,22:58,1,5,0,0,
396,2018-03-17,71,27-146,CBJ,,OTT,W,0,0,0,1,0,0,0,0,0,0,0,0,1,0.0,23,21:08,3,3,0,0,
397,2018-03-19,72,27-148,CBJ,@,BOS,W,0,0,0,1,0,0,0,0,0,0,0,0,1,0.0,28,20:48,1,4,0,0,
398,2018-03-20,73,27-149,CBJ,@,NYR,W,0,0,0,2,0,0,0,0,0,0,0,0,2,0.0,25,21:49,0,6,0,0,
399,2018-03-22,74,27-151,CBJ,,FLA,W,0,0,0,1,0,0,0,0,0,0,0,0,1,0.0,33,24:39,0,5,0,0,
400,2018-03-24,75,27-153,CBJ,,STL,L,0,0,0,0,0,0,0,0,0,0,0,0,0,,22,17:08,0,0,0,0,
401,2018-03-27,76,27-156,CBJ,@,EDM,W,0,1,1,2,0,0,0,0,0,1,0,0,3,0.0,25,17:30,3,0,0,0,
402,2018-03-29,77,27-158,CBJ,@,CGY,W,0,0,0,-1,0,0,0,0,0,0,0,0,0,,25,17:35,0,0,0,0,
403,2018-03-31,78,27-160,CBJ,@,VAN,L-OT,0,0,0,-4,0,0,0,0,0,0,0,0,3,0.0,25,17:29,2,1,0,0,
404,2018-04-03,79,27-163,CBJ,,DET,W,0,0,0,-1,0,0,0,0,0,0,0,0,3,0.0,21,17:49,6,2,0,0,
405,2018-04-05,80,27-165,CBJ,,PIT,L-OT,0,0,0,1,0,0,0,0,0,0,0,0,2,0.0,27,20:18,8,1,0,0,
406,2018-04-07,81,27-167,CBJ,@,NSH,L,0,0,0,-1,2,0,0,0,0,0,0,0,1,0.0,25,22:51,2,2,0,0,
407,2018-10-04,1,27-347,CBJ,@,DET,W,0,0,0,1,0,0,0,0,0,0,0,0,1,0.0,28,21:34,0,2,0,0,
408,2018-10-05,2,27-348,CBJ,,CAR,L,0,1,1,0,0,0,0,0,0,1,0,0,3,0.0,26,23:10,1,2,0,0,
409,2018-10-09,3,27-352,CBJ,,COL,W,0,0,0,1,0,0,0,0,0,0,0,0,3,0.0,27,23:38,1,0,0,0,
410,2018-10-11,4,27-354,CBJ,@,FLA,W,0,0,0,0,0,0,0,0,0,0,0,0,0,,30,26:10,1,1,0,0,
411,2018-10-13,5,27-356,CBJ,@,TBL,L,0,0,0,-1,2,0,0,0,0,0,0,0,0,,28,25:10,4,2,0,0,
412,2018-10-18,6,27-361,CBJ,,PHI,W,0,1,1,3,0,0,0,0,0,1,0,0,2,0.0,29,24:18,1,4,0,0,
413,2018-10-20,7,27-363,CBJ,,CHI,L,0,0,0,-3,0,0,0,0,0,0,0,0,4,0.0,30,24:05,0,3,0,0,
414,2018-10-23,8,28-001,CBJ,,ARI,L,0,0,0,-1,0,0,0,0,0,0,0,0,1,0.0,20,17:34,0,1,0,0,
415,2018-10-25,9,28-003,CBJ,@,STL,W,1,0,1,1,0,1,0,0,0,0,0,0,1,100.0,26,18:31,0,2,0,0,
416,2018-10-27,10,28-005,CBJ,,BUF,W,0,0,0,0,4,0,0,0,0,0,0,0,1,0.0,23,18:39,1,0,0,0,
417,2018-10-30,11,28-008,CBJ,,DET,L,0,0,0,2,0,0,0,0,0,0,0,0,0,,21,13:02,0,1,0,0,
418,2018-11-01,12,28-010,CBJ,@,SJS,W,0,0,0,0,0,0,0,0,0,0,0,0,0,,19,14:03,2,3,0,0,
419,2018-11-03,13,28-012,CBJ,@,LAK,L,0,0,0,0,2,0,0,0,0,0,0,0,1,0.0,23,17:36,0,3,0,0,
420,2018-11-04,14,28-013,CBJ,@,ANA,L-OT,0,0,0,0,0,0,0,0,0,0,0,0,0,,23,15:24,1,0,0,0,
421,2018-11-06,15,28-015,CBJ,,DAL,W,0,1,1,1,0,0,0,0,0,1,0,0,3,0.0,27,19:34,0,0,0,0,
422,2018-11-09,16,28-018,CBJ,@,WSH,W,0,0,0,0,4,0,0,0,0,0,0,0,2,0.0,28,24:16,4,7,0,0,
423,2018-11-10,17,28-019,CBJ,,NYR,L-SO,0,0,0,-1,0,0,0,0,0,0,0,0,2,0.0,30,21:47,2,1,0,0,
424,2018-11-12,18,28-021,CBJ,@,DAL,W,0,0,0,0,2,0,0,0,0,0,0,0,1,0.0,29,22:15,2,3,0,0,
425,2018-11-15,19,28-024,CBJ,,FLA,W,0,1,1,5,0,0,0,0,0,1,0,0,1,0.0,33,22:29,1,1,0,0,
426,2018-11-17,20,28-026,CBJ,@,CAR,W,0,0,0,0,0,0,0,0,0,0,0,0,2,0.0,24,21:19,2,2,0,0,
427,2018-11-19,21,28-028,CBJ,@,TOR,L,0,0,0,-1,0,0,0,0,0,0,0,0,2,0.0,27,22:41,2,3,0,0,
428,2018-11-23,22,28-032,CBJ,,TOR,W,0,0,0,0,0,0,0,0,0,0,0,0,0,,26,21:18,3,2,0,0,
429,2018-11-24,23,28-033,CBJ,@,PIT,L,0,0,0,-1,0,0,0,0,0,0,0,0,2,0.0,30,19:41,1,1,0,0,
430,2018-11-26,24,28-035,CBJ,@,DET,W,0,1,1,1,0,0,0,0,0,1,0,0,3,0.0,23,15:06,0,0,0,0,
431,2018-11-29,25,28-038,CBJ,,MIN,W,0,1,1,2,0,0,0,0,0,1,0,0,2,0.0,24,15:15,1,1,0,0,
432,2018-12-01,26,28-040,CBJ,@,NYI,L,0,0,0,-2,2,0,0,0,0,0,0,0,2,0.0,18,15:40,3,3,0,0,
433,2018-12-04,27,28-043,CBJ,,CGY,L,0,0,0,-2,0,0,0,0,0,0,0,0,0,,20,14:02,0,2,0,0,
434,2018-12-06,28,28-045,CBJ,@,PHI,W,0,0,0,2,0,0,0,0,0,0,0,0,0,,25,18:45,0,3,0,0,
435,2018-12-08,29,28-047,CBJ,,WSH,L,0,0,0,0,0,0,0,0,0,0,0,0,1,0.0,22,17:36,0,1,0,0,
436,2018-12-11,30,28-050,CBJ,,VAN,L,0,0,0,-1,0,0,0,0,0,0,0,0,2,0.0,25,19:24,2,2,0,0,
437,2018-12-13,31,28-052,CBJ,,LAK,W,0,1,1,1,2,0,0,0,0,1,0,0,0,,27,22:39,1,4,0,0,
438,2018-12-15,32,28-054,CBJ,,ANA,L-OT,0,0,0,0,0,0,0,0,0,0,0,0,2,0.0,25,19:05,1,1,0,0,
439,2018-12-17,33,28-056,CBJ,,VEG,W,0,0,0,0,0,0,0,0,0,0,0,0,0,,24,21:42,0,1,0,0,
440,2018-12-20,34,28-059,CBJ,,NJD,W,0,0,0,0,0,0,0,0,0,0,0,0,0,,25,19:05,2,1,0,0,
441,2018-12-22,35,28-061,CBJ,@,PHI,W,0,0,0,0,0,0,0,0,0,0,0,0,2,0.0,24,16:48,0,0,0,0,
442,2018-12-23,36,28-062,CBJ,@,NJD,W,0,0,0,1,0,0,0,0,0,0,0,0,0,,18,16:24,1,1,0,0,
443,2018-12-27,37,28-066,CBJ,@,NYR,W,1,0,1,2,0,1,0,0,0,0,0,0,1,100.0,20,13:08,1,1,0,0,
444,2018-12-28,38,28-067,CBJ,,TOR,L,0,0,0,-1,0,0,0,0,0,0,0,0,1,0.0,20,15:33,2,0,0,0,
445,2018-12-31,39,28-070,CBJ,,OTT,W,0,0,0,1,0,0,0,0,0,0,0,0,1,0.0,22,19:22,1,1,0,0,
446,2019-01-04,40,28-074,CBJ,@,CAR,L,0,0,0,-1,0,0,0,0,0,0,0,0,1,0.0,23,15:50,2,0,0,0,
447,2019-01-05,41,28-075,CBJ,@,FLA,W,0,0,0,0,0,0,0,0,0,0,0,0,2,0.0,26,18:49,1,2,0,0,
448,2019-01-08,42,28-078,CBJ,@,TBL,L,0,0,0,-1,0,0,0,0,0,0,0,0,1,0.0,20,14:57,0,1,0,0,
449,2019-01-10,43,28-080,CBJ,,NSH,W,0,0,0,-1,0,0,0,0,0,0,0,0,0,,23,18:34,1,1,0,0,
450,2019-01-12,44,28-082,CBJ,@,WSH,W,0,0,0,0,2,0,0,0,0,0,0,0,0,,27,19:55,1,1,0,0,
451,2019-01-13,45,28-083,CBJ,,NYR,W,1,0,1,2,0,1,0,0,1,0,0,0,1,100.0,22,17:20,2,0,0,0,
452,2019-01-15,46,28-085,CBJ,,NJD,W,0,1,1,1,0,0,0,0,0,1,0,0,2,0.0,22,20:30,1,1,0,0,
453,2019-01-18,47,28-088,CBJ,,MTL,L,0,0,0,0,0,0,0,0,0,0,0,0,3,0.0,28,19:39,3,2,0,0,
454,2019-01-19,48,28-089,CBJ,@,MIN,L,0,0,0,-1,0,0,0,0,0,0,0,0,1,0.0,20,15:52,0,0,0,0,
455,2019-01-29,49,28-099,CBJ,,BUF,L,0,0,0,0,0,0,0,0,0,0,0,0,2,0.0,23,19:13,1,0,0,0,
456,2019-01-31,50,28-101,CBJ,@,WPG,L,0,0,0,-1,0,0,0,0,0,0,0,0,1,0.0,25,18:56,1,2,0,0,
457,2019-02-02,51,28-103,CBJ,,STL,L,0,0,0,-1,0,0,0,0,0,0,0,0,2,0.0,22,16:55,2,1,0,0,
458,2019-02-05,52,28-106,CBJ,@,COL,W,0,1,1,2,2,0,0,0,0,1,0,0,1,0.0,30,20:20,2,2,0,0,
459,2019-02-07,53,28-108,CBJ,@,ARI,W,1,0,1,0,0,1,0,0,0,0,0,0,2,50.0,24,21:33,1,1,0,0,
460,2019-02-09,54,28-110,CBJ,@,VEG,W,0,0,0,-1,0,0,0,0,0,0,0,0,1,0.0,27,19:38,4,3,0,0,
461,2019-02-12,55,28-113,CBJ,,WSH,W,0,0,0,1,0,0,0,0,0,0,0,0,2,0.0,21,17:31,2,0,0,0,
462,2019-02-14,56,28-115,CBJ,,NYI,L,0,0,0,-1,2,0,0,0,0,0,0,0,2,0.0,23,19:36,1,1,0,0,
463,2019-02-16,57,28-117,CBJ,@,CHI,W,0,1,1,2,2,0,0,0,0,1,0,0,0,,27,20:27,3,2,0,0,
464,2019-02-18,58,28-119,CBJ,,TBL,L,0,0,0,0,0,0,0,0,0,0,0,0,3,0.0,29,20:18,2,2,0,0,
465,2019-02-19,59,28-120,CBJ,@,MTL,L,0,0,0,-2,2,0,0,0,0,0,0,0,2,0.0,28,18:35,5,2,0,0,
466,2019-02-22,60,28-123,CBJ,@,OTT,W,0,0,0,2,0,0,0,0,0,0,0,0,7,0.0,25,20:30,4,0,0,0,
467,2019-02-23,61,28-124,CBJ,,SJS,W,0,0,0,1,0,0,0,0,0,0,0,0,3,0.0,28,19:22,0,1,0,0,
468,2019-02-26,62,28-127,CBJ,,PIT,L,0,0,0,-2,0,0,0,0,0,0,0,0,1,0.0,29,22:37,2,1,0,0,
469,2019-02-28,63,28-129,CBJ,,PHI,W,0,0,0,1,0,0,0,0,0,0,0,0,0,,27,19:29,4,1,0,0,
470,2019-03-02,64,28-131,CBJ,,EDM,L,0,0,0,0,0,0,0,0,0,0,0,0,2,0.0,27,23:42,1,0,0,0,
471,2019-03-03,65,28-132,CBJ,,WPG,L,0,0,0,0,0,0,0,0,0,0,0,0,5,0.0,24,20:51,1,0,0,0,
472,2019-03-05,66,28-134,CBJ,@,NJD,W,0,1,1,1,2,0,0,0,0,1,0,0,0,,25,20:11,0,2,0,0,
473,2019-03-07,67,28-136,CBJ,@,PIT,L,0,0,0,0,0,0,0,0,0,0,0,0,3,0.0,25,19:01,4,0,0,0,
474,2019-03-09,68,28-138,CBJ,,PIT,W,0,0,0,2,2,0,0,0,0,0,0,0,1,0.0,29,19:58,2,2,0,0,
475,2019-03-11,69,28-140,CBJ,@,NYI,L,0,0,0,-1,0,0,0,0,0,0,0,0,4,0.0,24,20:34,2,0,0,0,
476,2019-03-12,70,28-141,CBJ,,BOS,W,0,0,0,0,0,0,0,0,0,0,0,0,0,,31,22:29,2,3,0,0,
477,2019-03-15,71,28-144,CBJ,,CAR,W,1,0,1,1,4,1,0,0,0,0,0,0,1,100.0,27,18:20,2,1,0,0,
478,2019-03-16,72,28-145,CBJ,@,BOS,L-OT,0,1,1,1,0,0,0,0,0,1,0,0,2,0.0,28,22:09,0,3,0,0,
479,2019-03-19,73,28-148,CBJ,@,CGY,L,0,0,0,-1,0,0,0,0,0,0,0,0,5,0.0,31,22:37,4,2,0,0,
480,2019-03-21,74,28-150,CBJ,@,EDM,L,1,0,1,1,0,1,0,0,0,0,0,0,1,100.0,28,22:55,2,1,0,0,
481,2019-03-24,75,28-153,CBJ,@,VAN,W,0,0,0,0,0,0,0,0,0,0,0,0,3,0.0,27,20:48,1,1,0,0,
482,2019-03-26,76,28-155,CBJ,,NYI,W,0,0,0,2,0,0,0,0,0,0,0,0,0,,29,24:14,3,5,0,0,
483,2019-03-28,77,28-157,CBJ,,MTL,W,1,0,1,2,0,1,0,0,0,0,0,0,2,50.0,34,21:59,4,2,0,0,
484,2019-03-30,78,28-159,CBJ,@,NSH,W,1,0,1,1,0,1,0,0,0,0,0,0,3,33.3,27,21:06,1,0,0,0,
485,2019-03-31,79,28-160,CBJ,@,BUF,W,0,0,0,0,0,0,0,0,0,0,0,0,1,0.0,26,22:08,0,2,0,0,
486,2019-04-02,80,28-162,CBJ,,BOS,L,0,0,0,-3,0,0,0,0,0,0,0,0,0,,24,18:32,2,0,0,0,
487,2019-04-05,81,28-165,CBJ,@,NYR,W,0,2,2,1,0,0,0,0,0,2,0,0,1,0.0,24,22:48,2,4,0,0,
488,2019-04-06,82,28-166,CBJ,@,OTT,W,0,2,2,2,0,0,0,0,0,2,0,0,1,0.0,25,20:23,0,2,0,0,
489,2019-10-04,1,28-347,CBJ,,TOR,L,0,0,0,-1,2,0,0,0,0,0,0,0,1,0.0,26,20:04,2,1,0,0,
490,2019-10-05,2,28-348,CBJ,@,PIT,L,0,0,0,-2,0,0,0,0,0,0,0,0,1,0.0,28,18:19,4,2,0,0,
491,2019-10-07,3,28-350,CBJ,,BUF,W,0,0,0,-1,2,0,0,0,0,0,0,0,0,,26,19:42,3,2,0,0,
492,2019-10-11,4,28-354,CBJ,,ANA,L,0,0,0,-1,0,0,0,0,0,0,0,0,1,0.0,19,17:12,2,0,0,0,
493,2019-10-12,5,28-355,CBJ,@,CAR,W,0,0,0,0,0,0,0,0,0,0,0,0,1,0.0,23,18:53,2,2,0,0,
494,2019-10-16,6,28-359,CBJ,,DAL,W,0,0,0,1,0,0,0,0,0,0,0,0,2,0.0,23,17:23,2,0,0,0,
495,2019-10-18,7,28-361,CBJ,@,CHI,L-OT,0,0,0,1,0,0,0,0,0,0,0,0,1,0.0,23,19:16,2,2,0,0,
496,2019-10-19,8,28-362,CBJ,,NYI,L-OT,0,0,0,-1,0,0,0,0,0,0,0,0,0,,26,19:19,0,2,0,0,
497,2019-10-21,9,28-364,CBJ,@,TOR,W,0,0,0,0,0,0,0,0,0,0,0,0,1,0.0,21,16:52,2,1,0,0,
498,2019-10-24,10,29-002,CBJ,,CAR,W,0,2,2,2,0,0,0,0,0,2,0,0,1,0.0,27,22:30,1,6,0,0,
499,2019-10-26,11,29-004,CBJ,@,PHI,L,0,0,0,0,0,0,0,0,0,0,0,0,1,0.0,23,18:23,0,1,0,0,
500,2019-10-30,12,29-008,CBJ,,EDM,L,0,0,0,-1,0,0,0,0,0,0,0,0,0,,27,20:27,3,1,0,0,
501,2019-11-01,13,29-010,CBJ,@,STL,L-OT,0,0,0,0,0,0,0,0,0,0,0,0,0,,27,17:06,1,0,0,0,
502,2019-11-02,14,29-011,CBJ,,CGY,L,0,0,0,0,0,0,0,0,0,0,0,0,0,,23,18:19,3,1,0,0,
503,2019-11-05,15,29-014,CBJ,,VEG,L,0,0,0,1,0,0,0,0,0,0,0,0,0,,28,19:11,1,5,0,0,
504,2019-11-07,16,29-016,CBJ,@,ARI,W,0,0,0,0,0,0,0,0,0,0,0,0,3,0.0,26,21:49,0,5,0,0,
505,2019-11-09,17,29-018,CBJ,@,COL,L,0,0,0,0,0,0,0,0,0,0,0,0,6,0.0,28,19:02,2,2,0,0,
506,2019-11-12,18,29-021,CBJ,@,MTL,L-SO,0,0,0,0,0,0,0,0,0,0,0,0,1,0.0,29,21:41,2,2,0,0,
507,2019-11-15,19,29-024,CBJ,,STL,W,0,0,0,0,0,0,0,0,0,0,0,0,1,0.0,26,18:13,2,3,0,0,
508,2019-11-19,20,29-028,CBJ,,MTL,W,0,1,1,1,0,0,0,0,0,1,0,0,0,,27,21:05,4,3,0,0,
509,2019-11-21,21,29-030,CBJ,,DET,W,0,0,0,1,2,0,0,0,0,0,0,0,1,0.0,28,22:03,2,2,0,0,
510,2019-11-23,22,29-032,CBJ,@,WPG,L,0,0,0,-2,0,0,0,0,0,0,0,0,1,0.0,24,19:23,0,0,0,0,
511,2019-11-25,23,29-034,CBJ,,OTT,W,0,0,0,0,0,0,0,0,0,0,0,0,1,0.0,25,21:19,2,3,0,0,
512,2019-11-27,24,29-036,CBJ,,PHI,L,0,0,0,-1,0,0,0,0,0,0,0,0,0,,28,20:10,1,0,0,0,
513,2019-11-29,25,29-038,CBJ,,PIT,W,0,1,1,0,0,0,0,0,0,1,0,0,1,0.0,28,21:03,7,1,0,0,
514,2019-11-30,26,29-039,CBJ,@,NYI,L,0,0,0,0,0,0,0,0,0,0,0,0,0,,31,22:08,3,0,0,0,
515,2019-12-03,27,29-042,CBJ,,ARI,L,0,0,0,1,0,0,0,0,0,0,0,0,3,0.0,25,18:21,0,3,0,0,
516,2019-12-05,28,29-044,CBJ,,NYR,L,0,0,0,0,0,0,0,0,0,0,0,0,1,0.0,24,20:26,0,2,0,0,
517,2019-12-07,29,29-046,CBJ,@,FLA,L,0,0,0,-2,0,0,0,0,0,0,0,0,1,0.0,23,17:17,1,5,0,0,
518,2019-12-09,30,29-048,CBJ,@,WSH,W,0,0,0,0,0,0,0,0,0,0,0,0,3,0.0,24,22:15,3,3,0,0,
519,2019-12-12,31,29-051,CBJ,@,PIT,L-OT,0,0,0,0,0,0,0,0,0,0,0,0,0,,25,20:25,7,5,0,0,
520,2019-12-14,32,29-053,CBJ,@,OTT,L-OT,0,0,0,1,0,0,0,0,0,0,0,0,4,0.0,28,21:54,0,2,0,0,
521,2019-12-16,33,29-055,CBJ,,WSH,W,0,1,1,3,19,0,0,0,0,1,0,0,1,0.0,26,21:03,1,0,0,0,
522,2019-12-17,34,29-056,CBJ,@,DET,W,0,0,0,1,0,0,0,0,0,0,0,0,1,0.0,29,23:57,0,1,0,0,
523,2019-12-23,35,29-062,CBJ,@,NYI,W,0,0,0,-1,0,0,0,0,0,0,0,0,3,0.0,26,21:06,1,3,0,0,
524,2019-12-27,36,29-066,CBJ,@,WSH,L-OT,0,0,0,1,0,0,0,0,0,0,0,0,1,0.0,28,23:19,2,2,0,0,
525,2019-12-29,37,29-068,CBJ,,CHI,L-SO,0,1,1,1,0,0,0,0,0,1,0,0,3,0.0,31,24:47,2,7,0,0,
526,2019-12-31,38,29-070,CBJ,,FLA,W,0,1,1,1,2,0,0,0,0,1,0,0,1,0.0,25,21:19,0,5,0,0,
527,2020-01-02,39,29-072,CBJ,@,BOS,W,0,0,0,1,0,0,0,0,0,0,0,0,0,,27,19:29,1,3,0,0,
528,2020-01-04,40,29-074,CBJ,,SJS,L,0,0,0,-2,0,0,0,0,0,0,0,0,3,0.0,27,21:26,4,2,0,0,
529,2020-01-06,41,29-076,CBJ,@,LAK,W,0,0,0,0,0,0,0,0,0,0,0,0,2,0.0,22,20:32,0,2,0,0,
530,2020-01-07,42,29-077,CBJ,@,ANA,W,0,0,0,2,0,0,0,0,0,0,0,0,0,,24,17:52,4,0,0,0,
531,2020-01-09,43,29-079,CBJ,@,SJS,L,0,0,0,0,0,0,0,0,0,0,0,0,3,0.0,25,18:45,1,1,0,0,
532,2020-01-11,44,29-081,CBJ,@,VEG,W,0,0,0,0,0,0,0,0,0,0,0,0,1,0.0,26,22:17,2,5,0,0,
533,2020-01-14,45,29-084,CBJ,,BOS,W,0,0,0,1,0,0,0,0,0,0,0,0,2,0.0,31,22:54,2,2,0,0,
534,2020-01-16,46,29-086,CBJ,,CAR,W,0,0,0,0,0,0,0,0,0,0,0,0,1,0.0,22,19:50,4,1,0,0,
535,2020-01-18,47,29-088,CBJ,,NJD,W,0,1,1,2,0,0,0,0,0,1,0,0,0,,25,20:06,0,3,0,0,
536,2020-01-19,48,29-089,CBJ,@,NYR,W,0,0,0,0,0,0,0,0,0,0,0,0,1,0.0,22,18:23,2,3,0,0,
537,2020-01-22,49,29-092,CBJ,,WPG,W,0,0,0,0,0,0,0,0,0,0,0,0,4,0.0,29,21:27,1,4,0,0,
538,2020-02-01,50,29-102,CBJ,@,BUF,L-OT,0,0,0,-1,0,0,0,0,0,0,0,0,1,0.0,25,19:01,0,2,0,0,
539,2020-02-02,51,29-103,CBJ,@,MTL,W,0,0,0,-1,2,0,0,0,0,0,0,0,1,0.0,25,20:57,1,7,0,0,
540,2020-02-04,52,29-105,CBJ,,FLA,W,0,0,0,0,0,0,0,0,0,0,0,0,4,0.0,26,22:15,2,2,0,0,
541,2020-02-07,53,29-108,CBJ,,DET,W,0,0,0,1,0,0,0,0,0,0,0,0,2,0.0,22,20:34,0,0,0,0,
542,2020-02-08,54,29-109,CBJ,,COL,L,0,0,0,-1,0,0,0,0,0,0,0,0,0,,25,20:40,4,4,0,0,
543,2020-02-10,55,29-111,CBJ,,TBL,L-OT,0,0,0,0,0,0,0,0,0,0,0,0,0,,25,24:05,6,3,0,0,
544,2020-02-13,56,29-114,CBJ,@,BUF,L-OT,0,0,0,0,0,0,0,0,0,0,0,0,1,0.0,26,18:32,2,2,0,0,
545,2020-02-14,57,29-115,CBJ,,NYR,L,0,0,0,-1,0,0,0,0,0,0,0,0,0,,23,19:44,1,4,0,0,
546,2020-02-16,58,29-117,CBJ,@,NJD,L-SO,0,0,0,-1,0,0,0,0,0,0,0,0,6,0.0,24,20:38,1,0,0,0,
547,2020-02-18,59,29-119,CBJ,@,PHI,L,0,0,0,-1,0,0,0,0,0,0,0,0,1,0.0,26,21:11,3,5,0,0,
548,2020-02-20,60,29-121,CBJ,,PHI,L-OT,0,0,0,-2,0,0,0,0,0,0,0,0,0,,24,22:36,5,1,0,0,
549,2020-02-22,61,29-123,CBJ,@,NSH,L-SO,0,1,1,-1,0,0,0,0,0,0,1,0,0,,29,25:48,4,5,0,0,
550,2020-02-24,62,29-125,CBJ,,OTT,W,0,0,0,1,0,0,0,0,0,0,0,0,4,0.0,28,22:52,0,0,0,0,
551,2020-02-25,63,29-126,CBJ,@,MIN,L,0,0,0,0,0,0,0,0,0,0,0,0,1,0.0,26,21:45,0,2,0,0,
552,2020-02-28,64,29-129,CBJ,,MIN,L,0,0,0,-2,0,0,0,0,0,0,0,0,3,0.0,27,22:20,3,1,0,0,
553,2020-03-01,65,29-131,CBJ,,VAN,W,0,1,1,0,2,0,0,0,0,0,1,0,2,0.0,30,26:26,2,6,0,0,
554,2020-03-04,66,29-134,CBJ,@,CGY,L-OT,0,0,0,1,0,0,0,0,0,0,0,0,2,0.0,30,23:43,1,2,0,0,
555,2020-03-07,67,29-137,CBJ,@,EDM,L,0,0,0,-3,0,0,0,0,0,0,0,0,2,0.0,28,21:23,0,2,0,0,
556,2020-03-08,68,29-138,CBJ,@,VAN,W,0,1,1,1,4,0,0,0,0,1,0,0,3,0.0,27,22:05,3,4,0,0,
