,date_game,game_season,age,team_id,game_location,opp_id,game_result,goals,assists,points,plus_minus,pen_min,goals_ev,goals_pp,goals_sh,goals_gw,assists_ev,assists_pp,assists_sh,shots,shot_pct,shifts,time_on_ice,hits_all,blocks_all,faceoff_wins_all,faceoff_losses_all,faceoff_percentage_all
0,2011-02-05,1,21-291,DAL,@,PHI,L,0,0,0,-1,0,0,0,0,0,,,,0,,10,5:09,0,0,0,0,
1,2013-01-26,1,23-281,DAL,,STL,L,0,1,1,-1,0,0,0,0,0,,,,0,,7,4:51,1,1,1,2,33.3
2,2013-12-14,1,24-238,DAL,@,WPG,W,1,0,1,0,0,1,0,0,0,,,,5,20.0,22,14:11,0,2,1,0,100.0
3,2013-12-16,2,24-240,DAL,@,COL,L,0,0,0,-1,0,0,0,0,0,,,,5,0.0,17,13:49,1,1,0,0,
4,2013-12-17,3,24-241,DAL,,COL,W,1,0,1,1,0,1,0,0,1,,,,2,50.0,18,11:53,2,0,0,0,
5,2013-12-19,4,24-243,DAL,,VAN,W,1,0,1,1,0,1,0,0,1,,,,3,33.3,19,14:34,0,1,0,0,
6,2013-12-21,5,24-245,DAL,@,SJS,L-SO,0,0,0,-2,0,0,0,0,0,,,,3,0.0,18,11:25,0,0,0,0,
7,2013-12-23,6,24-247,DAL,@,LAK,W,0,0,0,0,0,0,0,0,0,,,,1,0.0,18,14:43,1,1,0,0,
8,2013-12-27,7,24-251,DAL,,NSH,W,0,1,1,2,0,0,0,0,0,,,,2,0.0,19,12:19,0,2,0,0,
9,2014-01-02,8,24-257,DAL,,MTL,L,0,0,0,1,0,0,0,0,0,,,,1,0.0,15,10:44,0,1,0,0,
10,2014-03-11,9,24-325,DAL,@,STL,W,1,0,1,-1,0,0,1,0,0,,,,2,50.0,21,17:27,1,0,1,1,50.0
11,2014-03-14,10,24-328,DAL,,CGY,L-SO,0,0,0,1,0,0,0,0,0,,,,2,0.0,20,16:25,1,0,0,0,
12,2014-03-16,11,24-330,DAL,@,WPG,L,0,0,0,-3,2,0,0,0,0,,,,2,0.0,20,13:29,2,0,0,0,
13,2014-03-18,12,24-332,DAL,@,PIT,L,0,0,0,0,0,0,0,0,0,,,,3,0.0,22,16:29,1,0,3,3,50.0
14,2014-03-20,13,24-334,DAL,@,PHI,L,0,0,0,-1,0,0,0,0,0,,,,4,0.0,24,16:40,3,2,0,0,
15,2014-03-22,14,24-336,DAL,,OTT,W,0,1,1,0,0,0,0,0,0,,,,5,0.0,21,15:13,0,0,0,1,0.0
16,2014-03-24,15,24-338,DAL,,WPG,W,0,0,0,0,2,0,0,0,0,,,,3,0.0,21,15:50,1,1,0,0,
17,2014-03-25,16,24-339,DAL,@,CHI,L,0,0,0,-1,0,0,0,0,0,,,,2,0.0,21,17:30,1,0,0,0,
18,2014-03-28,17,24-342,DAL,,NSH,W,1,1,2,1,0,1,0,0,0,,,,2,50.0,21,13:14,0,1,1,1,50.0
19,2014-03-29,18,24-343,DAL,@,STL,W,2,0,2,2,0,2,0,0,0,,,,3,66.7,18,13:36,0,0,0,0,
20,2014-04-01,19,24-346,DAL,@,WSH,W,0,0,0,0,0,0,0,0,0,,,,3,0.0,15,10:58,0,0,0,3,0.0
21,2014-04-03,20,24-348,DAL,@,CAR,L,0,0,0,-2,0,0,0,0,0,,,,1,0.0,18,16:46,0,1,3,4,42.9
22,2014-04-05,21,24-350,DAL,@,TBL,W,0,0,0,0,0,0,0,0,0,,,,2,0.0,20,16:16,1,0,0,3,0.0
23,2014-04-06,22,24-351,DAL,@,FLA,L,0,0,0,-1,0,0,0,0,0,,,,2,0.0,17,14:28,1,2,3,3,50.0
24,2014-04-08,23,24-353,DAL,,NSH,W,0,1,1,0,0,0,0,0,0,,,,2,0.0,24,19:00,2,0,3,1,75.0
25,2014-04-09,24,24-354,DAL,,CBJ,L,0,0,0,0,0,0,0,0,0,,,,3,0.0,23,18:00,0,,,,
26,2014-04-11,25,24-356,DAL,,STL,W,0,0,0,0,0,0,0,0,0,,,,3,0.0,23,15:32,1,0,0,4,0.0
27,2014-04-13,26,24-358,DAL,@,PHX,L,1,0,1,0,0,0,1,0,0,,,,3,33.3,24,16:22,0,0,0,0,
28,2014-10-09,1,25-172,DAL,,CHI,L-SO,0,0,0,0,0,0,0,0,0,0,0,0,3,0.0,18,13:02,2,0,0,0,
29,2014-10-11,2,25-174,DAL,@,NSH,L,0,0,0,-1,0,0,0,0,0,0,0,0,1,0.0,17,11:21,0,0,0,0,
30,2014-10-14,3,25-177,DAL,@,CBJ,W,0,1,1,3,0,0,0,0,0,1,0,0,3,0.0,21,16:52,2,0,0,0,
31,2014-10-16,4,25-179,DAL,@,PIT,W,0,0,0,0,0,0,0,0,0,0,0,0,0,,13,10:24,0,3,0,0,
32,2014-10-21,5,25-184,DAL,,VAN,W,0,0,0,0,0,0,0,0,0,0,0,0,1,0.0,17,9:58,1,0,1,1,50.0
33,2014-10-24,6,25-187,DAL,@,NJD,W,0,0,0,0,0,0,0,0,0,0,0,0,0,,20,15:13,1,0,1,0,100.0
34,2014-10-25,7,25-188,DAL,@,NYI,L,0,1,1,0,0,0,0,0,0,1,0,0,1,0.0,19,14:19,0,0,2,2,50.0
35,2014-10-28,8,25-191,DAL,,STL,L-OT,0,0,0,0,0,0,0,0,0,0,0,0,1,0.0,18,10:56,1,0,1,4,20.0
36,2014-10-31,9,25-194,DAL,,ANA,L-OT,0,0,0,0,0,0,0,0,0,0,0,0,1,0.0,15,10:38,2,1,2,0,100.0
37,2014-11-01,10,25-195,DAL,@,MIN,L,0,0,0,0,0,0,0,0,0,0,0,0,1,0.0,20,16:44,1,1,0,3,0.0
38,2014-11-04,11,25-198,DAL,,LAK,L,0,0,0,1,0,0,0,0,0,0,0,0,1,0.0,13,9:52,1,0,0,0,
39,2014-11-06,12,25-200,DAL,,NSH,L,0,0,0,-1,0,0,0,0,0,0,0,0,1,0.0,21,13:42,1,1,0,1,0.0
40,2014-11-08,13,25-202,DAL,,SJS,L,0,0,0,0,0,0,0,0,0,0,0,0,2,0.0,20,13:06,1,0,2,3,40.0
41,2014-11-11,14,25-205,DAL,@,ARI,W,0,1,1,-1,0,0,0,0,0,1,0,0,1,0.0,19,12:32,1,0,0,1,0.0
42,2014-11-13,15,25-207,DAL,@,LAK,W,0,0,0,0,0,0,0,0,0,0,0,0,3,0.0,19,13:13,1,0,0,0,
43,2014-11-15,16,25-209,DAL,,MIN,L,0,0,0,0,0,0,0,0,0,0,0,0,1,0.0,14,11:16,1,2,0,3,0.0
44,2014-11-18,17,25-212,DAL,,CAR,L,0,0,0,-1,0,0,0,0,0,0,0,0,0,,23,14:14,2,1,0,0,
45,2014-11-20,18,25-214,DAL,,ARI,W,0,0,0,0,0,0,0,0,0,0,0,0,2,0.0,17,13:46,0,1,1,2,33.3
46,2014-11-28,19,25-222,DAL,,MIN,L-OT,0,0,0,0,0,0,0,0,0,0,0,0,1,0.0,17,11:22,0,3,0,0,
47,2014-11-29,20,25-223,DAL,@,COL,L,0,0,0,-2,0,0,0,0,0,0,0,0,1,0.0,15,9:38,1,0,0,0,
48,2014-12-04,21,25-228,DAL,@,DET,L,1,0,1,1,0,1,0,0,0,0,0,0,3,33.3,20,14:46,2,0,0,0,
49,2014-12-06,22,25-230,DAL,,MTL,W,0,0,0,0,0,0,0,0,0,0,0,0,2,0.0,23,16:38,1,0,0,0,
50,2014-12-09,23,25-233,DAL,,WPG,L,0,0,0,0,0,0,0,0,0,0,0,0,1,0.0,24,17:02,3,2,1,0,100.0
51,2014-12-13,24,25-237,DAL,,NJD,W,0,1,1,1,0,0,0,0,0,1,0,0,1,0.0,18,13:55,0,0,0,0,
52,2014-12-17,25,25-241,DAL,@,VAN,W,1,0,1,1,0,1,0,0,1,0,0,0,1,100.0,18,11:18,1,0,0,2,0.0
53,2014-12-19,26,25-243,DAL,@,CGY,W,0,0,0,0,0,0,0,0,0,0,0,0,0,,20,13:36,1,1,0,2,0.0
54,2014-12-21,27,25-245,DAL,@,EDM,W,0,1,1,1,0,0,0,0,0,1,0,0,2,0.0,22,12:54,3,0,0,0,
55,2014-12-23,28,25-247,DAL,,TOR,L,0,0,0,0,0,0,0,0,0,0,0,0,1,0.0,17,11:46,0,0,0,0,
56,2014-12-27,29,25-251,DAL,@,STL,W,0,1,1,-1,0,0,0,0,0,0,1,0,1,0.0,21,14:19,3,1,0,0,
57,2014-12-29,30,25-253,DAL,,NYR,W,0,1,1,-1,0,0,0,0,0,0,1,0,3,0.0,23,16:17,2,0,1,0,100.0
58,2014-12-31,31,25-255,DAL,,ARI,W,1,0,1,1,2,1,0,0,0,0,0,0,3,33.3,24,14:57,1,0,0,0,
59,2015-01-03,32,25-258,DAL,,MIN,W,1,0,1,1,5,1,0,0,1,0,0,0,1,100.0,18,10:32,0,0,0,0,
60,2015-01-04,33,25-259,DAL,@,CHI,L-OT,0,0,0,1,0,0,0,0,0,0,0,0,1,0.0,21,15:05,1,0,0,0,
61,2015-01-06,34,25-261,DAL,,CBJ,L,0,0,0,0,0,0,0,0,0,0,0,0,1,0.0,13,10:51,0,0,0,0,
62,2015-01-10,35,25-265,DAL,@,COL,L,1,0,1,0,0,1,0,0,0,0,0,0,5,20.0,15,11:31,0,0,1,0,100.0
63,2015-01-13,36,25-268,DAL,,OTT,W,0,1,1,1,0,0,0,0,0,1,0,0,0,,15,10:01,1,0,1,0,100.0
64,2015-01-15,37,25-270,DAL,,WPG,L,0,0,0,-1,0,0,0,0,0,0,0,0,0,,11,6:50,0,0,0,1,0.0
65,2015-01-17,38,25-272,DAL,,WSH,W,0,1,1,1,0,0,0,0,0,1,0,0,0,,19,11:43,0,1,0,1,0.0
66,2015-01-18,39,25-273,DAL,@,CHI,W,0,1,1,0,0,0,0,0,0,1,0,0,2,0.0,21,14:49,0,0,0,0,
67,2015-01-20,40,25-275,DAL,,BOS,L,0,0,0,-2,0,0,0,0,0,0,0,0,2,0.0,22,14:48,1,0,1,0,100.0
68,2015-01-27,41,25-282,DAL,@,MTL,L,0,0,0,0,0,0,0,0,0,0,0,0,2,0.0,15,10:16,1,0,0,1,0.0
69,2015-01-29,42,25-284,DAL,@,OTT,W,1,1,2,0,0,1,0,0,0,0,1,0,3,33.3,16,8:42,0,0,0,0,
70,2015-01-31,43,25-286,DAL,@,WPG,W,0,1,1,1,0,0,0,0,0,1,0,0,1,0.0,19,13:25,2,1,2,0,100.0
71,2015-02-03,44,25-289,DAL,,COL,L-SO,0,0,0,-1,0,0,0,0,0,0,0,0,3,0.0,19,15:34,3,1,0,0,
72,2015-02-05,45,25-291,DAL,,TBL,L,0,0,0,0,0,0,0,0,0,0,0,0,0,,15,9:52,1,2,0,1,0.0
73,2015-02-07,46,25-293,DAL,@,BUF,L,0,0,0,0,0,0,0,0,0,0,0,0,6,0.0,19,15:10,1,0,0,0,
74,2015-02-13,47,25-299,DAL,,FLA,W,0,0,0,0,0,0,0,0,0,0,0,0,2,0.0,22,17:02,3,0,0,1,0.0
75,2015-02-14,48,25-300,DAL,@,COL,L,0,0,0,0,0,0,0,0,0,0,0,0,2,0.0,20,18:31,1,2,0,0,
76,2015-02-17,49,25-303,DAL,@,STL,W,0,0,0,0,0,0,0,0,0,0,0,0,1,0.0,16,10:38,0,0,0,1,0.0
77,2015-02-19,50,25-305,DAL,,SJS,L,0,0,0,-1,0,0,0,0,0,0,0,0,2,0.0,22,17:17,2,2,3,1,75.0
78,2015-02-21,51,25-307,DAL,,DET,L-OT,0,1,1,0,0,0,0,0,0,1,0,0,3,0.0,22,13:57,2,0,0,0,
79,2015-02-22,52,25-308,DAL,@,MIN,L,0,0,0,-1,0,0,0,0,0,0,0,0,0,,16,10:27,1,0,0,0,
80,2015-02-24,53,25-310,DAL,@,WPG,L,0,0,0,-1,0,0,0,0,0,0,0,0,4,0.0,13,9:39,0,0,1,1,50.0
81,2015-02-27,54,25-313,DAL,,COL,L-SO,0,0,0,0,2,0,0,0,0,0,0,0,2,0.0,15,11:06,1,0,0,1,0.0
82,2015-03-01,55,25-315,DAL,,ANA,L,0,0,0,-1,0,0,0,0,0,0,0,0,2,0.0,15,9:18,0,1,3,0,100.0
83,2015-03-05,56,25-319,DAL,@,FLA,W,0,0,0,0,0,0,0,0,0,0,0,0,0,,15,10:00,1,1,0,0,
84,2015-03-07,57,25-321,DAL,@,TBL,L,0,2,2,0,0,0,0,0,0,1,1,0,1,0.0,14,8:20,1,0,0,1,0.0
85,2015-03-10,58,25-324,DAL,@,PHI,W,0,1,1,0,2,0,0,0,0,1,0,0,1,0.0,19,12:01,1,1,0,0,
86,2015-03-12,59,25-326,DAL,@,CAR,W,0,0,0,2,0,0,0,0,0,0,0,0,1,0.0,18,11:45,0,2,0,0,
87,2015-03-13,60,25-327,DAL,@,WSH,W,1,0,1,-1,0,1,0,0,0,0,0,0,3,33.3,19,11:26,0,0,0,2,0.0
88,2015-03-15,61,25-329,DAL,,STL,L,0,0,0,0,0,0,0,0,0,0,0,0,2,0.0,20,12:03,2,0,0,0,
89,2015-03-19,62,25-333,DAL,,PIT,W,0,0,0,0,0,0,0,0,0,0,0,0,1,0.0,18,10:33,1,1,0,0,
90,2015-03-21,63,25-335,DAL,,CHI,W,0,0,0,0,0,0,0,0,0,0,0,0,4,0.0,23,15:12,3,1,1,0,100.0
91,2015-03-23,64,25-337,DAL,,BUF,W,0,0,0,0,2,0,0,0,0,0,0,0,1,0.0,17,10:44,0,0,1,0,100.0
92,2015-03-25,65,25-339,DAL,@,CGY,W,0,0,0,-1,0,0,0,0,0,0,0,0,1,0.0,19,12:26,0,0,1,0,100.0
93,2015-03-27,66,25-341,DAL,@,EDM,L,0,0,0,0,0,0,0,0,0,0,0,0,1,0.0,14,9:00,3,1,0,0,
94,2015-04-03,67,25-348,DAL,,STL,L,0,0,0,0,0,0,0,0,0,0,0,0,2,0.0,18,12:11,1,0,2,1,66.7
95,2015-04-04,68,25-349,DAL,@,NSH,W,1,1,2,1,0,1,0,0,0,1,0,0,3,33.3,19,13:27,2,2,0,0,
96,2015-04-06,69,25-351,DAL,@,SJS,W,1,0,1,2,0,1,0,0,0,0,0,0,3,33.3,25,18:21,1,3,0,0,
97,2015-04-08,70,25-353,DAL,@,ANA,W,0,0,0,0,0,0,0,0,0,0,0,0,1,0.0,21,14:56,2,0,1,1,50.0
98,2015-04-11,71,25-356,DAL,,NSH,W,0,0,0,0,0,0,0,0,0,0,0,0,0,,19,13:47,2,2,0,3,0.0
99,2015-10-13,1,26-176,DAL,,EDM,W,0,0,0,1,0,0,0,0,0,0,0,0,0,,23,17:00,3,0,0,0,
100,2015-10-15,2,26-178,DAL,@,TBL,W,0,1,1,0,0,0,0,0,0,1,0,0,1,0.0,21,15:40,2,1,0,0,
101,2015-10-17,3,26-180,DAL,@,FLA,W,0,0,0,0,0,0,0,0,0,0,0,0,3,0.0,16,12:34,2,1,0,1,0.0
102,2015-10-20,4,26-183,DAL,@,PHI,W,0,0,0,0,0,0,0,0,0,0,0,0,4,0.0,17,10:11,1,0,0,0,
103,2015-10-22,5,26-185,DAL,@,PIT,W,0,0,0,0,0,0,0,0,0,0,0,0,0,,18,13:25,0,1,0,0,
104,2015-10-24,6,26-187,DAL,,FLA,L,0,0,0,0,0,0,0,0,0,0,0,0,3,0.0,17,12:19,0,1,0,0,
105,2015-10-27,7,26-190,DAL,,ANA,W,0,0,0,1,0,0,0,0,0,0,0,0,0,,21,12:38,2,0,0,0,
106,2015-10-29,8,26-192,DAL,,VAN,W,0,0,0,0,0,0,0,0,0,0,0,0,2,0.0,21,14:41,2,1,1,1,50.0
107,2015-10-31,9,26-194,DAL,,SJS,W,0,0,0,2,0,0,0,0,0,0,0,0,1,0.0,20,14:46,1,1,0,0,
108,2015-11-02,10,26-196,DAL,@,TOR,L,0,0,0,-1,0,0,0,0,0,0,0,0,2,0.0,16,9:39,2,0,0,0,
109,2015-11-03,11,26-197,DAL,@,BOS,W,0,1,1,0,0,0,0,0,0,0,1,0,2,0.0,17,13:23,0,1,0,1,0.0
110,2015-11-06,12,26-200,DAL,@,CAR,W,0,2,2,2,0,0,0,0,0,2,0,0,3,0.0,19,13:34,1,1,0,2,0.0
111,2015-11-08,13,26-202,DAL,@,DET,W,0,0,0,0,0,0,0,0,0,0,0,0,1,0.0,21,14:21,2,1,0,0,
112,2015-11-10,14,26-204,DAL,,TOR,L,0,0,0,0,0,0,0,0,0,0,0,0,0,,20,12:22,0,0,0,0,
113,2015-11-12,15,26-206,DAL,,WPG,W,1,1,2,2,0,1,0,0,0,1,0,0,4,25.0,21,15:07,1,2,0,0,
114,2015-11-14,16,26-208,DAL,,MIN,W,0,0,0,0,2,0,0,0,0,0,0,0,0,,19,11:41,1,0,0,0,
115,2015-11-17,17,26-211,DAL,@,BUF,W,0,0,0,0,0,0,0,0,0,0,0,0,3,0.0,21,13:02,0,1,0,0,
116,2015-11-19,18,26-213,DAL,@,WSH,W,0,0,0,0,0,0,0,0,0,0,0,0,2,0.0,18,14:01,0,1,0,0,
117,2015-11-21,19,26-215,DAL,,BUF,W,0,0,0,0,0,0,0,0,0,0,0,0,0,,16,10:49,1,0,0,0,
118,2015-11-24,20,26-218,DAL,,OTT,L,0,0,0,-1,0,0,0,0,0,0,0,0,3,0.0,17,10:51,1,0,0,0,
119,2015-11-27,21,26-221,DAL,,VAN,W,0,0,0,0,2,0,0,0,0,0,0,0,1,0.0,20,13:06,1,0,0,0,
120,2015-11-28,22,26-222,DAL,@,MIN,W,0,0,0,0,0,0,0,0,0,0,0,0,3,0.0,19,13:02,2,1,0,0,
121,2015-12-01,23,26-225,DAL,@,CGY,L-SO,0,0,0,0,0,0,0,0,0,0,0,0,0,,17,11:32,1,2,0,0,
122,2015-12-03,24,26-227,DAL,@,VAN,W,0,0,0,0,0,0,0,0,0,0,0,0,0,,17,11:35,2,2,0,0,
123,2015-12-04,25,26-228,DAL,@,EDM,L-OT,0,0,0,1,0,0,0,0,0,0,0,0,0,,16,10:19,1,0,0,1,0.0
124,2015-12-08,26,26-232,DAL,,CAR,W,0,0,0,0,0,0,0,0,0,0,0,0,0,,19,11:38,1,0,0,0,
125,2015-12-11,27,26-235,DAL,,PHI,W,0,0,0,0,2,0,0,0,0,0,0,0,0,,14,10:16,1,2,0,0,
126,2015-12-12,28,26-236,DAL,@,STL,L,0,0,0,0,0,0,0,0,0,0,0,0,1,0.0,18,11:25,2,0,0,0,
127,2015-12-17,29,26-241,DAL,,CGY,L,0,0,0,-1,0,0,0,0,0,0,0,0,0,,18,10:54,0,3,1,0,100.0
128,2015-12-19,30,26-243,DAL,,MTL,W,0,0,0,0,0,0,0,0,0,0,0,0,0,,20,12:36,0,2,0,0,
129,2015-12-21,31,26-245,DAL,@,MIN,W,0,0,0,1,0,0,0,0,0,0,0,0,1,0.0,21,13:26,1,1,0,1,0.0
130,2015-12-22,32,26-246,DAL,,CHI,W,1,0,1,1,0,1,0,0,0,0,0,0,6,16.7,21,14:12,0,0,0,1,0.0
131,2015-12-26,33,26-250,DAL,@,STL,L-SO,1,0,1,1,0,1,0,0,0,0,0,0,3,33.3,22,16:23,1,2,0,0,
132,2015-12-27,34,26-251,DAL,,STL,W,0,0,0,0,0,0,0,0,0,0,0,0,4,0.0,22,14:19,1,0,0,0,
133,2015-12-29,35,26-253,DAL,@,CBJ,L,1,0,1,0,0,1,0,0,0,0,0,0,5,20.0,23,16:35,0,1,1,0,100.0
134,2015-12-31,36,26-255,DAL,,NSH,W,0,0,0,-1,2,0,0,0,0,0,0,0,1,0.0,24,15:42,1,0,1,0,100.0
135,2016-01-02,37,26-257,DAL,@,NJD,L-OT,1,0,1,1,0,1,0,0,0,0,0,0,4,25.0,23,17:31,0,0,0,1,0.0
136,2016-01-03,38,26-258,DAL,@,NYI,L,0,2,2,-1,0,0,0,0,0,1,1,0,2,0.0,26,17:49,2,0,0,1,0.0
137,2016-01-05,39,26-260,DAL,@,NYR,L,0,0,0,0,0,0,0,0,0,0,0,0,1,0.0,17,11:11,0,1,0,0,
138,2016-01-07,40,26-262,DAL,,WPG,W,0,0,0,-1,0,0,0,0,0,0,0,0,1,0.0,22,15:36,2,1,0,1,0.0
139,2016-01-09,41,26-264,DAL,,MIN,L,0,0,0,-2,0,0,0,0,0,0,0,0,1,0.0,15,11:48,2,2,0,0,
140,2016-01-16,42,26-271,DAL,@,SJS,L-OT,0,0,0,0,0,0,0,0,0,0,0,0,0,,13,8:53,0,1,0,0,
141,2016-01-21,43,26-276,DAL,,EDM,W,0,0,0,0,2,0,0,0,0,0,0,0,1,0.0,13,8:08,0,1,0,0,
142,2016-01-23,44,26-278,DAL,,COL,L,0,0,0,0,0,0,0,0,0,0,0,0,2,0.0,15,8:22,0,0,0,1,0.0
143,2016-01-25,45,26-280,DAL,,CGY,W,0,0,0,0,0,0,0,0,0,0,0,0,3,0.0,17,11:01,1,2,0,0,
144,2016-02-02,46,26-288,DAL,@,WPG,W,0,0,0,0,0,0,0,0,0,0,0,0,2,0.0,12,7:02,1,0,1,0,100.0
145,2016-02-06,47,26-292,DAL,,CHI,L,0,0,0,0,0,0,0,0,0,0,0,0,3,0.0,16,10:49,1,0,0,0,
146,2016-02-11,48,26-297,DAL,@,CHI,W,0,0,0,0,0,0,0,0,0,0,0,0,1,0.0,18,12:29,1,0,0,0,
147,2016-02-13,49,26-299,DAL,,WSH,W,0,0,0,0,0,0,0,0,0,0,0,0,0,,17,12:01,0,1,0,0,
148,2016-02-15,50,26-301,DAL,@,NSH,W,0,0,0,0,0,0,0,0,0,0,0,0,0,,17,10:42,1,0,0,0,
149,2016-02-18,51,26-304,DAL,@,ARI,L,0,0,0,-1,0,0,0,0,0,0,0,0,4,0.0,15,10:19,1,0,0,0,
150,2016-02-20,52,26-306,DAL,,BOS,L,0,0,0,-1,0,0,0,0,0,0,0,0,2,0.0,14,9:28,0,0,0,0,
151,2016-02-23,53,26-309,DAL,@,WPG,W,1,0,1,1,0,1,0,0,0,0,0,0,2,50.0,22,11:50,1,1,0,0,
152,2016-02-25,54,26-311,DAL,,WPG,L,0,0,0,0,0,0,0,0,0,0,0,0,0,,22,14:01,4,0,0,0,
153,2016-02-27,55,26-313,DAL,,NYR,L,1,1,2,1,0,1,0,0,0,1,0,0,3,33.3,21,13:30,1,2,0,1,0.0
154,2016-02-29,56,26-315,DAL,,DET,L-OT,1,0,1,1,2,1,0,0,0,0,0,0,3,33.3,18,8:22,2,0,1,0,100.0
155,2016-03-01,57,26-316,DAL,@,NSH,L,0,0,0,-1,0,0,0,0,0,0,0,0,1,0.0,23,13:19,0,1,0,0,
156,2016-03-04,58,26-319,DAL,,NJD,W,1,1,2,2,0,1,0,0,1,0,0,1,2,50.0,22,14:09,0,0,0,0,
157,2016-03-06,59,26-321,DAL,@,OTT,W,0,0,0,0,0,0,0,0,0,0,0,0,2,0.0,20,13:33,0,0,0,0,
158,2016-03-08,60,26-323,DAL,@,MTL,L-OT,0,0,0,-1,0,0,0,0,0,0,0,0,1,0.0,17,10:37,1,1,0,0,
159,2016-03-17,61,26-332,DAL,,TBL,W,0,0,0,0,0,0,0,0,0,0,0,0,0,,20,12:50,2,0,0,0,
160,2016-03-19,62,26-334,DAL,,NYI,W,0,0,0,0,2,0,0,0,0,0,0,0,4,0.0,22,13:06,2,3,0,0,
161,2016-03-22,63,26-337,DAL,@,CHI,W,1,1,2,2,0,1,0,0,0,1,0,0,5,20.0,21,12:43,2,1,0,0,
162,2016-03-24,64,26-339,DAL,@,ARI,L,0,0,0,0,0,0,0,0,0,0,0,0,3,0.0,21,13:29,2,0,0,0,
163,2016-03-26,65,26-341,DAL,@,SJS,W,0,0,0,0,0,0,0,0,0,0,0,0,3,0.0,22,13:34,0,3,0,0,
164,2016-03-29,66,26-344,DAL,,NSH,W,0,0,0,-1,0,0,0,0,0,0,0,0,0,,19,13:36,2,0,0,0,
165,2016-03-31,67,26-346,DAL,,ARI,W,0,1,1,1,7,0,0,0,0,1,0,0,0,,17,9:58,0,0,0,0,
166,2016-04-02,68,26-348,DAL,@,LAK,W,0,1,1,0,0,0,0,0,0,1,0,0,6,0.0,21,11:20,2,0,1,1,50.0
167,2016-04-03,69,26-349,DAL,@,ANA,L,0,0,0,0,0,0,0,0,0,0,0,0,0,,21,15:40,0,1,0,1,0.0
168,2016-04-07,70,26-353,DAL,,COL,W,1,0,1,-1,0,0,1,0,0,0,0,0,3,33.3,25,17:53,1,0,0,0,
169,2016-04-09,71,26-355,DAL,,NSH,W,0,0,0,-1,0,0,0,0,0,0,0,0,1,0.0,20,13:52,0,1,2,0,100.0
170,2016-10-13,1,27-176,FLA,,NJD,W,0,0,0,0,0,0,0,0,0,0,0,0,2,0.0,15,12:14,1,0,0,0,
171,2016-10-15,2,27-178,FLA,,DET,W,1,0,1,0,0,1,0,0,1,0,0,0,2,50.0,16,11:25,0,1,0,0,
172,2016-10-18,3,27-181,FLA,@,TBL,L-SO,1,0,1,1,0,0,0,1,0,0,0,0,4,25.0,21,14:49,0,0,0,0,
173,2016-10-20,4,27-183,FLA,,WSH,L,0,0,0,-2,0,0,0,0,0,0,0,0,1,0.0,15,10:12,0,0,1,0,100.0
174,2016-10-22,5,27-185,FLA,,COL,W,0,0,0,0,0,0,0,0,0,0,0,0,5,0.0,20,14:36,2,0,0,0,
175,2016-10-25,6,27-188,FLA,@,PIT,L,0,1,1,0,0,0,0,0,0,0,1,0,0,,17,13:50,3,2,0,1,0.0
176,2016-10-27,7,27-190,FLA,@,TOR,L,0,0,0,0,4,0,0,0,0,0,0,0,2,0.0,20,15:01,3,2,0,1,0.0
177,2016-10-29,8,27-192,FLA,@,BUF,L,0,0,0,0,2,0,0,0,0,0,0,0,1,0.0,18,16:37,1,0,1,0,100.0
178,2016-10-30,9,27-193,FLA,@,DET,W,3,1,4,3,2,1,1,1,0,1,0,0,5,60.0,22,17:46,1,3,0,1,0.0
179,2016-11-01,10,27-195,FLA,,BOS,L,0,0,0,-1,0,0,0,0,0,0,0,0,1,0.0,23,19:44,0,1,1,0,100.0
180,2016-11-03,11,27-197,FLA,,NJD,W,0,1,1,1,0,0,0,0,0,0,1,0,1,0.0,26,19:34,0,1,0,1,0.0
181,2016-11-05,12,27-199,FLA,@,WSH,L,0,0,0,-2,0,0,0,0,0,0,0,0,1,0.0,20,18:50,1,1,0,0,
182,2016-11-07,13,27-201,FLA,,TBL,W,0,0,0,0,0,0,0,0,0,0,0,0,2,0.0,21,19:23,1,3,0,0,
183,2016-11-10,14,27-204,FLA,,SJS,L,0,0,0,0,0,0,0,0,0,0,0,0,0,,15,12:40,1,0,1,1,50.0
184,2016-11-12,15,27-206,FLA,,NYI,W,0,0,0,-1,0,0,0,0,0,0,0,0,0,,12,8:46,1,1,1,0,100.0
185,2016-11-15,16,27-209,FLA,@,MTL,W,0,1,1,1,0,0,0,0,0,1,0,0,1,0.0,16,11:47,0,1,2,2,50.0
186,2016-11-17,17,27-211,FLA,@,TOR,L,0,0,0,-2,0,0,0,0,0,0,0,0,2,0.0,17,13:53,1,0,0,0,
187,2016-11-19,18,27-213,FLA,@,OTT,W,0,0,0,-1,0,0,0,0,0,0,0,0,2,0.0,20,15:16,1,1,2,1,66.7
188,2016-11-20,19,27-214,FLA,@,NYR,W,0,0,0,0,2,0,0,0,0,0,0,0,5,0.0,20,15:02,4,1,3,0,100.0
189,2016-11-22,20,27-216,FLA,,PHI,L,0,0,0,-1,0,0,0,0,0,0,0,0,2,0.0,18,13:23,2,0,6,2,75.0
190,2016-11-26,21,27-220,FLA,,CBJ,W,0,0,0,-1,0,0,0,0,0,0,0,0,1,0.0,19,16:25,2,1,2,2,50.0
191,2016-11-27,22,27-221,FLA,@,CAR,L,0,0,0,1,0,0,0,0,0,0,0,0,3,0.0,15,15:06,0,1,0,6,0.0
192,2016-11-29,23,27-223,FLA,@,CHI,L-SO,0,0,0,0,0,0,0,0,0,0,0,0,0,,18,10:29,2,0,0,0,
193,2016-12-01,24,27-225,FLA,@,DET,W,0,0,0,0,0,0,0,0,0,0,0,0,0,,17,11:55,0,1,1,0,100.0
194,2016-12-03,25,27-227,FLA,@,OTT,L,0,0,0,-1,0,0,0,0,0,0,0,0,2,0.0,18,12:57,2,1,1,0,100.0
195,2016-12-05,26,27-229,FLA,@,BOS,L-OT,0,0,0,-1,0,0,0,0,0,0,0,0,3,0.0,25,20:30,4,1,0,0,
196,2016-12-06,27,27-230,FLA,@,PHI,L-OT,0,1,1,1,2,0,0,0,0,1,0,0,2,0.0,24,16:59,2,1,0,0,
197,2016-12-08,28,27-232,FLA,,PIT,L,0,0,0,-1,0,0,0,0,0,0,0,0,3,0.0,21,14:42,2,0,0,0,
198,2016-12-10,29,27-234,FLA,,VAN,W,0,1,1,0,0,0,0,0,0,1,0,0,2,0.0,22,16:06,2,1,0,1,0.0
199,2016-12-13,30,27-237,FLA,@,MIN,L,0,0,0,-2,0,0,0,0,0,0,0,0,3,0.0,20,14:48,1,1,0,0,
200,2016-12-15,31,27-239,FLA,@,WPG,L-SO,0,0,0,0,2,0,0,0,0,0,0,0,3,0.0,26,18:52,1,0,0,0,
201,2016-12-16,32,27-240,FLA,@,COL,W,0,1,1,0,0,0,0,0,0,1,0,0,1,0.0,26,17:16,0,0,0,0,
202,2016-12-20,33,27-244,FLA,,BUF,W,0,0,0,0,0,0,0,0,0,0,0,0,1,0.0,24,18:03,1,0,0,0,
203,2016-12-22,34,27-246,FLA,,BOS,L,0,0,0,0,0,0,0,0,0,0,0,0,0,,17,10:29,2,1,1,0,100.0
204,2016-12-23,35,27-247,FLA,,DET,L-SO,0,0,0,-1,0,0,0,0,0,0,0,0,4,0.0,19,12:54,3,1,1,0,100.0
205,2016-12-28,36,27-252,FLA,,TOR,L-SO,0,0,0,0,0,0,0,0,0,0,0,0,1,0.0,21,15:07,2,0,0,1,0.0
206,2016-12-29,37,27-253,FLA,,MTL,L-OT,0,0,0,-1,0,0,0,0,0,0,0,0,1,0.0,19,15:46,1,1,1,0,100.0
207,2017-01-06,38,27-261,FLA,,NSH,W,0,0,0,0,0,0,0,0,0,0,0,0,4,0.0,26,17:41,2,1,0,0,
208,2017-01-07,39,27-262,FLA,,BOS,L,0,0,0,0,0,0,0,0,0,0,0,0,2,0.0,21,13:58,1,2,2,0,100.0
209,2017-01-09,40,27-264,FLA,@,NJD,W,0,0,0,0,0,0,0,0,0,0,0,0,5,0.0,25,16:41,1,1,1,1,50.0
210,2017-01-11,41,27-266,FLA,@,NYI,W,0,0,0,0,0,0,0,0,0,0,0,0,3,0.0,20,14:40,4,0,0,0,
211,2017-01-13,42,27-268,FLA,,NYI,L,0,0,0,0,0,0,0,0,0,0,0,0,2,0.0,19,14:26,1,0,0,0,
212,2017-01-14,43,27-269,FLA,,CBJ,W,0,0,0,-1,0,0,0,0,0,0,0,0,2,0.0,24,15:34,2,2,0,1,0.0
213,2017-01-17,44,27-272,FLA,@,CGY,L,0,0,0,-1,0,0,0,0,0,0,0,0,1,0.0,20,14:05,1,1,0,2,0.0
214,2017-01-18,45,27-273,FLA,@,EDM,L-OT,0,0,0,0,0,0,0,0,0,0,0,0,4,0.0,22,18:06,2,0,1,0,100.0
215,2017-01-20,46,27-275,FLA,@,VAN,L,0,0,0,0,0,0,0,0,0,0,0,0,4,0.0,21,13:21,3,0,0,0,
216,2017-01-23,47,27-278,FLA,@,ARI,L-OT,0,1,1,0,0,0,0,0,0,1,0,0,0,,26,16:08,2,2,0,0,
217,2017-01-26,48,27-281,FLA,,TBL,W,0,0,0,0,0,0,0,0,0,0,0,0,2,0.0,22,15:59,2,2,1,1,50.0
218,2017-01-31,49,27-286,FLA,,OTT,W,1,0,1,-1,2,1,0,0,0,0,0,0,2,50.0,20,13:53,1,1,0,0,
219,2017-02-03,50,27-289,FLA,,ANA,W,0,0,0,0,0,0,0,0,0,0,0,0,0,,12,9:44,1,2,0,1,0.0
220,2017-02-09,51,27-295,FLA,,LAK,L,0,0,0,-1,0,0,0,0,0,0,0,0,3,0.0,24,16:12,2,3,0,0,
221,2017-02-11,52,27-297,FLA,@,NSH,W,0,0,0,-1,0,0,0,0,0,0,0,0,2,0.0,22,12:27,0,0,1,0,100.0
222,2017-02-15,53,27-301,FLA,@,SJS,W,0,0,0,-1,0,0,0,0,0,0,0,0,0,,19,11:43,0,1,0,0,
223,2017-02-17,54,27-303,FLA,@,ANA,W,1,0,1,2,0,1,0,0,0,0,0,0,7,14.3,21,13:46,0,0,0,0,
224,2017-02-18,55,27-304,FLA,@,LAK,W,0,0,0,0,0,0,0,0,0,0,0,0,1,0.0,20,14:49,4,2,0,0,
225,2017-02-20,56,27-306,FLA,@,STL,W,0,0,0,0,0,0,0,0,0,0,0,0,1,0.0,14,10:06,0,0,0,0,
226,2017-02-22,57,27-308,FLA,,EDM,L,1,0,1,1,0,1,0,0,0,0,0,0,1,100.0,16,11:48,1,1,0,0,
227,2017-02-24,58,27-310,FLA,,CGY,L,0,0,0,-1,0,0,0,0,0,0,0,0,3,0.0,21,14:30,1,0,0,0,
228,2017-02-26,59,27-312,FLA,,OTT,L,0,0,0,0,0,0,0,0,0,0,0,0,4,0.0,19,13:36,4,1,0,0,
229,2017-02-28,60,27-314,FLA,,CAR,W,0,0,0,-2,0,0,0,0,0,0,0,0,0,,18,12:30,0,1,0,0,
230,2017-03-02,61,27-316,FLA,@,PHI,L-SO,0,0,0,0,0,0,0,0,0,0,0,0,1,0.0,20,12:33,1,0,0,0,
231,2017-03-04,62,27-318,FLA,,DAL,L,0,0,0,0,0,0,0,0,0,0,0,0,2,0.0,15,10:46,0,0,0,0,
232,2017-03-07,63,27-321,FLA,,NYR,L,0,0,0,-1,0,0,0,0,0,0,0,0,3,0.0,25,15:48,3,0,0,1,0.0
233,2017-03-10,64,27-324,FLA,,MIN,L,0,1,1,1,0,0,0,0,0,1,0,0,5,0.0,22,17:51,1,0,0,0,
234,2017-03-11,65,27-325,FLA,@,TBL,L,0,0,0,0,2,0,0,0,0,0,0,0,3,0.0,16,12:15,1,0,0,0,
235,2017-03-14,66,27-328,FLA,,TOR,W,1,0,1,1,0,0,0,1,0,0,0,0,3,33.3,19,13:35,3,1,0,0,
236,2017-03-16,67,27-330,FLA,@,CBJ,L,0,0,0,0,0,0,0,0,0,0,0,0,2,0.0,18,13:30,0,1,0,0,
237,2017-03-17,68,27-331,FLA,@,NYR,W,0,0,0,-1,0,0,0,0,0,0,0,0,4,0.0,22,15:11,1,1,0,0,
238,2017-03-19,69,27-333,FLA,@,PIT,L,0,0,0,-1,0,0,0,0,0,0,0,0,1,0.0,21,15:02,1,1,0,0,
239,2017-03-21,70,27-335,FLA,,CAR,L,0,0,0,-1,0,0,0,0,0,0,0,0,4,0.0,18,13:02,1,1,0,0,
240,2017-03-23,71,27-337,FLA,,ARI,W,0,1,1,1,0,0,0,0,0,1,0,0,4,0.0,19,13:58,2,0,0,0,
241,2017-03-25,72,27-339,FLA,,CHI,W,0,2,2,2,0,0,0,0,0,2,0,0,1,0.0,18,14:14,1,0,0,0,
242,2017-03-27,73,27-341,FLA,@,BUF,L,0,0,0,-1,0,0,0,0,0,0,0,0,2,0.0,24,16:25,1,1,0,0,
243,2017-03-28,74,27-342,FLA,@,TOR,L,0,0,0,-1,5,0,0,0,0,0,0,0,1,0.0,17,10:51,0,1,0,0,
244,2017-03-30,75,27-344,FLA,@,MTL,L,0,0,0,-2,0,0,0,0,0,0,0,0,1,0.0,21,13:43,2,0,0,0,
245,2017-04-01,76,27-346,FLA,@,BOS,L,0,1,1,1,2,0,0,0,0,1,0,0,2,0.0,22,15:20,1,1,0,0,
246,2017-04-03,77,27-348,FLA,,MTL,L,0,0,0,-1,0,0,0,0,0,0,0,0,4,0.0,19,14:52,2,2,0,0,
247,2017-04-06,78,27-351,FLA,,STL,L,0,1,1,2,0,0,0,0,0,1,0,0,4,0.0,19,16:26,0,2,0,0,
248,2017-04-08,79,27-353,FLA,,BUF,W,0,0,0,0,0,0,0,0,0,0,0,0,3,0.0,21,18:14,2,0,0,0,
249,2017-04-09,80,27-354,FLA,@,WSH,W,0,1,1,1,0,0,0,0,0,0,0,1,0,,25,18:10,0,0,0,0,
250,2017-10-06,1,28-169,FLA,@,TBL,L,0,0,0,0,2,0,0,0,0,0,0,0,2,0.0,18,11:02,1,2,1,0,100.0
251,2017-10-07,2,28-170,FLA,,TBL,W,1,0,1,0,2,1,0,0,0,0,0,0,2,50.0,19,12:40,1,1,0,0,
252,2017-10-12,3,28-175,FLA,,STL,W,0,1,1,1,0,0,0,0,0,0,0,1,0,,22,14:25,1,0,4,0,100.0
253,2017-10-14,4,28-177,FLA,@,PIT,L,0,0,0,-1,0,0,0,0,0,0,0,0,2,0.0,15,12:40,3,2,0,0,
254,2017-10-20,5,28-183,FLA,,PIT,L,0,0,0,-1,0,0,0,0,0,0,0,0,1,0.0,16,9:42,1,1,1,1,50.0
255,2017-10-21,6,28-184,FLA,@,WSH,W,0,0,0,0,0,0,0,0,0,0,0,0,0,,6,3:40,1,0,0,0,
256,2017-11-04,7,28-198,FLA,,NYR,L-OT,2,0,2,0,0,2,0,0,0,0,0,0,6,33.3,22,13:09,2,0,0,0,
257,2017-11-07,8,28-201,FLA,@,CAR,L,0,0,0,0,0,0,0,0,0,0,0,0,2,0.0,17,12:59,2,1,0,0,
258,2017-11-10,9,28-204,FLA,@,BUF,W,0,1,1,2,2,0,0,0,0,1,0,0,1,0.0,21,14:38,0,2,0,1,0.0
259,2017-11-11,10,28-205,FLA,@,NJD,L,0,0,0,0,0,0,0,0,0,0,0,0,1,0.0,19,11:42,2,0,0,2,0.0
260,2017-11-14,11,28-208,FLA,,DAL,W,0,0,0,-1,0,0,0,0,0,0,0,0,2,0.0,23,14:48,0,0,0,2,0.0
261,2017-11-16,12,28-210,FLA,@,SJS,W,1,0,1,1,0,1,0,0,1,0,0,0,5,20.0,28,17:31,0,2,0,0,
262,2017-11-18,13,28-212,FLA,@,LAK,L,0,0,0,0,0,0,0,0,0,0,0,0,3,0.0,25,16:02,1,0,0,0,
263,2017-11-19,14,28-213,FLA,@,ANA,L,0,0,0,0,0,0,0,0,0,0,0,0,3,0.0,19,16:04,2,1,0,0,
264,2017-11-22,15,28-216,FLA,,TOR,W,0,0,0,0,0,0,0,0,0,0,0,0,3,0.0,25,17:59,0,2,3,3,50.0
265,2017-11-25,16,28-219,FLA,,CHI,L,0,0,0,0,0,0,0,0,0,0,0,0,3,0.0,19,14:42,2,2,0,0,
266,2017-11-27,17,28-221,FLA,@,NJD,W,0,0,0,1,0,0,0,0,0,0,0,0,3,0.0,19,14:05,0,2,1,1,50.0
267,2017-11-28,18,28-222,FLA,@,NYR,W,0,1,1,0,0,0,0,0,0,1,0,0,1,0.0,21,17:38,2,0,0,0,
268,2017-12-01,19,28-225,FLA,,SJS,L,1,0,1,1,0,1,0,0,0,0,0,0,5,20.0,14,11:48,0,0,0,0,
269,2017-12-02,20,28-226,FLA,@,CAR,L-OT,0,0,0,0,0,0,0,0,0,0,0,0,2,0.0,21,13:01,1,0,1,1,50.0
270,2017-12-04,21,28-228,FLA,,NYI,L-SO,0,0,0,-1,0,0,0,0,0,0,0,0,2,0.0,18,13:29,1,0,2,2,50.0
271,2017-12-07,22,28-231,FLA,,WPG,W,0,1,1,1,0,0,0,0,0,1,0,0,3,0.0,25,16:43,1,2,4,2,66.7
272,2017-12-09,23,28-233,FLA,,COL,L,0,0,0,-2,2,0,0,0,0,0,0,0,0,,19,14:38,2,2,5,3,62.5
273,2017-12-11,24,28-235,FLA,@,DET,W,0,0,0,0,0,0,0,0,0,0,0,0,1,0.0,15,11:48,0,1,0,0,
274,2017-12-12,25,28-236,FLA,@,CHI,L-OT,0,0,0,0,0,0,0,0,0,0,0,0,4,0.0,23,17:16,3,4,0,0,
275,2017-12-14,26,28-238,FLA,@,COL,L,0,0,0,-1,0,0,0,0,0,0,0,0,2,0.0,18,12:56,0,1,3,1,75.0
276,2017-12-17,27,28-241,FLA,@,VEG,L,0,0,0,0,0,0,0,0,0,0,0,0,0,,19,12:05,1,1,1,1,50.0
277,2017-12-19,28,28-243,FLA,@,ARI,W,0,0,0,0,0,0,0,0,0,0,0,0,3,0.0,22,16:16,5,0,3,1,75.0
278,2017-12-22,29,28-246,FLA,,MIN,W,0,0,0,0,0,0,0,0,0,0,0,0,1,0.0,21,13:00,2,1,1,1,50.0
279,2017-12-23,30,28-247,FLA,,OTT,W,0,0,0,0,0,0,0,0,0,0,0,0,0,,18,14:34,0,0,1,0,100.0
280,2017-12-28,31,28-252,FLA,,PHI,W,0,1,1,0,0,0,0,0,0,0,0,1,1,0.0,16,12:28,1,1,1,1,50.0
281,2017-12-30,32,28-254,FLA,,MTL,W,0,0,0,0,0,0,0,0,0,0,0,0,0,,17,14:06,0,1,1,0,100.0
282,2018-01-02,33,28-257,FLA,@,MIN,L,0,0,0,-1,0,0,0,0,0,0,0,0,3,0.0,18,12:54,0,0,1,2,33.3
283,2018-01-05,34,28-260,FLA,@,DET,L,0,0,0,0,0,0,0,0,0,0,0,0,2,0.0,17,11:26,0,1,0,1,0.0
284,2018-01-07,35,28-262,FLA,@,CBJ,L-SO,0,0,0,0,0,0,0,0,0,0,0,0,1,0.0,18,16:34,2,1,3,3,50.0
285,2018-01-09,36,28-264,FLA,@,STL,W,1,0,1,1,0,0,0,1,0,0,0,0,2,50.0,23,15:02,0,1,1,1,50.0
286,2018-01-12,37,28-267,FLA,,CGY,L,0,0,0,-1,0,0,0,0,0,0,0,0,1,0.0,14,9:00,3,1,2,1,66.7
287,2018-01-19,38,28-274,FLA,,VEG,W,0,0,0,0,0,0,0,0,0,0,0,0,1,0.0,15,11:50,0,3,1,0,100.0
288,2018-01-20,39,28-275,FLA,@,NSH,L,0,1,1,0,0,0,0,0,0,1,0,0,1,0.0,15,10:56,0,1,2,0,100.0
289,2018-01-23,40,28-278,FLA,@,DAL,L,0,0,0,0,0,0,0,0,0,0,0,0,3,0.0,18,14:03,2,0,0,3,0.0
290,2018-01-25,41,28-280,FLA,,WSH,L,0,0,0,0,0,0,0,0,0,0,0,0,0,,19,17:15,2,0,1,2,33.3
291,2018-01-30,42,28-285,FLA,@,NYI,W,0,1,1,1,0,0,0,0,0,1,0,0,1,0.0,18,12:38,2,0,1,2,33.3
292,2018-02-01,43,28-287,FLA,@,BUF,W,1,0,1,1,0,1,0,0,0,0,0,0,2,50.0,17,14:59,3,2,3,0,100.0
293,2018-02-03,44,28-289,FLA,,DET,W,0,0,0,0,0,0,0,0,0,0,0,0,0,,20,12:11,3,1,3,3,50.0
294,2018-02-06,45,28-292,FLA,,VAN,W,0,0,0,1,0,0,0,0,0,0,0,0,1,0.0,18,13:54,1,0,1,0,100.0
295,2018-02-09,46,28-295,FLA,,LAK,L,0,0,0,-1,0,0,0,0,0,0,0,0,0,,14,9:01,0,0,0,0,
296,2018-02-12,47,28-298,FLA,@,EDM,W,0,0,0,-2,0,0,0,0,0,0,0,0,0,,14,9:49,1,2,1,1,50.0
297,2018-02-14,48,28-300,FLA,@,VAN,W,0,0,0,0,0,0,0,0,0,0,0,0,2,0.0,17,12:02,2,0,1,2,33.3
298,2018-02-17,49,28-303,FLA,@,CGY,W,0,0,0,0,7,0,0,0,0,0,0,0,2,0.0,21,12:46,0,0,1,1,50.0
299,2018-02-18,50,28-304,FLA,@,WPG,L,0,0,0,-1,0,0,0,0,0,0,0,0,1,0.0,19,13:49,0,0,1,4,20.0
300,2018-02-20,51,28-306,FLA,@,TOR,L,0,0,0,0,0,0,0,0,0,0,0,0,3,0.0,17,12:16,0,0,0,4,0.0
301,2018-02-22,52,28-308,FLA,,WSH,W,0,1,1,0,0,0,0,0,0,1,0,0,0,,16,12:27,2,0,1,0,100.0
302,2018-02-24,53,28-310,FLA,,PIT,W,0,1,1,2,0,0,0,0,0,1,0,0,4,0.0,21,13:28,1,2,0,0,
303,2018-02-27,54,28-313,FLA,,TOR,W,0,0,0,0,0,0,0,0,0,0,0,0,2,0.0,18,10:28,3,0,0,1,0.0
304,2018-03-01,55,28-315,FLA,,NJD,W,0,0,0,0,0,0,0,0,0,0,0,0,1,0.0,15,12:22,0,1,0,3,0.0
305,2018-03-02,56,28-316,FLA,,BUF,W,1,0,1,1,5,1,0,0,0,0,0,0,2,50.0,18,13:48,2,0,1,2,33.3
306,2018-03-04,57,28-318,FLA,,PHI,W,0,0,0,0,0,0,0,0,0,0,0,0,2,0.0,17,14:25,1,0,0,0,
307,2018-03-06,58,28-320,FLA,@,TBL,L-OT,0,0,0,0,0,0,0,0,0,0,0,0,3,0.0,19,13:56,0,2,1,1,50.0
308,2018-03-08,59,28-322,FLA,,MTL,W,0,0,0,1,0,0,0,0,0,0,0,0,1,0.0,23,16:01,0,1,1,0,100.0
309,2018-03-10,60,28-324,FLA,,NYR,W,0,0,0,-1,0,0,0,0,0,0,0,0,0,,13,8:00,1,0,2,0,100.0
310,2018-03-12,61,28-326,FLA,,OTT,L,0,0,0,0,0,0,0,0,0,0,0,0,2,0.0,16,11:08,4,1,1,2,33.3
311,2018-03-15,62,28-329,FLA,,BOS,W,0,0,0,0,2,0,0,0,0,0,0,0,2,0.0,20,12:27,0,1,0,2,0.0
312,2018-03-17,63,28-331,FLA,,EDM,L,0,0,0,-1,0,0,0,0,0,0,0,0,2,0.0,14,9:32,1,2,0,1,0.0
313,2018-03-19,64,28-333,FLA,@,MTL,W,0,0,0,1,0,0,0,0,0,0,0,0,1,0.0,19,12:57,1,2,1,0,100.0
314,2018-03-20,65,28-334,FLA,@,OTT,W,1,0,1,1,0,1,0,0,0,0,0,0,1,100.0,22,16:09,1,3,3,3,50.0
315,2018-03-22,66,28-336,FLA,@,CBJ,L,0,0,0,-1,0,0,0,0,0,0,0,0,2,0.0,18,12:44,1,0,1,2,33.3
316,2018-03-24,67,28-338,FLA,,ARI,W,0,1,1,1,0,0,0,0,0,1,0,0,2,0.0,16,9:30,0,0,1,3,25.0
317,2018-03-26,68,28-340,FLA,@,NYI,W,0,0,0,0,0,0,0,0,0,0,0,0,4,0.0,22,14:45,0,1,1,2,33.3
318,2018-03-28,69,28-342,FLA,@,TOR,L,0,0,0,-1,0,0,0,0,0,0,0,0,1,0.0,16,10:20,1,1,1,0,100.0
319,2018-03-29,70,28-343,FLA,@,OTT,L-OT,0,0,0,1,0,0,0,0,0,0,0,0,2,0.0,20,14:57,0,1,0,1,0.0
320,2018-03-31,71,28-345,FLA,@,BOS,L,0,0,0,-1,0,0,0,0,0,0,0,0,1,0.0,20,14:10,0,2,2,0,100.0
321,2018-04-02,72,28-347,FLA,,CAR,W,0,1,1,1,0,0,0,0,0,1,0,0,3,0.0,20,12:47,4,2,1,2,33.3
322,2018-04-03,73,28-348,FLA,,NSH,W,1,0,1,1,0,1,0,0,1,0,0,0,3,33.3,27,17:39,1,0,0,0,
323,2018-04-05,74,28-350,FLA,,BOS,W,0,1,1,2,2,0,0,0,0,1,0,0,4,0.0,28,19:27,0,0,1,0,100.0
324,2018-04-07,75,28-352,FLA,,BUF,W,1,1,2,1,0,1,0,0,0,1,0,0,2,50.0,24,17:38,0,0,1,0,100.0
325,2018-04-08,76,28-353,FLA,@,BOS,W,0,0,0,0,0,0,0,0,0,0,0,0,4,0.0,30,18:20,1,2,1,3,25.0
326,2018-10-06,1,29-169,FLA,@,TBL,L-SO,0,0,0,0,0,0,0,0,0,0,0,0,0,,17,11:55,1,0,0,0,
327,2018-10-11,2,29-174,FLA,,CBJ,L,0,0,0,0,0,0,0,0,0,0,0,0,4,0.0,16,10:30,1,1,0,0,
328,2018-10-13,3,29-176,FLA,,VAN,L,0,0,0,0,0,0,0,0,0,0,0,0,0,,19,11:49,1,0,0,0,
329,2018-10-19,4,29-182,FLA,@,WSH,W,1,0,1,0,0,1,0,0,0,0,0,0,3,33.3,27,17:04,3,2,1,1,50.0
330,2018-10-20,5,29-183,FLA,,DET,L-OT,0,0,0,0,0,0,0,0,0,0,0,0,2,0.0,20,13:19,1,0,0,0,
331,2018-10-23,6,29-186,FLA,@,NYR,L,0,0,0,0,0,0,0,0,0,0,0,0,5,0.0,20,12:07,1,1,0,0,
332,2018-10-24,7,29-187,FLA,@,NYI,W,0,0,0,0,0,0,0,0,0,0,0,0,1,0.0,21,15:54,3,0,0,2,0.0
333,2018-10-27,8,29-190,FLA,@,NJD,L,0,0,0,-1,0,0,0,0,0,0,0,0,1,0.0,18,10:41,2,0,0,0,
334,2018-11-01,9,29-195,FLA,,WPG,L,0,0,0,0,0,0,0,0,0,0,0,0,1,0.0,14,8:19,0,0,0,1,0.0
335,2018-11-02,10,29-196,FLA,@,WPG,W,0,0,0,0,0,0,0,0,0,0,0,0,0,,23,16:09,0,2,0,0,
336,2018-11-08,11,29-202,FLA,,EDM,W,1,0,1,1,0,1,0,0,0,0,0,0,2,50.0,19,12:14,0,1,0,0,
337,2018-11-10,12,29-204,FLA,,NYI,W,0,0,0,0,0,0,0,0,0,0,0,0,3,0.0,18,12:08,0,0,0,1,0.0
338,2018-11-11,13,29-205,FLA,,OTT,W,0,1,1,1,0,0,0,0,0,1,0,0,2,0.0,20,11:33,1,2,1,1,50.0
339,2018-11-13,14,29-207,FLA,@,PHI,W,0,0,0,0,0,0,0,0,0,0,0,0,0,,19,12:26,1,3,0,1,0.0
340,2018-11-15,15,29-209,FLA,@,CBJ,L,0,0,0,0,0,0,0,0,0,0,0,0,9,0.0,18,14:21,1,0,0,0,
341,2018-11-17,16,29-211,FLA,@,NYR,L,0,0,0,-1,0,0,0,0,0,0,0,0,0,,12,9:44,1,1,0,0,
342,2018-11-21,17,29-215,FLA,@,TBL,L,0,1,1,1,0,0,0,0,0,1,0,0,1,0.0,21,15:26,1,0,6,6,50.0
343,2018-11-23,18,29-217,FLA,@,CAR,L,0,0,0,0,0,0,0,0,0,0,0,0,1,0.0,18,14:34,2,0,0,1,0.0
344,2018-11-24,19,29-218,FLA,,CHI,L-OT,0,1,1,1,0,0,0,0,0,1,0,0,2,0.0,18,17:00,1,2,0,1,0.0
345,2018-11-26,20,29-220,FLA,,NJD,W,0,0,0,1,0,0,0,0,0,0,0,0,5,0.0,17,12:21,1,5,0,1,0.0
346,2018-11-28,21,29-222,FLA,,ANA,L,0,0,0,-1,0,0,0,0,0,0,0,0,4,0.0,16,10:25,3,0,0,0,
347,2018-11-30,22,29-224,FLA,,BUF,W,0,0,0,0,0,0,0,0,0,0,0,0,2,0.0,18,13:10,3,2,0,1,0.0
348,2018-12-01,23,29-225,FLA,,TBL,L-OT,0,0,0,0,0,0,0,0,0,0,0,0,2,0.0,19,11:11,1,2,0,0,
349,2018-12-04,24,29-228,FLA,,BOS,W,0,1,1,1,0,0,0,0,0,1,0,0,3,0.0,20,13:36,0,1,4,6,40.0
350,2018-12-06,25,29-230,FLA,,COL,L,1,0,1,1,0,1,0,0,0,0,0,0,4,25.0,16,10:03,5,0,1,1,50.0
351,2018-12-08,26,29-232,FLA,,NYR,L-SO,0,0,0,-1,0,0,0,0,0,0,0,0,0,,15,9:31,1,0,0,0,
352,2018-12-11,27,29-235,FLA,@,STL,L,0,0,0,-1,0,0,0,0,0,0,0,0,0,,21,13:13,0,3,0,1,0.0
353,2018-12-13,28,29-237,FLA,@,MIN,L,0,0,0,-1,0,0,0,0,0,0,0,0,1,0.0,16,10:59,1,0,1,0,100.0
354,2018-12-20,29,29-244,FLA,@,TOR,L,0,0,0,-1,0,0,0,0,0,0,0,0,3,0.0,21,14:02,2,2,0,0,
355,2018-12-22,30,29-246,FLA,@,DET,W,0,0,0,0,0,0,0,0,0,0,0,0,3,0.0,18,11:55,4,0,2,5,28.6
356,2018-12-23,31,29-247,FLA,@,CHI,W,0,0,0,2,0,0,0,0,0,0,0,0,1,0.0,15,10:07,0,1,0,2,0.0
357,2018-12-28,32,29-252,FLA,,MTL,L,0,0,0,-2,0,0,0,0,0,0,0,0,2,0.0,15,10:46,0,0,4,1,80.0
358,2018-12-29,33,29-253,FLA,,PHI,W,0,0,0,0,0,0,0,0,0,0,0,0,5,0.0,22,14:54,1,1,3,5,37.5
359,2018-12-31,34,29-255,FLA,@,DET,W,0,1,1,1,0,0,0,0,0,1,0,0,1,0.0,16,8:25,2,0,1,3,25.0
360,2019-01-03,35,29-258,FLA,@,BUF,L,0,1,1,1,0,0,0,0,0,1,0,0,2,0.0,22,13:04,2,0,1,5,16.7
361,2019-01-05,36,29-260,FLA,,CBJ,L-OT,0,0,0,0,0,0,0,0,0,0,0,0,0,,19,12:13,2,0,0,0,
362,2019-01-08,37,29-263,FLA,@,PIT,L,0,0,0,0,5,0,0,0,0,0,0,0,2,0.0,19,14:23,2,1,2,2,50.0
363,2019-01-10,38,29-265,FLA,@,EDM,L-SO,0,0,0,-1,0,0,0,0,0,0,0,0,3,0.0,17,11:38,0,1,0,0,
364,2019-01-11,39,29-266,FLA,@,CGY,L,0,0,0,-1,0,0,0,0,0,0,0,0,0,,15,10:05,0,0,4,2,66.7
365,2019-01-13,40,29-268,FLA,@,VAN,L,0,0,0,-1,10,0,0,0,0,0,0,0,1,0.0,20,12:59,2,1,1,5,16.7
366,2019-01-15,41,29-270,FLA,@,MTL,L,0,0,0,0,0,0,0,0,0,0,0,0,1,0.0,15,10:12,2,0,0,0,
367,2019-01-18,42,29-273,FLA,,TOR,W,0,0,0,0,0,0,0,0,0,0,0,0,1,0.0,16,10:55,3,0,0,2,0.0
368,2019-01-19,43,29-274,FLA,@,NSH,W,0,2,2,2,0,0,0,0,0,2,0,0,3,0.0,23,14:08,1,1,1,0,100.0
369,2019-01-21,44,29-276,FLA,,SJS,W,0,1,1,-1,0,0,0,0,0,0,1,0,4,0.0,21,15:31,3,1,0,0,
370,2019-02-01,45,29-287,FLA,,NSH,L,0,0,0,-2,0,0,0,0,0,0,0,0,2,0.0,20,12:12,4,2,2,3,40.0
371,2019-02-02,46,29-288,FLA,,VEG,W,0,0,0,0,0,0,0,0,0,0,0,0,1,0.0,15,13:35,1,2,0,0,
372,2019-02-05,47,29-291,FLA,,STL,L,0,0,0,-1,0,0,0,0,0,0,0,0,1,0.0,14,9:58,1,0,0,0,
373,2019-02-07,48,29-293,FLA,,PIT,W,1,0,1,1,0,1,0,0,0,0,0,0,4,25.0,20,10:29,0,1,1,0,100.0
374,2019-02-09,49,29-295,FLA,@,WSH,W,1,0,1,1,0,1,0,0,0,0,0,0,3,33.3,15,10:47,0,1,0,2,0.0
375,2019-03-16,50,29-330,FLA,@,LAK,W,0,0,0,0,0,0,0,0,0,0,0,0,2,0.0,15,10:38,1,2,1,1,50.0
376,2019-03-17,51,29-331,FLA,@,ANA,L,0,0,0,0,0,0,0,0,0,0,0,0,1,0.0,11,9:47,1,1,0,1,0.0
377,2019-03-19,52,29-333,FLA,@,DAL,L,0,0,0,0,0,0,0,0,0,0,0,0,1,0.0,14,9:46,0,0,0,1,0.0
378,2019-03-21,53,29-335,FLA,,ARI,W,0,0,0,0,0,0,0,0,0,0,0,0,0,,16,10:43,2,2,0,0,
379,2019-03-23,54,29-337,FLA,,BOS,L,0,0,0,-1,0,0,0,0,0,0,0,0,1,0.0,14,11:14,5,0,0,0,
380,2019-03-26,55,29-340,FLA,@,MTL,L,0,0,0,-1,0,0,0,0,0,0,0,0,3,0.0,18,13:51,3,2,2,3,40.0
381,2019-03-30,56,29-344,FLA,@,BOS,W,0,0,0,1,0,0,0,0,0,0,0,0,0,,21,15:24,3,1,0,0,
382,2019-04-01,57,29-346,FLA,,WSH,W,0,1,1,0,0,0,0,0,0,1,0,0,1,0.0,18,13:59,2,3,0,1,0.0
383,2019-04-04,58,29-349,FLA,,NYI,L-SO,0,0,0,0,0,0,0,0,0,0,0,0,2,0.0,17,12:57,2,3,0,0,
384,2019-04-06,59,29-351,FLA,,NJD,L-OT,0,0,0,0,0,0,0,0,0,0,0,0,4,0.0,17,13:06,2,1,0,2,0.0
385,2019-10-03,1,30-166,FLA,@,TBL,L,0,0,0,-1,0,0,0,0,0,0,0,0,2,0.0,15,12:10,0,2,1,0,100.0
386,2019-10-05,2,30-168,FLA,,TBL,W,0,1,1,1,0,0,0,0,0,1,0,0,1,0.0,17,13:59,3,1,0,1,0.0
387,2019-10-08,3,30-171,FLA,,CAR,L,0,0,0,-2,0,0,0,0,0,0,0,0,4,0.0,16,10:35,0,0,0,0,
388,2019-10-11,4,30-174,FLA,@,BUF,L-SO,0,0,0,0,0,0,0,0,0,0,0,0,1,0.0,16,12:32,1,1,0,1,0.0
389,2019-10-12,5,30-175,FLA,@,NYI,L-SO,0,0,0,0,0,0,0,0,0,0,0,0,0,,11,8:59,2,0,0,0,
390,2019-10-14,6,30-177,FLA,@,NJD,W,0,0,0,1,0,0,0,0,0,0,0,0,1,0.0,19,13:23,2,0,1,0,100.0
391,2019-10-18,7,30-181,FLA,,COL,L-OT,0,0,0,-1,2,0,0,0,0,0,0,0,2,0.0,18,14:21,1,1,0,0,
392,2019-10-19,8,30-182,FLA,@,NSH,W,0,1,1,1,0,0,0,0,0,1,0,0,1,0.0,23,14:05,1,0,0,2,0.0
393,2019-10-22,9,30-185,FLA,,PIT,W,0,1,1,0,0,0,0,0,0,1,0,0,0,,22,16:57,2,2,0,0,
394,2019-10-24,10,30-187,FLA,@,CGY,L-SO,0,0,0,-1,0,0,0,0,0,0,0,0,1,0.0,21,14:22,0,1,0,1,0.0
395,2019-10-27,11,30-190,FLA,@,EDM,W,0,0,0,1,0,0,0,0,0,0,0,0,2,0.0,23,16:29,0,0,0,0,
396,2019-10-28,12,30-191,FLA,@,VAN,L,0,0,0,0,0,0,0,0,0,0,0,0,1,0.0,22,16:44,0,0,0,1,0.0
397,2019-10-30,13,30-193,FLA,@,COL,W,1,0,1,-1,0,1,0,0,0,0,0,0,2,50.0,22,14:19,0,0,1,0,100.0
398,2019-11-02,14,30-196,FLA,,DET,W,0,0,0,0,0,0,0,0,0,0,0,0,3,0.0,23,19:32,3,2,0,0,
399,2019-11-07,15,30-201,FLA,,WSH,L-OT,0,0,0,0,0,0,0,0,0,0,0,0,2,0.0,19,15:15,0,1,0,0,
400,2019-11-09,16,30-203,FLA,@,NYI,L,0,0,0,-1,0,0,0,0,0,0,0,0,1,0.0,13,10:04,0,1,1,1,50.0
401,2019-11-10,17,30-204,FLA,@,NYR,W,0,0,0,1,0,0,0,0,0,0,0,0,0,,19,11:59,1,1,1,2,33.3
402,2019-11-12,18,30-206,FLA,@,BOS,W,0,0,0,0,0,0,0,0,0,0,0,0,1,0.0,13,9:36,0,0,0,0,
403,2019-11-14,19,30-208,FLA,,WPG,L,0,0,0,0,0,0,0,0,0,0,0,0,0,,12,9:15,1,1,0,0,
404,2019-11-16,20,30-210,FLA,,NYR,W,0,0,0,-2,0,0,0,0,0,0,0,0,2,0.0,18,12:36,1,0,0,0,
405,2019-11-19,21,30-213,FLA,,PHI,W,1,0,1,0,0,1,0,0,0,0,0,0,4,25.0,19,15:01,1,1,0,1,0.0
406,2019-11-21,22,30-215,FLA,,ANA,W,0,0,0,-2,0,0,0,0,0,0,0,0,1,0.0,11,6:03,0,1,0,0,
407,2019-11-23,23,30-217,FLA,@,CAR,L,0,1,1,2,0,0,0,0,0,1,0,0,1,0.0,18,12:41,3,0,0,0,
408,2019-11-24,24,30-218,FLA,,BUF,L,0,0,0,-1,0,0,0,0,0,0,0,0,3,0.0,19,12:50,0,1,0,0,
409,2019-11-27,25,30-221,FLA,@,WSH,L,0,0,0,0,0,0,0,0,0,0,0,0,1,0.0,14,11:32,1,2,0,0,
410,2019-11-30,26,30-224,FLA,,NSH,W,0,1,1,1,0,0,0,0,0,1,0,0,3,0.0,22,14:45,2,1,0,0,
411,2019-12-03,27,30-227,FLA,,MIN,L,0,0,0,0,0,0,0,0,0,0,0,0,6,0.0,18,13:03,0,1,0,0,
412,2019-12-07,28,30-231,FLA,,CBJ,W,0,1,1,0,0,0,0,0,0,1,0,0,1,0.0,20,15:02,0,2,1,0,100.0
413,2019-12-08,29,30-232,FLA,,SJS,W,0,0,0,0,0,0,0,0,0,0,0,0,3,0.0,18,15:29,3,0,0,0,
414,2019-12-10,30,30-234,FLA,,TBL,L,0,0,0,0,0,0,0,0,0,0,0,0,1,0.0,13,8:55,2,1,0,0,
415,2019-12-12,31,30-236,FLA,,NYI,L,0,0,0,0,0,0,0,0,0,0,0,0,1,0.0,17,9:34,1,0,0,0,
416,2019-12-14,32,30-238,FLA,,BOS,L,0,0,0,0,0,0,0,0,0,0,0,0,1,0.0,15,10:29,0,0,0,0,
417,2019-12-16,33,30-240,FLA,,OTT,W,0,0,0,1,0,0,0,0,0,0,0,0,0,,16,10:37,2,1,1,1,50.0
418,2019-12-20,34,30-244,FLA,,DAL,W,1,0,1,1,0,1,0,0,0,0,0,0,3,33.3,17,13:50,2,2,0,0,
419,2019-12-21,35,30-245,FLA,@,CAR,W,0,0,0,-1,0,0,0,0,0,0,0,0,4,0.0,21,14:17,1,2,1,2,33.3
420,2019-12-23,36,30-247,FLA,@,TBL,L,0,0,0,0,2,0,0,0,0,0,0,0,1,0.0,17,13:54,1,3,0,1,0.0
421,2019-12-28,37,30-252,FLA,,DET,W,0,0,0,1,0,0,0,0,0,0,0,0,1,0.0,17,11:32,1,3,1,2,33.3
422,2019-12-29,38,30-253,FLA,,MTL,W,0,0,0,-1,0,0,0,0,0,0,0,0,1,0.0,20,12:42,2,2,4,4,50.0
423,2019-12-31,39,30-255,FLA,@,CBJ,L,1,0,1,0,0,1,0,0,0,0,0,0,2,50.0,14,10:56,2,0,3,0,100.0
424,2020-01-02,40,30-257,FLA,@,OTT,W,1,0,1,1,0,1,0,0,0,0,0,0,2,50.0,22,14:52,1,0,0,2,0.0
425,2020-01-04,41,30-259,FLA,@,BUF,L,0,1,1,1,0,0,0,0,0,1,0,0,0,,14,11:12,0,0,0,0,
426,2020-01-05,42,30-260,FLA,@,PIT,W,0,0,0,0,0,0,0,0,0,0,0,0,2,0.0,18,13:36,3,0,0,2,0.0
427,2020-01-07,43,30-262,FLA,,ARI,L,0,0,0,0,0,0,0,0,0,0,0,0,1,0.0,14,10:29,0,0,2,4,33.3
428,2020-01-09,44,30-264,FLA,,VAN,W,0,1,1,1,0,0,0,0,0,1,0,0,2,0.0,20,14:07,0,4,0,0,
429,2020-01-12,45,30-267,FLA,,TOR,W,0,1,1,1,0,0,0,0,0,1,0,0,0,,20,14:55,1,3,2,1,66.7
430,2020-01-16,46,30-271,FLA,,LAK,W,0,0,0,0,0,0,0,0,0,0,0,0,1,0.0,21,15:21,1,0,0,1,0.0
431,2020-01-18,47,30-273,FLA,@,DET,W,0,0,0,0,2,0,0,0,0,0,0,0,3,0.0,23,15:11,3,1,1,2,33.3
432,2020-01-20,48,30-275,FLA,@,MIN,W,0,0,0,0,0,0,0,0,0,0,0,0,0,,23,15:10,1,1,0,0,
433,2020-01-21,49,30-276,FLA,@,CHI,W,0,0,0,0,0,0,0,0,0,0,0,0,1,0.0,23,16:00,4,2,1,1,50.0
434,2020-02-01,50,30-287,FLA,@,MTL,L,0,0,0,0,0,0,0,0,0,0,0,0,2,0.0,17,11:58,0,1,0,1,0.0
435,2020-02-03,51,30-289,FLA,@,TOR,W,0,0,0,0,0,0,0,0,0,0,0,0,1,0.0,21,16:46,4,1,1,2,33.3
436,2020-02-04,52,30-290,FLA,@,CBJ,L-OT,0,0,0,0,0,0,0,0,0,0,0,0,2,0.0,23,14:54,0,1,7,6,53.8
437,2020-02-06,53,30-292,FLA,,VEG,L,0,0,0,0,0,0,0,0,0,0,0,0,2,0.0,22,16:36,3,2,8,4,66.7
438,2020-02-08,54,30-294,FLA,,PIT,L,0,0,0,0,0,0,0,0,0,0,0,0,1,0.0,14,11:32,0,2,2,3,40.0
439,2020-02-10,55,30-296,FLA,@,PHI,L,0,0,0,0,0,0,0,0,0,0,0,0,3,0.0,20,13:34,1,2,3,8,27.3
440,2020-02-11,56,30-297,FLA,@,NJD,W,0,1,1,1,0,0,0,0,0,1,0,0,4,0.0,21,15:20,2,1,1,2,33.3
441,2020-02-13,57,30-299,FLA,,PHI,L,0,0,0,-1,0,0,0,0,0,0,0,0,0,,17,11:27,1,0,2,2,50.0
442,2020-02-15,58,30-301,FLA,,EDM,L,0,0,0,-1,0,0,0,0,0,0,0,0,1,0.0,17,11:58,3,0,1,0,100.0
443,2020-02-17,59,30-303,FLA,@,SJS,W,1,0,1,0,0,1,0,0,0,0,0,0,3,33.3,22,13:49,2,2,2,6,25.0
444,2020-02-19,60,30-305,FLA,@,ANA,W,0,0,0,1,0,0,0,0,0,0,0,0,2,0.0,17,14:22,1,3,3,2,60.0
445,2020-02-20,61,30-306,FLA,@,LAK,L,0,0,0,0,0,0,0,0,0,0,0,0,3,0.0,19,12:55,2,1,3,2,60.0
446,2020-02-22,62,30-308,FLA,@,VEG,L,0,0,0,-1,0,0,0,0,0,0,0,0,2,0.0,21,14:07,4,3,6,5,54.5
447,2020-02-25,63,30-311,FLA,@,ARI,W,0,0,0,0,0,0,0,0,0,0,0,0,1,0.0,20,15:38,2,1,0,0,
448,2020-02-27,64,30-313,FLA,,TOR,L,0,0,0,2,0,0,0,0,0,0,0,0,0,,20,15:16,1,0,0,1,0.0
449,2020-02-29,65,30-315,FLA,,CHI,L-SO,0,0,0,0,0,0,0,0,0,0,0,0,3,0.0,16,12:10,1,0,3,1,75.0
450,2020-03-01,66,30-316,FLA,,CGY,L,0,0,0,-1,0,0,0,0,0,0,0,0,0,,12,8:41,1,1,0,2,0.0
451,2020-03-05,67,30-320,FLA,,BOS,L-OT,0,0,0,0,0,0,0,0,0,0,0,0,3,0.0,20,13:22,5,1,1,0,100.0
452,2020-03-07,68,30-322,FLA,,MTL,W,0,0,0,1,0,0,0,0,0,0,0,0,2,0.0,22,14:33,1,1,0,0,
453,2020-03-09,69,30-324,FLA,@,STL,W,0,0,0,0,0,0,0,0,0,0,0,0,2,0.0,20,13:43,1,1,0,2,0.0
