,date_game,game_season,age,team_id,game_location,opp_id,game_result,goals,assists,points,plus_minus,pen_min,goals_ev,goals_pp,goals_sh,goals_gw,assists_ev,assists_pp,assists_sh,shots,shot_pct,shifts,time_on_ice,hits_all,blocks_all,faceoff_wins_all,faceoff_losses_all,faceoff_percentage_all
0,2013-10-12,1,22-088,WSH,,COL,L,0,0,0,-1,0,0,0,0,0,,,,3,0.0,15,14:51,0,0,0,0,
1,2013-10-14,2,22-090,WSH,,EDM,W,0,0,0,0,0,0,0,0,0,,,,2,0.0,21,19:13,0,0,0,0,
2,2013-10-16,3,22-092,WSH,,NYR,L,0,0,0,-1,0,0,0,0,0,,,,2,0.0,21,20:01,1,0,0,0,
3,2013-10-19,4,22-095,WSH,,CBJ,W,0,0,0,2,2,0,0,0,0,,,,3,0.0,22,21:00,0,1,0,0,
4,2013-10-22,5,22-098,WSH,@,WPG,W,0,0,0,-1,0,0,0,0,0,,,,1,0.0,19,15:55,0,1,0,0,
5,2013-10-24,6,22-100,WSH,@,EDM,W,0,0,0,0,0,0,0,0,0,,,,0,,21,19:50,1,1,0,0,
6,2013-10-26,7,22-102,WSH,@,CGY,L,0,1,1,-2,0,0,0,0,0,,,,2,0.0,16,17:00,0,0,0,0,
7,2013-10-28,8,22-104,WSH,@,VAN,L,0,1,1,0,0,0,0,0,0,,,,1,0.0,17,16:43,1,1,0,0,
8,2013-11-01,9,22-108,WSH,@,PHI,W,0,1,1,3,2,0,0,0,0,,,,1,0.0,32,21:48,0,1,0,0,
9,2013-11-02,10,22-109,WSH,,FLA,W,0,0,0,1,0,0,0,0,0,,,,1,0.0,21,20:37,0,2,0,0,
10,2013-11-05,11,22-112,WSH,,NYI,W,0,0,0,0,0,0,0,0,0,,,,2,0.0,19,18:29,2,1,0,0,
11,2013-11-07,12,22-114,WSH,,MIN,W,0,0,0,0,0,0,0,0,0,,,,0,,20,23:53,2,0,0,0,
12,2013-11-09,13,22-116,WSH,@,PHX,L-SO,0,0,0,0,2,0,0,0,0,,,,1,0.0,20,18:29,0,0,0,0,
13,2013-11-10,14,22-117,WSH,@,COL,L,0,0,0,-1,0,0,0,0,0,,,,3,0.0,21,18:34,0,3,0,0,
14,2013-11-12,15,22-119,WSH,,CBJ,W,0,0,0,-1,0,0,0,0,0,,,,2,0.0,22,17:38,0,2,0,0,
15,2013-11-15,16,22-122,WSH,@,DET,W,0,0,0,0,0,0,0,0,0,,,,0,,28,22:05,1,0,0,0,
16,2013-11-17,17,22-124,WSH,,STL,W,0,0,0,0,0,0,0,0,0,,,,0,,23,18:56,1,3,0,0,
17,2013-11-20,18,22-127,WSH,,PIT,L,0,0,0,-1,0,0,0,0,0,,,,2,0.0,22,20:07,1,3,0,0,
18,2013-11-22,19,22-129,WSH,,MTL,L,0,0,0,0,0,0,0,0,0,,,,1,0.0,23,17:49,0,2,0,0,
19,2013-11-23,20,22-130,WSH,@,TOR,L-SO,0,0,0,1,0,0,0,0,0,,,,2,0.0,21,19:50,3,1,0,0,
20,2013-11-27,21,22-134,WSH,,OTT,L,0,0,0,0,0,0,0,0,0,,,,1,0.0,23,20:40,0,0,0,0,
21,2013-11-29,22,22-136,WSH,,MTL,W,0,0,0,1,0,0,0,0,0,,,,4,0.0,26,23:00,1,3,0,0,
22,2013-11-30,23,22-137,WSH,@,NYI,W,0,1,1,0,0,0,0,0,0,,,,1,0.0,27,23:18,0,2,0,0,
23,2013-12-03,24,22-140,WSH,,CAR,L,0,0,0,-2,0,0,0,0,0,,,,1,0.0,21,17:07,0,0,0,0,
24,2013-12-07,25,22-144,WSH,,NSH,W,1,0,1,3,0,1,0,0,0,,,,1,100.0,23,18:29,1,3,0,0,
25,2013-12-08,26,22-145,WSH,@,NYR,W,1,0,1,3,0,1,0,0,0,,,,4,25.0,17,15:13,1,2,0,0,
26,2013-12-10,27,22-147,WSH,,TBL,W,0,0,0,0,0,0,0,0,0,,,,0,,17,14:21,0,,,,
27,2013-12-13,28,22-150,WSH,@,FLA,L-SO,0,0,0,0,0,0,0,0,0,,,,0,,14,16:08,0,2,0,0,
28,2014-01-21,29,22-189,WSH,,OTT,L,0,0,0,0,0,0,0,0,0,,,,0,,15,11:04,2,1,0,0,
29,2014-10-09,1,23-085,WSH,,MTL,L-SO,0,0,0,1,0,0,0,0,0,0,0,0,2,0.0,17,13:14,0,1,0,0,
30,2014-10-11,2,23-087,WSH,@,BOS,W,0,0,0,0,2,0,0,0,0,0,0,0,0,,19,13:55,2,1,0,0,
31,2014-10-14,3,23-090,WSH,,SJS,L-SO,0,0,0,1,0,0,0,0,0,0,0,0,0,,20,15:29,0,0,0,0,
32,2014-10-16,4,23-092,WSH,,NJD,W,0,0,0,1,0,0,0,0,0,0,0,0,1,0.0,16,15:55,0,2,0,0,
33,2014-10-18,5,23-094,WSH,,FLA,W,0,0,0,0,2,0,0,0,0,0,0,0,0,,16,11:21,0,1,0,0,
34,2014-10-22,6,23-098,WSH,@,EDM,L,0,0,0,1,0,0,0,0,0,0,0,0,2,0.0,20,15:06,0,0,0,0,
35,2014-10-25,7,23-101,WSH,@,CGY,W,0,0,0,0,0,0,0,0,0,0,0,0,1,0.0,19,15:15,0,1,0,0,
36,2014-10-26,8,23-102,WSH,@,VAN,L,0,0,0,2,0,0,0,0,0,0,0,0,0,,21,15:19,0,0,0,0,
37,2014-10-29,9,23-105,WSH,,DET,L,0,0,0,-1,0,0,0,0,0,0,0,0,1,0.0,13,12:13,1,0,0,0,
38,2014-11-01,10,23-108,WSH,@,TBL,L,0,0,0,2,0,0,0,0,0,0,0,0,1,0.0,19,16:24,0,1,0,0,
39,2014-11-02,11,23-109,WSH,,ARI,L,0,0,0,-1,0,0,0,0,0,0,0,0,1,0.0,21,14:13,1,0,0,0,
40,2014-11-04,12,23-111,WSH,,CGY,L-OT,0,0,0,0,0,0,0,0,0,0,0,0,1,0.0,19,13:29,0,2,0,0,
41,2014-11-07,13,23-114,WSH,@,CHI,W,0,0,0,1,0,0,0,0,0,0,0,0,1,0.0,17,16:48,3,2,0,0,
42,2014-11-08,14,23-115,WSH,,CAR,W,0,0,0,0,0,0,0,0,0,0,0,0,1,0.0,18,18:10,0,2,0,0,
43,2014-11-11,15,23-118,WSH,,CBJ,W,0,1,1,1,0,0,0,0,0,1,0,0,1,0.0,14,11:17,1,1,0,0,
44,2014-11-14,16,23-121,WSH,,NJD,L,0,0,0,0,0,0,0,0,0,0,0,0,2,0.0,17,13:07,0,0,0,0,
45,2014-11-15,17,23-122,WSH,@,STL,L,0,1,1,0,0,0,0,0,0,1,0,0,2,0.0,19,14:03,0,1,0,0,
46,2014-11-18,18,23-125,WSH,@,ARI,W,0,0,0,0,0,0,0,0,0,0,0,0,1,0.0,21,15:23,2,2,0,0,
47,2014-11-20,19,23-127,WSH,@,COL,W,0,0,0,-2,0,0,0,0,0,0,0,0,0,,19,14:35,1,0,0,0,
48,2014-11-22,20,23-129,WSH,,BUF,L,0,0,0,0,0,0,0,0,0,0,0,0,2,0.0,20,17:39,1,3,0,0,
49,2014-11-26,21,23-133,WSH,@,NYI,L-OT,0,0,0,0,0,0,0,0,0,0,0,0,3,0.0,22,14:47,0,2,0,0,
50,2014-11-28,22,23-135,WSH,,NYI,W,0,0,0,0,0,0,0,0,0,0,0,0,1,0.0,21,15:44,1,3,0,0,
51,2014-11-29,23,23-136,WSH,@,TOR,L,0,0,0,-1,0,0,0,0,0,0,0,0,2,0.0,19,17:10,5,2,0,0,
52,2014-12-02,24,23-139,WSH,,VAN,L,0,0,0,0,2,0,0,0,0,0,0,0,1,0.0,24,15:43,1,0,0,0,
53,2014-12-04,25,23-141,WSH,@,CAR,W,0,0,0,-1,0,0,0,0,0,0,0,0,0,,15,11:43,1,1,0,0,
54,2014-12-06,26,23-143,WSH,@,NJD,W,0,0,0,0,0,0,0,0,0,0,0,0,2,0.0,21,11:15,0,0,0,0,
55,2014-12-09,27,23-146,WSH,@,TBL,W,0,0,0,0,2,0,0,0,0,0,0,0,2,0.0,18,11:34,0,1,0,0,
56,2014-12-11,28,23-148,WSH,,CBJ,L-OT,0,0,0,0,2,0,0,0,0,0,0,0,0,,12,10:02,2,0,0,0,
57,2014-12-13,29,23-150,WSH,,TBL,W,0,1,1,1,0,0,0,0,0,1,0,0,0,,14,10:51,1,0,0,0,
58,2014-12-16,30,23-153,WSH,@,FLA,L-SO,0,0,0,-1,0,0,0,0,0,0,0,0,0,,22,16:16,0,0,0,0,
59,2014-12-18,31,23-155,WSH,@,CBJ,W,0,0,0,-1,0,0,0,0,0,0,0,0,2,0.0,16,11:37,0,0,0,0,
60,2014-12-23,32,23-160,WSH,@,NYR,L,0,0,0,0,0,0,0,0,0,0,0,0,0,,14,9:45,0,0,0,0,
61,2015-01-08,33,23-176,WSH,@,PHI,L-OT,0,0,0,-1,0,0,0,0,0,0,0,0,3,0.0,19,12:27,4,1,0,0,
62,2015-03-11,34,23-238,WSH,,NYR,L,0,0,0,-2,0,0,0,0,0,0,0,0,1,0.0,20,14:54,3,0,0,0,
63,2015-03-13,35,23-240,WSH,,DAL,L,0,0,0,-1,0,0,0,0,0,0,0,0,0,,18,12:47,1,2,0,0,
64,2015-03-15,36,23-242,WSH,,BOS,W,1,0,1,1,0,1,0,0,0,0,0,0,2,50.0,18,12:58,1,0,0,0,
65,2015-03-16,37,23-243,WSH,@,BUF,W,0,0,0,-1,0,0,0,0,0,0,0,0,0,,18,14:52,1,0,0,0,
66,2015-03-19,38,23-246,WSH,@,MIN,W,0,0,0,0,0,0,0,0,0,0,0,0,1,0.0,17,11:19,0,1,0,0,
67,2015-03-21,39,23-248,WSH,@,WPG,L,0,0,0,-1,0,0,0,0,0,0,0,0,0,,18,12:55,1,0,0,0,
68,2015-10-10,1,24-086,WSH,,NJD,W,0,0,0,1,0,0,0,0,0,0,0,0,0,,17,15:04,1,4,0,0,
69,2015-10-13,2,24-089,WSH,,SJS,L,0,0,0,-2,0,0,0,0,0,0,0,0,1,0.0,16,13:28,1,1,0,0,
70,2015-10-22,3,24-098,WSH,@,VAN,W,0,0,0,1,0,0,0,0,0,0,0,0,2,0.0,16,11:20,0,1,0,0,
71,2015-10-30,4,24-106,WSH,,CBJ,W,0,0,0,0,0,0,0,0,0,0,0,0,0,,15,15:42,1,0,0,0,
72,2015-10-31,5,24-107,WSH,@,FLA,W,0,0,0,0,0,0,0,0,0,0,0,0,3,0.0,19,10:39,1,0,0,0,
73,2015-11-03,6,24-110,WSH,@,NYR,L,0,1,1,1,0,0,0,0,0,1,0,0,3,0.0,23,17:38,0,0,0,0,
74,2015-11-05,7,24-112,WSH,,BOS,W,0,0,0,1,0,0,0,0,0,0,0,0,1,0.0,18,15:21,1,2,0,0,
75,2015-11-07,8,24-114,WSH,,TOR,W,0,0,0,-1,0,0,0,0,0,0,0,0,0,,18,16:16,0,1,0,0,
76,2015-11-10,9,24-117,WSH,@,DET,L,0,0,0,-1,0,0,0,0,0,0,0,0,1,0.0,17,16:24,2,1,0,0,
77,2015-11-12,10,24-119,WSH,@,PHI,W,0,0,0,0,0,0,0,0,0,0,0,0,1,0.0,23,17:23,1,2,0,0,
78,2015-11-13,11,24-120,WSH,,CGY,L-OT,0,0,0,0,0,0,0,0,0,0,0,0,0,,24,18:38,0,0,0,0,
79,2015-11-18,12,24-125,WSH,@,DET,W,0,0,0,0,2,0,0,0,0,0,0,0,1,0.0,20,17:39,0,0,0,0,
80,2015-11-19,13,24-126,WSH,,DAL,L,0,0,0,0,0,0,0,0,0,0,0,0,3,0.0,24,23:15,1,3,0,0,
81,2015-11-21,14,24-128,WSH,,COL,W,1,0,1,1,0,1,0,0,1,0,0,0,1,100.0,24,18:37,2,1,0,0,
82,2015-11-23,15,24-130,WSH,,EDM,W,0,0,0,0,0,0,0,0,0,0,0,0,0,,27,21:15,2,2,0,0,
83,2015-11-25,16,24-132,WSH,,WPG,W,0,1,1,2,0,0,0,0,0,1,0,0,2,0.0,25,20:50,1,1,0,0,
84,2015-11-27,17,24-134,WSH,,TBL,W,0,1,1,0,0,0,0,0,0,1,0,0,0,,21,19:23,1,2,0,0,
85,2015-11-28,18,24-135,WSH,@,TOR,W,0,0,0,0,0,0,0,0,0,0,0,0,2,0.0,27,20:10,2,0,0,0,
86,2015-12-03,19,24-140,WSH,@,MTL,W,0,0,0,0,0,0,0,0,0,0,0,0,2,0.0,24,19:04,3,1,0,0,
87,2015-12-05,20,24-142,WSH,@,WPG,L-OT,0,0,0,0,0,0,0,0,0,0,0,0,3,0.0,29,23:18,0,0,0,0,
88,2015-12-08,21,24-145,WSH,,DET,W,0,0,0,1,0,0,0,0,0,0,0,0,1,0.0,31,21:48,1,1,0,0,
89,2015-12-10,22,24-147,WSH,@,FLA,L,0,0,0,-2,0,0,0,0,0,0,0,0,0,,27,19:00,3,0,0,0,
90,2015-12-12,23,24-149,WSH,@,TBL,W,0,0,0,1,5,0,0,0,0,0,0,0,1,0.0,28,21:20,3,3,0,0,
91,2015-12-14,24,24-151,WSH,@,PIT,W,0,0,0,1,0,0,0,0,0,0,0,0,3,0.0,28,20:10,0,7,0,0,
92,2015-12-16,25,24-153,WSH,,OTT,W,0,0,0,1,0,0,0,0,0,0,0,0,1,0.0,25,20:10,1,1,0,0,
93,2015-12-18,26,24-155,WSH,,TBL,W,0,0,0,0,0,0,0,0,0,0,0,0,1,0.0,25,21:24,3,4,0,0,
94,2015-12-20,27,24-157,WSH,@,NYR,W,0,0,0,-1,0,0,0,0,0,0,0,0,1,0.0,24,15:19,0,3,0,0,
95,2015-12-21,28,24-158,WSH,@,CAR,W,0,0,0,0,0,0,0,0,0,0,0,0,0,,21,18:57,1,1,0,0,
96,2015-12-26,29,24-163,WSH,,MTL,W,0,2,2,2,2,0,0,0,0,2,0,0,0,,26,20:15,1,2,0,0,
97,2015-12-28,30,24-165,WSH,@,BUF,W,0,0,0,0,0,0,0,0,0,0,0,0,1,0.0,30,23:07,0,2,0,0,
98,2015-12-30,31,24-167,WSH,,BUF,W,0,0,0,2,0,0,0,0,0,0,0,0,0,,30,23:23,1,3,0,0,
99,2015-12-31,32,24-168,WSH,@,CAR,L,0,0,0,0,0,0,0,0,0,0,0,0,2,0.0,30,23:36,1,2,0,0,
100,2016-01-02,33,24-170,WSH,@,CBJ,L-SO,0,0,0,-1,0,0,0,0,0,0,0,0,1,0.0,25,21:09,1,1,0,0,
101,2016-01-05,34,24-173,WSH,@,BOS,W,0,1,1,1,0,0,0,0,0,1,0,0,3,0.0,29,18:43,1,2,0,0,
102,2016-01-07,35,24-175,WSH,@,NYI,W,1,0,1,1,0,1,0,0,0,0,0,0,2,50.0,30,20:54,1,1,0,0,
103,2016-01-09,36,24-177,WSH,@,NYR,W,0,2,2,2,0,0,0,0,0,2,0,0,2,0.0,28,21:20,0,2,0,0,
104,2016-01-10,37,24-178,WSH,,OTT,W,0,1,1,2,0,0,0,0,0,1,0,0,1,0.0,27,22:21,0,1,0,0,
105,2016-01-14,38,24-182,WSH,,VAN,W,0,0,0,0,0,0,0,0,0,0,0,0,1,0.0,22,17:50,2,1,0,0,
106,2016-01-16,39,24-184,WSH,@,BUF,L,0,0,0,-1,0,0,0,0,0,0,0,0,1,0.0,26,17:39,0,2,0,0,
107,2016-01-17,40,24-185,WSH,,NYR,W,0,0,0,1,0,0,0,0,0,0,0,0,1,0.0,29,19:16,2,2,0,0,
108,2016-01-19,41,24-187,WSH,@,CBJ,W,0,0,0,1,0,0,0,0,0,0,0,0,1,0.0,29,22:59,0,4,0,0,
109,2016-01-27,42,24-195,WSH,,PHI,L-OT,0,1,1,1,0,0,0,0,0,1,0,0,3,0.0,29,21:14,0,3,0,0,
110,2016-02-02,43,24-201,WSH,,FLA,L,0,0,0,0,0,0,0,0,0,0,0,0,3,0.0,26,19:34,1,1,0,0,
111,2016-02-04,44,24-203,WSH,,NYI,W,0,0,0,0,0,0,0,0,0,0,0,0,1,0.0,30,20:54,0,4,0,0,
112,2016-02-06,45,24-205,WSH,@,NJD,W,0,0,0,0,0,0,0,0,0,0,0,0,0,,31,23:53,1,0,0,0,
113,2016-02-07,46,24-206,WSH,,PHI,W,0,0,0,0,0,0,0,0,0,0,0,0,0,,23,18:22,1,1,0,0,
114,2016-02-09,47,24-208,WSH,@,NSH,W,0,0,0,-1,2,0,0,0,0,0,0,0,0,,30,21:42,1,2,0,0,
115,2016-02-11,48,24-210,WSH,@,MIN,W,0,0,0,-1,0,0,0,0,0,0,0,0,1,0.0,24,17:21,0,5,0,0,
116,2016-02-13,49,24-212,WSH,@,DAL,L,0,1,1,0,0,0,0,0,0,1,0,0,1,0.0,27,21:18,1,0,0,0,
117,2016-02-16,50,24-215,WSH,,LAK,W,0,0,0,1,0,0,0,0,0,0,0,0,1,0.0,19,13:27,1,3,0,0,
118,2016-02-18,51,24-217,WSH,@,NYI,W,0,0,0,-1,0,0,0,0,0,0,0,0,2,0.0,22,16:26,1,0,0,0,
119,2016-02-20,52,24-219,WSH,,NJD,W,0,0,0,0,0,0,0,0,0,0,0,0,1,0.0,20,15:02,0,1,0,0,
120,2016-02-22,53,24-221,WSH,,ARI,W,0,0,0,1,0,0,0,0,0,0,0,0,1,0.0,19,14:16,3,1,0,0,
121,2016-02-24,54,24-223,WSH,,MTL,L,0,1,1,1,0,0,0,0,0,1,0,0,1,0.0,22,16:28,1,1,0,0,
122,2016-02-26,55,24-225,WSH,,MIN,W,0,0,0,-1,0,0,0,0,0,0,0,0,1,0.0,22,16:41,1,2,0,0,
123,2016-02-28,56,24-227,WSH,@,CHI,L,0,0,0,-1,0,0,0,0,0,0,0,0,1,0.0,21,17:15,2,0,0,0,
124,2016-03-01,57,24-229,WSH,,PIT,W,0,1,1,1,0,0,0,0,0,1,0,0,2,0.0,22,16:45,2,4,0,0,
125,2016-03-05,58,24-233,WSH,@,BOS,W,0,0,0,-1,0,0,0,0,0,0,0,0,2,0.0,18,13:34,0,0,0,0,
126,2016-03-07,59,24-235,WSH,@,ANA,W,0,0,0,0,0,0,0,0,0,0,0,0,0,,18,14:29,0,1,0,0,
127,2016-03-12,60,24-240,WSH,@,SJS,L,0,0,0,1,0,0,0,0,0,0,0,0,2,0.0,20,15:57,1,1,0,0,
128,2016-03-15,61,24-243,WSH,,CAR,W,0,0,0,0,0,0,0,0,0,0,0,0,0,,18,15:27,1,0,0,0,
129,2016-03-18,62,24-246,WSH,,NSH,W,0,0,0,1,0,0,0,0,0,0,0,0,0,,21,14:29,2,4,0,0,
130,2016-03-20,63,24-248,WSH,@,PIT,L,0,0,0,-2,0,0,0,0,0,0,0,0,1,0.0,22,16:25,0,0,0,0,
131,2016-03-25,64,24-253,WSH,@,NJD,W,0,0,0,0,0,0,0,0,0,0,0,0,0,,22,16:25,2,0,0,0,
132,2016-03-26,65,24-254,WSH,,STL,L,0,0,0,-1,0,0,0,0,0,0,0,0,1,0.0,20,16:36,0,0,0,0,
133,2016-03-28,66,24-256,WSH,,CBJ,W,0,1,1,1,0,0,0,0,0,1,0,0,0,,23,14:11,1,3,0,0,
134,2016-03-30,67,24-258,WSH,@,PHI,L-SO,0,0,0,0,0,0,0,0,0,0,0,0,0,,16,13:28,2,1,0,0,
135,2016-04-01,68,24-260,WSH,@,COL,W,0,0,0,1,0,0,0,0,0,0,0,0,1,0.0,19,14:19,0,1,0,0,
136,2016-04-02,69,24-261,WSH,@,ARI,L,0,0,0,-2,5,0,0,0,0,0,0,0,0,,22,15:08,1,2,0,0,
137,2016-04-05,70,24-264,WSH,,NYI,L-OT,0,0,0,1,0,0,0,0,0,0,0,0,2,0.0,23,18:37,0,2,0,0,
138,2016-04-07,71,24-266,WSH,,PIT,L-OT,0,0,0,-1,0,0,0,0,0,0,0,0,0,,15,9:36,0,1,0,0,
139,2016-04-10,72,24-269,WSH,,ANA,L,0,0,0,0,0,0,0,0,0,0,0,0,2,0.0,25,19:38,1,0,0,0,
140,2016-10-13,1,25-089,WSH,@,PIT,L-SO,0,0,0,0,0,0,0,0,0,0,0,0,2,0.0,17,14:55,2,0,0,0,
141,2016-10-15,2,25-091,WSH,,NYI,W,0,0,0,0,0,0,0,0,0,0,0,0,1,0.0,19,15:33,1,0,0,0,
142,2016-10-18,3,25-094,WSH,,COL,W,0,0,0,0,0,0,0,0,0,0,0,0,1,0.0,17,12:38,1,0,0,0,
143,2016-10-20,4,25-096,WSH,@,FLA,W,0,1,1,1,2,0,0,0,0,1,0,0,0,,18,11:27,0,0,0,0,
144,2016-10-22,5,25-098,WSH,,NYR,L,0,0,0,0,0,0,0,0,0,0,0,0,1,0.0,21,16:47,1,2,0,0,
145,2016-10-26,6,25-102,WSH,@,EDM,L,0,0,0,0,0,0,0,0,0,0,0,0,1,0.0,19,15:47,1,2,0,0,
146,2016-10-29,7,25-105,WSH,@,VAN,W,0,1,1,0,0,0,0,0,0,1,0,0,2,0.0,19,15:10,0,0,0,0,
147,2016-10-30,8,25-106,WSH,@,CGY,W,0,0,0,0,0,0,0,0,0,0,0,0,1,0.0,20,14:09,1,1,0,0,
148,2016-11-01,9,25-108,WSH,@,WPG,W,0,0,0,-1,0,0,0,0,0,0,0,0,0,,19,13:49,1,0,0,0,
149,2016-11-03,10,25-110,WSH,,WPG,W,0,0,0,-1,0,0,0,0,0,0,0,0,2,0.0,18,13:50,1,0,0,0,
150,2016-11-05,11,25-112,WSH,,FLA,W,0,2,2,1,0,0,0,0,0,2,0,0,1,0.0,22,14:51,0,0,0,0,
151,2016-11-08,12,25-115,WSH,,SJS,L,0,0,0,-1,0,0,0,0,0,0,0,0,1,0.0,17,13:23,1,0,0,0,
152,2016-11-12,13,25-119,WSH,@,CAR,L,0,0,0,-1,0,0,0,0,0,0,0,0,1,0.0,18,17:53,1,0,0,0,
153,2016-11-16,14,25-123,WSH,,PIT,W,0,1,1,3,0,0,0,0,0,1,0,0,2,0.0,23,14:22,0,0,0,0,
154,2016-11-18,15,25-125,WSH,,DET,W,0,0,0,0,0,0,0,0,0,0,0,0,1,0.0,21,16:22,1,2,0,0,
155,2016-11-20,16,25-127,WSH,,CBJ,L,0,0,0,0,0,0,0,0,0,0,0,0,0,,21,16:40,1,2,0,0,
156,2016-11-23,17,25-130,WSH,,STL,W,0,0,0,0,2,0,0,0,0,0,0,0,0,,18,14:27,1,0,0,0,
157,2016-11-26,18,25-133,WSH,@,TOR,L,0,0,0,0,0,0,0,0,0,0,0,0,5,0.0,23,18:58,0,1,0,0,
158,2016-12-01,19,25-138,WSH,,NYI,L,0,0,0,-1,0,0,0,0,0,0,0,0,2,0.0,14,11:45,0,0,0,0,
159,2016-12-03,20,25-140,WSH,@,TBL,L-SO,0,0,0,0,0,0,0,0,0,0,0,0,0,,16,11:56,2,0,0,0,
160,2016-12-07,21,25-144,WSH,,BOS,W,0,1,1,1,0,0,0,0,0,1,0,0,1,0.0,26,20:44,3,1,0,0,
161,2016-12-09,22,25-146,WSH,@,BUF,W,0,0,0,0,2,0,0,0,0,0,0,0,0,,25,17:12,0,0,0,0,
162,2016-12-11,23,25-148,WSH,,VAN,W,0,0,0,0,0,0,0,0,0,0,0,0,1,0.0,18,14:39,2,0,0,0,
163,2016-12-13,24,25-150,WSH,@,NYI,W,0,0,0,1,0,0,0,0,0,0,0,0,0,,19,15:40,2,1,0,0,
164,2016-12-16,25,25-153,WSH,@,CAR,W,0,0,0,0,2,0,0,0,0,0,0,0,1,0.0,22,16:42,0,0,0,0,
165,2016-12-17,26,25-154,WSH,,MTL,L,0,0,0,0,0,0,0,0,0,0,0,0,3,0.0,17,16:45,2,0,0,0,
166,2016-12-21,27,25-158,WSH,@,PHI,L-SO,0,0,0,0,0,0,0,0,0,0,0,0,0,,19,13:50,1,0,0,0,
167,2016-12-27,28,25-164,WSH,@,NYI,L,0,0,0,1,2,0,0,0,0,0,0,0,0,,19,14:06,2,2,0,0,
168,2016-12-29,29,25-166,WSH,,NJD,L-SO,0,0,0,0,0,0,0,0,0,0,0,0,0,,17,15:11,0,0,0,0,
169,2016-12-31,30,25-168,WSH,@,NJD,W,0,0,0,1,0,0,0,0,0,0,0,0,1,0.0,21,16:01,0,0,0,0,
170,2017-01-05,31,25-173,WSH,,CBJ,W,1,1,2,3,0,1,0,0,0,1,0,0,3,33.3,20,15:19,0,1,0,0,
171,2017-01-07,32,25-175,WSH,@,OTT,W,0,1,1,1,0,0,0,0,0,1,0,0,0,,17,14:08,0,1,0,0,
172,2017-01-09,33,25-177,WSH,@,MTL,W,0,0,0,0,0,0,0,0,0,0,0,0,1,0.0,17,13:59,0,0,0,0,
173,2017-01-11,34,25-179,WSH,,PIT,W,0,0,0,0,0,0,0,0,0,0,0,0,2,0.0,17,12:00,1,2,0,0,
174,2017-01-13,35,25-181,WSH,,CHI,W,0,2,2,3,2,0,0,0,0,2,0,0,0,,23,17:22,0,0,0,0,
175,2017-01-15,36,25-183,WSH,,PHI,W,0,0,0,1,0,0,0,0,0,0,0,0,1,0.0,23,21:37,0,1,0,0,
176,2017-01-16,37,25-184,WSH,@,PIT,L-OT,0,1,1,2,0,0,0,0,0,0,0,1,0,,22,16:33,0,2,0,0,
177,2017-01-19,38,25-187,WSH,@,STL,W,0,0,0,1,0,0,0,0,0,0,0,0,0,,24,17:31,1,1,0,0,
178,2017-01-21,39,25-189,WSH,@,DAL,W,0,0,0,-1,0,0,0,0,0,0,0,0,1,0.0,25,16:52,0,1,0,0,
179,2017-01-23,40,25-191,WSH,,CAR,W,0,1,1,1,0,0,0,0,0,1,0,0,2,0.0,22,17:20,0,1,0,0,
180,2017-01-24,41,25-192,WSH,@,OTT,L,0,0,0,-1,0,0,0,0,0,0,0,0,1,0.0,20,17:38,2,0,0,0,
181,2017-01-26,42,25-194,WSH,@,NJD,W,0,0,0,-1,0,0,0,0,0,0,0,0,2,0.0,20,14:35,1,0,0,0,
182,2017-01-31,43,25-199,WSH,@,NYI,L,0,0,0,0,0,0,0,0,0,0,0,0,2,0.0,19,15:20,0,1,0,0,
183,2017-02-01,44,25-200,WSH,,BOS,W,0,0,0,0,0,0,0,0,0,0,0,0,0,,19,15:38,0,1,0,0,
184,2017-02-04,45,25-203,WSH,@,MTL,W,0,0,0,1,0,0,0,0,0,0,0,0,0,,18,12:40,4,0,0,0,
185,2017-02-05,46,25-204,WSH,,LAK,W,0,0,0,1,0,0,0,0,0,0,0,0,1,0.0,16,15:34,4,1,0,0,
186,2017-02-07,47,25-206,WSH,,CAR,W,0,1,1,3,0,0,0,0,0,1,0,0,1,0.0,19,14:54,2,0,0,0,
187,2017-02-09,48,25-208,WSH,,DET,W,0,0,0,-1,2,0,0,0,0,0,0,0,2,0.0,19,15:26,1,0,0,0,
188,2017-02-11,49,25-210,WSH,,ANA,W,0,0,0,1,0,0,0,0,0,0,0,0,2,0.0,20,16:12,1,1,0,0,
189,2017-02-18,50,25-217,WSH,@,DET,L-SO,0,0,0,-1,0,0,0,0,0,0,0,0,1,0.0,18,14:26,1,1,0,0,
190,2017-02-19,51,25-218,WSH,@,NYR,L,0,0,0,-1,0,0,0,0,0,0,0,0,0,,19,16:08,1,0,0,0,
191,2017-02-24,52,25-223,WSH,,EDM,W,0,0,0,0,0,0,0,0,0,0,0,0,0,,17,13:24,0,1,0,0,
192,2017-02-25,53,25-224,WSH,@,NSH,L,0,0,0,-1,0,0,0,0,0,0,0,0,0,,26,18:14,0,0,0,0,
193,2017-02-28,54,25-227,WSH,@,NYR,W,0,0,0,-1,0,0,0,0,0,0,0,0,0,,23,17:07,0,0,0,0,
194,2017-03-12,55,25-239,WSH,@,ANA,L,0,0,0,1,0,0,0,0,0,0,0,0,1,0.0,23,16:12,1,1,0,0,
195,2017-03-14,56,25-241,WSH,,MIN,W,1,0,1,1,2,1,0,0,0,0,0,0,1,100.0,19,12:18,0,1,0,0,
196,2017-04-04,57,25-262,WSH,@,TOR,W,1,0,1,3,0,1,0,0,0,0,0,0,1,100.0,20,14:11,2,0,0,0,
197,2017-04-05,58,25-263,WSH,,NYR,W,0,0,0,0,0,0,0,0,0,0,0,0,2,0.0,21,15:49,1,1,0,0,
198,2017-04-08,59,25-266,WSH,@,BOS,W,0,1,1,3,0,0,0,0,0,1,0,0,0,,18,14:37,0,2,0,0,
199,2017-04-09,60,25-267,WSH,,FLA,L,0,0,0,0,0,0,0,0,0,0,0,0,2,0.0,21,20:07,0,2,0,0,
200,2017-10-06,1,26-082,VEG,@,DAL,W,0,1,1,1,2,0,0,0,0,1,0,0,1,0.0,20,15:58,0,1,0,0,
201,2017-10-07,2,26-083,VEG,@,ARI,W,1,1,2,0,0,1,0,0,0,1,0,0,3,33.3,29,25:18,0,5,0,0,
202,2017-10-10,3,26-086,VEG,,ARI,W,0,0,0,1,0,0,0,0,0,0,0,0,3,0.0,25,21:06,2,1,0,0,
203,2017-10-13,4,26-089,VEG,,DET,L,0,0,0,0,2,0,0,0,0,0,0,0,1,0.0,26,21:31,0,1,0,0,
204,2017-10-15,5,26-091,VEG,,BOS,W,0,0,0,0,0,0,0,0,0,0,0,0,1,0.0,27,22:39,0,3,0,0,
205,2017-10-17,6,26-093,VEG,,BUF,W,0,0,0,1,0,0,0,0,0,0,0,0,1,0.0,27,21:06,0,1,0,1,0.0
206,2017-10-21,7,26-097,VEG,,STL,W,0,0,0,-1,0,0,0,0,0,0,0,0,1,0.0,33,23:17,0,2,0,0,
207,2017-10-24,8,26-100,VEG,,CHI,W,0,1,1,0,0,0,0,0,0,1,0,0,1,0.0,30,23:07,0,2,0,0,
208,2017-10-27,9,26-103,VEG,,COL,W,0,2,2,1,0,0,0,0,0,1,1,0,1,0.0,21,18:38,0,1,0,0,
209,2017-10-30,10,26-106,VEG,@,NYI,L,0,0,0,0,0,0,0,0,0,0,0,0,1,0.0,26,22:08,0,0,0,0,
210,2017-10-31,11,26-107,VEG,@,NYR,L,0,0,0,-1,0,0,0,0,0,0,0,0,2,0.0,31,25:04,1,2,0,0,
211,2017-11-02,12,26-109,VEG,@,BOS,L,0,1,1,1,0,0,0,0,0,1,0,0,2,0.0,28,23:21,1,1,0,0,
212,2017-11-04,13,26-111,VEG,@,OTT,W,0,1,1,1,0,0,0,0,0,0,1,0,3,0.0,26,22:23,0,2,0,0,
213,2017-11-06,14,26-113,VEG,@,TOR,L-SO,0,0,0,-1,0,0,0,0,0,0,0,0,0,,35,27:11,1,4,0,0,
214,2017-11-07,15,26-114,VEG,@,MTL,L,0,0,0,-1,0,0,0,0,0,0,0,0,1,0.0,28,24:47,2,2,0,0,
215,2017-11-10,16,26-117,VEG,,WPG,W,0,0,0,1,0,0,0,0,0,0,0,0,1,0.0,30,21:12,0,1,0,0,
216,2017-11-14,17,26-121,VEG,@,EDM,L,0,1,1,-2,0,0,0,0,0,1,0,0,2,0.0,29,23:39,1,1,0,0,
217,2017-11-16,18,26-123,VEG,@,VAN,W,0,1,1,2,0,0,0,0,0,1,0,0,2,0.0,28,16:59,0,0,0,0,
218,2017-11-19,19,26-126,VEG,,LAK,W,0,0,0,3,0,0,0,0,0,0,0,0,0,,26,21:23,0,1,0,0,
219,2017-11-22,20,26-129,VEG,@,ANA,W,0,0,0,1,0,0,0,0,0,0,0,0,1,0.0,32,24:34,0,1,0,0,
220,2017-11-24,21,26-131,VEG,,SJS,W,0,0,0,0,0,0,0,0,0,0,0,0,2,0.0,28,20:41,3,1,0,0,
221,2017-11-25,22,26-132,VEG,@,ARI,W,0,0,0,-2,0,0,0,0,0,0,0,0,1,0.0,26,24:24,0,4,0,0,
222,2017-11-28,23,26-135,VEG,,DAL,L,0,0,0,-1,2,0,0,0,0,0,0,0,2,0.0,29,20:28,0,1,0,0,
223,2017-11-30,24,26-137,VEG,@,MIN,L,0,0,0,-1,0,0,0,0,0,0,0,0,2,0.0,28,23:49,0,1,0,0,
224,2017-12-01,25,26-138,VEG,@,WPG,L,0,1,1,0,0,0,0,0,0,1,0,0,0,,28,24:56,0,0,0,0,
225,2017-12-03,26,26-140,VEG,,ARI,W,0,1,1,1,0,0,0,0,0,1,0,0,2,0.0,26,23:10,0,3,0,0,
226,2017-12-05,27,26-142,VEG,,ANA,W,0,0,0,1,0,0,0,0,0,0,0,0,0,,27,22:19,0,1,0,0,
227,2017-12-08,28,26-145,VEG,@,NSH,W,0,2,2,0,0,0,0,0,0,1,1,0,0,,35,28:08,1,2,0,0,
228,2017-12-09,29,26-146,VEG,@,DAL,W,0,0,0,0,0,0,0,0,0,0,0,0,1,0.0,29,22:04,2,1,0,0,
229,2017-12-12,30,26-149,VEG,,CAR,L-SO,0,0,0,0,0,0,0,0,0,0,0,0,1,0.0,30,23:03,1,4,0,0,
230,2017-12-14,31,26-151,VEG,,PIT,W,0,0,0,0,0,0,0,0,0,0,0,0,2,0.0,27,21:57,0,0,0,0,
231,2017-12-17,32,26-154,VEG,,FLA,W,1,0,1,3,0,1,0,0,0,0,0,0,2,50.0,27,23:16,0,3,0,0,
232,2017-12-19,33,26-156,VEG,,TBL,W,0,0,0,0,0,0,0,0,0,0,0,0,2,0.0,26,22:20,1,1,0,0,
233,2017-12-23,34,26-160,VEG,,WSH,W,0,0,0,1,0,0,0,0,0,0,0,0,0,,25,20:29,2,2,0,0,
234,2017-12-27,35,26-164,VEG,@,ANA,W,0,1,1,1,0,0,0,0,0,1,0,0,1,0.0,29,22:53,0,3,0,0,
235,2017-12-28,36,26-165,VEG,@,LAK,W,0,0,0,0,0,0,0,0,0,0,0,0,2,0.0,32,26:44,0,0,0,0,
236,2017-12-31,37,26-168,VEG,,TOR,W,0,0,0,1,2,0,0,0,0,0,0,0,1,0.0,29,23:16,0,5,0,0,
237,2018-01-02,38,26-170,VEG,,NSH,W,0,1,1,0,0,0,0,0,0,0,1,0,0,,24,21:34,0,3,0,0,
238,2018-01-04,39,26-172,VEG,@,STL,L,0,0,0,1,0,0,0,0,0,0,0,0,1,0.0,25,20:57,0,1,0,0,
239,2018-01-05,40,26-173,VEG,@,CHI,W,0,2,2,1,0,0,0,0,0,2,0,0,6,0.0,30,23:36,4,0,0,0,
240,2018-01-07,41,26-175,VEG,,NYR,W,0,0,0,0,0,0,0,0,0,0,0,0,4,0.0,26,22:59,1,0,0,0,
241,2018-01-13,42,26-181,VEG,,EDM,L-OT,0,0,0,0,0,0,0,0,0,0,0,0,0,,27,20:20,2,0,0,0,
242,2018-01-16,43,26-184,VEG,@,NSH,L,0,0,0,-1,0,0,0,0,0,0,0,0,2,0.0,26,21:27,0,0,0,0,
243,2018-01-18,44,26-186,VEG,@,TBL,W,1,0,1,1,0,1,0,0,1,0,0,0,2,50.0,26,19:40,0,1,0,0,
244,2018-01-19,45,26-187,VEG,@,FLA,L-OT,0,0,0,-1,0,0,0,0,0,0,0,0,1,0.0,30,23:20,0,1,0,0,
245,2018-01-21,46,26-189,VEG,@,CAR,W,0,0,0,1,0,0,0,0,0,0,0,0,0,,23,20:58,0,1,0,0,
246,2018-01-23,47,26-191,VEG,,CBJ,W,0,1,1,0,0,0,0,0,0,1,0,0,1,0.0,28,23:35,0,1,0,0,
247,2018-01-25,48,26-193,VEG,,NYI,L,0,0,0,0,0,0,0,0,0,0,0,0,1,0.0,22,19:03,1,1,0,0,
248,2018-01-30,49,26-198,VEG,@,CGY,W,0,0,0,0,0,0,0,0,0,0,0,0,0,,29,24:06,0,2,0,0,
249,2018-02-01,50,26-200,VEG,@,WPG,W,0,0,0,-1,0,0,0,0,0,0,0,0,2,0.0,29,25:38,1,2,0,0,
250,2018-02-02,51,26-201,VEG,@,MIN,L,1,0,1,-1,0,0,1,0,0,0,0,0,2,50.0,27,20:43,1,2,0,0,
251,2018-02-04,52,26-203,VEG,@,WSH,W,0,1,1,0,0,0,0,0,0,1,0,0,1,0.0,22,24:54,0,3,0,0,
252,2018-02-06,53,26-205,VEG,@,PIT,L,0,1,1,1,4,0,0,0,0,1,0,0,3,0.0,26,22:06,0,2,0,0,
253,2018-02-08,54,26-207,VEG,@,SJS,W,0,1,1,3,0,0,0,0,0,0,1,0,1,0.0,25,22:50,2,0,0,0,
254,2018-02-11,55,26-210,VEG,,PHI,L,0,0,0,-2,0,0,0,0,0,0,0,0,2,0.0,22,18:09,0,2,0,0,
255,2018-02-13,56,26-212,VEG,,CHI,W,0,1,1,1,0,0,0,0,0,1,0,0,0,,25,16:20,0,1,0,0,
256,2018-02-15,57,26-214,VEG,,EDM,W,0,1,1,1,0,0,0,0,0,1,0,0,2,0.0,24,18:55,0,1,0,0,
257,2018-02-17,58,26-216,VEG,,MTL,W,1,1,2,1,2,1,0,0,0,0,1,0,3,33.3,25,20:55,0,1,0,0,
258,2018-02-19,59,26-218,VEG,,ANA,L,0,0,0,0,0,0,0,0,0,0,0,0,2,0.0,25,21:40,1,0,0,0,
259,2018-02-21,60,26-220,VEG,,CGY,W,0,1,1,2,0,0,0,0,0,0,1,0,0,,24,16:41,0,4,0,0,
260,2018-02-23,61,26-222,VEG,,VAN,W,0,0,0,3,0,0,0,0,0,0,0,0,0,,30,22:23,0,2,0,0,
261,2018-02-26,62,26-225,VEG,@,LAK,L-OT,0,0,0,-1,0,0,0,0,0,0,0,0,0,,24,24:09,1,1,0,0,
262,2018-02-27,63,26-226,VEG,,LAK,L,0,0,0,1,2,0,0,0,0,0,0,0,3,0.0,29,23:16,1,1,0,0,
263,2018-03-10,64,26-237,VEG,@,BUF,W,0,0,0,0,0,0,0,0,0,0,0,0,2,0.0,31,25:02,2,0,0,0,
264,2018-03-12,65,26-239,VEG,@,PHI,W,0,1,1,0,0,0,0,0,0,0,1,0,0,,31,26:19,0,0,0,0,
265,2018-03-14,66,26-241,VEG,,NJD,L,0,1,1,-4,0,0,0,0,0,0,1,0,5,0.0,26,20:19,0,2,0,0,
266,2018-03-16,67,26-243,VEG,,MIN,L,0,0,0,0,0,0,0,0,0,0,0,0,0,,24,22:47,1,4,0,0,
267,2018-03-18,68,26-245,VEG,,CGY,W,0,2,2,3,0,0,0,0,0,1,1,0,2,0.0,25,20:01,0,3,0,0,
268,2018-03-20,69,26-247,VEG,,VAN,W,0,1,1,2,0,0,0,0,0,1,0,0,0,,25,18:20,0,0,0,0,
269,2018-03-22,70,26-249,VEG,@,SJS,L-OT,0,0,0,-2,0,0,0,0,0,0,0,0,0,,26,24:36,0,3,0,0,
270,2018-03-24,71,26-251,VEG,@,COL,L-SO,0,0,0,0,0,0,0,0,0,0,0,0,2,0.0,33,24:00,0,2,0,0,
271,2018-03-26,72,26-253,VEG,,COL,W,0,0,0,1,0,0,0,0,0,0,0,0,2,0.0,25,25:29,0,0,0,0,
272,2018-03-28,73,26-255,VEG,,ARI,L,0,0,0,-3,0,0,0,0,0,0,0,0,2,0.0,23,19:28,2,3,0,0,
273,2018-03-30,74,26-257,VEG,,STL,W,0,1,1,2,0,0,0,0,0,1,0,0,0,,29,19:31,2,3,0,0,
274,2018-03-31,75,26-258,VEG,,SJS,W,0,0,0,-1,0,0,0,0,0,0,0,0,0,,25,21:33,1,0,0,0,
275,2018-04-03,76,26-261,VEG,@,VAN,W,0,0,0,0,0,0,0,0,0,0,0,0,0,,31,23:22,0,4,0,0,
276,2018-11-18,1,27-125,VEG,@,EDM,W,0,0,0,1,0,0,0,0,0,0,0,0,2,0.0,24,19:38,1,0,0,0,
277,2018-11-19,2,27-126,VEG,@,CGY,L,0,0,0,-2,0,0,0,0,0,0,0,0,1,0.0,23,23:32,0,1,0,0,
278,2018-11-21,3,27-128,VEG,@,ARI,W,0,0,0,0,0,0,0,0,0,0,0,0,0,,28,23:48,2,2,0,0,
279,2018-11-23,4,27-130,VEG,,CGY,W,0,0,0,0,0,0,0,0,0,0,0,0,0,,26,20:59,0,2,0,0,
280,2018-11-24,5,27-131,VEG,,SJS,W,0,0,0,2,0,0,0,0,0,0,0,0,1,0.0,24,20:05,0,3,0,0,
281,2018-11-27,6,27-134,VEG,@,CHI,W,0,1,1,2,0,0,0,0,0,1,0,0,1,0.0,25,17:59,0,1,0,0,
282,2018-11-29,7,27-136,VEG,@,VAN,W,0,0,0,1,0,0,0,0,0,0,0,0,1,0.0,29,23:52,1,2,0,0,
283,2018-12-01,8,27-138,VEG,@,EDM,L,0,0,0,0,0,0,0,0,0,0,0,0,0,,26,25:12,0,2,0,0,
284,2018-12-04,9,27-141,VEG,,WSH,W,2,1,3,1,0,1,1,0,1,1,0,0,4,50.0,27,23:38,0,1,0,0,
285,2018-12-06,10,27-143,VEG,,CHI,W,0,0,0,0,0,0,0,0,0,0,0,0,3,0.0,28,23:10,0,2,0,0,
286,2018-12-08,11,27-145,VEG,@,LAK,L,0,0,0,-3,0,0,0,0,0,0,0,0,0,,27,22:32,0,1,0,0,
287,2018-12-09,12,27-146,VEG,,DAL,W,0,1,1,2,0,0,0,0,0,1,0,0,3,0.0,25,20:39,0,0,0,0,
288,2018-12-12,13,27-149,VEG,@,NYI,W,0,0,0,0,0,0,0,0,0,0,0,0,2,0.0,27,23:04,1,3,0,0,
289,2018-12-14,14,27-151,VEG,@,NJD,L-OT,0,1,1,0,0,0,0,0,0,1,0,0,2,0.0,31,24:16,0,1,0,0,
290,2018-12-16,15,27-153,VEG,@,NYR,W,0,0,0,-1,0,0,0,0,0,0,0,0,2,0.0,31,23:55,3,2,0,0,
291,2018-12-17,16,27-154,VEG,@,CBJ,L,0,0,0,0,0,0,0,0,0,0,0,0,2,0.0,25,25:11,0,0,0,0,
292,2018-12-20,17,27-157,VEG,,NYI,W,1,2,3,1,0,1,0,0,0,1,1,0,7,14.3,22,22:25,0,0,0,0,
293,2018-12-22,18,27-159,VEG,,MTL,L-OT,0,0,0,1,0,0,0,0,0,0,0,0,2,0.0,30,24:56,0,1,0,0,
294,2018-12-23,19,27-160,VEG,,LAK,L-OT,0,1,1,0,0,0,0,0,0,0,1,0,3,0.0,30,23:46,1,0,0,0,
295,2018-12-27,20,27-164,VEG,,COL,W,0,1,1,1,0,0,0,0,0,1,0,0,3,0.0,26,23:11,0,1,0,0,
296,2018-12-29,21,27-166,VEG,@,LAK,W,0,2,2,2,0,0,0,0,0,2,0,0,1,0.0,24,21:19,2,3,0,0,
297,2018-12-30,22,27-167,VEG,@,ARI,W,0,0,0,3,0,0,0,0,0,0,0,0,1,0.0,26,21:07,0,2,0,0,
298,2019-01-01,23,27-169,VEG,,LAK,W,0,0,0,1,0,0,0,0,0,0,0,0,2,0.0,25,20:34,1,0,0,0,
299,2019-01-04,24,27-172,VEG,@,ANA,W,1,0,1,2,0,1,0,0,0,0,0,0,2,50.0,26,20:59,1,2,0,0,
300,2019-01-06,25,27-174,VEG,,NJD,W,0,0,0,0,0,0,0,0,0,0,0,0,1,0.0,23,22:22,0,2,0,0,
301,2019-01-08,26,27-176,VEG,,NYR,W,0,1,1,1,0,0,0,0,0,0,1,0,1,0.0,25,22:45,1,3,0,0,
302,2019-01-10,27,27-178,VEG,,SJS,L,0,0,0,-1,0,0,0,0,0,0,0,0,1,0.0,25,21:02,0,3,0,0,
303,2019-01-12,28,27-180,VEG,@,CHI,W,0,1,1,2,0,0,0,0,0,1,0,0,1,0.0,27,21:37,0,1,0,0,
304,2019-01-15,29,27-183,VEG,@,WPG,L,0,0,0,-1,0,0,0,0,0,0,0,0,1,0.0,28,21:41,1,1,0,0,
305,2019-01-19,30,27-187,VEG,,PIT,W,0,1,1,-1,0,0,0,0,0,0,1,0,1,0.0,28,21:54,0,2,0,0,
306,2019-01-21,31,27-189,VEG,,MIN,L,0,0,0,0,0,0,0,0,0,0,0,0,1,0.0,26,20:37,1,3,0,0,
307,2019-01-23,32,27-191,VEG,,NSH,L,0,0,0,0,0,0,0,0,0,0,0,0,0,,27,20:40,0,2,0,0,
308,2019-02-01,33,27-200,VEG,@,CAR,L,0,1,1,-3,0,0,0,0,0,0,1,0,0,,22,20:30,0,1,0,0,
309,2019-02-02,34,27-201,VEG,@,FLA,L,0,0,0,0,0,0,0,0,0,0,0,0,4,0.0,23,21:36,1,1,0,0,
310,2019-02-05,35,27-204,VEG,@,TBL,W,0,0,0,1,2,0,0,0,0,0,0,0,4,0.0,26,24:27,2,0,0,0,
311,2019-02-07,36,27-206,VEG,@,DET,W,0,1,1,1,2,0,0,0,0,1,0,0,2,0.0,25,22:32,1,1,0,0,
312,2019-02-09,37,27-208,VEG,,CBJ,L,1,0,1,1,0,1,0,0,0,0,0,0,2,50.0,23,17:47,1,2,0,0,
313,2019-02-12,38,27-211,VEG,,ARI,L,1,0,1,-1,0,1,0,0,0,0,0,0,3,33.3,27,23:04,1,4,0,0,
314,2019-02-14,39,27-213,VEG,,TOR,L,0,0,0,-1,0,0,0,0,0,0,0,0,5,0.0,24,22:16,1,3,0,0,
315,2019-02-16,40,27-215,VEG,,NSH,W,0,0,0,-1,0,0,0,0,0,0,0,0,4,0.0,26,26:49,0,2,0,0,
316,2019-02-18,41,27-217,VEG,@,COL,L,0,0,0,-1,0,0,0,0,0,0,0,0,1,0.0,26,22:27,1,1,0,0,
317,2019-02-20,42,27-219,VEG,,BOS,L-SO,1,0,1,1,2,1,0,0,0,0,0,0,1,100.0,26,21:48,0,3,0,0,
318,2019-02-22,43,27-221,VEG,,WPG,L,0,0,0,1,0,0,0,0,0,0,0,0,1,0.0,24,20:52,1,2,0,0,
319,2019-02-26,44,27-225,VEG,,DAL,W,1,1,2,2,0,1,0,0,0,0,1,0,4,25.0,28,24:14,1,4,0,0,
320,2019-02-28,45,27-227,VEG,,FLA,W,0,1,1,1,0,0,0,0,0,1,0,0,3,0.0,29,21:38,1,3,0,0,
321,2019-03-01,46,27-228,VEG,@,ANA,W,0,0,0,0,0,0,0,0,0,0,0,0,1,0.0,23,21:30,0,2,0,0,
322,2019-03-03,47,27-230,VEG,,VAN,W,0,1,1,1,0,0,0,0,0,1,0,0,3,0.0,24,21:48,1,5,0,0,
323,2019-03-06,48,27-233,VEG,,CGY,W,0,0,0,0,0,0,0,0,0,0,0,0,6,0.0,26,20:51,1,2,0,0,
324,2019-03-09,49,27-236,VEG,@,VAN,W,1,0,1,1,0,1,0,0,0,0,0,0,1,100.0,25,20:20,1,3,0,0,
325,2019-03-10,50,27-237,VEG,@,CGY,L,0,0,0,1,0,0,0,0,0,0,0,0,2,0.0,30,22:45,0,0,0,0,
326,2019-03-15,51,27-242,VEG,@,DAL,W,0,0,0,1,2,0,0,0,0,0,0,0,4,0.0,25,19:22,0,2,0,0,
327,2019-03-17,52,27-244,VEG,,EDM,W,0,0,0,2,0,0,0,0,0,0,0,0,0,,25,22:19,0,1,0,0,
328,2019-03-18,53,27-245,VEG,@,SJS,W,0,2,2,-1,0,0,0,0,0,1,1,0,2,0.0,27,20:10,0,1,0,0,
329,2019-03-21,54,27-248,VEG,,WPG,W,0,0,0,0,0,0,0,0,0,0,0,0,2,0.0,19,18:21,1,0,0,0,
330,2019-03-23,55,27-250,VEG,,DET,L-OT,0,1,1,0,0,0,0,0,0,1,0,0,0,,25,20:17,0,1,0,0,
331,2019-03-25,56,27-252,VEG,@,STL,L,0,0,0,0,0,0,0,0,0,0,0,0,0,,27,23:55,0,1,0,0,
332,2019-03-27,57,27-254,VEG,@,COL,L,0,0,0,1,0,0,0,0,0,0,0,0,1,0.0,25,21:16,2,1,0,0,
333,2019-03-29,58,27-256,VEG,,MIN,L,0,0,0,0,0,0,0,0,0,0,0,0,1,0.0,21,18:14,0,1,0,0,
334,2019-03-30,59,27-257,VEG,@,SJS,L-OT,0,0,0,-1,0,0,0,0,0,0,0,0,1,0.0,29,23:22,0,1,0,0,
335,2019-04-01,60,27-259,VEG,,EDM,W,0,0,0,2,0,0,0,0,0,0,0,0,0,,24,21:07,0,3,0,0,
336,2019-04-04,61,27-262,VEG,,ARI,L,0,0,0,0,0,0,0,0,0,0,0,0,2,0.0,28,20:58,4,0,0,0,
337,2019-10-02,1,28-078,VEG,,SJS,W,0,0,0,1,0,0,0,0,0,0,0,0,0,,5,3:11,0,0,0,0,
338,2019-10-31,2,28-107,VEG,,MTL,L-OT,0,1,1,-2,2,0,0,0,0,1,0,0,5,0.0,26,20:20,2,1,0,0,
339,2019-11-02,3,28-109,VEG,,WPG,L-OT,1,0,1,0,0,1,0,0,0,0,0,0,2,50.0,27,23:16,2,4,0,0,
340,2019-11-05,4,28-112,VEG,@,CBJ,W,0,0,0,1,0,0,0,0,0,0,0,0,0,,26,24:18,0,3,0,0,
341,2019-11-07,5,28-114,VEG,@,TOR,L-OT,0,0,0,0,0,0,0,0,0,0,0,0,3,0.0,34,26:59,1,3,0,0,
342,2019-11-09,6,28-116,VEG,@,WSH,L,0,0,0,-1,0,0,0,0,0,0,0,0,5,0.0,21,20:44,0,0,0,0,
343,2019-11-10,7,28-117,VEG,@,DET,L,0,0,0,0,0,0,0,0,0,0,0,0,1,0.0,23,21:41,1,0,0,0,
344,2019-11-13,8,28-120,VEG,,CHI,L,1,0,1,-2,0,1,0,0,0,0,0,0,2,50.0,28,20:24,0,4,0,0,
345,2019-11-16,9,28-123,VEG,@,LAK,L,0,0,0,1,0,0,0,0,0,0,0,0,4,0.0,27,23:20,0,4,0,0,
346,2019-11-17,10,28-124,VEG,,CGY,W,0,4,4,2,0,0,0,0,0,4,0,0,1,0.0,25,19:35,0,3,0,0,
347,2019-11-19,11,28-126,VEG,,TOR,W,0,1,1,1,0,0,0,0,0,0,1,0,1,0.0,26,21:07,1,0,0,0,
348,2019-11-21,12,28-128,VEG,,SJS,L-OT,0,0,0,-1,0,0,0,0,0,0,0,0,4,0.0,29,21:51,0,4,0,0,
349,2019-11-23,13,28-130,VEG,,EDM,L,0,0,0,-2,0,0,0,0,0,0,0,0,3,0.0,24,22:21,1,3,0,0,
350,2019-11-25,14,28-132,VEG,@,DAL,L,0,0,0,1,0,0,0,0,0,0,0,0,0,,29,23:20,1,1,0,0,
351,2019-11-27,15,28-134,VEG,@,NSH,W,0,2,2,2,0,0,0,0,0,2,0,0,1,0.0,29,25:36,0,2,0,0,
352,2019-11-29,16,28-136,VEG,,ARI,W,0,0,0,-1,0,0,0,0,0,0,0,0,1,0.0,27,23:06,2,1,0,0,
353,2019-12-02,17,28-139,VEG,@,NYR,W,0,1,1,0,0,0,0,0,0,0,1,0,0,,25,19:45,0,2,0,0,
354,2019-12-03,18,28-140,VEG,@,NJD,W,0,0,0,-2,0,0,0,0,0,0,0,0,1,0.0,31,24:02,0,2,0,0,
355,2019-12-05,19,28-142,VEG,@,NYI,L-OT,0,0,0,0,0,0,0,0,0,0,0,0,3,0.0,27,22:26,1,1,0,0,
356,2019-12-08,20,28-145,VEG,,NYR,L,0,0,0,-1,0,0,0,0,0,0,0,0,1,0.0,21,17:39,1,1,0,0,
357,2019-12-10,21,28-147,VEG,,CHI,W,0,1,1,0,0,0,0,0,0,0,1,0,4,0.0,22,18:43,0,1,0,0,
358,2019-12-12,22,28-149,VEG,@,STL,L,0,1,1,-2,0,0,0,0,0,1,0,0,2,0.0,28,22:19,0,0,0,0,
359,2019-12-13,23,28-150,VEG,@,DAL,W,0,0,0,0,0,0,0,0,0,0,0,0,1,0.0,27,25:05,0,7,0,0,
360,2019-12-15,24,28-152,VEG,,VAN,W,0,0,0,-1,0,0,0,0,0,0,0,0,1,0.0,24,20:05,1,2,0,0,
361,2019-12-17,25,28-154,VEG,,MIN,W,0,0,0,1,2,0,0,0,0,0,0,0,3,0.0,24,18:21,0,1,0,0,
362,2019-12-19,26,28-156,VEG,@,VAN,L-OT,0,0,0,1,0,0,0,0,0,0,0,0,2,0.0,30,24:56,0,1,0,0,
363,2019-12-22,27,28-159,VEG,@,SJS,W,0,0,0,1,0,0,0,0,0,0,0,0,1,0.0,27,24:45,0,1,0,0,
364,2019-12-23,28,28-160,VEG,,COL,L,0,1,1,2,2,0,0,0,0,1,0,0,4,0.0,29,23:31,0,0,0,0,
365,2019-12-27,29,28-164,VEG,@,ANA,L,2,0,2,2,2,2,0,0,0,0,0,0,2,100.0,24,22:42,0,2,0,0,
366,2019-12-28,30,28-165,VEG,,ARI,W,0,0,0,0,0,0,0,0,0,0,0,0,2,0.0,24,21:06,0,0,0,0,
367,2019-12-31,31,28-168,VEG,,ANA,W,0,1,1,2,0,0,0,0,0,1,0,0,3,0.0,27,19:49,0,0,0,0,
368,2020-01-02,32,28-170,VEG,,PHI,W,0,0,0,-2,0,0,0,0,0,0,0,0,1,0.0,28,20:41,0,1,0,0,
369,2020-01-04,33,28-172,VEG,,STL,W,0,0,0,0,0,0,0,0,0,0,0,0,0,,31,22:47,2,3,0,0,
370,2020-01-07,34,28-175,VEG,,PIT,L,0,1,1,-1,0,0,0,0,0,1,0,0,3,0.0,24,20:09,0,1,0,0,
371,2020-01-09,35,28-177,VEG,,LAK,L,0,0,0,-1,0,0,0,0,0,0,0,0,3,0.0,27,21:06,0,1,0,0,
372,2020-01-11,36,28-179,VEG,,CBJ,L,0,0,0,0,0,0,0,0,0,0,0,0,1,0.0,26,22:20,0,1,0,0,
373,2020-01-14,37,28-182,VEG,@,BUF,L,0,0,0,0,0,0,0,0,0,0,0,0,0,,23,21:28,0,2,0,0,
374,2020-01-16,38,28-184,VEG,@,OTT,W,0,1,1,3,2,0,0,0,0,1,0,0,2,0.0,25,18:26,0,1,0,0,
375,2020-01-18,39,28-186,VEG,@,MTL,L-SO,0,0,0,-2,0,0,0,0,0,0,0,0,2,0.0,32,26:41,0,1,0,0,
376,2020-01-21,40,28-189,VEG,@,BOS,L,0,2,2,-1,0,0,0,0,0,1,1,0,1,0.0,27,24:03,1,0,0,0,
377,2020-01-31,41,28-199,VEG,@,CAR,W,1,0,1,3,0,1,0,0,0,0,0,0,2,50.0,28,21:26,0,0,0,0,
378,2020-02-01,42,28-200,VEG,@,NSH,W,0,0,0,1,0,0,0,0,0,0,0,0,2,0.0,28,22:49,0,0,0,0,
379,2020-02-04,43,28-203,VEG,@,TBL,L,0,0,0,-1,0,0,0,0,0,0,0,0,2,0.0,29,19:56,0,1,0,0,
380,2020-02-06,44,28-205,VEG,@,FLA,W,1,1,2,1,0,1,0,0,0,1,0,0,5,20.0,29,25:05,1,1,0,0,
381,2020-02-08,45,28-207,VEG,,CAR,L-SO,0,2,2,0,0,0,0,0,0,2,0,0,2,0.0,27,22:29,1,2,0,0,
382,2020-02-11,46,28-210,VEG,@,MIN,L,0,0,0,-1,0,0,0,0,0,0,0,0,1,0.0,28,24:09,0,2,0,0,
383,2020-02-13,47,28-212,VEG,,STL,W,1,0,1,-1,0,0,1,0,0,0,0,0,2,50.0,28,19:41,2,1,0,0,
384,2020-02-15,48,28-214,VEG,,NYI,W,0,1,1,1,0,0,0,0,0,1,0,0,2,0.0,26,23:06,1,3,0,0,
385,2020-02-17,49,28-216,VEG,,WSH,W,0,0,0,0,0,0,0,0,0,0,0,0,3,0.0,26,20:53,0,2,0,0,
386,2020-02-20,50,28-219,VEG,,TBL,W,0,1,1,2,0,0,0,0,0,1,0,0,2,0.0,27,20:19,0,1,0,0,
387,2020-02-22,51,28-221,VEG,,FLA,W,0,0,0,2,0,0,0,0,0,0,0,0,2,0.0,29,22:31,2,1,0,0,
388,2020-02-23,52,28-222,VEG,@,ANA,W,0,0,0,1,0,0,0,0,0,0,0,0,0,,30,22:25,0,3,0,0,
389,2020-02-26,53,28-225,VEG,,EDM,W,0,1,1,1,0,0,0,0,0,0,1,0,1,0.0,27,23:00,0,2,0,0,
390,2020-02-28,54,28-227,VEG,,BUF,W,0,0,0,2,0,0,0,0,0,0,0,0,0,,25,20:20,1,6,0,0,
391,2020-03-01,55,28-229,VEG,,LAK,L,0,0,0,0,2,0,0,0,0,0,0,0,4,0.0,26,22:58,0,0,0,0,
392,2020-03-03,56,28-231,VEG,,NJD,W,0,0,0,1,0,0,0,0,0,0,0,0,0,,20,17:50,0,0,0,0,
393,2020-03-06,57,28-234,VEG,@,WPG,L,0,0,0,-1,0,0,0,0,0,0,0,0,4,0.0,28,21:26,0,1,0,0,
394,2020-03-08,58,28-236,VEG,@,CGY,W,0,0,0,1,0,0,0,0,0,0,0,0,0,,29,21:44,0,0,0,0,
395,2020-03-09,59,28-237,VEG,@,EDM,W,0,1,1,0,0,0,0,0,0,0,1,0,2,0.0,29,22:50,0,0,0,0,
