,date_game,game_season,age,team_id,game_location,opp_id,game_result,goals,assists,points,plus_minus,pen_min,goals_ev,goals_pp,goals_sh,goals_gw,assists_ev,assists_pp,assists_sh,shots,shot_pct,shifts,time_on_ice,hits_all,blocks_all,faceoff_wins_all,faceoff_losses_all,faceoff_percentage_all
0,2014-10-09,1,20-063,NJD,@,PHI,W,0,0,0,2,0,0,0,0,0,0,0,0,2,0.0,28,18:39,0,0,0,0,
1,2014-10-11,2,20-065,NJD,@,FLA,W,1,1,2,2,0,1,0,0,0,0,1,0,3,33.3,26,18:55,0,1,0,0,
2,2014-10-14,3,20-068,NJD,@,TBL,W,0,0,0,1,4,0,0,0,0,0,0,0,2,0.0,29,19:37,2,1,0,0,
3,2014-10-16,4,20-070,NJD,@,WSH,L,2,0,2,0,0,2,0,0,0,0,0,0,8,25.0,29,21:41,2,1,0,0,
4,2014-10-18,5,20-072,NJD,,SJS,L,0,0,0,1,0,0,0,0,0,0,0,0,3,0.0,28,20:29,0,1,0,0,
5,2014-10-21,6,20-075,NJD,,NYR,L-OT,0,1,1,-1,0,0,0,0,0,0,1,0,2,0.0,28,23:06,0,0,0,0,
6,2014-10-24,7,20-078,NJD,,DAL,L-SO,0,0,0,0,0,0,0,0,0,0,0,0,5,0.0,37,25:41,0,0,0,0,
7,2014-10-25,8,20-079,NJD,@,OTT,W,1,1,2,1,0,1,0,0,0,0,1,0,2,50.0,34,27:31,0,1,0,0,
8,2014-10-28,9,20-082,NJD,@,PIT,L,0,0,0,0,2,0,0,0,0,0,0,0,0,,28,22:13,1,1,0,0,
9,2014-10-30,10,20-084,NJD,,WPG,W,0,0,0,0,0,0,0,0,0,0,0,0,3,0.0,29,23:51,0,1,0,0,
10,2014-11-01,11,20-086,NJD,,CBJ,W,0,1,1,0,0,0,0,0,0,0,1,0,2,0.0,27,20:09,0,0,0,0,
11,2014-11-04,12,20-089,NJD,,STL,L,0,0,0,0,0,0,0,0,0,0,0,0,2,0.0,26,23:02,0,0,0,0,
12,2014-11-06,13,20-091,NJD,@,STL,L,0,0,0,-1,0,0,0,0,0,0,0,0,2,0.0,25,20:08,0,0,0,0,
13,2014-11-07,14,20-092,NJD,@,DET,L,0,0,0,0,0,0,0,0,0,0,0,0,3,0.0,31,26:07,0,0,0,1,0.0
14,2014-11-10,15,20-095,NJD,@,BOS,L,0,0,0,1,2,0,0,0,0,0,0,0,0,,30,21:29,0,0,0,0,
15,2014-11-11,16,20-096,NJD,,MIN,W,0,0,0,1,0,0,0,0,0,0,0,0,4,0.0,33,23:26,1,0,0,0,
16,2014-11-14,17,20-099,NJD,@,WSH,W,0,0,0,0,2,0,0,0,0,0,0,0,1,0.0,29,21:49,0,1,0,0,
17,2014-11-15,18,20-100,NJD,,COL,L,0,0,0,-3,0,0,0,0,0,0,0,0,3,0.0,31,24:03,0,0,0,0,
18,2014-11-18,19,20-103,NJD,@,WPG,L,0,0,0,0,2,0,0,0,0,0,0,0,5,0.0,30,22:56,1,0,0,0,
19,2014-11-21,20,20-106,NJD,@,EDM,W,0,0,0,0,0,0,0,0,0,0,0,0,4,0.0,28,23:00,0,0,0,0,
20,2014-11-22,21,20-107,NJD,@,CGY,L-SO,0,0,0,-2,0,0,0,0,0,0,0,0,0,,39,27:22,0,0,0,0,
21,2014-11-25,22,20-110,NJD,@,VAN,L,0,0,0,0,0,0,0,0,0,0,0,0,1,0.0,35,25:37,0,1,0,0,
22,2014-11-28,23,20-113,NJD,,DET,L-SO,0,2,2,1,2,0,0,0,0,1,1,0,0,,35,26:26,0,1,0,0,
23,2014-11-29,24,20-114,NJD,@,NYI,L,0,0,0,-2,0,0,0,0,0,0,0,0,5,0.0,28,24:20,0,1,0,0,
24,2014-12-02,25,20-117,NJD,@,PIT,L,0,0,0,-1,0,0,0,0,0,0,0,0,2,0.0,35,26:17,0,0,0,0,
25,2014-12-04,26,20-119,NJD,@,TOR,W,0,0,0,-1,0,0,0,0,0,0,0,0,1,0.0,28,23:18,1,1,0,0,
26,2014-12-06,27,20-121,NJD,,WSH,L,0,0,0,-3,0,0,0,0,0,0,0,0,2,0.0,34,23:55,1,1,0,0,
27,2014-12-08,28,20-123,NJD,@,CAR,W,0,0,0,0,2,0,0,0,0,0,0,0,0,,27,20:41,1,2,0,0,
28,2014-12-09,29,20-124,NJD,,CHI,L-SO,0,1,1,2,0,0,0,0,0,1,0,0,3,0.0,30,23:15,0,1,0,0,
29,2014-12-11,30,20-126,NJD,@,PHI,L,0,1,1,0,0,0,0,0,0,0,1,0,1,0.0,28,20:42,0,1,0,0,
30,2014-12-13,31,20-128,NJD,@,DAL,L,0,0,0,-1,0,0,0,0,0,0,0,0,2,0.0,30,21:29,0,4,0,0,
31,2014-12-15,32,20-130,NJD,@,NYI,L-SO,0,0,0,-1,0,0,0,0,0,0,0,0,1,0.0,35,25:40,0,2,0,0,
32,2015-03-03,33,20-208,NJD,,NSH,W,0,0,0,-1,0,0,0,0,0,0,0,0,2,0.0,20,16:21,0,0,0,0,
33,2015-03-06,34,20-211,NJD,,CBJ,L,0,0,0,-2,0,0,0,0,0,0,0,0,0,,24,18:51,0,0,0,0,
34,2015-03-08,35,20-213,NJD,,PHI,W,0,0,0,1,0,0,0,0,0,0,0,0,0,,26,21:02,0,2,0,0,
35,2015-03-10,36,20-215,NJD,@,MIN,L,0,1,1,0,0,0,0,0,0,1,0,0,2,0.0,21,19:23,0,0,0,0,
36,2015-03-12,37,20-217,NJD,@,COL,L-SO,0,0,0,0,0,0,0,0,0,0,0,0,1,0.0,29,23:22,0,2,0,0,
37,2015-03-14,38,20-219,NJD,@,ARI,W,0,2,2,2,0,0,0,0,0,1,1,0,4,0.0,27,20:36,1,0,0,0,
38,2015-03-17,39,20-222,NJD,,PIT,W,0,0,0,1,0,0,0,0,0,0,0,0,0,,27,22:08,1,0,0,0,
39,2015-03-20,40,20-225,NJD,@,BUF,W,0,0,0,1,2,0,0,0,0,0,0,0,1,0.0,22,18:52,0,2,0,0,
40,2015-03-21,41,20-226,NJD,,NYI,L,0,0,0,-1,0,0,0,0,0,0,0,0,0,,22,19:21,0,0,0,0,
41,2015-03-23,42,20-228,NJD,,LAK,L,0,1,1,1,0,0,0,0,0,1,0,0,3,0.0,20,18:56,1,0,0,0,
42,2015-03-26,43,20-231,NJD,@,WSH,L-OT,0,0,0,-1,0,0,0,0,0,0,0,0,2,0.0,30,22:18,0,0,0,0,
43,2015-03-28,44,20-233,NJD,@,CAR,L,0,0,0,-2,0,0,0,0,0,0,0,0,0,,26,22:46,1,1,0,0,
44,2015-03-29,45,20-234,NJD,,ANA,L,0,0,0,-1,0,0,0,0,0,0,0,0,0,,23,20:45,3,0,0,0,
45,2015-03-31,46,20-236,NJD,@,CBJ,L-OT,0,0,0,-1,0,0,0,0,0,0,0,0,1,0.0,27,21:41,1,0,0,0,
46,2015-04-03,47,20-239,NJD,,MTL,W,0,0,0,0,0,0,0,0,0,0,0,0,1,0.0,21,20:04,0,1,0,0,
47,2015-04-04,48,20-240,NJD,@,NYR,L,0,0,0,-4,0,0,0,0,0,0,0,0,0,,29,20:08,0,0,0,0,
48,2015-04-07,49,20-243,NJD,,NYR,L,0,0,0,-1,0,0,0,0,0,0,0,0,1,0.0,25,19:36,0,0,0,0,
49,2015-04-09,50,20-245,NJD,@,TBL,L-OT,0,0,0,0,4,0,0,0,0,0,0,0,0,,25,17:58,2,6,0,0,
50,2015-04-11,51,20-247,NJD,@,FLA,L,1,0,1,-1,0,1,0,0,0,0,0,0,1,100.0,24,19:05,0,0,0,0,
51,2015-10-09,1,21-063,NJD,,WPG,L,0,0,0,-1,0,0,0,0,0,0,0,0,3,0.0,22,18:37,1,0,0,0,
52,2015-10-13,2,21-067,NJD,,NSH,L,0,0,0,-2,0,0,0,0,0,0,0,0,2,0.0,23,17:31,0,0,0,0,
53,2015-10-16,3,21-070,NJD,,SJS,L-SO,0,1,1,-1,0,0,0,0,0,0,1,0,2,0.0,21,18:39,2,1,0,0,
54,2015-10-18,4,21-072,NJD,@,NYR,W,0,1,1,1,0,0,0,0,0,1,0,0,0,,20,18:52,1,0,0,0,
55,2015-10-20,5,21-074,NJD,,ARI,W,0,0,0,1,0,0,0,0,0,0,0,0,2,0.0,24,18:02,1,0,0,0,
56,2015-10-22,6,21-076,NJD,@,OTT,W,0,1,1,0,0,0,0,0,0,1,0,0,2,0.0,22,19:45,0,3,0,0,
57,2015-10-24,7,21-078,NJD,@,BUF,W,0,0,0,1,2,0,0,0,0,0,0,0,0,,25,18:27,0,1,0,0,
58,2015-10-27,8,21-081,NJD,,CBJ,L,0,0,0,0,0,0,0,0,0,0,0,0,4,0.0,20,20:29,1,0,0,0,
59,2015-10-29,9,21-083,NJD,@,PHI,W,0,0,0,0,0,0,0,0,0,0,0,0,0,,16,14:26,2,0,0,0,
60,2015-10-31,10,21-085,NJD,,NYI,W,0,1,1,1,0,0,0,0,0,1,0,0,0,,20,17:32,0,0,0,0,
61,2015-11-03,11,21-088,NJD,@,NYI,L,0,0,0,0,0,0,0,0,0,0,0,0,1,0.0,25,21:14,0,2,0,0,
62,2015-11-06,12,21-091,NJD,,CHI,W,0,2,2,1,0,0,0,0,0,2,0,0,1,0.0,21,14:00,1,0,0,0,
63,2015-11-08,13,21-093,NJD,,VAN,W,0,0,0,-1,2,0,0,0,0,0,0,0,1,0.0,19,14:47,0,0,0,0,
64,2015-11-10,14,21-095,NJD,,STL,L,0,0,0,-1,0,0,0,0,0,0,0,0,1,0.0,28,18:53,1,2,0,0,
65,2015-11-12,15,21-097,NJD,@,CHI,W,0,0,0,0,2,0,0,0,0,0,0,0,0,,23,16:33,6,0,0,0,
66,2015-11-14,16,21-099,NJD,,PIT,W,0,1,1,1,0,0,0,0,0,0,1,0,4,0.0,24,17:10,2,1,0,0,
67,2015-11-17,17,21-102,NJD,@,CGY,L,0,0,0,-1,2,0,0,0,0,0,0,0,2,0.0,27,19:42,0,0,0,0,
68,2015-11-20,18,21-105,NJD,@,EDM,L,0,0,0,-1,0,0,0,0,0,0,0,0,0,,23,20:13,0,1,0,0,
69,2015-11-22,19,21-107,NJD,@,VAN,W,0,0,0,0,2,0,0,0,0,0,0,0,0,,24,16:46,0,0,0,0,
70,2015-11-25,20,21-110,NJD,,CBJ,L,0,0,0,0,0,0,0,0,0,0,0,0,2,0.0,20,19:46,1,0,0,0,
71,2015-11-27,21,21-112,NJD,,MTL,L-SO,0,0,0,1,0,0,0,0,0,0,0,0,3,0.0,24,17:12,2,1,0,0,
72,2015-11-28,22,21-113,NJD,@,MTL,W,0,0,0,-1,0,0,0,0,0,0,0,0,0,,24,19:58,0,1,0,0,
73,2015-12-01,23,21-116,NJD,,COL,L,0,0,0,-1,2,0,0,0,0,0,0,0,2,0.0,24,19:10,1,0,0,0,
74,2015-12-03,24,21-118,NJD,@,CAR,W,0,0,0,0,0,0,0,0,0,0,0,0,2,0.0,24,18:33,1,1,0,0,
75,2015-12-04,25,21-119,NJD,,PHI,L-OT,0,0,0,-1,0,0,0,0,0,0,0,0,0,,25,21:15,0,0,0,0,
76,2015-12-06,26,21-121,NJD,,FLA,W,0,2,2,3,2,0,0,0,0,2,0,0,3,0.0,22,17:16,2,1,0,0,
77,2015-12-08,27,21-123,NJD,@,TOR,L-SO,0,0,0,0,2,0,0,0,0,0,0,0,1,0.0,25,18:39,1,3,0,0,
78,2015-12-11,28,21-126,NJD,,DET,W,1,0,1,1,0,1,0,0,0,0,0,0,3,33.3,24,19:15,0,0,0,0,
79,2015-12-13,29,21-128,NJD,@,NYI,L,0,0,0,-2,0,0,0,0,0,0,0,0,2,0.0,24,19:35,1,1,0,0,
80,2015-12-15,30,21-130,NJD,@,BUF,W,0,0,0,1,0,0,0,0,0,0,0,0,2,0.0,22,17:44,0,0,0,0,
81,2015-12-17,31,21-132,NJD,,FLA,L,0,0,0,-1,0,0,0,0,0,0,0,0,3,0.0,21,18:30,1,0,0,0,
82,2015-12-19,32,21-134,NJD,,ANA,L,0,1,1,1,0,0,0,0,0,1,0,0,1,0.0,23,21:03,3,1,0,0,
83,2015-12-20,33,21-135,NJD,@,BOS,L-SO,0,0,0,-1,0,0,0,0,0,0,0,0,4,0.0,24,19:12,1,1,0,0,
84,2015-12-22,34,21-137,NJD,@,DET,W,0,0,0,0,4,0,0,0,0,0,0,0,0,,21,17:59,2,1,0,0,
85,2015-12-26,35,21-141,NJD,@,CAR,L,0,0,0,0,0,0,0,0,0,0,0,0,1,0.0,23,19:31,0,0,0,0,
86,2015-12-29,36,21-144,NJD,,CAR,W,0,0,0,1,0,0,0,0,0,0,0,0,0,,22,19:19,1,0,0,0,
87,2015-12-30,37,21-145,NJD,@,OTT,W,0,0,0,0,2,0,0,0,0,0,0,0,4,0.0,22,18:49,0,1,0,0,
88,2016-01-02,38,21-148,NJD,,DAL,W,0,0,0,1,0,0,0,0,0,0,0,0,1,0.0,25,20:05,1,0,0,0,
89,2016-01-04,39,21-150,NJD,,DET,L,0,0,0,-1,0,0,0,0,0,0,0,0,0,,19,15:27,2,0,0,0,
90,2016-01-06,40,21-152,NJD,@,MTL,L,0,0,0,-1,0,0,0,0,0,0,0,0,2,0.0,27,23:41,3,0,0,0,
91,2016-01-08,41,21-154,NJD,,BOS,L,0,0,0,-1,0,0,0,0,0,0,0,0,0,,29,24:31,2,1,0,0,
92,2016-01-10,42,21-156,NJD,@,MIN,W,0,0,0,1,0,0,0,0,0,0,0,0,1,0.0,21,17:07,2,1,0,0,
93,2016-01-12,43,21-158,NJD,@,STL,L,0,0,0,0,2,0,0,0,0,0,0,0,1,0.0,30,18:43,1,1,0,0,
94,2016-01-14,44,21-160,NJD,@,COL,L,0,0,0,-1,0,0,0,0,0,0,0,0,4,0.0,23,18:31,1,0,0,0,
95,2016-01-16,45,21-162,NJD,@,ARI,W,0,0,0,1,0,0,0,0,0,0,0,0,0,,21,14:46,1,0,0,0,
96,2016-01-19,46,21-165,NJD,,CGY,W,0,1,1,2,0,0,0,0,0,1,0,0,0,,22,19:02,1,2,0,0,
97,2016-01-21,47,21-167,NJD,,OTT,W,0,0,0,-1,0,0,0,0,0,0,0,0,0,,26,16:02,0,1,0,0,
98,2016-01-23,48,21-169,NJD,@,WPG,W,0,0,0,1,0,0,0,0,0,0,0,0,0,,22,17:48,0,0,0,0,
99,2016-01-26,49,21-172,NJD,@,PIT,L,0,0,0,0,0,0,0,0,0,0,0,0,1,0.0,25,15:57,0,1,0,0,
100,2016-02-02,50,21-179,NJD,,NYR,W,0,1,1,0,0,0,0,0,0,1,0,0,2,0.0,17,12:36,0,1,0,0,
101,2016-02-09,51,21-186,NJD,,EDM,W,0,0,0,-1,0,0,0,0,0,0,0,0,2,0.0,21,14:16,0,0,0,0,
102,2016-02-13,52,21-190,NJD,@,PHI,W,0,0,0,0,0,0,0,0,0,0,0,0,3,0.0,23,15:32,1,0,0,0,
103,2016-02-14,53,21-191,NJD,,LAK,W,0,0,0,0,0,0,0,0,0,0,0,0,1,0.0,20,17:37,3,0,0,0,
104,2016-02-16,54,21-193,NJD,,PHI,L,0,0,0,1,0,0,0,0,0,0,0,0,0,,23,14:10,1,0,0,0,
105,2016-02-23,55,21-200,NJD,,NYR,W,0,1,1,0,0,0,0,0,0,1,0,0,2,0.0,22,15:11,0,1,0,0,
106,2016-02-25,56,21-202,NJD,@,CBJ,L,0,1,1,-3,0,0,0,0,0,1,0,0,0,,22,18:46,0,0,0,0,
107,2016-02-26,57,21-203,NJD,,TBL,L,0,0,0,-1,0,0,0,0,0,0,0,0,2,0.0,21,17:49,0,0,0,0,
108,2016-03-01,58,21-207,NJD,,CAR,L,0,0,0,0,0,0,0,0,0,0,0,0,0,,19,16:14,0,2,0,0,
109,2016-03-04,59,21-210,NJD,@,DAL,L,0,1,1,0,0,0,0,0,0,1,0,0,1,0.0,20,15:44,2,1,0,0,
110,2016-03-06,60,21-212,NJD,,PIT,L,0,0,0,-3,0,0,0,0,0,0,0,0,1,0.0,26,18:20,0,0,0,0,
111,2016-03-17,61,21-223,NJD,,MIN,W,0,1,1,2,0,0,0,0,0,1,0,0,0,,24,18:54,1,0,0,0,
112,2016-03-19,62,21-225,NJD,@,CBJ,L,0,1,1,-1,4,0,0,0,0,0,1,0,0,,27,19:13,1,1,0,0,
113,2016-03-20,63,21-226,NJD,,CBJ,W,0,0,0,0,0,0,0,0,0,0,0,0,0,,24,19:14,1,0,0,0,
114,2016-03-24,64,21-230,NJD,@,PIT,W,0,2,2,1,0,0,0,0,0,1,1,0,2,0.0,30,18:40,1,2,0,0,
115,2016-03-25,65,21-231,NJD,,WSH,L-OT,0,0,0,-1,2,0,0,0,0,0,0,0,0,,28,20:47,2,2,0,0,
116,2016-03-27,66,21-233,NJD,@,CAR,L,0,0,0,0,0,0,0,0,0,0,0,0,1,0.0,26,24:25,0,0,0,0,
117,2016-03-29,67,21-235,NJD,,BOS,W,0,0,0,0,0,0,0,0,0,0,0,0,1,0.0,23,17:43,2,0,0,0,
118,2016-03-31,68,21-237,NJD,@,FLA,L,0,0,0,-1,2,0,0,0,0,0,0,0,1,0.0,25,19:44,0,0,0,0,
119,2016-04-02,69,21-239,NJD,@,TBL,L,0,1,1,-1,0,0,0,0,0,0,1,0,2,0.0,28,18:11,0,0,0,0,
120,2016-04-05,70,21-242,NJD,,BUF,L,0,0,0,-1,0,0,0,0,0,0,0,0,3,0.0,22,14:27,1,0,0,0,
121,2016-04-07,71,21-244,NJD,,TBL,L,0,0,0,0,0,0,0,0,0,0,0,0,0,,19,17:53,1,0,0,0,
122,2016-04-09,72,21-246,NJD,,TOR,W,0,0,0,1,0,0,0,0,0,0,0,0,2,0.0,22,16:22,0,1,0,0,
123,2016-10-13,1,22-067,NJD,@,FLA,L-OT,0,0,0,-1,2,0,0,0,0,0,0,0,0,,27,19:26,0,1,0,0,
124,2016-10-15,2,22-069,NJD,@,TBL,L,0,0,0,-2,0,0,0,0,0,0,0,0,3,0.0,20,17:26,3,0,0,0,
125,2016-10-18,3,22-072,NJD,,ANA,W,0,1,1,0,0,0,0,0,0,0,1,0,1,0.0,25,20:44,0,2,0,0,
126,2016-10-20,4,22-074,NJD,@,BOS,L,0,1,1,0,0,0,0,0,0,0,1,0,0,,24,19:16,0,2,0,0,
127,2016-10-22,5,22-076,NJD,,MIN,W,0,0,0,-1,0,0,0,0,0,0,0,0,2,0.0,27,20:58,1,1,0,0,
128,2016-10-25,6,22-079,NJD,,ARI,W,0,2,2,-1,0,0,0,0,0,0,2,0,2,0.0,25,18:39,1,0,0,0,
129,2016-10-28,7,22-082,NJD,,CHI,L-OT,0,0,0,0,2,0,0,0,0,0,0,0,2,0.0,25,18:35,1,1,0,0,
130,2016-10-29,8,22-083,NJD,,TBL,W,1,1,2,2,0,1,0,0,1,1,0,0,3,33.3,27,22:17,2,0,0,0,
131,2016-11-03,9,22-088,NJD,@,FLA,L-OT,0,2,2,1,0,0,0,0,0,1,1,0,1,0.0,29,21:56,1,0,0,0,
132,2016-11-05,10,22-090,NJD,@,TBL,L,1,0,1,-1,0,1,0,0,0,0,0,0,1,100.0,26,20:18,1,2,0,0,
133,2016-11-06,11,22-091,NJD,@,CAR,W,0,0,0,1,2,0,0,0,0,0,0,0,1,0.0,26,21:48,0,1,0,0,
134,2016-11-08,12,22-093,NJD,,CAR,W,0,0,0,-1,0,0,0,0,0,0,0,0,1,0.0,31,23:20,1,1,0,0,
135,2016-11-11,13,22-096,NJD,@,BUF,W,0,0,0,0,2,0,0,0,0,0,0,0,3,0.0,27,20:49,4,0,0,0,
136,2016-11-12,14,22-097,NJD,,BUF,W,0,2,2,2,2,0,0,0,0,2,0,0,4,0.0,25,21:34,1,0,0,0,
137,2016-11-15,15,22-100,NJD,@,DAL,W,1,0,1,1,0,1,0,0,0,0,0,0,2,50.0,30,22:20,0,3,0,0,
138,2016-11-17,16,22-102,NJD,@,ANA,L,0,0,0,-1,0,0,0,0,0,0,0,0,1,0.0,28,20:25,1,1,0,0,
139,2016-11-19,17,22-104,NJD,@,LAK,L,0,0,0,-2,0,0,0,0,0,0,0,0,2,0.0,28,24:20,1,0,0,0,
140,2016-11-21,18,22-106,NJD,@,SJS,L,0,0,0,-1,0,0,0,0,0,0,0,0,2,0.0,23,22:50,1,0,0,0,
141,2016-11-23,19,22-108,NJD,,TOR,W,0,0,0,-1,0,0,0,0,0,0,0,0,3,0.0,32,22:47,0,0,0,0,
142,2016-11-25,20,22-110,NJD,,DET,L-OT,0,0,0,-1,0,0,0,0,0,0,0,0,0,,23,21:06,2,0,0,0,
143,2016-11-26,21,22-111,NJD,@,PIT,L-SO,0,0,0,0,2,0,0,0,0,0,0,0,0,,27,17:40,2,2,0,0,
144,2016-11-29,22,22-114,NJD,@,WPG,L,0,1,1,0,2,0,0,0,0,1,0,0,3,0.0,31,22:39,1,0,0,0,
145,2016-12-01,23,22-116,NJD,@,CHI,L-OT,0,1,1,0,0,0,0,0,0,1,0,0,0,,27,18:20,1,2,0,0,
146,2016-12-03,24,22-118,NJD,@,NSH,W,0,0,0,-2,0,0,0,0,0,0,0,0,3,0.0,31,23:29,0,2,0,0,
147,2016-12-06,25,22-121,NJD,,VAN,W,0,1,1,-1,5,0,0,0,0,0,1,0,2,0.0,25,19:35,3,0,0,0,
148,2016-12-08,26,22-123,NJD,@,MTL,L,0,0,0,-1,2,0,0,0,0,0,0,0,1,0.0,30,20:51,1,1,0,0,
149,2016-12-09,27,22-124,NJD,,STL,L,0,0,0,0,2,0,0,0,0,0,0,0,2,0.0,28,24:24,0,0,0,0,
150,2016-12-11,28,22-126,NJD,@,NYR,L,0,0,0,-2,2,0,0,0,0,0,0,0,0,,21,21:30,2,0,0,0,
151,2016-12-15,29,22-130,NJD,@,STL,L,0,0,0,-3,2,0,0,0,0,0,0,0,1,0.0,28,22:42,0,1,0,0,
152,2016-12-17,30,22-132,NJD,@,OTT,L,0,0,0,-1,0,0,0,0,0,0,0,0,1,0.0,26,21:42,2,2,0,0,
153,2016-12-18,31,22-133,NJD,@,NYR,L-SO,0,1,1,0,2,0,0,0,0,0,1,0,0,,27,21:02,2,3,0,0,
154,2016-12-20,32,22-135,NJD,,NSH,L,0,1,1,0,0,0,0,0,0,1,0,0,2,0.0,25,21:19,0,0,0,0,
155,2016-12-22,33,22-137,NJD,,PHI,W,0,1,1,0,2,0,0,0,0,0,1,0,0,,26,21:39,0,0,0,0,
156,2016-12-23,34,22-138,NJD,@,PIT,L,0,0,0,-1,0,0,0,0,0,0,0,0,0,,31,21:24,0,2,0,0,
157,2016-12-27,35,22-142,NJD,,PIT,L,0,0,0,-2,2,0,0,0,0,0,0,0,2,0.0,29,25:15,0,1,0,0,
158,2016-12-29,36,22-144,NJD,@,WSH,W,0,0,0,0,0,0,0,0,0,0,0,0,0,,26,18:06,1,1,0,0,
159,2016-12-31,37,22-146,NJD,,WSH,L,0,0,0,-3,2,0,0,0,0,0,0,0,1,0.0,26,21:11,1,0,0,0,
160,2017-01-02,38,22-148,NJD,,BOS,W,0,0,0,0,0,0,0,0,0,0,0,0,0,,23,19:21,1,1,0,0,
161,2017-01-03,39,22-149,NJD,@,CAR,W,0,1,1,0,2,0,0,0,0,1,0,0,0,,29,21:56,1,0,0,0,
162,2017-01-06,40,22-152,NJD,,TOR,L,0,1,1,-1,0,0,0,0,0,0,1,0,5,0.0,24,21:56,0,0,0,0,
163,2017-01-07,41,22-153,NJD,,EDM,L-OT,0,0,0,0,0,0,0,0,0,0,0,0,1,0.0,26,28:05,0,2,0,0,
164,2017-01-09,42,22-155,NJD,,FLA,L,0,0,0,-2,0,0,0,0,0,0,0,0,3,0.0,27,20:44,0,1,0,0,
165,2017-01-12,43,22-158,NJD,@,EDM,L-OT,0,0,0,0,2,0,0,0,0,0,0,0,2,0.0,25,19:24,1,1,0,0,
166,2017-01-13,44,22-159,NJD,@,CGY,W,0,0,0,-1,0,0,0,0,0,0,0,0,1,0.0,26,22:12,0,5,0,0,
167,2017-01-15,45,22-161,NJD,@,VAN,W,0,1,1,2,0,0,0,0,0,1,0,0,1,0.0,30,19:50,1,0,0,0,
168,2017-01-17,46,22-163,NJD,@,MIN,W,0,1,1,1,0,0,0,0,0,1,0,0,0,,26,21:51,2,3,0,0,
169,2017-01-20,47,22-166,NJD,,MTL,L,0,0,0,0,0,0,0,0,0,0,0,0,0,,28,21:01,3,0,0,0,
170,2017-01-21,48,22-167,NJD,@,PHI,W,0,0,0,1,2,0,0,0,0,0,0,0,0,,24,17:33,4,6,0,0,
171,2017-01-24,49,22-170,NJD,,LAK,L,0,0,0,0,0,0,0,0,0,0,0,0,0,,25,22:19,0,0,0,0,
172,2017-01-26,50,22-172,NJD,,WSH,L,0,0,0,-1,0,0,0,0,0,0,0,0,2,0.0,25,19:06,1,0,0,0,
173,2017-01-31,51,22-177,NJD,@,DET,W,0,0,0,0,0,0,0,0,0,0,0,0,2,0.0,25,18:29,0,1,0,0,
174,2017-02-03,52,22-180,NJD,,CGY,L-OT,0,0,0,-2,0,0,0,0,0,0,0,0,3,0.0,29,21:00,0,1,0,0,
175,2017-02-04,53,22-181,NJD,@,CBJ,W,0,1,1,2,0,0,0,0,0,1,0,0,2,0.0,26,17:59,1,2,0,0,
176,2017-02-06,54,22-183,NJD,,BUF,W,0,1,1,0,0,0,0,0,0,0,1,0,6,0.0,26,19:19,2,1,0,0,
177,2017-02-12,55,22-189,NJD,,SJS,L,0,0,0,-1,0,0,0,0,0,0,0,0,1,0.0,28,19:21,1,0,0,0,
178,2017-02-14,56,22-191,NJD,,COL,W,0,0,0,0,0,0,0,0,0,0,0,0,1,0.0,23,18:08,0,1,0,0,
179,2017-02-16,57,22-193,NJD,,OTT,L,0,0,0,-1,0,0,0,0,0,0,0,0,2,0.0,26,19:21,0,0,0,0,
180,2017-02-18,58,22-195,NJD,,NYI,W,0,1,1,-1,0,0,0,0,0,0,1,0,2,0.0,24,19:01,0,3,0,0,
181,2017-02-19,59,22-196,NJD,@,NYI,L,0,1,1,-2,0,0,0,0,0,0,1,0,2,0.0,28,17:50,2,1,0,0,
182,2017-02-21,60,22-198,NJD,,OTT,L,0,0,0,0,0,0,0,0,0,0,0,0,4,0.0,27,21:03,1,1,0,0,
183,2017-02-25,61,22-202,NJD,,NYR,L-OT,0,0,0,-2,0,0,0,0,0,0,0,0,3,0.0,29,22:40,0,0,0,0,
184,2017-02-27,62,22-204,NJD,,MTL,L-OT,0,1,1,2,4,0,0,0,0,1,0,0,0,,28,17:16,1,0,0,0,
185,2017-03-02,63,22-207,NJD,@,WSH,L,0,0,0,0,2,0,0,0,0,0,0,0,0,,26,18:53,0,0,0,0,
186,2017-03-04,64,22-209,NJD,@,BOS,L,0,0,0,-1,2,0,0,0,0,0,0,0,1,0.0,19,12:56,1,1,0,0,
187,2017-03-07,65,22-212,NJD,@,CBJ,L,0,0,0,-1,0,0,0,0,0,0,0,0,0,,28,20:21,0,2,0,0,
188,2017-03-09,66,22-214,NJD,@,COL,L,0,0,0,0,0,0,0,0,0,0,0,0,3,0.0,24,20:35,0,1,0,0,
189,2017-03-11,67,22-216,NJD,@,ARI,L,0,2,2,3,0,0,0,0,0,2,0,0,2,0.0,30,20:03,3,0,0,0,
190,2017-03-16,68,22-221,NJD,,PHI,W,0,1,1,2,0,0,0,0,0,0,1,0,1,0.0,26,18:45,1,0,0,0,
191,2017-03-17,69,22-222,NJD,@,PIT,L,0,0,0,-2,2,0,0,0,0,0,0,0,1,0.0,28,18:04,0,1,0,0,
192,2017-03-19,70,22-224,NJD,,CBJ,L,0,0,0,0,0,0,0,0,0,0,0,0,1,0.0,22,15:59,0,0,0,0,
193,2017-03-21,71,22-226,NJD,,NYR,W,0,0,0,0,0,0,0,0,0,0,0,0,3,0.0,29,21:33,0,0,0,0,
194,2017-03-23,72,22-228,NJD,@,TOR,L,0,1,1,0,0,0,0,0,0,1,0,0,3,0.0,29,21:39,4,1,0,0,
195,2017-03-25,73,22-230,NJD,,CAR,L,0,0,0,-1,0,0,0,0,0,0,0,0,2,0.0,22,20:21,1,0,0,0,
196,2017-03-26,74,22-231,NJD,,DAL,L-OT,0,0,0,0,5,0,0,0,0,0,0,0,1,0.0,22,15:56,1,1,0,0,
197,2017-03-28,75,22-233,NJD,,WPG,L-SO,0,0,0,-1,0,0,0,0,0,0,0,0,1,0.0,24,20:25,0,1,0,0,
198,2017-03-31,76,22-236,NJD,@,NYI,L,0,0,0,0,0,0,0,0,0,0,0,0,0,,23,17:13,0,2,0,0,
199,2017-04-01,77,22-237,NJD,@,PHI,L,0,0,0,0,0,0,0,0,0,0,0,0,3,0.0,30,23:58,2,0,0,0,
200,2017-04-04,78,22-240,NJD,,PHI,W,0,0,0,0,0,0,0,0,0,0,0,0,1,0.0,22,20:02,1,0,0,0,
201,2017-04-06,79,22-242,NJD,,PIT,L,0,0,0,-1,0,0,0,0,0,0,0,0,5,0.0,25,20:15,5,0,0,0,
202,2017-04-08,80,22-244,NJD,,NYI,L,0,0,0,-1,2,0,0,0,0,0,0,0,2,0.0,13,10:46,1,0,0,0,
203,2017-10-07,1,23-061,NJD,,COL,W,0,0,0,0,0,0,0,0,0,0,0,0,4,0.0,26,22:12,4,1,0,0,
204,2017-10-09,2,23-063,NJD,@,BUF,W,0,0,0,3,0,0,0,0,0,0,0,0,2,0.0,23,17:39,0,0,0,0,
205,2017-10-11,3,23-065,NJD,@,TOR,W,0,0,0,1,0,0,0,0,0,0,0,0,1,0.0,24,18:18,3,1,0,0,
206,2017-10-13,4,23-067,NJD,,WSH,L,0,1,1,0,0,0,0,0,0,1,0,0,0,,26,19:30,0,0,0,0,
207,2017-10-14,5,23-068,NJD,@,NYR,W,0,0,0,-1,2,0,0,0,0,0,0,0,2,0.0,28,21:05,0,0,0,0,
208,2017-10-17,6,23-071,NJD,,TBL,W,0,1,1,-3,0,0,0,0,0,0,1,0,2,0.0,26,20:19,2,0,0,0,
209,2017-10-19,7,23-073,NJD,@,OTT,W,0,0,0,3,4,0,0,0,0,0,0,0,4,0.0,30,23:24,2,0,0,0,
210,2017-10-20,8,23-074,NJD,,SJS,L,0,0,0,-1,0,0,0,0,0,0,0,0,3,0.0,26,20:37,1,1,0,0,
211,2017-10-27,9,23-081,NJD,,OTT,W,1,0,1,-1,0,1,0,0,0,0,0,0,1,100.0,25,18:59,2,0,0,0,
212,2017-10-28,10,23-082,NJD,,ARI,W,0,0,0,0,0,0,0,0,0,0,0,0,2,0.0,23,17:33,0,4,0,0,
213,2017-11-01,11,23-086,NJD,@,VAN,W,0,0,0,1,2,0,0,0,0,0,0,0,1,0.0,24,18:33,0,1,0,0,
214,2017-11-03,12,23-088,NJD,@,EDM,L,0,1,1,0,0,0,0,0,0,1,0,0,2,0.0,24,18:52,5,4,0,0,
215,2017-11-05,13,23-090,NJD,@,CGY,L-SO,0,0,0,-1,2,0,0,0,0,0,0,0,1,0.0,26,20:22,0,1,0,0,
216,2017-11-09,14,23-094,NJD,,EDM,L-OT,0,0,0,0,0,0,0,0,0,0,0,0,1,0.0,27,20:06,3,0,0,0,
217,2017-11-11,15,23-096,NJD,,FLA,W,1,0,1,0,2,1,0,0,0,0,0,0,3,33.3,24,15:27,2,0,0,0,
218,2017-11-12,16,23-097,NJD,@,CHI,W,0,1,1,2,2,0,0,0,0,1,0,0,2,0.0,31,24:05,2,5,0,0,
219,2017-11-16,17,23-101,NJD,@,TOR,L-OT,0,0,0,0,0,0,0,0,0,0,0,0,2,0.0,24,20:01,0,1,0,0,
220,2017-11-18,18,23-103,NJD,@,WPG,L,0,0,0,-2,0,0,0,0,0,0,0,0,2,0.0,26,21:46,0,0,0,0,
221,2017-11-20,19,23-105,NJD,@,MIN,W,0,0,0,0,2,0,0,0,0,0,0,0,0,,29,20:52,1,0,0,0,
222,2017-11-22,20,23-107,NJD,,BOS,L-SO,0,1,1,0,0,0,0,0,0,1,0,0,4,0.0,31,23:42,0,2,0,0,
223,2017-11-24,21,23-109,NJD,,VAN,W,1,0,1,0,2,1,0,0,1,0,0,0,1,100.0,25,18:22,2,0,0,0,
224,2017-11-25,22,23-110,NJD,@,DET,W,0,0,0,0,0,0,0,0,0,0,0,0,2,0.0,27,21:13,1,0,0,0,
225,2017-11-27,23,23-112,NJD,,FLA,L,0,0,0,0,0,0,0,0,0,0,0,0,3,0.0,28,22:31,1,0,0,0,
226,2017-12-01,24,23-116,NJD,@,COL,W,0,0,0,1,0,0,0,0,0,0,0,0,1,0.0,26,20:35,1,1,0,0,
227,2017-12-02,25,23-117,NJD,@,ARI,L,0,0,0,-2,0,0,0,0,0,0,0,0,3,0.0,25,20:59,1,2,0,0,
228,2017-12-05,26,23-120,NJD,@,CBJ,W,0,0,0,0,2,0,0,0,0,0,0,0,1,0.0,24,20:09,0,0,0,0,
229,2017-12-08,27,23-123,NJD,,CBJ,L,0,0,0,2,0,0,0,0,0,0,0,0,1,0.0,22,19:37,1,2,0,0,
230,2017-12-09,28,23-124,NJD,@,NYR,L,1,0,1,-1,0,1,0,0,0,0,0,0,1,100.0,26,21:47,3,0,0,0,
231,2017-12-12,29,23-127,NJD,,LAK,W,0,0,0,0,2,0,0,0,0,0,0,0,2,0.0,24,18:01,1,2,0,0,
232,2017-12-14,30,23-129,NJD,@,MTL,L-OT,0,0,0,1,0,0,0,0,0,0,0,0,5,0.0,26,19:53,5,3,0,0,
233,2017-12-15,31,23-130,NJD,,DAL,W,0,0,0,2,0,0,0,0,0,0,0,0,2,0.0,28,19:46,2,2,0,0,
234,2017-12-18,32,23-133,NJD,,ANA,W,0,0,0,0,0,0,0,0,0,0,0,0,0,,23,17:13,0,0,0,0,
235,2017-12-21,33,23-136,NJD,,NYR,W,0,0,0,-2,0,0,0,0,0,0,0,0,0,,21,18:08,0,0,0,0,
236,2017-12-23,34,23-138,NJD,,CHI,W,0,0,0,1,5,0,0,0,0,0,0,0,1,0.0,25,18:27,2,3,0,0,
237,2017-12-27,35,23-142,NJD,,DET,W,0,0,0,1,0,0,0,0,0,0,0,0,0,,21,15:54,1,0,0,0,
238,2017-12-29,36,23-144,NJD,,BUF,L-OT,0,0,0,-1,0,0,0,0,0,0,0,0,0,,20,17:40,1,0,0,0,
239,2017-12-30,37,23-145,NJD,@,WSH,L,0,0,0,-2,2,0,0,0,0,0,0,0,1,0.0,27,18:11,0,0,0,0,
240,2018-01-07,38,23-153,NJD,@,NYI,L-SO,0,0,0,-1,0,0,0,0,0,0,0,0,1,0.0,18,14:43,1,0,0,0,
241,2018-01-13,39,23-159,NJD,,PHI,L,0,1,1,-2,0,0,0,0,0,0,1,0,1,0.0,26,18:10,2,0,0,0,
242,2018-01-16,40,23-162,NJD,@,NYI,W,2,0,2,2,0,2,0,0,1,0,0,0,5,40.0,27,21:07,1,0,0,0,
243,2018-01-18,41,23-164,NJD,,WSH,W,0,0,0,0,2,0,0,0,0,0,0,0,2,0.0,24,18:31,1,0,0,0,
244,2018-01-20,42,23-166,NJD,@,PHI,L,0,0,0,-1,0,0,0,0,0,0,0,0,1,0.0,23,18:01,1,1,0,0,
245,2018-01-22,43,23-168,NJD,,DET,L,0,0,0,-2,0,0,0,0,0,0,0,0,0,,27,17:44,1,0,0,0,
246,2018-01-23,44,23-169,NJD,@,BOS,L,1,0,1,1,0,1,0,0,0,0,0,0,4,25.0,30,23:35,4,2,0,0,
247,2018-01-25,45,23-171,NJD,,NSH,L,0,0,0,0,0,0,0,0,0,0,0,0,1,0.0,20,13:31,1,0,0,0,
248,2018-01-30,46,23-176,NJD,@,BUF,W,0,0,0,0,0,0,0,0,0,0,0,0,0,,21,16:37,0,1,0,0,
249,2018-02-01,47,23-178,NJD,,PHI,W,1,0,1,0,5,1,0,0,0,0,0,0,1,100.0,22,17:51,2,1,0,0,
250,2018-02-03,48,23-180,NJD,,PIT,W,0,1,1,2,0,0,0,0,0,1,0,0,2,0.0,26,18:47,2,0,0,0,
251,2018-02-06,49,23-183,NJD,@,OTT,L,0,0,0,-2,0,0,0,0,0,0,0,0,1,0.0,20,16:02,1,2,0,0,
252,2018-02-08,50,23-185,NJD,,CGY,L,0,0,0,-1,0,0,0,0,0,0,0,0,1,0.0,23,19:51,1,1,0,0,
253,2018-02-10,51,23-187,NJD,@,CBJ,L,0,0,0,-3,0,0,0,0,0,0,0,0,0,,26,19:37,0,1,0,0,
254,2018-02-11,52,23-188,NJD,,BOS,L,0,0,0,-1,0,0,0,0,0,0,0,0,1,0.0,26,20:17,4,1,0,0,
255,2018-02-13,53,23-190,NJD,@,PHI,W,0,0,0,0,0,0,0,0,0,0,0,0,2,0.0,27,19:23,1,0,0,0,
256,2018-02-15,54,23-192,NJD,,CAR,W,1,1,2,2,0,1,0,0,0,1,0,0,2,50.0,28,19:43,0,1,0,0,
257,2018-02-17,55,23-194,NJD,@,TBL,W,0,0,0,1,0,0,0,0,0,0,0,0,2,0.0,25,18:49,1,1,0,0,
258,2018-02-18,56,23-195,NJD,@,CAR,W,0,0,0,0,0,0,0,0,0,0,0,0,1,0.0,25,20:40,1,1,0,0,
259,2018-02-20,57,23-197,NJD,,CBJ,L,0,0,0,0,0,0,0,0,0,0,0,0,1,0.0,27,20:40,2,2,0,0,
260,2018-02-22,58,23-199,NJD,,MIN,L,0,0,0,-1,0,0,0,0,0,0,0,0,3,0.0,22,17:45,1,0,0,0,
261,2018-02-24,59,23-201,NJD,,NYI,W,0,0,0,1,0,0,0,0,0,0,0,0,0,,31,22:24,3,1,0,0,
262,2018-02-27,60,23-204,NJD,@,PIT,W,0,2,2,1,0,0,0,0,0,1,1,0,1,0.0,24,19:52,3,0,0,0,
263,2018-03-01,61,23-206,NJD,@,FLA,L,0,0,0,-1,0,0,0,0,0,0,0,0,0,,27,22:19,0,2,0,0,
264,2018-03-02,62,23-207,NJD,@,CAR,L,0,0,0,-1,0,0,0,0,0,0,0,0,2,0.0,28,20:47,1,0,0,0,
265,2018-03-04,63,23-209,NJD,,VEG,L,0,0,0,1,2,0,0,0,0,0,0,0,2,0.0,25,23:09,0,0,0,0,
266,2018-03-06,64,23-211,NJD,,MTL,W,0,0,0,-3,0,0,0,0,0,0,0,0,3,0.0,21,19:35,2,0,0,0,
267,2018-03-08,65,23-213,NJD,,WPG,L,0,0,0,0,0,0,0,0,0,0,0,0,3,0.0,21,18:18,1,1,0,0,
268,2018-03-10,66,23-215,NJD,@,NSH,W,0,1,1,0,0,0,0,0,0,1,0,0,1,0.0,28,22:37,1,0,0,0,
269,2018-03-14,67,23-219,NJD,@,VEG,W,0,1,1,0,2,0,0,0,0,1,0,0,3,0.0,25,20:29,3,2,0,0,
270,2018-03-17,68,23-222,NJD,@,LAK,W,0,1,1,1,0,0,0,0,0,1,0,0,0,,25,21:58,0,1,0,0,
271,2018-03-18,69,23-223,NJD,@,ANA,L,0,0,0,-2,0,0,0,0,0,0,0,0,1,0.0,20,19:18,1,0,0,0,
272,2018-03-20,70,23-225,NJD,@,SJS,L,0,0,0,0,0,0,0,0,0,0,0,0,1,0.0,23,20:54,2,3,0,0,
273,2018-03-23,71,23-228,NJD,@,PIT,W,0,1,1,1,0,0,0,0,0,0,1,0,2,0.0,26,20:29,6,0,0,0,
274,2018-03-24,72,23-229,NJD,,TBL,W,0,0,0,1,0,0,0,0,0,0,0,0,1,0.0,26,20:04,2,0,0,0,
275,2018-03-27,73,23-232,NJD,,CAR,W,0,0,0,-1,0,0,0,0,0,0,0,0,3,0.0,27,20:22,0,0,0,0,
276,2018-03-29,74,23-234,NJD,,PIT,L-OT,0,0,0,2,0,0,0,0,0,0,0,0,1,0.0,29,22:10,1,0,0,0,
277,2018-03-31,75,23-236,NJD,,NYI,W,0,0,0,-2,2,0,0,0,0,0,0,0,2,0.0,19,16:24,3,0,0,0,
278,2018-04-07,76,23-243,NJD,@,WSH,L,0,1,1,-1,0,0,0,0,0,1,0,0,0,,24,21:19,1,1,0,0,
279,2018-10-06,1,24-060,NJD,,EDM,W,0,1,1,1,0,0,0,0,0,1,0,0,0,,28,20:09,0,0,0,0,
280,2018-10-11,2,24-065,NJD,,WSH,W,0,1,1,1,4,0,0,0,0,1,0,0,1,0.0,26,18:16,3,1,0,0,
281,2018-10-14,3,24-068,NJD,,SJS,W,0,1,1,0,0,0,0,0,0,1,0,0,1,0.0,24,21:29,2,1,0,0,
282,2018-10-16,4,24-070,NJD,,DAL,W,0,1,1,1,0,0,0,0,0,1,0,0,1,0.0,26,16:35,0,0,0,0,
283,2018-10-18,5,24-072,NJD,,COL,L,0,0,0,0,0,0,0,0,0,0,0,0,3,0.0,24,19:03,2,1,0,0,
284,2018-10-20,6,24-074,NJD,@,PHI,L,1,0,1,-2,2,0,1,0,0,0,0,0,1,100.0,29,21:59,1,0,0,0,
285,2018-10-25,7,24-079,NJD,,NSH,L-OT,1,0,1,0,0,1,0,0,0,0,0,0,2,50.0,27,21:08,3,1,0,0,
286,2018-10-27,8,24-081,NJD,,FLA,W,0,1,1,0,0,0,0,0,0,1,0,0,4,0.0,28,22:37,1,2,0,0,
287,2018-10-30,9,24-084,NJD,@,TBL,L,0,0,0,-3,0,0,0,0,0,0,0,0,1,0.0,27,18:28,2,0,0,0,
288,2018-11-01,10,24-086,NJD,@,DET,L,0,0,0,0,2,0,0,0,0,0,0,0,3,0.0,26,18:50,2,1,0,0,
289,2018-11-03,11,24-088,NJD,@,NYI,L,0,0,0,0,0,0,0,0,0,0,0,0,1,0.0,20,19:31,2,0,0,0,
290,2018-11-05,12,24-090,NJD,@,PIT,W,0,1,1,1,0,0,0,0,0,1,0,0,1,0.0,27,18:52,3,1,0,0,
291,2018-11-06,13,24-091,NJD,@,OTT,L,0,0,0,-2,0,0,0,0,0,0,0,0,1,0.0,26,18:56,1,0,0,0,
292,2018-11-09,14,24-094,NJD,@,TOR,L,0,0,0,-2,0,0,0,0,0,0,0,0,3,0.0,27,18:50,5,0,0,0,
293,2018-11-11,15,24-096,NJD,@,WPG,L,0,2,2,0,0,0,0,0,0,2,0,0,1,0.0,23,20:23,1,1,0,0,
294,2018-11-13,16,24-098,NJD,,PIT,W,1,1,2,3,0,1,0,0,0,1,0,0,4,25.0,26,20:10,0,0,0,0,
295,2018-11-15,17,24-100,NJD,@,PHI,W,0,0,0,1,10,0,0,0,0,0,0,0,1,0.0,29,22:03,6,0,0,0,
296,2018-11-17,18,24-102,NJD,,DET,L-OT,0,1,1,0,2,0,0,0,0,0,0,1,2,0.0,33,26:16,0,2,0,0,
297,2018-11-18,19,24-103,NJD,@,CAR,L,0,0,0,0,0,0,0,0,0,0,0,0,3,0.0,30,22:33,1,2,0,0,
298,2018-11-21,20,24-106,NJD,,MTL,W,0,1,1,0,0,0,0,0,0,0,1,0,4,0.0,26,20:43,0,1,0,0,
299,2018-11-23,21,24-108,NJD,,NYI,L-OT,0,0,0,-1,0,0,0,0,0,0,0,0,0,,26,22:26,2,1,0,0,
300,2018-11-25,22,24-110,NJD,@,TBL,L,0,0,0,-3,0,0,0,0,0,0,0,0,3,0.0,25,20:22,0,1,0,0,
301,2018-11-26,23,24-111,NJD,@,FLA,L-OT,0,0,0,-1,0,0,0,0,0,0,0,0,1,0.0,29,25:08,1,0,0,0,
302,2018-11-30,24,24-115,NJD,@,WSH,L,0,0,0,-1,0,0,0,0,0,0,0,0,4,0.0,22,20:56,1,2,0,0,
303,2018-12-01,25,24-116,NJD,,WPG,L-OT,0,1,1,-1,2,0,0,0,0,0,1,0,1,0.0,22,21:47,1,1,0,0,
304,2018-12-03,26,24-118,NJD,,TBL,L,0,0,0,-1,0,0,0,0,0,0,0,0,1,0.0,22,19:24,1,0,0,0,
305,2018-12-06,27,24-121,NJD,@,LAK,W,0,1,1,1,0,0,0,0,0,1,0,0,2,0.0,31,24:39,0,2,0,0,
306,2018-12-09,28,24-124,NJD,@,ANA,L-SO,1,0,1,-3,2,0,1,0,0,0,0,0,3,33.3,30,23:07,0,1,0,0,
307,2018-12-10,29,24-125,NJD,@,SJS,L,0,1,1,1,0,0,0,0,0,1,0,0,0,,28,21:26,2,1,0,0,
308,2018-12-14,30,24-129,NJD,,VEG,W,0,0,0,1,0,0,0,0,0,0,0,0,1,0.0,26,23:08,0,0,0,0,
309,2018-12-15,31,24-130,NJD,@,NSH,L-SO,0,0,0,0,0,0,0,0,0,0,0,0,3,0.0,28,22:32,1,0,0,0,
310,2018-12-18,32,24-133,NJD,,TOR,L,0,0,0,-2,0,0,0,0,0,0,0,0,1,0.0,25,21:59,0,2,0,0,
311,2018-12-20,33,24-135,NJD,@,CBJ,L,0,0,0,-1,0,0,0,0,0,0,0,0,1,0.0,25,20:38,1,2,0,0,
312,2018-12-21,34,24-136,NJD,,OTT,W,0,0,0,0,0,0,0,0,0,0,0,0,2,0.0,29,22:06,0,1,0,0,
313,2018-12-23,35,24-138,NJD,,CBJ,L,0,0,0,0,2,0,0,0,0,0,0,0,3,0.0,27,20:59,0,0,0,0,
314,2018-12-27,36,24-142,NJD,@,BOS,W,1,0,1,3,0,1,0,0,0,0,0,0,1,100.0,30,20:14,0,0,0,0,
315,2018-12-29,37,24-144,NJD,,CAR,W,0,0,0,1,0,0,0,0,0,0,0,0,0,,26,22:49,0,0,0,0,
316,2018-12-31,38,24-146,NJD,,VAN,W,0,1,1,0,2,0,0,0,0,0,1,0,1,0.0,25,18:51,2,0,0,0,
317,2019-01-02,39,24-148,NJD,@,DAL,L,0,0,0,-2,0,0,0,0,0,0,0,0,1,0.0,29,23:16,1,3,0,0,
318,2019-01-04,40,24-150,NJD,@,ARI,W,0,0,0,0,0,0,0,0,0,0,0,0,0,,32,23:54,2,2,0,0,
319,2019-01-06,41,24-152,NJD,@,VEG,L,0,0,0,0,0,0,0,0,0,0,0,0,1,0.0,28,20:23,0,1,0,0,
320,2019-01-08,42,24-154,NJD,@,BUF,L,0,0,0,-1,0,0,0,0,0,0,0,0,4,0.0,25,21:00,1,0,0,0,
321,2019-01-10,43,24-156,NJD,,TOR,L,0,0,0,0,0,0,0,0,0,0,0,0,3,0.0,31,22:22,1,1,0,0,
322,2019-01-12,44,24-158,NJD,,PHI,W,1,0,1,1,2,1,0,0,0,0,0,0,1,100.0,27,19:11,0,2,0,0,
323,2019-01-14,45,24-160,NJD,,CHI,W,0,1,1,-1,0,0,0,0,0,0,1,0,4,0.0,23,20:53,0,0,0,0,
324,2019-01-15,46,24-161,NJD,@,CBJ,L,0,0,0,-2,4,0,0,0,0,0,0,0,0,,20,13:43,0,2,0,0,
325,2019-01-17,47,24-163,NJD,@,NYI,L,0,1,1,0,0,0,0,0,0,1,0,0,0,,24,20:55,1,2,0,0,
326,2019-01-19,48,24-165,NJD,,ANA,L,0,0,0,0,0,0,0,0,0,0,0,0,5,0.0,25,22:35,0,1,0,0,
327,2019-01-28,49,24-174,NJD,@,PIT,W,1,0,1,-1,0,1,0,0,0,0,0,0,3,33.3,29,22:38,2,1,0,0,
328,2019-01-31,50,24-177,NJD,,NYR,L,0,1,1,-1,0,0,0,0,0,0,1,0,4,0.0,31,25:55,0,1,0,0,
329,2019-02-02,51,24-179,NJD,@,MTL,W,0,0,0,-1,0,0,0,0,0,0,0,0,0,,28,24:20,1,2,0,0,
330,2019-02-05,52,24-182,NJD,,LAK,L,0,0,0,-1,2,0,0,0,0,0,0,0,1,0.0,23,23:32,2,2,0,0,
331,2019-02-07,53,24-184,NJD,,NYI,L-SO,0,0,0,0,2,0,0,0,0,0,0,0,3,0.0,28,24:03,2,0,0,0,
332,2019-02-09,54,24-186,NJD,,MIN,L,0,1,1,1,0,0,0,0,0,1,0,0,0,,26,25:00,0,2,0,0,
333,2019-02-10,55,24-187,NJD,,CAR,W,0,0,0,2,2,0,0,0,0,0,0,0,2,0.0,24,21:12,2,1,0,0,
334,2019-02-12,56,24-189,NJD,@,STL,L,0,0,0,-3,2,0,0,0,0,0,0,0,2,0.0,25,20:32,1,1,0,0,
335,2019-02-14,57,24-191,NJD,@,CHI,L,1,0,1,-2,0,1,0,0,0,0,0,0,1,100.0,28,23:43,0,1,0,0,
336,2019-02-15,58,24-192,NJD,@,MIN,W,0,0,0,0,4,0,0,0,0,0,0,0,0,,28,26:20,2,2,0,0,
337,2019-02-17,59,24-194,NJD,,BUF,W,0,1,1,0,4,0,0,0,0,0,1,0,3,0.0,27,21:46,1,1,0,0,
338,2019-02-19,60,24-196,NJD,,PIT,L,0,1,1,0,0,0,0,0,0,1,0,0,1,0.0,26,22:46,0,0,0,0,
339,2019-02-21,61,24-198,NJD,,OTT,W,0,1,1,1,0,0,0,0,0,1,0,0,0,,26,23:22,0,1,0,0,
340,2019-02-23,62,24-200,NJD,@,NYR,L,0,0,0,-1,0,0,0,0,0,0,0,0,0,,25,25:15,0,2,0,0,
341,2019-02-25,63,24-202,NJD,,MTL,W,0,0,0,-1,0,0,0,0,0,0,0,0,1,0.0,28,27:05,0,1,0,0,
342,2019-02-27,64,24-204,NJD,,CGY,L,0,0,0,1,2,0,0,0,0,0,0,0,2,0.0,26,20:59,3,1,0,0,
343,2019-03-01,65,24-206,NJD,,PHI,L,1,2,3,1,2,1,0,0,0,2,0,0,3,33.3,24,18:19,1,2,0,0,
344,2019-03-02,66,24-207,NJD,@,BOS,L,0,0,0,0,0,0,0,0,0,0,0,0,0,,27,20:16,2,1,0,0,
345,2019-03-05,67,24-210,NJD,,CBJ,L-SO,0,0,0,0,0,0,0,0,0,0,0,0,0,,31,28:16,0,3,0,0,
346,2019-03-08,68,24-213,NJD,@,WSH,L,0,0,0,-2,0,0,0,0,0,0,0,0,3,0.0,22,24:02,0,0,0,0,
347,2019-03-09,69,24-214,NJD,@,NYR,L,1,0,1,0,0,1,0,0,0,0,0,0,3,33.3,26,23:45,1,0,0,0,
348,2019-03-12,70,24-217,NJD,@,CGY,L,0,1,1,0,0,0,0,0,0,1,0,0,2,0.0,26,21:09,0,2,0,0,
349,2019-03-13,71,24-218,NJD,@,EDM,W,1,1,2,3,2,0,1,0,0,0,1,0,4,25.0,27,23:51,1,0,0,0,
350,2019-03-15,72,24-220,NJD,@,VAN,W,0,0,0,0,0,0,0,0,0,0,0,0,1,0.0,30,26:15,0,2,0,0,
351,2019-03-17,73,24-222,NJD,@,COL,L,0,0,0,-3,0,0,0,0,0,0,0,0,5,0.0,24,24:28,2,2,0,0,
352,2019-03-19,74,24-224,NJD,,WSH,L,0,0,0,-1,0,0,0,0,0,0,0,0,1,0.0,25,20:21,0,0,0,0,
353,2019-03-21,75,24-226,NJD,,BOS,L,0,0,0,-3,0,0,0,0,0,0,0,0,1,0.0,24,23:29,1,1,0,0,
354,2019-03-23,76,24-228,NJD,,ARI,W,0,0,0,0,0,0,0,0,0,0,0,0,2,0.0,26,25:36,0,1,0,0,
355,2019-03-25,77,24-230,NJD,,BUF,W,0,0,0,0,0,0,0,0,0,0,0,0,2,0.0,25,23:04,0,1,0,0,
356,2019-03-29,78,24-234,NJD,@,DET,L,0,0,0,-2,0,0,0,0,0,0,0,0,1,0.0,23,19:57,2,1,0,0,
357,2019-03-30,79,24-235,NJD,,STL,L-OT,0,0,0,0,0,0,0,0,0,0,0,0,1,0.0,25,24:29,1,5,0,0,
358,2019-04-01,80,24-237,NJD,,NYR,W,0,1,1,0,0,0,0,0,0,0,1,0,5,0.0,23,25:21,0,2,0,0,
359,2019-04-04,81,24-240,NJD,@,CAR,L,0,0,0,0,0,0,0,0,0,0,0,0,3,0.0,22,25:04,2,1,0,0,
360,2019-04-06,82,24-242,NJD,@,FLA,W,0,1,1,-1,2,0,0,0,0,0,1,0,1,0.0,25,23:47,1,2,0,0,
361,2019-10-04,1,25-058,NJD,,WPG,L-SO,0,0,0,-4,0,0,0,0,0,0,0,0,1,0.0,20,16:51,0,0,0,0,
362,2019-10-05,2,25-059,NJD,@,BUF,L,0,1,1,-1,0,0,0,0,0,1,0,0,0,,28,20:27,0,1,0,0,
363,2019-10-09,3,25-063,NJD,@,PHI,L,0,0,0,0,0,0,0,0,0,0,0,0,2,0.0,23,16:30,1,1,0,0,
364,2019-10-10,4,25-064,NJD,,EDM,L-SO,1,0,1,0,0,1,0,0,0,0,0,0,1,100.0,31,25:02,1,1,0,0,
365,2019-10-12,5,25-066,NJD,@,BOS,L,0,0,0,-1,0,0,0,0,0,0,0,0,2,0.0,26,21:32,0,0,0,0,
366,2019-10-14,6,25-068,NJD,,FLA,L,0,0,0,-2,0,0,0,0,0,0,0,0,1,0.0,27,18:06,4,3,0,0,
367,2019-10-17,7,25-071,NJD,,NYR,W,0,0,0,2,0,0,0,0,0,0,0,0,0,,26,18:02,1,0,0,0,
368,2019-10-19,8,25-073,NJD,,VAN,W,0,0,0,0,2,0,0,0,0,0,0,0,0,,26,19:01,1,1,0,0,
369,2019-10-25,9,25-079,NJD,,ARI,L,0,0,0,0,0,0,0,0,0,0,0,0,1,0.0,25,23:01,2,1,0,0,
370,2019-10-30,10,25-084,NJD,,TBL,L-OT,0,0,0,-2,0,0,0,0,0,0,0,0,0,,29,21:41,0,1,0,0,
371,2019-11-01,11,25-086,NJD,,PHI,L-SO,0,0,0,0,0,0,0,0,0,0,0,0,2,0.0,30,23:37,3,1,0,0,
372,2019-11-02,12,25-087,NJD,@,CAR,W,1,0,1,0,0,1,0,0,0,0,0,0,1,100.0,28,21:24,2,0,0,0,
373,2019-11-05,13,25-090,NJD,@,WPG,W,0,0,0,0,0,0,0,0,0,0,0,0,2,0.0,28,24:38,0,1,0,0,
374,2019-11-07,14,25-092,NJD,@,CGY,L,0,0,0,-2,0,0,0,0,0,0,0,0,1,0.0,29,21:48,1,2,0,0,
375,2019-11-08,15,25-093,NJD,@,EDM,L,0,0,0,-1,0,0,0,0,0,0,0,0,0,,27,24:12,1,2,0,0,
376,2019-11-10,16,25-095,NJD,@,VAN,W,0,1,1,1,0,0,0,0,0,1,0,0,0,,32,23:21,1,2,0,0,
377,2019-11-13,17,25-098,NJD,,OTT,L,0,0,0,0,0,0,0,0,0,0,0,0,0,,30,22:19,0,0,0,0,
378,2019-11-15,18,25-100,NJD,,PIT,W,0,0,0,2,0,0,0,0,0,0,0,0,1,0.0,29,24:06,1,2,0,0,
379,2019-11-16,19,25-101,NJD,@,MTL,W,0,0,0,0,2,0,0,0,0,0,0,0,2,0.0,32,26:43,0,0,0,0,
380,2019-11-19,20,25-104,NJD,,BOS,L,0,0,0,0,0,0,0,0,0,0,0,0,0,,26,21:15,1,1,0,0,
381,2019-11-22,21,25-107,NJD,@,PIT,L,0,0,0,-1,5,0,0,0,0,0,0,0,3,0.0,27,19:28,1,0,0,0,
382,2019-11-23,22,25-108,NJD,,DET,W,0,0,0,0,0,0,0,0,0,0,0,0,1,0.0,26,22:27,1,2,0,0,
383,2019-11-26,23,25-111,NJD,,MIN,L,0,0,0,-1,0,0,0,0,0,0,0,0,1,0.0,26,21:28,0,1,0,0,
384,2019-11-28,24,25-113,NJD,@,MTL,W,1,0,1,1,2,1,0,0,1,0,0,0,3,33.3,26,22:29,1,3,0,0,
385,2019-11-30,25,25-115,NJD,,NYR,L,0,0,0,-1,0,0,0,0,0,0,0,0,3,0.0,21,19:53,1,0,0,0,
386,2019-12-02,26,25-117,NJD,@,BUF,L,0,0,0,-3,0,0,0,0,0,0,0,0,2,0.0,24,19:22,0,0,0,0,
387,2019-12-03,27,25-118,NJD,,VEG,L,0,2,2,0,2,0,0,0,0,2,0,0,1,0.0,30,21:20,1,2,0,0,
388,2019-12-06,28,25-121,NJD,,CHI,L-SO,0,0,0,0,0,0,0,0,0,0,0,0,2,0.0,36,26:49,1,4,0,0,
389,2019-12-07,29,25-122,NJD,@,NSH,L,0,0,0,2,0,0,0,0,0,0,0,0,1,0.0,27,23:11,1,0,0,0,
390,2019-12-10,30,25-125,NJD,@,DAL,L,0,0,0,-1,0,0,0,0,0,0,0,0,2,0.0,28,24:37,3,3,0,0,
391,2019-12-13,31,25-128,NJD,@,COL,L,0,0,0,1,2,0,0,0,0,0,0,0,1,0.0,27,21:00,2,3,0,0,
392,2019-12-14,32,25-129,NJD,@,ARI,W,0,0,0,0,0,0,0,0,0,0,0,0,3,0.0,32,22:33,2,4,0,0,
393,2019-12-18,33,25-133,NJD,,ANA,W,0,0,0,-1,5,0,0,0,0,0,0,0,1,0.0,22,23:25,1,1,0,0,
394,2019-12-20,34,25-135,NJD,,WSH,L,0,1,1,-1,0,0,0,0,0,1,0,0,1,0.0,31,23:46,0,3,0,0,
395,2019-12-21,35,25-136,NJD,@,CBJ,L,0,0,0,0,0,0,0,0,0,0,0,0,3,0.0,25,21:27,1,1,0,0,
396,2019-12-23,36,25-138,NJD,@,CHI,W,1,2,3,4,0,1,0,0,0,2,0,0,2,50.0,30,25:12,1,2,0,0,
397,2019-12-27,37,25-142,NJD,,TOR,L-OT,0,0,0,-1,0,0,0,0,0,0,0,0,1,0.0,29,24:32,2,0,0,0,
398,2019-12-29,38,25-144,NJD,@,OTT,W,0,1,1,0,0,0,0,0,0,0,1,0,2,0.0,32,24:59,3,2,0,0,
399,2019-12-31,39,25-146,NJD,,BOS,W,0,0,0,0,0,0,0,0,0,0,0,0,4,0.0,31,25:42,1,1,0,0,
400,2020-01-02,40,25-148,NJD,@,NYI,W,0,0,0,0,2,0,0,0,0,0,0,0,2,0.0,31,24:03,2,2,0,0,
401,2020-01-04,41,25-150,NJD,,COL,L,0,0,0,-2,2,0,0,0,0,0,0,0,2,0.0,32,26:36,1,0,0,0,
402,2020-01-07,42,25-153,NJD,,NYI,L-OT,0,1,1,-2,0,0,0,0,0,0,1,0,1,0.0,27,20:37,2,1,0,0,
403,2020-01-09,43,25-155,NJD,@,NYR,L,1,1,2,1,0,1,0,0,0,1,0,0,3,33.3,28,23:03,1,3,0,0,
404,2020-01-11,44,25-157,NJD,@,WSH,W,0,0,0,3,0,0,0,0,0,0,0,0,1,0.0,24,21:22,3,1,0,0,
405,2020-01-12,45,25-158,NJD,,TBL,W,0,1,1,1,0,0,0,0,0,1,0,0,2,0.0,25,21:22,3,0,0,0,
406,2020-01-14,46,25-160,NJD,@,TOR,L,0,0,0,-3,0,0,0,0,0,0,0,0,0,,25,23:33,3,0,0,0,
407,2020-01-16,47,25-162,NJD,@,WSH,L,0,0,0,-1,0,0,0,0,0,0,0,0,3,0.0,28,23:07,2,1,0,0,
408,2020-01-18,48,25-164,NJD,@,CBJ,L,0,0,0,-2,12,0,0,0,0,0,0,0,4,0.0,25,21:14,1,1,0,0,
409,2020-01-27,49,25-173,NJD,@,OTT,W,1,0,1,-1,0,0,1,0,0,0,0,0,6,16.7,31,26:50,2,5,0,0,
410,2020-01-30,50,25-176,NJD,,NSH,L-SO,0,1,1,-2,2,0,0,0,0,0,1,0,6,0.0,27,24:04,1,2,0,0,
411,2020-02-01,51,25-178,NJD,,DAL,L-OT,0,1,1,1,0,0,0,0,0,1,0,0,1,0.0,30,24:06,0,0,0,0,
412,2020-02-04,52,25-181,NJD,,MTL,L-SO,0,1,1,-1,2,0,0,0,0,0,1,0,0,,37,29:24,0,2,0,0,
413,2020-02-06,53,25-183,NJD,@,PHI,W,1,0,1,3,0,0,1,0,0,0,0,0,1,100.0,27,23:24,1,0,0,0,
414,2020-02-08,54,25-185,NJD,,LAK,W,0,1,1,1,2,0,0,0,0,1,0,0,2,0.0,25,22:12,0,1,0,0,
415,2020-02-11,55,25-188,NJD,,FLA,L,0,1,1,-2,0,0,0,0,0,0,1,0,3,0.0,26,24:59,0,3,0,0,
416,2020-02-13,56,25-190,NJD,,DET,W,0,2,2,1,2,0,0,0,0,1,1,0,1,0.0,27,25:03,1,1,0,0,
417,2020-02-14,57,25-191,NJD,@,CAR,L,0,0,0,-2,0,0,0,0,0,0,0,0,3,0.0,24,24:06,0,0,0,0,
418,2020-02-16,58,25-193,NJD,,CBJ,W,0,0,0,0,2,0,0,0,0,0,0,0,2,0.0,32,24:02,2,4,0,0,
419,2020-02-18,59,25-195,NJD,@,STL,L,0,0,0,-3,0,0,0,0,0,0,0,0,1,0.0,31,27:22,1,1,0,0,
420,2020-02-20,60,25-197,NJD,,SJS,W,0,0,0,1,0,0,0,0,0,0,0,0,1,0.0,30,27:12,0,0,0,0,
421,2020-02-22,61,25-199,NJD,,WSH,W,1,1,2,1,0,0,1,0,1,1,0,0,3,33.3,31,26:07,1,2,0,0,
422,2020-02-25,62,25-202,NJD,@,DET,W,0,1,1,1,0,0,0,0,0,0,1,0,1,0.0,26,22:44,0,2,0,0,
423,2020-02-27,63,25-204,NJD,@,SJS,L-OT,0,0,0,-2,0,0,0,0,0,0,0,0,3,0.0,31,24:22,2,1,0,0,
424,2020-02-29,64,25-206,NJD,@,LAK,L-OT,0,0,0,-1,0,0,0,0,0,0,0,0,2,0.0,26,22:44,1,2,0,0,
425,2020-03-01,65,25-207,NJD,@,ANA,W,0,0,0,0,0,0,0,0,0,0,0,0,1,0.0,25,20:57,2,2,0,0,
426,2020-03-03,66,25-209,NJD,@,VEG,L,0,0,0,-2,0,0,0,0,0,0,0,0,0,,26,22:44,1,0,0,0,
427,2020-03-06,67,25-212,NJD,,STL,W,0,1,1,0,2,0,0,0,0,1,0,0,4,0.0,28,25:26,1,1,0,0,
428,2020-03-07,68,25-213,NJD,@,NYR,W,0,2,2,3,2,0,0,0,0,2,0,0,0,,29,21:24,1,2,0,0,
429,2020-03-10,69,25-216,NJD,,PIT,L,0,0,0,-1,2,0,0,0,0,0,0,0,1,0.0,28,23:01,3,5,0,0,
