,date_game,game_season,age,team_id,game_location,opp_id,game_result,goals,assists,points,plus_minus,pen_min,goals_ev,goals_pp,goals_sh,goals_gw,assists_ev,assists_pp,assists_sh,shots,shot_pct,shifts,time_on_ice,hits_all,blocks_all,faceoff_wins_all,faceoff_losses_all,faceoff_percentage_all
0,2009-12-04,1,22-219,ANA,@,MIN,L-SO,0,0,0,0,0,0,0,0,0,,,,0,,20,13:00,0,2,0,0,
1,2009-12-06,2,22-221,ANA,,OTT,L-SO,0,0,0,-1,0,0,0,0,0,,,,4,0.0,19,14:17,1,1,0,0,
2,2009-12-08,3,22-223,ANA,,DAL,W,2,0,2,2,2,2,0,0,0,,,,9,22.2,19,15:06,1,0,0,0,
3,2009-12-11,4,22-226,ANA,@,DET,L-OT,1,1,2,2,0,1,0,0,0,,,,2,50.0,19,14:05,1,0,0,0,
4,2009-12-12,5,22-227,ANA,@,CBJ,W,1,0,1,2,0,1,0,0,0,,,,3,33.3,19,15:28,2,0,0,0,
5,2009-12-16,6,22-231,ANA,@,VAN,W,0,2,2,-1,0,0,0,0,0,,,,3,0.0,19,12:14,1,0,0,0,
6,2009-12-17,7,22-232,ANA,@,SJS,L,0,0,0,0,0,0,0,0,0,,,,2,0.0,18,15:53,3,0,0,0,
7,2009-12-19,8,22-234,ANA,,PHX,W,0,0,0,-1,0,0,0,0,0,,,,3,0.0,20,14:41,1,0,0,0,
8,2009-12-22,9,22-237,ANA,@,COL,W,1,0,1,1,0,1,0,0,0,,,,8,12.5,26,16:51,1,0,0,0,
9,2009-12-23,10,22-238,ANA,@,PHX,L,0,0,0,-3,0,0,0,0,0,,,,1,0.0,19,14:01,2,0,0,0,
10,2009-12-26,11,22-241,ANA,@,SJS,L,0,0,0,-2,0,0,0,0,0,,,,3,0.0,20,16:15,0,1,0,0,
11,2009-12-29,12,22-244,ANA,,MIN,W,1,0,1,2,0,1,0,0,0,,,,4,25.0,19,13:52,1,0,0,0,
12,2009-12-31,13,22-246,ANA,@,DAL,L,0,2,2,0,0,0,0,0,0,,,,2,0.0,23,18:36,1,0,0,0,
13,2010-01-02,14,22-248,ANA,@,NSH,L,0,0,0,-2,0,0,0,0,0,,,,0,,16,12:44,1,3,0,0,
14,2010-01-03,15,22-249,ANA,@,CHI,L,0,0,0,0,0,0,0,0,0,,,,1,0.0,22,16:32,1,1,0,0,
15,2010-01-05,16,22-251,ANA,,DET,W,0,0,0,0,0,0,0,0,0,,,,0,,19,14:14,0,0,0,0,
16,2010-01-07,17,22-253,ANA,,STL,W,0,1,1,2,0,0,0,0,0,,,,3,0.0,17,13:20,1,0,0,0,
17,2010-01-09,18,22-255,ANA,@,NSH,W,0,0,0,-1,0,0,0,0,0,,,,3,0.0,21,13:42,0,0,0,0,
18,2010-01-10,19,22-256,ANA,@,CHI,W,0,1,1,1,0,0,0,0,0,,,,1,0.0,17,11:25,2,1,0,0,
19,2010-01-13,20,22-259,ANA,,BOS,W,1,0,1,-1,0,0,1,0,0,,,,2,50.0,16,11:24,1,0,0,0,
20,2010-01-14,21,22-260,ANA,@,LAK,L,0,0,0,-1,0,0,0,0,0,,,,0,,16,11:28,0,0,0,0,
21,2010-01-17,22,22-263,ANA,,CGY,W,1,1,2,0,0,0,1,0,0,,,,1,100.0,20,13:19,0,0,0,0,
22,2010-01-19,23,22-265,ANA,,BUF,W,0,0,0,0,0,0,0,0,0,,,,0,,19,14:00,2,0,0,0,
23,2010-01-21,24,22-267,ANA,@,SJS,L,0,0,0,0,0,0,0,0,0,,,,0,,13,9:06,1,0,0,0,
24,2010-01-23,25,22-269,ANA,@,STL,W,0,1,1,1,0,0,0,0,0,,,,3,0.0,18,12:55,2,0,0,0,
25,2010-01-26,26,22-272,ANA,@,ATL,L,0,0,0,0,2,0,0,0,0,,,,3,0.0,20,15:02,0,0,0,0,
26,2010-01-27,27,22-273,ANA,@,WSH,L,1,0,1,-1,0,1,0,0,0,,,,1,100.0,17,12:23,2,0,0,0,
27,2010-01-29,28,22-275,ANA,@,TBL,W,0,0,0,0,10,0,0,0,0,,,,3,0.0,17,14:22,0,0,0,0,
28,2010-03-03,29,22-308,ANA,,COL,L,0,0,0,0,0,0,0,0,0,,,,2,0.0,11,10:03,1,0,0,0,
29,2010-03-06,30,22-311,ANA,@,PHX,L,0,0,0,-2,2,0,0,0,0,,,,2,0.0,13,8:13,0,0,0,0,
30,2010-03-07,31,22-312,ANA,,MTL,L-SO,0,0,0,0,0,0,0,0,0,,,,1,0.0,11,7:06,0,0,0,0,
31,2010-03-09,32,22-314,ANA,,CBJ,L,0,0,0,0,0,0,0,0,0,,,,3,0.0,22,15:10,0,0,0,0,
32,2010-03-12,33,22-317,ANA,,NSH,L,0,0,0,0,0,0,0,0,0,,,,1,0.0,14,8:27,0,0,0,0,
33,2010-03-14,34,22-319,ANA,,SJS,W,0,1,1,1,0,0,0,0,0,,,,3,0.0,19,13:06,1,0,0,1,0.0
34,2010-03-17,35,22-322,ANA,,CHI,W,0,0,0,0,0,0,0,0,0,,,,2,0.0,21,16:33,0,0,0,0,
35,2010-03-19,36,22-324,ANA,,NYI,W,0,0,0,1,0,0,0,0,0,,,,2,0.0,18,12:33,0,0,0,0,
36,2010-03-21,37,22-326,ANA,,COL,W,0,0,0,0,0,0,0,0,0,,,,1,0.0,22,14:28,0,0,0,0,
37,2010-03-23,38,22-328,ANA,@,CGY,L,0,0,0,1,0,0,0,0,0,,,,0,,19,13:55,1,0,0,0,
38,2010-03-26,39,22-331,ANA,@,EDM,W,0,0,0,-1,0,0,0,0,0,,,,4,0.0,19,14:05,0,0,0,0,
39,2010-04-08,40,22-344,ANA,@,DAL,L-SO,0,0,0,1,0,0,0,0,0,,,,4,0.0,21,14:53,1,1,0,0,
40,2010-04-09,41,22-345,ANA,@,STL,L,0,0,0,-3,0,0,0,0,0,,,,3,0.0,18,14:28,0,2,0,0,
41,2010-10-08,1,23-162,ANA,@,DET,L,0,0,0,0,0,0,0,0,0,,,,0,,13,9:40,2,0,0,0,
42,2010-10-13,2,23-167,ANA,,VAN,W,0,0,0,-1,0,0,0,0,0,,,,4,0.0,19,13:52,0,1,0,0,
43,2010-10-15,3,23-169,ANA,,ATL,L-SO,0,0,0,0,0,0,0,0,0,,,,3,0.0,18,12:42,1,0,0,0,
44,2010-10-17,4,23-171,ANA,,PHX,W,0,0,0,-1,2,0,0,0,0,,,,3,0.0,22,14:24,1,0,0,0,
45,2010-10-20,5,23-174,ANA,@,CBJ,L,0,0,0,-1,0,0,0,0,0,,,,3,0.0,18,14:43,0,0,0,0,
46,2010-10-21,6,23-175,ANA,@,PHI,W,0,0,0,-1,0,0,0,0,0,,,,0,,18,12:41,0,0,0,0,
47,2010-10-23,7,23-177,ANA,@,DET,L,0,0,0,0,0,0,0,0,0,,,,0,,4,2:15,0,1,0,0,
48,2010-11-21,8,23-206,ANA,,EDM,L,0,1,1,0,0,0,0,0,0,,,,2,0.0,22,18:05,1,0,0,1,0.0
49,2010-11-26,9,23-211,ANA,,CHI,L,1,0,1,-1,0,0,1,0,0,,,,4,25.0,21,16:01,1,1,0,0,
50,2010-11-27,10,23-212,ANA,@,PHX,W,0,1,1,0,0,0,0,0,0,,,,0,,20,15:26,0,0,0,0,
51,2010-11-29,11,23-214,ANA,,LAK,W,0,0,0,0,0,0,0,0,0,,,,0,,11,9:31,0,0,0,0,
52,2010-12-01,12,23-216,ANA,,FLA,W,0,0,0,0,0,0,0,0,0,,,,2,0.0,17,12:42,2,0,0,0,
53,2010-12-03,13,23-218,ANA,,DET,L,0,0,0,-2,0,0,0,0,0,,,,2,0.0,21,18:54,0,1,0,0,
54,2010-12-10,14,23-225,ANA,,CGY,W,1,0,1,1,0,1,0,0,0,,,,2,50.0,10,9:30,0,0,0,0,
55,2010-12-12,15,23-227,ANA,,MIN,W,0,0,0,0,0,0,0,0,0,,,,1,0.0,18,12:08,1,0,0,0,
56,2010-12-15,16,23-230,ANA,@,WSH,W,0,0,0,0,0,0,0,0,0,,,,1,0.0,17,13:44,1,0,0,0,
57,2010-12-16,17,23-231,ANA,@,NYI,L,0,0,0,0,0,0,0,0,0,,,,4,0.0,16,9:44,0,0,0,0,
58,2011-01-05,18,23-251,ANA,,NSH,L,0,1,1,0,0,0,0,0,0,,,,5,0.0,18,13:05,0,0,0,0,
59,2011-01-07,19,23-253,ANA,,CBJ,W,0,0,0,0,0,0,0,0,0,,,,1,0.0,15,11:36,1,0,0,0,
60,2011-01-09,20,23-255,ANA,,SJS,W,0,0,0,0,0,0,0,0,0,,,,1,0.0,7,4:43,0,1,0,0,
61,2011-01-12,21,23-258,ANA,,STL,W,0,0,0,0,0,0,0,0,0,,,,1,0.0,11,9:07,0,0,0,0,
62,2011-01-15,22,23-261,ANA,@,PHX,L,0,0,0,-1,0,0,0,0,0,,,,2,0.0,13,12:37,3,1,0,0,
63,2011-01-18,23,23-264,ANA,@,OTT,W,0,0,0,0,0,0,0,0,0,,,,2,0.0,15,11:40,0,1,0,0,
64,2011-01-20,24,23-266,ANA,@,TOR,L,1,0,1,1,0,1,0,0,0,,,,1,100.0,16,9:36,0,1,0,0,
65,2011-01-22,25,23-268,ANA,@,MTL,W,0,0,0,0,0,0,0,0,0,,,,3,0.0,12,7:44,0,0,0,0,
66,2011-01-25,26,23-271,ANA,@,CBJ,W,0,0,0,0,0,0,0,0,0,,,,2,0.0,11,5:23,0,0,0,0,
67,2011-02-02,27,23-279,ANA,,SJS,L,0,1,1,0,0,0,0,0,0,,,,3,0.0,18,13:48,0,0,0,0,
68,2011-02-05,28,23-282,ANA,@,COL,W,0,0,0,0,0,0,0,0,0,,,,1,0.0,16,10:07,1,0,0,0,
69,2011-02-09,29,23-286,ANA,@,VAN,W,0,1,1,1,0,0,0,0,0,,,,0,,18,12:34,1,2,0,0,
70,2011-02-11,30,23-288,ANA,@,CGY,W,0,0,0,-1,0,0,0,0,0,,,,0,,16,11:33,0,1,0,0,
71,2011-02-13,31,23-290,ANA,@,EDM,W,0,1,1,1,0,0,0,0,0,,,,1,0.0,16,12:29,0,1,0,0,
72,2011-02-16,32,23-293,ANA,,WSH,L,0,0,0,0,2,0,0,0,0,,,,1,0.0,20,12:55,2,1,0,0,
73,2011-02-18,33,23-295,ANA,@,MIN,L,0,0,0,-1,0,0,0,0,0,,,,2,0.0,19,11:46,0,0,0,0,
74,2011-02-23,34,23-300,ANA,,LAK,L,0,1,1,1,0,0,0,0,0,,,,1,0.0,18,17:26,2,0,0,0,
75,2011-02-25,35,23-302,ANA,,MIN,L-OT,0,0,0,0,0,0,0,0,0,,,,8,0.0,16,11:46,2,2,0,1,0.0
76,2011-02-27,36,23-304,ANA,,COL,W,0,0,0,0,0,0,0,0,0,,,,1,0.0,20,14:07,2,0,0,0,
77,2011-03-02,37,23-307,ANA,,DET,W,0,0,0,0,0,0,0,0,0,,,,0,,9,8:17,1,0,0,0,
78,2011-03-04,38,23-309,ANA,,DAL,W,0,1,1,1,0,0,0,0,0,,,,2,0.0,18,15:50,0,1,0,0,
79,2011-03-06,39,23-311,ANA,,VAN,L,0,0,0,-1,0,0,0,0,0,,,,0,,13,9:43,1,0,0,0,
80,2011-03-09,40,23-314,ANA,,NYR,W,0,0,0,0,0,0,0,0,0,,,,2,0.0,16,12:56,1,1,1,0,100.0
81,2011-03-11,41,23-316,ANA,@,COL,W,1,0,1,1,0,1,0,0,0,,,,1,100.0,18,11:39,0,1,0,0,
82,2011-03-13,42,23-318,ANA,,PHX,L,0,0,0,-1,0,0,0,0,0,,,,0,,19,11:57,1,0,0,0,
83,2011-03-16,43,23-321,ANA,,STL,W,0,0,0,0,0,0,0,0,0,,,,0,,14,9:06,0,1,0,0,
84,2011-03-19,44,23-324,ANA,@,LAK,W,0,1,1,1,0,0,0,0,0,,,,1,0.0,13,10:22,0,0,0,0,
85,2011-03-20,45,23-325,ANA,,CGY,W,0,0,0,0,0,0,0,0,0,,,,1,0.0,15,8:36,1,1,0,1,0.0
86,2011-03-23,46,23-328,ANA,@,DAL,W,0,0,0,0,0,0,0,0,0,,,,3,0.0,16,9:42,0,0,0,0,
87,2011-03-24,47,23-329,ANA,@,NSH,L,0,0,0,-2,0,0,0,0,0,,,,1,0.0,11,6:35,0,0,0,0,
