,date_game,game_season,age,team_id,game_location,opp_id,game_result,goals,assists,points,plus_minus,pen_min,goals_ev,goals_pp,goals_sh,goals_gw,assists_ev,assists_pp,assists_sh,shots,shot_pct,shifts,time_on_ice,hits_all,blocks_all,faceoff_wins_all,faceoff_losses_all,faceoff_percentage_all
0,2008-10-11,1,20-046,LAK,@,SJS,L,0,0,0,0,0,0,0,0,0,,,,0,,15,12:02,3,0,0,0,
1,2008-10-12,2,20-047,LAK,,SJS,L,0,0,0,0,0,0,0,0,0,,,,0,,16,12:13,2,0,0,1,0.0
2,2008-10-14,3,20-049,LAK,,ANA,W,1,0,1,1,0,1,0,0,0,,,,1,100.0,10,6:29,1,0,0,0,
3,2008-10-17,4,20-052,LAK,,CAR,W,0,1,1,1,0,0,0,0,0,,,,3,0.0,18,15:14,3,2,0,0,
4,2008-10-20,5,20-055,LAK,,COL,L,0,0,0,-2,0,0,0,0,0,,,,1,0.0,17,12:19,1,0,1,0,100.0
5,2008-10-24,6,20-059,LAK,@,STL,W,0,0,0,0,5,0,0,0,0,,,,1,0.0,19,12:44,0,1,0,0,
6,2008-10-25,7,20-060,LAK,@,NSH,L,0,0,0,0,0,0,0,0,0,,,,0,,15,10:45,0,0,0,1,0.0
7,2008-10-27,8,20-062,LAK,,DET,L-SO,0,0,0,1,0,0,0,0,0,,,,0,,16,9:32,1,1,0,0,
8,2008-10-30,9,20-065,LAK,,VAN,L,0,0,0,0,2,0,0,0,0,,,,3,0.0,14,10:21,3,0,0,0,
9,2008-11-01,10,20-067,LAK,,CGY,L,0,0,0,-1,0,0,0,0,0,,,,2,0.0,14,10:15,1,1,0,0,
10,2008-11-04,11,20-070,LAK,,ANA,L-OT,0,0,0,-1,2,0,0,0,0,,,,2,0.0,17,13:05,1,2,0,0,
11,2008-11-06,12,20-072,LAK,,FLA,W,0,0,0,-1,2,0,0,0,0,,,,0,,16,11:10,1,1,0,0,
12,2008-11-08,13,20-074,LAK,,STL,W,0,0,0,-1,0,0,0,0,0,,,,0,,17,12:48,1,0,1,0,100.0
13,2008-11-11,14,20-077,LAK,,DAL,W,0,0,0,0,0,0,0,0,0,,,,0,,16,12:47,2,0,0,0,
14,2008-11-13,15,20-079,LAK,@,DAL,W,0,0,0,0,0,0,0,0,0,,,,2,0.0,16,10:25,1,2,0,0,
15,2008-11-15,16,20-081,LAK,,NSH,L,0,0,0,0,0,0,0,0,0,,,,1,0.0,16,14:33,3,0,0,0,
16,2008-11-16,17,20-082,LAK,@,ANA,L,0,0,0,-1,0,0,0,0,0,,,,0,,13,8:53,0,0,0,0,
17,2008-11-20,18,20-086,LAK,,WSH,W,0,0,0,1,2,0,0,0,0,,,,3,0.0,18,15:17,3,0,0,0,
18,2008-11-22,19,20-088,LAK,,COL,L-SO,0,0,0,0,0,0,0,0,0,,,,2,0.0,19,14:47,2,1,0,1,0.0
19,2008-11-25,20,20-091,LAK,@,CGY,L,0,1,1,1,2,0,0,0,0,,,,2,0.0,20,13:11,3,0,1,1,50.0
20,2008-11-26,21,20-092,LAK,@,EDM,W,0,0,0,0,0,0,0,0,0,,,,0,,12,9:16,1,2,0,0,
21,2008-11-29,22,20-095,LAK,,CHI,W,0,0,0,0,5,0,0,0,0,,,,1,0.0,14,11:08,2,2,0,1,0.0
22,2008-12-01,23,20-097,LAK,,TOR,L,0,0,0,0,2,0,0,0,0,,,,1,0.0,17,9:42,2,1,0,0,
23,2008-12-02,24,20-098,LAK,@,PHX,L,0,0,0,0,0,0,0,0,0,,,,1,0.0,20,13:56,1,1,0,1,0.0
24,2008-12-05,25,20-101,LAK,,EDM,L-SO,0,0,0,-1,2,0,0,0,0,,,,1,0.0,25,16:50,1,0,0,0,
25,2008-12-06,26,20-102,LAK,,CBJ,W,1,0,1,1,0,1,0,0,1,,,,1,100.0,18,14:12,3,0,0,0,
26,2008-12-09,27,20-105,LAK,@,COL,L,0,0,0,0,0,0,0,0,0,,,,1,0.0,21,15:03,2,0,1,0,100.0
27,2008-12-11,28,20-107,LAK,,STL,W,0,0,0,0,0,0,0,0,0,,,,0,,18,11:11,0,0,0,0,
28,2008-12-13,29,20-109,LAK,,MIN,W,0,1,1,0,0,0,0,0,0,,,,2,0.0,20,12:53,1,0,1,1,50.0
29,2008-12-15,30,20-111,LAK,,SJS,L-SO,0,0,0,0,0,0,0,0,0,,,,0,,23,17:23,2,0,0,0,
30,2008-12-17,31,20-113,LAK,,NYR,L-OT,0,0,0,0,0,0,0,0,0,,,,1,0.0,22,16:31,1,1,0,0,
31,2008-12-19,32,20-115,LAK,@,BUF,L,0,0,0,-2,0,0,0,0,0,,,,1,0.0,20,14:15,3,0,0,1,0.0
32,2008-12-20,33,20-116,LAK,@,DET,L,0,1,1,0,0,0,0,0,0,,,,3,0.0,21,14:41,2,0,0,0,
33,2008-12-23,34,20-119,LAK,@,CBJ,W,0,0,0,0,2,0,0,0,0,,,,2,0.0,18,14:26,0,0,0,0,
34,2008-12-26,35,20-122,LAK,,PHX,L,0,0,0,0,0,0,0,0,0,,,,0,,19,14:51,2,0,0,0,
35,2008-12-27,36,20-123,LAK,@,PHX,W,0,0,0,1,0,0,0,0,0,,,,2,0.0,14,10:23,2,0,0,1,0.0
36,2008-12-29,37,20-125,LAK,,CBJ,L,0,0,0,0,0,0,0,0,0,,,,0,,21,15:25,6,2,0,0,
37,2009-01-03,38,20-130,LAK,,PHI,W,1,0,1,-1,0,0,1,0,0,,,,1,100.0,20,17:32,4,0,0,1,0.0
38,2009-01-06,39,20-133,LAK,@,ANA,L,0,0,0,0,0,0,0,0,0,,,,1,0.0,18,14:48,2,1,0,0,
39,2009-01-08,40,20-135,LAK,,ANA,W,1,0,1,1,2,1,0,0,0,,,,3,33.3,20,13:48,1,0,0,0,
40,2009-01-10,41,20-137,LAK,,NJD,L,0,0,0,0,0,0,0,0,0,,,,2,0.0,19,12:56,3,1,0,0,
41,2009-01-12,42,20-139,LAK,,TBL,L,0,0,0,0,0,0,0,0,0,,,,1,0.0,17,13:46,3,0,0,0,
42,2009-01-15,43,20-142,LAK,,DET,L,0,0,0,0,0,0,0,0,0,,,,0,,18,12:49,2,0,0,0,
43,2009-01-17,44,20-144,LAK,@,DAL,L-SO,0,0,0,-1,0,0,0,0,0,,,,3,0.0,23,15:34,3,0,0,0,
44,2009-01-20,45,20-147,LAK,@,MIN,W,0,1,1,1,2,0,0,0,0,,,,2,0.0,21,14:24,2,0,0,0,
45,2009-01-21,46,20-148,LAK,@,COL,W,0,0,0,-1,4,0,0,0,0,,,,3,0.0,22,13:03,2,2,0,0,
46,2009-01-29,47,20-156,LAK,,CHI,W,0,1,1,1,0,0,0,0,0,,,,1,0.0,19,16:36,2,0,0,0,
47,2009-01-31,48,20-158,LAK,@,MTL,L,0,0,0,0,5,0,0,0,0,,,,2,0.0,15,10:17,1,0,0,0,
48,2009-02-03,49,20-161,LAK,@,OTT,W,0,1,1,1,2,0,0,0,0,,,,2,0.0,21,13:22,2,0,0,0,
49,2009-02-05,50,20-163,LAK,@,WSH,W,0,0,0,-1,0,0,0,0,0,,,,1,0.0,15,11:50,1,3,0,0,
50,2009-02-07,51,20-165,LAK,@,NJD,W,0,0,0,0,0,0,0,0,0,,,,2,0.0,18,14:19,2,1,0,0,
51,2009-02-10,52,20-168,LAK,@,NYI,W,1,0,1,0,0,1,0,0,0,,,,4,25.0,19,13:11,0,1,0,0,
52,2009-02-12,53,20-170,LAK,,CGY,L,0,0,0,0,0,0,0,0,0,,,,3,0.0,16,10:42,0,1,0,0,
53,2009-02-14,54,20-172,LAK,,EDM,L-SO,0,0,0,-1,2,0,0,0,0,,,,0,,17,11:00,1,1,0,0,
54,2009-02-16,55,20-174,LAK,,ATL,L-SO,0,0,0,-1,0,0,0,0,0,,,,2,0.0,19,13:32,1,0,0,0,
55,2009-02-18,56,20-176,LAK,@,ANA,W,0,0,0,-1,5,0,0,0,0,,,,2,0.0,18,12:55,0,0,0,0,
56,2009-02-19,57,20-177,LAK,@,SJS,L,0,1,1,0,0,0,0,0,0,,,,2,0.0,16,10:33,2,1,0,0,
57,2009-02-21,58,20-179,LAK,,PHX,L,0,1,1,-1,0,0,0,0,0,,,,2,0.0,18,13:34,1,0,0,0,
58,2009-02-24,59,20-182,LAK,@,MIN,W,0,0,0,0,0,0,0,0,0,,,,4,0.0,18,14:04,0,1,0,0,
59,2009-02-25,60,20-183,LAK,@,PHI,L,0,0,0,0,0,0,0,0,0,,,,4,0.0,20,14:23,1,0,0,1,0.0
60,2009-02-27,61,20-185,LAK,@,DET,L,0,0,0,0,0,0,0,0,0,,,,3,0.0,20,15:32,0,0,0,0,
61,2009-03-01,62,20-187,LAK,@,CHI,L,0,0,0,0,0,0,0,0,0,,,,2,0.0,15,12:56,1,0,0,0,
62,2009-03-03,63,20-189,LAK,@,CBJ,L,0,0,0,0,0,0,0,0,0,,,,2,0.0,19,15:06,3,1,0,0,
63,2009-03-05,64,20-191,LAK,,DAL,W,0,0,0,-2,0,0,0,0,0,,,,3,0.0,17,12:12,2,0,0,0,
64,2009-03-07,65,20-193,LAK,,MIN,W,0,0,0,2,0,0,0,0,0,,,,1,0.0,19,15:50,0,0,0,0,
65,2009-03-09,66,20-195,LAK,,VAN,W,0,0,0,0,0,0,0,0,0,,,,1,0.0,23,17:43,1,0,0,0,
66,2009-03-13,67,20-199,LAK,@,VAN,L,0,0,0,0,0,0,0,0,0,,,,0,,21,17:32,1,1,0,1,0.0
67,2009-03-14,68,20-200,LAK,@,SJS,L-SO,1,0,1,1,0,1,0,0,0,,,,7,14.3,24,18:27,2,1,0,1,0.0
68,2009-03-16,69,20-202,LAK,,NSH,L,0,1,1,0,2,0,0,0,0,,,,1,0.0,23,17:14,1,1,0,0,
69,2009-03-19,70,20-205,LAK,@,BOS,W,0,2,2,1,0,0,0,0,0,,,,1,0.0,24,18:53,4,1,0,0,
70,2009-03-20,71,20-206,LAK,@,PIT,L,0,0,0,-1,12,0,0,0,0,,,,0,,18,10:58,1,0,0,0,
71,2009-03-22,72,20-208,LAK,@,CHI,L,0,0,0,-1,0,0,0,0,0,,,,1,0.0,26,17:42,2,1,0,0,
72,2009-03-24,73,20-210,LAK,@,STL,L,0,0,0,-1,0,0,0,0,0,,,,0,,20,14:44,2,0,1,0,100.0
73,2009-03-26,74,20-212,LAK,@,DAL,W,0,0,0,0,0,0,0,0,0,,,,3,0.0,21,19:12,0,0,1,0,100.0
74,2009-03-28,75,20-214,LAK,@,NSH,L-OT,0,0,0,-1,0,0,0,0,0,,,,1,0.0,25,16:35,4,0,0,0,
75,2009-03-31,76,20-217,LAK,,DAL,L,0,0,0,1,2,0,0,0,0,,,,2,0.0,21,18:01,1,0,0,1,0.0
76,2009-04-02,77,20-219,LAK,@,PHX,L,0,0,0,-2,0,0,0,0,0,,,,0,,20,16:30,3,1,0,0,
77,2009-04-04,78,20-221,LAK,,PHX,W,0,0,0,0,2,0,0,0,0,,,,3,0.0,18,12:32,2,0,0,0,
78,2009-04-06,79,20-223,LAK,@,CGY,L,1,0,1,0,5,1,0,0,0,,,,2,50.0,16,12:22,0,1,1,1,50.0
79,2009-04-07,80,20-224,LAK,@,EDM,W,1,1,2,1,0,1,0,0,1,,,,4,25.0,28,20:58,1,0,0,0,
80,2009-04-09,81,20-226,LAK,@,VAN,L,0,0,0,0,0,0,0,0,0,,,,1,0.0,23,17:26,1,1,1,0,100.0
81,2009-04-11,82,20-228,LAK,,SJS,W,1,1,2,1,2,0,1,0,0,,,,2,50.0,22,16:22,1,0,0,1,0.0
82,2009-10-03,1,21-038,LAK,,PHX,L,0,0,0,-1,0,0,0,0,0,,,,1,0.0,19,14:44,1,0,0,1,0.0
83,2009-10-06,2,21-041,LAK,,SJS,W,1,0,1,1,5,1,0,0,0,,,,2,50.0,22,15:53,0,0,0,0,
84,2009-10-08,3,21-043,LAK,,MIN,W,0,1,1,1,2,0,0,0,0,,,,0,,23,15:55,3,0,0,0,
85,2009-10-10,4,21-045,LAK,@,STL,W,0,0,0,0,0,0,0,0,0,,,,2,0.0,20,14:24,2,1,0,0,
86,2009-10-12,5,21-047,LAK,@,NYI,W,0,0,0,0,0,0,0,0,0,,,,0,,19,15:42,0,0,0,0,
87,2009-10-14,6,21-049,LAK,@,NYR,L,0,0,0,0,0,0,0,0,0,,,,3,0.0,17,13:02,1,0,0,0,
88,2009-10-15,7,21-050,LAK,@,DET,L,0,0,0,0,0,0,0,0,0,,,,1,0.0,15,12:54,0,1,0,0,
89,2009-10-17,8,21-052,LAK,@,CBJ,L,0,0,0,-1,0,0,0,0,0,,,,2,0.0,19,15:54,0,1,0,0,
90,2009-10-19,9,21-054,LAK,@,DAL,W,1,0,1,1,0,1,0,0,0,,,,3,33.3,18,14:19,1,0,0,0,
91,2009-10-22,10,21-057,LAK,,DAL,W,1,1,2,3,0,1,0,0,0,,,,2,50.0,24,15:48,1,1,0,0,
92,2009-10-24,11,21-059,LAK,@,PHX,W,1,0,1,1,0,1,0,0,1,,,,2,50.0,20,15:34,1,0,0,0,
93,2009-10-25,12,21-060,LAK,,CBJ,W,0,0,0,1,2,0,0,0,0,,,,2,0.0,25,18:48,2,0,0,0,
94,2009-10-28,13,21-063,LAK,@,SJS,L-SO,0,0,0,0,0,0,0,0,0,,,,1,0.0,26,20:10,0,1,0,0,
95,2009-10-29,14,21-064,LAK,,VAN,L-SO,0,0,0,0,0,0,0,0,0,,,,0,,19,15:52,2,0,0,0,
96,2009-11-02,15,21-068,LAK,@,PHX,W,0,2,2,3,0,0,0,0,0,,,,3,0.0,23,15:47,1,0,0,0,
97,2009-11-05,16,21-071,LAK,,PIT,W,0,1,1,1,0,0,0,0,0,,,,1,0.0,18,16:39,2,0,0,0,
98,2009-11-07,17,21-073,LAK,,NSH,L,0,0,0,0,2,0,0,0,0,,,,0,,15,12:47,1,1,0,0,
99,2009-11-09,18,21-075,LAK,@,CHI,L,0,0,0,-1,0,0,0,0,0,,,,1,0.0,23,17:23,1,3,1,0,100.0
100,2009-11-11,19,21-077,LAK,@,CAR,W,1,1,2,2,2,1,0,0,0,,,,5,20.0,20,17:40,1,1,0,0,
101,2009-11-13,20,21-079,LAK,@,ATL,L,0,0,0,-3,0,0,0,0,0,,,,2,0.0,17,15:09,0,0,0,0,
102,2009-11-14,21,21-080,LAK,@,TBL,W,0,0,0,0,14,0,0,0,0,,,,0,,14,11:21,1,0,0,0,
103,2009-11-16,22,21-082,LAK,@,FLA,W,0,0,0,-1,7,0,0,0,0,,,,1,0.0,22,14:48,4,0,0,0,
104,2009-11-18,23,21-084,LAK,,PHI,L,0,0,0,-2,0,0,0,0,0,,,,1,0.0,17,15:17,4,0,0,0,
105,2009-11-21,24,21-087,LAK,,CGY,L,0,0,0,-1,2,0,0,0,0,,,,1,0.0,19,11:52,1,0,0,0,
106,2009-11-25,25,21-091,LAK,@,EDM,W,1,1,2,1,4,1,0,0,0,,,,5,20.0,20,13:39,1,0,0,1,0.0
107,2009-11-26,26,21-092,LAK,@,VAN,L,1,0,1,1,0,1,0,0,0,,,,2,50.0,23,13:25,0,1,0,0,
108,2009-11-28,27,21-094,LAK,,CHI,W,1,0,1,1,0,1,0,0,0,,,,4,25.0,22,15:24,1,0,0,0,
109,2009-12-01,28,21-097,LAK,@,ANA,W,0,1,1,2,2,0,0,0,0,,,,2,0.0,21,15:28,1,0,0,0,
110,2009-12-03,29,21-099,LAK,,OTT,W,1,0,1,1,0,1,0,0,0,,,,1,100.0,17,13:30,3,0,0,1,0.0
111,2009-12-05,30,21-101,LAK,,STL,L-SO,0,2,2,2,0,0,0,0,0,,,,3,0.0,23,14:04,4,0,0,0,
112,2009-12-07,31,21-103,LAK,,CGY,W,0,0,0,0,0,0,0,0,0,,,,1,0.0,21,14:17,2,1,0,0,
113,2009-12-09,32,21-105,LAK,@,SJS,W,0,0,0,1,0,0,0,0,0,,,,2,0.0,22,12:29,3,0,0,0,
114,2009-12-10,33,21-106,LAK,,PHX,W,0,1,1,0,0,0,0,0,0,,,,4,0.0,23,18:18,2,1,0,0,
115,2009-12-26,34,21-122,LAK,@,PHX,L,0,0,0,-1,0,0,0,0,0,,,,1,0.0,21,14:27,2,0,0,0,
116,2009-12-28,35,21-124,LAK,,MIN,L,0,1,1,2,0,0,0,0,0,,,,1,0.0,18,12:30,3,0,0,0,
117,2009-12-30,36,21-126,LAK,@,CGY,L,0,1,1,0,2,0,0,0,0,,,,0,,20,13:23,0,1,0,1,0.0
118,2009-12-31,37,21-127,LAK,@,MIN,W,0,1,1,1,4,0,0,0,0,,,,2,0.0,20,13:30,2,1,0,1,0.0
119,2010-01-02,38,21-129,LAK,,WSH,W,0,0,0,0,0,0,0,0,0,,,,1,0.0,25,15:37,1,0,0,1,0.0
120,2010-01-04,39,21-131,LAK,@,SJS,W,1,0,1,1,0,1,0,0,0,,,,2,50.0,18,11:40,1,0,0,0,
121,2010-01-07,40,21-134,LAK,,DET,L,0,0,0,0,0,0,0,0,0,,,,3,0.0,20,13:52,4,0,0,0,
122,2010-01-09,41,21-136,LAK,,STL,L,0,0,0,-1,0,0,0,0,0,,,,2,0.0,18,13:12,3,1,0,0,
123,2010-01-11,42,21-138,LAK,,SJS,L,0,0,0,0,0,0,0,0,0,,,,1,0.0,20,13:36,4,0,0,0,
124,2010-01-14,43,21-141,LAK,,ANA,W,1,0,1,1,12,1,0,0,0,,,,3,33.3,14,12:16,1,1,0,0,
125,2010-01-16,44,21-143,LAK,,BOS,W,0,1,1,0,0,0,0,0,0,,,,1,0.0,23,18:59,2,1,0,0,
126,2010-01-19,45,21-146,LAK,,SJS,L,1,0,1,0,2,1,0,0,0,,,,3,33.3,24,15:31,2,0,0,0,
127,2010-01-21,46,21-148,LAK,,BUF,W,0,1,1,0,0,0,0,0,0,,,,1,0.0,23,17:06,3,1,1,0,100.0
128,2010-01-23,47,21-150,LAK,@,DET,W,0,2,2,2,2,0,0,0,0,,,,3,0.0,21,14:48,2,0,0,0,
129,2010-01-26,48,21-153,LAK,@,TOR,W,0,0,0,-2,0,0,0,0,0,,,,1,0.0,23,18:34,3,0,0,0,
130,2010-01-28,49,21-155,LAK,@,CBJ,W,0,1,1,2,2,0,0,0,0,,,,2,0.0,22,18:21,2,1,0,0,
131,2010-01-30,50,21-157,LAK,@,BOS,W,0,0,0,0,19,0,0,0,0,,,,5,0.0,19,12:53,0,2,0,0,
132,2010-01-31,51,21-158,LAK,@,NJD,W,1,0,1,-1,0,1,0,0,0,,,,3,33.3,18,11:55,2,0,0,0,
133,2010-02-02,52,21-160,LAK,,NYR,W,0,0,0,0,0,0,0,0,0,,,,2,0.0,20,17:37,1,0,1,0,100.0
134,2010-02-04,53,21-162,LAK,,ANA,W,1,1,2,2,0,1,0,0,0,,,,1,100.0,26,19:53,3,0,0,0,
135,2010-02-06,54,21-164,LAK,,DET,W,0,1,1,0,0,0,0,0,0,,,,1,0.0,21,15:13,0,,,,
136,2010-02-08,55,21-166,LAK,@,ANA,L,0,0,0,-1,2,0,0,0,0,,,,1,0.0,20,13:42,3,0,0,0,
137,2010-02-11,56,21-169,LAK,,EDM,L-SO,0,0,0,0,2,0,0,0,0,,,,1,0.0,20,13:08,3,1,0,0,
138,2010-02-13,57,21-171,LAK,,COL,W,0,0,0,1,0,0,0,0,0,,,,2,0.0,19,13:16,2,0,0,0,
139,2010-03-02,58,21-188,LAK,@,DAL,W,0,0,0,0,7,0,0,0,0,,,,2,0.0,17,11:13,2,1,0,0,
140,2010-03-04,59,21-190,LAK,@,NSH,L,0,0,0,0,2,0,0,0,0,,,,1,0.0,15,12:03,1,0,0,0,
141,2010-03-06,60,21-192,LAK,,MTL,L,0,0,0,1,0,0,0,0,0,,,,0,,23,13:35,2,2,0,0,
142,2010-03-08,61,21-194,LAK,,CBJ,W,1,0,1,1,2,1,0,0,1,,,,2,50.0,19,12:53,2,1,0,0,
143,2010-03-10,62,21-196,LAK,@,CHI,L-OT,0,0,0,0,4,0,0,0,0,,,,1,0.0,26,16:30,3,1,0,0,
144,2010-03-12,63,21-198,LAK,@,DAL,W,0,0,0,0,0,0,0,0,0,,,,1,0.0,20,12:12,1,0,0,0,
145,2010-03-14,64,21-200,LAK,,NSH,L,0,0,0,-1,0,0,0,0,0,,,,0,,20,16:06,1,0,0,0,
146,2010-03-18,65,21-204,LAK,,CHI,L,0,0,0,-1,0,0,0,0,0,,,,1,0.0,20,13:40,1,0,0,0,
147,2010-03-20,66,21-206,LAK,,NYI,W,0,1,1,1,0,0,0,0,0,,,,1,0.0,15,11:33,1,0,0,0,
148,2010-03-22,67,21-208,LAK,,COL,W,1,0,1,0,4,1,0,0,0,,,,2,50.0,20,16:14,2,1,0,0,
149,2010-03-24,68,21-210,LAK,@,COL,L-SO,0,1,1,1,0,0,0,0,0,,,,2,0.0,17,12:47,0,0,0,0,
150,2010-03-25,69,21-211,LAK,@,STL,L,0,0,0,-1,0,0,0,0,0,,,,3,0.0,14,13:00,0,0,0,0,
151,2010-03-27,70,21-213,LAK,,DAL,L,0,0,0,0,2,0,0,0,0,,,,2,0.0,16,9:24,1,0,0,1,0.0
152,2010-03-29,71,21-215,LAK,@,MIN,L,0,1,1,2,0,0,0,0,0,,,,1,0.0,15,13:14,0,0,0,0,
153,2010-03-30,72,21-216,LAK,@,NSH,W,0,0,0,0,0,0,0,0,0,,,,1,0.0,20,14:22,1,2,0,0,
154,2010-04-01,73,21-218,LAK,,VAN,W,0,0,0,1,0,0,0,0,0,,,,1,0.0,20,13:18,2,0,0,0,
155,2010-04-03,74,21-220,LAK,,ANA,L-SO,0,0,0,0,2,0,0,0,0,,,,0,,17,16:26,1,1,0,0,
156,2010-04-06,75,21-223,LAK,@,ANA,W,0,0,0,0,2,0,0,0,0,,,,0,,17,11:11,1,0,0,0,
157,2010-04-08,76,21-225,LAK,,PHX,L-SO,0,0,0,0,0,0,0,0,0,,,,1,0.0,16,12:38,1,0,0,0,
158,2010-04-10,77,21-227,LAK,,EDM,L-SO,0,0,0,0,0,0,0,0,0,,,,1,0.0,14,9:57,3,0,0,0,
159,2010-04-11,78,21-228,LAK,@,COL,W,0,0,0,-1,2,0,0,0,0,,,,1,0.0,20,13:56,1,0,0,0,
160,2010-10-09,1,22-044,LAK,@,VAN,W,0,0,0,0,0,0,0,0,0,,,,1,0.0,18,13:32,1,0,0,0,
161,2010-10-10,2,22-045,LAK,@,CGY,L,0,0,0,0,0,0,0,0,0,,,,0,,16,10:54,0,0,0,0,
162,2010-10-12,3,22-047,LAK,,ATL,W,0,0,0,0,0,0,0,0,0,,,,3,0.0,16,12:05,0,0,0,0,
163,2010-10-15,4,22-050,LAK,,VAN,W,0,0,0,-1,5,0,0,0,0,,,,1,0.0,17,11:12,3,0,0,0,
164,2010-10-20,5,22-055,LAK,,CAR,W,0,1,1,0,0,0,0,0,0,,,,1,0.0,16,13:03,2,0,0,0,
165,2010-10-21,6,22-056,LAK,@,PHX,L,2,0,2,2,0,2,0,0,0,,,,3,66.7,20,15:26,3,1,0,0,
166,2010-10-23,7,22-058,LAK,@,COL,W,0,1,1,0,15,0,0,0,0,,,,1,0.0,15,8:17,0,0,0,0,
167,2010-10-25,8,22-060,LAK,@,MIN,W,0,0,0,0,0,0,0,0,0,,,,1,0.0,22,15:20,1,0,0,0,
168,2010-10-27,9,22-062,LAK,@,CHI,L,0,0,0,0,0,0,0,0,0,,,,3,0.0,19,13:34,1,0,1,0,100.0
169,2010-10-28,10,22-063,LAK,@,DAL,W,1,1,2,2,0,1,0,0,1,,,,2,50.0,13,6:40,0,0,0,0,
170,2010-10-30,11,22-065,LAK,,NJD,W,0,0,0,0,0,0,0,0,0,,,,1,0.0,23,16:31,1,0,1,0,100.0
171,2010-11-04,12,22-070,LAK,,TBL,W,0,0,0,0,0,0,0,0,0,,,,1,0.0,17,11:48,2,0,0,0,
172,2010-11-06,13,22-072,LAK,,NSH,W,0,0,0,0,2,0,0,0,0,,,,0,,19,12:13,1,1,0,0,
173,2010-11-11,14,22-077,LAK,,DAL,W,0,0,0,0,5,0,0,0,0,,,,1,0.0,16,10:31,3,0,0,0,
174,2010-11-13,15,22-079,LAK,,NYI,W,0,0,0,0,0,0,0,0,0,,,,1,0.0,17,10:18,2,0,0,0,
175,2010-11-15,16,22-081,LAK,@,SJS,L,0,0,0,-1,2,0,0,0,0,,,,2,0.0,21,12:59,0,0,0,0,
176,2010-11-17,17,22-083,LAK,,CBJ,L,0,0,0,-1,0,0,0,0,0,,,,0,,15,11:42,2,0,0,0,
177,2010-11-19,18,22-085,LAK,@,BUF,L,1,0,1,0,0,1,0,0,0,,,,3,33.3,20,12:49,1,0,0,0,
178,2010-11-20,19,22-086,LAK,@,BOS,W,0,0,0,0,0,0,0,0,0,,,,2,0.0,24,15:30,3,0,0,0,
179,2010-11-22,20,22-088,LAK,@,OTT,L,0,0,0,-2,4,0,0,0,0,,,,2,0.0,21,15:25,2,0,0,0,
180,2010-11-24,21,22-090,LAK,@,MTL,L,0,0,0,0,0,0,0,0,0,,,,0,,18,12:42,2,0,0,0,
181,2010-11-27,22,22-093,LAK,,CHI,L,0,0,0,0,0,0,0,0,0,,,,0,,22,17:54,3,1,0,0,
182,2010-11-29,23,22-095,LAK,@,ANA,L,0,0,0,-1,0,0,0,0,0,,,,2,0.0,20,17:06,0,0,0,0,
183,2010-12-02,24,22-098,LAK,,FLA,W,0,0,0,-1,0,0,0,0,0,,,,1,0.0,19,13:36,2,0,0,1,0.0
184,2010-12-04,25,22-100,LAK,,DET,W,0,0,0,-1,0,0,0,0,0,,,,1,0.0,21,15:35,5,0,0,0,
185,2010-12-09,26,22-105,LAK,,CGY,W,0,1,1,1,0,0,0,0,0,,,,3,0.0,21,14:09,3,0,0,0,
186,2010-12-11,27,22-107,LAK,,MIN,L-OT,0,0,0,0,5,0,0,0,0,,,,1,0.0,17,13:08,3,0,0,0,
187,2010-12-13,28,22-109,LAK,@,DET,W,1,0,1,1,0,1,0,0,1,,,,1,100.0,22,14:01,1,0,0,1,0.0
188,2010-12-16,29,22-112,LAK,@,STL,L,1,0,1,1,0,1,0,0,0,,,,3,33.3,22,16:40,0,0,0,1,0.0
189,2010-12-18,30,22-114,LAK,@,NSH,W,0,1,1,1,0,0,0,0,0,,,,1,0.0,21,15:21,1,2,0,2,0.0
190,2010-12-19,31,22-115,LAK,@,CHI,L,1,1,2,2,0,1,0,0,0,,,,3,33.3,19,13:46,2,1,0,0,
191,2010-12-21,32,22-117,LAK,@,COL,W,0,0,0,0,2,0,0,0,0,,,,4,0.0,23,15:02,2,0,0,0,
192,2010-12-23,33,22-119,LAK,,EDM,W,0,1,1,0,0,0,0,0,0,,,,3,0.0,22,15:08,3,1,0,0,
193,2010-12-26,34,22-122,LAK,,ANA,W,1,0,1,1,7,1,0,0,0,,,,1,100.0,19,13:30,2,1,0,0,
194,2010-12-27,35,22-123,LAK,@,SJS,W,0,0,0,0,0,0,0,0,0,,,,0,,18,15:25,0,1,0,0,
195,2010-12-29,36,22-125,LAK,@,PHX,L,0,0,0,-1,0,0,0,0,0,,,,2,0.0,18,13:35,3,1,1,0,100.0
196,2010-12-30,37,22-126,LAK,,PHI,L,0,0,0,-3,0,0,0,0,0,,,,4,0.0,22,13:10,0,0,0,1,0.0
197,2011-01-01,38,22-128,LAK,,SJS,L,0,0,0,0,0,0,0,0,0,,,,0,,19,15:04,1,1,0,1,0.0
198,2011-01-03,39,22-130,LAK,,CHI,L,0,0,0,-1,0,0,0,0,0,,,,0,,19,12:59,1,0,0,1,0.0
199,2011-01-06,40,22-133,LAK,,NSH,L,0,0,0,-1,5,0,0,0,0,,,,3,0.0,23,14:26,0,0,0,0,
200,2011-01-08,41,22-135,LAK,,CBJ,W,0,0,0,-1,2,0,0,0,0,,,,1,0.0,19,11:32,1,0,0,0,
201,2011-01-10,42,22-137,LAK,,TOR,L,1,0,1,0,0,1,0,0,0,,,,2,50.0,19,13:45,5,0,0,0,
202,2011-01-13,43,22-140,LAK,,STL,L,0,0,0,0,2,0,0,0,0,,,,1,0.0,21,13:40,1,0,0,1,0.0
203,2011-01-15,44,22-142,LAK,,EDM,W,0,1,1,1,0,0,0,0,0,,,,0,,6,4:37,1,0,0,0,
204,2011-01-20,45,22-147,LAK,,PHX,L,0,0,0,0,0,0,0,0,0,,,,1,0.0,16,12:29,2,0,0,0,
205,2011-01-22,46,22-149,LAK,@,PHX,W,0,0,0,0,0,0,0,0,0,,,,1,0.0,19,9:04,1,1,1,0,100.0
206,2011-01-24,47,22-151,LAK,,BOS,W,0,0,0,0,2,0,0,0,0,,,,3,0.0,16,11:21,0,1,0,0,
207,2011-01-26,48,22-153,LAK,,SJS,W,0,0,0,-1,0,0,0,0,0,,,,1,0.0,14,9:38,0,0,0,0,
208,2011-02-01,49,22-159,LAK,@,MIN,L-SO,0,0,0,0,0,0,0,0,0,,,,3,0.0,15,13:30,0,1,0,0,
209,2011-02-02,50,22-160,LAK,@,EDM,W,0,0,0,0,0,0,0,0,0,,,,0,,16,10:47,1,0,0,0,
210,2011-02-05,51,22-163,LAK,@,CGY,W,0,0,0,0,0,0,0,0,0,,,,2,0.0,20,12:50,1,2,1,0,100.0
211,2011-02-10,52,22-168,LAK,@,PIT,L-OT,0,0,0,-1,5,0,0,0,0,,,,1,0.0,16,13:27,3,0,1,0,100.0
212,2011-02-12,53,22-170,LAK,@,WSH,W,0,2,2,2,0,0,0,0,0,,,,3,0.0,16,12:14,1,0,0,0,
213,2011-02-13,54,22-171,LAK,@,PHI,W,0,1,1,1,0,0,0,0,0,,,,1,0.0,19,14:13,2,1,0,0,
214,2011-02-16,55,22-174,LAK,@,CBJ,W,0,0,0,0,0,0,0,0,0,,,,0,,21,15:40,3,1,0,0,
215,2011-02-17,56,22-175,LAK,@,NYR,L-SO,0,0,0,0,0,0,0,0,0,,,,0,,20,14:03,0,0,0,0,
216,2011-02-19,57,22-177,LAK,@,NYI,L,0,0,0,-1,0,0,0,0,0,,,,4,0.0,25,16:20,3,0,0,0,
217,2011-02-23,58,22-181,LAK,@,ANA,W,0,0,0,0,0,0,0,0,0,,,,1,0.0,22,18:11,0,0,0,0,
218,2011-02-24,59,22-182,LAK,,MIN,W,2,0,2,1,0,1,1,0,0,,,,3,66.7,20,16:53,1,0,1,0,100.0
219,2011-02-26,60,22-184,LAK,,COL,W,0,1,1,1,4,0,0,0,0,,,,2,0.0,25,17:48,2,0,0,0,
220,2011-02-28,61,22-186,LAK,,DET,L,1,0,1,-1,0,1,0,0,0,,,,3,33.3,18,14:56,1,0,0,0,
221,2011-03-03,62,22-189,LAK,,PHX,W,0,0,0,0,0,0,0,0,0,,,,1,0.0,19,13:46,0,0,0,0,
222,2011-03-05,63,22-191,LAK,,VAN,L,0,0,0,-1,2,0,0,0,0,,,,1,0.0,18,11:06,4,0,0,1,0.0
223,2011-03-07,64,22-193,LAK,,DAL,L-OT,0,0,0,-1,0,0,0,0,0,,,,0,,16,14:22,2,0,0,0,
224,2011-03-09,65,22-195,LAK,@,DET,W,0,0,0,0,0,0,0,0,0,,,,1,0.0,17,13:47,0,1,0,0,
225,2011-03-11,66,22-197,LAK,@,CBJ,W,0,0,0,0,0,0,0,0,0,,,,2,0.0,23,16:12,2,0,0,0,
226,2011-03-13,67,22-199,LAK,@,DAL,W,0,1,1,1,2,0,0,0,0,,,,2,0.0,18,13:43,2,0,0,0,
227,2011-03-15,68,22-201,LAK,@,NSH,W,1,0,1,1,0,1,0,0,1,,,,1,100.0,21,14:42,0,0,0,0,
228,2011-03-17,69,22-203,LAK,,STL,L,0,0,0,-1,0,0,0,0,0,,,,0,,22,14:27,1,0,0,0,
229,2011-03-19,70,22-205,LAK,,ANA,L-OT,0,0,0,0,0,0,0,0,0,,,,0,,15,12:37,2,0,0,0,
230,2011-03-21,71,22-207,LAK,,CGY,W,0,1,1,1,0,0,0,0,0,,,,2,0.0,19,12:44,1,0,0,0,
231,2011-03-24,72,22-210,LAK,,SJS,W,0,0,0,-1,0,0,0,0,0,,,,2,0.0,18,12:48,3,1,0,0,
232,2011-03-26,73,22-212,LAK,,COL,W,0,0,0,-1,2,0,0,0,0,,,,1,0.0,19,12:47,2,0,0,0,
233,2011-03-29,74,22-215,LAK,@,EDM,W,0,0,0,0,0,0,0,0,0,,,,1,0.0,17,13:02,2,2,0,0,
234,2011-03-31,75,22-217,LAK,@,VAN,L,0,0,0,1,0,0,0,0,0,,,,2,0.0,17,11:05,1,0,0,0,
235,2011-04-02,76,22-219,LAK,,DAL,W,1,1,2,2,0,1,0,0,0,,,,3,33.3,21,13:23,6,0,0,0,
236,2011-04-04,77,22-221,LAK,@,SJS,L,0,0,0,-2,0,0,0,0,0,,,,1,0.0,13,12:31,3,1,0,0,
237,2011-04-06,78,22-223,LAK,,PHX,W,0,1,1,1,0,0,0,0,0,,,,1,0.0,24,17:12,1,0,0,1,0.0
238,2011-04-08,79,22-225,LAK,@,ANA,L,0,0,0,0,0,0,0,0,0,,,,1,0.0,23,12:44,0,0,0,0,
239,2011-04-09,80,22-226,LAK,,ANA,L,0,0,0,0,2,0,0,0,0,,,,0,,20,14:22,2,0,0,1,0.0
240,2011-10-06,1,23-041,PHI,@,BOS,W,0,1,1,1,4,0,0,0,0,,,,3,0.0,23,15:20,1,1,0,1,0.0
241,2011-10-08,2,23-043,PHI,@,NJD,W,1,0,1,1,5,1,0,0,0,,,,4,25.0,17,12:53,3,0,0,0,
242,2011-10-12,3,23-047,PHI,,VAN,W,0,0,0,0,0,0,0,0,0,,,,3,0.0,19,13:29,1,0,0,0,
243,2011-10-15,4,23-050,PHI,,LAK,L-OT,0,0,0,0,0,0,0,0,0,,,,3,0.0,20,18:24,0,0,0,0,
244,2011-10-18,5,23-053,PHI,@,OTT,W,1,0,1,0,0,0,1,0,0,,,,4,25.0,19,17:14,0,1,0,0,
245,2011-10-20,6,23-055,PHI,,WSH,L,0,1,1,0,0,0,0,0,0,,,,2,0.0,22,18:09,1,0,0,0,
246,2011-10-22,7,23-057,PHI,,STL,L,0,1,1,0,5,0,0,0,0,,,,2,0.0,20,17:08,2,0,0,0,
247,2011-10-24,8,23-059,PHI,,TOR,W,0,0,0,-1,0,0,0,0,0,,,,2,0.0,19,17:10,2,0,0,0,
248,2011-10-26,9,23-061,PHI,@,MTL,L,0,0,0,-1,10,0,0,0,0,,,,2,0.0,19,16:03,1,1,0,0,
249,2011-10-27,10,23-062,PHI,,WPG,L,0,0,0,1,0,0,0,0,0,,,,3,0.0,21,19:41,1,1,0,0,
250,2011-10-29,11,23-064,PHI,,CAR,W,0,0,0,0,0,0,0,0,0,,,,3,0.0,18,12:46,3,0,0,0,
251,2011-11-02,12,23-068,PHI,@,BUF,W,0,0,0,-1,0,0,0,0,0,,,,1,0.0,19,14:40,2,0,0,0,
252,2011-11-03,13,23-069,PHI,,NJD,L-SO,0,0,0,-2,0,0,0,0,0,,,,1,0.0,20,17:46,0,3,0,0,
253,2011-11-05,14,23-071,PHI,,CBJ,W,1,0,1,1,5,1,0,0,0,,,,1,100.0,20,14:05,2,0,1,0,100.0
254,2011-11-09,15,23-075,PHI,@,TBL,L-OT,0,0,0,0,0,0,0,0,0,,,,0,,16,12:51,3,0,0,0,
255,2011-11-13,16,23-079,PHI,@,FLA,W,0,1,1,1,0,0,0,0,0,,,,3,0.0,17,15:32,3,1,0,0,
256,2011-11-14,17,23-080,PHI,@,CAR,W,1,0,1,-2,2,0,1,0,1,,,,4,25.0,25,17:45,3,0,0,1,0.0
257,2011-11-17,18,23-083,PHI,,PHX,W,0,0,0,0,0,0,0,0,0,,,,2,0.0,20,16:06,2,0,1,0,100.0
258,2011-11-19,19,23-085,PHI,@,WPG,L,0,0,0,0,0,0,0,0,0,,,,1,0.0,18,15:47,0,0,0,1,0.0
259,2011-11-21,20,23-087,PHI,,CAR,L,0,0,0,0,2,0,0,0,0,,,,3,0.0,21,14:23,4,1,0,0,
260,2011-11-23,21,23-089,PHI,@,NYI,W,0,0,0,0,0,0,0,0,0,,,,1,0.0,19,16:39,2,0,0,0,
261,2011-11-25,22,23-091,PHI,,MTL,W,0,0,0,-1,0,0,0,0,0,,,,2,0.0,18,13:44,2,0,1,0,100.0
262,2011-11-26,23,23-092,PHI,@,NYR,L,0,0,0,0,7,0,0,0,0,,,,2,0.0,19,13:06,3,0,0,0,
263,2011-12-02,24,23-098,PHI,@,ANA,W,0,0,0,0,0,0,0,0,0,,,,1,0.0,21,18:55,0,0,0,0,
264,2011-12-03,25,23-099,PHI,@,PHX,W,1,0,1,1,4,1,0,0,0,,,,5,20.0,17,13:08,2,1,0,1,0.0
265,2011-12-07,26,23-103,PHI,@,BUF,W,0,0,0,2,0,0,0,0,0,,,,1,0.0,20,16:12,2,0,0,0,
266,2011-12-08,27,23-104,PHI,,PIT,W,1,1,2,0,0,0,1,0,0,,,,3,33.3,21,17:01,0,0,0,1,0.0
267,2011-12-10,28,23-106,PHI,,TBL,W,1,1,2,1,0,0,1,0,1,,,,2,50.0,19,13:55,1,1,0,0,
268,2011-12-13,29,23-109,PHI,@,WSH,W,1,0,1,1,0,1,0,0,0,,,,3,33.3,19,15:32,2,0,0,0,
269,2011-12-15,30,23-111,PHI,@,MTL,W,1,0,1,0,0,1,0,0,0,,,,5,20.0,17,13:32,0,1,0,1,0.0
270,2011-12-17,31,23-113,PHI,,BOS,L,0,0,0,-1,0,0,0,0,0,,,,0,,20,16:05,3,1,1,1,50.0
271,2011-12-19,32,23-115,PHI,@,COL,L-SO,0,0,0,0,0,0,0,0,0,,,,2,0.0,18,15:44,0,1,0,0,
272,2011-12-21,33,23-117,PHI,@,DAL,W,1,0,1,-1,0,0,1,0,1,,,,3,33.3,21,16:42,2,1,0,1,0.0
273,2011-12-23,34,23-119,PHI,@,NYR,L,0,0,0,0,2,0,0,0,0,,,,0,,20,17:01,1,1,0,0,
274,2011-12-27,35,23-123,PHI,@,TBL,L,0,0,0,0,7,0,0,0,0,,,,1,0.0,18,18:15,1,1,0,0,
275,2011-12-29,36,23-125,PHI,@,PIT,W,0,1,1,-2,0,0,0,0,0,,,,2,0.0,18,15:17,0,0,0,1,0.0
276,2012-01-02,37,23-129,PHI,,NYR,L,0,0,0,-1,0,0,0,0,0,,,,0,,23,18:13,2,1,0,0,
277,2012-01-05,38,23-132,PHI,,CHI,W,0,1,1,0,0,0,0,0,0,,,,3,0.0,17,14:51,0,0,0,0,
278,2012-01-07,39,23-134,PHI,,OTT,W,0,1,1,-1,0,0,0,0,0,,,,1,0.0,20,15:48,2,1,0,0,
279,2012-01-08,40,23-135,PHI,@,OTT,L,0,0,0,0,0,0,0,0,0,,,,4,0.0,20,17:33,1,0,0,0,
280,2012-01-10,41,23-137,PHI,@,CAR,W,0,1,1,1,0,0,0,0,0,,,,1,0.0,16,13:42,2,0,0,0,
281,2012-01-12,42,23-139,PHI,@,NYI,W,1,0,1,1,0,1,0,0,0,,,,3,33.3,14,11:55,1,0,0,0,
282,2012-01-14,43,23-141,PHI,@,NSH,L,1,1,2,1,0,1,0,0,0,,,,4,25.0,18,17:11,0,0,0,0,
283,2012-01-17,44,23-144,PHI,,MIN,W,0,0,0,0,0,0,0,0,0,,,,1,0.0,17,14:24,3,0,0,0,
284,2012-01-19,45,23-146,PHI,,NYI,L,0,0,0,-1,0,0,0,0,0,,,,4,0.0,23,17:58,3,0,0,0,
285,2012-01-21,46,23-148,PHI,@,NJD,W,1,2,3,2,2,1,0,0,0,,,,2,50.0,22,16:18,1,0,0,0,
286,2012-01-22,47,23-149,PHI,,BOS,L-SO,0,1,1,-2,0,0,0,0,0,,,,2,0.0,21,20:24,5,0,0,0,
287,2012-01-24,48,23-151,PHI,@,FLA,W,0,0,0,0,0,0,0,0,0,,,,1,0.0,19,18:06,4,1,0,0,
288,2012-01-31,49,23-158,PHI,,WPG,L-SO,0,0,0,0,0,0,0,0,0,,,,0,,25,20:12,3,2,0,0,
289,2012-02-02,50,23-160,PHI,,NSH,W,2,0,2,1,0,1,1,0,0,,,,10,20.0,19,14:30,1,0,0,0,
290,2012-02-04,51,23-162,PHI,,NJD,L,1,0,1,-2,2,1,0,0,0,,,,3,33.3,20,15:45,4,1,1,0,100.0
291,2012-02-05,52,23-163,PHI,@,NYR,L,1,0,1,-2,5,0,1,0,0,,,,4,25.0,20,18:11,2,0,1,0,100.0
292,2012-02-07,53,23-165,PHI,,NYI,L-SO,0,0,0,0,0,0,0,0,0,,,,0,,20,16:41,3,1,0,0,
293,2012-02-09,54,23-167,PHI,,TOR,W,0,1,1,1,0,0,0,0,0,,,,3,0.0,21,16:36,1,0,0,0,
294,2012-02-11,55,23-169,PHI,,NYR,L,1,1,2,2,5,1,0,0,0,,,,3,33.3,23,16:01,1,0,0,0,
295,2012-02-12,56,23-170,PHI,@,DET,L,0,0,0,2,4,0,0,0,0,,,,2,0.0,24,19:02,3,0,0,0,
296,2012-02-16,57,23-174,PHI,,BUF,W,2,0,2,-1,2,0,2,0,1,,,,7,28.6,21,16:31,1,0,0,1,0.0
297,2012-02-18,58,23-176,PHI,,PIT,L,1,0,1,-1,2,1,0,0,0,,,,1,100.0,21,14:25,2,0,0,0,
298,2012-02-21,59,23-179,PHI,@,WPG,W,1,1,2,1,0,1,0,0,0,,,,3,33.3,23,19:27,1,0,0,0,
299,2012-02-23,60,23-181,PHI,@,EDM,L,0,0,0,0,0,0,0,0,0,,,,3,0.0,22,17:56,0,0,0,0,
300,2012-02-25,61,23-183,PHI,@,CGY,W,0,0,0,0,0,0,0,0,0,,,,5,0.0,20,18:23,1,0,0,0,
301,2012-02-28,62,23-186,PHI,@,SJS,L,0,0,0,-1,0,0,0,0,0,,,,3,0.0,20,15:07,2,0,0,0,
302,2012-03-01,63,23-188,PHI,,NYI,W,0,1,1,2,0,0,0,0,0,,,,0,,20,16:42,1,1,0,0,
303,2012-03-04,64,23-191,PHI,@,WSH,W,0,0,0,0,0,0,0,0,0,,,,2,0.0,18,16:59,3,1,0,0,
304,2012-03-06,65,23-193,PHI,,DET,W,0,0,0,0,0,0,0,0,0,,,,3,0.0,20,15:09,2,1,0,0,
305,2012-03-08,66,23-195,PHI,,FLA,W,0,1,1,1,0,0,0,0,0,,,,5,0.0,19,17:15,1,0,0,0,
306,2012-03-10,67,23-197,PHI,@,TOR,W,0,0,0,0,7,0,0,0,0,,,,1,0.0,21,13:33,4,0,0,0,
307,2012-03-11,68,23-198,PHI,@,NJD,L,0,0,0,0,2,0,0,0,0,,,,3,0.0,18,15:40,3,0,0,0,
308,2012-03-13,69,23-200,PHI,,NJD,W,0,0,0,0,0,0,0,0,0,,,,2,0.0,15,12:53,1,1,0,0,
309,2012-03-15,70,23-202,PHI,@,NYI,W,0,0,0,-2,5,0,0,0,0,,,,1,0.0,14,12:43,2,0,0,0,
310,2012-03-17,71,23-204,PHI,@,BOS,L-SO,0,0,0,-1,0,0,0,0,0,,,,1,0.0,19,17:37,3,2,1,0,100.0
311,2012-03-18,72,23-205,PHI,,PIT,W,0,1,1,0,0,0,0,0,0,,,,0,,22,15:54,2,1,0,0,
312,2012-03-20,73,23-207,PHI,,FLA,L,0,0,0,0,0,0,0,0,0,,,,2,0.0,17,14:58,1,1,0,0,
313,2012-03-22,74,23-209,PHI,,WSH,W,0,0,0,0,0,0,0,0,0,,,,0,,18,15:54,2,1,0,0,
314,2012-03-24,75,23-211,PHI,,MTL,W,0,0,0,0,14,0,0,0,0,,,,2,0.0,14,12:00,0,0,0,0,
315,2012-03-26,76,23-213,PHI,,TBL,L,1,0,1,-1,0,1,0,0,0,,,,3,33.3,17,14:51,0,0,0,0,
316,2012-03-29,77,23-216,PHI,@,TOR,W,2,1,3,3,2,2,0,0,0,,,,3,66.7,20,13:06,0,0,0,0,
317,2012-03-31,78,23-218,PHI,,OTT,L-SO,1,0,1,1,0,1,0,0,0,,,,6,16.7,18,13:02,1,0,0,0,
318,2012-04-01,79,23-219,PHI,@,PIT,W,1,0,1,-2,5,0,1,0,0,,,,3,33.3,16,13:24,2,1,0,0,
319,2012-04-03,80,23-221,PHI,,NYR,L,1,0,1,1,2,0,1,0,0,,,,6,16.7,20,18:43,2,0,0,0,
320,2012-04-05,81,23-223,PHI,,BUF,W,0,0,0,-1,2,0,0,0,0,,,,1,0.0,18,15:53,2,0,0,0,
321,2012-04-07,82,23-225,PHI,@,PIT,L,0,0,0,0,0,0,0,0,0,,,,0,,19,15:12,4,0,0,0,
322,2013-01-19,1,24-146,PHI,,PIT,L,0,0,0,0,0,0,0,0,0,,,,3,0.0,21,22:07,3,2,0,0,
323,2013-01-20,2,24-147,PHI,@,BUF,L,0,1,1,-1,0,0,0,0,0,,,,5,0.0,22,17:36,2,0,0,0,
324,2013-01-22,3,24-149,PHI,@,NJD,L,0,0,0,0,11,0,0,0,0,,,,1,0.0,17,11:45,0,0,0,0,
325,2013-01-24,4,24-151,PHI,,NYR,W,1,1,2,1,0,1,0,0,0,,,,6,16.7,24,20:55,0,0,0,0,
326,2013-01-26,5,24-153,PHI,@,FLA,W,1,0,1,2,2,0,1,0,0,,,,1,100.0,18,17:02,2,0,0,0,
327,2013-01-27,6,24-154,PHI,@,TBL,L,0,0,0,-1,14,0,0,0,0,,,,1,0.0,21,14:53,0,0,0,0,
328,2013-01-29,7,24-156,PHI,@,NYR,L,0,1,1,0,0,0,0,0,0,,,,1,0.0,24,22:13,0,0,0,0,
329,2013-02-01,8,24-159,PHI,@,WSH,L,0,0,0,0,0,0,0,0,0,,,,0,,8,5:07,1,0,0,0,
330,2013-02-09,9,24-167,PHI,,CAR,W,0,0,0,0,0,0,0,0,0,,,,2,0.0,18,15:41,2,1,0,0,
331,2013-02-11,10,24-169,PHI,@,TOR,L,1,0,1,0,0,1,0,0,0,,,,5,20.0,19,16:49,1,1,1,0,100.0
332,2013-02-12,11,24-170,PHI,@,WPG,W,0,1,1,0,0,0,0,0,0,,,,5,0.0,21,17:10,3,0,0,0,
333,2013-02-15,12,24-173,PHI,@,NJD,L,1,0,1,-2,0,0,1,0,0,,,,2,50.0,23,18:55,0,0,0,0,
334,2013-02-16,13,24-174,PHI,@,MTL,L,0,0,0,-2,0,0,0,0,0,,,,1,0.0,22,16:05,1,0,0,0,
335,2013-02-18,14,24-176,PHI,@,NYI,W,0,1,1,1,7,0,0,0,0,,,,2,0.0,15,14:30,2,0,0,0,
336,2013-02-20,15,24-178,PHI,@,PIT,W,2,1,3,2,5,2,0,0,0,,,,3,66.7,19,11:43,1,0,0,0,
337,2013-02-21,16,24-179,PHI,,FLA,L,0,1,1,1,0,0,0,0,0,,,,3,0.0,18,14:29,4,0,0,0,
338,2013-02-23,17,24-181,PHI,,WPG,W,1,1,2,-1,5,0,1,0,1,,,,2,50.0,15,12:47,0,0,0,0,
339,2013-02-25,18,24-183,PHI,,TOR,L,0,0,0,-1,2,0,0,0,0,,,,4,0.0,26,18:39,2,1,0,0,
340,2013-02-27,19,24-185,PHI,,WSH,W,1,0,1,0,0,0,1,0,1,,,,1,100.0,18,14:44,1,1,0,0,
341,2013-03-02,20,24-188,PHI,,OTT,W,1,0,1,1,0,1,0,0,1,,,,5,20.0,20,15:20,4,1,0,0,
342,2013-03-05,21,24-191,PHI,@,NYR,L,1,1,2,-2,0,0,1,0,0,,,,4,25.0,21,18:00,2,0,0,0,
343,2013-03-07,22,24-193,PHI,,PIT,L,0,0,0,-1,2,0,0,0,0,,,,0,,21,15:43,2,0,0,0,
344,2013-03-09,23,24-195,PHI,@,BOS,L,0,0,0,0,0,0,0,0,0,,,,0,,21,16:35,3,0,0,0,
345,2013-03-10,24,24-196,PHI,,BUF,W,0,0,0,-1,7,0,0,0,0,,,,2,0.0,16,11:33,2,0,0,0,
346,2013-03-13,25,24-199,PHI,@,NJD,L,0,1,1,-1,2,0,0,0,0,,,,0,,20,16:12,5,0,0,0,
347,2013-03-15,26,24-201,PHI,,NJD,W,0,0,0,-1,2,0,0,0,0,,,,1,0.0,19,14:35,1,1,0,0,
348,2013-03-18,27,24-204,PHI,@,TBL,L,0,0,0,-1,0,0,0,0,0,,,,0,,17,14:25,2,0,0,0,
349,2013-03-24,28,24-210,PHI,@,PIT,L-OT,0,0,0,-1,2,0,0,0,0,,,,2,0.0,19,14:31,3,1,0,0,
350,2013-03-26,29,24-212,PHI,,NYR,L,1,0,1,0,0,0,1,0,0,,,,2,50.0,19,13:26,1,0,0,0,
351,2013-03-28,30,24-214,PHI,,NYI,L-SO,0,2,2,-1,0,0,0,0,0,,,,3,0.0,19,15:39,0,3,0,0,
352,2013-03-30,31,24-216,PHI,,BOS,W,0,0,0,-1,0,0,0,0,0,,,,0,,22,16:54,1,0,0,0,
353,2013-03-31,32,24-217,PHI,,WSH,W,0,1,1,1,2,0,0,0,0,,,,0,,20,15:35,2,0,0,0,
354,2013-04-03,33,24-220,PHI,,MTL,W,1,0,1,0,5,1,0,0,0,,,,7,14.3,19,13:57,1,1,0,0,
355,2013-04-04,34,24-221,PHI,@,TOR,W,0,0,0,1,2,0,0,0,0,,,,2,0.0,20,15:20,1,0,0,0,
356,2013-04-06,35,24-223,PHI,@,WPG,L,0,0,0,-1,2,0,0,0,0,,,,4,0.0,19,15:23,1,1,0,0,
357,2013-04-09,36,24-226,PHI,@,NYI,L,0,0,0,-2,0,0,0,0,0,,,,4,0.0,19,16:14,0,1,0,0,
358,2013-04-11,37,24-228,PHI,,OTT,L,0,0,0,-2,0,0,0,0,0,,,,3,0.0,19,15:18,1,0,0,0,
359,2013-04-13,38,24-230,PHI,@,BUF,L,0,0,0,0,0,0,0,0,0,,,,3,0.0,18,18:08,4,0,0,1,0.0
360,2013-04-15,39,24-232,PHI,@,MTL,W,0,2,2,1,0,0,0,0,0,,,,2,0.0,20,16:11,1,0,0,0,
361,2013-04-16,40,24-233,PHI,,NYR,W,0,0,0,1,0,0,0,0,0,,,,3,0.0,16,13:49,0,0,0,0,
362,2013-04-18,41,24-235,PHI,,NJD,L,0,0,0,0,6,0,0,0,0,,,,4,0.0,17,13:36,3,0,0,0,
363,2013-04-20,42,24-237,PHI,@,CAR,W,3,1,4,4,2,3,0,0,1,,,,4,75.0,21,16:32,2,1,1,0,100.0
364,2013-04-23,43,24-240,PHI,,BOS,W,0,1,1,0,2,0,0,0,0,,,,4,0.0,19,16:22,0,0,0,0,
365,2013-04-25,44,24-242,PHI,,NYI,W,0,0,0,0,0,0,0,0,0,,,,0,,19,17:14,1,0,0,0,
366,2013-04-27,45,24-244,PHI,@,OTT,W,0,0,0,0,0,0,0,0,0,,,,3,0.0,18,13:59,4,0,0,0,
367,2013-10-02,1,25-037,PHI,,TOR,L,0,0,0,-1,0,0,0,0,0,,,,4,0.0,21,17:58,2,0,0,0,
368,2013-10-05,2,25-040,PHI,@,MTL,L,0,0,0,-1,9,0,0,0,0,,,,1,0.0,20,13:09,2,0,0,0,
369,2013-10-06,3,25-041,PHI,@,CAR,L,0,0,0,0,0,0,0,0,0,,,,1,0.0,19,16:14,4,0,0,0,
370,2013-10-08,4,25-043,PHI,,FLA,W,0,0,0,-1,2,0,0,0,0,,,,0,,18,13:19,4,0,0,0,
371,2013-10-11,5,25-046,PHI,,PHX,L,0,0,0,0,0,0,0,0,0,,,,2,0.0,24,18:43,2,0,0,0,
372,2013-10-12,6,25-047,PHI,@,DET,L,0,1,1,0,2,0,0,0,0,,,,4,0.0,20,17:15,3,1,0,0,
373,2013-10-15,7,25-050,PHI,,VAN,L,0,0,0,0,0,0,0,0,0,,,,1,0.0,21,18:33,2,2,0,0,
374,2013-10-17,8,25-052,PHI,,PIT,L,1,0,1,-4,0,0,1,0,0,,,,3,33.3,19,17:47,1,0,0,0,
375,2013-10-24,9,25-059,PHI,,NYR,W,0,0,0,0,5,0,0,0,0,,,,1,0.0,20,14:02,2,0,0,0,
376,2013-10-26,10,25-061,PHI,@,NYI,W,0,0,0,0,0,0,0,0,0,,,,3,0.0,22,16:30,2,0,0,0,
377,2013-10-29,11,25-064,PHI,,ANA,L,0,2,2,0,2,0,0,0,0,,,,0,,22,19:50,1,0,0,0,
378,2013-11-01,12,25-067,PHI,,WSH,L,0,0,0,-3,5,0,0,0,0,,,,3,0.0,21,16:30,4,1,0,0,
379,2013-11-02,13,25-068,PHI,@,NJD,W,0,1,1,1,2,0,0,0,0,,,,4,0.0,19,14:40,2,2,0,0,
380,2013-11-05,14,25-071,PHI,@,CAR,L-OT,0,0,0,0,0,0,0,0,0,,,,3,0.0,17,14:49,0,0,0,0,
381,2013-11-07,15,25-073,PHI,,NJD,L,0,0,0,0,0,0,0,0,0,,,,4,0.0,18,17:24,1,1,0,0,
382,2013-11-09,16,25-075,PHI,,EDM,W,0,0,0,-1,4,0,0,0,0,,,,0,,21,15:21,2,2,0,0,
383,2013-11-12,17,25-078,PHI,@,OTT,W,0,1,1,1,0,0,0,0,0,,,,4,0.0,21,13:29,3,1,0,0,
384,2013-11-13,18,25-079,PHI,@,PIT,W,0,1,1,1,0,0,0,0,0,,,,1,0.0,21,13:12,4,0,0,0,
385,2013-11-15,19,25-081,PHI,@,WPG,L-SO,1,0,1,0,0,0,1,0,0,,,,3,33.3,23,16:53,0,0,0,0,
386,2013-11-19,20,25-085,PHI,,OTT,W,1,0,1,1,2,1,0,0,0,,,,3,33.3,23,16:07,1,0,0,0,
387,2013-11-21,21,25-087,PHI,,BUF,W,0,0,0,0,0,0,0,0,0,,,,1,0.0,19,14:35,1,1,0,0,
388,2013-11-23,22,25-089,PHI,,NYI,W,1,1,2,0,0,1,0,0,0,,,,3,33.3,24,16:23,1,0,0,0,
389,2013-11-25,23,25-091,PHI,@,FLA,L,1,0,1,0,0,0,1,0,0,,,,5,20.0,21,17:48,0,1,0,0,
390,2013-11-27,24,25-093,PHI,@,TBL,L,0,0,0,-1,10,0,0,0,0,,,,4,0.0,20,16:47,2,1,0,0,
391,2013-11-29,25,25-095,PHI,,WPG,W,0,0,0,0,2,0,0,0,0,,,,1,0.0,19,13:26,4,0,0,0,
392,2013-11-30,26,25-096,PHI,@,NSH,W,0,0,0,0,0,0,0,0,0,,,,0,,20,15:52,1,1,0,0,
393,2013-12-02,27,25-098,PHI,@,MIN,L,0,0,0,-1,2,0,0,0,0,,,,0,,19,17:57,3,0,0,0,
394,2013-12-04,28,25-100,PHI,@,DET,W,0,0,0,-1,0,0,0,0,0,,,,1,0.0,19,14:30,0,0,0,0,
395,2013-12-07,29,25-103,PHI,@,DAL,L,0,1,1,0,2,0,0,0,0,,,,4,0.0,18,14:50,2,0,0,0,
396,2013-12-09,30,25-105,PHI,@,OTT,L-SO,0,2,2,2,0,0,0,0,0,,,,1,0.0,24,18:16,1,0,0,0,
397,2013-12-11,31,25-107,PHI,@,CHI,L,0,0,0,-1,5,0,0,0,0,,,,0,,18,12:08,2,0,0,0,
398,2013-12-12,32,25-108,PHI,,MTL,W,0,0,0,0,0,0,0,0,0,,,,2,0.0,23,18:01,1,1,0,0,
399,2013-12-15,33,25-111,PHI,@,WSH,L-SO,0,0,0,0,5,0,0,0,0,,,,0,,19,13:24,1,0,0,0,
400,2013-12-17,34,25-113,PHI,,WSH,W,1,0,1,1,2,1,0,0,0,,,,6,16.7,23,17:28,0,1,0,0,
401,2013-12-19,35,25-115,PHI,,CBJ,W,0,1,1,-1,0,0,0,0,0,,,,2,0.0,19,16:49,1,0,0,0,
402,2013-12-21,36,25-117,PHI,@,CBJ,L,2,0,2,1,2,2,0,0,0,,,,3,66.7,26,19:04,2,0,0,0,
403,2013-12-23,37,25-119,PHI,,MIN,W,2,1,3,2,2,1,1,0,1,,,,4,50.0,21,16:52,0,0,0,0,
404,2013-12-28,38,25-124,PHI,@,EDM,W,2,0,2,-1,0,0,2,0,0,,,,6,33.3,20,17:07,0,0,0,0,
405,2013-12-30,39,25-126,PHI,@,VAN,W,0,0,0,-1,0,0,0,0,0,,,,1,0.0,23,16:50,0,0,0,0,
406,2013-12-31,40,25-127,PHI,@,CGY,W,0,2,2,2,0,0,0,0,0,,,,2,0.0,23,14:59,0,0,0,0,
407,2014-01-02,41,25-129,PHI,@,COL,L,1,0,1,1,0,1,0,0,0,,,,5,20.0,23,17:31,1,1,0,0,
408,2014-01-04,42,25-131,PHI,@,PHX,W,1,0,1,1,2,0,1,0,0,,,,3,33.3,20,15:49,0,1,0,0,
409,2014-01-07,43,25-134,PHI,@,NJD,W,0,1,1,2,0,0,0,0,0,,,,1,0.0,21,16:37,1,0,0,1,0.0
410,2014-01-08,44,25-135,PHI,,MTL,W,0,0,0,0,0,0,0,0,0,,,,3,0.0,19,14:21,0,0,0,0,
411,2014-01-11,45,25-138,PHI,,TBL,L,1,0,1,-3,0,0,1,0,0,,,,2,50.0,22,16:55,1,0,0,0,
412,2014-01-12,46,25-139,PHI,@,NYR,L,0,0,0,0,10,0,0,0,0,,,,5,0.0,21,19:33,0,1,0,0,
413,2014-01-14,47,25-141,PHI,@,BUF,W,0,2,2,0,0,0,0,0,0,,,,3,0.0,23,19:03,1,1,0,0,
414,2014-01-16,48,25-143,PHI,,NSH,L-SO,1,2,3,2,0,0,1,0,0,,,,3,33.3,22,20:21,3,0,0,0,
415,2014-01-18,49,25-145,PHI,,NYI,W,0,1,1,1,0,0,0,0,0,,,,1,0.0,24,17:11,0,0,0,0,
416,2014-01-20,50,25-147,PHI,@,NYI,L-SO,1,0,1,1,0,1,0,0,0,,,,5,20.0,20,16:51,2,0,0,0,
417,2014-01-22,51,25-149,PHI,,CAR,L,0,1,1,0,2,0,0,0,0,,,,2,0.0,20,18:16,0,1,0,0,
418,2014-01-23,52,25-150,PHI,@,CBJ,L,0,0,0,0,0,0,0,0,0,,,,2,0.0,17,17:04,1,0,0,0,
419,2014-01-25,53,25-152,PHI,,BOS,L,0,0,0,0,0,0,0,0,0,,,,4,0.0,18,16:06,1,0,0,0,
420,2014-01-28,54,25-155,PHI,,DET,W,0,0,0,0,2,0,0,0,0,,,,2,0.0,19,18:52,2,0,0,0,
421,2014-01-30,55,25-157,PHI,@,ANA,L,0,0,0,-3,0,0,0,0,0,,,,2,0.0,22,17:24,3,0,0,0,
422,2014-02-01,56,25-159,PHI,@,LAK,W,1,1,2,1,0,1,0,0,1,,,,2,50.0,21,17:08,3,2,0,0,
423,2014-02-03,57,25-161,PHI,@,SJS,W,0,0,0,0,2,0,0,0,0,,,,2,0.0,23,18:24,3,2,0,0,
424,2014-02-06,58,25-164,PHI,,COL,W,0,1,1,0,2,0,0,0,0,,,,2,0.0,19,17:52,2,1,0,0,
425,2014-02-08,59,25-166,PHI,,CGY,W,0,1,1,1,0,0,0,0,0,,,,4,0.0,19,17:27,0,0,0,0,
426,2014-02-27,60,25-185,PHI,,SJS,L,0,1,1,-1,0,0,0,0,0,,,,0,,20,15:39,0,0,0,0,
427,2014-03-01,61,25-187,PHI,,NYR,W,1,1,2,0,0,0,1,0,1,,,,3,33.3,21,18:16,6,0,0,0,
428,2014-03-02,62,25-188,PHI,@,WSH,W,0,0,0,-1,2,0,0,0,0,,,,4,0.0,24,17:11,4,0,0,0,
429,2014-03-05,63,25-191,PHI,,WSH,W,0,1,1,0,4,0,0,0,0,,,,1,0.0,20,17:34,2,0,0,0,
430,2014-03-08,64,25-194,PHI,@,TOR,L-OT,0,0,0,-2,2,0,0,0,0,,,,1,0.0,27,19:34,1,0,0,0,
431,2014-03-11,65,25-197,PHI,,NJD,L,0,0,0,-2,0,0,0,0,0,,,,3,0.0,19,19:37,2,1,0,0,
432,2014-03-15,66,25-201,PHI,,PIT,W,0,1,1,1,2,0,0,0,0,,,,2,0.0,20,16:25,2,0,0,0,
433,2014-03-16,67,25-202,PHI,@,PIT,W,2,1,3,0,0,0,2,0,0,,,,6,33.3,20,14:47,2,0,0,0,
434,2014-03-18,68,25-204,PHI,,CHI,W,0,0,0,-1,7,0,0,0,0,,,,1,0.0,17,14:37,4,0,0,0,
435,2014-03-20,69,25-206,PHI,,DAL,W,2,0,2,2,2,1,1,0,1,,,,3,66.7,22,17:34,0,0,0,0,
436,2014-03-22,70,25-208,PHI,,STL,W,1,1,2,2,0,1,0,0,0,,,,2,50.0,21,17:36,1,1,0,0,
437,2014-03-24,71,25-210,PHI,,LAK,L,0,0,0,0,0,0,0,0,0,,,,2,0.0,19,19:26,6,1,1,0,100.0
438,2014-03-26,72,25-212,PHI,@,NYR,L,0,0,0,-1,2,0,0,0,0,,,,6,0.0,22,18:02,2,0,0,0,
439,2014-03-28,73,25-214,PHI,,TOR,W,1,0,1,0,0,1,0,0,0,,,,2,50.0,18,12:03,2,0,0,0,
440,2014-03-30,74,25-216,PHI,,BOS,L-SO,0,0,0,1,0,0,0,0,0,,,,2,0.0,21,20:14,2,0,0,0,
441,2014-04-01,75,25-218,PHI,@,STL,L-SO,0,0,0,0,0,0,0,0,0,,,,1,0.0,18,17:13,3,0,0,0,
442,2014-04-03,76,25-220,PHI,,CBJ,L,0,0,0,0,0,0,0,0,0,,,,3,0.0,22,17:42,1,1,0,0,
443,2014-04-05,77,25-222,PHI,@,BOS,L,1,0,1,-2,0,0,1,0,0,,,,6,16.7,23,20:47,0,3,0,0,
444,2014-04-06,78,25-223,PHI,,BUF,W,0,1,1,1,0,0,0,0,0,,,,1,0.0,17,14:29,0,0,0,0,
445,2014-04-08,79,25-225,PHI,@,FLA,W,0,0,0,0,0,0,0,0,0,,,,5,0.0,20,17:23,0,2,0,0,
446,2014-04-10,80,25-227,PHI,@,TBL,L,1,0,1,0,0,0,1,0,0,,,,4,25.0,21,16:49,0,0,0,0,
447,2014-04-12,81,25-229,PHI,@,PIT,W,0,0,0,-1,0,0,0,0,0,,,,1,0.0,22,16:00,4,0,0,0,
448,2014-04-13,82,25-230,PHI,,CAR,L-SO,2,0,2,2,0,2,0,0,0,,,,6,33.3,19,18:36,0,0,0,0,
449,2014-10-08,1,26-043,PHI,@,BOS,L,0,0,0,0,0,0,0,0,0,0,0,0,0,,20,16:13,3,0,0,0,
450,2014-10-09,2,26-044,PHI,,NJD,L,2,1,3,2,0,1,1,0,0,1,0,0,4,50.0,22,17:19,1,0,0,0,
451,2014-10-11,3,26-046,PHI,,MTL,L-SO,2,0,2,0,0,1,1,0,0,0,0,0,6,33.3,23,19:39,2,1,0,0,
452,2014-10-14,4,26-049,PHI,,ANA,L-SO,1,1,2,0,0,0,1,0,0,0,1,0,5,20.0,24,19:16,2,0,0,0,
453,2014-10-18,5,26-053,PHI,@,DAL,W,0,0,0,1,0,0,0,0,0,0,0,0,3,0.0,27,20:03,1,0,0,0,
454,2014-10-21,6,26-056,PHI,@,CHI,L,0,0,0,0,0,0,0,0,0,0,0,0,3,0.0,21,15:39,2,1,0,0,
455,2014-10-22,7,26-057,PHI,@,PIT,W,0,0,0,1,0,0,0,0,0,0,0,0,4,0.0,23,17:06,3,0,0,0,
456,2014-10-25,8,26-060,PHI,,DET,W,0,0,0,1,0,0,0,0,0,0,0,0,1,0.0,21,18:06,4,2,0,0,
457,2014-10-28,9,26-063,PHI,,LAK,W,0,0,0,1,2,0,0,0,0,0,0,0,5,0.0,21,15:48,3,1,0,0,
458,2014-10-30,10,26-065,PHI,@,TBL,L,1,0,1,1,0,1,0,0,0,0,0,0,2,50.0,18,15:30,1,0,0,0,
459,2014-11-01,11,26-067,PHI,@,FLA,L,0,1,1,1,4,0,0,0,0,1,0,0,2,0.0,20,18:17,2,1,0,0,
460,2014-11-04,12,26-070,PHI,,EDM,W,0,0,0,1,2,0,0,0,0,0,0,0,2,0.0,22,15:40,4,0,0,0,
461,2014-11-06,13,26-072,PHI,,FLA,W,0,0,0,1,0,0,0,0,0,0,0,0,0,,18,13:39,3,0,0,0,
462,2014-11-08,14,26-074,PHI,,COL,W,1,1,2,-1,2,0,1,0,0,0,1,0,3,33.3,23,19:55,4,1,0,0,
463,2014-11-14,15,26-080,PHI,,CBJ,L,0,1,1,-1,0,0,0,0,0,0,1,0,0,,24,20:42,4,0,0,0,
464,2014-11-15,16,26-081,PHI,@,MTL,L,0,0,0,-2,0,0,0,0,0,0,0,0,2,0.0,22,17:51,3,0,0,0,
465,2014-11-19,17,26-085,PHI,@,NYR,L,0,0,0,-1,0,0,0,0,0,0,0,0,3,0.0,19,17:42,4,0,0,0,
466,2014-11-20,18,26-086,PHI,,MIN,L,0,1,1,-1,0,0,0,0,0,1,0,0,3,0.0,19,15:57,3,2,0,0,
467,2014-11-22,19,26-088,PHI,,CBJ,W,1,0,1,1,2,0,1,0,1,0,0,0,5,20.0,25,17:56,1,0,0,0,
468,2014-11-24,20,26-090,PHI,@,NYI,L-SO,0,0,0,0,7,0,0,0,0,0,0,0,1,0.0,27,19:20,0,2,0,0,
469,2014-11-26,21,26-092,PHI,@,DET,L,0,1,1,0,0,0,0,0,0,0,1,0,1,0.0,23,17:57,0,0,0,0,
470,2014-11-28,22,26-094,PHI,,NYR,L,0,0,0,-1,0,0,0,0,0,0,0,0,2,0.0,18,16:39,1,0,0,0,
471,2014-11-29,23,26-095,PHI,@,NYR,L,0,0,0,-1,0,0,0,0,0,0,0,0,1,0.0,16,15:46,1,0,0,0,
472,2014-12-02,24,26-098,PHI,@,SJS,L,0,0,0,-1,0,0,0,0,0,0,0,0,5,0.0,21,16:29,2,1,0,0,
473,2014-12-03,25,26-099,PHI,@,ANA,L-SO,2,0,2,0,2,2,0,0,0,0,0,0,7,28.6,22,18:31,4,1,0,0,
474,2014-12-06,26,26-102,PHI,@,LAK,W,1,0,1,0,2,0,1,0,1,0,0,0,1,100.0,21,16:02,2,1,0,0,
475,2014-12-09,27,26-105,PHI,@,CBJ,L-OT,0,0,0,1,0,0,0,0,0,0,0,0,2,0.0,24,19:07,1,0,0,0,
476,2014-12-11,28,26-107,PHI,,NJD,W,1,0,1,0,0,0,1,0,0,0,0,0,5,20.0,22,19:39,3,1,0,0,
477,2014-12-13,29,26-109,PHI,,CAR,W,1,1,2,1,0,1,0,0,1,0,1,0,1,100.0,21,15:50,2,0,0,0,
478,2014-12-16,30,26-112,PHI,,TBL,L,1,0,1,-1,2,0,1,0,0,0,0,0,1,100.0,21,15:51,3,0,0,0,
479,2014-12-18,31,26-114,PHI,,FLA,L-SO,0,0,0,0,0,0,0,0,0,0,0,0,2,0.0,21,15:10,1,0,0,0,
480,2014-12-20,32,26-116,PHI,@,TOR,W,0,1,1,0,0,0,0,0,0,1,0,0,2,0.0,24,16:16,2,1,0,0,
481,2014-12-21,33,26-117,PHI,@,WPG,W,0,0,0,-2,0,0,0,0,0,0,0,0,0,,22,18:15,3,0,0,0,
482,2014-12-23,34,26-119,PHI,@,MIN,W,1,0,1,0,0,1,0,0,1,0,0,0,3,33.3,20,12:14,0,1,0,0,
483,2014-12-27,35,26-123,PHI,@,NSH,L,0,0,0,-1,2,0,0,0,0,0,0,0,4,0.0,20,16:56,1,0,0,0,
484,2014-12-29,36,26-125,PHI,@,ARI,L,0,0,0,-1,0,0,0,0,0,0,0,0,1,0.0,20,15:39,2,1,0,0,
485,2014-12-31,37,26-127,PHI,@,COL,L-OT,0,1,1,-1,0,0,0,0,0,0,1,0,3,0.0,24,18:00,1,1,0,0,
486,2015-01-02,38,26-129,PHI,@,CAR,L,0,0,0,0,0,0,0,0,0,0,0,0,1,0.0,18,15:03,1,0,0,0,
487,2015-01-03,39,26-130,PHI,@,NJD,L,0,0,0,-1,5,0,0,0,0,0,0,0,1,0.0,18,15:02,2,1,1,0,100.0
488,2015-01-06,40,26-133,PHI,,OTT,W,1,0,1,0,5,0,1,0,0,0,0,0,2,50.0,24,14:33,0,1,0,0,
489,2015-01-08,41,26-135,PHI,,WSH,W,0,0,0,0,0,0,0,0,0,0,0,0,7,0.0,21,17:38,2,2,0,0,
490,2015-01-10,42,26-137,PHI,,BOS,L,0,0,0,-2,0,0,0,0,0,0,0,0,2,0.0,21,16:24,4,0,0,0,
491,2015-01-12,43,26-139,PHI,,TBL,W,0,2,2,1,2,0,0,0,0,1,1,0,1,0.0,22,17:09,2,0,0,0,
492,2015-01-14,44,26-141,PHI,@,WSH,L,0,0,0,0,0,0,0,0,0,0,0,0,5,0.0,19,16:45,4,0,0,0,
493,2015-01-15,45,26-142,PHI,,VAN,L,0,0,0,-1,5,0,0,0,0,0,0,0,1,0.0,19,17:10,3,0,1,0,100.0
494,2015-01-17,46,26-144,PHI,@,BUF,W,0,0,0,1,0,0,0,0,0,0,0,0,4,0.0,22,16:01,0,0,1,0,100.0
495,2015-01-19,47,26-146,PHI,@,NYI,L,0,0,0,-1,0,0,0,0,0,0,0,0,5,0.0,19,15:21,1,0,1,0,100.0
496,2015-01-20,48,26-147,PHI,,PIT,W,0,0,0,0,0,0,0,0,0,0,0,0,2,0.0,22,19:10,2,0,0,0,
497,2015-01-27,49,26-154,PHI,,ARI,W,1,0,1,0,0,0,1,0,0,0,0,0,4,25.0,19,15:53,5,0,0,0,
498,2015-01-29,50,26-156,PHI,,WPG,W,1,1,2,1,2,0,1,0,0,1,0,0,3,33.3,17,11:02,4,0,0,0,
499,2015-01-31,51,26-158,PHI,,TOR,W,0,1,1,1,0,0,0,0,0,1,0,0,0,,21,15:59,1,1,0,0,
500,2015-02-05,52,26-163,PHI,,NYI,L-SO,0,0,0,0,0,0,0,0,0,0,0,0,1,0.0,16,13:05,3,2,0,0,
501,2015-02-08,53,26-166,PHI,@,WSH,W,1,0,1,1,2,1,0,0,1,0,0,0,3,33.3,20,14:20,3,0,0,0,
502,2015-02-10,54,26-168,PHI,@,MTL,L-OT,0,1,1,0,0,0,0,0,0,1,0,0,2,0.0,22,15:18,1,2,0,0,
503,2015-02-13,55,26-171,PHI,@,CBJ,L-OT,2,1,3,1,0,1,1,0,0,1,0,0,4,50.0,22,16:09,2,2,0,0,
504,2015-02-15,56,26-173,PHI,@,BUF,W,0,1,1,1,0,0,0,0,0,1,0,0,0,,21,16:43,1,0,0,0,
505,2015-02-17,57,26-175,PHI,,CBJ,L,1,0,1,-1,0,1,0,0,0,0,0,0,5,20.0,19,19:53,3,0,0,0,
506,2015-02-19,58,26-177,PHI,,BUF,L-SO,0,1,1,-1,0,0,0,0,0,0,1,0,7,0.0,22,16:48,2,1,0,0,
507,2015-02-21,59,26-179,PHI,,NSH,W,1,0,1,0,0,1,0,0,0,0,0,0,3,33.3,24,19:59,7,0,0,0,
508,2015-02-22,60,26-180,PHI,,WSH,W,1,0,1,0,0,0,1,0,0,0,0,0,2,50.0,20,16:41,1,0,0,1,0.0
509,2015-02-24,61,26-182,PHI,@,CAR,L,0,0,0,0,0,0,0,0,0,0,0,0,3,0.0,24,19:17,3,0,0,0,
510,2015-02-26,62,26-184,PHI,@,TOR,L,0,0,0,0,2,0,0,0,0,0,0,0,1,0.0,21,19:44,3,0,0,0,
511,2015-02-28,63,26-186,PHI,,NYR,W,1,0,1,1,0,1,0,0,0,0,0,0,2,50.0,23,17:22,4,1,0,0,
512,2015-03-03,64,26-189,PHI,,CGY,L-OT,0,0,0,-1,0,0,0,0,0,0,0,0,2,0.0,27,21:02,2,0,0,0,
513,2015-03-05,65,26-191,PHI,,STL,W,1,0,1,1,0,1,0,0,1,0,0,0,1,100.0,24,15:49,6,2,0,0,
514,2015-03-07,66,26-193,PHI,@,BOS,L-OT,0,0,0,-1,2,0,0,0,0,0,0,0,2,0.0,26,17:25,2,0,0,0,
515,2015-03-08,67,26-194,PHI,@,NJD,L,0,0,0,-1,0,0,0,0,0,0,0,0,2,0.0,20,17:26,3,0,0,0,
516,2015-03-10,68,26-196,PHI,,DAL,L,0,0,0,0,0,0,0,0,0,0,0,0,1,0.0,23,14:33,1,0,0,0,
517,2015-03-12,69,26-198,PHI,@,STL,L-SO,0,0,0,0,0,0,0,0,0,0,0,0,1,0.0,26,20:49,0,1,0,0,
518,2015-03-14,70,26-200,PHI,,DET,W,1,2,3,0,14,0,1,0,0,1,1,0,2,50.0,19,12:24,2,0,0,0,
519,2015-03-15,71,26-201,PHI,@,OTT,L-SO,0,0,0,0,0,0,0,0,0,0,0,0,2,0.0,19,14:17,4,0,0,0,
520,2015-03-17,72,26-203,PHI,@,VAN,L,0,1,1,-1,0,0,0,0,0,1,0,0,2,0.0,19,15:16,0,1,0,0,
521,2015-03-19,73,26-205,PHI,@,CGY,L,0,0,0,0,0,0,0,0,0,0,0,0,3,0.0,22,16:23,3,0,0,0,
522,2015-03-21,74,26-207,PHI,@,EDM,L-OT,0,1,1,-2,0,0,0,0,0,0,1,0,2,0.0,23,17:58,0,0,0,0,
523,2015-03-25,75,26-211,PHI,,CHI,W,1,0,1,1,0,1,0,0,0,0,0,0,2,50.0,19,12:45,2,0,0,0,
524,2015-10-08,1,27-043,PHI,@,TBL,L-OT,0,0,0,-1,0,0,0,0,0,0,0,0,0,,21,15:32,1,0,0,0,
525,2015-10-10,2,27-045,PHI,@,FLA,L,0,1,1,-1,2,0,0,0,0,0,1,0,2,0.0,14,11:55,5,0,0,0,
526,2015-10-12,3,27-047,PHI,,FLA,W,0,0,0,0,4,0,0,0,0,0,0,0,0,,13,8:41,2,0,0,0,
527,2015-10-14,4,27-049,PHI,,CHI,W,0,1,1,1,0,0,0,0,0,1,0,0,3,0.0,22,15:09,1,0,0,0,
528,2015-10-20,5,27-055,PHI,,DAL,L,0,1,1,-1,2,0,0,0,0,1,0,0,3,0.0,26,17:25,4,0,0,0,
529,2015-10-21,6,27-056,PHI,@,BOS,W,1,0,1,-1,2,1,0,0,0,0,0,0,3,33.3,23,19:03,1,0,0,0,
530,2015-10-24,7,27-059,PHI,,NYR,W,0,1,1,1,2,0,0,0,0,1,0,0,3,0.0,24,17:38,1,0,0,0,
531,2015-10-27,8,27-062,PHI,,BUF,L-OT,0,0,0,1,0,0,0,0,0,0,0,0,4,0.0,23,17:25,1,1,0,0,
532,2015-10-29,9,27-064,PHI,,NJD,L,0,0,0,-1,0,0,0,0,0,0,0,0,2,0.0,22,15:39,4,0,0,0,
533,2015-10-30,10,27-065,PHI,@,BUF,L,0,0,0,-2,10,0,0,0,0,0,0,0,1,0.0,22,15:29,2,0,0,0,
534,2015-11-02,11,27-068,PHI,@,VAN,L,0,0,0,-3,0,0,0,0,0,0,0,0,0,,23,18:01,4,0,0,0,
535,2015-11-03,12,27-069,PHI,@,EDM,L,0,1,1,-1,0,0,0,0,0,1,0,0,1,0.0,21,15:02,1,2,0,0,
536,2015-11-05,13,27-071,PHI,@,CGY,L-OT,0,0,0,-1,0,0,0,0,0,0,0,0,7,0.0,23,15:57,1,0,0,0,
537,2015-11-07,14,27-073,PHI,@,WPG,W,1,0,1,0,0,0,1,0,0,0,0,0,1,100.0,22,18:11,1,1,0,0,
538,2015-11-10,15,27-076,PHI,,COL,L,0,0,0,-1,0,0,0,0,0,0,0,0,1,0.0,20,14:29,5,0,0,0,
539,2015-11-12,16,27-078,PHI,,WSH,L,0,1,1,-1,0,0,0,0,0,0,1,0,3,0.0,22,15:40,6,0,0,0,
540,2015-11-14,17,27-080,PHI,@,CAR,W,1,0,1,1,2,1,0,0,0,0,0,0,3,33.3,23,17:36,2,1,0,0,
541,2015-11-17,18,27-083,PHI,,LAK,L-SO,0,0,0,0,0,0,0,0,0,0,0,0,4,0.0,24,19:29,2,0,0,0,
542,2015-11-19,19,27-085,PHI,,SJS,L-OT,0,0,0,0,4,0,0,0,0,0,0,0,5,0.0,25,15:51,2,0,0,0,
543,2015-11-21,20,27-087,PHI,@,OTT,L,0,0,0,-1,5,0,0,0,0,0,0,0,5,0.0,23,17:32,4,0,0,0,
544,2015-11-23,21,27-089,PHI,,CAR,W,0,0,0,0,2,0,0,0,0,0,0,0,2,0.0,26,16:19,5,1,0,0,
545,2015-11-25,22,27-091,PHI,@,NYI,L,0,0,0,-2,5,0,0,0,0,0,0,0,2,0.0,18,14:43,1,1,0,0,
546,2015-11-27,23,27-093,PHI,,NSH,W,0,0,0,-1,0,0,0,0,0,0,0,0,3,0.0,27,19:06,1,2,0,0,
547,2015-11-28,24,27-094,PHI,@,NYR,W,2,1,3,3,0,2,0,0,1,1,0,0,5,40.0,24,17:34,1,1,0,0,
548,2015-12-01,25,27-097,PHI,@,OTT,W,1,1,2,2,0,1,0,0,1,1,0,0,2,50.0,25,19:01,3,2,0,0,
549,2015-12-04,26,27-100,PHI,@,NJD,W,1,0,1,-1,2,0,1,0,0,0,0,0,2,50.0,21,17:02,1,0,0,0,
550,2015-12-05,27,27-101,PHI,,CBJ,L,0,0,0,-1,0,0,0,0,0,0,0,0,0,,19,15:49,5,1,1,0,100.0
551,2015-12-08,28,27-104,PHI,,NYI,L-SO,0,0,0,0,0,0,0,0,0,0,0,0,3,0.0,26,22:04,3,1,1,0,100.0
552,2015-12-10,29,27-106,PHI,@,STL,W,0,1,1,1,2,0,0,0,0,1,0,0,1,0.0,23,14:50,3,1,1,0,100.0
553,2015-12-11,30,27-107,PHI,@,DAL,L,0,0,0,-3,4,0,0,0,0,0,0,0,0,,23,15:03,2,0,0,0,
554,2015-12-15,31,27-111,PHI,,CAR,W,0,0,0,1,17,0,0,0,0,0,0,0,0,,14,11:18,1,0,1,0,100.0
555,2015-12-17,32,27-113,PHI,,VAN,W,0,1,1,1,0,0,0,0,0,1,0,0,4,0.0,20,17:06,4,1,0,0,
556,2015-12-19,33,27-115,PHI,@,CBJ,L-SO,0,0,0,1,17,0,0,0,0,0,0,0,0,,17,13:38,1,0,0,0,
557,2015-12-21,34,27-117,PHI,,STL,W,2,0,2,1,0,1,1,0,0,0,0,0,3,66.7,23,17:40,3,1,0,0,
558,2015-12-27,35,27-123,PHI,@,ANA,L,0,0,0,-1,0,0,0,0,0,0,0,0,0,,23,18:07,0,1,0,0,
559,2015-12-30,36,27-126,PHI,@,SJS,L,0,1,1,1,0,0,0,0,0,1,0,0,1,0.0,23,15:57,2,0,0,0,
560,2016-01-02,37,27-129,PHI,@,LAK,L,0,1,1,-1,0,0,0,0,0,0,1,0,2,0.0,28,23:28,0,0,0,0,
561,2016-01-05,38,27-132,PHI,,MTL,W,1,0,1,0,0,0,1,0,0,0,0,0,2,50.0,23,14:58,4,0,0,0,
562,2016-01-07,39,27-134,PHI,@,MIN,W,0,0,0,-1,2,0,0,0,0,0,0,0,1,0.0,25,19:25,3,1,0,0,
563,2016-01-09,40,27-136,PHI,,NYI,W,0,0,0,0,0,0,0,0,0,0,0,0,1,0.0,22,15:58,1,0,0,0,
564,2016-01-13,41,27-140,PHI,,BOS,W,1,0,1,2,0,1,0,0,0,0,0,0,3,33.3,24,18:33,1,1,0,0,
565,2016-01-16,42,27-143,PHI,,NYR,L-SO,1,0,1,0,0,0,1,0,0,0,0,0,4,25.0,24,22:14,3,0,0,0,
566,2016-01-17,43,27-144,PHI,@,DET,W,0,1,1,1,2,0,0,0,0,1,0,0,4,0.0,27,19:32,0,1,0,0,
567,2016-01-19,44,27-146,PHI,,TOR,L,0,0,0,1,0,0,0,0,0,0,0,0,2,0.0,28,18:11,1,1,0,1,0.0
568,2016-01-21,45,27-148,PHI,@,PIT,L,0,1,1,-1,0,0,0,0,0,0,1,0,4,0.0,26,22:21,4,0,0,0,
569,2016-01-25,46,27-152,PHI,,BOS,L,2,0,2,0,2,1,1,0,0,0,0,0,9,22.2,25,21:04,5,0,0,0,
570,2016-01-27,47,27-154,PHI,@,WSH,W,0,1,1,0,0,0,0,0,0,0,1,0,3,0.0,26,20:47,6,1,0,1,0.0
571,2016-02-02,48,27-160,PHI,,MTL,W,2,0,2,1,0,1,1,0,1,0,0,0,8,25.0,22,17:52,3,2,0,0,
572,2016-02-04,49,27-162,PHI,@,NSH,W,2,1,3,3,2,1,1,0,0,1,0,0,3,66.7,23,15:15,1,2,0,0,
573,2016-02-06,50,27-164,PHI,,NYR,L-SO,0,0,0,0,20,0,0,0,0,0,0,0,1,0.0,5,3:14,1,0,0,0,
574,2016-02-07,51,27-165,PHI,@,WSH,L,0,0,0,-2,0,0,0,0,0,0,0,0,3,0.0,23,21:23,1,0,0,0,
575,2016-02-09,52,27-167,PHI,,ANA,L,1,0,1,-1,0,0,1,0,0,0,0,0,4,25.0,21,19:17,8,0,0,0,
576,2016-02-11,53,27-169,PHI,,BUF,W,1,0,1,0,0,1,0,0,0,0,0,0,3,33.3,16,11:51,4,0,0,0,
577,2016-02-13,54,27-171,PHI,,NJD,L-OT,0,0,0,0,2,0,0,0,0,0,0,0,3,0.0,27,21:45,6,2,0,0,
578,2016-02-14,55,27-172,PHI,@,NYR,L,0,0,0,0,5,0,0,0,0,0,0,0,2,0.0,20,20:17,0,1,0,0,
579,2016-02-16,56,27-174,PHI,@,NJD,W,1,1,2,1,0,0,1,0,0,0,1,0,2,50.0,19,14:21,4,1,0,0,
580,2016-02-19,57,27-177,PHI,@,MTL,L-SO,0,0,0,-1,0,0,0,0,0,0,0,0,1,0.0,26,19:20,0,0,0,0,
581,2016-02-20,58,27-178,PHI,@,TOR,W,0,2,2,2,2,0,0,0,0,2,0,0,6,0.0,24,15:52,5,1,0,0,
582,2016-02-23,59,27-181,PHI,@,CAR,L,0,0,0,-1,2,0,0,0,0,0,0,0,1,0.0,22,19:50,2,0,0,0,
583,2016-02-25,60,27-183,PHI,,MIN,W,0,0,0,0,0,0,0,0,0,0,0,0,3,0.0,21,17:22,2,1,0,0,
584,2016-02-27,61,27-185,PHI,,ARI,W,0,1,1,0,0,0,0,0,0,1,0,0,2,0.0,23,16:16,2,0,0,0,
585,2016-02-29,62,27-187,PHI,,CGY,W,2,0,2,2,2,1,1,0,0,0,0,0,6,33.3,24,16:51,2,0,0,0,
586,2016-03-03,63,27-190,PHI,,EDM,L,0,0,0,-3,4,0,0,0,0,0,0,0,2,0.0,23,19:27,1,0,0,0,
587,2016-03-05,64,27-192,PHI,,CBJ,W,0,1,1,1,2,0,0,0,0,1,0,0,1,0.0,21,14:20,3,2,0,0,
588,2016-03-07,65,27-194,PHI,,TBL,W,1,1,2,2,0,1,0,0,0,1,0,0,3,33.3,21,20:22,4,0,0,0,
589,2016-03-11,66,27-198,PHI,@,TBL,W,0,1,1,1,0,0,0,0,0,1,0,0,2,0.0,23,18:49,2,0,0,0,
590,2016-03-12,67,27-199,PHI,@,FLA,L-SO,0,0,0,0,0,0,0,0,0,0,0,0,1,0.0,25,19:33,4,0,0,0,
591,2016-03-15,68,27-202,PHI,,DET,W,1,0,1,0,0,1,0,0,0,0,0,0,8,12.5,23,20:18,1,2,0,0,
592,2016-03-16,69,27-203,PHI,@,CHI,W,0,1,1,-1,0,0,0,0,0,1,0,0,3,0.0,21,15:04,1,2,0,0,
593,2016-03-19,70,27-206,PHI,,PIT,L,0,0,0,0,0,0,0,0,0,0,0,0,2,0.0,19,14:56,1,1,0,0,
594,2016-03-21,71,27-208,PHI,@,NYI,W,0,1,1,0,0,0,0,0,0,1,0,0,5,0.0,22,17:00,2,0,0,0,
595,2016-03-22,72,27-209,PHI,@,CBJ,L-SO,0,0,0,-1,0,0,0,0,0,0,0,0,3,0.0,25,17:57,2,0,0,0,
596,2016-03-24,73,27-211,PHI,@,COL,W,0,1,1,1,0,0,0,0,0,1,0,0,6,0.0,24,17:33,0,2,0,0,
597,2016-03-26,74,27-213,PHI,@,ARI,L,0,0,0,0,10,0,0,0,0,0,0,0,2,0.0,23,17:38,0,0,0,0,
598,2016-03-28,75,27-215,PHI,,WPG,W,1,0,1,1,0,1,0,0,0,0,0,0,3,33.3,28,18:21,4,0,0,0,
599,2016-03-30,76,27-217,PHI,,WSH,W,0,1,1,0,2,0,0,0,0,0,1,0,3,0.0,25,19:24,2,0,0,0,
600,2016-04-02,77,27-220,PHI,,OTT,W,2,1,3,0,0,0,2,0,1,0,1,0,6,33.3,21,15:18,0,1,0,0,
601,2016-04-03,78,27-221,PHI,@,PIT,L,1,0,1,-1,2,1,0,0,0,0,0,0,3,33.3,27,17:10,6,0,0,0,
602,2016-04-06,79,27-224,PHI,@,DET,L,0,0,0,-3,4,0,0,0,0,0,0,0,3,0.0,23,18:36,2,0,0,0,
603,2016-04-07,80,27-225,PHI,,TOR,L-OT,1,0,1,-2,0,1,0,0,0,0,0,0,7,14.3,28,20:12,0,1,0,0,
604,2016-04-09,81,27-227,PHI,,PIT,W,2,0,2,2,0,2,0,0,1,0,0,0,4,50.0,27,19:42,2,0,1,0,100.0
605,2016-10-14,1,28-049,PHI,@,LAK,W,0,0,0,0,2,0,0,0,0,0,0,0,1,0.0,25,17:32,4,1,0,0,
606,2016-10-15,2,28-050,PHI,@,ARI,L-OT,1,0,1,1,2,1,0,0,0,0,0,0,3,33.3,27,21:23,3,1,0,0,
607,2016-10-18,3,28-053,PHI,@,CHI,L,1,0,1,-1,0,0,1,0,0,0,0,0,6,16.7,29,22:06,6,1,0,0,
608,2016-10-20,4,28-055,PHI,,ANA,L,1,0,1,0,0,0,1,0,0,0,0,0,1,100.0,27,21:31,3,1,0,0,
609,2016-10-22,5,28-057,PHI,,CAR,W,1,1,2,0,4,0,1,0,0,1,0,0,3,33.3,25,19:57,1,0,0,0,
610,2016-10-24,6,28-059,PHI,@,MTL,L,0,0,0,-1,4,0,0,0,0,0,0,0,2,0.0,26,19:51,5,0,0,0,
611,2016-10-25,7,28-060,PHI,,BUF,W,0,1,1,-1,0,0,0,0,0,0,1,0,4,0.0,30,20:48,0,0,0,1,0.0
612,2016-10-27,8,28-062,PHI,,ARI,L,1,0,1,-1,0,0,1,0,0,0,0,0,2,50.0,25,22:22,2,1,0,0,
613,2016-10-29,9,28-064,PHI,,PIT,L,1,1,2,-1,0,1,0,0,0,0,1,0,6,16.7,28,22:26,0,1,0,0,
614,2016-10-30,10,28-065,PHI,@,CAR,W,0,2,2,0,0,0,0,0,0,2,0,0,3,0.0,27,18:29,1,1,0,0,
615,2016-11-02,11,28-068,PHI,,DET,W,0,1,1,0,0,0,0,0,0,1,0,0,3,0.0,25,18:37,4,0,0,0,
616,2016-11-03,12,28-069,PHI,@,NYI,W,0,0,0,0,0,0,0,0,0,0,0,0,4,0.0,25,20:24,1,1,0,0,
617,2016-11-05,13,28-071,PHI,@,MTL,L,0,0,0,-1,0,0,0,0,0,0,0,0,1,0.0,27,22:39,2,3,0,0,
618,2016-11-08,14,28-074,PHI,,DET,L-SO,0,0,0,0,5,0,0,0,0,0,0,0,0,,25,17:35,2,3,0,0,
619,2016-11-11,15,28-077,PHI,@,TOR,L,2,0,2,0,0,0,1,1,0,0,0,0,5,40.0,25,17:23,1,1,0,0,
620,2016-11-12,16,28-078,PHI,,MIN,W,0,1,1,-1,0,0,0,0,0,0,1,0,2,0.0,27,16:47,1,0,1,0,100.0
621,2016-11-15,17,28-081,PHI,,OTT,L-SO,0,0,0,0,0,0,0,0,0,0,0,0,1,0.0,30,20:26,1,1,0,0,
622,2016-11-17,18,28-083,PHI,,WPG,W,1,0,1,1,0,1,0,0,0,0,0,0,1,100.0,26,14:32,0,1,0,0,
623,2016-11-19,19,28-085,PHI,,TBL,L,0,0,0,-1,0,0,0,0,0,0,0,0,1,0.0,23,18:12,1,0,0,0,
624,2016-11-22,20,28-088,PHI,@,FLA,W,1,1,2,1,0,1,0,0,0,0,1,0,3,33.3,27,17:40,1,0,0,0,
625,2016-11-23,21,28-089,PHI,@,TBL,L,0,0,0,-2,2,0,0,0,0,0,0,0,2,0.0,28,17:24,5,0,0,1,0.0
626,2016-11-25,22,28-091,PHI,,NYR,L,0,1,1,1,0,0,0,0,0,1,0,0,1,0.0,29,18:05,3,1,3,1,75.0
627,2016-11-27,23,28-093,PHI,,CGY,W,1,1,2,1,0,1,0,0,1,0,1,0,3,33.3,24,16:58,1,3,0,1,0.0
628,2016-11-29,24,28-095,PHI,,BOS,W,0,1,1,0,2,0,0,0,0,1,0,0,2,0.0,26,18:55,2,0,0,0,
629,2016-12-01,25,28-097,PHI,@,OTT,W,0,0,0,-1,2,0,0,0,0,0,0,0,2,0.0,24,18:36,4,0,0,0,
630,2016-12-03,26,28-099,PHI,,CHI,W,0,0,0,0,0,0,0,0,0,0,0,0,2,0.0,20,18:20,1,0,2,0,100.0
631,2016-12-04,27,28-100,PHI,@,NSH,W,2,0,2,0,2,0,2,0,0,0,0,0,4,50.0,24,19:39,1,0,0,0,
632,2016-12-06,28,28-102,PHI,,FLA,W,2,0,2,1,0,1,1,0,0,0,0,0,3,66.7,30,19:24,1,1,0,0,
633,2016-12-08,29,28-104,PHI,,EDM,W,0,0,0,-3,2,0,0,0,0,0,0,0,4,0.0,25,19:51,3,0,0,0,
634,2016-12-10,30,28-106,PHI,,DAL,W,0,1,1,0,15,0,0,0,0,0,1,0,2,0.0,27,21:10,5,0,0,0,
635,2016-12-11,31,28-107,PHI,@,DET,W,0,1,1,1,2,0,0,0,0,1,0,0,3,0.0,27,21:08,1,1,0,1,0.0
636,2016-12-14,32,28-110,PHI,@,COL,W,1,0,1,2,0,1,0,0,0,0,0,0,3,33.3,26,16:46,0,1,1,1,50.0
637,2016-12-17,33,28-113,PHI,@,DAL,L,0,0,0,-1,0,0,0,0,0,0,0,0,1,0.0,26,17:37,0,0,0,0,
638,2016-12-19,34,28-115,PHI,,NSH,L-SO,0,0,0,0,0,0,0,0,0,0,0,0,4,0.0,26,20:22,2,1,0,0,
639,2016-12-21,35,28-117,PHI,,WSH,W,0,0,0,-1,0,0,0,0,0,0,0,0,4,0.0,25,18:33,2,1,1,0,100.0
640,2016-12-22,36,28-118,PHI,@,NJD,L,0,0,0,0,16,0,0,0,0,0,0,0,2,0.0,26,19:19,0,0,0,0,
641,2016-12-28,37,28-124,PHI,@,STL,L,1,1,2,-1,0,1,0,0,0,0,1,0,4,25.0,27,21:12,4,0,0,0,
642,2016-12-30,38,28-126,PHI,@,SJS,L,0,0,0,0,0,0,0,0,0,0,0,0,2,0.0,24,18:58,2,0,0,1,0.0
643,2017-01-01,39,28-128,PHI,@,ANA,L-SO,0,1,1,1,7,0,0,0,0,1,0,0,5,0.0,23,18:17,0,0,0,0,
644,2017-01-04,40,28-131,PHI,,NYR,L,0,0,0,-2,0,0,0,0,0,0,0,0,3,0.0,25,18:50,1,0,0,0,
645,2017-01-07,41,28-134,PHI,,TBL,W,0,0,0,0,0,0,0,0,0,0,0,0,3,0.0,20,16:22,1,0,0,0,
646,2017-01-08,42,28-135,PHI,@,CBJ,L-OT,0,0,0,1,0,0,0,0,0,0,0,0,1,0.0,23,18:15,0,0,0,0,
647,2017-01-10,43,28-137,PHI,@,BUF,L,0,0,0,-2,0,0,0,0,0,0,0,0,4,0.0,24,20:27,2,1,0,0,
648,2017-01-12,44,28-139,PHI,,VAN,W,0,1,1,-2,0,0,0,0,0,0,1,0,4,0.0,29,19:51,3,1,0,0,
649,2017-01-14,45,28-141,PHI,@,BOS,L,1,0,1,-2,0,0,1,0,0,0,0,0,1,100.0,23,16:58,1,0,0,0,
650,2017-01-15,46,28-142,PHI,@,WSH,L,0,0,0,-2,0,0,0,0,0,0,0,0,2,0.0,21,18:04,1,1,0,0,
651,2017-01-21,47,28-148,PHI,,NJD,L,0,0,0,-1,9,0,0,0,0,0,0,0,1,0.0,21,18:44,3,1,0,1,0.0
652,2017-01-22,48,28-149,PHI,@,NYI,W,1,1,2,1,0,1,0,0,0,1,0,0,2,50.0,24,17:36,2,0,0,0,
653,2017-01-25,49,28-152,PHI,@,NYR,W,1,0,1,0,0,0,1,0,1,0,0,0,4,25.0,25,20:38,1,0,0,0,
654,2017-01-26,50,28-153,PHI,,TOR,W,1,0,1,1,0,1,0,0,0,0,0,0,2,50.0,21,15:19,2,2,0,0,
655,2017-01-31,51,28-158,PHI,@,CAR,L,0,0,0,-2,0,0,0,0,0,0,0,0,0,,24,18:10,1,0,0,0,
656,2017-02-02,52,28-160,PHI,,MTL,W,0,0,0,1,0,0,0,0,0,0,0,0,2,0.0,21,17:12,2,0,0,0,
657,2017-02-04,53,28-162,PHI,,LAK,L-OT,0,0,0,0,0,0,0,0,0,0,0,0,2,0.0,21,17:06,2,4,0,1,0.0
658,2017-02-06,54,28-164,PHI,,STL,L,0,0,0,-1,0,0,0,0,0,0,0,0,2,0.0,25,21:31,2,1,0,0,
659,2017-02-09,55,28-167,PHI,,NYI,L,1,0,1,0,4,0,1,0,0,0,0,0,1,100.0,19,19:34,1,0,0,0,
660,2017-02-11,56,28-169,PHI,,SJS,W,1,0,1,1,2,1,0,0,1,0,0,0,5,20.0,27,24:38,1,1,0,0,
661,2017-02-15,57,28-173,PHI,@,CGY,L,0,0,0,-2,4,0,0,0,0,0,0,0,3,0.0,26,20:11,2,1,0,0,
662,2017-02-16,58,28-174,PHI,@,EDM,L,1,0,1,-2,0,1,0,0,0,0,0,0,4,25.0,29,21:38,3,1,0,0,
663,2017-02-19,59,28-177,PHI,@,VAN,W,1,0,1,0,0,0,1,0,0,0,0,0,3,33.3,29,20:29,6,1,0,0,
664,2017-02-22,60,28-180,PHI,,WSH,L,0,0,0,1,2,0,0,0,0,0,0,0,3,0.0,25,21:08,5,1,0,0,
665,2017-02-25,61,28-183,PHI,@,PIT,L,0,0,0,0,2,0,0,0,0,0,0,0,3,0.0,25,19:01,3,0,0,0,
666,2017-02-28,62,28-186,PHI,,COL,W,2,0,2,2,0,0,1,1,1,0,0,0,4,50.0,26,15:50,1,2,0,0,
667,2017-03-02,63,28-188,PHI,,FLA,W,0,0,0,-1,0,0,0,0,0,0,0,0,4,0.0,28,21:46,2,1,0,0,
668,2017-03-04,64,28-190,PHI,@,WSH,L-OT,0,0,0,0,2,0,0,0,0,0,0,0,1,0.0,26,20:56,5,1,0,0,
669,2017-03-07,65,28-193,PHI,@,BUF,W,0,0,0,1,0,0,0,0,0,0,0,0,5,0.0,20,14:21,0,1,0,0,
670,2017-03-09,66,28-195,PHI,@,TOR,L,1,0,1,0,0,0,1,0,0,0,0,0,3,33.3,28,20:14,2,1,0,0,
671,2017-03-11,67,28-197,PHI,@,BOS,L,0,1,1,1,0,0,0,0,0,1,0,0,8,0.0,25,18:21,2,1,0,0,
672,2017-03-13,68,28-199,PHI,,CBJ,L,0,0,0,-2,0,0,0,0,0,0,0,0,2,0.0,27,21:30,0,1,0,0,
673,2017-03-15,69,28-201,PHI,,PIT,W,1,0,1,1,0,0,1,0,0,0,0,0,1,100.0,23,18:09,3,0,0,0,
674,2017-03-16,70,28-202,PHI,@,NJD,L,0,0,0,-2,0,0,0,0,0,0,0,0,2,0.0,23,17:29,4,1,0,0,
675,2017-03-19,71,28-205,PHI,,CAR,W,0,0,0,-2,0,0,0,0,0,0,0,0,2,0.0,23,18:02,2,1,0,0,
676,2017-03-21,72,28-207,PHI,@,WPG,L,0,1,1,0,2,0,0,0,0,1,0,0,3,0.0,24,18:44,0,0,0,0,
677,2017-03-23,73,28-209,PHI,@,MIN,W,0,1,1,0,0,0,0,0,0,1,0,0,4,0.0,20,15:30,2,1,0,0,
678,2017-03-25,74,28-211,PHI,@,CBJ,L,0,0,0,-1,2,0,0,0,0,0,0,0,4,0.0,24,17:56,1,1,0,0,
679,2017-03-26,75,28-212,PHI,@,PIT,W,0,0,0,1,0,0,0,0,0,0,0,0,2,0.0,26,17:13,4,0,0,0,
680,2017-03-28,76,28-214,PHI,,OTT,W,0,0,0,0,0,0,0,0,0,0,0,0,0,,25,18:38,1,0,0,0,
681,2017-03-30,77,28-216,PHI,,NYI,W,1,2,3,1,5,0,1,0,0,2,0,0,4,25.0,26,18:15,1,3,0,0,
682,2017-04-01,78,28-218,PHI,,NJD,W,0,0,0,0,17,0,0,0,0,0,0,0,2,0.0,21,15:37,5,0,0,0,
683,2017-04-02,79,28-219,PHI,@,NYR,L,0,0,0,1,0,0,0,0,0,0,0,0,2,0.0,24,18:15,0,0,0,0,
684,2017-04-04,80,28-221,PHI,@,NJD,L-OT,0,0,0,0,4,0,0,0,0,0,0,0,2,0.0,21,17:57,0,0,0,0,
685,2017-04-08,81,28-225,PHI,,CBJ,W,0,1,1,0,0,0,0,0,0,0,1,0,6,0.0,23,19:33,5,2,0,0,
686,2017-04-09,82,28-226,PHI,,CAR,L-SO,1,0,1,1,0,1,0,0,0,0,0,0,3,33.3,23,18:31,1,1,0,0,
687,2017-10-04,1,29-039,PHI,@,SJS,W,3,0,3,1,0,1,2,0,1,0,0,0,3,100.0,25,19:35,2,4,0,0,
688,2017-10-05,2,29-040,PHI,@,LAK,L,0,0,0,0,0,0,0,0,0,0,0,0,1,0.0,24,19:44,1,0,0,0,
689,2017-10-07,3,29-042,PHI,@,ANA,W,1,0,1,0,2,1,0,0,1,0,0,0,4,25.0,26,20:52,2,0,0,0,
690,2017-10-10,4,29-045,PHI,@,NSH,L,0,0,0,1,0,0,0,0,0,0,0,0,2,0.0,27,19:35,1,1,0,0,
691,2017-10-14,5,29-049,PHI,,WSH,W,1,1,2,0,0,0,1,0,1,1,0,0,4,25.0,23,16:19,1,1,0,0,
692,2017-10-17,6,29-052,PHI,,FLA,W,0,1,1,1,5,0,0,0,0,1,0,0,5,0.0,19,14:46,2,0,0,0,
693,2017-10-19,7,29-054,PHI,,NSH,L,0,0,0,-1,2,0,0,0,0,0,0,0,1,0.0,21,16:17,0,2,0,0,
694,2017-10-21,8,29-056,PHI,,EDM,W,1,1,2,1,0,1,0,0,1,0,1,0,2,50.0,19,16:48,0,1,0,0,
695,2017-10-24,9,29-059,PHI,,ANA,L,0,0,0,-1,4,0,0,0,0,0,0,0,3,0.0,22,18:14,0,1,0,1,0.0
696,2017-10-26,10,29-061,PHI,@,OTT,L,0,0,0,0,0,0,0,0,0,0,0,0,1,0.0,19,16:51,1,2,0,0,
697,2017-10-28,11,29-063,PHI,@,TOR,W,0,0,0,0,0,0,0,0,0,0,0,0,1,0.0,25,17:34,4,3,0,0,
698,2017-10-30,12,29-065,PHI,,ARI,L-OT,0,0,0,-1,2,0,0,0,0,0,0,0,0,,25,19:00,1,1,0,0,
699,2017-11-01,13,29-067,PHI,@,CHI,L,0,0,0,-1,0,0,0,0,0,0,0,0,3,0.0,24,20:04,1,0,0,0,
700,2017-11-02,14,29-068,PHI,@,STL,W,0,1,1,1,0,0,0,0,0,1,0,0,3,0.0,23,16:29,1,2,0,0,
701,2017-11-04,15,29-070,PHI,,COL,L-SO,0,1,1,0,0,0,0,0,0,1,0,0,1,0.0,28,23:15,2,0,0,0,
702,2017-11-09,16,29-075,PHI,,CHI,W,0,0,0,0,0,0,0,0,0,0,0,0,2,0.0,22,17:23,2,1,1,1,50.0
703,2017-11-11,17,29-077,PHI,,MIN,L,0,0,0,0,0,0,0,0,0,0,0,0,0,,18,16:01,2,0,0,0,
704,2017-11-14,18,29-080,PHI,@,MIN,L,0,0,0,-2,2,0,0,0,0,0,0,0,1,0.0,19,16:04,2,0,0,0,
705,2017-11-16,19,29-082,PHI,@,WPG,L-SO,0,1,1,-1,2,0,0,0,0,0,1,0,2,0.0,25,17:43,3,0,0,1,0.0
706,2017-11-18,20,29-084,PHI,,CGY,L-OT,0,0,0,0,0,0,0,0,0,0,0,0,2,0.0,24,18:30,0,0,1,0,100.0
707,2017-11-21,21,29-087,PHI,,VAN,L,0,0,0,-2,0,0,0,0,0,0,0,0,3,0.0,24,16:45,3,0,0,0,
708,2017-11-22,22,29-088,PHI,@,NYI,L-OT,0,1,1,0,0,0,0,0,0,0,1,0,1,0.0,22,16:55,3,0,0,0,
709,2017-11-24,23,29-090,PHI,,NYI,L-OT,1,0,1,0,2,1,0,0,0,0,0,0,4,25.0,21,15:08,1,0,3,0,100.0
710,2017-11-27,24,29-093,PHI,@,PIT,L-OT,0,0,0,0,0,0,0,0,0,0,0,0,3,0.0,23,18:07,4,0,1,0,100.0
711,2017-11-28,25,29-094,PHI,,SJS,L,0,0,0,-1,4,0,0,0,0,0,0,0,1,0.0,24,15:22,3,2,0,1,0.0
712,2017-12-02,26,29-098,PHI,,BOS,L,0,0,0,-1,5,0,0,0,0,0,0,0,3,0.0,22,20:17,2,1,0,0,
713,2017-12-04,27,29-100,PHI,@,CGY,W,1,0,1,0,0,0,1,0,0,0,0,0,1,100.0,28,19:33,1,0,1,0,100.0
714,2017-12-06,28,29-102,PHI,@,EDM,W,1,1,2,0,0,1,0,0,0,1,0,0,8,12.5,27,21:10,1,0,1,0,100.0
715,2017-12-07,29,29-103,PHI,@,VAN,W,1,0,1,1,0,1,0,0,0,0,0,0,2,50.0,30,20:08,1,0,0,0,
716,2017-12-12,30,29-108,PHI,,TOR,W,0,1,1,1,0,0,0,0,0,1,0,0,1,0.0,26,20:02,3,0,0,0,
717,2017-12-14,31,29-110,PHI,,BUF,W,0,0,0,0,0,0,0,0,0,0,0,0,2,0.0,26,19:18,4,0,0,0,
718,2017-12-16,32,29-112,PHI,,DAL,W,0,0,0,0,0,0,0,0,0,0,0,0,3,0.0,28,20:13,1,0,0,1,0.0
719,2017-12-18,33,29-114,PHI,,LAK,L,0,0,0,-2,0,0,0,0,0,0,0,0,3,0.0,23,22:03,0,1,0,0,
720,2017-12-20,34,29-116,PHI,,DET,W,1,1,2,2,0,0,1,0,0,1,0,0,3,33.3,31,19:52,1,2,0,0,
721,2017-12-22,35,29-118,PHI,@,BUF,L,0,0,0,-3,0,0,0,0,0,0,0,0,5,0.0,28,21:51,2,1,0,0,
722,2017-12-23,36,29-119,PHI,@,CBJ,L-SO,0,0,0,0,0,0,0,0,0,0,0,0,1,0.0,23,19:39,3,0,0,0,
723,2017-12-28,37,29-124,PHI,@,FLA,L,0,0,0,-1,0,0,0,0,0,0,0,0,2,0.0,28,21:59,2,1,0,1,0.0
724,2017-12-29,38,29-125,PHI,@,TBL,W,1,1,2,-1,0,0,1,0,0,0,1,0,2,50.0,22,19:14,0,1,0,0,
725,2018-01-02,39,29-129,PHI,,PIT,L,0,0,0,0,0,0,0,0,0,0,0,0,1,0.0,18,16:34,1,1,0,0,
726,2018-01-04,40,29-131,PHI,,NYI,W,1,0,1,1,10,1,0,0,0,0,0,0,5,20.0,24,20:06,1,1,0,0,
727,2018-01-06,41,29-133,PHI,,STL,W,1,0,1,0,0,0,1,0,0,0,0,0,3,33.3,20,19:05,2,0,0,0,
728,2018-01-07,42,29-134,PHI,,BUF,W,0,1,1,1,2,0,0,0,0,1,0,0,3,0.0,22,18:41,0,0,0,0,
729,2018-01-13,43,29-140,PHI,@,NJD,W,1,0,1,0,0,0,1,0,0,0,0,0,1,100.0,21,15:31,5,0,0,0,
730,2018-01-16,44,29-143,PHI,@,NYR,L,0,1,1,1,0,0,0,0,0,1,0,0,1,0.0,21,15:59,2,0,0,0,
731,2018-01-18,45,29-145,PHI,,TOR,W,1,0,1,2,0,0,0,1,0,0,0,0,1,100.0,23,18:11,0,2,0,0,
732,2018-01-20,46,29-147,PHI,,NJD,W,0,0,0,0,0,0,0,0,0,0,0,0,3,0.0,21,17:46,2,1,0,0,
733,2018-01-21,47,29-148,PHI,@,WSH,W,0,0,0,0,0,0,0,0,0,0,0,0,2,0.0,19,17:08,2,0,0,0,
734,2018-01-23,48,29-150,PHI,@,DET,W,0,0,0,0,0,0,0,0,0,0,0,0,2,0.0,23,17:09,1,0,0,0,
735,2018-01-25,49,29-152,PHI,,TBL,L,0,0,0,-3,0,0,0,0,0,0,0,0,3,0.0,19,20:08,1,2,0,0,
736,2018-01-31,50,29-158,PHI,@,WSH,L,0,1,1,2,0,0,0,0,0,1,0,0,3,0.0,23,20:06,3,0,1,1,50.0
737,2018-02-01,51,29-159,PHI,@,NJD,L,1,1,2,0,0,0,1,0,0,0,1,0,1,100.0,24,19:21,3,0,0,0,
738,2018-02-03,52,29-161,PHI,,OTT,L-SO,0,0,0,-1,6,0,0,0,0,0,0,0,3,0.0,21,18:24,0,1,0,0,
739,2018-02-06,53,29-164,PHI,@,CAR,W,1,0,1,1,0,1,0,0,0,0,0,0,1,100.0,22,19:45,1,1,0,1,0.0
740,2018-02-08,54,29-166,PHI,,MTL,W,0,1,1,-1,0,0,0,0,0,0,1,0,2,0.0,24,19:45,0,1,0,0,
741,2018-02-10,55,29-168,PHI,@,ARI,W,1,0,1,-1,0,0,1,0,0,0,0,0,7,14.3,25,19:37,0,1,0,0,
742,2018-02-11,56,29-169,PHI,@,VEG,W,0,0,0,0,0,0,0,0,0,0,0,0,0,,22,16:42,3,0,0,0,
743,2018-02-13,57,29-171,PHI,,NJD,L-SO,0,0,0,-1,2,0,0,0,0,0,0,0,2,0.0,27,20:42,4,0,1,0,100.0
744,2018-02-16,58,29-174,PHI,@,CBJ,W,1,0,1,1,0,1,0,0,0,0,0,0,1,100.0,19,15:33,1,2,0,0,
745,2018-02-18,59,29-176,PHI,@,NYR,W,0,1,1,0,5,0,0,0,0,1,0,0,0,,21,14:05,2,1,0,0,
746,2018-03-07,60,29-193,PHI,,PIT,L,0,0,0,-4,0,0,0,0,0,0,0,0,3,0.0,22,19:26,2,0,0,0,
747,2018-03-08,61,29-194,PHI,@,BOS,L,0,0,0,-1,0,0,0,0,0,0,0,0,0,,21,14:24,1,0,0,0,
748,2018-03-10,62,29-196,PHI,,WPG,W,0,1,1,1,0,0,0,0,0,1,0,0,2,0.0,20,14:40,2,0,0,0,
749,2018-03-12,63,29-198,PHI,,VEG,L,1,0,1,-1,0,0,1,0,0,0,0,0,5,20.0,21,18:57,0,1,0,0,
750,2018-03-15,64,29-201,PHI,,CBJ,L,0,0,0,-2,0,0,0,0,0,0,0,0,1,0.0,19,18:06,1,1,0,0,
751,2018-03-17,65,29-203,PHI,@,CAR,W,0,2,2,2,0,0,0,0,0,2,0,0,3,0.0,22,18:30,3,2,0,0,
752,2018-03-18,66,29-204,PHI,,WSH,W,2,0,2,0,0,2,0,0,1,0,0,0,6,33.3,22,18:22,0,1,0,1,0.0
753,2018-03-20,67,29-206,PHI,@,DET,L-SO,0,0,0,-2,0,0,0,0,0,0,0,0,0,,24,19:48,5,0,0,0,
754,2018-03-22,68,29-208,PHI,,NYR,W,0,0,0,0,0,0,0,0,0,0,0,0,3,0.0,19,15:10,1,0,0,0,
755,2018-03-25,69,29-211,PHI,@,PIT,L-OT,0,1,1,0,0,0,0,0,0,1,0,0,5,0.0,21,18:57,2,1,0,0,
756,2018-03-27,70,29-213,PHI,@,DAL,L-OT,0,1,1,1,2,0,0,0,0,1,0,0,2,0.0,22,15:08,3,0,0,0,
757,2018-03-28,71,29-214,PHI,@,COL,W,0,0,0,0,0,0,0,0,0,0,0,0,3,0.0,17,15:16,1,2,0,0,
758,2018-04-01,72,29-218,PHI,,BOS,W,0,0,0,-2,0,0,0,0,0,0,0,0,2,0.0,20,16:09,5,0,0,0,
759,2018-04-03,73,29-220,PHI,@,NYI,L,1,0,1,-1,0,1,0,0,0,0,0,0,4,25.0,17,15:53,1,1,0,0,
760,2018-04-05,74,29-222,PHI,,CAR,W,0,0,0,0,0,0,0,0,0,0,0,0,2,0.0,20,13:11,1,1,1,0,100.0
761,2018-04-07,75,29-224,PHI,,NYR,W,0,0,0,0,0,0,0,0,0,0,0,0,1,0.0,20,15:39,4,2,1,0,100.0
762,2018-10-04,1,30-039,PHI,@,VEG,W,2,0,2,2,0,1,1,0,1,0,0,0,4,50.0,18,13:38,7,0,0,1,0.0
763,2018-10-06,2,30-041,PHI,@,COL,L,0,0,0,0,0,0,0,0,0,0,0,0,4,0.0,19,14:40,1,0,0,0,
764,2018-10-09,3,30-044,PHI,,SJS,L,1,1,2,-1,0,0,1,0,0,0,1,0,4,25.0,21,15:39,2,0,0,0,
765,2018-10-10,4,30-045,PHI,@,OTT,W,0,0,0,0,0,0,0,0,0,0,0,0,4,0.0,19,17:36,4,3,0,0,
766,2018-10-13,5,30-048,PHI,,VEG,L,0,0,0,-1,2,0,0,0,0,0,0,0,1,0.0,20,19:23,3,0,0,0,
767,2018-10-16,6,30-051,PHI,,FLA,W,2,0,2,1,14,2,0,0,0,0,0,0,2,100.0,16,12:33,1,0,0,1,0.0
768,2018-10-18,7,30-053,PHI,@,CBJ,L,0,0,0,-4,0,0,0,0,0,0,0,0,1,0.0,22,15:30,0,1,0,0,
769,2018-10-20,8,30-055,PHI,,NJD,W,1,0,1,1,0,1,0,0,0,0,0,0,1,100.0,26,20:28,0,1,0,0,
770,2018-10-22,9,30-057,PHI,,COL,L,0,0,0,-3,0,0,0,0,0,0,0,0,1,0.0,25,20:55,0,1,0,0,
771,2018-10-25,10,30-060,PHI,@,BOS,L,0,0,0,0,2,0,0,0,0,0,0,0,2,0.0,15,13:42,0,0,0,2,0.0
772,2018-10-27,11,30-062,PHI,,NYI,L,0,0,0,-1,0,0,0,0,0,0,0,0,0,,24,17:22,5,0,0,0,
773,2018-10-30,12,30-065,PHI,@,ANA,W,0,0,0,0,0,0,0,0,0,0,0,0,4,0.0,20,16:45,0,1,1,0,100.0
774,2018-11-01,13,30-067,PHI,@,LAK,W,1,0,1,2,2,1,0,0,0,0,0,0,3,33.3,22,15:30,1,1,1,1,50.0
775,2018-11-03,14,30-069,PHI,@,SJS,L-OT,0,1,1,0,0,0,0,0,0,1,0,0,6,0.0,22,17:19,1,0,0,1,0.0
776,2018-11-05,15,30-071,PHI,@,ARI,W,0,1,1,1,0,0,0,0,0,1,0,0,2,0.0,23,17:14,0,0,0,0,
777,2018-11-08,16,30-074,PHI,,ARI,W,0,0,0,0,4,0,0,0,0,0,0,0,2,0.0,23,17:40,2,0,0,0,
778,2018-11-10,17,30-076,PHI,,CHI,W,0,0,0,0,2,0,0,0,0,0,0,0,1,0.0,18,14:09,1,0,0,0,
779,2018-11-13,18,30-079,PHI,,FLA,L,0,0,0,0,0,0,0,0,0,0,0,0,2,0.0,20,14:30,4,0,0,2,0.0
780,2018-11-15,19,30-081,PHI,,NJD,L,0,0,0,-1,10,0,0,0,0,0,0,0,1,0.0,20,17:03,2,0,0,0,
781,2018-11-17,20,30-083,PHI,,TBL,L-OT,1,0,1,-1,0,1,0,0,0,0,0,0,5,20.0,24,16:52,1,0,0,0,
782,2018-11-21,21,30-087,PHI,@,BUF,L,1,0,1,0,0,1,0,0,0,0,0,0,1,100.0,20,16:40,1,0,0,0,
783,2018-11-23,22,30-089,PHI,,NYR,W,0,1,1,1,0,0,0,0,0,1,0,0,4,0.0,19,15:20,0,1,1,1,50.0
784,2018-11-24,23,30-090,PHI,@,TOR,L,0,0,0,-1,0,0,0,0,0,0,0,0,1,0.0,23,18:00,3,0,0,0,
785,2018-11-27,24,30-093,PHI,,OTT,L,0,0,0,-1,0,0,0,0,0,0,0,0,1,0.0,20,15:53,4,0,0,0,
786,2018-12-01,25,30-097,PHI,@,PIT,W,0,0,0,0,5,0,0,0,0,0,0,0,1,0.0,14,14:20,3,0,0,0,
787,2018-12-06,26,30-102,PHI,,CBJ,L-OT,0,0,0,0,0,0,0,0,0,0,0,0,4,0.0,23,16:35,3,0,0,0,
788,2018-12-08,27,30-104,PHI,@,BUF,W,1,0,1,1,0,1,0,0,0,0,0,0,2,50.0,22,19:48,0,0,0,0,
789,2018-12-09,28,30-105,PHI,@,WPG,L,0,0,0,-2,0,0,0,0,0,0,0,0,4,0.0,18,15:22,0,0,0,0,
790,2018-12-12,29,30-108,PHI,@,CGY,L-OT,0,0,0,-1,2,0,0,0,0,0,0,0,1,0.0,19,9:30,1,0,0,0,
791,2018-12-14,30,30-110,PHI,@,EDM,L,0,0,0,-1,2,0,0,0,0,0,0,0,1,0.0,25,18:46,5,0,0,0,
792,2018-12-15,31,30-111,PHI,@,VAN,L,0,0,0,-2,0,0,0,0,0,0,0,0,3,0.0,23,20:26,5,0,0,1,0.0
793,2018-12-18,32,30-114,PHI,,DET,W,0,0,0,0,0,0,0,0,0,0,0,0,3,0.0,22,18:29,2,0,0,0,
794,2018-12-20,33,30-116,PHI,,NSH,W,0,0,0,1,2,0,0,0,0,0,0,0,1,0.0,18,18:39,1,1,0,0,
795,2018-12-22,34,30-118,PHI,,CBJ,L,0,1,1,-2,0,0,0,0,0,1,0,0,2,0.0,22,19:50,2,0,0,0,
796,2018-12-23,35,30-119,PHI,@,NYR,W,1,0,1,-1,0,0,1,0,0,0,0,0,3,33.3,19,17:19,1,1,0,0,
797,2018-12-27,36,30-123,PHI,@,TBL,L-OT,0,0,0,1,0,0,0,0,0,0,0,0,3,0.0,20,16:16,1,0,0,0,
798,2018-12-29,37,30-125,PHI,@,FLA,L,0,0,0,-1,0,0,0,0,0,0,0,0,5,0.0,20,17:11,2,0,0,0,
799,2018-12-31,38,30-127,PHI,@,CAR,L,0,1,1,0,2,0,0,0,0,1,0,0,1,0.0,21,17:08,0,0,0,0,
800,2019-01-01,39,30-128,PHI,@,NSH,L,0,0,0,-1,0,0,0,0,0,0,0,0,2,0.0,18,15:32,2,0,0,0,
801,2019-01-03,40,30-130,PHI,,CAR,L,1,0,1,0,4,0,1,0,0,0,0,0,5,20.0,24,18:26,3,0,0,0,
802,2019-01-05,41,30-132,PHI,,CGY,L-OT,0,0,0,-1,0,0,0,0,0,0,0,0,2,0.0,17,14:41,1,0,0,0,
803,2019-01-07,42,30-134,PHI,,STL,L,0,0,0,-1,0,0,0,0,0,0,0,0,1,0.0,18,15:03,3,0,0,0,
804,2019-01-08,43,30-135,PHI,@,WSH,L,1,0,1,0,10,1,0,0,0,0,0,0,5,20.0,17,16:25,2,0,0,0,
805,2019-01-10,44,30-137,PHI,,DAL,W,0,0,0,0,2,0,0,0,0,0,0,0,0,,19,13:58,0,0,0,0,
806,2019-01-12,45,30-139,PHI,@,NJD,L,0,0,0,1,0,0,0,0,0,0,0,0,2,0.0,17,15:25,3,0,0,0,
807,2019-01-14,46,30-141,PHI,,MIN,W,2,0,2,3,2,2,0,0,1,0,0,0,2,100.0,21,16:27,3,0,0,0,
808,2019-01-16,47,30-143,PHI,,BOS,W,0,1,1,0,0,0,0,0,0,0,1,0,1,0.0,19,14:47,2,1,0,0,
809,2019-01-19,48,30-146,PHI,@,MTL,W,0,1,1,1,0,0,0,0,0,1,0,0,1,0.0,20,15:36,1,0,0,0,
810,2019-01-28,49,30-155,PHI,,WPG,W,0,0,0,0,0,0,0,0,0,0,0,0,1,0.0,16,13:18,2,0,0,0,
811,2019-01-29,50,30-156,PHI,@,NYR,W,0,0,0,0,0,0,0,0,0,0,0,0,1,0.0,18,15:23,1,1,0,0,
812,2019-01-31,51,30-158,PHI,@,BOS,W,0,0,0,-1,0,0,0,0,0,0,0,0,4,0.0,23,17:28,0,1,0,0,
813,2019-02-02,52,30-160,PHI,,EDM,W,1,0,1,-1,0,0,1,0,0,0,0,0,2,50.0,22,17:19,1,1,0,0,
814,2019-02-04,53,30-162,PHI,,VAN,W,0,0,0,-1,2,0,0,0,0,0,0,0,1,0.0,18,17:58,0,0,0,0,
815,2019-02-07,54,30-165,PHI,,LAK,L-SO,0,0,0,-1,0,0,0,0,0,0,0,0,3,0.0,19,17:14,2,0,0,0,
816,2019-02-09,55,30-167,PHI,,ANA,W,0,0,0,0,0,0,0,0,0,0,0,0,2,0.0,19,17:24,0,3,0,0,
817,2019-02-11,56,30-169,PHI,,PIT,L,0,0,0,-1,0,0,0,0,0,0,0,0,1,0.0,22,19:42,3,0,0,0,
818,2019-02-12,57,30-170,PHI,@,MIN,W,0,1,1,0,0,0,0,0,0,0,1,0,1,0.0,22,16:23,1,0,0,0,
819,2019-02-16,58,30-174,PHI,,DET,W,0,2,2,2,0,0,0,0,0,2,0,0,1,0.0,24,16:58,3,1,0,0,
820,2019-02-17,59,30-175,PHI,@,DET,W,0,0,0,0,5,0,0,0,0,0,0,0,2,0.0,20,16:52,3,0,0,0,
821,2019-02-19,60,30-177,PHI,,TBL,L,0,0,0,-3,14,0,0,0,0,0,0,0,2,0.0,21,18:42,4,1,1,0,100.0
822,2019-02-21,61,30-179,PHI,@,MTL,L,0,0,0,-3,0,0,0,0,0,0,0,0,3,0.0,21,17:17,1,0,0,0,
823,2019-02-23,62,30-181,PHI,,PIT,W,0,0,0,0,2,0,0,0,0,0,0,0,0,,23,13:41,3,1,0,2,0.0
824,2019-02-26,63,30-184,NSH,@,STL,L,0,0,0,0,0,0,0,0,0,0,0,0,2,0.0,19,15:46,0,1,0,0,
825,2019-03-01,64,30-187,NSH,@,WPG,L,0,0,0,1,0,0,0,0,0,0,0,0,2,0.0,17,12:40,1,2,0,0,
826,2019-03-03,65,30-189,NSH,@,MIN,W,0,1,1,1,0,0,0,0,0,1,0,0,1,0.0,13,11:57,2,0,0,0,
827,2019-03-05,66,30-191,NSH,,MIN,W,0,0,0,1,0,0,0,0,0,0,0,0,1,0.0,14,10:01,2,0,0,0,
828,2019-03-09,67,30-195,NSH,,CAR,L,0,0,0,0,0,0,0,0,0,0,0,0,0,,20,14:56,3,0,0,0,
829,2019-03-12,68,30-198,NSH,@,ANA,L,0,0,0,-1,0,0,0,0,0,0,0,0,2,0.0,20,19:36,1,0,0,0,
830,2019-03-14,69,30-200,NSH,@,LAK,W,0,0,0,0,2,0,0,0,0,0,0,0,2,0.0,18,15:36,2,1,0,0,
831,2019-03-16,70,30-202,NSH,@,SJS,W,0,0,0,0,5,0,0,0,0,0,0,0,2,0.0,18,14:35,3,0,0,0,
832,2019-03-19,71,30-205,NSH,,TOR,W,1,0,1,1,0,1,0,0,0,0,0,0,1,100.0,17,13:07,2,0,0,0,
833,2019-03-21,72,30-207,NSH,,PIT,L-SO,0,0,0,0,0,0,0,0,0,0,0,0,1,0.0,16,11:23,2,0,0,0,
834,2019-03-23,73,30-209,NSH,@,WPG,L,0,0,0,0,0,0,0,0,0,0,0,0,4,0.0,16,10:58,3,1,0,1,0.0
835,2019-03-25,74,30-211,NSH,@,MIN,W,0,0,0,0,0,0,0,0,0,0,0,0,0,,14,12:37,0,,,,
836,2019-03-29,75,30-215,NSH,@,PIT,W,0,0,0,0,0,0,0,0,0,0,0,0,0,,14,11:10,3,0,0,0,
837,2019-03-30,76,30-216,NSH,,CBJ,L,0,0,0,0,0,0,0,0,0,0,0,0,0,,13,9:39,0,,,,
838,2019-04-02,77,30-219,NSH,@,BUF,W,0,0,0,0,0,0,0,0,0,0,0,0,0,,14,10:52,0,1,0,0,
839,2019-04-04,78,30-221,NSH,,VAN,W,0,0,0,0,2,0,0,0,0,0,0,0,2,0.0,12,8:49,0,1,0,0,
840,2019-04-06,79,30-223,NSH,,CHI,W,0,1,1,1,0,0,0,0,0,1,0,0,1,0.0,12,7:57,0,0,0,0,
841,2019-10-04,1,31-039,NJD,,WPG,L-SO,0,1,1,1,0,0,0,0,0,1,0,0,2,0.0,20,18:45,3,0,0,0,
842,2019-10-05,2,31-040,NJD,@,BUF,L,0,0,0,-1,4,0,0,0,0,0,0,0,1,0.0,14,11:35,1,0,0,0,
843,2019-10-09,3,31-044,NJD,@,PHI,L,0,0,0,0,0,0,0,0,0,0,0,0,3,0.0,18,15:08,2,0,0,0,
844,2019-10-10,4,31-045,NJD,,EDM,L-SO,0,0,0,0,0,0,0,0,0,0,0,0,4,0.0,19,14:21,3,0,0,1,0.0
845,2019-10-12,5,31-047,NJD,@,BOS,L,0,0,0,0,0,0,0,0,0,0,0,0,2,0.0,17,14:55,2,0,0,0,
846,2019-10-14,6,31-049,NJD,,FLA,L,0,0,0,-1,0,0,0,0,0,0,0,0,2,0.0,16,15:11,1,2,0,0,
847,2019-10-17,7,31-052,NJD,,NYR,W,0,0,0,0,2,0,0,0,0,0,0,0,4,0.0,20,16:30,3,1,1,0,100.0
848,2019-10-19,8,31-054,NJD,,VAN,W,0,0,0,0,0,0,0,0,0,0,0,0,6,0.0,17,15:50,2,0,0,0,
849,2019-10-25,9,31-060,NJD,,ARI,L,0,0,0,-1,0,0,0,0,0,0,0,0,5,0.0,21,17:45,2,1,0,0,
850,2019-10-30,10,31-065,NJD,,TBL,L-OT,0,3,3,0,0,0,0,0,0,2,1,0,5,0.0,18,18:13,4,0,0,1,0.0
851,2019-11-01,11,31-067,NJD,,PHI,L-SO,1,0,1,-2,0,0,1,0,0,0,0,0,1,100.0,20,15:24,2,0,0,0,
852,2019-11-02,12,31-068,NJD,@,CAR,W,0,1,1,1,0,0,0,0,0,1,0,0,2,0.0,20,16:18,2,1,1,2,33.3
853,2019-11-05,13,31-071,NJD,@,WPG,W,0,0,0,0,0,0,0,0,0,0,0,0,2,0.0,18,16:04,1,0,0,0,
854,2019-11-07,14,31-073,NJD,@,CGY,L,0,0,0,1,2,0,0,0,0,0,0,0,2,0.0,18,14:45,2,0,1,0,100.0
855,2019-11-08,15,31-074,NJD,@,EDM,L,0,0,0,-2,0,0,0,0,0,0,0,0,3,0.0,19,19:11,2,1,0,2,0.0
856,2019-11-10,16,31-076,NJD,@,VAN,W,1,0,1,0,0,0,1,0,0,0,0,0,2,50.0,16,14:43,2,2,0,0,
857,2019-11-13,17,31-079,NJD,,OTT,L,1,0,1,-1,0,1,0,0,0,0,0,0,2,50.0,18,16:38,3,1,0,1,0.0
858,2019-11-15,18,31-081,NJD,,PIT,W,0,0,0,-1,2,0,0,0,0,0,0,0,1,0.0,19,13:59,2,0,0,0,
859,2019-11-16,19,31-082,NJD,@,MTL,W,1,0,1,-1,2,0,1,0,0,0,0,0,2,50.0,16,11:32,4,0,0,1,0.0
860,2019-11-19,20,31-085,NJD,,BOS,L,0,0,0,-1,0,0,0,0,0,0,0,0,0,,17,17:29,2,0,0,0,
861,2019-11-22,21,31-088,NJD,@,PIT,L,0,0,0,0,2,0,0,0,0,0,0,0,1,0.0,21,15:59,4,0,0,1,0.0
862,2019-11-23,22,31-089,NJD,,DET,W,0,0,0,0,7,0,0,0,0,0,0,0,3,0.0,18,15:22,4,0,0,0,
863,2019-11-26,23,31-092,NJD,,MIN,L,0,1,1,0,0,0,0,0,0,1,0,0,2,0.0,17,17:18,1,1,1,0,100.0
864,2019-11-28,24,31-094,NJD,@,MTL,W,0,1,1,0,0,0,0,0,0,1,0,0,1,0.0,15,14:43,2,1,3,1,75.0
865,2019-11-30,25,31-096,NJD,,NYR,L,0,0,0,-1,2,0,0,0,0,0,0,0,0,,17,16:40,5,0,0,0,
866,2019-12-02,26,31-098,NJD,@,BUF,L,0,0,0,-1,0,0,0,0,0,0,0,0,5,0.0,19,19:06,0,0,4,4,50.0
867,2019-12-03,27,31-099,NJD,,VEG,L,0,0,0,0,0,0,0,0,0,0,0,0,1,0.0,15,15:21,1,1,2,2,50.0
868,2019-12-06,28,31-102,NJD,,CHI,L-SO,0,0,0,0,5,0,0,0,0,0,0,0,1,0.0,18,13:41,3,0,1,1,50.0
869,2019-12-07,29,31-103,NJD,@,NSH,L,0,0,0,-2,0,0,0,0,0,0,0,0,1,0.0,16,11:44,1,1,0,2,0.0
870,2019-12-10,30,31-106,NJD,@,DAL,L,0,0,0,0,0,0,0,0,0,0,0,0,2,0.0,13,14:51,2,0,1,1,50.0
871,2019-12-13,31,31-109,NJD,@,COL,L,0,1,1,1,0,0,0,0,0,1,0,0,2,0.0,19,16:18,4,1,0,1,0.0
872,2019-12-14,32,31-110,NJD,@,ARI,W,0,0,0,0,2,0,0,0,0,0,0,0,0,,21,17:47,2,0,0,3,0.0
873,2019-12-18,33,31-114,NJD,,ANA,W,0,0,0,1,0,0,0,0,0,0,0,0,1,0.0,20,14:14,1,1,1,2,33.3
874,2019-12-20,34,31-116,NJD,,WSH,L,0,0,0,0,0,0,0,0,0,0,0,0,2,0.0,18,15:05,1,0,0,1,0.0
875,2019-12-21,35,31-117,NJD,@,CBJ,L,0,0,0,-3,0,0,0,0,0,0,0,0,1,0.0,15,14:23,0,0,0,1,0.0
876,2019-12-23,36,31-119,NJD,@,CHI,W,0,1,1,1,2,0,0,0,0,1,0,0,1,0.0,15,13:39,4,1,0,0,
877,2019-12-27,37,31-123,NJD,,TOR,L-OT,0,0,0,0,0,0,0,0,0,0,0,0,1,0.0,16,13:47,3,0,0,0,
878,2019-12-29,38,31-125,NJD,@,OTT,W,0,1,1,0,0,0,0,0,0,1,0,0,4,0.0,21,16:36,5,0,0,1,0.0
879,2019-12-31,39,31-127,NJD,,BOS,W,0,0,0,-1,0,0,0,0,0,0,0,0,2,0.0,19,14:35,2,1,0,0,
880,2020-01-02,40,31-129,NJD,@,NYI,W,0,0,0,0,0,0,0,0,0,0,0,0,2,0.0,19,15:33,1,1,0,0,
881,2020-01-04,41,31-131,NJD,,COL,L,0,0,0,-1,20,0,0,0,0,0,0,0,2,0.0,15,10:17,1,0,0,0,
882,2020-01-07,42,31-134,NJD,,NYI,L-OT,0,1,1,0,0,0,0,0,0,1,0,0,0,,20,17:46,3,1,0,0,
883,2020-01-09,43,31-136,NJD,@,NYR,L,0,0,0,0,2,0,0,0,0,0,0,0,3,0.0,19,14:16,1,0,0,0,
884,2020-01-11,44,31-138,NJD,@,WSH,W,0,1,1,2,0,0,0,0,0,1,0,0,0,,17,12:32,1,0,1,0,100.0
885,2020-01-12,45,31-139,NJD,,TBL,W,0,1,1,2,0,0,0,0,0,1,0,0,1,0.0,18,14:31,2,0,2,0,100.0
886,2020-01-14,46,31-141,NJD,@,TOR,L,0,1,1,-2,0,0,0,0,0,0,1,0,0,,18,13:40,3,0,1,1,50.0
887,2020-01-16,47,31-143,NJD,@,WSH,L,1,0,1,-1,0,1,0,0,0,0,0,0,2,50.0,17,14:50,2,0,0,1,0.0
888,2020-01-18,48,31-145,NJD,@,CBJ,L,0,0,0,-1,0,0,0,0,0,0,0,0,1,0.0,16,15:32,3,1,0,0,
889,2020-01-27,49,31-154,NJD,@,OTT,W,0,0,0,-1,0,0,0,0,0,0,0,0,3,0.0,17,13:17,4,0,3,2,60.0
890,2020-01-30,50,31-157,NJD,,NSH,L-SO,0,0,0,0,2,0,0,0,0,0,0,0,1,0.0,20,13:35,3,0,1,2,33.3
891,2020-02-01,51,31-159,NJD,,DAL,L-OT,0,0,0,0,0,0,0,0,0,0,0,0,2,0.0,16,13:02,1,0,2,1,66.7
892,2020-02-04,52,31-162,NJD,,MTL,L-SO,0,0,0,-2,0,0,0,0,0,0,0,0,0,,22,15:49,0,1,0,0,
893,2020-02-06,53,31-164,NJD,@,PHI,W,0,0,0,2,0,0,0,0,0,0,0,0,0,,16,14:18,1,1,0,1,0.0
894,2020-02-08,54,31-166,NJD,,LAK,W,0,1,1,0,2,0,0,0,0,0,1,0,1,0.0,18,15:51,2,1,1,1,50.0
895,2020-02-11,55,31-169,NJD,,FLA,L,0,1,1,-1,0,0,0,0,0,0,1,0,0,,17,16:53,1,0,0,2,0.0
896,2020-02-13,56,31-171,NJD,,DET,W,2,0,2,2,0,1,1,0,1,0,0,0,4,50.0,18,17:00,1,0,1,0,100.0
897,2020-02-14,57,31-172,NJD,@,CAR,L,0,0,0,-1,2,0,0,0,0,0,0,0,1,0.0,19,17:36,0,1,0,1,0.0
898,2020-02-16,58,31-174,NJD,,CBJ,W,0,0,0,-1,0,0,0,0,0,0,0,0,0,,17,14:34,3,1,0,2,0.0
899,2020-02-18,59,31-176,NJD,@,STL,L,0,0,0,0,2,0,0,0,0,0,0,0,3,0.0,18,13:41,3,0,0,0,
900,2020-02-20,60,31-178,NJD,,SJS,W,0,0,0,0,2,0,0,0,0,0,0,0,0,,20,14:28,1,1,0,0,
901,2020-02-22,61,31-180,NJD,,WSH,W,1,0,1,-1,0,0,1,0,0,0,0,0,2,50.0,14,11:35,1,0,1,0,100.0
902,2020-02-26,62,31-184,BUF,@,COL,L,0,0,0,0,0,0,0,0,0,0,0,0,1,0.0,16,12:53,3,0,0,1,0.0
903,2020-02-28,63,31-186,BUF,@,VEG,L,0,0,0,1,0,0,0,0,0,0,0,0,0,,17,11:54,6,0,0,1,0.0
904,2020-02-29,64,31-187,BUF,@,ARI,L,0,1,1,-1,0,0,0,0,0,1,0,0,4,0.0,15,12:25,2,0,0,0,
905,2020-03-03,65,31-190,BUF,@,WPG,L,0,0,0,-2,2,0,0,0,0,0,0,0,1,0.0,19,16:01,1,2,0,0,
906,2020-03-05,66,31-192,BUF,,PIT,L,0,0,0,-2,0,0,0,0,0,0,0,0,1,0.0,18,12:40,2,0,0,0,
907,2020-03-07,67,31-194,BUF,@,PHI,L,0,0,0,0,0,0,0,0,0,0,0,0,2,0.0,17,11:30,1,1,0,0,
908,2020-03-09,68,31-196,BUF,,WSH,W,0,0,0,0,0,0,0,0,0,0,0,0,0,,14,11:18,2,0,0,0,
