,date_game,game_season,age,team_id,game_location,opp_id,game_result,goals,assists,points,plus_minus,pen_min,goals_ev,goals_pp,goals_sh,goals_gw,assists_ev,assists_pp,assists_sh,shots,shot_pct,shifts,time_on_ice,hits_all,blocks_all,faceoff_wins_all,faceoff_losses_all,faceoff_percentage_all
0,2015-11-20,1,21-203,CAR,,TOR,L-SO,0,0,0,0,0,0,0,0,0,0,0,0,1,0.0,21,13:30,0,2,0,0,
1,2015-11-22,2,21-205,CAR,,LAK,W,0,0,0,0,0,0,0,0,0,0,0,0,1,0.0,19,14:39,1,3,0,0,
2,2015-11-23,3,21-206,CAR,@,PHI,L-OT,0,0,0,0,0,0,0,0,0,0,0,0,1,0.0,17,13:01,0,1,0,0,
3,2015-11-25,4,21-208,CAR,,EDM,W,0,0,0,0,0,0,0,0,0,0,0,0,0,,21,15:59,0,2,0,0,
4,2015-11-27,5,21-210,CAR,@,BUF,L,0,0,0,-1,0,0,0,0,0,0,0,0,2,0.0,22,17:50,0,2,0,0,
5,2015-11-30,6,21-213,CAR,@,NYR,L,0,1,1,0,0,0,0,0,0,1,0,0,1,0.0,22,16:18,0,1,0,0,
6,2015-12-05,7,21-218,CAR,,MTL,W,0,0,0,-1,0,0,0,0,0,0,0,0,2,0.0,19,14:51,1,1,0,0,
7,2015-12-06,8,21-219,CAR,,ARI,W,0,0,0,-1,0,0,0,0,0,0,0,0,1,0.0,18,15:28,0,4,0,0,
8,2015-12-08,9,21-221,CAR,@,DAL,L,1,0,1,2,0,1,0,0,0,0,0,0,2,50.0,25,14:42,1,0,0,0,
9,2015-12-11,10,21-224,CAR,@,ANA,W,0,0,0,0,0,0,0,0,0,0,0,0,0,,24,17:37,1,1,0,0,
10,2015-12-12,11,21-225,CAR,@,ARI,W,0,1,1,-1,0,0,0,0,0,1,0,0,0,,20,11:21,1,1,0,0,
11,2015-12-15,12,21-228,CAR,@,PHI,L-OT,0,1,1,0,0,0,0,0,0,1,0,0,1,0.0,20,12:47,0,1,0,0,
12,2015-12-18,13,21-231,CAR,,FLA,L,0,0,0,0,0,0,0,0,0,0,0,0,0,,22,14:49,1,1,0,0,
13,2015-12-19,14,21-232,CAR,@,PIT,W,0,0,0,0,0,0,0,0,0,0,0,0,0,,19,18:20,0,2,0,0,
14,2015-12-21,15,21-234,CAR,,WSH,L,0,0,0,-1,0,0,0,0,0,0,0,0,0,,19,18:29,1,3,0,0,
15,2015-12-26,16,21-239,CAR,,NJD,W,0,0,0,0,0,0,0,0,0,0,0,0,1,0.0,21,17:44,0,0,0,0,
16,2015-12-27,17,21-240,CAR,@,CHI,W,0,0,0,0,0,0,0,0,0,0,0,0,0,,29,19:34,1,1,0,0,
17,2015-12-29,18,21-242,CAR,@,NJD,L,0,0,0,1,0,0,0,0,0,0,0,0,3,0.0,22,19:13,0,1,0,0,
18,2015-12-31,19,21-244,CAR,,WSH,W,0,0,0,1,0,0,0,0,0,0,0,0,3,0.0,25,19:40,2,0,0,0,
19,2016-01-02,20,21-246,CAR,,NSH,L-OT,0,0,0,0,0,0,0,0,0,0,0,0,3,0.0,28,23:41,0,3,0,0,
20,2016-01-04,21,21-248,CAR,@,EDM,L-OT,0,0,0,0,0,0,0,0,0,0,0,0,2,0.0,27,21:22,2,2,0,0,
21,2016-01-06,22,21-250,CAR,@,VAN,L,0,0,0,0,2,0,0,0,0,0,0,0,3,0.0,25,19:35,0,0,0,0,
22,2016-01-08,23,21-252,CAR,,CBJ,W,0,1,1,2,0,0,0,0,0,0,1,0,0,,26,19:51,1,4,0,0,
23,2016-01-09,24,21-253,CAR,@,CBJ,W,0,1,1,1,2,0,0,0,0,1,0,0,1,0.0,23,16:22,1,1,0,0,
24,2016-01-12,25,21-256,CAR,,PIT,W,0,0,0,1,0,0,0,0,0,0,0,0,2,0.0,31,25:59,0,3,0,0,
25,2016-01-14,26,21-258,CAR,@,STL,W,0,1,1,1,0,0,0,0,0,0,1,0,3,0.0,30,21:50,0,0,0,0,
26,2016-01-15,27,21-259,CAR,,VAN,L-OT,0,1,1,-2,0,0,0,0,0,0,1,0,4,0.0,28,23:21,0,1,0,0,
27,2016-01-17,28,21-261,CAR,@,PIT,L,0,0,0,-1,0,0,0,0,0,0,0,0,2,0.0,27,24:31,3,2,0,0,
28,2016-01-21,29,21-265,CAR,@,TOR,W,0,0,0,0,0,0,0,0,0,0,0,0,3,0.0,22,22:49,1,3,0,0,
29,2016-01-22,30,21-266,CAR,,NYR,L,0,0,0,-2,0,0,0,0,0,0,0,0,0,,24,20:55,0,2,0,0,
30,2016-01-24,31,21-268,CAR,,CGY,W,0,0,0,1,0,0,0,0,0,0,0,0,3,0.0,28,20:25,0,1,0,0,
31,2016-01-26,32,21-270,CAR,,CHI,W,0,1,1,2,0,0,0,0,0,1,0,0,1,0.0,30,22:08,0,3,0,0,
32,2016-02-03,33,21-278,CAR,@,CGY,L,0,0,0,1,0,0,0,0,0,0,0,0,1,0.0,23,18:06,1,1,0,0,
33,2016-02-05,34,21-280,CAR,@,WPG,W,0,1,1,0,0,0,0,0,0,1,0,0,2,0.0,24,22:58,1,4,0,0,
34,2016-02-07,35,21-282,CAR,@,MTL,L-SO,0,0,0,0,0,0,0,0,0,0,0,0,2,0.0,28,22:21,1,0,0,0,
35,2016-02-12,36,21-287,CAR,,PIT,L-SO,0,0,0,-1,0,0,0,0,0,0,0,0,1,0.0,32,24:25,1,3,0,0,
36,2016-02-13,37,21-288,CAR,,NYI,W,0,1,1,1,0,0,0,0,0,1,0,0,3,0.0,27,23:19,1,4,0,0,
37,2016-02-16,38,21-291,CAR,,WPG,W,0,0,0,-1,0,0,0,0,0,0,0,0,0,,26,22:09,0,3,0,0,
38,2016-02-18,39,21-293,CAR,@,OTT,L,0,0,0,-2,0,0,0,0,0,0,0,0,2,0.0,28,23:45,1,1,0,0,
39,2016-02-19,40,21-294,CAR,,SJS,W,0,1,1,1,0,0,0,0,0,1,0,0,1,0.0,29,21:36,1,1,0,0,
40,2016-02-21,41,21-296,CAR,,TBL,L,0,1,1,-1,0,0,0,0,0,0,0,1,1,0.0,24,21:46,0,3,0,0,
41,2016-02-23,42,21-298,CAR,,PHI,W,0,0,0,2,0,0,0,0,0,0,0,0,0,,25,23:31,0,1,0,0,
42,2016-02-25,43,21-300,CAR,@,TOR,L,0,0,0,0,0,0,0,0,0,0,0,0,3,0.0,30,25:46,1,7,0,0,
43,2016-02-26,44,21-301,CAR,,BOS,L,0,0,0,-1,0,0,0,0,0,0,0,0,3,0.0,24,25:53,0,3,0,0,
44,2016-02-28,45,21-303,CAR,,STL,L,0,0,0,1,0,0,0,0,0,0,0,0,0,,28,24:24,2,5,0,0,
45,2016-03-01,46,21-305,CAR,@,NJD,W,0,2,2,2,0,0,0,0,0,1,1,0,1,0.0,28,22:46,1,1,0,0,
46,2016-03-05,47,21-309,CAR,@,TBL,L-OT,0,0,0,1,0,0,0,0,0,0,0,0,2,0.0,34,29:54,2,1,0,0,
47,2016-03-08,48,21-312,CAR,,OTT,W,0,0,0,-2,0,0,0,0,0,0,0,0,0,,30,26:19,1,3,0,0,
48,2016-03-10,49,21-314,CAR,@,BOS,W,0,0,0,1,0,0,0,0,0,0,0,0,0,,27,25:09,1,2,0,0,
49,2016-03-12,50,21-316,CAR,@,BUF,L-OT,0,0,0,-1,0,0,0,0,0,0,0,0,1,0.0,31,26:40,0,0,0,0,
50,2016-03-15,51,21-319,CAR,@,WSH,L-OT,0,0,0,0,0,0,0,0,0,0,0,0,0,,27,22:50,1,3,0,0,
51,2016-03-17,52,21-321,CAR,@,PIT,L,0,0,0,0,0,0,0,0,0,0,0,0,1,0.0,31,24:22,1,5,0,0,
52,2016-03-19,53,21-323,CAR,@,MIN,L-SO,0,0,0,0,0,0,0,0,0,0,0,0,3,0.0,32,27:55,0,1,0,0,
53,2016-03-22,54,21-326,CAR,,BUF,L,0,0,0,-1,2,0,0,0,0,0,0,0,2,0.0,33,22:37,0,0,0,0,
54,2016-03-24,55,21-328,CAR,@,CBJ,W,0,1,1,0,0,0,0,0,0,1,0,0,1,0.0,28,21:01,1,1,0,0,
55,2016-03-26,56,21-330,CAR,,NYI,L-OT,0,1,1,-1,0,0,0,0,0,1,0,0,3,0.0,27,23:39,0,4,0,0,
56,2016-03-27,57,21-331,CAR,,NJD,W,0,1,1,1,0,0,0,0,0,1,0,0,0,,26,23:08,1,3,0,0,
57,2016-03-29,58,21-333,CAR,@,NYI,L-SO,0,0,0,1,0,0,0,0,0,0,0,0,1,0.0,32,25:23,0,1,0,0,
58,2016-03-31,59,21-335,CAR,,NYR,W,0,0,0,0,0,0,0,0,0,0,0,0,0,,29,21:47,1,0,0,0,
59,2016-04-02,60,21-337,CAR,,CBJ,L,0,1,1,1,2,0,0,0,0,1,0,0,2,0.0,25,23:23,0,0,0,0,
60,2016-04-05,61,21-340,CAR,@,BOS,W,1,0,1,1,0,1,0,0,0,0,0,0,1,100.0,27,24:32,2,4,0,0,
61,2016-04-07,62,21-342,CAR,,MTL,L,0,0,0,-2,0,0,0,0,0,0,0,0,0,,25,19:01,0,2,0,0,
62,2016-04-09,63,21-344,CAR,@,FLA,L,0,0,0,-2,0,0,0,0,0,0,0,0,1,0.0,28,23:05,1,0,0,0,
63,2016-10-13,1,22-165,CAR,@,WPG,L-OT,0,0,0,0,0,0,0,0,0,0,0,0,2,0.0,30,24:53,2,0,0,0,
64,2016-10-16,2,22-168,CAR,@,VAN,L-OT,0,0,0,-1,0,0,0,0,0,0,0,0,0,,26,20:12,0,5,0,0,
65,2016-10-18,3,22-170,CAR,@,EDM,L,0,0,0,0,2,0,0,0,0,0,0,0,1,0.0,27,20:42,0,1,0,0,
66,2016-10-20,4,22-172,CAR,@,CGY,W,0,1,1,1,0,0,0,0,0,1,0,0,1,0.0,29,22:58,1,4,0,0,
67,2016-10-22,5,22-174,CAR,@,PHI,L,0,0,0,-1,0,0,0,0,0,0,0,0,4,0.0,26,21:17,0,2,0,0,
68,2016-10-25,6,22-177,CAR,@,DET,L,0,0,0,-1,0,0,0,0,0,0,0,0,2,0.0,26,22:21,0,2,0,0,
69,2016-10-28,7,22-180,CAR,,NYR,W,0,1,1,1,0,0,0,0,0,1,0,0,2,0.0,27,23:01,0,1,0,0,
70,2016-10-30,8,22-182,CAR,,PHI,L,0,0,0,-1,0,0,0,0,0,0,0,0,1,0.0,27,21:31,1,1,0,0,
71,2016-11-01,9,22-184,CAR,@,OTT,L-OT,1,0,1,0,0,1,0,0,0,0,0,0,3,33.3,28,21:51,0,1,0,0,
72,2016-11-05,10,22-188,CAR,@,NSH,W,0,0,0,-1,0,0,0,0,0,0,0,0,1,0.0,26,21:35,0,3,0,0,
73,2016-11-06,11,22-189,CAR,,NJD,L,0,0,0,1,0,0,0,0,0,0,0,0,1,0.0,26,19:40,0,1,0,0,
74,2016-11-08,12,22-191,CAR,@,NJD,L-SO,0,1,1,-1,0,0,0,0,0,0,1,0,0,,31,26:02,1,2,0,0,
75,2016-11-10,13,22-193,CAR,,ANA,L,0,1,1,1,0,0,0,0,0,1,0,0,2,0.0,30,25:47,1,1,0,0,
76,2016-11-12,14,22-195,CAR,,WSH,W,0,0,0,2,0,0,0,0,0,0,0,0,1,0.0,27,23:57,0,3,0,0,
77,2016-11-15,15,22-198,CAR,,SJS,W,0,0,0,1,0,0,0,0,0,0,0,0,0,,24,19:49,0,1,0,0,
78,2016-11-18,16,22-201,CAR,,MTL,W,0,0,0,0,0,0,0,0,0,0,0,0,0,,26,22:13,1,1,0,0,
79,2016-11-20,17,22-203,CAR,,WPG,W,0,0,0,-1,0,0,0,0,0,0,0,0,2,0.0,26,23:25,0,3,0,0,
80,2016-11-22,18,22-205,CAR,@,TOR,W,0,0,0,0,0,0,0,0,0,0,0,0,2,0.0,24,23:26,2,1,0,0,
81,2016-11-24,19,22-207,CAR,@,MTL,L,0,0,0,0,0,0,0,0,0,0,0,0,2,0.0,25,21:18,1,1,0,0,
82,2016-11-26,20,22-209,CAR,@,OTT,L,0,1,1,0,0,0,0,0,0,1,0,0,3,0.0,24,20:10,0,1,0,0,
83,2016-11-27,21,22-210,CAR,,FLA,W,0,0,0,0,0,0,0,0,0,0,0,0,0,,25,24:16,0,5,0,0,
84,2016-11-29,22,22-212,CAR,@,NYR,L,0,0,0,0,0,0,0,0,0,0,0,0,1,0.0,26,26:23,0,2,0,0,
85,2016-12-01,23,22-214,CAR,@,BOS,L-SO,0,0,0,0,0,0,0,0,0,0,0,0,0,,32,27:21,0,3,0,0,
86,2016-12-03,24,22-216,CAR,@,NYR,L,0,1,1,0,0,0,0,0,0,1,0,0,1,0.0,24,25:23,1,2,0,0,
87,2016-12-04,25,22-217,CAR,,TBL,W,0,0,0,0,0,0,0,0,0,0,0,0,7,0.0,28,25:48,0,4,0,0,
88,2016-12-07,26,22-220,CAR,@,ANA,L-SO,0,1,1,2,0,0,0,0,0,0,1,0,0,,31,28:12,0,1,0,0,
89,2016-12-08,27,22-221,CAR,@,LAK,W,0,1,1,2,0,0,0,0,0,0,0,1,0,,28,24:25,0,3,0,0,
90,2016-12-10,28,22-223,CAR,@,SJS,L,0,1,1,-2,0,0,0,0,0,0,1,0,1,0.0,27,22:26,0,1,0,0,
91,2016-12-13,29,22-226,CAR,,VAN,W,0,0,0,0,0,0,0,0,0,0,0,0,0,,28,24:04,0,2,0,0,
92,2016-12-16,30,22-229,CAR,,WSH,L-SO,0,1,1,0,0,0,0,0,0,0,1,0,2,0.0,29,22:01,1,3,0,0,
93,2016-12-17,31,22-230,CAR,,BUF,W,0,0,0,0,0,0,0,0,0,0,0,0,1,0.0,25,23:57,1,5,0,0,
94,2016-12-22,32,22-235,CAR,@,BUF,W,0,1,1,2,0,0,0,0,0,1,0,0,1,0.0,25,22:13,0,3,0,0,
95,2016-12-23,33,22-236,CAR,,BOS,W,0,0,0,0,2,0,0,0,0,0,0,0,2,0.0,29,23:01,0,2,0,0,
96,2016-12-28,34,22-241,CAR,@,PIT,L,0,0,0,0,0,0,0,0,0,0,0,0,2,0.0,31,22:55,1,3,0,0,
97,2016-12-30,35,22-243,CAR,,CHI,W,0,1,1,1,0,0,0,0,0,1,0,0,1,0.0,30,24:35,0,2,0,0,
98,2016-12-31,36,22-244,CAR,@,TBL,L,0,1,1,1,0,0,0,0,0,1,0,0,4,0.0,24,24:54,0,2,0,0,
99,2017-01-03,37,22-247,CAR,,NJD,L,0,0,0,-1,0,0,0,0,0,0,0,0,1,0.0,24,24:44,0,1,0,0,
100,2017-01-05,38,22-249,CAR,@,STL,W,0,1,1,3,0,0,0,0,0,1,0,0,0,,29,25:55,0,2,0,0,
101,2017-01-06,39,22-250,CAR,@,CHI,L,0,0,0,1,2,0,0,0,0,0,0,0,3,0.0,28,23:39,1,1,0,0,
102,2017-01-08,40,22-252,CAR,,BOS,W,0,1,1,2,0,0,0,0,0,1,0,0,0,,27,27:07,1,4,0,0,
103,2017-01-10,41,22-254,CAR,,CBJ,W,0,0,0,0,0,0,0,0,0,0,0,0,1,0.0,28,24:54,1,1,0,0,
104,2017-01-13,42,22-257,CAR,,BUF,W,0,0,0,1,0,0,0,0,0,0,0,0,1,0.0,22,17:49,0,2,0,0,
105,2017-01-14,43,22-258,CAR,,NYI,W,0,0,0,0,0,0,0,0,0,0,0,0,1,0.0,23,20:04,0,1,0,0,
106,2017-01-17,44,22-261,CAR,@,CBJ,L,0,0,0,-2,0,0,0,0,0,0,0,0,1,0.0,25,22:56,0,1,0,0,
107,2017-01-20,45,22-264,CAR,,PIT,L,0,1,1,-1,0,0,0,0,0,0,0,1,1,0.0,28,22:13,0,2,0,0,
108,2017-01-21,46,22-265,CAR,@,CBJ,L,0,0,0,-1,0,0,0,0,0,0,0,0,1,0.0,27,24:42,0,1,0,0,
109,2017-01-23,47,22-267,CAR,@,WSH,L,0,0,0,-1,0,0,0,0,0,0,0,0,1,0.0,25,23:13,0,3,0,0,
110,2017-01-26,48,22-270,CAR,,LAK,L,0,0,0,-1,0,0,0,0,0,0,0,0,0,,25,22:32,1,2,0,0,
111,2017-01-31,49,22-275,CAR,,PHI,W,0,0,0,2,0,0,0,0,0,0,0,0,0,,26,21:25,0,0,0,0,
112,2017-02-03,50,22-278,CAR,,EDM,W,0,1,1,1,0,0,0,0,0,1,0,0,1,0.0,24,24:55,0,3,0,0,
113,2017-02-04,51,22-279,CAR,@,NYI,W,1,0,1,2,0,1,0,0,0,0,0,0,1,100.0,25,24:06,0,3,0,0,
114,2017-02-07,52,22-282,CAR,@,WSH,L,0,0,0,-2,0,0,0,0,0,0,0,0,0,,23,19:21,0,2,0,0,
115,2017-02-11,53,22-286,CAR,@,DAL,L,0,0,0,-1,0,0,0,0,0,0,0,0,0,,27,22:45,0,5,0,0,
116,2017-02-17,54,22-292,CAR,,COL,L-OT,0,0,0,1,0,0,0,0,0,0,0,0,1,0.0,26,23:43,0,1,0,0,
117,2017-02-19,55,22-294,CAR,,TOR,L,0,0,0,0,0,0,0,0,0,0,0,0,1,0.0,23,19:00,1,1,0,0,
118,2017-02-21,56,22-296,CAR,,PIT,L,0,0,0,0,0,0,0,0,0,0,0,0,1,0.0,23,21:47,1,1,0,0,
119,2017-02-24,57,22-299,CAR,,OTT,W,0,0,0,1,2,0,0,0,0,0,0,0,1,0.0,28,24:12,0,4,0,0,
120,2017-02-26,58,22-301,CAR,,CGY,L,0,0,0,0,0,0,0,0,0,0,0,0,0,,26,23:32,1,1,0,0,
121,2017-02-28,59,22-303,CAR,@,FLA,L-SO,0,1,1,1,0,0,0,0,0,1,0,0,2,0.0,27,25:32,1,1,0,0,
122,2017-03-01,60,22-304,CAR,@,TBL,L-OT,0,1,1,0,4,0,0,0,0,0,0,1,1,0.0,28,26:02,0,1,0,0,
123,2017-03-03,61,22-306,CAR,,ARI,L,0,1,1,1,0,0,0,0,0,1,0,0,2,0.0,24,26:33,0,1,0,0,
124,2017-03-05,62,22-308,CAR,@,ARI,W,0,1,1,2,0,0,0,0,0,1,0,0,2,0.0,26,27:20,0,3,0,0,
125,2017-03-07,63,22-310,CAR,@,COL,L,0,1,1,1,0,0,0,0,0,1,0,0,0,,24,22:42,0,2,0,0,
126,2017-03-09,64,22-312,CAR,,NYR,W,0,0,0,0,0,0,0,0,0,0,0,0,1,0.0,26,23:01,1,1,0,0,
127,2017-03-11,65,22-314,CAR,,TOR,L-OT,0,0,0,0,0,0,0,0,0,0,0,0,4,0.0,27,29:47,0,3,0,0,
128,2017-03-13,66,22-316,CAR,@,NYI,W,3,1,4,3,0,2,0,1,0,1,0,0,3,100.0,22,22:16,0,1,0,0,
129,2017-03-14,67,22-317,CAR,,NYI,L-OT,0,0,0,-2,0,0,0,0,0,0,0,0,1,0.0,23,21:37,1,2,0,0,
130,2017-03-16,68,22-319,CAR,,MIN,W,0,0,0,1,0,0,0,0,0,0,0,0,0,,21,21:48,0,4,0,0,
131,2017-03-18,69,22-321,CAR,,NSH,W,0,2,2,2,0,0,0,0,0,2,0,0,0,,24,23:40,0,3,0,0,
132,2017-03-19,70,22-322,CAR,@,PHI,L-OT,0,0,0,-2,0,0,0,0,0,0,0,0,0,,25,23:15,0,1,0,0,
133,2017-03-21,71,22-324,CAR,@,FLA,W,0,1,1,1,0,0,0,0,0,1,0,0,3,0.0,26,27:12,0,3,0,0,
134,2017-03-23,72,22-326,CAR,@,MTL,W,0,0,0,2,0,0,0,0,0,0,0,0,0,,24,22:57,2,1,0,0,
135,2017-03-25,73,22-328,CAR,@,NJD,W,0,0,0,-1,0,0,0,0,0,0,0,0,0,,27,22:10,1,2,0,0,
136,2017-03-27,74,22-330,CAR,,DET,L-OT,0,2,2,2,0,0,0,0,0,2,0,0,1,0.0,27,25:16,0,2,0,0,
137,2017-03-28,75,22-331,CAR,,DET,W,0,0,0,1,0,0,0,0,0,0,0,0,2,0.0,23,21:10,1,0,0,0,
138,2017-03-30,76,22-333,CAR,,CBJ,W,0,0,0,1,0,0,0,0,0,0,0,0,0,,26,27:23,1,1,0,0,
139,2017-04-01,77,22-335,CAR,,DAL,L,0,0,0,-1,0,0,0,0,0,0,0,0,3,0.0,26,21:36,0,1,0,0,
140,2017-04-02,78,22-336,CAR,@,PIT,L,0,0,0,1,0,0,0,0,0,0,0,0,1,0.0,27,25:14,2,1,0,0,
141,2017-04-04,79,22-338,CAR,@,MIN,L,0,1,1,1,0,0,0,0,0,1,0,0,1,0.0,24,22:52,1,1,0,0,
142,2017-04-06,80,22-340,CAR,,NYI,L,0,0,0,0,0,0,0,0,0,0,0,0,0,,20,22:29,1,2,0,0,
143,2017-04-08,81,22-342,CAR,,STL,L-SO,0,0,0,0,0,0,0,0,0,0,0,0,0,,25,27:20,2,3,0,0,
144,2017-04-09,82,22-343,CAR,@,PHI,W,0,0,0,-1,0,0,0,0,0,0,0,0,2,0.0,24,20:08,0,1,0,0,
145,2017-10-07,1,23-159,CAR,,MIN,W,0,0,0,1,0,0,0,0,0,0,0,0,2,0.0,30,26:52,0,4,0,0,
146,2017-10-10,2,23-162,CAR,,CBJ,L-OT,0,0,0,0,0,0,0,0,0,0,0,0,1,0.0,27,23:51,0,0,0,0,
147,2017-10-14,3,23-166,CAR,@,WPG,L,0,0,0,-1,0,0,0,0,0,0,0,0,4,0.0,24,21:37,0,1,0,0,
148,2017-10-17,4,23-169,CAR,@,EDM,W,1,1,2,3,0,1,0,0,0,1,0,0,2,50.0,26,27:34,1,5,0,0,
149,2017-10-19,5,23-171,CAR,@,CGY,W,0,0,0,1,0,0,0,0,0,0,0,0,1,0.0,30,24:53,0,1,0,0,
150,2017-10-21,6,23-173,CAR,@,DAL,L,0,0,0,-1,0,0,0,0,0,0,0,0,3,0.0,28,22:14,0,2,0,0,
151,2017-10-24,7,23-176,CAR,,TBL,L,1,0,1,1,0,1,0,0,0,0,0,0,3,33.3,24,21:13,0,0,0,0,
152,2017-10-26,8,23-178,CAR,@,TOR,W,0,0,0,0,0,0,0,0,0,0,0,0,1,0.0,31,24:33,0,3,0,0,
153,2017-10-27,9,23-179,CAR,,STL,L,0,0,0,-2,0,0,0,0,0,0,0,0,2,0.0,27,24:46,0,4,0,0,
154,2017-10-29,10,23-181,CAR,,ANA,L-SO,0,0,0,-1,0,0,0,0,0,0,0,0,3,0.0,29,23:30,0,3,0,0,
155,2017-11-02,11,23-185,CAR,@,COL,L,0,0,0,0,0,0,0,0,0,0,0,0,6,0.0,29,24:52,2,1,0,0,
156,2017-11-04,12,23-187,CAR,@,ARI,L-SO,0,0,0,-1,0,0,0,0,0,0,0,0,1,0.0,34,24:05,0,1,0,0,
157,2017-11-07,13,23-190,CAR,,FLA,W,0,1,1,1,0,0,0,0,0,1,0,0,1,0.0,23,22:50,0,2,0,0,
158,2017-11-10,14,23-193,CAR,@,CBJ,W,0,0,0,1,0,0,0,0,0,0,0,0,1,0.0,26,25:57,0,3,0,0,
159,2017-11-11,15,23-194,CAR,,CHI,L-OT,0,0,0,-3,0,0,0,0,0,0,0,0,2,0.0,25,21:43,2,5,0,0,
160,2017-11-13,16,23-196,CAR,,DAL,W,0,1,1,2,0,0,0,0,0,1,0,0,1,0.0,25,21:18,1,2,0,0,
161,2017-11-16,17,23-199,CAR,@,NYI,L,0,0,0,-2,0,0,0,0,0,0,0,0,2,0.0,27,21:37,0,1,0,0,
162,2017-11-18,18,23-201,CAR,@,BUF,W,0,1,1,2,0,0,0,0,0,1,0,0,3,0.0,25,25:30,0,2,0,0,
163,2017-11-19,19,23-202,CAR,,NYI,W,0,0,0,-1,0,0,0,0,0,0,0,0,3,0.0,27,24:51,0,7,0,0,
164,2017-11-22,20,23-205,CAR,,NYR,L,0,0,0,-2,0,0,0,0,0,0,0,0,0,,24,20:31,0,0,0,0,
165,2017-11-24,21,23-207,CAR,,TOR,L,0,0,0,-2,0,0,0,0,0,0,0,0,3,0.0,23,20:09,0,1,0,0,
166,2017-11-26,22,23-209,CAR,,NSH,W,0,0,0,0,0,0,0,0,0,0,0,0,2,0.0,26,22:53,0,4,0,0,
167,2017-11-28,23,23-211,CAR,@,CBJ,L-SO,0,0,0,0,0,0,0,0,0,0,0,0,1,0.0,30,23:55,2,1,0,0,
168,2017-12-01,24,23-214,CAR,@,NYR,L,0,0,0,1,0,0,0,0,0,0,0,0,1,0.0,28,23:13,1,3,0,0,
169,2017-12-02,25,23-215,CAR,,FLA,W,0,0,0,-2,0,0,0,0,0,0,0,0,1,0.0,28,21:14,1,2,0,0,
170,2017-12-05,26,23-218,CAR,@,VAN,L,0,0,0,0,0,0,0,0,0,0,0,0,3,0.0,23,20:18,1,1,0,0,
171,2017-12-07,27,23-220,CAR,@,SJS,L-OT,0,0,0,0,0,0,0,0,0,0,0,0,3,0.0,27,21:20,1,0,0,0,
172,2017-12-09,28,23-222,CAR,@,LAK,L-OT,0,0,0,-1,0,0,0,0,0,0,0,0,0,,26,25:03,2,1,0,0,
173,2017-12-11,29,23-224,CAR,@,ANA,L,0,0,0,1,0,0,0,0,0,0,0,0,0,,24,22:07,1,1,0,0,
174,2017-12-12,30,23-225,CAR,@,VEG,W,0,0,0,-2,2,0,0,0,0,0,0,0,0,,29,23:25,1,2,0,0,
175,2017-12-15,31,23-228,CAR,@,BUF,W,1,1,2,1,0,1,0,0,1,1,0,0,4,25.0,31,24:19,0,2,0,0,
176,2017-12-16,32,23-229,CAR,,CBJ,W,0,0,0,0,0,0,0,0,0,0,0,0,1,0.0,27,19:52,0,3,0,0,
177,2017-12-19,33,23-232,CAR,@,TOR,L,0,0,0,-1,0,0,0,0,0,0,0,0,2,0.0,26,16:40,0,3,0,0,
178,2017-12-21,34,23-234,CAR,@,NSH,W,0,0,0,-1,0,0,0,0,0,0,0,0,1,0.0,25,23:05,0,3,0,0,
179,2017-12-23,35,23-236,CAR,,BUF,W,0,1,1,1,0,0,0,0,0,1,0,0,1,0.0,24,22:36,1,1,0,0,
180,2017-12-27,36,23-240,CAR,,MTL,W,0,1,1,1,0,0,0,0,0,1,0,0,3,0.0,26,22:16,1,0,0,0,
181,2017-12-29,37,23-242,CAR,,PIT,W,0,0,0,0,0,0,0,0,0,0,0,0,1,0.0,28,21:53,2,2,0,0,
182,2017-12-30,38,23-243,CAR,@,STL,L,0,0,0,1,2,0,0,0,0,0,0,0,1,0.0,29,24:40,0,3,0,0,
183,2018-01-02,39,23-246,CAR,,WSH,L-OT,0,0,0,-1,2,0,0,0,0,0,0,0,0,,25,20:16,0,2,0,0,
184,2018-01-04,40,23-248,CAR,@,PIT,W,0,1,1,3,0,0,0,0,0,1,0,0,0,,30,23:51,1,2,0,0,
185,2018-01-06,41,23-250,CAR,@,BOS,L,0,0,0,-2,0,0,0,0,0,0,0,0,2,0.0,23,20:45,1,2,0,0,
186,2018-01-09,42,23-253,CAR,@,TBL,L,0,1,1,-2,0,0,0,0,0,0,1,0,2,0.0,25,21:27,1,4,0,0,
187,2018-01-11,43,23-255,CAR,@,WSH,W,0,0,0,1,0,0,0,0,0,0,0,0,0,,28,27:26,0,5,0,0,
188,2018-01-12,44,23-256,CAR,,WSH,L,0,0,0,-2,0,0,0,0,0,0,0,0,3,0.0,26,25:36,1,3,0,0,
189,2018-01-14,45,23-258,CAR,,CGY,L,0,0,0,-2,0,0,0,0,0,0,0,0,1,0.0,24,21:13,0,1,0,0,
190,2018-01-20,46,23-264,CAR,@,DET,W,0,0,0,0,0,0,0,0,0,0,0,0,1,0.0,29,24:11,0,0,0,0,
191,2018-01-21,47,23-265,CAR,,VEG,L,1,0,1,0,0,0,1,0,0,0,0,0,3,33.3,24,23:48,0,1,0,0,
192,2018-01-23,48,23-267,CAR,@,PIT,L,0,0,0,-1,0,0,0,0,0,0,0,0,1,0.0,24,22:08,1,5,0,0,
193,2018-01-25,49,23-269,CAR,@,MTL,W,0,0,0,-2,0,0,0,0,0,0,0,0,1,0.0,27,20:01,0,2,0,0,
194,2018-01-30,50,23-274,CAR,,OTT,W,0,0,0,-1,0,0,0,0,0,0,0,0,5,0.0,24,17:39,0,5,0,0,
195,2018-02-01,51,23-276,CAR,,MTL,W,0,0,0,1,0,0,0,0,0,0,0,0,1,0.0,24,19:52,3,1,0,0,
196,2018-02-02,52,23-277,CAR,,DET,L,0,0,0,0,0,0,0,0,0,0,0,0,6,0.0,25,23:17,2,3,0,0,
197,2018-02-04,53,23-279,CAR,,SJS,L,0,0,0,0,0,0,0,0,0,0,0,0,1,0.0,24,22:17,0,2,0,0,
198,2018-02-06,54,23-281,CAR,,PHI,L-OT,0,0,0,-1,0,0,0,0,0,0,0,0,2,0.0,29,24:07,0,1,0,0,
199,2018-02-09,55,23-284,CAR,,VAN,W,0,1,1,2,0,0,0,0,0,1,0,0,1,0.0,27,22:33,0,0,0,0,
200,2018-02-10,56,23-285,CAR,,COL,W,0,1,1,1,0,0,0,0,0,1,0,0,2,0.0,24,22:55,2,1,0,0,
201,2018-02-13,57,23-288,CAR,,LAK,W,1,0,1,2,0,1,0,0,0,0,0,0,3,33.3,22,19:39,0,0,0,0,
202,2018-02-15,58,23-290,CAR,@,NJD,L,0,1,1,1,0,0,0,0,0,1,0,0,1,0.0,28,20:53,2,0,0,0,
203,2018-02-16,59,23-291,CAR,,NYI,L,0,0,0,0,0,0,0,0,0,0,0,0,2,0.0,23,23:02,1,2,0,0,
204,2018-02-18,60,23-293,CAR,,NJD,L-OT,0,1,1,2,4,0,0,0,0,1,0,0,4,0.0,32,23:42,4,0,0,0,
205,2018-02-23,61,23-298,CAR,,PIT,L,0,0,0,-1,0,0,0,0,0,0,0,0,0,,27,21:38,0,1,0,0,
206,2018-02-24,62,23-299,CAR,@,DET,L,0,0,0,0,0,0,0,0,0,0,0,0,4,0.0,29,21:40,0,0,0,0,
207,2018-02-27,63,23-302,CAR,@,BOS,L-OT,0,0,0,-1,0,0,0,0,0,0,0,0,2,0.0,23,21:32,0,2,0,0,
208,2018-03-01,64,23-304,CAR,@,PHI,W,0,1,1,1,0,0,0,0,0,1,0,0,2,0.0,24,24:08,1,2,0,0,
209,2018-03-02,65,23-305,CAR,,NJD,W,0,0,0,2,0,0,0,0,0,0,0,0,0,,26,21:09,0,2,0,0,
210,2018-03-04,66,23-307,CAR,,WPG,L,0,1,1,0,0,0,0,0,0,1,0,0,5,0.0,25,19:20,0,1,0,0,
211,2018-03-06,67,23-309,CAR,@,MIN,L,0,0,0,-3,0,0,0,0,0,0,0,0,1,0.0,25,19:51,0,1,0,0,
212,2018-03-08,68,23-311,CAR,@,CHI,W,1,0,1,1,0,1,0,0,0,0,0,0,1,100.0,25,23:06,0,3,0,0,
213,2018-03-12,69,23-315,CAR,@,NYR,L,0,0,0,0,0,0,0,0,0,0,0,0,1,0.0,26,20:48,0,1,0,0,
214,2018-03-13,70,23-316,CAR,,BOS,L,0,0,0,-2,0,0,0,0,0,0,0,0,0,,24,19:31,0,1,0,0,
215,2018-03-17,71,23-320,CAR,,PHI,L,1,1,2,1,0,1,0,0,0,1,0,0,2,50.0,27,20:23,1,3,0,0,
216,2018-03-18,72,23-321,CAR,@,NYI,W,1,1,2,1,0,1,0,0,0,1,0,0,1,100.0,23,21:20,1,1,0,0,
217,2018-03-20,73,23-323,CAR,,EDM,L,0,0,0,-2,0,0,0,0,0,0,0,0,2,0.0,21,20:00,1,2,0,0,
218,2018-03-22,74,23-325,CAR,,ARI,W,0,3,3,3,0,0,0,0,0,3,0,0,3,0.0,27,24:17,0,4,0,0,
219,2018-03-24,75,23-327,CAR,@,OTT,W,0,0,0,4,0,0,0,0,0,0,0,0,4,0.0,24,26:10,0,2,0,0,
220,2018-03-26,76,23-329,CAR,,OTT,W,0,1,1,1,0,0,0,0,0,1,0,0,0,,23,20:20,0,0,0,0,
221,2018-03-27,77,23-330,CAR,@,NJD,L,0,0,0,0,0,0,0,0,0,0,0,0,1,0.0,29,25:12,1,0,0,0,
222,2018-03-30,78,23-333,CAR,@,WSH,W,0,1,1,3,0,0,0,0,0,1,0,0,4,0.0,26,23:46,0,3,0,0,
223,2018-03-31,79,23-334,CAR,,NYR,L,0,0,0,0,0,0,0,0,0,0,0,0,2,0.0,23,23:02,0,1,0,0,
224,2018-04-02,80,23-336,CAR,@,FLA,L,0,0,0,-1,0,0,0,0,0,0,0,0,2,0.0,29,24:08,0,2,0,0,
225,2018-04-05,81,23-339,CAR,@,PHI,L,0,0,0,0,0,0,0,0,0,0,0,0,2,0.0,25,25:11,1,0,0,0,
226,2018-04-07,82,23-341,CAR,,TBL,W,0,0,0,0,0,0,0,0,0,0,0,0,3,0.0,30,21:47,2,0,0,0,
227,2018-10-04,1,24-156,CAR,,NYI,L-OT,0,0,0,0,0,0,0,0,0,0,0,0,2,0.0,28,20:10,0,1,0,0,
228,2018-10-05,2,24-157,CAR,@,CBJ,W,0,0,0,1,0,0,0,0,0,0,0,0,1,0.0,25,20:54,0,1,0,0,
229,2018-10-07,3,24-159,CAR,,NYR,W,0,1,1,0,0,0,0,0,0,1,0,0,2,0.0,26,25:32,0,6,0,0,
230,2018-10-09,4,24-161,CAR,,VAN,W,0,2,2,1,0,0,0,0,0,2,0,0,4,0.0,31,23:33,1,1,0,0,
231,2018-10-13,5,24-165,CAR,@,MIN,W,0,0,0,-1,0,0,0,0,0,0,0,0,6,0.0,29,24:56,1,1,0,0,
232,2018-10-14,6,24-166,CAR,@,WPG,L,0,0,0,0,0,0,0,0,0,0,0,0,1,0.0,25,21:50,0,0,0,0,
233,2018-10-16,7,24-168,CAR,@,TBL,L,0,0,0,-1,0,0,0,0,0,0,0,0,1,0.0,25,22:25,2,1,0,0,
234,2018-10-20,8,24-172,CAR,,COL,L,0,0,0,-1,0,0,0,0,0,0,0,0,5,0.0,30,24:36,0,2,0,0,
235,2018-10-22,9,24-174,CAR,@,DET,W,0,1,1,0,0,0,0,0,0,0,0,1,1,0.0,23,22:03,0,1,0,0,
236,2018-10-26,10,24-178,CAR,,SJS,W,0,0,0,0,0,0,0,0,0,0,0,0,2,0.0,29,22:34,2,1,0,0,
237,2018-10-28,11,24-180,CAR,,NYI,L,0,0,0,0,0,0,0,0,0,0,0,0,0,,23,21:55,0,3,0,0,
238,2018-10-30,12,24-182,CAR,,BOS,L,0,0,0,0,2,0,0,0,0,0,0,0,2,0.0,30,21:16,0,3,0,0,
239,2018-11-02,13,24-185,CAR,@,ARI,L-OT,0,1,1,0,0,0,0,0,0,1,0,0,7,0.0,26,23:04,0,2,0,0,
240,2018-11-03,14,24-186,CAR,@,VEG,L,0,0,0,-2,0,0,0,0,0,0,0,0,2,0.0,28,25:54,2,0,0,0,
241,2018-11-06,15,24-189,CAR,@,STL,L,1,0,1,-3,0,0,1,0,0,0,0,0,1,100.0,26,23:55,0,1,0,0,
242,2018-11-08,16,24-191,CAR,@,CHI,W,1,0,1,-1,0,0,1,0,0,0,0,0,3,33.3,25,24:24,0,2,0,0,
243,2018-11-10,17,24-193,CAR,,DET,L-SO,0,0,0,-2,0,0,0,0,0,0,0,0,3,0.0,28,26:35,1,1,0,0,
244,2018-11-12,18,24-195,CAR,,CHI,W,0,0,0,-1,0,0,0,0,0,0,0,0,1,0.0,28,24:33,0,1,0,0,
245,2018-11-17,19,24-200,CAR,,CBJ,L,0,0,0,-1,0,0,0,0,0,0,0,0,2,0.0,24,22:35,3,1,0,0,
246,2018-11-18,20,24-201,CAR,,NJD,W,0,0,0,1,0,0,0,0,0,0,0,0,2,0.0,27,22:57,1,3,0,0,
247,2018-11-21,21,24-204,CAR,,TOR,W,0,0,0,0,0,0,0,0,0,0,0,0,0,,31,23:20,2,3,0,0,
248,2018-11-23,22,24-206,CAR,,FLA,W,0,0,0,0,0,0,0,0,0,0,0,0,4,0.0,25,23:02,1,2,0,0,
249,2018-11-24,23,24-207,CAR,@,NYI,L,0,0,0,-2,0,0,0,0,0,0,0,0,1,0.0,27,23:58,2,1,0,0,
250,2018-11-27,24,24-210,CAR,@,MTL,W,0,1,1,1,2,0,0,0,0,1,0,0,0,,31,24:30,1,2,0,0,
251,2018-11-30,25,24-213,CAR,,ANA,L-OT,0,0,0,0,2,0,0,0,0,0,0,0,0,,31,24:59,1,0,0,0,
252,2018-12-02,26,24-215,CAR,@,LAK,L,0,0,0,-2,0,0,0,0,0,0,0,0,1,0.0,28,23:46,0,2,0,0,
253,2018-12-05,27,24-218,CAR,@,SJS,L,0,1,1,-2,0,0,0,0,0,0,1,0,1,0.0,29,21:07,1,0,0,0,
254,2018-12-07,28,24-220,CAR,@,ANA,W,0,0,0,1,0,0,0,0,0,0,0,0,1,0.0,28,24:04,0,2,0,0,
255,2018-12-11,29,24-224,CAR,,TOR,L,0,0,0,-1,2,0,0,0,0,0,0,0,1,0.0,26,22:12,1,2,0,0,
256,2018-12-13,30,24-226,CAR,@,MTL,L,1,1,2,0,0,1,0,0,0,1,0,0,2,50.0,30,25:43,1,1,0,0,
257,2018-12-14,31,24-227,CAR,,WSH,L-SO,0,0,0,0,0,0,0,0,0,0,0,0,1,0.0,31,25:51,0,4,0,0,
258,2018-12-16,32,24-229,CAR,,ARI,W,0,0,0,0,0,0,0,0,0,0,0,0,1,0.0,25,23:35,1,0,0,0,
259,2018-12-20,33,24-233,CAR,,DET,L,0,0,0,-1,0,0,0,0,0,0,0,0,6,0.0,26,22:43,0,0,0,0,
260,2018-12-22,34,24-235,CAR,,PIT,L,0,0,0,-1,0,0,0,0,0,0,0,0,1,0.0,23,20:53,1,4,0,0,
261,2018-12-23,35,24-236,CAR,,BOS,W,0,1,1,0,0,0,0,0,0,1,0,0,3,0.0,26,23:42,2,1,0,0,
262,2018-12-27,36,24-240,CAR,@,WSH,L,0,0,0,-1,0,0,0,0,0,0,0,0,3,0.0,25,22:50,0,1,0,0,
263,2018-12-29,37,24-242,CAR,@,NJD,L,0,0,0,0,0,0,0,0,0,0,0,0,0,,25,23:47,3,3,0,0,
264,2018-12-31,38,24-244,CAR,,PHI,W,0,1,1,2,0,0,0,0,0,1,0,0,3,0.0,22,22:02,0,2,0,0,
265,2019-01-03,39,24-247,CAR,@,PHI,W,0,0,0,0,0,0,0,0,0,0,0,0,3,0.0,29,22:44,2,1,0,0,
266,2019-01-04,40,24-248,CAR,,CBJ,W,0,1,1,0,0,0,0,0,0,1,0,0,4,0.0,26,25:10,1,3,0,0,
267,2019-01-06,41,24-250,CAR,@,OTT,W,1,0,1,2,2,1,0,0,0,0,0,0,3,33.3,26,21:11,0,2,0,0,
268,2019-01-08,42,24-252,CAR,@,NYI,W,1,0,1,-1,0,0,1,0,1,0,0,0,2,50.0,27,20:26,0,0,0,0,
269,2019-01-10,43,24-254,CAR,@,TBL,L,0,0,0,-1,0,0,0,0,0,0,0,0,1,0.0,24,22:24,1,1,0,0,
270,2019-01-11,44,24-255,CAR,,BUF,W,0,1,1,2,0,0,0,0,0,1,0,0,1,0.0,26,23:27,3,1,0,0,
271,2019-01-13,45,24-257,CAR,,NSH,W,0,1,1,2,0,0,0,0,0,1,0,0,0,,26,19:51,1,3,0,0,
272,2019-01-15,46,24-259,CAR,@,NYR,L,0,0,0,-1,0,0,0,0,0,0,0,0,3,0.0,22,22:17,0,1,0,0,
273,2019-01-18,47,24-262,CAR,,OTT,L,0,0,0,-1,0,0,0,0,0,0,0,0,1,0.0,24,22:56,2,1,0,0,
274,2019-01-20,48,24-264,CAR,@,EDM,W,0,3,3,1,0,0,0,0,0,2,1,0,1,0.0,24,19:23,0,3,0,0,
275,2019-01-22,49,24-266,CAR,@,CGY,L-OT,0,1,1,1,0,0,0,0,0,1,0,0,1,0.0,31,24:57,1,1,0,0,
276,2019-01-23,50,24-267,CAR,@,VAN,W,0,1,1,2,0,0,0,0,0,1,0,0,0,,24,20:02,0,0,0,0,
277,2019-02-01,51,24-276,CAR,,VEG,W,0,1,1,0,2,0,0,0,0,1,0,0,1,0.0,23,21:50,1,2,0,0,
278,2019-02-03,52,24-278,CAR,,CGY,L,0,0,0,1,0,0,0,0,0,0,0,0,2,0.0,30,24:55,0,2,0,0,
279,2019-02-05,53,24-280,CAR,@,PIT,W,0,1,1,1,0,0,0,0,0,1,0,0,1,0.0,27,22:06,2,2,0,0,
280,2019-02-07,54,24-282,CAR,@,BUF,W,0,0,0,-1,2,0,0,0,0,0,0,0,0,,28,23:20,2,1,0,0,
281,2019-02-08,55,24-283,CAR,@,NYR,W,0,0,0,3,2,0,0,0,0,0,0,0,0,,25,22:06,1,3,0,0,
282,2019-02-10,56,24-285,CAR,@,NJD,L,0,0,0,0,0,0,0,0,0,0,0,0,2,0.0,28,22:42,1,1,0,0,
283,2019-02-12,57,24-287,CAR,@,OTT,W,0,0,0,1,0,0,0,0,0,0,0,0,0,,26,21:19,0,1,0,0,
284,2019-02-15,58,24-290,CAR,,EDM,W,0,0,0,0,0,0,0,0,0,0,0,0,2,0.0,30,25:05,0,2,0,0,
285,2019-02-16,59,24-291,CAR,,DAL,W,0,0,0,0,0,0,0,0,0,0,0,0,1,0.0,25,22:13,0,4,0,0,
286,2019-02-19,60,24-294,CAR,,NYR,L,0,0,0,0,0,0,0,0,0,0,0,0,1,0.0,23,23:12,0,3,0,0,
287,2019-02-21,61,24-296,CAR,@,FLA,W,0,1,1,0,0,0,0,0,0,1,0,0,1,0.0,28,20:45,1,2,0,0,
288,2019-02-23,62,24-298,CAR,@,DAL,W,0,1,1,2,2,0,0,0,0,1,0,0,2,0.0,28,19:54,0,0,0,0,
289,2019-02-26,63,24-301,CAR,,LAK,W,1,0,1,3,0,0,1,0,0,0,0,0,1,100.0,25,21:52,1,4,0,0,
290,2019-03-01,64,24-304,CAR,,STL,W,0,0,0,1,0,0,0,0,0,0,0,0,2,0.0,28,22:43,0,2,0,0,
291,2019-03-02,65,24-305,CAR,@,FLA,W,0,0,0,-1,0,0,0,0,0,0,0,0,1,0.0,31,24:30,1,1,0,0,
292,2019-03-05,66,24-308,CAR,@,BOS,L-OT,0,0,0,-1,0,0,0,0,0,0,0,0,1,0.0,25,24:19,1,1,0,0,
293,2019-03-08,67,24-311,CAR,,WPG,L,0,0,0,-3,0,0,0,0,0,0,0,0,1,0.0,24,21:10,1,0,0,0,
294,2019-03-09,68,24-312,CAR,@,NSH,W,0,0,0,1,0,0,0,0,0,0,0,0,1,0.0,23,21:12,0,1,0,0,
295,2019-03-11,69,24-314,CAR,@,COL,W,0,0,0,0,0,0,0,0,0,0,0,0,1,0.0,30,23:14,0,3,0,0,
296,2019-03-15,70,24-318,CAR,@,CBJ,L,0,0,0,-1,0,0,0,0,0,0,0,0,4,0.0,28,23:09,2,0,0,0,
297,2019-03-16,71,24-319,CAR,,BUF,W,0,0,0,1,0,0,0,0,0,0,0,0,1,0.0,25,23:02,0,2,0,0,
298,2019-03-19,72,24-322,CAR,,PIT,W,0,0,0,1,0,0,0,0,0,0,0,0,2,0.0,33,24:44,1,1,0,0,
299,2019-03-21,73,24-324,CAR,,TBL,L,0,0,0,-1,0,0,0,0,0,0,0,0,2,0.0,25,22:41,0,2,0,0,
300,2019-03-23,74,24-326,CAR,,MIN,W,0,0,0,0,0,0,0,0,0,0,0,0,0,,26,24:31,2,3,0,0,
301,2019-03-24,75,24-327,CAR,,MTL,W,0,0,0,-1,0,0,0,0,0,0,0,0,5,0.0,25,20:56,0,1,0,0,
302,2019-03-26,76,24-329,CAR,@,WSH,L,0,0,0,-1,0,0,0,0,0,0,0,0,1,0.0,27,20:33,2,2,0,1,0.0
303,2019-03-28,77,24-331,CAR,,WSH,L,0,0,0,0,0,0,0,0,0,0,0,0,1,0.0,28,25:31,3,1,0,0,
304,2019-03-30,78,24-333,CAR,,PHI,W,1,0,1,2,0,0,0,1,0,0,0,0,4,25.0,25,21:51,0,1,0,0,
305,2019-03-31,79,24-334,CAR,@,PIT,L,1,0,1,-2,0,0,1,0,0,0,0,0,5,20.0,28,24:59,2,2,0,0,
306,2019-04-02,80,24-336,CAR,@,TOR,W,0,0,0,2,0,0,0,0,0,0,0,0,0,,34,25:43,3,2,0,0,
307,2019-04-04,81,24-338,CAR,,NJD,W,0,1,1,2,0,0,0,0,0,1,0,0,0,,29,26:14,1,0,0,0,
308,2019-04-06,82,24-340,CAR,@,PHI,W,0,0,0,1,0,0,0,0,0,0,0,0,3,0.0,29,24:12,1,2,0,0,
309,2019-10-03,1,25-155,CAR,,MTL,W,0,0,0,-2,0,0,0,0,0,0,0,0,4,0.0,28,23:47,5,0,0,0,
310,2019-10-05,2,25-157,CAR,@,WSH,W,1,0,1,0,0,1,0,0,0,0,0,0,2,50.0,31,22:42,2,1,0,0,
311,2019-10-06,3,25-158,CAR,,TBL,W,1,0,1,0,0,1,0,0,1,0,0,0,4,25.0,32,23:35,1,2,0,0,
312,2019-10-08,4,25-160,CAR,@,FLA,W,0,1,1,2,0,0,0,0,0,1,0,0,0,,28,23:07,0,8,0,0,
313,2019-10-11,5,25-163,CAR,,NYI,W,0,1,1,2,0,0,0,0,0,1,0,0,1,0.0,27,20:27,2,1,0,0,
314,2019-10-12,6,25-164,CAR,,CBJ,L,0,1,1,2,0,0,0,0,0,1,0,0,2,0.0,26,20:22,2,1,0,0,
315,2019-10-15,7,25-167,CAR,@,LAK,W,0,0,0,1,0,0,0,0,0,0,0,0,1,0.0,27,20:38,1,3,0,0,
316,2019-10-16,8,25-168,CAR,@,SJS,L,0,0,0,1,2,0,0,0,0,0,0,0,2,0.0,27,18:42,0,0,0,0,
317,2019-10-18,9,25-170,CAR,@,ANA,L,0,0,0,-1,0,0,0,0,0,0,0,0,3,0.0,28,24:08,0,2,0,0,
318,2019-10-24,10,25-176,CAR,@,CBJ,L-OT,0,1,1,2,0,0,0,0,0,1,0,0,2,0.0,29,25:52,0,2,0,0,
319,2019-10-26,11,25-178,CAR,,CHI,W,0,1,1,1,0,0,0,0,0,1,0,0,2,0.0,29,23:23,2,3,0,0,
320,2019-10-29,12,25-181,CAR,,CGY,W,0,0,0,0,0,0,0,0,0,0,0,0,4,0.0,29,21:20,1,2,0,0,
321,2019-11-01,13,25-184,CAR,,DET,W,0,3,3,3,0,0,0,0,0,3,0,0,1,0.0,29,21:01,0,0,0,0,
322,2019-11-02,14,25-185,CAR,,NJD,L,0,0,0,-2,0,0,0,0,0,0,0,0,2,0.0,25,23:35,0,2,0,0,
323,2019-11-05,15,25-188,CAR,@,PHI,L,0,0,0,-1,0,0,0,0,0,0,0,0,3,0.0,25,20:05,0,0,0,0,
324,2019-11-07,16,25-190,CAR,,NYR,L,0,1,1,-1,0,0,0,0,0,1,0,0,3,0.0,27,23:12,0,0,0,0,
325,2019-11-09,17,25-192,CAR,@,OTT,L,0,0,0,-2,0,0,0,0,0,0,0,0,2,0.0,27,22:16,0,0,0,0,
326,2019-11-11,18,25-194,CAR,,OTT,W,0,0,0,1,0,0,0,0,0,0,0,0,8,0.0,28,22:00,1,3,0,0,
327,2019-11-14,19,25-197,CAR,@,BUF,W,0,0,0,0,0,0,0,0,0,0,0,0,2,0.0,30,24:20,0,1,0,0,
328,2019-11-16,20,25-199,CAR,@,MIN,W,0,0,0,2,0,0,0,0,0,0,0,0,0,,30,23:15,0,1,0,0,
329,2019-11-19,21,25-202,CAR,@,CHI,W,0,1,1,2,0,0,0,0,0,1,0,0,2,0.0,31,24:26,1,2,0,0,
330,2019-11-21,22,25-204,CAR,,PHI,L,0,0,0,-1,0,0,0,0,0,0,0,0,0,,28,22:01,0,4,0,0,
331,2019-11-23,23,25-206,CAR,,FLA,W,0,1,1,3,0,0,0,0,0,1,0,0,1,0.0,29,23:52,0,2,0,0,
332,2019-11-24,24,25-207,CAR,@,DET,W,0,0,0,1,0,0,0,0,0,0,0,0,1,0.0,25,21:02,0,1,0,0,
333,2019-11-27,25,25-210,CAR,@,NYR,L,0,1,1,1,0,0,0,0,0,1,0,0,1,0.0,26,21:07,0,3,0,0,
334,2019-11-29,26,25-212,CAR,,NSH,L,0,0,0,0,0,0,0,0,0,0,0,0,3,0.0,27,22:08,0,2,0,0,
335,2019-11-30,27,25-213,CAR,@,TBL,W,1,1,2,1,0,1,0,0,1,1,0,0,2,50.0,31,23:56,0,1,0,0,
336,2019-12-03,28,25-216,CAR,@,BOS,L,0,0,0,0,0,0,0,0,0,0,0,0,3,0.0,27,21:02,2,3,0,0,
337,2019-12-05,29,25-218,CAR,,SJS,W,0,0,0,-1,0,0,0,0,0,0,0,0,1,0.0,35,24:57,0,1,0,0,
338,2019-12-07,30,25-220,CAR,,MIN,W,0,1,1,1,2,0,0,0,0,0,0,1,4,0.0,26,20:42,0,1,0,0,
339,2019-12-10,31,25-223,CAR,@,EDM,W,0,0,0,-1,2,0,0,0,0,0,0,0,2,0.0,26,22:05,0,3,0,0,
340,2019-12-12,32,25-225,CAR,@,VAN,L-OT,0,0,0,-1,0,0,0,0,0,0,0,0,3,0.0,32,22:42,1,0,0,0,
341,2019-12-14,33,25-227,CAR,@,CGY,W,0,0,0,1,0,0,0,0,0,0,0,0,1,0.0,29,23:13,1,3,0,0,
342,2019-12-17,34,25-230,CAR,@,WPG,W,0,1,1,3,0,0,0,0,0,1,0,0,2,0.0,26,22:26,0,2,0,0,
343,2019-12-19,35,25-232,CAR,@,COL,W,1,0,1,2,0,1,0,0,1,0,0,0,6,16.7,32,21:34,1,0,0,0,
344,2019-12-21,36,25-234,CAR,,FLA,L,0,0,0,1,0,0,0,0,0,0,0,0,4,0.0,27,21:23,0,0,0,0,
345,2019-12-23,37,25-236,CAR,@,TOR,L,0,0,0,1,0,0,0,0,0,0,0,0,1,0.0,27,23:49,1,2,0,0,
346,2019-12-27,38,25-240,CAR,@,NYR,L,0,0,0,1,0,0,0,0,0,0,0,0,2,0.0,27,20:13,1,1,0,0,
347,2019-12-28,39,25-241,CAR,,WSH,W,0,1,1,4,0,0,0,0,0,1,0,0,1,0.0,31,24:57,0,3,0,0,
348,2019-12-31,40,25-244,CAR,,MTL,W,0,0,0,0,0,0,0,0,0,0,0,0,2,0.0,29,25:30,0,2,0,0,
349,2020-01-03,41,25-247,CAR,,WSH,L,0,0,0,1,0,0,0,0,0,0,0,0,1,0.0,28,24:05,0,0,0,0,
350,2020-01-05,42,25-249,CAR,,TBL,L,0,1,1,-2,0,0,0,0,0,1,0,0,2,0.0,23,22:10,0,0,0,0,
351,2020-01-07,43,25-251,CAR,,PHI,W,0,0,0,-1,0,0,0,0,0,0,0,0,0,,30,24:53,0,0,0,0,
352,2020-01-10,44,25-254,CAR,,ARI,W,0,1,1,1,0,0,0,0,0,1,0,0,1,0.0,23,22:23,0,1,0,0,
353,2020-01-11,45,25-255,CAR,,LAK,W,0,0,0,1,0,0,0,0,0,0,0,0,1,0.0,25,21:36,1,3,0,0,
354,2020-01-13,46,25-257,CAR,@,WSH,L,0,0,0,0,0,0,0,0,0,0,0,0,1,0.0,24,22:35,0,1,0,0,
355,2020-01-16,47,25-260,CAR,@,CBJ,L,0,0,0,0,0,0,0,0,0,0,0,0,3,0.0,27,23:32,0,1,0,0,
356,2020-01-17,48,25-261,CAR,,ANA,L-OT,0,0,0,1,0,0,0,0,0,0,0,0,3,0.0,29,25:23,2,0,0,0,
357,2020-01-19,49,25-263,CAR,,NYI,W,0,0,0,-1,0,0,0,0,0,0,0,0,2,0.0,24,26:39,0,4,0,0,
358,2020-01-21,50,25-265,CAR,,WPG,W,0,1,1,1,2,0,0,0,0,0,1,0,2,0.0,26,25:58,1,4,0,0,
359,2020-01-31,51,25-275,CAR,,VEG,L,0,1,1,-1,0,0,0,0,0,0,1,0,1,0.0,27,22:28,1,1,0,0,
360,2020-02-02,52,25-277,CAR,,VAN,W,0,1,1,0,2,0,0,0,0,1,0,0,1,0.0,32,25:13,0,1,0,0,
361,2020-02-04,53,25-279,CAR,@,STL,L,0,1,1,0,0,0,0,0,0,1,0,0,2,0.0,25,25:15,1,0,0,0,
362,2020-02-06,54,25-281,CAR,@,ARI,W,1,0,1,3,0,1,0,0,0,0,0,0,2,50.0,26,24:27,2,1,0,0,
363,2020-02-08,55,25-283,CAR,@,VEG,W,0,0,0,-1,0,0,0,0,0,0,0,0,3,0.0,31,27:12,1,0,0,0,
364,2020-02-11,56,25-286,CAR,@,DAL,L,0,1,1,0,0,0,0,0,0,1,0,0,4,0.0,27,23:09,0,3,0,0,
365,2020-02-14,57,25-289,CAR,,NJD,W,0,0,0,0,0,0,0,0,0,0,0,0,1,0.0,24,23:46,1,1,0,0,
366,2020-02-16,58,25-291,CAR,,EDM,L-OT,0,2,2,1,0,0,0,0,0,2,0,0,1,0.0,27,25:36,0,0,0,0,
367,2020-02-18,59,25-293,CAR,@,NSH,W,0,0,0,0,0,0,0,0,0,0,0,0,0,,26,22:06,0,2,0,0,
368,2020-02-21,60,25-296,CAR,,NYR,L,0,2,2,-1,0,0,0,0,0,1,1,0,1,0.0,26,26:10,0,0,0,0,
369,2020-02-22,61,25-297,CAR,@,TOR,W,0,0,0,-1,0,0,0,0,0,0,0,0,1,0.0,31,27:55,1,2,0,0,
370,2020-02-25,62,25-300,CAR,,DAL,L,0,1,1,0,0,0,0,0,0,1,0,0,5,0.0,26,22:48,1,1,0,0,
371,2020-02-28,63,25-303,CAR,,COL,L,0,1,1,0,0,0,0,0,0,1,0,0,3,0.0,32,27:58,2,2,0,0,
372,2020-02-29,64,25-304,CAR,@,MTL,L-OT,0,1,1,1,0,0,0,0,0,1,0,0,3,0.0,28,26:03,0,5,0,0,
373,2020-03-05,65,25-309,CAR,@,PHI,L,0,0,0,0,0,0,0,0,0,0,0,0,4,0.0,26,24:05,1,0,0,0,
374,2020-03-07,66,25-311,CAR,@,NYI,W,0,0,0,0,0,0,0,0,0,0,0,0,0,,26,27:01,1,4,0,0,
375,2020-03-08,67,25-312,CAR,@,PIT,W,1,0,1,1,0,1,0,0,0,0,0,0,4,25.0,29,23:08,1,1,0,0,
376,2020-03-10,68,25-314,CAR,@,DET,W,0,0,0,1,0,0,0,0,0,0,0,0,3,0.0,31,27:09,1,1,0,0,
