,date_game,game_season,age,team_id,game_location,opp_id,game_result,goals,assists,points,plus_minus,pen_min,goals_ev,goals_pp,goals_sh,goals_gw,assists_ev,assists_pp,assists_sh,shots,shot_pct,shifts,time_on_ice,hits_all,blocks_all,faceoff_wins_all,faceoff_losses_all,faceoff_percentage_all
0,2016-02-05,1,21-319,PIT,@,TBL,L,0,0,0,0,0,0,0,0,0,0,0,0,1,0.0,14,11:11,0,1,3,5,37.5
1,2016-02-06,2,21-320,PIT,@,FLA,W,0,0,0,0,0,0,0,0,0,0,0,0,0,,8,5:11,0,0,2,2,50.0
2,2016-02-08,3,21-322,PIT,,ANA,W,0,0,0,0,0,0,0,0,0,0,0,0,1,0.0,19,13:50,1,1,5,7,41.7
3,2016-02-10,4,21-324,PIT,,NYR,L,0,0,0,0,0,0,0,0,0,0,0,0,1,0.0,15,11:05,1,0,4,2,66.7
4,2016-02-12,5,21-326,PIT,@,CAR,W,0,0,0,0,0,0,0,0,0,0,0,0,1,0.0,17,12:06,2,0,1,3,25.0
5,2016-02-15,6,21-329,PIT,@,FLA,L-SO,0,0,0,0,0,0,0,0,0,0,0,0,1,0.0,12,9:34,0,0,5,4,55.6
6,2016-02-18,7,21-332,PIT,,DET,W,0,0,0,0,0,0,0,0,0,0,0,0,2,0.0,18,13:47,2,0,4,6,40.0
7,2016-02-20,8,21-334,PIT,,TBL,L,0,0,0,-1,0,0,0,0,0,0,0,0,0,,14,8:02,1,0,3,2,60.0
8,2016-02-21,9,21-335,PIT,@,BUF,W,0,0,0,0,0,0,0,0,0,0,0,0,0,,16,12:42,0,1,4,5,44.4
9,2016-02-24,10,21-338,PIT,@,BOS,L,0,1,1,-1,0,0,0,0,0,1,0,0,1,0.0,20,14:08,0,0,6,4,60.0
10,2016-03-19,11,21-362,PIT,@,PHI,W,0,0,0,0,2,0,0,0,0,0,0,0,0,,11,5:56,3,0,1,2,33.3
11,2016-03-20,12,21-363,PIT,,WSH,W,0,0,0,0,0,0,0,0,0,0,0,0,1,0.0,18,12:53,3,0,3,9,25.0
12,2016-03-31,13,22-008,PIT,,NSH,W,0,1,1,1,0,0,0,0,0,1,0,0,1,0.0,10,6:38,0,0,2,1,66.7
13,2016-04-02,14,22-010,PIT,@,NYI,W,1,0,1,1,0,0,0,1,1,0,0,0,1,100.0,14,9:19,2,1,7,1,87.5
14,2016-04-03,15,22-011,PIT,,PHI,W,0,0,0,1,0,0,0,0,0,0,0,0,0,,11,8:12,2,0,2,7,22.2
15,2016-04-05,16,22-013,PIT,@,OTT,W,0,0,0,0,2,0,0,0,0,0,0,0,0,,10,7:56,0,1,3,3,50.0
16,2016-04-07,17,22-015,PIT,@,WSH,W,0,1,1,1,0,0,0,0,0,1,0,0,1,0.0,7,5:13,0,0,2,0,100.0
17,2016-04-09,18,22-017,PIT,@,PHI,L,0,0,0,-2,0,0,0,0,0,0,0,0,1,0.0,24,17:53,1,0,7,12,36.8
18,2017-03-10,1,22-352,PIT,@,EDM,W,0,0,0,0,0,0,0,0,0,0,0,0,0,,11,8:06,4,0,1,3,25.0
19,2017-03-11,2,22-353,PIT,@,VAN,W,0,0,0,1,0,0,0,0,0,0,0,0,3,0.0,13,8:21,1,0,1,1,50.0
20,2017-03-13,3,22-355,PIT,@,CGY,L-SO,0,0,0,-1,0,0,0,0,0,0,0,0,1,0.0,11,6:01,0,0,0,1,0.0
21,2017-03-15,4,22-357,PIT,@,PHI,L,0,0,0,0,0,0,0,0,0,0,0,0,2,0.0,15,11:09,2,0,0,0,
22,2017-03-21,5,22-363,PIT,@,BUF,W,0,0,0,0,0,0,0,0,0,0,0,0,0,,8,5:49,1,0,0,1,0.0
23,2017-03-23,6,23-000,PIT,@,OTT,L-SO,0,0,0,0,2,0,0,0,0,0,0,0,1,0.0,14,9:41,1,1,2,5,28.6
24,2017-03-24,7,23-001,PIT,,NYI,L-SO,0,0,0,0,0,0,0,0,0,0,0,0,0,,14,9:36,2,0,2,3,40.0
25,2017-03-26,8,23-003,PIT,,PHI,L,0,0,0,-2,0,0,0,0,0,0,0,0,1,0.0,15,8:27,1,0,1,2,33.3
26,2017-03-29,9,23-006,PIT,,CHI,L,0,0,0,-1,0,0,0,0,0,0,0,0,1,0.0,13,8:31,0,1,0,0,
27,2017-04-09,10,23-017,PIT,@,NYR,L,0,0,0,-1,0,0,0,0,0,0,0,0,0,,24,16:03,1,0,9,12,42.9
28,2017-10-04,1,23-195,STL,@,PIT,W,0,0,0,-2,0,0,0,0,0,0,0,0,1,0.0,20,15:31,0,0,5,10,33.3
29,2017-10-07,2,23-198,STL,,DAL,W,0,0,0,0,0,0,0,0,0,0,0,0,2,0.0,19,10:13,1,0,5,6,45.5
30,2017-10-10,3,23-201,STL,@,NYR,W,0,0,0,0,0,0,0,0,0,0,0,0,1,0.0,20,10:57,1,0,1,7,12.5
31,2017-10-12,4,23-203,STL,@,FLA,L,0,0,0,-1,0,0,0,0,0,0,0,0,1,0.0,21,14:17,2,1,6,10,37.5
32,2017-10-14,5,23-205,STL,@,TBL,L,0,0,0,0,0,0,0,0,0,0,0,0,1,0.0,11,8:43,0,0,0,5,0.0
33,2017-10-19,6,23-210,STL,@,COL,W,0,0,0,1,0,0,0,0,0,0,0,0,2,0.0,17,11:48,0,1,3,2,60.0
34,2017-10-21,7,23-212,STL,@,VEG,L-OT,0,1,1,1,0,0,0,0,0,1,0,0,4,0.0,17,10:35,2,0,6,4,60.0
35,2017-10-25,8,23-216,STL,,CGY,W,0,0,0,0,0,0,0,0,0,0,0,0,3,0.0,19,12:28,3,1,3,6,33.3
36,2017-10-27,9,23-218,STL,@,CAR,W,0,1,1,1,0,0,0,0,0,1,0,0,0,,19,10:22,3,0,4,5,44.4
37,2017-10-28,10,23-219,STL,,CBJ,W,0,0,0,0,0,0,0,0,0,0,0,0,2,0.0,17,10:04,1,0,6,5,54.5
38,2017-10-30,11,23-221,STL,,LAK,W,0,0,0,0,0,0,0,0,0,0,0,0,1,0.0,16,10:06,1,0,4,7,36.4
39,2017-11-02,12,23-224,STL,,PHI,L,0,0,0,0,0,0,0,0,0,0,0,0,1,0.0,12,8:43,3,0,3,3,50.0
40,2017-11-04,13,23-226,STL,,TOR,W,0,0,0,1,0,0,0,0,0,0,0,0,3,0.0,23,14:36,1,0,10,4,71.4
41,2017-11-07,14,23-229,STL,@,NJD,W,0,0,0,0,2,0,0,0,0,0,0,0,2,0.0,24,15:11,1,1,7,7,50.0
42,2017-11-09,15,23-231,STL,,ARI,W,0,0,0,0,0,0,0,0,0,0,0,0,0,,17,12:42,2,0,8,5,61.5
43,2017-11-11,16,23-233,STL,,NYI,L,0,0,0,-1,0,0,0,0,0,0,0,0,0,,14,11:49,1,0,5,4,55.6
44,2017-11-13,17,23-235,STL,@,CGY,L,0,0,0,-1,4,0,0,0,0,0,0,0,0,,15,10:53,1,0,2,3,40.0
45,2017-11-16,18,23-238,STL,@,EDM,W,0,0,0,0,0,0,0,0,0,0,0,0,1,0.0,20,13:40,0,2,2,2,50.0
46,2017-11-18,19,23-240,STL,@,VAN,W,0,0,0,0,0,0,0,0,0,0,0,0,0,,16,12:16,0,3,2,5,28.6
47,2017-11-21,20,23-243,STL,,EDM,W,0,1,1,0,0,0,0,0,0,1,0,0,3,0.0,18,13:46,2,0,5,9,35.7
48,2017-11-24,21,23-246,STL,,NSH,L,0,0,0,-1,0,0,0,0,0,0,0,0,0,,15,11:43,2,0,2,3,40.0
49,2017-11-25,22,23-247,STL,,MIN,W,0,0,0,1,0,0,0,0,0,0,0,0,2,0.0,18,12:30,0,0,2,6,25.0
50,2017-12-01,23,23-253,STL,,LAK,L,0,0,0,-1,0,0,0,0,0,0,0,0,0,,15,10:05,0,0,4,4,50.0
51,2017-12-10,24,23-262,STL,,BUF,W,0,0,0,0,2,0,0,0,0,0,0,0,0,,13,8:19,1,0,3,4,42.9
52,2017-12-12,25,23-264,STL,,TBL,L,0,0,0,0,2,0,0,0,0,0,0,0,0,,12,8:12,2,0,3,3,50.0
53,2017-12-16,26,23-268,STL,,WPG,W,0,0,0,0,0,0,0,0,0,0,0,0,1,0.0,20,12:21,0,1,4,10,28.6
54,2017-12-17,27,23-269,STL,@,WPG,L,0,0,0,0,0,0,0,0,0,0,0,0,0,,16,11:03,2,1,3,2,60.0
55,2017-12-23,28,23-275,STL,@,VAN,W,0,0,0,0,2,0,0,0,0,0,0,0,1,0.0,17,10:48,2,0,5,3,62.5
56,2017-12-27,29,23-279,STL,,NSH,L,0,0,0,-1,0,0,0,0,0,0,0,0,0,,13,10:16,0,0,1,3,25.0
57,2018-01-09,30,23-292,STL,,FLA,L,0,0,0,0,0,0,0,0,0,0,0,0,1,0.0,12,9:41,1,0,2,4,33.3
58,2018-02-20,31,23-334,STL,,SJS,L,0,0,0,-1,0,0,0,0,0,0,0,0,0,,9,6:06,0,0,0,0,
59,2018-03-08,32,23-350,STL,@,SJS,L,0,0,0,0,0,0,0,0,0,0,0,0,0,,9,5:46,0,0,0,2,0.0
60,2018-03-18,33,23-360,STL,@,CHI,W,0,0,0,0,0,0,0,0,0,0,0,0,0,,10,6:22,3,0,0,2,0.0
61,2018-03-21,34,23-363,STL,,BOS,W,0,0,0,0,0,0,0,0,0,0,0,0,0,,11,6:42,2,0,3,4,42.9
62,2018-03-23,35,24-000,STL,,VAN,W,0,0,0,0,0,0,0,0,0,0,0,0,2,0.0,15,9:41,0,0,3,1,75.0
63,2018-03-24,36,24-001,STL,@,CBJ,W,0,0,0,0,0,0,0,0,0,0,0,0,1,0.0,12,6:41,0,1,2,1,66.7
64,2018-03-27,37,24-004,STL,,SJS,W,1,0,1,1,0,1,0,0,0,0,0,0,1,100.0,13,7:19,1,0,3,2,60.0
65,2018-03-30,38,24-007,STL,@,VEG,L-OT,0,1,1,1,0,0,0,0,0,1,0,0,1,0.0,14,8:03,0,0,1,3,25.0
66,2018-03-31,39,24-008,STL,@,ARI,L,0,0,0,-3,2,0,0,0,0,0,0,0,0,,18,11:16,2,0,5,1,83.3
67,2018-04-02,40,24-010,STL,,WSH,L,0,0,0,0,0,0,0,0,0,0,0,0,1,0.0,12,7:27,1,0,2,3,40.0
68,2018-04-04,41,24-012,STL,,CHI,L,0,0,0,0,0,0,0,0,0,0,0,0,2,0.0,16,11:00,1,0,5,2,71.4
69,2018-04-07,42,24-015,STL,@,COL,L,0,0,0,0,0,0,0,0,0,0,0,0,0,,16,10:00,2,2,4,7,36.4
70,2018-10-25,1,24-216,STL,,CBJ,L,0,0,0,-1,2,0,0,0,0,0,0,0,0,,12,8:33,2,0,3,3,50.0
71,2018-10-27,2,24-218,STL,,CHI,W,0,1,1,1,0,0,0,0,0,1,0,0,2,0.0,14,7:49,2,1,0,0,
72,2018-11-01,3,24-223,STL,,VEG,W,2,0,2,2,0,2,0,0,0,0,0,0,2,100.0,16,11:29,1,1,0,0,
73,2018-11-03,4,24-225,STL,,MIN,L,0,0,0,0,0,0,0,0,0,0,0,0,0,,14,11:23,1,0,3,3,50.0
74,2018-11-06,5,24-228,STL,,CAR,W,0,0,0,0,0,0,0,0,0,0,0,0,1,0.0,18,11:13,0,1,1,3,25.0
75,2018-11-09,6,24-231,STL,,SJS,W,0,0,0,0,0,0,0,0,0,0,0,0,0,,18,12:02,1,1,2,2,50.0
76,2018-11-11,7,24-233,STL,,MIN,L,1,0,1,0,0,1,0,0,0,0,0,0,1,100.0,17,10:53,1,0,1,2,33.3
77,2018-11-14,8,24-236,STL,@,CHI,L,0,0,0,0,0,0,0,0,0,0,0,0,1,0.0,13,9:18,0,1,1,3,25.0
78,2018-11-16,9,24-238,STL,@,VEG,W,1,0,1,0,0,1,0,0,0,0,0,0,2,50.0,15,10:41,1,2,0,2,0.0
79,2018-11-17,10,24-239,STL,@,SJS,L,0,0,0,0,0,0,0,0,0,0,0,0,2,0.0,17,12:12,1,2,2,4,33.3
80,2018-11-19,11,24-241,STL,,LAK,L,0,0,0,0,0,0,0,0,0,0,0,0,0,,13,10:23,0,0,1,3,25.0
81,2018-11-21,12,24-243,STL,@,NSH,L,0,0,0,-2,0,0,0,0,0,0,0,0,2,0.0,13,10:00,0,0,2,4,33.3
82,2018-11-23,13,24-245,STL,,NSH,W,0,0,0,1,0,0,0,0,0,0,0,0,1,0.0,19,13:02,2,0,1,0,100.0
83,2018-11-24,14,24-246,STL,,WPG,L,0,0,0,-3,0,0,0,0,0,0,0,0,1,0.0,20,12:32,2,0,2,2,50.0
84,2018-11-28,15,24-250,STL,@,DET,L,0,0,0,-1,0,0,0,0,0,0,0,0,0,,17,10:05,1,0,2,3,40.0
85,2018-11-30,16,24-252,STL,@,COL,W,0,0,0,0,0,0,0,0,0,0,0,0,2,0.0,21,13:38,0,1,2,5,28.6
86,2018-12-01,17,24-253,STL,@,ARI,L,0,0,0,-1,4,0,0,0,0,0,0,0,2,0.0,20,13:45,2,0,1,0,100.0
87,2018-12-05,18,24-257,STL,,EDM,L-SO,0,1,1,1,2,0,0,0,0,1,0,0,1,0.0,21,13:51,0,2,1,1,50.0
88,2018-12-07,19,24-259,STL,@,WPG,W,0,0,0,0,0,0,0,0,0,0,0,0,2,0.0,19,14:05,0,0,4,0,100.0
89,2018-12-09,20,24-261,STL,,VAN,L,0,0,0,-2,2,0,0,0,0,0,0,0,0,,16,12:35,2,0,0,1,0.0
90,2018-12-11,21,24-263,STL,,FLA,W,0,1,1,1,0,0,0,0,0,1,0,0,0,,11,6:57,1,0,1,3,25.0
91,2018-12-14,22,24-266,STL,,COL,W,0,0,0,0,0,0,0,0,0,0,0,0,1,0.0,17,9:24,1,0,0,0,
92,2018-12-16,23,24-268,STL,,CGY,L,1,0,1,1,0,1,0,0,0,0,0,0,2,50.0,13,11:15,2,1,1,2,33.3
93,2018-12-18,24,24-270,STL,@,EDM,W,0,0,0,0,0,0,0,0,0,0,0,0,0,,18,12:34,0,0,2,3,40.0
94,2018-12-20,25,24-272,STL,@,VAN,L,0,0,0,0,0,0,0,0,0,0,0,0,0,,16,10:06,1,0,0,1,0.0
95,2018-12-22,26,24-274,STL,@,CGY,W,1,0,1,1,0,1,0,0,0,0,0,0,6,16.7,19,10:30,2,0,0,3,0.0
96,2018-12-27,27,24-279,STL,,BUF,W,0,0,0,0,0,0,0,0,0,0,0,0,2,0.0,16,11:38,1,1,1,1,50.0
97,2018-12-29,28,24-281,STL,,PIT,L,0,0,0,0,0,0,0,0,0,0,0,0,2,0.0,17,10:54,1,1,1,1,50.0
98,2018-12-31,29,24-283,STL,,NYR,L,0,0,0,0,2,0,0,0,0,0,0,0,1,0.0,14,8:54,2,1,3,3,50.0
99,2019-01-03,30,24-286,STL,,WSH,W,1,0,1,0,0,1,0,0,1,0,0,0,1,100.0,20,14:24,1,0,2,1,66.7
100,2019-01-05,31,24-288,STL,,NYI,L,0,0,0,0,0,0,0,0,0,0,0,0,4,0.0,17,12:24,1,2,2,1,66.7
101,2019-01-07,32,24-290,STL,@,PHI,W,0,0,0,0,0,0,0,0,0,0,0,0,2,0.0,26,16:10,4,0,2,4,33.3
102,2019-01-08,33,24-291,STL,,DAL,L,0,0,0,0,0,0,0,0,0,0,0,0,2,0.0,17,12:14,2,0,2,3,40.0
103,2019-01-10,34,24-293,STL,,MTL,W,1,1,2,2,0,0,0,1,1,1,0,0,2,50.0,24,19:02,0,0,3,2,60.0
104,2019-01-12,35,24-295,STL,@,DAL,W,0,2,2,1,0,0,0,0,0,1,1,0,2,0.0,21,17:32,1,0,1,4,20.0
105,2019-01-14,36,24-297,STL,@,WSH,W,0,0,0,0,0,0,0,0,0,0,0,0,4,0.0,19,16:51,0,0,1,4,20.0
106,2019-01-15,37,24-298,STL,@,NYI,L-OT,0,0,0,0,0,0,0,0,0,0,0,0,3,0.0,16,12:22,0,1,5,3,62.5
107,2019-01-17,38,24-300,STL,@,BOS,L,0,0,0,0,0,0,0,0,0,0,0,0,1,0.0,23,20:01,4,0,2,3,40.0
108,2019-01-19,39,24-302,STL,,OTT,W,0,0,0,-1,0,0,0,0,0,0,0,0,1,0.0,17,12:45,0,0,5,5,50.0
109,2019-01-21,40,24-304,STL,@,LAK,L,1,0,1,-2,0,1,0,0,0,0,0,0,1,100.0,20,14:55,1,0,7,3,70.0
110,2019-01-23,41,24-306,STL,@,ANA,W,1,0,1,1,0,1,0,0,0,0,0,0,2,50.0,20,16:59,2,0,4,7,36.4
111,2019-02-02,42,24-316,STL,@,CBJ,W,1,0,1,1,0,1,0,0,0,0,0,0,4,25.0,26,18:16,3,0,6,4,60.0
112,2019-02-05,43,24-319,STL,@,FLA,W,0,1,1,2,2,0,0,0,0,1,0,0,1,0.0,24,16:23,0,2,6,6,50.0
113,2019-02-07,44,24-321,STL,@,TBL,W,0,0,0,0,0,0,0,0,0,0,0,0,3,0.0,20,15:18,0,0,2,4,33.3
114,2019-02-09,45,24-323,STL,,NSH,W,0,1,1,1,2,0,0,0,0,1,0,0,2,0.0,20,15:23,2,0,3,8,27.3
115,2019-02-10,46,24-324,STL,@,NSH,W,0,0,0,0,0,0,0,0,0,0,0,0,2,0.0,19,12:59,1,0,6,8,42.9
116,2019-02-12,47,24-326,STL,,NJD,W,0,0,0,-1,0,0,0,0,0,0,0,0,1,0.0,18,16:20,0,0,3,8,27.3
117,2019-02-14,48,24-328,STL,@,ARI,W,0,2,2,2,2,0,0,0,0,2,0,0,0,,19,12:45,0,0,7,4,63.6
118,2019-02-16,49,24-330,STL,@,COL,W,0,1,1,1,0,0,0,0,0,1,0,0,0,,19,13:06,0,1,3,9,25.0
119,2019-02-17,50,24-331,STL,@,MIN,W,0,0,0,0,0,0,0,0,0,0,0,0,1,0.0,25,16:26,0,0,6,4,60.0
120,2019-02-19,51,24-333,STL,,TOR,W,0,0,0,0,0,0,0,0,0,0,0,0,0,,15,14:38,2,0,3,6,33.3
121,2019-02-21,52,24-335,STL,@,DAL,L,0,0,0,-1,0,0,0,0,0,0,0,0,5,0.0,21,16:02,1,1,4,5,44.4
122,2019-02-23,53,24-337,STL,,BOS,W,0,1,1,1,0,0,0,0,0,1,0,0,1,0.0,20,15:21,5,1,4,9,30.8
123,2019-02-24,54,24-338,STL,@,MIN,L-OT,0,0,0,-1,0,0,0,0,0,0,0,0,0,,21,14:45,0,0,3,8,27.3
124,2019-02-26,55,24-340,STL,,NSH,W,0,0,0,0,0,0,0,0,0,0,0,0,1,0.0,20,14:10,1,1,1,4,20.0
125,2019-03-01,56,24-343,STL,@,CAR,L,1,0,1,1,0,1,0,0,0,0,0,0,2,50.0,21,13:58,0,0,0,6,0.0
126,2019-03-02,57,24-344,STL,,DAL,L,0,1,1,0,0,0,0,0,0,1,0,0,4,0.0,22,16:14,1,0,5,8,38.5
127,2019-03-06,58,24-348,STL,@,ANA,W,0,0,0,-2,2,0,0,0,0,0,0,0,1,0.0,22,14:05,2,1,3,8,27.3
128,2019-03-07,59,24-349,STL,@,LAK,W,0,0,0,0,0,0,0,0,0,0,0,0,1,0.0,21,17:41,1,1,5,11,31.3
129,2019-03-09,60,24-351,STL,@,SJS,L-OT,0,0,0,-1,0,0,0,0,0,0,0,0,1,0.0,23,18:17,5,0,5,3,62.5
130,2019-03-12,61,24-354,STL,,ARI,L,0,0,0,-1,0,0,0,0,0,0,0,0,3,0.0,18,15:46,4,0,5,8,38.5
131,2019-03-14,62,24-356,STL,@,OTT,L,0,0,0,0,0,0,0,0,0,0,0,0,2,0.0,18,13:34,2,0,0,5,0.0
132,2019-03-16,63,24-358,STL,@,PIT,W,1,0,1,1,0,1,0,0,0,0,0,0,1,100.0,26,18:42,4,1,4,7,36.4
133,2019-03-17,64,24-359,STL,@,BUF,L-SO,0,0,0,-1,0,0,0,0,0,0,0,0,0,,19,15:43,8,0,5,3,62.5
134,2019-03-19,65,24-361,STL,,EDM,W,0,2,2,1,0,0,0,0,0,2,0,0,3,0.0,18,14:35,1,0,6,5,54.5
135,2019-03-21,66,24-363,STL,,DET,W,1,0,1,0,0,1,0,0,0,0,0,0,2,50.0,18,15:35,2,1,4,6,40.0
136,2019-03-23,67,25-000,STL,,TBL,W,0,0,0,-1,0,0,0,0,0,0,0,0,3,0.0,23,18:47,2,0,8,9,47.1
137,2019-03-25,68,25-002,STL,,VEG,W,0,0,0,0,0,0,0,0,0,0,0,0,1,0.0,18,17:12,2,1,8,11,42.1
138,2019-03-29,69,25-006,STL,@,NYR,L,0,0,0,0,0,0,0,0,0,0,0,0,3,0.0,21,15:28,0,0,6,4,60.0
139,2019-03-30,70,25-007,STL,@,NJD,W,0,0,0,0,2,0,0,0,0,0,0,0,1,0.0,18,14:46,1,0,6,7,46.2
140,2019-04-01,71,25-009,STL,,COL,W,0,1,1,0,0,0,0,0,0,1,0,0,1,0.0,17,15:26,1,0,2,9,18.2
141,2019-04-03,72,25-011,STL,@,CHI,L-SO,0,0,0,-1,0,0,0,0,0,0,0,0,1,0.0,19,15:10,2,0,7,5,58.3
142,2019-04-04,73,25-012,STL,,PHI,W,0,1,1,-1,0,0,0,0,0,0,0,1,0,,21,16:35,2,0,10,6,62.5
143,2019-04-06,74,25-014,STL,,VAN,W,0,0,0,0,0,0,0,0,0,0,0,0,1,0.0,20,15:49,0,1,7,8,46.7
144,2019-10-02,1,25-193,STL,,WSH,L-OT,0,0,0,-1,0,0,0,0,0,0,0,0,0,,17,13:59,4,1,4,3,57.1
145,2019-10-05,2,25-196,STL,,DAL,W,0,0,0,0,2,0,0,0,0,0,0,0,0,,22,14:01,2,0,3,3,50.0
146,2019-10-07,3,25-198,STL,@,TOR,W,1,0,1,1,0,1,0,0,0,0,0,0,1,100.0,19,15:40,2,2,2,2,50.0
147,2019-10-10,4,25-201,STL,@,OTT,W,1,0,1,0,0,1,0,0,0,0,0,0,2,50.0,21,14:50,2,0,3,5,37.5
148,2019-10-12,5,25-203,STL,@,MTL,L,0,0,0,-2,0,0,0,0,0,0,0,0,2,0.0,19,12:41,0,1,1,2,33.3
149,2019-10-14,6,25-205,STL,@,NYI,L-OT,0,0,0,0,0,0,0,0,0,0,0,0,3,0.0,16,14:02,2,2,4,2,66.7
150,2019-10-17,7,25-208,STL,,VAN,L-SO,0,1,1,0,0,0,0,0,0,1,0,0,0,,19,13:39,0,0,1,5,16.7
151,2019-10-19,8,25-210,STL,,MTL,L,0,0,0,0,2,0,0,0,0,0,0,0,1,0.0,20,14:07,1,0,3,0,100.0
152,2019-10-21,9,25-212,STL,,COL,W,0,0,0,0,0,0,0,0,0,0,0,0,0,,19,13:16,1,1,1,5,16.7
153,2019-10-24,10,25-215,STL,,LAK,W,0,0,0,-1,0,0,0,0,0,0,0,0,0,,22,16:26,2,0,2,0,100.0
154,2019-10-26,11,25-217,STL,@,BOS,L,0,0,0,0,4,0,0,0,0,0,0,0,1,0.0,20,12:04,4,0,1,0,100.0
155,2019-10-27,12,25-218,STL,@,DET,W,0,0,0,0,0,0,0,0,0,0,0,0,0,,19,13:53,1,0,1,2,33.3
156,2019-10-30,13,25-221,STL,,MIN,W,0,0,0,0,0,0,0,0,0,0,0,0,0,,19,13:11,1,0,0,4,0.0
157,2019-11-01,14,25-223,STL,,CBJ,W,1,0,1,1,0,1,0,0,0,0,0,0,5,20.0,18,14:57,1,0,6,1,85.7
158,2019-11-02,15,25-224,STL,@,MIN,W,0,0,0,0,0,0,0,0,0,0,0,0,2,0.0,16,11:40,0,0,5,4,55.6
159,2019-11-05,16,25-227,STL,@,VAN,W,0,0,0,0,2,0,0,0,0,0,0,0,2,0.0,20,14:50,0,0,1,1,50.0
160,2019-11-06,17,25-228,STL,@,EDM,W,0,0,0,0,0,0,0,0,0,0,0,0,0,,21,13:40,1,1,4,4,50.0
161,2019-11-09,18,25-231,STL,@,CGY,W,0,1,1,1,2,0,0,0,0,1,0,0,3,0.0,21,12:25,0,0,2,1,66.7
162,2019-11-12,19,25-234,STL,,ARI,L-SO,0,1,1,1,0,0,0,0,0,1,0,0,1,0.0,17,13:18,0,0,3,3,50.0
163,2019-11-15,20,25-237,STL,@,CBJ,L-OT,0,1,1,0,0,0,0,0,0,1,0,0,0,,18,11:46,1,1,2,3,40.0
164,2019-11-16,21,25-238,STL,,ANA,L,0,0,0,-2,4,0,0,0,0,0,0,0,4,0.0,18,9:52,1,0,1,4,20.0
165,2019-11-19,22,25-241,STL,,TBL,W,1,0,1,0,0,1,0,0,1,0,0,0,6,16.7,22,14:25,0,0,0,2,0.0
166,2019-11-21,23,25-243,STL,,CGY,W,2,0,2,4,0,2,0,0,0,0,0,0,5,40.0,23,14:56,0,2,0,2,0.0
167,2019-11-23,24,25-245,STL,,NSH,L,0,0,0,-1,0,0,0,0,0,0,0,0,1,0.0,19,13:20,1,0,2,2,50.0
168,2019-11-25,25,25-247,STL,@,NSH,L-SO,0,0,0,-1,0,0,0,0,0,0,0,0,1,0.0,20,14:03,0,1,1,5,16.7
169,2019-11-27,26,25-249,STL,@,TBL,W,2,0,2,2,0,1,0,1,0,0,0,0,2,100.0,12,8:37,0,0,0,0,
170,2019-12-12,27,25-264,STL,,VEG,W,1,1,2,1,0,1,0,0,0,1,0,0,4,25.0,21,16:35,1,1,0,0,
171,2019-12-14,28,25-266,STL,,CHI,W,0,0,0,-1,0,0,0,0,0,0,0,0,1,0.0,22,16:57,0,0,1,2,33.3
172,2019-12-16,29,25-268,STL,,COL,W,0,2,2,2,0,0,0,0,0,2,0,0,0,,21,17:27,0,1,0,1,0.0
173,2019-12-18,30,25-270,STL,,EDM,W,0,0,0,-1,2,0,0,0,0,0,0,0,2,0.0,23,16:42,1,0,2,2,50.0
174,2019-12-21,31,25-273,STL,@,SJS,W,0,0,0,1,0,0,0,0,0,0,0,0,2,0.0,22,17:17,1,1,0,1,0.0
175,2019-12-23,32,25-275,STL,@,LAK,W,0,0,0,0,2,0,0,0,0,0,0,0,1,0.0,22,15:57,0,1,0,1,0.0
176,2019-12-27,33,25-279,STL,@,WPG,W,0,0,0,-1,0,0,0,0,0,0,0,0,2,0.0,22,19:02,1,1,2,0,100.0
177,2019-12-29,34,25-281,STL,,WPG,W,0,0,0,1,0,0,0,0,0,0,0,0,1,0.0,21,18:54,2,1,0,0,
178,2019-12-31,35,25-283,STL,@,ARI,L,0,0,0,0,0,0,0,0,0,0,0,0,7,0.0,22,19:22,3,0,0,0,
179,2020-01-02,36,25-285,STL,@,COL,L,0,0,0,-1,0,0,0,0,0,0,0,0,0,,20,14:59,1,0,1,3,25.0
180,2020-01-04,37,25-287,STL,@,VEG,L-OT,1,0,1,0,0,1,0,0,0,0,0,0,3,33.3,24,16:25,5,0,5,1,83.3
181,2020-01-07,38,25-290,STL,,SJS,W,0,1,1,1,0,0,0,0,0,1,0,0,0,,16,13:56,0,2,2,2,50.0
182,2020-01-09,39,25-292,STL,,BUF,W,0,0,0,0,0,0,0,0,0,0,0,0,2,0.0,19,14:34,2,0,1,1,50.0
183,2020-01-11,40,25-294,STL,,NYR,W,0,1,1,1,0,0,0,0,0,1,0,0,5,0.0,19,12:46,1,0,1,2,33.3
184,2020-01-13,41,25-296,STL,,ANA,W,0,0,0,1,0,0,0,0,0,0,0,0,0,,18,15:58,1,0,0,3,0.0
185,2020-01-15,42,25-298,STL,,PHI,L-OT,0,0,0,-1,0,0,0,0,0,0,0,0,0,,20,14:52,1,0,2,4,33.3
186,2020-01-18,43,25-301,STL,@,COL,L,1,0,1,-2,0,1,0,0,0,0,0,0,1,100.0,20,14:35,0,1,3,4,42.9
187,2020-01-27,44,25-310,STL,@,VAN,L,0,0,0,0,0,0,0,0,0,0,0,0,1,0.0,15,10:42,2,1,1,4,20.0
188,2020-02-16,45,25-330,STL,@,NSH,L,0,0,0,-1,0,0,0,0,0,0,0,0,2,0.0,18,12:01,0,0,0,4,0.0
189,2020-02-18,46,25-332,STL,,NJD,W,0,1,1,0,0,0,0,0,0,1,0,0,4,0.0,19,14:00,0,0,1,4,20.0
190,2020-02-20,47,25-334,STL,,ARI,W,0,0,0,0,2,0,0,0,0,0,0,0,2,0.0,19,15:08,0,3,1,1,50.0
191,2020-02-21,48,25-335,STL,@,DAL,W,0,0,0,0,0,0,0,0,0,0,0,0,0,,19,15:02,0,0,3,1,75.0
192,2020-02-23,49,25-337,STL,@,MIN,W,1,1,2,3,0,1,0,0,0,0,0,1,3,33.3,22,16:55,1,0,8,2,80.0
193,2020-02-25,50,25-339,STL,,CHI,W,0,0,0,0,2,0,0,0,0,0,0,0,2,0.0,19,12:50,0,0,4,4,50.0
194,2020-02-27,51,25-341,STL,,NYI,W,0,0,0,0,0,0,0,0,0,0,0,0,1,0.0,19,17:09,0,0,2,1,66.7
195,2020-02-29,52,25-343,STL,,DAL,W,0,0,0,0,0,0,0,0,0,0,0,0,1,0.0,18,13:00,4,0,3,3,50.0
196,2020-03-03,53,25-346,STL,@,NYR,W,0,0,0,0,0,0,0,0,0,0,0,0,1,0.0,21,14:59,1,1,2,0,100.0
197,2020-03-06,54,25-349,STL,@,NJD,L,0,0,0,0,0,0,0,0,0,0,0,0,1,0.0,17,13:57,2,0,3,6,33.3
198,2020-03-08,55,25-351,STL,@,CHI,W,0,0,0,0,4,0,0,0,0,0,0,0,2,0.0,20,13:03,3,0,2,5,28.6
199,2020-03-09,56,25-352,STL,,FLA,L,0,0,0,0,0,0,0,0,0,0,0,0,2,0.0,15,13:03,0,0,1,3,25.0
200,2020-03-11,57,25-354,STL,@,ANA,W,0,0,0,0,0,0,0,0,0,0,0,0,2,0.0,16,11:56,0,0,1,2,33.3
