,date_game,game_season,age,team_id,game_location,opp_id,game_result,goals,assists,points,plus_minus,pen_min,goals_ev,goals_pp,goals_sh,goals_gw,assists_ev,assists_pp,assists_sh,shots,shot_pct,shifts,time_on_ice,hits_all,blocks_all,faceoff_wins_all,faceoff_losses_all,faceoff_percentage_all
0,2009-10-03,1,19-013,NYI,,PIT,L-SO,1,1,2,0,0,0,1,0,0,,,,2,50.0,27,22:05,0,0,9,10,47.4
1,2009-10-08,2,19-018,NYI,@,OTT,L-OT,0,1,1,-1,0,0,0,0,0,,,,4,0.0,21,19:46,0,0,7,11,38.9
2,2009-10-10,3,19-020,NYI,@,BOS,L-SO,1,1,2,1,0,1,0,0,0,,,,4,25.0,24,20:57,0,0,9,10,47.4
3,2009-10-12,4,19-022,NYI,,LAK,L,0,0,0,1,0,0,0,0,0,,,,1,0.0,26,22:58,0,1,10,12,45.5
4,2009-10-16,5,19-026,NYI,@,BUF,L,1,0,1,0,0,0,1,0,0,,,,7,14.3,19,19:36,0,1,4,8,33.3
5,2009-10-17,6,19-027,NYI,,SJS,L,0,1,1,-1,2,0,0,0,0,,,,3,0.0,21,18:11,0,0,8,5,61.5
6,2009-10-21,7,19-031,NYI,,CAR,W,0,0,0,-1,0,0,0,0,0,,,,6,0.0,19,17:50,0,0,10,6,62.5
7,2009-10-22,8,19-032,NYI,@,MTL,L,0,0,0,-2,0,0,0,0,0,,,,0,,19,17:03,2,0,7,9,43.8
8,2009-10-24,9,19-034,NYI,,WSH,L-OT,0,0,0,-1,0,0,0,0,0,,,,2,0.0,24,17:22,0,0,10,5,66.7
9,2009-10-26,10,19-036,NYI,@,MTL,L-OT,0,0,0,-2,2,0,0,0,0,,,,1,0.0,27,21:25,0,2,2,2,50.0
10,2009-10-28,11,19-038,NYI,,NYR,W,1,0,1,2,0,1,0,0,0,,,,3,33.3,25,16:14,0,1,7,4,63.6
11,2009-10-30,12,19-040,NYI,@,WSH,W,0,1,1,2,0,0,0,0,0,,,,5,0.0,25,19:33,0,0,6,9,40.0
12,2009-10-31,13,19-041,NYI,,BUF,W,0,1,1,0,0,0,0,0,0,,,,2,0.0,18,16:20,0,0,7,8,46.7
13,2009-11-02,14,19-043,NYI,,EDM,W,1,0,1,0,0,1,0,0,0,,,,6,16.7,19,17:24,0,1,12,10,54.5
14,2009-11-04,15,19-045,NYI,@,BUF,L,0,0,0,0,0,0,0,0,0,,,,2,0.0,16,15:54,0,0,2,7,22.2
15,2009-11-06,16,19-047,NYI,@,NJD,L,0,0,0,0,0,0,0,0,0,,,,1,0.0,21,17:55,4,0,6,4,60.0
16,2009-11-07,17,19-048,NYI,,ATL,W,0,2,2,1,0,0,0,0,0,,,,2,0.0,21,19:10,2,0,6,7,46.2
17,2009-11-11,18,19-052,NYI,@,WSH,L-SO,0,1,1,0,0,0,0,0,0,,,,3,0.0,24,18:48,1,0,11,6,64.7
18,2009-11-13,19,19-054,NYI,@,CAR,W,2,0,2,1,0,1,1,0,0,,,,2,100.0,20,17:27,0,1,2,9,18.2
19,2009-11-14,20,19-055,NYI,@,FLA,L-SO,1,1,2,-1,0,0,1,0,0,,,,4,25.0,27,17:40,0,0,8,11,42.1
20,2009-11-16,21,19-057,NYI,@,BOS,W,1,0,1,1,0,1,0,0,0,,,,4,25.0,25,19:38,0,0,6,8,42.9
21,2009-11-20,22,19-061,NYI,@,MIN,L,0,0,0,0,0,0,0,0,0,,,,2,0.0,21,21:31,0,0,5,4,55.6
22,2009-11-21,23,19-062,NYI,@,STL,L,0,0,0,-2,0,0,0,0,0,,,,1,0.0,20,15:15,0,0,3,3,50.0
23,2009-11-23,24,19-064,NYI,@,TOR,W,0,0,0,1,0,0,0,0,0,,,,1,0.0,24,17:42,0,0,5,12,29.4
24,2009-11-25,25,19-066,NYI,,PHI,L,0,1,1,0,0,0,0,0,0,,,,1,0.0,23,18:34,1,0,9,3,75.0
25,2009-11-27,26,19-068,NYI,,PIT,W,1,0,1,1,0,1,0,0,1,,,,2,50.0,21,15:58,1,0,6,7,46.2
26,2009-11-28,27,19-069,NYI,@,NJD,L,0,0,0,-1,0,0,0,0,0,,,,3,0.0,23,22:40,0,0,9,9,50.0
27,2009-12-03,28,19-074,NYI,@,ATL,W,1,0,1,2,0,1,0,0,0,,,,1,100.0,18,16:50,1,0,4,6,40.0
28,2009-12-05,29,19-076,NYI,@,TBL,L,0,0,0,0,0,0,0,0,0,,,,1,0.0,19,21:25,0,0,9,7,56.3
29,2009-12-08,30,19-079,NYI,@,PHI,L,2,0,2,-2,2,0,2,0,0,,,,2,100.0,25,22:26,0,0,14,8,63.6
30,2009-12-09,31,19-080,NYI,@,TOR,L,2,0,2,0,0,0,2,0,0,,,,3,66.7,22,20:25,0,0,13,10,56.5
31,2009-12-12,32,19-083,NYI,,BOS,W,0,1,1,0,0,0,0,0,0,,,,0,,22,17:09,2,0,6,8,42.9
32,2009-12-14,33,19-085,NYI,,FLA,L,0,0,0,-2,0,0,0,0,0,,,,2,0.0,22,18:08,1,1,10,9,52.6
33,2009-12-16,34,19-087,NYI,@,NYR,W,0,0,0,1,0,0,0,0,0,,,,2,0.0,18,16:28,1,1,3,9,25.0
34,2009-12-17,35,19-088,NYI,,NYR,L,0,0,0,-2,2,0,0,0,0,,,,4,0.0,20,19:22,1,0,4,9,30.8
35,2009-12-19,36,19-090,NYI,,MTL,L,0,0,0,0,0,0,0,0,0,,,,2,0.0,19,16:47,0,0,6,14,30.0
36,2009-12-21,37,19-092,NYI,,TBL,L,0,0,0,-1,2,0,0,0,0,,,,1,0.0,22,21:53,0,0,7,8,46.7
37,2009-12-23,38,19-094,NYI,,TOR,W,1,0,1,0,0,1,0,0,1,,,,2,50.0,18,16:22,1,0,5,5,50.0
38,2009-12-26,39,19-097,NYI,@,NYR,W,0,0,0,0,0,0,0,0,0,,,,0,,16,16:25,2,0,4,4,50.0
39,2009-12-27,40,19-098,NYI,,PHI,L,0,0,0,-1,0,0,0,0,0,,,,0,,21,16:43,1,1,5,6,45.5
40,2009-12-29,41,19-100,NYI,,CBJ,W,0,0,0,0,0,0,0,0,0,,,,3,0.0,20,17:34,0,0,4,6,40.0
41,2009-12-31,42,19-102,NYI,@,OTT,L-SO,0,0,0,-1,0,0,0,0,0,,,,1,0.0,22,17:44,0,0,3,5,37.5
42,2010-01-02,43,19-104,NYI,,ATL,W,0,0,0,-1,0,0,0,0,0,,,,3,0.0,20,16:44,0,0,9,5,64.3
43,2010-01-06,44,19-108,NYI,@,COL,W,0,0,0,1,0,0,0,0,0,,,,0,,21,16:02,0,2,5,5,50.0
44,2010-01-08,45,19-110,NYI,@,DAL,L,0,0,0,-1,0,0,0,0,0,,,,2,0.0,19,17:29,0,1,9,6,60.0
45,2010-01-09,46,19-111,NYI,@,PHX,W,0,1,1,1,0,0,0,0,0,,,,0,,21,17:18,1,0,5,9,35.7
46,2010-01-12,47,19-114,NYI,,DET,W,0,0,0,2,0,0,0,0,0,,,,5,0.0,19,15:06,0,0,6,6,50.0
47,2010-01-16,48,19-118,NYI,,BUF,W,1,0,1,0,0,1,0,0,0,,,,5,20.0,19,16:55,1,0,5,8,38.5
48,2010-01-18,49,19-120,NYI,,NJD,W,0,1,1,1,2,0,0,0,0,,,,6,0.0,17,15:20,0,1,9,5,64.3
49,2010-01-19,50,19-121,NYI,@,PIT,L,0,0,0,-1,0,0,0,0,0,,,,2,0.0,18,15:13,0,0,6,6,50.0
50,2010-01-21,51,19-123,NYI,,FLA,W,0,0,0,0,0,0,0,0,0,,,,1,0.0,16,13:56,0,1,7,8,46.7
51,2010-01-23,52,19-125,NYI,,NJD,L,0,1,1,-2,0,0,0,0,0,,,,0,,18,15:07,2,2,7,8,46.7
52,2010-01-26,53,19-128,NYI,,WSH,L,0,1,1,-1,0,0,0,0,0,,,,1,0.0,19,17:49,2,0,3,6,33.3
53,2010-01-28,54,19-130,NYI,@,CAR,L,0,0,0,-2,2,0,0,0,0,,,,3,0.0,18,15:57,1,0,5,5,50.0
54,2010-01-30,55,19-132,NYI,@,PHI,L,0,0,0,0,0,0,0,0,0,,,,1,0.0,18,17:23,0,1,7,5,58.3
55,2010-01-31,56,19-133,NYI,@,FLA,L,0,0,0,0,0,0,0,0,0,,,,2,0.0,18,15:54,0,0,7,9,43.8
56,2010-02-04,57,19-137,NYI,@,TBL,L,0,0,0,-2,0,0,0,0,0,,,,1,0.0,21,16:50,0,0,6,11,35.3
57,2010-02-06,58,19-139,NYI,,CAR,L,0,0,0,-2,0,0,0,0,0,,,,4,0.0,18,15:46,2,0,8,7,53.3
58,2010-02-09,59,19-142,NYI,,NSH,W,0,0,0,0,0,0,0,0,0,,,,2,0.0,16,17:06,0,2,8,6,57.1
59,2010-02-10,60,19-143,NYI,@,PIT,L,0,0,0,-2,2,0,0,0,0,,,,0,,20,14:17,0,0,6,8,42.9
60,2010-02-13,61,19-146,NYI,,TBL,W,0,1,1,-1,0,0,0,0,0,,,,1,0.0,17,15:39,0,0,4,6,40.0
61,2010-02-14,62,19-147,NYI,,OTT,L,0,0,0,-1,0,0,0,0,0,,,,7,0.0,19,18:23,0,1,7,5,58.3
62,2010-03-02,63,19-163,NYI,,CHI,W,0,0,0,-1,0,0,0,0,0,,,,1,0.0,21,14:54,0,0,4,7,36.4
63,2010-03-04,64,19-165,NYI,@,ATL,L,0,1,1,0,0,0,0,0,0,,,,2,0.0,17,16:08,1,0,4,6,40.0
64,2010-03-06,65,19-167,NYI,,BOS,L,0,0,0,0,0,0,0,0,0,,,,4,0.0,20,15:50,0,0,5,6,45.5
65,2010-03-09,66,19-170,NYI,@,PHI,L,1,0,1,1,0,1,0,0,0,,,,1,100.0,27,20:44,1,2,3,12,20.0
66,2010-03-11,67,19-172,NYI,,STL,L-SO,0,0,0,0,2,0,0,0,0,,,,2,0.0,20,18:52,0,0,6,4,60.0
67,2010-03-13,68,19-174,NYI,,NJD,W,0,0,0,0,0,0,0,0,0,,,,2,0.0,17,16:31,0,0,3,6,33.3
68,2010-03-14,69,19-175,NYI,,TOR,W,0,0,0,0,0,0,0,0,0,,,,3,0.0,20,18:20,1,0,7,3,70.0
69,2010-03-16,70,19-177,NYI,@,VAN,W,2,3,5,4,0,1,1,0,0,,,,3,66.7,30,17:36,0,1,7,8,46.7
70,2010-03-19,71,19-180,NYI,@,ANA,L-OT,1,1,2,-1,0,0,1,0,0,,,,3,33.3,19,16:52,0,1,3,6,33.3
71,2010-03-20,72,19-181,NYI,@,LAK,L,0,0,0,0,0,0,0,0,0,,,,3,0.0,23,20:18,0,0,2,9,18.2
72,2010-03-24,73,19-185,NYI,@,NYR,L,0,0,0,-1,0,0,0,0,0,,,,1,0.0,23,17:12,2,0,11,6,64.7
73,2010-03-25,74,19-186,NYI,,CGY,W,0,0,0,-1,0,0,0,0,0,,,,1,0.0,17,16:39,0,0,3,5,37.5
74,2010-03-27,75,19-188,NYI,@,CBJ,W,0,1,1,1,2,0,0,0,0,,,,2,0.0,18,16:30,1,0,6,4,60.0
75,2010-03-30,76,19-191,NYI,,NYR,L,0,1,1,0,0,0,0,0,0,,,,0,,22,19:43,2,0,9,8,52.9
76,2010-04-01,77,19-193,NYI,,PHI,W,0,2,2,3,0,0,0,0,0,,,,0,,18,17:49,0,1,9,5,64.3
77,2010-04-03,78,19-195,NYI,,OTT,W,1,1,2,3,2,1,0,0,0,,,,2,50.0,20,16:07,1,0,6,4,60.0
78,2010-04-06,79,19-198,NYI,,MTL,W,0,0,0,1,0,0,0,0,0,,,,6,0.0,22,23:04,1,0,2,11,15.4
79,2010-04-08,80,19-200,NYI,@,PIT,L,0,1,1,-3,0,0,0,0,0,,,,1,0.0,27,23:14,0,1,9,11,45.0
80,2010-04-10,81,19-202,NYI,@,NJD,L,0,1,1,-2,0,0,0,0,0,,,,2,0.0,23,18:34,2,0,11,7,61.1
81,2010-04-11,82,19-203,NYI,,PIT,L-OT,2,1,3,-1,0,1,1,0,0,,,,3,66.7,26,26:46,0,1,14,18,43.8
82,2010-10-09,1,20-019,NYI,,DAL,L-SO,0,0,0,-1,0,0,0,0,0,,,,0,,7,5:18,0,0,2,1,66.7
83,2010-10-16,2,20-026,NYI,,COL,W,1,0,1,0,0,1,0,0,0,,,,3,33.3,22,18:48,0,0,8,4,66.7
84,2010-10-18,3,20-028,NYI,@,TOR,W,1,1,2,1,2,0,1,0,1,,,,3,33.3,23,19:47,1,0,12,2,85.7
85,2010-10-21,4,20-031,NYI,@,TBL,W,0,1,1,-2,0,0,0,0,0,,,,2,0.0,21,20:37,0,1,5,6,45.5
86,2010-10-23,5,20-033,NYI,@,FLA,L,3,0,3,0,0,1,2,0,0,,,,7,42.9,21,19:27,1,0,7,11,38.9
87,2010-10-27,6,20-037,NYI,@,MTL,L,1,0,1,-3,0,0,1,0,0,,,,6,16.7,25,20:26,0,0,8,8,50.0
88,2010-10-29,7,20-039,NYI,,MTL,L,0,0,0,-2,0,0,0,0,0,,,,2,0.0,27,22:02,1,0,7,8,46.7
89,2010-10-30,8,20-040,NYI,@,PHI,L,0,0,0,-1,0,0,0,0,0,,,,4,0.0,20,17:46,0,1,12,8,60.0
90,2010-11-03,9,20-044,NYI,@,CAR,L,0,0,0,-1,0,0,0,0,0,,,,4,0.0,23,18:09,1,0,10,7,58.8
91,2010-11-04,10,20-045,NYI,@,OTT,L,0,1,1,-2,0,0,0,0,0,,,,3,0.0,24,19:34,2,0,6,2,75.0
92,2010-11-06,11,20-047,NYI,,PHI,L,0,0,0,-2,0,0,0,0,0,,,,4,0.0,21,19:36,0,0,7,8,46.7
93,2010-11-10,12,20-051,NYI,@,ANA,L,0,0,0,0,0,0,0,0,0,,,,1,0.0,20,18:28,0,0,7,9,43.8
94,2010-11-11,13,20-052,NYI,@,SJS,L-SO,0,1,1,1,0,0,0,0,0,,,,1,0.0,22,17:09,1,0,6,5,54.5
95,2010-11-13,14,20-054,NYI,@,LAK,L,0,0,0,0,2,0,0,0,0,,,,1,0.0,24,19:16,1,0,6,7,46.2
96,2010-11-17,15,20-058,NYI,,TBL,L,1,0,1,-1,2,1,0,0,0,,,,4,25.0,21,19:54,0,0,5,13,27.8
97,2010-11-20,16,20-061,NYI,,FLA,L,0,0,0,-1,2,0,0,0,0,,,,3,0.0,21,19:33,0,1,12,8,60.0
98,2010-11-21,17,20-062,NYI,@,ATL,L-OT,0,0,0,-1,2,0,0,0,0,,,,2,0.0,24,23:23,0,0,13,8,61.9
99,2010-11-24,18,20-065,NYI,,CBJ,L-OT,1,0,1,1,0,1,0,0,0,,,,3,33.3,24,21:35,0,0,13,15,46.4
100,2010-11-26,19,20-067,NYI,,NJD,W,0,0,0,0,0,0,0,0,0,,,,1,0.0,22,19:04,1,1,8,9,47.1
101,2010-12-02,20,20-073,NYI,,NYR,L,0,2,2,1,0,0,0,0,0,,,,1,0.0,25,18:57,0,0,12,13,48.0
102,2010-12-03,21,20-074,NYI,@,NYR,L,0,0,0,-1,0,0,0,0,0,,,,4,0.0,19,22:03,0,0,6,11,35.3
103,2010-12-05,22,20-076,NYI,,PHI,L,0,0,0,0,0,0,0,0,0,,,,4,0.0,25,20:07,1,0,9,11,45.0
104,2010-12-09,23,20-080,NYI,@,BOS,L,0,0,0,-3,0,0,0,0,0,,,,3,0.0,22,19:38,0,1,6,9,40.0
105,2010-12-11,24,20-082,NYI,,ATL,L,0,0,0,-2,7,0,0,0,0,,,,0,,22,17:15,0,,,,
106,2010-12-13,25,20-084,NYI,@,NSH,L,0,0,0,0,0,0,0,0,0,,,,5,0.0,20,14:40,0,0,10,4,71.4
107,2010-12-16,26,20-087,NYI,,ANA,W,0,1,1,1,0,0,0,0,0,,,,2,0.0,23,18:37,0,0,8,5,61.5
108,2010-12-18,27,20-089,NYI,,PHX,L-SO,0,1,1,0,0,0,0,0,0,,,,6,0.0,23,20:16,0,1,10,12,45.5
109,2010-12-22,28,20-093,NYI,,TBL,W,1,1,2,2,4,1,0,0,1,,,,6,16.7,24,19:20,1,1,5,11,31.3
110,2010-12-23,29,20-094,NYI,@,NJD,W,1,0,1,0,2,1,0,0,0,,,,1,100.0,22,17:05,0,0,6,4,60.0
111,2010-12-26,30,20-097,NYI,,MTL,W,0,1,1,0,2,0,0,0,0,,,,3,0.0,24,21:31,0,1,14,6,70.0
112,2010-12-27,31,20-098,NYI,@,NYR,L,0,1,1,0,0,0,0,0,0,,,,1,0.0,22,18:21,0,0,9,9,50.0
113,2010-12-29,32,20-100,NYI,,PIT,W,0,0,0,-1,0,0,0,0,0,,,,1,0.0,24,18:07,1,0,11,5,68.8
114,2010-12-31,33,20-102,NYI,@,DET,W,1,2,3,1,0,1,0,0,0,,,,3,33.3,23,15:58,0,0,7,8,46.7
115,2011-01-03,34,20-105,NYI,@,CGY,W,2,1,3,1,0,0,2,0,1,,,,5,40.0,21,17:07,0,0,6,6,50.0
116,2011-01-06,35,20-108,NYI,@,EDM,L,0,0,0,-1,0,0,0,0,0,,,,4,0.0,25,23:31,0,0,11,9,55.0
117,2011-01-08,36,20-110,NYI,@,COL,W,1,0,1,0,0,1,0,0,1,,,,4,25.0,24,19:17,0,0,10,8,55.6
118,2011-01-09,37,20-111,NYI,@,CHI,L,0,0,0,-1,0,0,0,0,0,,,,4,0.0,20,16:20,0,1,8,9,47.1
119,2011-01-11,38,20-113,NYI,,VAN,L-SO,1,0,1,-2,0,0,1,0,0,,,,5,20.0,23,20:52,0,0,5,8,38.5
120,2011-01-13,39,20-115,NYI,,OTT,L,0,1,1,1,0,0,0,0,0,,,,1,0.0,24,20:58,0,0,15,6,71.4
121,2011-01-15,40,20-117,NYI,,BUF,W,3,0,3,1,0,2,1,0,0,,,,7,42.9,22,19:09,0,0,10,5,66.7
122,2011-01-17,41,20-119,NYI,,NJD,L,0,0,0,-1,0,0,0,0,0,,,,2,0.0,23,24:02,0,0,12,9,57.1
123,2011-01-20,42,20-122,NYI,,WSH,L,0,0,0,-1,0,0,0,0,0,,,,5,0.0,23,22:58,0,1,6,9,40.0
124,2011-01-21,43,20-123,NYI,@,BUF,W,0,1,1,0,0,0,0,0,0,,,,6,0.0,21,16:04,0,1,11,6,64.7
125,2011-01-23,44,20-125,NYI,,BUF,L,0,2,2,0,2,0,0,0,0,,,,3,0.0,20,17:16,1,0,8,7,53.3
126,2011-01-25,45,20-127,NYI,@,PIT,L,0,0,0,0,2,0,0,0,0,,,,4,0.0,20,20:23,0,1,5,7,41.7
127,2011-01-26,46,20-128,NYI,,CAR,L,0,0,0,-2,0,0,0,0,0,,,,4,0.0,21,17:01,0,1,9,9,50.0
128,2011-02-01,47,20-134,NYI,@,ATL,W,0,2,2,2,0,0,0,0,0,,,,1,0.0,18,17:27,0,1,12,10,54.5
129,2011-02-02,48,20-135,NYI,@,PIT,L,0,0,0,-1,0,0,0,0,0,,,,2,0.0,22,20:10,0,0,7,12,36.8
130,2011-02-05,49,20-138,NYI,,OTT,W,0,1,1,0,6,0,0,0,0,,,,4,0.0,22,18:00,0,1,8,9,47.1
131,2011-02-08,50,20-141,NYI,,TOR,L,0,1,1,-2,0,0,0,0,0,,,,2,0.0,20,19:25,0,0,4,12,25.0
132,2011-02-10,51,20-143,NYI,@,MTL,W,1,0,1,0,2,1,0,0,0,,,,3,33.3,25,20:55,0,0,8,8,50.0
133,2011-02-11,52,20-144,NYI,,PIT,W,1,3,4,2,2,1,0,0,0,,,,5,20.0,19,18:21,0,0,8,9,47.1
134,2011-02-13,53,20-146,NYI,@,BUF,W,1,1,2,-1,0,1,0,0,0,,,,2,50.0,22,19:29,0,0,11,5,68.8
135,2011-02-15,54,20-148,NYI,@,OTT,W,0,0,0,0,0,0,0,0,0,,,,1,0.0,22,18:45,0,0,10,13,43.5
136,2011-02-17,55,20-150,NYI,,BOS,L,2,0,2,-1,0,2,0,0,0,,,,4,50.0,22,18:23,0,0,4,12,25.0
137,2011-02-19,56,20-152,NYI,,LAK,W,0,2,2,2,0,0,0,0,0,,,,0,,18,17:14,0,0,10,4,71.4
138,2011-02-21,57,20-154,NYI,,FLA,W,0,1,1,3,0,0,0,0,0,,,,5,0.0,20,19:23,1,2,6,4,60.0
139,2011-02-22,58,20-155,NYI,@,TOR,L,0,0,0,-1,0,0,0,0,0,,,,0,,20,17:07,1,1,7,7,50.0
140,2011-02-24,59,20-157,NYI,@,PHI,L-OT,0,0,0,-1,0,0,0,0,0,,,,7,0.0,21,18:05,0,0,7,8,46.7
141,2011-02-26,60,20-159,NYI,,WSH,L,0,0,0,0,0,0,0,0,0,,,,3,0.0,20,21:04,0,1,13,7,65.0
142,2011-03-01,61,20-162,NYI,@,WSH,L-OT,0,1,1,1,2,0,0,0,0,,,,6,0.0,24,21:06,1,0,13,9,59.1
143,2011-03-02,62,20-163,NYI,,MIN,W,0,0,0,0,0,0,0,0,0,,,,5,0.0,19,18:39,1,0,6,8,42.9
144,2011-03-05,63,20-166,NYI,,STL,W,1,1,2,2,0,1,0,0,0,,,,2,50.0,17,17:06,0,1,8,6,57.1
145,2011-03-06,64,20-167,NYI,,NJD,L-SO,0,0,0,0,0,0,0,0,0,,,,1,0.0,23,21:35,1,0,7,8,46.7
146,2011-03-08,65,20-169,NYI,,TOR,W,0,0,0,-1,0,0,0,0,0,,,,3,0.0,22,17:39,0,0,8,2,80.0
147,2011-03-11,66,20-172,NYI,,BOS,W,0,1,1,-1,0,0,0,0,0,,,,4,0.0,21,19:12,0,0,9,8,52.9
148,2011-03-12,67,20-173,NYI,@,NJD,L-OT,1,0,1,1,0,1,0,0,0,,,,1,100.0,21,19:13,0,0,8,9,47.1
149,2011-03-15,68,20-176,NYI,@,NYR,L,1,2,3,1,0,0,1,0,0,,,,1,100.0,19,17:55,0,0,9,11,45.0
150,2011-03-18,69,20-179,NYI,@,CAR,L-OT,0,0,0,0,2,0,0,0,0,,,,2,0.0,23,21:45,0,0,14,7,66.7
151,2011-03-19,70,20-180,NYI,@,FLA,W,0,0,0,1,0,0,0,0,0,,,,2,0.0,21,24:09,0,0,5,7,41.7
152,2011-03-22,71,20-183,NYI,@,TBL,W,0,0,0,-1,2,0,0,0,0,,,,1,0.0,20,16:29,0,0,11,8,57.9
153,2011-03-24,72,20-185,NYI,,ATL,L,1,0,1,0,0,1,0,0,0,,,,2,50.0,24,21:54,1,1,7,8,46.7
154,2011-03-26,73,20-187,NYI,,PHI,L,0,0,0,0,0,0,0,0,0,,,,0,,20,20:51,0,0,9,7,56.3
155,2011-03-30,74,20-191,NYI,@,NJD,L,0,0,0,-2,2,0,0,0,0,,,,1,0.0,19,19:11,0,0,7,5,58.3
156,2011-03-31,75,20-192,NYI,,NYR,W,0,2,2,4,2,0,0,0,0,,,,5,0.0,24,17:58,1,0,9,10,47.4
157,2011-04-02,76,20-194,NYI,,CAR,L,1,0,1,-1,2,1,0,0,0,,,,5,20.0,22,20:09,0,1,15,10,60.0
158,2011-04-06,77,20-198,NYI,@,BOS,L,0,0,0,0,2,0,0,0,0,,,,3,0.0,21,19:48,0,0,8,10,44.4
159,2011-04-08,78,20-200,NYI,,PIT,L-SO,0,0,0,0,0,0,0,0,0,,,,6,0.0,22,23:32,0,0,12,12,50.0
160,2011-04-09,79,20-201,NYI,@,PHI,L,1,2,3,-1,0,1,0,0,0,,,,6,16.7,25,22:01,1,1,18,6,75.0
161,2011-10-08,1,21-018,NYI,,FLA,L,0,0,0,-1,0,0,0,0,0,,,,2,0.0,20,18:23,0,0,10,7,58.8
162,2011-10-10,2,21-020,NYI,,MIN,W,0,0,0,-1,2,0,0,0,0,,,,1,0.0,16,14:28,0,0,6,4,60.0
163,2011-10-13,3,21-023,NYI,,TBL,W,2,2,4,4,4,2,0,0,0,,,,4,50.0,18,14:52,0,0,3,8,27.3
164,2011-10-15,4,21-025,NYI,,NYR,W,3,1,4,2,0,1,2,0,1,,,,5,60.0,19,17:29,0,0,8,6,57.1
165,2011-10-20,5,21-030,NYI,@,TBL,L,0,0,0,0,2,0,0,0,0,,,,3,0.0,21,21:23,0,0,6,9,40.0
166,2011-10-22,6,21-032,NYI,@,FLA,L,1,1,2,-3,0,0,1,0,0,,,,7,14.3,24,21:40,1,0,13,12,52.0
167,2011-10-25,7,21-035,NYI,,PIT,L,0,0,0,-1,0,0,0,0,0,,,,4,0.0,19,19:30,0,1,8,8,50.0
168,2011-10-27,8,21-037,NYI,@,PIT,L-SO,0,0,0,-1,0,0,0,0,0,,,,4,0.0,17,17:40,0,1,6,8,42.9
169,2011-10-29,9,21-039,NYI,,SJS,L-OT,1,0,1,-1,0,0,1,0,0,,,,3,33.3,22,15:12,0,0,9,9,50.0
170,2011-11-03,10,21-044,NYI,,WPG,L,0,0,0,-1,0,0,0,0,0,,,,3,0.0,19,18:26,0,2,11,9,55.0
171,2011-11-05,11,21-046,NYI,,WSH,W,1,0,1,1,0,1,0,0,0,,,,4,25.0,22,19:54,0,0,12,6,66.7
172,2011-11-07,12,21-048,NYI,@,BOS,L,0,1,1,0,0,0,0,0,0,,,,5,0.0,20,20:11,0,0,6,12,33.3
173,2011-11-10,13,21-051,NYI,@,COL,L-OT,0,0,0,1,0,0,0,0,0,,,,5,0.0,22,17:53,0,0,13,4,76.5
174,2011-11-13,14,21-054,NYI,@,VAN,L,0,1,1,0,0,0,0,0,0,,,,1,0.0,18,16:45,1,1,6,7,46.2
175,2011-11-15,15,21-056,NYI,,NYR,L,0,1,1,-1,0,0,0,0,0,,,,4,0.0,20,20:17,1,0,13,12,52.0
176,2011-11-17,16,21-058,NYI,,MTL,W,0,1,1,1,0,0,0,0,0,,,,3,0.0,22,18:58,3,0,9,9,50.0
177,2011-11-19,17,21-060,NYI,,BOS,L,0,0,0,-1,0,0,0,0,0,,,,2,0.0,21,16:32,0,0,11,10,52.4
178,2011-11-21,18,21-062,NYI,@,PIT,L,0,0,0,0,2,0,0,0,0,,,,6,0.0,23,21:31,0,0,15,8,65.2
179,2011-11-23,19,21-064,NYI,,PHI,L-OT,0,0,0,-1,0,0,0,0,0,,,,2,0.0,22,23:33,0,2,14,11,56.0
180,2011-11-25,20,21-066,NYI,,NJD,L,0,0,0,0,0,0,0,0,0,,,,3,0.0,22,20:48,0,0,17,3,85.0
181,2011-11-26,21,21-067,NYI,@,NJD,W,0,0,0,-1,0,0,0,0,0,,,,1,0.0,22,18:46,0,0,13,7,65.0
182,2011-11-29,22,21-070,NYI,@,BUF,W,0,0,0,0,0,0,0,0,0,,,,6,0.0,23,20:25,1,0,7,11,38.9
183,2011-12-02,23,21-073,NYI,@,CHI,L-SO,0,2,2,1,0,0,0,0,0,,,,4,0.0,25,23:30,1,0,8,13,38.1
184,2011-12-03,24,21-074,NYI,@,DAL,W,0,3,3,2,0,0,0,0,0,,,,0,,25,19:54,1,1,11,10,52.4
185,2011-12-06,25,21-077,NYI,,TBL,W,1,1,2,1,0,1,0,0,0,,,,2,50.0,20,17:13,0,0,7,11,38.9
186,2011-12-08,26,21-079,NYI,,CHI,L-OT,0,0,0,0,0,0,0,0,0,,,,6,0.0,25,24:11,0,0,12,9,57.1
187,2011-12-10,27,21-081,NYI,,PIT,L,0,0,0,-2,0,0,0,0,0,,,,1,0.0,19,19:39,1,0,9,8,52.9
188,2011-12-13,28,21-084,NYI,@,MTL,L,1,0,1,1,0,1,0,0,0,,,,3,33.3,18,18:30,0,0,9,9,50.0
189,2011-12-15,29,21-086,NYI,,DAL,L,0,0,0,-1,0,0,0,0,0,,,,6,0.0,21,21:18,0,0,6,13,31.6
190,2011-12-17,30,21-088,NYI,@,MIN,W,0,1,1,1,0,0,0,0,0,,,,4,0.0,26,24:26,0,0,9,10,47.4
191,2011-12-20,31,21-091,NYI,@,WPG,W,0,1,1,-1,0,0,0,0,0,,,,4,0.0,22,19:52,0,0,16,8,66.7
192,2011-12-22,32,21-093,NYI,@,NYR,L,0,0,0,-3,2,0,0,0,0,,,,3,0.0,25,21:52,0,0,12,9,57.1
193,2011-12-23,33,21-094,NYI,,TOR,L,1,0,1,-2,2,1,0,0,0,,,,5,20.0,24,21:52,1,1,8,9,47.1
194,2011-12-26,34,21-097,NYI,@,NYR,L,0,0,0,-1,0,0,0,0,0,,,,2,0.0,22,20:17,2,0,9,2,81.8
195,2011-12-29,35,21-100,NYI,,CGY,W,1,1,2,1,0,1,0,0,1,,,,5,20.0,21,19:03,0,0,10,9,52.6
196,2011-12-31,36,21-102,NYI,,EDM,W,1,1,2,0,0,0,1,0,0,,,,4,25.0,19,16:20,0,0,8,8,50.0
197,2012-01-03,37,21-105,NYI,@,CAR,W,0,3,3,-1,0,0,0,0,0,,,,3,0.0,26,22:49,0,0,9,10,47.4
198,2012-01-06,38,21-108,NYI,@,ANA,L,0,1,1,0,0,0,0,0,0,,,,2,0.0,23,23:27,1,0,5,13,27.8
199,2012-01-07,39,21-109,NYI,@,PHX,L,0,1,1,-1,0,0,0,0,0,,,,5,0.0,20,19:34,1,0,11,11,50.0
200,2012-01-10,40,21-112,NYI,,DET,W,1,2,3,3,0,1,0,0,1,,,,5,20.0,24,18:15,0,1,11,8,57.9
201,2012-01-12,41,21-114,NYI,,PHI,L,1,0,1,1,0,1,0,0,0,,,,4,25.0,23,22:43,0,0,16,13,55.2
202,2012-01-14,42,21-116,NYI,,BUF,W,0,2,2,4,0,0,0,0,0,,,,4,0.0,21,20:40,1,2,10,5,66.7
203,2012-01-16,43,21-118,NYI,,NSH,L,1,0,1,1,0,1,0,0,0,,,,5,20.0,20,22:04,0,0,10,7,58.8
204,2012-01-17,44,21-119,NYI,@,WSH,W,1,0,1,0,0,0,1,0,1,,,,7,14.3,19,19:05,0,0,8,11,42.1
205,2012-01-19,45,21-121,NYI,@,PHI,W,0,2,2,0,0,0,0,0,0,,,,6,0.0,22,20:08,0,0,13,10,56.5
206,2012-01-21,46,21-123,NYI,,CAR,W,2,0,2,2,0,2,0,0,1,,,,7,28.6,23,25:33,0,0,12,8,60.0
207,2012-01-23,47,21-125,NYI,@,TOR,L,0,0,0,0,0,0,0,0,0,,,,3,0.0,19,21:21,0,2,9,8,52.9
208,2012-01-24,48,21-126,NYI,,TOR,L-OT,1,0,1,0,0,1,0,0,0,,,,4,25.0,23,21:53,1,0,7,9,43.8
209,2012-01-31,49,21-133,NYI,@,CAR,W,2,2,4,2,0,2,0,0,1,,,,2,100.0,24,21:00,1,0,10,14,41.7
210,2012-02-03,50,21-136,NYI,@,OTT,W,0,0,0,1,0,0,0,0,0,,,,3,0.0,27,24:23,0,1,18,11,62.1
211,2012-02-04,51,21-137,NYI,,BUF,L-SO,0,0,0,-1,0,0,0,0,0,,,,2,0.0,23,26:05,0,0,14,13,51.9
212,2012-02-07,52,21-140,NYI,@,PHI,W,0,0,0,0,0,0,0,0,0,,,,3,0.0,22,22:23,0,0,4,13,23.5
213,2012-02-09,53,21-142,NYI,,MTL,L,0,1,1,-3,2,0,0,0,0,,,,5,0.0,21,22:14,0,0,11,17,39.3
214,2012-02-11,54,21-144,NYI,,LAK,W,0,0,0,0,0,0,0,0,0,,,,3,0.0,23,22:07,2,0,7,9,43.8
215,2012-02-12,55,21-145,NYI,,FLA,L,0,0,0,-1,0,0,0,0,0,,,,7,0.0,20,20:27,0,0,9,15,37.5
216,2012-02-14,56,21-147,NYI,@,WPG,W,0,1,1,-1,2,0,0,0,0,,,,1,0.0,22,17:43,0,0,7,9,43.8
217,2012-02-16,57,21-149,NYI,@,STL,L,0,0,0,-1,2,0,0,0,0,,,,2,0.0,23,21:28,1,0,9,14,39.1
218,2012-02-18,58,21-151,NYI,,CAR,W,2,1,3,0,2,2,0,0,1,,,,5,40.0,23,22:10,1,1,7,9,43.8
219,2012-02-20,59,21-153,NYI,,OTT,L,0,0,0,-1,0,0,0,0,0,,,,1,0.0,21,19:15,1,0,7,14,33.3
220,2012-02-21,60,21-154,NYI,@,BUF,L,0,0,0,0,0,0,0,0,0,,,,1,0.0,25,22:25,1,0,15,8,65.2
221,2012-02-24,61,21-157,NYI,,NYR,W,0,2,2,1,0,0,0,0,0,,,,4,0.0,28,24:10,1,0,20,13,60.6
222,2012-02-26,62,21-159,NYI,@,OTT,L,1,0,1,2,0,1,0,0,0,,,,7,14.3,22,22:49,0,1,12,10,54.5
223,2012-02-28,63,21-161,NYI,@,WSH,L-OT,0,0,0,0,0,0,0,0,0,,,,1,0.0,23,20:44,0,0,9,8,52.9
224,2012-03-01,64,21-163,NYI,@,PHI,L,0,0,0,-2,0,0,0,0,0,,,,3,0.0,23,22:29,0,1,12,11,52.2
225,2012-03-03,65,21-165,NYI,@,BOS,W,1,1,2,0,0,1,0,0,1,,,,7,14.3,26,19:34,1,0,7,14,33.3
226,2012-03-04,66,21-166,NYI,,NJD,W,0,0,0,0,0,0,0,0,0,,,,5,0.0,20,23:29,0,0,12,7,63.2
227,2012-03-08,67,21-170,NYI,@,NJD,L,0,0,0,-2,0,0,0,0,0,,,,2,0.0,20,22:22,0,0,10,8,55.6
228,2012-03-10,68,21-172,NYI,,NJD,L,1,0,1,1,0,1,0,0,0,,,,3,33.3,21,20:01,1,0,14,6,70.0
229,2012-03-11,69,21-173,NYI,@,NYR,L-OT,1,1,2,1,2,1,0,0,0,,,,4,25.0,24,23:31,0,0,10,14,41.7
230,2012-03-13,70,21-175,NYI,,WSH,L-SO,2,1,3,2,0,1,1,0,0,,,,3,66.7,23,23:07,0,1,11,6,64.7
231,2012-03-15,71,21-177,NYI,,PHI,L,1,0,1,0,0,1,0,0,0,,,,4,25.0,18,23:05,0,0,5,8,38.5
232,2012-03-17,72,21-179,NYI,@,MTL,W,0,0,0,-1,0,0,0,0,0,,,,3,0.0,26,23:25,0,0,15,13,53.6
233,2012-03-20,73,21-182,NYI,@,TOR,W,0,3,3,2,0,0,0,0,0,,,,2,0.0,22,22:04,0,1,10,15,40.0
234,2012-03-24,74,21-186,NYI,@,TBL,L,0,1,1,-1,0,0,0,0,0,,,,4,0.0,20,19:59,0,0,9,9,50.0
235,2012-03-25,75,21-187,NYI,@,FLA,W,0,1,1,-2,0,0,0,0,0,,,,0,,20,19:26,0,0,6,9,40.0
236,2012-03-27,76,21-189,NYI,@,PIT,W,0,0,0,-1,0,0,0,0,0,,,,5,0.0,22,20:08,0,1,9,8,52.9
237,2012-03-29,77,21-191,NYI,,PIT,W,0,0,0,-1,0,0,0,0,0,,,,2,0.0,17,21:08,0,0,9,3,75.0
238,2012-03-31,78,21-193,NYI,,BOS,L,0,2,2,0,0,0,0,0,0,,,,2,0.0,21,17:46,0,2,8,12,40.0
239,2012-04-01,79,21-194,NYI,,OTT,L,0,1,1,0,2,0,0,0,0,,,,0,,18,17:56,0,0,7,12,36.8
240,2012-04-03,80,21-196,NYI,@,NJD,L,0,1,1,-1,0,0,0,0,0,,,,0,,20,17:13,0,0,7,5,58.3
241,2012-04-05,81,21-198,NYI,,WPG,W,0,2,2,0,0,0,0,0,0,,,,0,,21,20:13,0,0,14,6,70.0
242,2012-04-07,82,21-200,NYI,@,CBJ,L,0,0,0,-1,0,0,0,0,0,,,,8,0.0,21,20:12,0,0,8,8,50.0
243,2013-01-19,1,22-121,NYI,,NJD,L,0,0,0,-1,0,0,0,0,0,,,,1,0.0,24,25:31,0,1,12,9,57.1
244,2013-01-21,2,22-123,NYI,,TBL,W,0,2,2,0,0,0,0,0,0,,,,5,0.0,25,21:13,0,0,8,17,32.0
245,2013-01-24,3,22-126,NYI,@,TOR,W,0,2,2,0,0,0,0,0,0,,,,3,0.0,23,19:41,0,1,12,8,60.0
246,2013-01-25,4,22-127,NYI,@,BOS,L,0,0,0,0,0,0,0,0,0,,,,3,0.0,23,23:24,0,1,7,15,31.8
247,2013-01-27,5,22-129,NYI,@,WPG,L-OT,1,2,3,-1,0,1,0,0,0,,,,3,33.3,27,22:10,1,0,11,12,47.8
248,2013-01-29,6,22-131,NYI,@,PIT,W,1,0,1,-1,0,0,1,0,0,,,,1,100.0,22,18:23,0,0,4,10,28.6
249,2013-01-31,7,22-133,NYI,@,NJD,W,2,1,3,1,0,1,1,0,0,,,,8,25.0,21,20:20,0,0,13,8,61.9
250,2013-02-03,8,22-136,NYI,,NJD,L,0,0,0,0,0,0,0,0,0,,,,4,0.0,24,23:01,0,1,13,9,59.1
251,2013-02-05,9,22-138,NYI,,PIT,L,0,0,0,-1,0,0,0,0,0,,,,4,0.0,28,24:18,0,0,14,9,60.9
252,2013-02-07,10,22-140,NYI,@,NYR,L,1,0,1,0,0,1,0,0,0,,,,4,25.0,26,20:47,0,0,11,10,52.4
253,2013-02-09,11,22-142,NYI,,BUF,L,1,0,1,1,2,1,0,0,0,,,,5,20.0,24,22:48,0,2,14,9,60.9
254,2013-02-11,12,22-144,NYI,,CAR,L,1,1,2,-3,2,0,1,0,0,,,,4,25.0,22,23:35,0,1,11,13,45.8
255,2013-02-14,13,22-147,NYI,@,NYR,W,1,0,1,1,0,1,0,0,0,,,,6,16.7,25,23:45,1,1,15,12,55.6
256,2013-02-16,14,22-149,NYI,,NJD,W,3,1,4,1,0,1,2,0,1,,,,6,50.0,23,19:43,0,0,10,7,58.8
257,2013-02-18,15,22-151,NYI,,PHI,L,0,0,0,-3,4,0,0,0,0,,,,2,0.0,21,21:06,0,0,8,7,53.3
258,2013-02-19,16,22-152,NYI,@,OTT,L,0,0,0,-1,2,0,0,0,0,,,,3,0.0,19,22:28,1,0,9,10,47.4
259,2013-02-21,17,22-154,NYI,@,MTL,W,0,2,2,1,0,0,0,0,0,,,,5,0.0,27,23:20,0,2,9,16,36.0
260,2013-02-23,18,22-156,NYI,@,BUF,W,1,0,1,2,2,1,0,0,0,,,,5,20.0,19,17:29,1,0,9,8,52.9
261,2013-02-24,19,22-157,NYI,,CAR,L,1,1,2,0,0,1,0,0,0,,,,4,25.0,22,21:07,0,1,7,16,30.4
262,2013-02-26,20,22-159,NYI,,BOS,L,0,0,0,-3,0,0,0,0,0,,,,4,0.0,22,20:34,0,2,12,12,50.0
263,2013-02-28,21,22-161,NYI,,TOR,L-OT,0,0,0,-1,0,0,0,0,0,,,,2,0.0,24,20:30,1,0,10,9,52.6
264,2013-03-03,22,22-164,NYI,,OTT,W,0,0,0,1,0,0,0,0,0,,,,4,0.0,26,19:13,1,1,7,9,43.8
265,2013-03-05,23,22-166,NYI,,MTL,W,1,1,2,1,2,1,0,0,0,,,,5,20.0,23,19:59,0,0,8,12,40.0
266,2013-03-07,24,22-168,NYI,,NYR,L-OT,0,0,0,-1,0,0,0,0,0,,,,2,0.0,22,20:33,0,1,3,6,33.3
267,2013-03-09,25,22-170,NYI,,WSH,W,2,0,2,0,0,0,2,0,1,,,,6,33.3,20,19:25,0,0,10,9,52.6
268,2013-03-10,26,22-171,NYI,@,PIT,L,0,0,0,-1,0,0,0,0,0,,,,1,0.0,21,20:07,0,0,6,14,30.0
269,2013-03-14,27,22-175,NYI,@,TBL,W,1,0,1,1,0,0,1,0,1,,,,1,100.0,22,16:58,0,0,8,7,53.3
270,2013-03-16,28,22-177,NYI,@,FLA,W,0,1,1,0,0,0,0,0,0,,,,3,0.0,20,19:07,2,0,7,10,41.2
271,2013-03-19,29,22-180,NYI,,OTT,L,0,0,0,-1,0,0,0,0,0,,,,2,0.0,21,21:05,1,0,9,10,47.4
272,2013-03-21,30,22-182,NYI,,MTL,L,1,0,1,0,0,1,0,0,0,,,,5,20.0,22,17:37,1,0,12,10,54.5
273,2013-03-22,31,22-183,NYI,,PIT,L,0,1,1,-2,0,0,0,0,0,,,,2,0.0,20,18:51,0,0,6,12,33.3
274,2013-03-24,32,22-185,NYI,,FLA,W,1,0,1,1,0,1,0,0,0,,,,3,33.3,18,17:44,2,0,6,11,35.3
275,2013-03-26,33,22-187,NYI,@,WSH,W,1,0,1,0,0,1,0,0,1,,,,1,100.0,19,19:21,1,0,6,6,50.0
276,2013-03-28,34,22-189,NYI,@,PHI,W,1,0,1,1,2,1,0,0,0,,,,3,33.3,24,22:29,2,0,8,14,36.4
277,2013-03-30,35,22-191,NYI,@,PIT,L,0,0,0,0,0,0,0,0,0,,,,2,0.0,23,22:38,3,0,7,17,29.2
278,2013-04-01,36,22-193,NYI,@,NJD,W,1,0,1,-1,0,0,1,0,0,,,,1,100.0,20,16:56,2,0,8,11,42.1
279,2013-04-02,37,22-194,NYI,,WPG,W,1,1,2,2,0,1,0,0,0,,,,2,50.0,22,18:29,4,1,11,6,64.7
280,2013-04-04,38,22-196,NYI,@,WSH,L-SO,0,0,0,-1,0,0,0,0,0,,,,1,0.0,21,21:34,1,1,6,9,40.0
281,2013-04-06,39,22-198,NYI,,TBL,W,0,1,1,2,0,0,0,0,0,,,,2,0.0,20,18:08,0,0,8,5,61.5
282,2013-04-09,40,22-201,NYI,,PHI,W,1,1,2,1,0,1,0,0,0,,,,5,20.0,21,20:46,0,0,7,3,70.0
283,2013-04-11,41,22-203,NYI,@,BOS,W,0,0,0,0,0,0,0,0,0,,,,2,0.0,18,21:14,1,0,8,5,61.5
284,2013-04-13,42,22-205,NYI,,NYR,L-OT,0,0,0,0,2,0,0,0,0,,,,4,0.0,19,20:02,0,0,8,3,72.7
285,2013-04-16,43,22-208,NYI,,FLA,W,0,0,0,1,0,0,0,0,0,,,,4,0.0,23,22:04,2,0,13,8,61.9
286,2013-04-18,44,22-210,NYI,@,TOR,W,2,1,3,3,0,2,0,0,1,,,,4,50.0,23,19:33,1,2,14,12,53.8
287,2013-04-20,45,22-212,NYI,@,WPG,W,0,0,0,-2,0,0,0,0,0,,,,6,0.0,25,23:20,1,0,16,6,72.7
288,2013-04-23,46,22-215,NYI,@,CAR,L-SO,1,0,1,1,0,1,0,0,0,,,,4,25.0,25,21:49,0,1,15,9,62.5
289,2013-04-25,47,22-217,NYI,@,PHI,L,1,0,1,1,0,1,0,0,0,,,,3,33.3,18,19:14,2,1,11,11,50.0
290,2013-04-26,48,22-218,NYI,@,BUF,L-SO,0,0,0,-1,0,0,0,0,0,,,,2,0.0,25,23:42,1,1,12,10,54.5
291,2013-10-04,1,23-014,NYI,@,NJD,W,0,0,0,-1,0,0,0,0,0,,,,4,0.0,22,22:26,0,0,10,10,50.0
292,2013-10-05,2,23-015,NYI,,CBJ,L-SO,0,2,2,1,0,0,0,0,0,,,,4,0.0,23,20:48,0,1,7,9,43.8
293,2013-10-08,3,23-018,NYI,,PHX,W,2,0,2,1,2,1,1,0,1,,,,5,40.0,20,18:57,1,0,3,6,33.3
294,2013-10-11,4,23-021,NYI,@,CHI,L,0,1,1,1,0,0,0,0,0,,,,4,0.0,22,21:06,0,0,7,18,28.0
295,2013-10-12,5,23-022,NYI,@,NSH,L,1,0,1,1,0,1,0,0,0,,,,1,100.0,19,20:35,0,0,5,10,33.3
296,2013-10-15,6,23-025,NYI,,BUF,L-SO,0,1,1,-2,2,0,0,0,0,,,,4,0.0,22,20:28,0,0,11,7,61.1
297,2013-10-17,7,23-027,NYI,,EDM,W,1,1,2,0,0,1,0,0,1,,,,2,50.0,23,17:59,0,0,5,11,31.3
298,2013-10-19,8,23-029,NYI,,CAR,L,0,1,1,0,2,0,0,0,0,,,,2,0.0,20,23:34,0,0,14,14,50.0
299,2013-10-22,9,23-032,NYI,,VAN,L-OT,0,1,1,-2,0,0,0,0,0,,,,4,0.0,25,21:40,2,0,11,7,61.1
300,2013-10-25,10,23-035,NYI,@,PIT,W,0,1,1,-1,0,0,0,0,0,,,,1,0.0,19,19:01,0,0,10,13,43.5
301,2013-10-26,11,23-036,NYI,,PHI,L,0,1,1,0,0,0,0,0,0,,,,1,0.0,22,18:16,0,1,9,11,45.0
302,2013-10-29,12,23-039,NYI,,NYR,L,0,0,0,0,12,0,0,0,0,,,,3,0.0,23,20:42,1,0,8,13,38.1
303,2013-11-01,13,23-042,NYI,@,OTT,W,1,0,1,0,2,1,0,0,0,,,,5,20.0,25,23:16,0,0,15,15,50.0
304,2013-11-02,14,23-043,NYI,,BOS,W,1,0,1,3,4,1,0,0,0,,,,5,20.0,24,19:08,0,0,7,9,43.8
305,2013-11-05,15,23-046,NYI,@,WSH,L,1,1,2,0,0,1,0,0,0,,,,4,25.0,23,23:01,0,0,12,10,54.5
306,2013-11-07,16,23-048,NYI,@,CAR,L,0,0,0,0,0,0,0,0,0,,,,1,0.0,22,22:40,0,0,4,6,40.0
307,2013-11-09,17,23-050,NYI,@,CBJ,L,0,1,1,-1,0,0,0,0,0,,,,3,0.0,22,21:13,0,0,7,14,33.3
308,2013-11-10,18,23-051,NYI,@,MTL,L,0,2,2,0,0,0,0,0,0,,,,3,0.0,22,19:05,2,0,9,13,40.9
309,2013-11-12,19,23-053,NYI,,NSH,W,1,1,2,1,0,0,1,0,0,,,,3,33.3,17,17:29,0,1,4,9,30.8
310,2013-11-14,20,23-055,NYI,,LAK,L,0,1,1,0,0,0,0,0,0,,,,0,,23,22:46,0,0,4,9,30.8
311,2013-11-16,21,23-057,NYI,,DET,W,1,1,2,-1,0,1,0,0,0,,,,1,100.0,25,23:09,0,0,11,12,47.8
312,2013-11-19,22,23-060,NYI,@,TOR,L,0,0,0,-2,0,0,0,0,0,,,,2,0.0,21,18:04,0,0,12,16,42.9
313,2013-11-22,23,23-063,NYI,@,PIT,L,0,1,1,1,0,0,0,0,0,,,,2,0.0,22,20:58,0,0,12,9,57.1
314,2013-11-23,24,23-064,NYI,@,PHI,L,1,0,1,-1,0,1,0,0,0,,,,7,14.3,26,21:59,3,1,10,10,50.0
315,2013-11-27,25,23-068,NYI,,WPG,L,1,1,2,0,0,1,0,0,0,,,,2,50.0,22,20:51,0,0,10,9,52.6
316,2013-11-29,26,23-070,NYI,,DET,L,0,0,0,-2,0,0,0,0,0,,,,4,0.0,17,15:46,0,1,7,8,46.7
317,2013-11-30,27,23-071,NYI,,WSH,L-OT,0,1,1,0,0,0,0,0,0,,,,4,0.0,22,22:07,0,0,12,4,75.0
318,2013-12-03,28,23-074,NYI,,PIT,L-OT,0,2,2,1,2,0,0,0,0,,,,0,,21,21:42,1,0,6,7,46.2
319,2013-12-05,29,23-076,NYI,@,STL,L,0,0,0,-2,0,0,0,0,0,,,,4,0.0,20,18:18,1,1,11,5,68.8
320,2013-12-07,30,23-078,NYI,@,LAK,L,0,0,0,-2,2,0,0,0,0,,,,1,0.0,20,19:49,0,1,5,6,45.5
321,2013-12-09,31,23-080,NYI,@,ANA,L,1,1,2,-1,0,0,1,0,0,,,,6,16.7,21,19:14,1,0,16,6,72.7
322,2013-12-10,32,23-081,NYI,@,SJS,W,0,2,2,2,0,0,0,0,0,,,,2,0.0,26,23:07,3,1,9,11,45.0
323,2013-12-12,33,23-083,NYI,@,PHX,L,1,0,1,1,0,1,0,0,0,,,,3,33.3,22,21:45,0,0,13,6,68.4
324,2013-12-14,34,23-085,NYI,,MTL,L-OT,0,0,0,-1,2,0,0,0,0,,,,2,0.0,25,22:26,0,1,9,6,60.0
325,2013-12-17,35,23-088,NYI,,TBL,L-SO,0,1,1,-1,0,0,0,0,0,,,,6,0.0,26,22:08,1,1,11,9,55.0
326,2013-12-20,36,23-091,NYI,@,NYR,W,0,0,0,-1,0,0,0,0,0,,,,2,0.0,21,20:01,0,1,11,9,55.0
327,2013-12-21,37,23-092,NYI,,ANA,L,0,0,0,1,2,0,0,0,0,,,,4,0.0,24,20:28,0,1,10,12,45.5
328,2013-12-23,38,23-094,NYI,@,DET,W,0,1,1,1,0,0,0,0,0,,,,3,0.0,20,19:33,0,1,7,8,46.7
329,2013-12-29,39,23-100,NYI,@,MIN,W,1,0,1,2,0,1,0,0,0,,,,5,20.0,21,20:46,1,1,11,10,52.4
330,2013-12-31,40,23-102,NYI,@,BOS,W,2,2,4,0,0,1,1,0,1,,,,4,50.0,26,21:31,0,0,8,15,34.8
331,2014-01-02,41,23-104,NYI,,CHI,W,0,1,1,2,0,0,0,0,0,,,,5,0.0,20,20:49,0,0,8,9,47.1
332,2014-01-04,42,23-106,NYI,,CAR,L,1,0,1,-2,0,1,0,0,0,,,,3,33.3,20,22:35,0,1,9,15,37.5
333,2014-01-06,43,23-108,NYI,,DAL,W,3,2,5,3,0,1,2,0,0,,,,6,50.0,21,19:48,0,0,15,7,68.2
334,2014-01-07,44,23-109,NYI,@,TOR,W,0,3,3,3,2,0,0,0,0,,,,2,0.0,23,19:34,0,0,7,11,38.9
335,2014-01-10,45,23-112,NYI,@,COL,W,0,0,0,0,0,0,0,0,0,,,,1,0.0,23,19:58,1,1,6,6,50.0
336,2014-01-12,46,23-114,NYI,@,DAL,W,1,1,2,3,0,1,0,0,1,,,,3,33.3,22,24:11,0,0,11,8,57.9
337,2014-01-14,47,23-116,NYI,@,FLA,L,0,0,0,-3,0,0,0,0,0,,,,5,0.0,25,24:50,0,0,14,7,66.7
338,2014-01-16,48,23-118,NYI,@,TBL,W,0,1,1,0,0,0,0,0,0,,,,2,0.0,23,20:53,1,0,13,7,65.0
339,2014-01-18,49,23-120,NYI,@,PHI,L,1,0,1,-3,0,1,0,0,0,,,,4,25.0,24,22:36,1,1,5,13,27.8
340,2014-01-20,50,23-122,NYI,,PHI,W,1,0,1,-1,2,0,1,0,0,,,,4,25.0,25,25:08,1,0,11,13,45.8
341,2014-01-21,51,23-123,NYI,@,NYR,W,0,3,3,1,2,0,0,0,0,,,,4,0.0,23,21:00,0,0,10,14,41.7
342,2014-01-23,52,23-125,NYI,,PIT,L,0,1,1,-1,0,0,0,0,0,,,,5,0.0,21,22:36,0,0,7,17,29.2
343,2014-01-25,53,23-127,NYI,,STL,L-SO,0,1,1,1,0,0,0,0,0,,,,3,0.0,25,22:39,1,0,10,9,52.6
344,2014-01-27,54,23-129,NYI,,BOS,L,0,0,0,-2,0,0,0,0,0,,,,2,0.0,26,23:03,0,0,12,11,52.2
345,2014-01-29,55,23-131,NYI,,NYR,L,0,0,0,-1,0,0,0,0,0,,,,4,0.0,21,22:29,0,0,13,7,65.0
346,2014-01-31,56,23-133,NYI,@,NYR,L,0,0,0,0,2,0,0,0,0,,,,2,0.0,22,22:53,1,0,8,11,42.1
347,2014-02-04,57,23-137,NYI,@,WSH,W,0,0,0,0,0,0,0,0,0,,,,3,0.0,21,22:24,0,1,5,7,41.7
348,2014-02-06,58,23-139,NYI,,CGY,L,0,1,1,0,0,0,0,0,0,,,,2,0.0,24,25:13,0,1,12,6,66.7
349,2014-02-08,59,23-141,NYI,,COL,L,1,0,1,-2,0,0,1,0,0,,,,5,20.0,23,22:45,0,0,15,5,75.0
350,2014-10-10,1,24-020,NYI,@,CAR,W,0,3,3,0,2,0,0,0,0,1,2,0,3,0.0,22,17:55,1,0,2,5,28.6
351,2014-10-11,2,24-021,NYI,,CAR,W,1,1,2,0,2,0,1,0,0,1,0,0,3,33.3,20,17:47,0,0,5,3,62.5
352,2014-10-14,3,24-024,NYI,@,NYR,W,1,1,2,1,0,1,0,0,0,1,0,0,4,25.0,19,19:42,0,0,5,6,45.5
353,2014-10-16,4,24-026,NYI,,SJS,W,0,2,2,0,0,0,0,0,0,1,1,0,3,0.0,25,25:33,1,2,12,9,57.1
354,2014-10-18,5,24-028,NYI,@,PIT,L,0,0,0,-1,0,0,0,0,0,0,0,0,4,0.0,22,23:59,1,1,6,10,37.5
355,2014-10-21,6,24-031,NYI,,TOR,L,1,0,1,-2,0,0,1,0,0,0,0,0,3,33.3,21,19:58,1,0,6,9,40.0
356,2014-10-23,7,24-033,NYI,@,BOS,W,0,1,1,1,0,0,0,0,0,1,0,0,4,0.0,23,20:06,0,0,6,10,37.5
357,2014-10-25,8,24-035,NYI,,DAL,W,0,0,0,0,0,0,0,0,0,0,0,0,1,0.0,18,17:01,0,1,5,4,55.6
358,2014-10-28,9,24-038,NYI,,WPG,L,1,0,1,-1,2,0,1,0,0,0,0,0,2,50.0,22,24:25,1,0,10,12,45.5
359,2014-10-30,10,24-040,NYI,@,COL,L,0,0,0,-2,0,0,0,0,0,0,0,0,5,0.0,22,20:10,1,0,10,12,45.5
360,2014-11-01,11,24-042,NYI,@,SJS,L,0,0,0,0,0,0,0,0,0,0,0,0,2,0.0,25,23:51,0,0,9,6,60.0
361,2014-11-05,12,24-046,NYI,@,ANA,W,2,0,2,1,0,1,1,0,1,0,0,0,4,50.0,25,20:35,1,0,5,13,27.8
362,2014-11-06,13,24-047,NYI,@,LAK,W,0,1,1,-1,0,0,0,0,0,0,1,0,0,,28,22:57,1,0,5,6,45.5
363,2014-11-08,14,24-049,NYI,@,ARI,W,0,0,0,0,0,0,0,0,0,0,0,0,7,0.0,20,19:52,1,0,7,4,63.6
364,2014-11-11,15,24-052,NYI,,COL,W,0,1,1,1,2,0,0,0,0,1,0,0,3,0.0,23,20:35,2,0,9,7,56.3
365,2014-11-14,16,24-055,NYI,@,FLA,W,1,0,1,0,4,1,0,0,0,0,0,0,2,50.0,24,20:58,0,0,8,11,42.1
366,2014-11-15,17,24-056,NYI,@,TBL,L,0,1,1,1,0,0,0,0,0,1,0,0,3,0.0,23,19:26,1,0,5,9,35.7
367,2014-11-18,18,24-059,NYI,,TBL,W,0,0,0,0,0,0,0,0,0,0,0,0,2,0.0,22,18:59,0,2,10,3,76.9
368,2014-11-21,19,24-062,NYI,@,PIT,W,0,0,0,-2,0,0,0,0,0,0,0,0,2,0.0,24,21:13,0,0,8,5,61.5
369,2014-11-22,20,24-063,NYI,,PIT,W,1,1,2,0,0,1,0,0,0,0,1,0,2,50.0,21,19:03,1,0,8,6,57.1
370,2014-11-24,21,24-065,NYI,,PHI,W,0,0,0,0,0,0,0,0,0,0,0,0,3,0.0,26,22:25,1,0,15,10,60.0
371,2014-11-26,22,24-067,NYI,,WSH,W,1,0,1,0,0,0,1,0,1,0,0,0,4,25.0,25,21:38,1,0,9,10,47.4
372,2014-11-28,23,24-069,NYI,@,WSH,L,1,0,1,-1,0,1,0,0,0,0,0,0,4,25.0,19,19:28,0,1,4,9,30.8
373,2014-11-29,24,24-070,NYI,,NJD,W,0,1,1,1,0,0,0,0,0,1,0,0,3,0.0,20,18:57,1,0,10,6,62.5
374,2014-12-02,25,24-073,NYI,,OTT,W,0,0,0,0,0,0,0,0,0,0,0,0,2,0.0,25,21:44,0,0,9,9,50.0
375,2014-12-04,26,24-075,NYI,@,OTT,W,0,0,0,0,0,0,0,0,0,0,0,0,5,0.0,20,18:55,0,1,11,7,61.1
376,2014-12-06,27,24-077,NYI,,STL,L,1,0,1,-1,0,0,1,0,0,0,0,0,2,50.0,25,22:05,1,0,15,11,57.7
377,2014-12-09,28,24-080,NYI,@,MIN,L,0,1,1,0,0,0,0,0,0,0,1,0,1,0.0,24,18:55,0,1,5,9,35.7
378,2014-12-11,29,24-082,NYI,@,STL,L,1,0,1,1,0,1,0,0,0,0,0,0,3,33.3,23,21:52,1,0,12,10,54.5
379,2014-12-13,30,24-084,NYI,,CHI,W,0,1,1,-1,0,0,0,0,0,0,1,0,2,0.0,20,19:34,0,0,4,7,36.4
380,2014-12-15,31,24-086,NYI,,NJD,W,0,0,0,0,4,0,0,0,0,0,0,0,0,,24,18:45,0,0,14,6,70.0
381,2014-12-19,32,24-090,NYI,@,DET,W,0,0,0,-1,0,0,0,0,0,0,0,0,3,0.0,21,19:42,0,1,6,6,50.0
382,2014-12-20,33,24-091,NYI,,TBL,W,1,0,1,1,0,1,0,0,0,0,0,0,4,25.0,20,19:03,0,1,12,4,75.0
383,2014-12-23,34,24-094,NYI,,MTL,L,0,1,1,0,0,0,0,0,0,1,0,0,3,0.0,21,20:03,1,2,6,7,46.2
384,2014-12-27,35,24-098,NYI,@,BUF,L-SO,2,0,2,1,0,2,0,0,0,0,0,0,6,33.3,24,21:15,0,1,9,15,37.5
385,2014-12-29,36,24-100,NYI,,WSH,W,0,1,1,0,2,0,0,0,0,0,0,1,2,0.0,28,21:46,0,0,14,10,58.3
386,2014-12-31,37,24-102,NYI,@,WPG,W,0,0,0,0,0,0,0,0,0,0,0,0,1,0.0,23,19:52,0,0,10,12,45.5
387,2015-01-02,38,24-104,NYI,@,CGY,W,2,0,2,1,2,1,1,0,1,0,0,0,4,50.0,22,17:39,0,0,12,7,63.2
388,2015-01-04,39,24-106,NYI,@,EDM,L,0,2,2,-3,0,0,0,0,0,0,2,0,5,0.0,22,19:46,0,0,8,10,44.4
389,2015-01-06,40,24-108,NYI,@,VAN,L,0,0,0,1,0,0,0,0,0,0,0,0,0,,25,21:36,1,0,10,4,71.4
390,2015-01-09,41,24-111,NYI,@,NJD,W,2,1,3,2,2,2,0,0,1,1,0,0,5,40.0,25,21:36,1,0,11,6,64.7
391,2015-01-10,42,24-112,NYI,@,CBJ,W,0,0,0,0,2,0,0,0,0,0,0,0,2,0.0,20,18:06,0,0,10,5,66.7
392,2015-01-13,43,24-115,NYI,@,NYR,W,0,0,0,0,0,0,0,0,0,0,0,0,5,0.0,19,18:23,0,0,10,6,62.5
393,2015-01-16,44,24-118,NYI,,PIT,W,0,2,2,3,0,0,0,0,0,1,1,0,4,0.0,24,19:22,1,1,6,7,46.2
394,2015-01-17,45,24-119,NYI,@,MTL,L,1,1,2,-1,0,0,1,0,0,1,0,0,8,12.5,23,22:53,0,0,10,10,50.0
395,2015-01-19,46,24-121,NYI,,PHI,W,1,1,2,-1,0,0,1,0,1,1,0,0,6,16.7,21,17:50,1,2,6,10,37.5
396,2015-01-27,47,24-129,NYI,,NYR,W,1,0,1,1,0,0,1,0,0,0,0,0,2,50.0,20,17:48,1,0,12,3,80.0
397,2015-01-29,48,24-131,NYI,,BOS,L,1,1,2,0,0,1,0,0,0,1,0,0,9,11.1,24,20:33,2,1,7,10,41.2
398,2015-01-31,49,24-133,NYI,@,DET,L,0,0,0,0,0,0,0,0,0,0,0,0,3,0.0,22,19:56,1,0,13,5,72.2
399,2015-02-03,50,24-136,NYI,,FLA,L,0,1,1,0,2,0,0,0,0,1,0,0,2,0.0,26,23:53,0,1,13,6,68.4
400,2015-02-05,51,24-138,NYI,@,PHI,W,0,0,0,-1,2,0,0,0,0,0,0,0,2,0.0,25,22:32,0,1,9,7,56.3
401,2015-02-07,52,24-140,NYI,@,BOS,L,1,0,1,0,0,0,1,0,0,0,0,0,1,100.0,25,20:34,1,0,5,12,29.4
402,2015-02-08,53,24-141,NYI,@,BUF,W,0,1,1,-1,0,0,0,0,0,0,1,0,3,0.0,19,19:30,1,0,5,8,38.5
403,2015-02-10,54,24-143,NYI,,EDM,W,0,0,0,1,0,0,0,0,0,0,0,0,2,0.0,21,19:27,3,0,15,10,60.0
404,2015-02-12,55,24-145,NYI,,TOR,W,0,0,0,2,4,0,0,0,0,0,0,0,6,0.0,20,18:18,3,0,11,7,61.1
405,2015-02-14,56,24-147,NYI,,CBJ,W,2,2,4,4,2,2,0,0,0,2,0,0,9,22.2,21,17:40,1,0,8,7,53.3
406,2015-02-16,57,24-149,NYI,,NYR,L,1,0,1,-2,0,1,0,0,0,0,0,0,5,20.0,21,21:53,1,2,12,11,52.2
407,2015-02-17,58,24-150,NYI,@,CAR,W,1,1,2,1,0,1,0,0,0,0,1,0,3,33.3,21,18:40,0,0,7,14,33.3
408,2015-02-19,59,24-152,NYI,,NSH,W,1,1,2,0,0,0,1,0,1,1,0,0,5,20.0,22,20:27,0,2,10,9,52.6
409,2015-02-21,60,24-154,NYI,@,WSH,L-SO,0,2,2,2,0,0,0,0,0,2,0,0,1,0.0,25,21:12,0,0,10,15,40.0
410,2015-02-22,61,24-155,NYI,,VAN,L,0,0,0,-1,0,0,0,0,0,0,0,0,6,0.0,21,25:47,0,0,14,10,58.3
411,2015-02-24,62,24-157,NYI,,ARI,W,0,1,1,0,2,0,0,0,0,1,0,0,2,0.0,23,19:10,0,1,11,7,61.1
412,2015-02-27,63,24-160,NYI,,CGY,W,0,1,1,0,2,0,0,0,0,0,1,0,3,0.0,19,18:58,0,1,12,8,60.0
413,2015-02-28,64,24-161,NYI,,CAR,L,1,0,1,0,0,1,0,0,0,0,0,0,2,50.0,22,22:32,0,1,13,2,86.7
414,2015-03-03,65,24-164,NYI,@,DAL,L-OT,0,0,0,0,0,0,0,0,0,0,0,0,5,0.0,24,21:37,1,1,12,19,38.7
415,2015-03-05,66,24-166,NYI,@,NSH,W,1,1,2,1,2,1,0,0,0,0,1,0,3,33.3,24,20:32,0,0,9,6,60.0
416,2015-03-07,67,24-168,NYI,@,FLA,L-SO,1,2,3,2,0,1,0,0,0,1,1,0,4,25.0,24,24:14,1,1,15,15,50.0
417,2015-03-09,68,24-170,NYI,@,TOR,W,1,1,2,0,2,1,0,0,1,1,0,0,4,25.0,27,22:12,1,0,9,10,47.4
418,2015-03-10,69,24-171,NYI,,NYR,L,0,0,0,0,2,0,0,0,0,0,0,0,1,0.0,25,21:05,0,1,8,9,47.1
419,2015-03-13,70,24-174,NYI,,OTT,L,0,0,0,-2,0,0,0,0,0,0,0,0,4,0.0,19,21:49,0,1,15,10,60.0
420,2015-03-14,71,24-175,NYI,,MTL,L,0,0,0,-1,0,0,0,0,0,0,0,0,6,0.0,22,23:55,0,0,11,11,50.0
421,2015-03-17,72,24-178,NYI,@,CHI,L,0,0,0,-4,2,0,0,0,0,0,0,0,4,0.0,22,22:48,0,0,7,11,38.9
422,2015-03-21,73,24-182,NYI,@,NJD,W,0,1,1,1,0,0,0,0,0,1,0,0,2,0.0,20,19:48,2,0,9,7,56.3
423,2015-03-24,74,24-185,NYI,,MIN,L-SO,1,0,1,1,0,1,0,0,0,0,0,0,8,12.5,25,23:24,0,0,11,4,73.3
424,2015-03-26,75,24-187,NYI,,LAK,L,0,0,0,-3,0,0,0,0,0,0,0,0,3,0.0,21,20:48,0,2,8,10,44.4
425,2015-03-28,76,24-189,NYI,,ANA,L,0,0,0,-2,0,0,0,0,0,0,0,0,4,0.0,19,21:26,2,0,7,14,33.3
426,2015-03-29,77,24-190,NYI,,DET,W,0,3,3,1,0,0,0,0,0,1,2,0,1,0.0,25,19:29,0,1,9,7,56.3
427,2015-04-02,78,24-194,NYI,@,CBJ,L-SO,1,1,2,1,0,1,0,0,0,1,0,0,1,100.0,24,21:49,0,1,7,10,41.2
428,2015-04-04,79,24-196,NYI,,BUF,W,0,1,1,1,0,0,0,0,0,0,1,0,2,0.0,22,21:05,0,0,7,7,50.0
429,2015-04-07,80,24-199,NYI,@,PHI,L,1,2,3,2,0,0,1,0,0,2,0,0,5,20.0,23,23:10,4,2,15,11,57.7
430,2015-04-10,81,24-202,NYI,@,PIT,W,1,0,1,1,0,1,0,0,1,0,0,0,4,25.0,24,18:46,0,0,4,8,33.3
431,2015-04-11,82,24-203,NYI,,CBJ,L-SO,1,1,2,2,0,1,0,0,0,1,0,0,5,20.0,26,21:10,0,0,14,6,70.0
432,2015-10-09,1,25-019,NYI,,CHI,L-OT,1,0,1,0,0,1,0,0,0,0,0,0,3,33.3,27,18:41,0,0,15,10,60.0
433,2015-10-10,2,25-020,NYI,@,CHI,L,0,0,0,0,14,0,0,0,0,0,0,0,1,0.0,17,13:41,1,0,8,8,50.0
434,2015-10-12,3,25-022,NYI,,WPG,W,1,2,3,1,0,0,1,0,1,1,1,0,5,20.0,21,21:40,2,1,15,10,60.0
435,2015-10-15,4,25-025,NYI,,NSH,W,1,1,2,0,2,1,0,0,1,1,0,0,2,50.0,22,15:48,2,0,7,5,58.3
436,2015-10-17,5,25-027,NYI,,SJS,W,0,2,2,1,0,0,0,0,0,1,1,0,5,0.0,20,18:12,1,1,8,7,53.3
437,2015-10-20,6,25-030,NYI,@,CBJ,W,1,0,1,2,0,1,0,0,0,0,0,0,3,33.3,19,15:08,1,1,5,6,45.5
438,2015-10-23,7,25-033,NYI,,BOS,L,0,1,1,-2,0,0,0,0,0,0,1,0,1,0.0,20,19:39,1,0,9,5,64.3
439,2015-10-24,8,25-034,NYI,@,STL,W,1,0,1,1,0,1,0,0,0,0,0,0,3,33.3,21,19:19,0,0,8,6,57.1
440,2015-10-26,9,25-036,NYI,,CGY,W,0,0,0,0,0,0,0,0,0,0,0,0,5,0.0,23,20:33,1,1,14,9,60.9
441,2015-10-29,10,25-039,NYI,,CAR,L-OT,0,0,0,-1,2,0,0,0,0,0,0,0,2,0.0,24,19:54,1,0,7,10,41.2
442,2015-11-05,11,25-046,NYI,@,MTL,L,0,0,0,0,0,0,0,0,0,0,0,0,5,0.0,24,19:46,1,0,8,5,61.5
443,2015-11-08,12,25-049,NYI,,BOS,L,0,0,0,-1,0,0,0,0,0,0,0,0,5,0.0,25,21:33,1,0,14,11,56.0
444,2015-11-10,13,25-051,NYI,@,SJS,W,2,0,2,1,0,2,0,0,0,0,0,0,2,100.0,22,18:56,1,2,9,10,47.4
445,2015-11-12,14,25-053,NYI,@,LAK,L,0,1,1,0,0,0,0,0,0,1,0,0,3,0.0,26,22:59,0,0,11,12,47.8
446,2015-11-13,15,25-054,NYI,@,ANA,W,0,0,0,0,0,0,0,0,0,0,0,0,4,0.0,20,20:11,0,0,12,9,57.1
447,2015-11-16,16,25-057,NYI,,ARI,W,2,1,3,1,0,2,0,0,1,0,1,0,4,50.0,24,21:29,0,0,5,12,29.4
448,2015-11-20,17,25-061,NYI,,MTL,L,0,1,1,0,0,0,0,0,0,1,0,0,3,0.0,23,23:33,2,1,18,7,72.0
449,2015-11-22,18,25-063,NYI,@,MTL,L,1,0,1,0,0,1,0,0,0,0,0,0,5,20.0,24,23:07,2,2,11,10,52.4
450,2015-11-25,19,25-066,NYI,,PHI,W,0,1,1,1,0,0,0,0,0,1,0,0,1,0.0,20,20:05,2,0,8,6,57.1
451,2015-11-27,20,25-068,NYI,@,FLA,L-SO,0,0,0,0,0,0,0,0,0,0,0,0,2,0.0,27,22:26,1,1,7,7,50.0
452,2015-11-28,21,25-069,NYI,@,TBL,W,1,0,1,-2,0,0,1,0,1,0,0,0,3,33.3,19,18:46,0,0,7,11,38.9
453,2015-11-30,22,25-071,NYI,,COL,W,0,0,0,-2,0,0,0,0,0,0,0,0,0,,21,20:15,3,0,12,7,63.2
454,2015-12-02,23,25-073,NYI,,NYR,W,1,0,1,-1,0,0,1,0,0,0,0,0,4,25.0,22,21:41,3,2,11,9,55.0
455,2015-12-04,24,25-075,NYI,,STL,W,0,0,0,0,0,0,0,0,0,0,0,0,2,0.0,22,20:07,2,0,8,3,72.7
456,2015-12-05,25,25-076,NYI,@,OTT,L-OT,0,0,0,-1,0,0,0,0,0,0,0,0,3,0.0,22,18:36,0,1,6,10,37.5
457,2015-12-08,26,25-079,NYI,@,PHI,W,0,0,0,0,2,0,0,0,0,0,0,0,0,,24,20:48,1,0,7,10,41.2
458,2015-12-12,27,25-083,NYI,@,CBJ,W,0,0,0,1,0,0,0,0,0,0,0,0,1,0.0,25,25:27,0,1,10,12,45.5
459,2015-12-13,28,25-084,NYI,,NJD,W,1,0,1,1,0,1,0,0,0,0,0,0,6,16.7,21,19:52,0,0,11,5,68.8
460,2015-12-15,29,25-086,NYI,,FLA,L,0,0,0,-1,0,0,0,0,0,0,0,0,0,,23,23:07,0,0,12,15,44.4
461,2015-12-17,30,25-088,NYI,@,COL,L,0,0,0,-1,0,0,0,0,0,0,0,0,6,0.0,22,22:21,1,1,8,12,40.0
462,2015-12-19,31,25-090,NYI,@,ARI,L,0,0,0,-1,0,0,0,0,0,0,0,0,2,0.0,21,19:57,1,1,9,10,47.4
463,2015-12-21,32,25-092,NYI,,ANA,W,0,2,2,1,2,0,0,0,0,2,0,0,4,0.0,23,18:20,0,0,7,8,46.7
464,2015-12-27,33,25-098,NYI,,TOR,L,0,0,0,-2,0,0,0,0,0,0,0,0,1,0.0,23,21:15,0,0,13,5,72.2
465,2015-12-29,34,25-100,NYI,@,TOR,W,1,1,2,2,2,1,0,0,0,1,0,0,2,50.0,22,20:02,0,0,12,6,66.7
466,2015-12-31,35,25-102,NYI,@,BUF,W,0,1,1,0,0,0,0,0,0,0,1,0,5,0.0,21,18:19,0,0,10,6,62.5
467,2016-01-02,36,25-104,NYI,@,PIT,L,1,0,1,0,0,1,0,0,0,0,0,0,6,16.7,23,18:57,0,0,13,10,56.5
468,2016-01-03,37,25-105,NYI,,DAL,W,0,0,0,-1,0,0,0,0,0,0,0,0,4,0.0,20,21:39,0,1,9,13,40.9
469,2016-01-07,38,25-109,NYI,,WSH,L,0,0,0,-1,0,0,0,0,0,0,0,0,5,0.0,23,19:30,0,0,9,7,56.3
470,2016-01-09,39,25-111,NYI,@,PHI,L,0,0,0,-2,0,0,0,0,0,0,0,0,1,0.0,19,15:54,1,0,4,10,28.6
471,2016-01-12,40,25-114,NYI,,CBJ,W,0,1,1,-1,0,0,0,0,0,1,0,0,3,0.0,19,16:26,0,0,6,5,54.5
472,2016-01-14,41,25-116,NYI,,NYR,W,0,1,1,0,0,0,0,0,0,0,1,0,4,0.0,22,18:37,1,0,4,6,40.0
473,2016-01-17,42,25-119,NYI,,VAN,L-SO,0,0,0,1,0,0,0,0,0,0,0,0,5,0.0,25,25:19,0,0,15,10,60.0
474,2016-01-22,43,25-124,NYI,@,OTT,W,1,1,2,2,0,1,0,0,0,1,0,0,5,20.0,23,16:57,0,1,7,5,58.3
475,2016-01-25,44,25-127,NYI,,DET,L,0,1,1,-1,0,0,0,0,0,1,0,0,3,0.0,23,20:54,0,0,10,3,76.9
476,2016-02-02,45,25-135,NYI,,MIN,W,1,1,2,2,0,1,0,0,0,1,0,0,6,16.7,25,19:20,0,0,14,12,53.8
477,2016-02-04,46,25-137,NYI,@,WSH,L,0,0,0,-1,0,0,0,0,0,0,0,0,6,0.0,20,20:36,0,1,11,5,68.8
478,2016-02-06,47,25-139,NYI,@,DET,L,1,0,1,-2,0,0,1,0,0,0,0,0,4,25.0,22,18:37,0,1,10,8,55.6
479,2016-02-07,48,25-140,NYI,,EDM,W,1,2,3,2,2,1,0,0,1,0,2,0,2,50.0,21,19:04,0,1,10,8,55.6
480,2016-02-09,49,25-142,NYI,@,CBJ,W,0,1,1,1,0,0,0,0,0,1,0,0,3,0.0,24,21:47,0,0,19,7,73.1
481,2016-02-11,50,25-144,NYI,,LAK,W,1,1,2,1,0,1,0,0,0,1,0,0,2,50.0,19,17:21,1,1,9,4,69.2
482,2016-02-13,51,25-146,NYI,@,CAR,L,1,1,2,-1,2,1,0,0,0,0,1,0,3,33.3,22,21:01,0,0,11,6,64.7
483,2016-02-15,52,25-148,NYI,,DET,W,0,1,1,1,2,0,0,0,0,1,0,0,5,0.0,22,18:42,0,1,11,3,78.6
484,2016-02-18,53,25-151,NYI,,WSH,L-OT,1,0,1,0,0,1,0,0,0,0,0,0,2,50.0,22,21:33,1,0,11,7,61.1
485,2016-02-19,54,25-152,NYI,@,NJD,W,0,0,0,0,0,0,0,0,0,0,0,0,5,0.0,22,20:03,2,0,6,5,54.5
486,2016-02-23,55,25-156,NYI,@,MIN,W,1,1,2,-1,2,0,1,0,0,0,1,0,4,25.0,20,17:24,0,1,9,8,52.9
487,2016-02-25,56,25-158,NYI,@,CGY,W,0,1,1,1,0,0,0,0,0,1,0,0,2,0.0,27,23:08,0,0,9,9,50.0
488,2016-02-28,57,25-161,NYI,@,EDM,L,0,0,0,-1,0,0,0,0,0,0,0,0,7,0.0,22,24:09,1,0,10,11,47.6
489,2016-03-01,58,25-163,NYI,@,VAN,W,0,0,0,1,0,0,0,0,0,0,0,0,1,0.0,25,17:56,0,1,13,6,68.4
490,2016-03-03,59,25-165,NYI,@,WPG,W,0,0,0,1,0,0,0,0,0,0,0,0,4,0.0,25,21:44,0,0,10,10,50.0
491,2016-03-06,60,25-168,NYI,@,NYR,W,0,1,1,2,2,0,0,0,0,1,0,0,2,0.0,25,19:27,0,0,8,8,50.0
492,2016-03-08,61,25-170,NYI,,PIT,W,1,0,1,-1,0,0,1,0,0,0,0,0,2,50.0,25,19:33,0,0,12,7,63.2
493,2016-03-09,62,25-171,NYI,@,TOR,L-SO,1,0,1,1,2,1,0,0,0,0,0,0,6,16.7,24,21:42,0,0,13,11,54.2
494,2016-03-12,63,25-174,NYI,@,BOS,L,1,0,1,1,0,1,0,0,0,0,0,0,2,50.0,24,21:39,0,1,12,13,48.0
495,2016-03-14,64,25-176,NYI,,FLA,W,0,1,1,2,0,0,0,0,0,1,0,0,1,0.0,20,19:50,2,0,4,7,36.4
496,2016-03-15,65,25-177,NYI,@,PIT,L-SO,0,0,0,0,0,0,0,0,0,0,0,0,6,0.0,25,23:01,3,1,6,13,31.6
497,2016-03-17,66,25-179,NYI,@,NSH,L,0,1,1,0,0,0,0,0,0,1,0,0,0,,21,21:38,0,1,11,11,50.0
498,2016-03-19,67,25-181,NYI,@,DAL,L,0,0,0,-1,0,0,0,0,0,0,0,0,2,0.0,19,17:12,1,0,7,9,43.8
499,2016-03-21,68,25-183,NYI,,PHI,L,0,0,0,0,0,0,0,0,0,0,0,0,2,0.0,21,20:50,0,0,9,5,64.3
500,2016-03-23,69,25-185,NYI,,OTT,W,1,0,1,0,0,1,0,0,0,0,0,0,2,50.0,20,20:13,0,0,6,9,40.0
501,2016-03-25,70,25-187,NYI,@,TBL,L,0,1,1,-2,0,0,0,0,0,1,0,0,4,0.0,20,17:21,0,0,10,11,47.6
502,2016-03-26,71,25-188,NYI,@,CAR,W,0,0,0,-1,0,0,0,0,0,0,0,0,3,0.0,23,19:23,2,0,8,8,50.0
503,2016-03-29,72,25-191,NYI,,CAR,W,0,1,1,-1,0,0,0,0,0,0,1,0,4,0.0,27,21:48,1,0,7,10,41.2
504,2016-03-31,73,25-193,NYI,,CBJ,W,2,0,2,1,0,2,0,0,0,0,0,0,6,33.3,21,18:01,0,0,9,1,90.0
505,2016-04-02,74,25-195,NYI,,PIT,L,0,0,0,0,0,0,0,0,0,0,0,0,2,0.0,23,20:24,1,0,10,10,50.0
506,2016-04-04,75,25-197,NYI,,TBL,W,1,2,3,2,0,0,1,0,0,2,0,0,1,100.0,24,16:22,2,0,5,8,38.5
507,2016-04-05,76,25-198,NYI,@,WSH,W,1,2,3,3,0,1,0,0,0,2,0,0,4,25.0,26,22:21,0,0,8,7,53.3
508,2016-04-07,77,25-200,NYI,@,NYR,W,1,1,2,1,2,1,0,0,0,0,1,0,2,50.0,21,19:16,1,1,6,5,54.5
509,2016-04-09,78,25-202,NYI,,BUF,L-OT,1,0,1,0,0,1,0,0,0,0,0,0,4,25.0,20,17:22,0,0,8,4,66.7
510,2016-10-13,1,26-023,NYI,@,NYR,L,0,0,0,-2,4,0,0,0,0,0,0,0,4,0.0,26,18:20,1,1,11,8,57.9
511,2016-10-15,2,26-025,NYI,@,WSH,L,0,0,0,-1,0,0,0,0,0,0,0,0,2,0.0,24,18:38,0,0,4,12,25.0
512,2016-10-16,3,26-026,NYI,,ANA,W,1,0,1,1,2,1,0,0,0,0,0,0,3,33.3,24,20:53,0,0,8,12,40.0
513,2016-10-18,4,26-028,NYI,,SJS,L,0,1,1,1,0,0,0,0,0,1,0,0,3,0.0,28,21:33,0,0,12,8,60.0
514,2016-10-21,5,26-031,NYI,,ARI,W,0,0,0,-2,0,0,0,0,0,0,0,0,5,0.0,24,20:20,0,0,10,17,37.0
515,2016-10-23,6,26-033,NYI,,MIN,W,2,1,3,2,0,2,0,0,0,1,0,0,3,66.7,21,17:25,0,3,9,6,60.0
516,2016-10-26,7,26-036,NYI,,MTL,L,1,0,1,0,0,0,1,0,0,0,0,0,3,33.3,21,19:56,0,1,8,10,44.4
517,2016-10-27,8,26-037,NYI,@,PIT,L,0,0,0,0,2,0,0,0,0,0,0,0,6,0.0,25,23:53,2,0,17,13,56.7
518,2016-10-30,9,26-040,NYI,,TOR,W,0,1,1,1,2,0,0,0,0,1,0,0,3,0.0,26,21:54,2,0,12,9,57.1
519,2016-11-01,10,26-042,NYI,,TBL,L,0,1,1,-1,0,0,0,0,0,1,0,0,6,0.0,21,19:07,1,0,11,5,68.8
520,2016-11-03,11,26-044,NYI,,PHI,L-SO,1,0,1,0,0,0,1,0,0,0,0,0,3,33.3,24,20:44,0,0,18,11,62.1
521,2016-11-05,12,26-046,NYI,,EDM,L-SO,0,1,1,1,2,0,0,0,0,1,0,0,4,0.0,24,23:42,2,0,9,8,52.9
522,2016-11-07,13,26-048,NYI,,VAN,W,0,1,1,2,2,0,0,0,0,1,0,0,0,,23,20:19,0,1,9,9,50.0
523,2016-11-10,14,26-051,NYI,@,TBL,L,0,0,0,-1,2,0,0,0,0,0,0,0,1,0.0,20,16:53,0,0,14,7,66.7
524,2016-11-12,15,26-053,NYI,@,FLA,L-OT,0,1,1,-1,2,0,0,0,0,0,1,0,2,0.0,24,21:21,0,0,9,13,40.9
525,2016-11-14,16,26-055,NYI,,TBL,L,0,0,0,-2,0,0,0,0,0,0,0,0,5,0.0,24,22:06,0,0,15,11,57.7
526,2016-11-18,17,26-059,NYI,,PIT,L-OT,0,1,1,0,0,0,0,0,0,0,1,0,1,0.0,25,19:54,0,0,7,10,41.2
527,2016-11-22,18,26-063,NYI,@,ANA,W,0,1,1,1,0,0,0,0,0,0,1,0,2,0.0,26,23:27,1,0,10,16,38.5
528,2016-11-23,19,26-064,NYI,@,LAK,L,0,0,0,-2,0,0,0,0,0,0,0,0,3,0.0,24,20:03,1,0,13,10,56.5
529,2016-11-25,20,26-066,NYI,@,SJS,L,0,1,1,1,0,0,0,0,0,1,0,0,3,0.0,22,17:27,0,0,3,7,30.0
530,2016-11-28,21,26-069,NYI,,CGY,W,1,1,2,2,0,1,0,0,0,1,0,0,2,50.0,24,19:25,0,0,15,9,62.5
531,2016-11-30,22,26-071,NYI,,PIT,W,0,0,0,0,0,0,0,0,0,0,0,0,3,0.0,25,21:36,0,0,13,11,54.2
532,2016-12-01,23,26-072,NYI,@,WSH,W,0,1,1,1,0,0,0,0,0,1,0,0,2,0.0,20,16:23,0,0,9,5,64.3
533,2016-12-04,24,26-075,NYI,,DET,L-OT,0,1,1,-1,0,0,0,0,0,1,0,0,4,0.0,26,19:04,0,0,5,11,31.3
534,2016-12-06,25,26-077,NYI,,NYR,W,1,0,1,0,0,0,1,0,0,0,0,0,4,25.0,23,18:45,0,0,11,7,61.1
535,2016-12-08,26,26-079,NYI,,STL,W,1,0,1,1,0,1,0,0,0,0,0,0,1,100.0,25,21:50,0,0,12,12,50.0
536,2016-12-10,27,26-081,NYI,@,CBJ,L,1,0,1,0,4,1,0,0,0,0,0,0,2,50.0,22,17:07,0,0,8,8,50.0
537,2016-12-13,28,26-084,NYI,,WSH,L,0,0,0,1,0,0,0,0,0,0,0,0,3,0.0,24,21:52,0,0,14,12,53.8
538,2016-12-15,29,26-086,NYI,,CHI,L,0,1,1,0,0,0,0,0,0,1,0,0,2,0.0,24,18:59,0,1,13,8,61.9
539,2016-12-16,30,26-087,NYI,@,BUF,L-OT,0,0,0,-2,0,0,0,0,0,0,0,0,5,0.0,26,21:03,0,0,15,13,53.6
540,2016-12-18,31,26-089,NYI,,OTT,L,0,0,0,-2,0,0,0,0,0,0,0,0,3,0.0,23,21:40,0,1,13,5,72.2
541,2016-12-20,32,26-091,NYI,@,BOS,W,0,0,0,1,0,0,0,0,0,0,0,0,2,0.0,28,20:11,3,0,10,15,40.0
542,2016-12-23,33,26-094,NYI,,BUF,W,1,0,1,1,0,0,1,0,0,0,0,0,3,33.3,22,20:05,2,0,16,5,76.2
543,2016-12-27,34,26-098,NYI,,WSH,W,0,0,0,0,0,0,0,0,0,0,0,0,2,0.0,26,22:06,0,0,13,10,56.5
544,2016-12-29,35,26-100,NYI,@,MIN,L,0,1,1,-3,0,0,0,0,0,0,1,0,2,0.0,27,18:59,0,0,15,12,55.6
545,2016-12-31,36,26-102,NYI,@,WPG,W,1,1,2,2,4,1,0,0,0,1,0,0,3,33.3,24,19:04,0,0,10,8,55.6
546,2017-01-06,37,26-108,NYI,@,COL,L-OT,0,0,0,0,0,0,0,0,0,0,0,0,5,0.0,29,23:51,0,0,4,17,19.0
547,2017-01-07,38,26-109,NYI,@,ARI,L-SO,0,0,0,0,0,0,0,0,0,0,0,0,4,0.0,26,22:39,3,0,12,8,60.0
548,2017-01-11,39,26-113,NYI,,FLA,L,0,0,0,-1,0,0,0,0,0,0,0,0,1,0.0,23,18:58,0,1,10,9,52.6
549,2017-01-13,40,26-115,NYI,@,FLA,W,3,0,3,3,0,3,0,0,0,0,0,0,6,50.0,24,21:40,0,1,21,7,75.0
550,2017-01-14,41,26-116,NYI,@,CAR,L,2,0,2,-1,0,2,0,0,0,0,0,0,2,100.0,20,15:49,0,0,5,12,29.4
551,2017-01-16,42,26-118,NYI,@,BOS,W,0,0,0,1,0,0,0,0,0,0,0,0,2,0.0,24,20:38,1,0,11,12,47.8
552,2017-01-19,43,26-121,NYI,,DAL,W,2,0,2,3,0,1,0,1,1,0,0,0,6,33.3,27,23:45,1,0,14,7,66.7
553,2017-01-21,44,26-123,NYI,,LAK,W,1,1,2,-1,2,0,1,0,0,0,1,0,4,25.0,24,19:16,0,1,15,16,48.4
554,2017-01-22,45,26-124,NYI,,PHI,L-OT,0,0,0,-1,0,0,0,0,0,0,0,0,10,0.0,25,20:39,0,0,12,10,54.5
555,2017-01-24,46,26-126,NYI,,CBJ,W,0,2,2,2,0,0,0,0,0,2,0,0,2,0.0,26,16:48,0,0,14,11,56.0
556,2017-01-26,47,26-128,NYI,,MTL,W,0,2,2,1,0,0,0,0,0,1,1,0,5,0.0,26,20:49,1,0,10,8,55.6
557,2017-01-31,48,26-133,NYI,,WSH,W,0,1,1,1,0,0,0,0,0,1,0,0,2,0.0,22,19:50,0,0,10,9,52.6
558,2017-02-03,49,26-136,NYI,@,DET,L,1,1,2,0,0,0,1,0,0,1,0,0,5,20.0,27,19:51,1,0,9,12,42.9
559,2017-02-04,50,26-137,NYI,,CAR,L-OT,0,0,0,-1,0,0,0,0,0,0,0,0,2,0.0,29,21:32,0,0,10,14,41.7
560,2017-02-06,51,26-139,NYI,,TOR,W,0,0,0,0,0,0,0,0,0,0,0,0,5,0.0,29,21:34,0,0,11,9,55.0
561,2017-02-09,52,26-142,NYI,@,PHI,W,0,1,1,0,0,0,0,0,0,0,1,0,3,0.0,23,18:38,1,1,15,3,83.3
562,2017-02-11,53,26-144,NYI,@,OTT,L,0,0,0,-2,2,0,0,0,0,0,0,0,3,0.0,20,19:17,1,0,3,10,23.1
563,2017-02-12,54,26-145,NYI,,COL,W,0,2,2,1,0,0,0,0,0,1,1,0,3,0.0,20,18:42,0,0,9,14,39.1
564,2017-02-14,55,26-147,NYI,@,TOR,L,0,0,0,-1,0,0,0,0,0,0,0,0,7,0.0,24,22:48,2,0,10,15,40.0
565,2017-02-16,56,26-149,NYI,,NYR,W,0,2,2,2,0,0,0,0,0,1,0,1,2,0.0,26,19:38,0,0,10,13,43.5
566,2017-02-18,57,26-151,NYI,@,NJD,L,0,0,0,0,0,0,0,0,0,0,0,0,3,0.0,26,20:37,1,0,8,9,47.1
567,2017-02-19,58,26-152,NYI,,NJD,W,1,0,1,0,0,0,1,0,1,0,0,0,5,20.0,27,21:29,2,0,10,11,47.6
568,2017-02-21,59,26-154,NYI,@,DET,W,1,0,1,2,0,1,0,0,0,0,0,0,2,50.0,29,18:54,0,0,10,9,52.6
569,2017-02-23,60,26-156,NYI,@,MTL,W,1,1,2,2,0,1,0,0,0,1,0,0,3,33.3,28,21:24,0,1,14,9,60.9
570,2017-02-25,61,26-158,NYI,@,CBJ,L,0,0,0,-1,0,0,0,0,0,0,0,0,2,0.0,25,19:31,0,0,7,7,50.0
571,2017-03-02,62,26-163,NYI,@,DAL,W,0,1,1,0,0,0,0,0,0,1,0,0,3,0.0,25,19:13,0,0,12,8,60.0
572,2017-03-03,63,26-164,NYI,@,CHI,L-SO,0,0,0,-1,0,0,0,0,0,0,0,0,6,0.0,29,21:23,3,0,14,12,53.8
573,2017-03-05,64,26-166,NYI,@,CGY,L,1,0,1,-1,0,1,0,0,0,0,0,0,5,20.0,28,21:22,0,0,11,11,50.0
574,2017-03-07,65,26-168,NYI,@,EDM,W,0,2,2,2,0,0,0,0,0,2,0,0,2,0.0,21,19:44,2,2,5,10,33.3
575,2017-03-09,66,26-170,NYI,@,VAN,W,1,0,1,-1,0,1,0,0,0,0,0,0,7,14.3,28,22:07,1,1,10,18,35.7
576,2017-03-11,67,26-172,NYI,@,STL,L,0,1,1,-2,0,0,0,0,0,0,1,0,3,0.0,23,23:42,0,0,10,17,37.0
577,2017-03-13,68,26-174,NYI,,CAR,L,0,0,0,-1,0,0,0,0,0,0,0,0,1,0.0,24,19:39,1,1,13,11,54.2
578,2017-03-14,69,26-175,NYI,@,CAR,W,1,0,1,1,2,1,0,0,1,0,0,0,4,25.0,25,19:55,3,0,7,11,38.9
579,2017-03-16,70,26-177,NYI,,WPG,L,0,1,1,0,0,0,0,0,0,1,0,0,9,0.0,26,22:11,1,0,8,10,44.4
580,2017-03-18,71,26-179,NYI,,CBJ,L-OT,1,0,1,1,0,1,0,0,0,0,0,0,2,50.0,23,21:03,0,1,5,13,27.8
581,2017-03-22,72,26-183,NYI,@,NYR,W,0,1,1,0,6,0,0,0,0,0,1,0,2,0.0,30,22:00,0,1,14,15,48.3
582,2017-03-24,73,26-185,NYI,@,PIT,W,0,2,2,2,0,0,0,0,0,2,0,0,4,0.0,27,21:20,1,0,11,11,50.0
583,2017-03-25,74,26-186,NYI,,BOS,L,1,0,1,0,0,1,0,0,0,0,0,0,4,25.0,26,22:08,0,0,7,6,53.8
584,2017-03-27,75,26-188,NYI,,NSH,L,0,0,0,-2,0,0,0,0,0,0,0,0,2,0.0,27,20:04,0,0,5,15,25.0
585,2017-03-30,76,26-191,NYI,@,PHI,L,0,0,0,-2,0,0,0,0,0,0,0,0,3,0.0,29,21:17,1,0,15,11,57.7
586,2017-03-31,77,26-192,NYI,,NJD,W,0,1,1,0,0,0,0,0,0,0,1,0,4,0.0,21,20:26,0,1,12,11,52.2
587,2017-10-06,1,27-016,NYI,@,CBJ,L,0,0,0,-2,2,0,0,0,0,0,0,0,4,0.0,23,18:41,0,2,11,7,61.1
588,2017-10-07,2,27-017,NYI,,BUF,W,2,1,3,3,0,1,0,1,0,1,0,0,4,50.0,26,19:50,0,0,11,12,47.8
589,2017-10-09,3,27-019,NYI,,STL,L-SO,0,0,0,0,0,0,0,0,0,0,0,0,4,0.0,24,23:25,0,0,14,8,63.6
590,2017-10-11,4,27-021,NYI,@,ANA,L,0,0,0,-2,0,0,0,0,0,0,0,0,4,0.0,26,22:16,0,0,11,14,44.0
591,2017-10-14,5,27-024,NYI,@,SJS,W,0,0,0,1,0,0,0,0,0,0,0,0,1,0.0,23,20:36,1,1,8,9,47.1
592,2017-10-15,6,27-025,NYI,@,LAK,L,0,0,0,-1,0,0,0,0,0,0,0,0,1,0.0,21,21:55,1,1,4,10,28.6
593,2017-10-19,7,27-029,NYI,@,NYR,W,0,0,0,-1,0,0,0,0,0,0,0,0,4,0.0,29,24:23,0,0,12,9,57.1
594,2017-10-21,8,27-031,NYI,,SJS,W,1,2,3,2,0,1,0,0,0,2,0,0,2,50.0,24,20:10,0,0,11,12,47.8
595,2017-10-24,9,27-034,NYI,,ARI,W,3,1,4,3,0,3,0,0,1,1,0,0,3,100.0,23,16:53,0,0,12,6,66.7
596,2017-10-26,10,27-036,NYI,@,MIN,L,0,0,0,-1,0,0,0,0,0,0,0,0,2,0.0,26,21:28,0,0,10,14,41.7
597,2017-10-28,11,27-038,NYI,@,NSH,W,3,0,3,1,0,2,1,0,0,0,0,0,4,75.0,22,17:33,0,0,9,11,45.0
598,2017-10-30,12,27-040,NYI,,VEG,W,2,0,2,1,2,1,1,0,0,0,0,0,7,28.6,21,19:52,0,1,11,12,47.8
599,2017-11-02,13,27-043,NYI,@,WSH,L,1,1,2,0,0,0,1,0,0,1,0,0,6,16.7,26,19:17,0,0,9,8,52.9
600,2017-11-05,14,27-046,NYI,,COL,W,0,1,1,-1,0,0,0,0,0,0,1,0,2,0.0,23,17:56,0,0,13,11,54.2
601,2017-11-07,15,27-048,NYI,,EDM,L-OT,0,0,0,-1,0,0,0,0,0,0,0,0,2,0.0,25,21:27,0,0,15,6,71.4
602,2017-11-10,16,27-051,NYI,@,DAL,L,0,0,0,-3,0,0,0,0,0,0,0,0,2,0.0,20,17:06,0,0,3,9,25.0
603,2017-11-11,17,27-052,NYI,@,STL,W,1,0,1,0,2,1,0,0,0,0,0,0,2,50.0,20,19:08,1,0,10,13,43.5
604,2017-11-16,18,27-057,NYI,,CAR,W,0,0,0,1,0,0,0,0,0,0,0,0,2,0.0,26,20:40,1,1,10,12,45.5
605,2017-11-18,19,27-059,NYI,@,TBL,W,1,2,3,0,0,1,0,0,0,2,0,0,1,100.0,22,18:47,1,0,8,11,42.1
606,2017-11-19,20,27-060,NYI,@,CAR,L,1,0,1,-1,0,0,1,0,0,0,0,0,6,16.7,27,21:35,1,0,10,14,41.7
607,2017-11-22,21,27-063,NYI,,PHI,W,0,2,2,1,0,0,0,0,0,1,1,0,0,,23,20:22,0,1,14,14,50.0
608,2017-11-24,22,27-065,NYI,@,PHI,W,0,1,1,0,0,0,0,0,0,1,0,0,5,0.0,24,22:40,1,3,10,15,40.0
609,2017-11-25,23,27-066,NYI,@,OTT,W,0,0,0,0,0,0,0,0,0,0,0,0,3,0.0,24,23:10,1,1,13,14,48.1
610,2017-11-28,24,27-069,NYI,,VAN,W,1,1,2,2,0,1,0,0,0,0,0,1,2,50.0,24,16:57,1,0,14,12,53.8
611,2017-12-01,25,27-072,NYI,,OTT,L,0,1,1,0,2,0,0,0,0,1,0,0,3,0.0,27,21:21,1,1,14,11,56.0
612,2017-12-04,26,27-075,NYI,@,FLA,W,1,0,1,1,0,1,0,0,0,0,0,0,3,33.3,28,23:34,0,0,14,11,56.0
613,2017-12-05,27,27-076,NYI,@,TBL,L,0,1,1,-1,0,0,0,0,0,0,1,0,1,0.0,22,18:51,0,1,7,10,41.2
614,2017-12-07,28,27-078,NYI,@,PIT,L-OT,0,0,0,0,0,0,0,0,0,0,0,0,1,0.0,25,21:40,1,0,13,10,56.5
615,2017-12-09,29,27-080,NYI,@,BOS,L,0,0,0,0,0,0,0,0,0,0,0,0,3,0.0,25,20:38,0,0,10,16,38.5
616,2017-12-11,30,27-082,NYI,,WSH,W,1,0,1,0,2,1,0,0,0,0,0,0,3,33.3,23,18:44,0,0,9,8,52.9
617,2017-12-13,31,27-084,NYI,,DAL,L,0,2,2,-1,0,0,0,0,0,1,1,0,2,0.0,19,19:11,1,0,12,9,57.1
618,2017-12-14,32,27-085,NYI,@,CBJ,L,0,3,3,1,0,0,0,0,0,2,1,0,6,0.0,28,21:01,0,0,10,10,50.0
619,2017-12-16,33,27-087,NYI,,LAK,W,1,2,3,1,0,0,1,0,0,2,0,0,4,25.0,27,21:05,0,0,16,9,64.0
620,2017-12-19,34,27-090,NYI,,DET,L,0,2,2,0,0,0,0,0,0,1,1,0,5,0.0,22,19:19,1,1,9,16,36.0
621,2017-12-21,35,27-092,NYI,,ANA,L-OT,2,1,3,-2,0,1,1,0,0,0,1,0,5,40.0,27,19:40,1,1,12,15,44.4
622,2017-12-23,36,27-094,NYI,,WPG,W,0,1,1,1,2,0,0,0,0,1,0,0,2,0.0,22,16:22,3,0,9,5,64.3
623,2017-12-27,37,27-098,NYI,,BUF,W,0,2,2,1,0,0,0,0,0,2,0,0,4,0.0,26,21:40,0,1,10,7,58.8
624,2017-12-29,38,27-100,NYI,@,WPG,L,0,1,1,2,2,0,0,0,0,1,0,0,2,0.0,25,17:49,1,1,9,11,45.0
625,2017-12-31,39,27-102,NYI,@,COL,L,0,0,0,-3,0,0,0,0,0,0,0,0,2,0.0,23,17:16,0,0,16,9,64.0
626,2018-01-02,40,27-104,NYI,,BOS,L,0,0,0,-3,0,0,0,0,0,0,0,0,1,0.0,18,19:48,0,1,6,8,42.9
627,2018-01-04,41,27-106,NYI,@,PHI,L,1,0,1,0,0,0,1,0,0,0,0,0,2,50.0,24,20:15,0,1,9,12,42.9
628,2018-01-05,42,27-107,NYI,,PIT,L,0,0,0,-1,0,0,0,0,0,0,0,0,7,0.0,22,21:08,0,0,14,8,63.6
629,2018-01-07,43,27-109,NYI,,NJD,W,0,1,1,0,2,0,0,0,0,0,1,0,5,0.0,28,23:47,0,0,18,7,72.0
630,2018-01-13,44,27-115,NYI,@,NYR,W,0,1,1,1,0,0,0,0,0,1,0,0,2,0.0,25,20:42,0,0,17,10,63.0
631,2018-01-15,45,27-117,NYI,@,MTL,W,2,0,2,1,0,1,0,1,1,0,0,0,5,40.0,28,22:37,1,3,15,13,53.6
632,2018-01-16,46,27-118,NYI,,NJD,L,0,0,0,-1,0,0,0,0,0,0,0,0,2,0.0,21,21:50,0,0,11,13,45.8
633,2018-01-18,47,27-120,NYI,,BOS,L,1,0,1,0,0,1,0,0,0,0,0,0,2,50.0,21,19:45,0,0,12,11,52.2
634,2018-01-20,48,27-122,NYI,@,CHI,W,1,1,2,2,0,1,0,0,0,1,0,0,6,16.7,24,18:36,0,0,12,12,50.0
635,2018-01-22,49,27-124,NYI,@,ARI,L-OT,0,0,0,0,0,0,0,0,0,0,0,0,2,0.0,24,20:53,0,1,8,10,44.4
636,2018-01-25,50,27-127,NYI,@,VEG,W,0,0,0,0,0,0,0,0,0,0,0,0,1,0.0,23,21:52,0,1,11,9,55.0
637,2018-01-30,51,27-132,NYI,,FLA,L,0,0,0,0,0,0,0,0,0,0,0,0,4,0.0,20,18:25,0,1,9,8,52.9
638,2018-01-31,52,27-133,NYI,@,TOR,L,0,0,0,0,2,0,0,0,0,0,0,0,5,0.0,22,18:56,3,0,10,15,40.0
639,2018-02-03,53,27-136,NYI,,CBJ,W,0,1,1,0,0,0,0,0,0,0,1,0,2,0.0,24,20:20,0,1,16,13,55.2
640,2018-02-05,54,27-138,NYI,,NSH,L-OT,1,0,1,-1,2,0,1,0,0,0,0,0,3,33.3,23,19:48,0,0,11,9,55.0
641,2018-02-08,55,27-141,NYI,@,BUF,L,1,0,1,-1,2,1,0,0,0,0,0,0,6,16.7,25,21:09,0,0,8,8,50.0
642,2018-02-09,56,27-142,NYI,,DET,W,0,2,2,-4,0,0,0,0,0,0,2,0,4,0.0,21,23:39,0,0,10,7,58.8
643,2018-02-11,57,27-144,NYI,,CGY,L,0,0,0,0,0,0,0,0,0,0,0,0,4,0.0,24,22:43,0,0,19,5,79.2
644,2018-02-13,58,27-146,NYI,,CBJ,L,1,0,1,0,0,0,1,0,0,0,0,0,1,100.0,24,18:48,1,2,17,5,77.3
645,2018-02-15,59,27-148,NYI,,NYR,W,0,0,0,0,0,0,0,0,0,0,0,0,1,0.0,25,20:21,0,0,10,12,45.5
646,2018-02-16,60,27-149,NYI,@,CAR,W,1,0,1,2,0,1,0,0,0,0,0,0,3,33.3,24,18:13,0,1,9,11,45.0
647,2018-02-19,61,27-152,NYI,,MIN,L,0,0,0,0,0,0,0,0,0,0,0,0,2,0.0,20,19:12,0,0,10,14,41.7
648,2018-02-22,62,27-155,NYI,@,TOR,L-SO,0,0,0,-2,0,0,0,0,0,0,0,0,1,0.0,25,18:47,1,0,13,6,68.4
649,2018-02-24,63,27-157,NYI,@,NJD,L,0,0,0,-2,0,0,0,0,0,0,0,0,2,0.0,23,17:48,0,1,10,5,66.7
650,2018-02-28,64,27-161,NYI,@,MTL,L,0,0,0,0,0,0,0,0,0,0,0,0,1,0.0,20,17:54,0,0,8,7,53.3
651,2018-03-02,65,27-163,NYI,,MTL,L,0,0,0,-1,0,0,0,0,0,0,0,0,2,0.0,24,22:24,0,0,11,8,57.9
652,2018-03-03,66,27-164,NYI,@,PIT,L-OT,0,1,1,2,0,0,0,0,0,1,0,0,2,0.0,22,19:21,2,0,12,8,60.0
653,2018-03-05,67,27-166,NYI,@,VAN,L-OT,1,1,2,-1,0,1,0,0,0,0,1,0,8,12.5,22,17:17,0,0,12,7,63.2
654,2018-03-08,68,27-169,NYI,@,EDM,L-SO,0,0,0,0,0,0,0,0,0,0,0,0,6,0.0,27,19:56,1,1,15,5,75.0
655,2018-03-11,69,27-172,NYI,@,CGY,W,0,2,2,2,0,0,0,0,0,2,0,0,2,0.0,25,19:00,0,1,12,14,46.2
656,2018-03-15,70,27-176,NYI,,WSH,L,0,0,0,-2,0,0,0,0,0,0,0,0,2,0.0,18,18:12,0,0,7,9,43.8
657,2018-03-16,71,27-177,NYI,@,WSH,L,1,0,1,-1,0,0,1,0,0,0,0,0,5,20.0,20,19:43,0,1,14,10,58.3
658,2018-03-18,72,27-179,NYI,,CAR,L,0,3,3,0,2,0,0,0,0,1,2,0,4,0.0,22,17:47,0,0,10,11,47.6
659,2018-03-20,73,27-181,NYI,,PIT,W,0,2,2,0,0,0,0,0,0,1,1,0,2,0.0,20,20:04,0,1,10,10,50.0
660,2018-03-22,74,27-183,NYI,,TBL,L,0,2,2,0,0,0,0,0,0,0,2,0,3,0.0,19,18:47,2,0,17,7,70.8
661,2018-03-24,75,27-185,NYI,,CHI,L,1,0,1,0,0,1,0,0,0,0,0,0,2,50.0,17,18:22,0,0,2,7,22.2
662,2018-03-26,76,27-187,NYI,,FLA,L,0,0,0,-1,2,0,0,0,0,0,0,0,7,0.0,19,19:15,0,0,11,10,52.4
663,2018-03-27,77,27-188,NYI,@,OTT,W,0,1,1,0,0,0,0,0,0,0,1,0,2,0.0,21,18:05,0,0,11,7,61.1
664,2018-03-30,78,27-191,NYI,,TOR,L,1,0,1,-1,0,0,1,0,0,0,0,0,4,25.0,20,19:51,1,0,9,10,47.4
665,2018-03-31,79,27-192,NYI,@,NJD,L,0,1,1,-1,0,0,0,0,0,1,0,0,3,0.0,23,19:56,0,0,13,10,56.5
666,2018-04-03,80,27-195,NYI,,PHI,W,2,0,2,0,0,1,1,0,0,0,0,0,4,50.0,18,17:18,0,0,12,6,66.7
667,2018-04-05,81,27-197,NYI,,NYR,W,0,0,0,0,0,0,0,0,0,0,0,0,1,0.0,19,17:15,0,0,7,6,53.8
668,2018-04-07,82,27-199,NYI,@,DET,W,1,0,1,-1,0,1,0,0,1,0,0,0,5,20.0,20,19:45,0,0,12,10,54.5
669,2018-10-03,1,28-013,TOR,,MTL,W,1,0,1,1,0,1,0,0,0,0,0,0,5,20.0,26,18:04,0,3,11,10,52.4
670,2018-10-06,2,28-016,TOR,,OTT,L,0,0,0,1,0,0,0,0,0,0,0,0,3,0.0,26,19:37,2,0,18,12,60.0
671,2018-10-07,3,28-017,TOR,@,CHI,W,3,0,3,1,2,2,1,0,0,0,0,0,7,42.9,26,21:12,1,1,7,12,36.8
672,2018-10-09,4,28-019,TOR,@,DAL,W,2,0,2,0,0,1,1,0,1,0,0,0,3,66.7,24,18:45,0,1,5,9,35.7
673,2018-10-11,5,28-021,TOR,@,DET,W,0,4,4,2,0,0,0,0,0,3,1,0,3,0.0,24,18:35,1,0,11,11,50.0
674,2018-10-13,6,28-023,TOR,@,WSH,W,0,0,0,0,2,0,0,0,0,0,0,0,2,0.0,20,19:07,0,2,5,8,38.5
675,2018-10-15,7,28-025,TOR,,LAK,W,0,1,1,1,0,0,0,0,0,1,0,0,5,0.0,23,17:09,0,1,12,8,60.0
676,2018-10-18,8,28-028,TOR,,PIT,L,0,0,0,-2,0,0,0,0,0,0,0,0,4,0.0,23,18:26,3,0,6,9,40.0
677,2018-10-20,9,28-030,TOR,,STL,L,0,0,0,-1,0,0,0,0,0,0,0,0,1,0.0,24,16:58,0,0,13,9,59.1
678,2018-10-24,10,28-034,TOR,@,WPG,W,1,0,1,0,0,1,0,0,0,0,0,0,5,20.0,22,17:39,1,3,9,9,50.0
679,2018-10-27,11,28-037,TOR,,WPG,W,0,1,1,0,2,0,0,0,0,1,0,0,3,0.0,25,20:56,1,0,8,15,34.8
680,2018-10-29,12,28-039,TOR,,CGY,L,0,0,0,-1,0,0,0,0,0,0,0,0,2,0.0,26,21:26,2,0,13,10,56.5
681,2018-11-01,13,28-042,TOR,,DAL,L,0,1,1,-1,0,0,0,0,0,0,1,0,5,0.0,25,20:26,1,2,9,10,47.4
682,2018-11-03,14,28-044,TOR,@,PIT,W,1,1,2,2,0,1,0,0,1,1,0,0,6,16.7,26,20:26,0,0,15,14,51.7
683,2018-11-06,15,28-047,TOR,,VEG,W,0,1,1,1,0,0,0,0,0,1,0,0,3,0.0,22,19:11,0,1,12,11,52.2
684,2018-11-09,16,28-050,TOR,,NJD,W,1,0,1,0,0,1,0,0,0,0,0,0,2,50.0,24,18:59,1,1,10,6,62.5
685,2018-11-10,17,28-051,TOR,@,BOS,L,1,0,1,0,0,1,0,0,0,0,0,0,7,14.3,24,18:08,1,1,6,11,35.3
686,2018-11-13,18,28-054,TOR,@,LAK,W,1,2,3,1,0,0,1,0,1,1,1,0,4,25.0,27,19:50,1,1,13,6,68.4
687,2018-11-15,19,28-056,TOR,@,SJS,W,1,0,1,1,0,1,0,0,0,0,0,0,1,100.0,27,19:11,1,0,9,8,52.9
688,2018-11-16,20,28-057,TOR,@,ANA,W,0,0,0,1,0,0,0,0,0,0,0,0,2,0.0,27,20:01,0,0,8,9,47.1
689,2018-11-19,21,28-060,TOR,,CBJ,W,1,1,2,2,0,1,0,0,0,1,0,0,3,33.3,26,17:43,1,0,7,5,58.3
690,2018-11-21,22,28-062,TOR,@,CAR,L,1,0,1,-2,0,1,0,0,0,0,0,0,3,33.3,26,19:37,0,0,14,7,66.7
691,2018-11-23,23,28-064,TOR,@,CBJ,L,0,0,0,-2,4,0,0,0,0,0,0,0,3,0.0,27,21:44,1,0,12,7,63.2
692,2018-11-24,24,28-065,TOR,,PHI,W,1,0,1,1,0,1,0,0,0,0,0,0,3,33.3,23,17:00,0,0,8,9,47.1
693,2018-11-26,25,28-067,TOR,,BOS,W,0,1,1,1,0,0,0,0,0,1,0,0,2,0.0,23,21:02,1,0,11,9,55.0
694,2018-11-28,26,28-069,TOR,,SJS,W,2,0,2,0,0,1,1,0,0,0,0,0,6,33.3,23,18:40,1,1,14,7,66.7
695,2018-12-01,27,28-072,TOR,@,MIN,W,0,0,0,0,0,0,0,0,0,0,0,0,4,0.0,22,17:53,0,2,14,8,63.6
696,2018-12-04,28,28-075,TOR,@,BUF,W,0,1,1,1,0,0,0,0,0,1,0,0,5,0.0,30,22:00,1,0,16,9,64.0
697,2018-12-06,29,28-077,TOR,,DET,L-OT,1,0,1,0,0,1,0,0,0,0,0,0,3,33.3,29,20:52,1,1,18,6,75.0
698,2018-12-08,30,28-079,TOR,@,BOS,L,0,0,0,-3,2,0,0,0,0,0,0,0,5,0.0,28,17:32,0,0,12,8,60.0
699,2018-12-11,31,28-082,TOR,@,CAR,W,1,0,1,1,0,1,0,0,0,0,0,0,1,100.0,23,15:43,1,0,7,7,50.0
700,2018-12-13,32,28-084,TOR,@,TBL,L,0,0,0,0,0,0,0,0,0,0,0,0,6,0.0,23,19:10,1,0,11,12,47.8
701,2018-12-15,33,28-086,TOR,@,FLA,L-OT,1,0,1,0,0,1,0,0,0,0,0,0,3,33.3,26,21:03,2,0,9,10,47.4
702,2018-12-18,34,28-089,TOR,@,NJD,W,1,1,2,1,0,1,0,0,0,1,0,0,2,50.0,23,17:47,0,0,4,8,33.3
703,2018-12-20,35,28-091,TOR,,FLA,W,2,0,2,1,0,1,1,0,0,0,0,0,4,50.0,24,16:40,1,0,9,5,64.3
704,2018-12-22,36,28-093,TOR,,NYR,W,0,2,2,2,2,0,0,0,0,2,0,0,6,0.0,23,18:26,2,0,9,7,56.3
705,2018-12-23,37,28-094,TOR,,DET,W,1,1,2,2,0,1,0,0,0,1,0,0,4,25.0,23,20:20,0,0,9,7,56.3
706,2018-12-28,38,28-099,TOR,@,CBJ,W,2,0,2,1,0,1,1,0,0,0,0,0,5,40.0,24,19:35,1,1,11,10,52.4
707,2018-12-29,39,28-100,TOR,,NYI,L,0,0,0,-1,0,0,0,0,0,0,0,0,5,0.0,21,17:17,2,0,15,4,78.9
708,2019-01-03,40,28-105,TOR,,MIN,L,0,2,2,2,2,0,0,0,0,2,0,0,6,0.0,24,22:07,1,1,19,11,63.3
709,2019-01-05,41,28-107,TOR,,VAN,W,1,0,1,1,0,1,0,0,1,0,0,0,2,50.0,22,16:04,0,0,12,4,75.0
710,2019-01-07,42,28-109,TOR,,NSH,L,0,0,0,-1,0,0,0,0,0,0,0,0,3,0.0,25,19:44,0,2,8,7,53.3
711,2019-01-10,43,28-112,TOR,@,NJD,W,2,1,3,3,2,2,0,0,1,1,0,0,6,33.3,25,16:32,0,0,3,14,17.6
712,2019-01-12,44,28-114,TOR,,BOS,L,0,0,0,0,2,0,0,0,0,0,0,0,3,0.0,24,19:14,0,0,7,9,43.8
713,2019-01-14,45,28-116,TOR,,COL,L,0,0,0,-4,2,0,0,0,0,0,0,0,0,,22,19:26,0,0,9,8,52.9
714,2019-01-17,46,28-119,TOR,@,TBL,W,0,2,2,2,0,0,0,0,0,2,0,0,2,0.0,23,18:41,0,1,8,9,47.1
715,2019-01-18,47,28-120,TOR,@,FLA,L,0,0,0,0,0,0,0,0,0,0,0,0,2,0.0,25,21:12,0,0,10,12,45.5
716,2019-01-20,48,28-122,TOR,,ARI,L,1,0,1,-1,0,1,0,0,0,0,0,0,2,50.0,21,18:03,1,0,4,3,57.1
717,2019-01-23,49,28-125,TOR,,WSH,W,0,1,1,-1,0,0,0,0,0,0,1,0,6,0.0,24,18:48,0,0,13,7,65.0
718,2019-02-01,50,28-134,TOR,@,DET,L-OT,0,0,0,-1,0,0,0,0,0,0,0,0,4,0.0,25,19:37,1,1,9,10,47.4
719,2019-02-02,51,28-135,TOR,,PIT,W,0,0,0,1,0,0,0,0,0,0,0,0,1,0.0,27,19:52,0,2,11,5,68.8
720,2019-02-04,52,28-137,TOR,,ANA,W,1,1,2,1,0,1,0,0,0,1,0,0,3,33.3,22,16:33,0,0,11,5,68.8
721,2019-02-06,53,28-139,TOR,,OTT,W,1,1,2,2,0,1,0,0,0,1,0,0,4,25.0,23,20:22,2,3,7,8,46.7
722,2019-02-09,54,28-142,TOR,@,MTL,W,1,1,2,2,4,1,0,0,1,1,0,0,1,100.0,25,19:48,0,1,11,10,52.4
723,2019-02-10,55,28-143,TOR,@,NYR,L,0,0,0,-3,0,0,0,0,0,0,0,0,8,0.0,22,19:39,0,0,12,4,75.0
724,2019-02-12,56,28-145,TOR,@,COL,W,0,2,2,0,0,0,0,0,0,0,2,0,2,0.0,22,18:19,0,2,11,5,68.8
725,2019-02-14,57,28-147,TOR,@,VEG,W,0,1,1,0,0,0,0,0,0,1,0,0,3,0.0,24,19:49,0,2,9,8,52.9
726,2019-02-16,58,28-149,TOR,@,ARI,L,0,0,0,-1,0,0,0,0,0,0,0,0,1,0.0,22,20:31,1,0,10,9,52.6
727,2019-02-19,59,28-152,TOR,@,STL,L-OT,0,0,0,0,0,0,0,0,0,0,0,0,3,0.0,23,18:49,2,1,12,9,57.1
728,2019-02-21,60,28-154,TOR,,WSH,L,1,0,1,-1,0,1,0,0,0,0,0,0,2,50.0,24,21:21,0,0,15,7,68.2
729,2019-02-23,61,28-156,TOR,,MTL,W,0,1,1,1,0,0,0,0,0,0,1,0,3,0.0,24,17:16,0,2,8,15,34.8
730,2019-02-25,62,28-158,TOR,,BUF,W,1,0,1,0,2,1,0,0,0,0,0,0,3,33.3,22,19:01,3,1,10,8,55.6
731,2019-02-27,63,28-160,TOR,,EDM,W,1,1,2,0,0,0,1,0,0,0,1,0,7,14.3,22,17:40,0,0,11,7,61.1
732,2019-02-28,64,28-161,TOR,@,NYI,L,0,0,0,0,0,0,0,0,0,0,0,0,5,0.0,22,17:00,1,0,7,6,53.8
733,2019-03-02,65,28-163,TOR,,BUF,W,1,2,3,3,2,1,0,0,0,2,0,0,3,33.3,24,19:44,0,0,11,6,64.7
734,2019-03-04,66,28-165,TOR,@,CGY,W,0,1,1,3,0,0,0,0,0,1,0,0,1,0.0,24,18:23,0,1,9,13,40.9
735,2019-03-06,67,28-167,TOR,@,VAN,L-OT,0,1,1,0,0,0,0,0,0,1,0,0,1,0.0,24,20:37,2,1,8,10,44.4
736,2019-03-09,68,28-170,TOR,@,EDM,W,1,2,3,1,0,1,0,0,0,1,1,0,5,20.0,25,18:29,1,1,12,6,66.7
737,2019-03-11,69,28-172,TOR,,TBL,L,0,0,0,-1,0,0,0,0,0,0,0,0,1,0.0,20,15:47,0,0,9,9,50.0
738,2019-03-13,70,28-174,TOR,,CHI,L,1,0,1,0,0,1,0,0,0,0,0,0,5,20.0,24,21:58,1,1,14,6,70.0
739,2019-03-15,71,28-176,TOR,,PHI,W,0,0,0,-1,0,0,0,0,0,0,0,0,3,0.0,27,21:43,0,0,11,9,55.0
740,2019-03-16,72,28-177,TOR,@,OTT,L,1,1,2,-1,0,0,1,0,0,1,0,0,4,25.0,20,15:17,0,3,7,6,53.8
741,2019-03-19,73,28-180,TOR,@,NSH,L,0,0,0,-1,0,0,0,0,0,0,0,0,2,0.0,22,19:29,1,0,9,11,45.0
742,2019-03-20,74,28-181,TOR,@,BUF,W,1,1,2,2,0,1,0,0,0,1,0,0,6,16.7,27,19:57,0,0,12,8,60.0
743,2019-03-23,75,28-184,TOR,,NYR,L-OT,0,1,1,0,0,0,0,0,0,1,0,0,3,0.0,25,19:25,1,1,8,6,57.1
744,2019-03-25,76,28-186,TOR,,FLA,W,4,0,4,1,0,3,1,0,1,0,0,0,5,80.0,26,18:56,4,0,12,7,63.2
745,2019-03-27,77,28-188,TOR,@,PHI,L-SO,0,0,0,-1,0,0,0,0,0,0,0,0,1,0.0,25,20:48,0,2,7,10,41.2
746,2019-03-30,78,28-191,TOR,@,OTT,L,0,0,0,0,0,0,0,0,0,0,0,0,3,0.0,23,20:33,0,0,9,6,60.0
747,2019-04-01,79,28-193,TOR,@,NYI,W,1,0,1,1,2,1,0,0,1,0,0,0,2,50.0,19,18:47,1,1,14,8,63.6
748,2019-04-02,80,28-194,TOR,,CAR,L,1,0,1,-2,2,0,1,0,0,0,0,0,3,33.3,26,19:32,1,1,9,11,45.0
749,2019-04-04,81,28-196,TOR,,TBL,L,0,0,0,-1,0,0,0,0,0,0,0,0,2,0.0,20,17:54,2,0,8,5,61.5
750,2019-04-06,82,28-198,TOR,@,MTL,L-SO,0,0,0,2,0,0,0,0,0,0,0,0,8,0.0,26,18:22,1,0,7,15,31.8
751,2019-10-02,1,29-012,TOR,,OTT,W,0,1,1,0,0,0,0,0,0,0,1,0,2,0.0,24,18:13,0,0,13,10,56.5
752,2019-10-04,2,29-014,TOR,@,CBJ,W,0,2,2,1,0,0,0,0,0,1,1,0,2,0.0,25,17:43,0,0,10,8,55.6
753,2019-10-05,3,29-015,TOR,,MTL,L-SO,0,0,0,-1,2,0,0,0,0,0,0,0,2,0.0,28,20:12,2,0,12,12,50.0
754,2019-10-07,4,29-017,TOR,,STL,L,0,0,0,-1,0,0,0,0,0,0,0,0,0,,21,20:29,1,0,8,13,38.1
755,2019-10-10,5,29-020,TOR,,TBL,L,1,0,1,-1,0,1,0,0,0,0,0,0,3,33.3,20,16:59,0,0,7,5,58.3
756,2019-10-12,6,29-022,TOR,@,DET,W,0,1,1,0,0,0,0,0,0,1,0,0,0,,21,17:04,1,0,8,6,57.1
757,2019-10-15,7,29-025,TOR,,MIN,W,1,0,1,2,0,1,0,0,0,0,0,0,1,100.0,20,16:20,0,0,12,3,80.0
758,2019-10-16,8,29-026,TOR,@,WSH,L,1,0,1,-1,0,1,0,0,0,0,0,0,4,25.0,19,18:22,0,0,4,10,28.6
759,2019-11-05,9,29-046,TOR,,LAK,W,0,0,0,0,0,0,0,0,0,0,0,0,2,0.0,22,18:00,0,2,8,4,66.7
760,2019-11-07,10,29-048,TOR,,VEG,W,1,1,2,1,0,1,0,0,1,0,1,0,4,25.0,16,16:47,0,1,7,8,46.7
761,2019-11-09,11,29-050,TOR,,PHI,L-SO,0,0,0,0,0,0,0,0,0,0,0,0,3,0.0,28,19:49,1,0,12,6,66.7
762,2019-11-10,12,29-051,TOR,@,CHI,L,1,1,2,-2,0,0,1,0,0,0,1,0,3,33.3,22,20:42,0,0,12,8,60.0
763,2019-11-13,13,29-054,TOR,@,NYI,L,1,1,2,1,0,1,0,0,0,1,0,0,2,50.0,20,17:44,0,0,5,10,33.3
764,2019-11-15,14,29-056,TOR,,BOS,L,0,1,1,-1,0,0,0,0,0,1,0,0,1,0.0,24,18:14,1,0,12,9,57.1
765,2019-11-16,15,29-057,TOR,@,PIT,L,0,0,0,-2,0,0,0,0,0,0,0,0,4,0.0,19,18:19,1,0,12,7,63.2
766,2019-11-19,16,29-060,TOR,@,VEG,L,0,0,0,-1,2,0,0,0,0,0,0,0,2,0.0,25,20:05,2,2,13,7,65.0
767,2019-11-21,17,29-062,TOR,@,ARI,W,0,0,0,1,0,0,0,0,0,0,0,0,4,0.0,19,15:49,0,1,13,7,65.0
768,2019-11-23,18,29-064,TOR,@,COL,W,0,0,0,0,2,0,0,0,0,0,0,0,1,0.0,27,22:31,0,2,12,12,50.0
769,2019-11-27,19,29-068,TOR,@,DET,W,1,1,2,2,0,1,0,0,0,1,0,0,5,20.0,21,16:56,0,1,3,6,33.3
770,2019-11-29,20,29-070,TOR,@,BUF,L,2,0,2,0,0,2,0,0,0,0,0,0,3,66.7,26,22:51,0,1,8,14,36.4
771,2019-11-30,21,29-071,TOR,,BUF,W,1,1,2,0,2,1,0,0,1,0,1,0,2,50.0,24,20:45,0,1,9,11,45.0
772,2019-12-03,22,29-074,TOR,@,PHI,L,0,0,0,0,0,0,0,0,0,0,0,0,5,0.0,20,20:08,0,1,2,6,25.0
773,2019-12-04,23,29-075,TOR,,COL,L,0,0,0,-1,0,0,0,0,0,0,0,0,8,0.0,23,20:43,0,0,11,9,55.0
774,2019-12-07,24,29-078,TOR,@,STL,W,0,0,0,1,0,0,0,0,0,0,0,0,2,0.0,22,19:37,0,0,6,10,37.5
775,2019-12-10,25,29-081,TOR,@,VAN,W,2,1,3,3,0,2,0,0,1,1,0,0,5,40.0,23,21:13,0,1,12,9,57.1
776,2019-12-12,26,29-083,TOR,@,CGY,L,1,1,2,-1,0,1,0,0,0,1,0,0,5,20.0,24,23:05,0,2,11,14,44.0
777,2019-12-14,27,29-085,TOR,@,EDM,W,0,0,0,0,0,0,0,0,0,0,0,0,5,0.0,24,20:02,1,0,14,9,60.9
778,2019-12-17,28,29-088,TOR,,BUF,W,0,0,0,0,2,0,0,0,0,0,0,0,4,0.0,23,20:50,1,1,12,7,63.2
779,2019-12-20,29,29-091,TOR,@,NYR,W,0,0,0,-2,0,0,0,0,0,0,0,0,5,0.0,21,17:43,0,0,9,10,47.4
780,2019-12-21,30,29-092,TOR,,DET,W,0,1,1,0,0,0,0,0,0,0,1,0,2,0.0,21,18:19,1,0,9,6,60.0
781,2019-12-23,31,29-094,TOR,,CAR,W,1,2,3,-1,0,0,1,0,0,1,1,0,4,25.0,25,21:39,0,1,13,6,68.4
782,2019-12-27,32,29-098,TOR,@,NJD,W,1,2,3,1,0,0,1,0,0,2,0,0,7,14.3,23,21:45,0,0,14,8,63.6
783,2019-12-28,33,29-099,TOR,,NYR,L-OT,0,1,1,-1,0,0,0,0,0,0,1,0,3,0.0,26,23:08,0,1,19,9,67.9
784,2019-12-31,34,29-102,TOR,@,MIN,W,1,1,2,3,0,1,0,0,0,1,0,0,5,20.0,22,20:04,0,1,11,11,50.0
785,2020-01-02,35,29-104,TOR,@,WPG,W,0,1,1,2,0,0,0,0,0,1,0,0,2,0.0,24,19:15,0,0,8,9,47.1
786,2020-01-04,36,29-106,TOR,,NYI,W,0,0,0,0,0,0,0,0,0,0,0,0,2,0.0,22,16:57,0,0,10,4,71.4
787,2020-01-06,37,29-108,TOR,,EDM,L,0,0,0,-3,0,0,0,0,0,0,0,0,3,0.0,21,20:38,0,0,13,11,54.2
788,2020-01-08,38,29-110,TOR,,WPG,L-SO,0,0,0,-1,2,0,0,0,0,0,0,0,5,0.0,23,25:35,1,1,9,5,64.3
789,2020-01-12,39,29-114,TOR,@,FLA,L,1,0,1,-3,0,1,0,0,0,0,0,0,6,16.7,18,16:58,1,0,12,9,57.1
790,2020-01-14,40,29-116,TOR,,NJD,W,1,2,3,0,0,1,0,0,0,1,1,0,2,50.0,18,17:16,1,0,12,11,52.2
791,2020-01-16,41,29-118,TOR,,CGY,L-SO,0,1,1,0,0,0,0,0,0,0,1,0,3,0.0,25,26:23,0,1,12,7,63.2
792,2020-01-18,42,29-120,TOR,,CHI,L,0,0,0,-2,0,0,0,0,0,0,0,0,1,0.0,20,17:56,0,0,8,6,57.1
793,2020-01-27,43,29-129,TOR,@,NSH,W,0,0,0,2,0,0,0,0,0,0,0,0,4,0.0,20,20:15,2,0,7,6,53.8
794,2020-01-29,44,29-131,TOR,@,DAL,W,0,0,0,-1,0,0,0,0,0,0,0,0,3,0.0,22,18:12,0,0,8,4,66.7
795,2020-02-01,45,29-134,TOR,,OTT,W,0,0,0,0,0,0,0,0,0,0,0,0,1,0.0,22,17:52,2,0,7,8,46.7
796,2020-02-03,46,29-136,TOR,,FLA,L,1,0,1,-1,2,0,1,0,0,0,0,0,3,33.3,22,22:18,1,1,11,7,61.1
797,2020-02-05,47,29-138,TOR,@,NYR,L,1,1,2,0,2,1,0,0,0,0,1,0,3,33.3,20,19:02,1,0,14,5,73.7
798,2020-02-07,48,29-140,TOR,,ANA,W,2,1,3,0,2,0,2,0,1,1,0,0,4,50.0,24,21:56,1,2,13,8,61.9
799,2020-02-08,49,29-141,TOR,@,MTL,L-OT,1,0,1,1,0,1,0,0,0,0,0,0,3,33.3,22,22:27,2,0,6,7,46.2
800,2020-02-11,50,29-144,TOR,,ARI,W,0,1,1,1,0,0,0,0,0,1,0,0,5,0.0,21,19:54,0,1,8,11,42.1
801,2020-02-13,51,29-146,TOR,,DAL,L,0,1,1,0,2,0,0,0,0,1,0,0,2,0.0,23,19:53,0,0,10,6,62.5
802,2020-02-15,52,29-148,TOR,@,OTT,W,0,1,1,2,0,0,0,0,0,1,0,0,5,0.0,20,16:26,2,0,5,5,50.0
803,2020-02-16,53,29-149,TOR,@,BUF,L,0,0,0,-2,0,0,0,0,0,0,0,0,2,0.0,20,18:04,0,0,7,10,41.2
804,2020-02-18,54,29-151,TOR,@,PIT,L,0,0,0,1,0,0,0,0,0,0,0,0,3,0.0,18,15:48,0,0,6,5,54.5
805,2020-02-20,55,29-153,TOR,,PIT,W,0,2,2,1,0,0,0,0,0,1,1,0,7,0.0,21,18:55,1,3,15,7,68.2
806,2020-02-22,56,29-155,TOR,,CAR,L,1,0,1,-2,0,1,0,0,0,0,0,0,1,100.0,22,17:27,1,0,11,7,61.1
807,2020-02-25,57,29-158,TOR,@,TBL,W,2,0,2,-1,0,1,1,0,0,0,0,0,2,100.0,22,20:18,1,0,6,5,54.5
808,2020-02-27,58,29-160,TOR,@,FLA,W,0,1,1,0,0,0,0,0,0,1,0,0,2,0.0,21,19:34,1,2,3,4,42.9
809,2020-02-29,59,29-162,TOR,,VAN,W,0,1,1,0,0,0,0,0,0,1,0,0,1,0.0,22,19:56,0,0,15,11,57.7
810,2020-03-03,60,29-165,TOR,@,SJS,L,0,0,0,-2,0,0,0,0,0,0,0,0,3,0.0,20,19:16,1,0,9,6,60.0
811,2020-03-05,61,29-167,TOR,@,LAK,L-SO,0,0,0,0,2,0,0,0,0,0,0,0,3,0.0,23,21:34,0,0,10,9,52.6
812,2020-03-06,62,29-168,TOR,@,ANA,L,0,0,0,1,0,0,0,0,0,0,0,0,5,0.0,22,21:18,0,0,12,9,57.1
813,2020-03-10,63,29-172,TOR,,TBL,W,0,2,2,0,2,0,0,0,0,0,2,0,1,0.0,22,18:04,1,1,7,7,50.0
