,date_game,game_season,age,team_id,game_location,opp_id,game_result,goals,assists,points,plus_minus,pen_min,goals_ev,goals_pp,goals_sh,goals_gw,assists_ev,assists_pp,assists_sh,shots,shot_pct,shifts,time_on_ice,hits_all,blocks_all,faceoff_wins_all,faceoff_losses_all,faceoff_percentage_all
0,2014-10-08,1,20-099,SJS,@,LAK,W,0,1,1,2,0,0,0,0,0,1,0,0,3,0.0,17,12:04,0,1,4,4,50.0
1,2014-10-11,2,20-102,SJS,,WPG,W,0,0,0,1,0,0,0,0,0,0,0,0,0,,16,12:34,0,1,4,2,66.7
2,2014-10-14,3,20-105,SJS,@,WSH,W,0,1,1,1,0,0,0,0,0,1,0,0,0,,20,12:17,0,0,4,5,44.4
3,2014-10-16,4,20-107,SJS,@,NYI,L-SO,0,0,0,-1,0,0,0,0,0,0,0,0,1,0.0,15,9:45,0,0,1,3,25.0
4,2014-10-18,5,20-109,SJS,@,NJD,W,0,0,0,-2,0,0,0,0,0,0,0,0,0,,16,10:04,0,0,2,4,33.3
5,2014-10-19,6,20-110,SJS,@,NYR,L,0,0,0,-2,0,0,0,0,0,0,0,0,0,,18,13:30,0,0,4,10,28.6
6,2014-10-25,7,20-116,SJS,,BUF,L,0,0,0,0,0,0,0,0,0,0,0,0,3,0.0,19,15:44,1,1,7,3,70.0
7,2014-10-26,8,20-117,SJS,@,ANA,W,0,0,0,0,0,0,0,0,0,0,0,0,1,0.0,19,11:16,0,0,5,7,41.7
8,2014-10-28,9,20-119,SJS,@,COL,W,0,0,0,0,0,0,0,0,0,0,0,0,2,0.0,19,12:59,0,0,4,10,28.6
9,2014-10-30,10,20-121,SJS,@,MIN,L-SO,0,0,0,-1,0,0,0,0,0,0,0,0,1,0.0,18,13:16,1,2,2,8,20.0
10,2014-11-01,11,20-123,SJS,,NYI,W,0,0,0,0,0,0,0,0,0,0,0,0,0,,16,10:26,1,0,2,4,33.3
11,2014-12-11,12,20-163,SJS,,MIN,W,0,0,0,0,0,0,0,0,0,0,0,0,2,0.0,15,9:22,3,0,1,2,33.3
12,2014-12-13,13,20-165,SJS,,NSH,W,0,0,0,0,2,0,0,0,0,0,0,0,0,,13,7:34,0,0,2,0,100.0
13,2014-12-18,14,20-170,SJS,,EDM,W,0,0,0,-1,2,0,0,0,0,0,0,0,0,,11,7:53,0,1,1,2,33.3
14,2015-02-04,15,20-218,SJS,@,CGY,L,0,0,0,1,0,0,0,0,0,0,0,0,0,,12,6:27,0,0,1,1,50.0
15,2015-02-05,16,20-219,SJS,@,VAN,W,1,1,2,2,0,1,0,0,0,1,0,0,3,33.3,20,10:43,0,0,5,9,35.7
16,2015-02-07,17,20-221,SJS,,CAR,L,0,2,2,2,0,0,0,0,0,2,0,0,1,0.0,21,13:48,1,1,2,6,25.0
17,2015-02-09,18,20-223,SJS,,CGY,L,0,0,0,-1,0,0,0,0,0,0,0,0,2,0.0,17,13:28,0,0,3,3,50.0
18,2015-02-11,19,20-225,SJS,,WSH,L-OT,0,0,0,-1,0,0,0,0,0,0,0,0,0,,14,8:31,1,1,4,6,40.0
19,2015-02-13,20,20-227,SJS,@,ARI,W,0,0,0,0,0,0,0,0,0,0,0,0,1,0.0,22,13:15,0,1,3,6,33.3
20,2015-02-15,21,20-229,SJS,,TBL,L,0,0,0,-1,0,0,0,0,0,0,0,0,4,0.0,18,13:20,0,0,2,1,66.7
21,2015-02-17,22,20-231,SJS,@,NSH,L,0,0,0,0,0,0,0,0,0,0,0,0,1,0.0,17,10:30,1,0,1,3,25.0
22,2015-02-19,23,20-233,SJS,@,DAL,W,0,1,1,2,0,0,0,0,0,1,0,0,0,,17,9:26,0,0,3,7,30.0
23,2015-02-26,24,20-240,SJS,,DET,L,0,0,0,0,0,0,0,0,0,0,0,0,0,,8,4:39,0,0,1,3,25.0
24,2015-03-02,25,20-244,SJS,,MTL,W,0,0,0,0,0,0,0,0,0,0,0,0,0,,17,10:06,0,0,4,6,40.0
25,2015-03-03,26,20-245,SJS,@,VAN,W,1,0,1,1,0,1,0,0,0,0,0,0,3,33.3,15,8:53,1,0,2,3,40.0
26,2015-03-07,27,20-249,SJS,,VAN,L,0,0,0,0,0,0,0,0,0,0,0,0,0,,12,5:38,0,0,4,1,80.0
27,2015-03-09,28,20-251,SJS,,PIT,W,0,1,1,1,0,0,0,0,0,1,0,0,0,,18,12:09,0,0,3,1,75.0
28,2015-03-12,29,20-254,SJS,,NSH,W,0,1,1,0,0,0,0,0,0,0,1,0,0,,22,16:04,0,0,3,4,42.9
29,2015-03-14,30,20-256,SJS,,CHI,L,0,0,0,-2,0,0,0,0,0,0,0,0,3,0.0,22,15:16,0,1,4,3,57.1
30,2015-03-17,31,20-259,SJS,@,WPG,L,0,0,0,0,0,0,0,0,0,0,0,0,1,0.0,19,14:33,0,1,4,4,50.0
31,2015-03-19,32,20-261,SJS,@,TOR,W,0,1,1,1,0,0,0,0,0,1,0,0,3,0.0,20,19:06,0,1,10,4,71.4
32,2015-03-21,33,20-263,SJS,@,MTL,L,0,0,0,0,0,0,0,0,0,0,0,0,0,,19,13:54,1,0,7,6,53.8
33,2015-03-23,34,20-265,SJS,@,OTT,L,1,0,1,0,0,1,0,0,0,0,0,0,1,100.0,21,15:11,0,1,7,5,58.3
34,2015-03-26,35,20-268,SJS,@,DET,W,1,1,2,0,0,1,0,0,0,1,0,0,1,100.0,16,11:48,0,0,4,5,44.4
35,2015-03-28,36,20-270,SJS,@,PHI,W,0,1,1,1,0,0,0,0,0,1,0,0,1,0.0,20,16:30,0,1,4,4,50.0
36,2015-03-29,37,20-271,SJS,@,PIT,L-SO,0,0,0,0,0,0,0,0,0,0,0,0,0,,21,14:58,0,0,4,5,44.4
37,2015-04-01,38,20-274,SJS,,COL,W,1,0,1,1,0,1,0,0,1,0,0,0,1,100.0,20,15:20,0,1,2,6,25.0
38,2015-04-03,39,20-276,SJS,,ARI,W,0,1,1,1,0,0,0,0,0,1,0,0,3,0.0,23,16:26,0,0,5,8,38.5
39,2015-04-04,40,20-277,SJS,@,ARI,L,1,1,2,0,0,0,1,0,0,0,1,0,3,33.3,20,15:15,0,1,6,4,60.0
40,2015-04-06,41,20-279,SJS,,DAL,L,0,1,1,-2,0,0,0,0,0,0,1,0,1,0.0,22,15:15,0,1,5,7,41.7
41,2015-04-09,42,20-282,SJS,@,EDM,W,0,1,1,1,0,0,0,0,0,1,0,0,2,0.0,20,14:17,0,0,2,3,40.0
42,2015-04-11,43,20-284,SJS,@,LAK,L,0,0,0,-1,2,0,0,0,0,0,0,0,0,,20,13:09,0,0,2,4,33.3
43,2015-10-07,1,21-098,SJS,@,LAK,W,0,0,0,0,2,0,0,0,0,0,0,0,1,0.0,22,13:18,0,0,7,9,43.8
44,2015-10-10,2,21-101,SJS,,ANA,W,0,0,0,0,0,0,0,0,0,0,0,0,4,0.0,16,10:22,0,1,4,5,44.4
45,2015-10-13,3,21-104,SJS,@,WSH,W,1,1,2,2,0,1,0,0,0,1,0,0,2,50.0,18,13:44,0,0,6,5,54.5
46,2015-10-16,4,21-107,SJS,@,NJD,W,0,0,0,0,0,0,0,0,0,0,0,0,1,0.0,25,15:18,0,0,7,4,63.6
47,2015-10-17,5,21-108,SJS,@,NYI,L,0,0,0,0,0,0,0,0,0,0,0,0,0,,24,17:57,0,1,6,6,50.0
48,2015-10-19,6,21-110,SJS,@,NYR,L,0,0,0,-1,0,0,0,0,0,0,0,0,0,,23,16:36,1,0,8,6,57.1
49,2015-10-22,7,21-113,SJS,,LAK,L,0,0,0,-1,0,0,0,0,0,0,0,0,2,0.0,19,14:58,0,3,2,8,20.0
50,2015-10-24,8,21-115,SJS,,CAR,W,0,1,1,1,0,0,0,0,0,1,0,0,0,,21,17:05,0,0,7,6,53.8
51,2015-10-28,9,21-119,SJS,,NSH,L,0,0,0,-1,0,0,0,0,0,0,0,0,2,0.0,23,16:28,0,3,9,2,81.8
52,2015-10-31,10,21-122,SJS,@,DAL,L,0,0,0,-2,2,0,0,0,0,0,0,0,3,0.0,22,15:19,0,0,7,6,53.8
53,2015-11-01,11,21-123,SJS,@,COL,W,0,0,0,-1,2,0,0,0,0,0,0,0,1,0.0,27,14:53,0,0,2,8,20.0
54,2015-11-03,12,21-125,SJS,,CBJ,L,0,0,0,-1,2,0,0,0,0,0,0,0,1,0.0,14,9:57,1,1,5,1,83.3
55,2015-11-05,13,21-127,SJS,,FLA,W,1,0,1,1,0,1,0,0,0,0,0,0,3,33.3,21,14:22,0,0,4,8,33.3
56,2015-11-07,14,21-129,SJS,,ANA,L,0,0,0,0,0,0,0,0,0,0,0,0,0,,17,9:54,0,1,5,4,55.6
57,2015-11-10,15,21-132,SJS,,NYI,L,0,0,0,-1,0,0,0,0,0,0,0,0,4,0.0,21,14:16,0,0,6,6,50.0
58,2015-11-13,16,21-135,SJS,@,DET,W,0,1,1,1,0,0,0,0,0,1,0,0,0,,14,8:20,0,2,2,4,33.3
59,2015-11-14,17,21-136,SJS,@,BUF,W,0,0,0,0,0,0,0,0,0,0,0,0,1,0.0,19,12:40,0,0,4,6,40.0
60,2015-11-17,18,21-139,SJS,@,BOS,W,0,0,0,-1,0,0,0,0,0,0,0,0,3,0.0,19,11:00,1,0,5,5,50.0
61,2015-11-19,19,21-141,SJS,@,PHI,W,0,0,0,0,0,0,0,0,0,0,0,0,0,,17,11:15,1,1,5,6,45.5
62,2015-11-21,20,21-143,SJS,@,PIT,W,0,0,0,0,0,0,0,0,0,0,0,0,0,,18,9:44,0,0,3,6,33.3
63,2015-11-22,21,21-144,SJS,@,CBJ,W,0,1,1,0,0,0,0,0,0,1,0,0,0,,21,13:54,0,0,6,8,42.9
64,2015-11-25,22,21-147,SJS,,CHI,L,0,0,0,-2,0,0,0,0,0,0,0,0,0,,19,13:37,0,0,5,3,62.5
65,2015-11-28,23,21-150,SJS,,CGY,W,0,0,0,0,0,0,0,0,0,0,0,0,3,0.0,20,13:00,0,0,3,10,23.1
66,2015-12-01,24,21-153,SJS,,PIT,L,0,0,0,0,0,0,0,0,0,0,0,0,1,0.0,17,12:23,0,0,3,4,42.9
67,2015-12-05,25,21-157,SJS,,TBL,L,0,0,0,0,2,0,0,0,0,0,0,0,1,0.0,14,10:52,0,2,4,3,57.1
68,2015-12-08,26,21-160,SJS,@,CGY,L,1,0,1,0,0,1,0,0,0,0,0,0,1,100.0,20,12:00,0,0,5,5,50.0
69,2015-12-09,27,21-161,SJS,@,EDM,L-OT,0,0,0,0,0,0,0,0,0,0,0,0,0,,19,14:23,0,0,2,8,20.0
70,2015-12-12,28,21-164,SJS,,MIN,L,0,0,0,-1,0,0,0,0,0,0,0,0,2,0.0,22,13:39,0,0,3,5,37.5
71,2015-12-15,29,21-167,SJS,@,MTL,W,0,0,0,0,2,0,0,0,0,0,0,0,1,0.0,24,14:17,0,1,3,5,37.5
72,2015-12-17,30,21-169,SJS,@,TOR,W,0,1,1,0,0,0,0,0,0,1,0,0,2,0.0,25,16:30,0,2,6,11,35.3
73,2015-12-18,31,21-170,SJS,@,OTT,L,0,0,0,-2,0,0,0,0,0,0,0,0,1,0.0,21,13:14,0,1,3,5,37.5
74,2015-12-20,32,21-172,SJS,@,CHI,L-OT,0,0,0,0,0,0,0,0,0,0,0,0,0,,27,17:20,1,0,9,10,47.4
75,2015-12-22,33,21-174,SJS,@,LAK,W,0,0,0,-1,0,0,0,0,0,0,0,0,1,0.0,28,19:00,1,0,6,12,33.3
76,2015-12-28,34,21-180,SJS,,COL,L,0,0,0,-1,0,0,0,0,0,0,0,0,3,0.0,19,12:17,0,0,3,5,37.5
77,2015-12-30,35,21-182,SJS,,PHI,W,0,0,0,0,2,0,0,0,0,0,0,0,2,0.0,17,10:44,2,0,4,3,57.1
78,2016-01-02,36,21-185,SJS,,WPG,L,0,0,0,-1,0,0,0,0,0,0,0,0,1,0.0,19,11:28,1,0,1,3,25.0
79,2016-01-09,37,21-192,SJS,,TOR,W,0,1,1,1,2,0,0,0,0,1,0,0,0,,22,15:43,0,1,6,6,50.0
80,2016-01-11,38,21-194,SJS,@,CGY,W,0,1,1,1,0,0,0,0,0,1,0,0,1,0.0,28,17:37,0,1,4,9,30.8
81,2016-01-12,39,21-195,SJS,@,WPG,W,1,1,2,2,0,0,0,1,0,1,0,0,2,50.0,19,14:46,0,0,3,8,27.3
82,2016-01-14,40,21-197,SJS,,EDM,W,0,0,0,0,0,0,0,0,0,0,0,0,0,,16,10:30,0,0,4,2,66.7
83,2016-01-16,41,21-199,SJS,,DAL,W,1,0,1,-1,0,0,1,0,0,0,0,0,4,25.0,19,10:53,1,1,6,2,75.0
84,2016-01-18,42,21-201,SJS,,OTT,L-SO,0,1,1,0,0,0,0,0,0,1,0,0,2,0.0,19,13:00,0,0,1,6,14.3
85,2016-01-21,43,21-204,SJS,@,ARI,W,1,0,1,1,0,1,0,0,1,0,0,0,2,50.0,20,12:11,0,0,5,2,71.4
86,2016-01-23,44,21-206,SJS,,MIN,W,0,0,0,0,0,0,0,0,0,0,0,0,0,,18,11:53,0,0,6,4,60.0
87,2016-01-24,45,21-207,SJS,,LAK,L-OT,0,0,0,0,0,0,0,0,0,0,0,0,0,,14,9:18,0,0,5,3,62.5
88,2016-01-26,46,21-209,SJS,,COL,W,0,1,1,1,0,0,0,0,0,1,0,0,0,,19,14:41,0,2,8,9,47.1
89,2016-02-02,47,21-216,SJS,@,ANA,L,0,0,0,0,0,0,0,0,0,0,0,0,1,0.0,18,11:21,0,0,7,4,63.6
90,2016-02-04,48,21-218,SJS,@,STL,W,0,0,0,0,0,0,0,0,0,0,0,0,1,0.0,16,10:45,1,1,4,6,40.0
91,2016-02-06,49,21-220,SJS,@,NSH,L,0,0,0,-1,0,0,0,0,0,0,0,0,1,0.0,21,13:18,0,0,4,6,40.0
92,2016-02-09,50,21-223,SJS,@,CHI,W,0,0,0,0,2,0,0,0,0,0,0,0,2,0.0,20,12:06,0,0,3,5,37.5
93,2016-02-11,51,21-225,SJS,,CGY,L-SO,0,0,0,-1,0,0,0,0,0,0,0,0,0,,17,10:26,0,0,5,2,71.4
94,2016-02-13,52,21-227,SJS,,ARI,W,1,0,1,1,0,1,0,0,1,0,0,0,1,100.0,20,11:59,4,2,3,5,37.5
95,2016-02-16,53,21-230,SJS,@,TBL,W,0,0,0,-2,0,0,0,0,0,0,0,0,0,,20,14:28,2,0,2,2,50.0
96,2016-02-18,54,21-232,SJS,@,FLA,W,0,0,0,0,0,0,0,0,0,0,0,0,0,,18,13:29,1,0,4,5,44.4
97,2016-02-19,55,21-233,SJS,@,CAR,L,0,0,0,-1,0,0,0,0,0,0,0,0,4,0.0,21,16:39,0,0,2,8,20.0
98,2016-02-22,56,21-236,SJS,@,STL,W,0,0,0,-1,0,0,0,0,0,0,0,0,1,0.0,18,12:00,2,0,2,6,25.0
99,2016-02-24,57,21-238,SJS,@,COL,L-SO,0,0,0,0,0,0,0,0,0,0,0,0,2,0.0,16,10:12,0,2,0,2,0.0
100,2016-02-26,58,21-240,SJS,,BUF,L,0,0,0,0,0,0,0,0,0,0,0,0,0,,18,12:39,0,0,3,5,37.5
101,2016-02-28,59,21-242,SJS,@,VAN,W,0,0,0,-1,0,0,0,0,0,0,0,0,0,,19,15:26,1,0,2,2,50.0
102,2016-02-29,60,21-243,SJS,,MTL,W,0,2,2,2,2,0,0,0,0,2,0,0,2,0.0,21,14:21,0,1,5,9,35.7
103,2016-03-03,61,21-246,SJS,@,VAN,W,0,0,0,0,0,0,0,0,0,0,0,0,0,,15,11:25,0,0,5,5,50.0
104,2016-03-05,62,21-248,SJS,,VAN,L,0,0,0,1,0,0,0,0,0,0,0,0,0,,17,10:59,0,0,3,3,50.0
105,2016-03-07,63,21-250,SJS,@,CGY,W,0,0,0,0,0,0,0,0,0,0,0,0,2,0.0,19,13:05,0,0,5,8,38.5
106,2016-03-08,64,21-251,SJS,@,EDM,W,0,0,0,0,0,0,0,0,0,0,0,0,1,0.0,20,13:24,0,1,4,6,40.0
107,2016-03-10,65,21-253,SJS,,NJD,L,0,0,0,-1,0,0,0,0,0,0,0,0,2,0.0,20,13:43,0,0,4,6,40.0
108,2016-03-12,66,21-255,SJS,,WSH,W,0,1,1,1,0,0,0,0,0,1,0,0,0,,20,12:32,0,2,6,7,46.2
109,2016-03-15,67,21-258,SJS,,BOS,W,0,0,0,0,0,0,0,0,0,0,0,0,2,0.0,16,11:55,1,1,4,6,40.0
110,2016-03-17,68,21-260,SJS,@,ARI,L,0,0,0,0,0,0,0,0,0,0,0,0,1,0.0,21,14:44,0,2,2,5,28.6
111,2016-03-19,69,21-262,SJS,,NYR,W,0,0,0,0,0,0,0,0,0,0,0,0,3,0.0,21,13:58,0,0,5,14,26.3
112,2016-03-20,70,21-263,SJS,,ARI,W,0,0,0,0,0,0,0,0,0,0,0,0,1,0.0,20,14:04,0,0,3,7,30.0
113,2016-03-22,71,21-265,SJS,,STL,L,0,0,0,0,0,0,0,0,0,0,0,0,2,0.0,20,13:37,0,1,3,6,33.3
114,2016-03-24,72,21-267,SJS,,EDM,L,0,0,0,-3,0,0,0,0,0,0,0,0,1,0.0,20,12:33,0,1,5,4,55.6
115,2016-03-26,73,21-269,SJS,,DAL,L,0,0,0,-2,0,0,0,0,0,0,0,0,2,0.0,22,12:59,0,0,10,3,76.9
116,2016-03-28,74,21-271,SJS,,LAK,W,0,0,0,0,0,0,0,0,0,0,0,0,0,,19,12:46,1,0,7,2,77.8
117,2016-03-29,75,21-272,SJS,@,VAN,W,0,0,0,0,0,0,0,0,0,0,0,0,1,0.0,21,13:17,0,0,8,6,57.1
118,2016-03-31,76,21-274,SJS,,VAN,L,0,0,0,0,0,0,0,0,0,0,0,0,0,,19,13:08,0,0,6,5,54.5
119,2016-04-02,77,21-276,SJS,@,NSH,W,0,0,0,-1,0,0,0,0,0,0,0,0,1,0.0,18,11:25,0,0,9,4,69.2
120,2016-04-07,78,21-281,SJS,,WPG,L,0,0,0,0,0,0,0,0,0,0,0,0,1,0.0,20,12:27,1,1,8,6,57.1
121,2016-04-09,79,21-283,SJS,,ARI,W,0,0,0,0,0,0,0,0,0,0,0,0,3,0.0,19,14:25,0,0,7,5,58.3
122,2016-10-12,1,22-103,SJS,,LAK,W,0,0,0,0,0,0,0,0,0,0,0,0,0,,21,16:15,0,1,3,8,27.3
123,2016-10-15,2,22-106,SJS,@,CBJ,W,0,1,1,1,0,0,0,0,0,1,0,0,2,0.0,21,16:23,0,0,1,5,16.7
124,2016-10-17,3,22-108,SJS,@,NYR,L,0,0,0,-1,0,0,0,0,0,0,0,0,0,,18,11:24,0,1,3,5,37.5
125,2016-10-18,4,22-109,SJS,@,NYI,W,0,0,0,-1,0,0,0,0,0,0,0,0,1,0.0,22,17:05,0,1,3,4,42.9
126,2016-10-20,5,22-111,SJS,@,PIT,L,0,0,0,-1,0,0,0,0,0,0,0,0,1,0.0,20,12:49,1,2,3,2,60.0
127,2016-10-22,6,22-113,SJS,@,DET,L,0,0,0,-1,0,0,0,0,0,0,0,0,1,0.0,19,11:41,0,0,2,8,20.0
128,2016-10-25,7,22-116,SJS,,ANA,W,0,0,0,0,0,0,0,0,0,0,0,0,1,0.0,13,8:05,0,0,2,1,66.7
129,2016-10-27,8,22-118,SJS,,CBJ,W,0,0,0,0,0,0,0,0,0,0,0,0,0,,20,12:06,2,0,4,4,50.0
130,2016-10-29,9,22-120,SJS,,NSH,W,0,0,0,1,0,0,0,0,0,0,0,0,1,0.0,20,13:14,2,4,5,3,62.5
131,2016-11-01,10,22-123,SJS,@,ARI,L,0,0,0,-1,0,0,0,0,0,0,0,0,1,0.0,18,10:04,1,0,2,2,50.0
132,2016-11-03,11,22-125,SJS,,CGY,L,0,1,1,0,0,0,0,0,0,1,0,0,3,0.0,20,12:40,0,0,5,2,71.4
133,2016-11-05,12,22-127,SJS,,PIT,L,0,0,0,-1,0,0,0,0,0,0,0,0,1,0.0,19,11:38,2,0,7,4,63.6
134,2016-11-08,13,22-130,SJS,@,WSH,W,0,0,0,0,0,0,0,0,0,0,0,0,1,0.0,19,13:37,2,0,6,3,66.7
135,2016-11-10,14,22-132,SJS,@,FLA,W,0,1,1,1,0,0,0,0,0,1,0,0,0,,17,12:37,0,0,6,4,60.0
136,2016-11-12,15,22-134,SJS,@,TBL,W,0,1,1,1,0,0,0,0,0,1,0,0,1,0.0,21,14:37,1,2,3,5,37.5
137,2016-11-15,16,22-137,SJS,@,CAR,L,0,0,0,0,0,0,0,0,0,0,0,0,0,,16,10:33,0,0,0,8,0.0
138,2016-11-17,17,22-139,SJS,@,STL,L,0,0,0,-1,0,0,0,0,0,0,0,0,1,0.0,14,8:11,0,1,2,7,22.2
139,2016-11-19,18,22-141,SJS,@,ARI,L-OT,0,0,0,0,0,0,0,0,0,0,0,0,1,0.0,25,13:19,1,1,8,7,53.3
140,2016-11-21,19,22-143,SJS,,NJD,W,1,0,1,1,0,0,0,1,1,0,0,0,1,100.0,20,12:53,0,1,6,5,54.5
141,2016-11-23,20,22-145,SJS,,CHI,W,0,1,1,0,0,0,0,0,0,0,0,1,1,0.0,23,16:14,0,0,1,3,25.0
142,2016-11-25,21,22-147,SJS,,NYI,W,0,1,1,0,0,0,0,0,0,1,0,0,2,0.0,24,15:54,0,0,6,9,40.0
143,2016-11-26,22,22-148,SJS,,ANA,L,0,0,0,0,0,0,0,0,0,0,0,0,0,,24,14:48,1,0,4,6,40.0
144,2016-11-29,23,22-151,SJS,,ARI,W,1,0,1,1,0,1,0,0,0,0,0,0,2,50.0,21,12:17,0,0,5,4,55.6
145,2016-11-30,24,22-152,SJS,@,LAK,W,0,0,0,0,0,0,0,0,0,0,0,0,1,0.0,21,14:51,1,0,7,6,53.8
146,2016-12-02,25,22-154,SJS,,MTL,W,0,0,0,0,0,0,0,0,0,0,0,0,1,0.0,23,15:54,1,1,13,8,61.9
147,2016-12-07,26,22-159,SJS,,OTT,L,0,0,0,-1,0,0,0,0,0,0,0,0,3,0.0,25,16:08,0,1,11,7,61.1
148,2016-12-09,27,22-161,SJS,@,ANA,L,0,0,0,-1,0,0,0,0,0,0,0,0,0,,24,17:19,0,1,9,6,60.0
149,2016-12-10,28,22-162,SJS,,CAR,W,0,0,0,1,0,0,0,0,0,0,0,0,1,0.0,22,14:43,0,1,5,4,55.6
150,2016-12-13,29,22-165,SJS,@,TOR,W,0,1,1,0,0,0,0,0,0,1,0,0,1,0.0,23,14:14,0,0,4,12,25.0
151,2016-12-14,30,22-166,SJS,@,OTT,W,1,0,1,0,0,1,0,0,0,0,0,0,2,50.0,29,19:13,0,0,6,8,42.9
152,2016-12-16,31,22-168,SJS,@,MTL,W,0,0,0,0,0,0,0,0,0,0,0,0,1,0.0,24,15:21,0,0,5,6,45.5
153,2016-12-18,32,22-170,SJS,@,CHI,L,0,0,0,-1,0,0,0,0,0,0,0,0,5,0.0,23,17:53,2,0,8,5,61.5
154,2016-12-20,33,22-172,SJS,,CGY,W,0,0,0,0,0,0,0,0,0,0,0,0,0,,21,16:19,0,2,6,9,40.0
155,2016-12-23,34,22-175,SJS,,EDM,W,0,0,0,-1,0,0,0,0,0,0,0,0,0,,28,15:48,0,1,9,8,52.9
156,2016-12-27,35,22-179,SJS,@,ANA,W,0,0,0,0,0,0,0,0,0,0,0,0,1,0.0,19,14:05,0,0,4,8,33.3
157,2016-12-30,36,22-182,SJS,,PHI,W,0,0,0,0,0,0,0,0,0,0,0,0,0,,20,16:49,0,0,7,2,77.8
158,2016-12-31,37,22-183,SJS,@,LAK,L,0,0,0,-1,0,0,0,0,0,0,0,0,0,,20,15:13,1,0,5,8,38.5
159,2017-01-03,38,22-186,SJS,,LAK,L-OT,0,0,0,0,0,0,0,0,0,0,0,0,2,0.0,25,15:12,1,1,6,6,50.0
160,2017-01-05,39,22-188,SJS,,MIN,L,0,1,1,2,0,0,0,0,0,1,0,0,0,,22,16:13,2,0,5,7,41.7
161,2017-01-07,40,22-190,SJS,,DET,W,0,0,0,2,0,0,0,0,0,0,0,0,0,,22,15:46,0,1,6,5,54.5
162,2017-01-10,41,22-193,SJS,@,EDM,W,0,0,0,-2,0,0,0,0,0,0,0,0,1,0.0,24,16:35,0,1,4,1,80.0
163,2017-01-11,42,22-194,SJS,@,CGY,L,0,0,0,-1,0,0,0,0,0,0,0,0,0,,21,15:15,1,1,3,4,42.9
164,2017-01-14,43,22-197,SJS,,STL,L,0,0,0,-1,0,0,0,0,0,0,0,0,0,,21,15:09,0,1,6,8,42.9
165,2017-01-16,44,22-199,SJS,,WPG,W,1,1,2,3,2,1,0,0,0,1,0,0,1,100.0,21,16:07,0,1,3,3,50.0
166,2017-01-18,45,22-201,SJS,@,LAK,W,0,0,0,-1,0,0,0,0,0,0,0,0,2,0.0,27,16:27,0,2,7,7,50.0
167,2017-01-19,46,22-202,SJS,,TBL,W,0,0,0,0,0,0,0,0,0,0,0,0,2,0.0,25,16:15,0,0,4,5,44.4
168,2017-01-21,47,22-204,SJS,,COL,W,0,0,0,0,0,0,0,0,0,0,0,0,1,0.0,18,14:19,2,1,7,2,77.8
169,2017-01-23,48,22-206,SJS,@,COL,W,0,0,0,0,0,0,0,0,0,0,0,0,0,,27,18:26,0,0,4,7,36.4
170,2017-01-24,49,22-207,SJS,@,WPG,W,0,0,0,-1,0,0,0,0,0,0,0,0,2,0.0,23,16:34,0,0,4,3,57.1
171,2017-01-26,50,22-209,SJS,,EDM,L,0,0,0,0,0,0,0,0,0,0,0,0,1,0.0,20,16:31,0,0,3,5,37.5
172,2017-01-31,51,22-214,SJS,,CHI,W,0,0,0,0,0,0,0,0,0,0,0,0,0,,24,17:08,1,0,4,3,57.1
173,2017-02-02,52,22-216,SJS,@,VAN,W,2,0,2,0,0,1,1,0,1,0,0,0,5,40.0,22,16:47,1,2,5,6,45.5
174,2017-02-04,53,22-218,SJS,,ARI,L-SO,0,0,0,0,0,0,0,0,0,0,0,0,0,,22,14:41,0,1,2,4,33.3
175,2017-02-07,54,22-221,SJS,@,BUF,L-OT,0,0,0,1,0,0,0,0,0,0,0,0,0,,21,13:52,0,0,8,1,88.9
176,2017-02-09,55,22-223,SJS,@,BOS,L,0,0,0,-1,2,0,0,0,0,0,0,0,1,0.0,22,13:58,0,0,9,5,64.3
177,2017-02-11,56,22-225,SJS,@,PHI,L-OT,0,0,0,0,0,0,0,0,0,0,0,0,0,,22,15:33,1,0,9,9,50.0
178,2017-02-12,57,22-226,SJS,@,NJD,W,0,0,0,-1,0,0,0,0,0,0,0,0,2,0.0,21,14:10,1,0,6,3,66.7
179,2017-02-15,58,22-229,SJS,,FLA,L-OT,0,0,0,-2,0,0,0,0,0,0,0,0,0,,20,13:36,0,0,8,4,66.7
180,2017-02-18,59,22-232,SJS,@,ARI,W,0,0,0,3,0,0,0,0,0,0,0,0,0,,21,14:42,0,0,4,7,36.4
181,2017-02-19,60,22-233,SJS,,BOS,L-OT,0,0,0,0,0,0,0,0,0,0,0,0,0,,24,15:56,0,1,4,6,40.0
182,2017-02-25,61,22-239,SJS,@,VAN,W,0,2,2,1,0,0,0,0,0,2,0,0,1,0.0,24,16:51,0,0,1,3,25.0
183,2017-02-28,62,22-242,SJS,,TOR,W,0,0,0,0,0,0,0,0,0,0,0,0,0,,20,14:18,2,0,3,6,33.3
184,2017-03-02,63,22-244,SJS,,VAN,W,0,0,0,0,0,0,0,0,0,0,0,0,6,0.0,22,15:10,0,0,4,4,50.0
185,2017-03-05,64,22-247,SJS,@,MIN,L,0,0,0,1,0,0,0,0,0,0,0,0,2,0.0,26,14:38,0,0,6,8,42.9
186,2017-03-06,65,22-248,SJS,@,WPG,W,0,0,0,0,0,0,0,0,0,0,0,0,1,0.0,24,14:59,1,2,7,9,43.8
187,2017-03-09,66,22-251,SJS,,WSH,W,0,0,0,-1,0,0,0,0,0,0,0,0,1,0.0,22,14:25,2,2,2,3,40.0
188,2017-03-11,67,22-253,SJS,,NSH,L,0,0,0,-1,0,0,0,0,0,0,0,0,2,0.0,18,12:18,2,1,1,6,14.3
189,2017-03-12,68,22-254,SJS,,DAL,W,1,0,1,1,0,1,0,0,0,0,0,0,2,50.0,21,14:08,1,0,6,6,50.0
190,2017-03-14,69,22-256,SJS,,BUF,W,0,0,0,0,0,0,0,0,0,0,0,0,1,0.0,18,15:52,0,1,11,3,78.6
191,2017-03-16,70,22-258,SJS,,STL,L,0,0,0,-1,0,0,0,0,0,0,0,0,1,0.0,20,12:56,2,0,2,7,22.2
192,2017-03-18,71,22-260,SJS,,ANA,L,0,0,0,0,0,0,0,0,0,0,0,0,2,0.0,18,10:55,2,1,0,5,0.0
193,2017-03-21,72,22-263,SJS,@,MIN,L,0,0,0,0,0,0,0,0,0,0,0,0,0,,19,13:00,1,0,5,4,55.6
194,2017-03-24,73,22-266,SJS,@,DAL,L,0,0,0,-4,0,0,0,0,0,0,0,0,1,0.0,21,14:05,1,0,8,5,61.5
195,2017-03-28,74,22-270,SJS,,NYR,W,2,0,2,3,2,2,0,0,0,0,0,0,5,40.0,21,10:55,3,0,4,4,50.0
196,2017-03-30,75,22-272,SJS,@,EDM,L,0,0,0,0,0,0,0,0,0,0,0,0,3,0.0,25,14:57,3,0,2,8,20.0
197,2017-03-31,76,22-273,SJS,@,CGY,L,0,0,0,0,0,0,0,0,0,0,0,0,0,,24,15:00,0,1,7,4,63.6
198,2017-04-02,77,22-275,SJS,@,VAN,W,0,0,0,1,0,0,0,0,0,0,0,0,0,,24,18:36,0,1,2,5,28.6
199,2017-04-04,78,22-277,SJS,,VAN,W,1,0,1,1,0,1,0,0,0,0,0,0,2,50.0,23,14:21,1,0,7,6,53.8
200,2017-04-06,79,22-279,SJS,,EDM,L,0,0,0,1,0,0,0,0,0,0,0,0,1,0.0,19,13:48,1,0,7,6,53.8
201,2017-04-08,80,22-281,SJS,,CGY,W,1,1,2,2,0,1,0,0,0,1,0,0,1,100.0,21,15:40,0,1,7,5,58.3
202,2017-10-04,1,23-095,SJS,,PHI,L,0,0,0,0,0,0,0,0,0,0,0,0,1,0.0,20,14:56,1,1,3,4,42.9
203,2017-10-07,2,23-098,SJS,,LAK,L,0,0,0,-1,0,0,0,0,0,0,0,0,1,0.0,24,13:40,2,1,10,2,83.3
204,2017-10-12,3,23-103,SJS,,BUF,W,1,1,2,2,0,1,0,0,0,1,0,0,2,50.0,22,12:05,0,2,7,6,53.8
205,2017-10-14,4,23-105,SJS,,NYI,L,0,0,0,0,0,0,0,0,0,0,0,0,0,,20,14:22,2,0,5,2,71.4
206,2017-10-17,5,23-108,SJS,,MTL,W,0,0,0,0,0,0,0,0,0,0,0,0,1,0.0,20,13:37,1,0,4,4,50.0
207,2017-10-20,6,23-111,SJS,@,NJD,W,0,0,0,0,0,0,0,0,0,0,0,0,1,0.0,25,15:48,0,0,5,3,62.5
208,2017-10-21,7,23-112,SJS,@,NYI,L,0,0,0,-1,0,0,0,0,0,0,0,0,0,,17,12:06,1,0,3,2,60.0
209,2017-10-23,8,23-114,SJS,@,NYR,W,0,0,0,0,0,0,0,0,0,0,0,0,1,0.0,28,14:21,0,0,9,3,75.0
210,2017-10-26,9,23-117,SJS,@,BOS,L,0,0,0,0,0,0,0,0,0,0,0,0,2,0.0,20,13:22,0,0,8,3,72.7
211,2017-10-28,10,23-119,SJS,@,BUF,W,1,0,1,1,0,1,0,0,0,0,0,0,2,50.0,25,16:00,0,1,6,8,42.9
212,2017-10-30,11,23-121,SJS,,TOR,W,0,1,1,0,0,0,0,0,0,1,0,0,1,0.0,20,14:07,0,1,8,2,80.0
213,2017-11-01,12,23-123,SJS,,NSH,W,0,1,1,1,0,0,0,0,0,1,0,0,0,,20,12:57,0,0,2,9,18.2
214,2017-11-04,13,23-126,SJS,,ANA,W,0,0,0,-1,0,0,0,0,0,0,0,0,3,0.0,21,15:03,0,0,5,5,50.0
215,2017-11-08,14,23-130,SJS,,TBL,L,0,0,0,0,0,0,0,0,0,0,0,0,0,,22,15:25,1,1,5,5,50.0
216,2017-11-11,15,23-133,SJS,,VAN,W,2,0,2,2,0,0,0,2,0,0,0,0,3,66.7,22,16:27,0,0,3,6,33.3
217,2017-11-12,16,23-134,SJS,@,LAK,W,0,0,0,0,0,0,0,0,0,0,0,0,2,0.0,19,15:24,0,2,4,4,50.0
218,2017-11-16,17,23-138,SJS,,FLA,L,0,0,0,0,0,0,0,0,0,0,0,0,0,,20,12:01,1,0,8,4,66.7
219,2017-11-18,18,23-140,SJS,,BOS,L,0,0,0,0,0,0,0,0,0,0,0,0,2,0.0,18,13:44,0,1,5,9,35.7
220,2017-11-20,19,23-142,SJS,,ANA,L-SO,0,0,0,-1,0,0,0,0,0,0,0,0,1,0.0,17,12:02,0,0,9,5,64.3
221,2017-11-22,20,23-144,SJS,@,ARI,W,0,0,0,0,0,0,0,0,0,0,0,0,0,,22,17:56,0,1,4,4,50.0
222,2017-11-24,21,23-146,SJS,@,VEG,L-OT,1,0,1,1,0,1,0,0,0,0,0,0,1,100.0,24,13:25,0,0,1,4,20.0
223,2017-11-25,22,23-147,SJS,,WPG,W,0,0,0,0,0,0,0,0,0,0,0,0,1,0.0,21,15:38,0,0,8,5,61.5
224,2017-11-28,23,23-150,SJS,@,PHI,W,1,0,1,1,0,1,0,0,0,0,0,0,2,50.0,24,16:11,0,1,3,9,25.0
225,2017-12-01,24,23-153,SJS,@,FLA,W,1,0,1,0,0,1,0,0,1,0,0,0,2,50.0,23,16:39,1,2,6,5,54.5
226,2017-12-02,25,23-154,SJS,@,TBL,L,0,0,0,-1,0,0,0,0,0,0,0,0,1,0.0,26,16:19,0,0,4,3,57.1
227,2017-12-04,26,23-156,SJS,@,WSH,L,0,0,0,0,0,0,0,0,0,0,0,0,0,,23,17:23,0,0,5,5,50.0
228,2017-12-07,27,23-159,SJS,,CAR,W,0,1,1,0,0,0,0,0,0,0,0,1,1,0.0,21,14:55,1,0,3,4,42.9
229,2017-12-09,28,23-161,SJS,,OTT,W,0,0,0,1,0,0,0,0,0,0,0,0,3,0.0,22,17:08,0,1,3,6,33.3
230,2017-12-10,29,23-162,SJS,,MIN,L-OT,0,0,0,0,0,0,0,0,0,0,0,0,2,0.0,25,17:14,0,0,5,3,62.5
231,2017-12-14,30,23-166,SJS,@,CGY,W,1,1,2,1,0,0,1,0,0,1,0,0,1,100.0,26,16:23,0,0,10,7,58.8
232,2017-12-15,31,23-167,SJS,@,VAN,L-OT,0,0,0,-1,0,0,0,0,0,0,0,0,3,0.0,25,16:31,0,0,3,4,42.9
233,2017-12-18,32,23-170,SJS,@,EDM,L,0,0,0,-2,0,0,0,0,0,0,0,0,2,0.0,29,16:54,0,0,10,6,62.5
234,2017-12-21,33,23-173,SJS,,VAN,W,0,0,0,-2,0,0,0,0,0,0,0,0,1,0.0,29,19:36,0,0,12,10,54.5
235,2017-12-23,34,23-175,SJS,,LAK,W,0,0,0,0,2,0,0,0,0,0,0,0,3,0.0,26,16:59,0,0,8,5,61.5
236,2017-12-28,35,23-180,SJS,,CGY,W,0,0,0,0,0,0,0,0,0,0,0,0,2,0.0,23,17:24,0,1,6,5,54.5
237,2017-12-31,36,23-183,SJS,@,DAL,L,0,0,0,-2,0,0,0,0,0,0,0,0,1,0.0,24,16:11,0,0,4,6,40.0
238,2018-01-02,37,23-185,SJS,@,MTL,W,0,1,1,1,0,0,0,0,0,0,1,0,1,0.0,26,18:09,0,3,10,4,71.4
239,2018-01-04,38,23-187,SJS,@,TOR,L-SO,1,0,1,1,0,1,0,0,0,0,0,0,4,25.0,23,15:19,0,0,4,8,33.3
240,2018-01-05,39,23-188,SJS,@,OTT,L-OT,1,0,1,0,0,0,1,0,0,0,0,0,3,33.3,22,17:10,0,1,5,8,38.5
241,2018-01-07,40,23-190,SJS,@,WPG,L,0,0,0,0,2,0,0,0,0,0,0,0,1,0.0,23,15:54,1,0,4,10,28.6
242,2018-01-13,41,23-196,SJS,,ARI,W,0,1,1,2,0,0,0,0,0,1,0,0,3,0.0,23,17:20,0,1,8,3,72.7
243,2018-01-15,42,23-198,SJS,@,LAK,W,1,1,2,2,0,1,0,0,0,1,0,0,4,25.0,21,17:40,0,0,1,7,12.5
244,2018-01-16,43,23-199,SJS,@,ARI,W,0,0,0,0,0,0,0,0,0,0,0,0,2,0.0,23,15:25,1,0,8,4,66.7
245,2018-01-18,44,23-201,SJS,@,COL,L,0,0,0,0,0,0,0,0,0,0,0,0,2,0.0,23,16:59,0,0,9,8,52.9
246,2018-01-20,45,23-203,SJS,,PIT,W,0,0,0,0,0,0,0,0,0,0,0,0,1,0.0,24,16:19,0,2,6,2,75.0
247,2018-01-21,46,23-204,SJS,@,ANA,W,0,2,2,2,0,0,0,0,0,1,1,0,2,0.0,24,18:48,0,0,8,14,36.4
248,2018-01-23,47,23-206,SJS,,WPG,L-OT,1,0,1,-1,0,0,1,0,0,0,0,0,2,50.0,25,19:11,0,2,5,9,35.7
249,2018-01-25,48,23-208,SJS,,NYR,L,0,1,1,0,0,0,0,0,0,1,0,0,1,0.0,23,16:21,1,1,4,7,36.4
250,2018-01-30,49,23-213,SJS,@,PIT,L,0,0,0,-2,0,0,0,0,0,0,0,0,2,0.0,25,16:00,0,1,6,3,66.7
251,2018-01-31,50,23-214,SJS,@,DET,L-SO,0,0,0,0,0,0,0,0,0,0,0,0,0,,27,19:30,1,0,5,6,45.5
252,2018-02-02,51,23-216,SJS,@,CBJ,W,0,0,0,-1,0,0,0,0,0,0,0,0,0,,22,16:43,0,0,3,10,23.1
253,2018-02-04,52,23-218,SJS,@,CAR,W,1,0,1,1,0,1,0,0,1,0,0,0,1,100.0,22,17:08,0,0,5,5,50.0
254,2018-02-06,53,23-220,SJS,@,COL,L,0,0,0,-3,0,0,0,0,0,0,0,0,2,0.0,26,19:01,0,0,9,5,64.3
255,2018-02-08,54,23-222,SJS,,VEG,L,0,1,1,-1,2,0,0,0,0,0,1,0,1,0.0,27,17:26,0,0,9,9,50.0
256,2018-02-10,55,23-224,SJS,,EDM,W,0,1,1,0,0,0,0,0,0,1,0,0,0,,22,16:18,0,0,10,6,62.5
257,2018-02-11,56,23-225,SJS,@,ANA,W,0,0,0,-1,0,0,0,0,0,0,0,0,1,0.0,29,17:56,2,1,8,5,61.5
258,2018-02-13,57,23-227,SJS,,ARI,L,0,0,0,1,0,0,0,0,0,0,0,0,2,0.0,29,20:35,1,0,14,13,51.9
259,2018-02-15,58,23-229,SJS,,VAN,W,1,1,2,3,0,1,0,0,0,1,0,0,1,100.0,24,18:59,0,0,5,11,31.3
260,2018-02-18,59,23-232,SJS,,DAL,W,0,1,1,1,0,0,0,0,0,1,0,0,1,0.0,26,16:49,0,0,7,7,50.0
261,2018-02-20,60,23-234,SJS,@,STL,W,0,1,1,1,0,0,0,0,0,1,0,0,1,0.0,24,17:31,1,1,7,10,41.2
262,2018-02-22,61,23-236,SJS,@,NSH,L,0,0,0,-3,0,0,0,0,0,0,0,0,0,,22,15:23,0,0,4,8,33.3
263,2018-02-23,62,23-237,SJS,@,CHI,L,0,0,0,1,0,0,0,0,0,0,0,0,3,0.0,25,16:38,0,1,11,6,64.7
264,2018-02-25,63,23-239,SJS,@,MIN,L-OT,1,0,1,-1,0,1,0,0,0,0,0,0,3,33.3,24,14:12,0,2,6,6,50.0
265,2018-02-27,64,23-241,SJS,,EDM,W,1,0,1,0,0,1,0,0,0,0,0,0,2,50.0,20,13:18,1,1,5,3,62.5
266,2018-03-01,65,23-243,SJS,,CHI,W,0,1,1,1,0,0,0,0,0,1,0,0,0,,20,14:25,0,1,8,7,53.3
267,2018-03-04,66,23-246,SJS,,CBJ,L,0,0,0,0,0,0,0,0,0,0,0,0,0,,19,13:22,1,1,10,1,90.9
268,2018-03-08,67,23-250,SJS,,STL,W,0,0,0,1,0,0,0,0,0,0,0,0,1,0.0,16,11:28,0,1,2,3,40.0
269,2018-03-10,68,23-252,SJS,,WSH,L,0,0,0,-1,0,0,0,0,0,0,0,0,1,0.0,20,15:37,0,1,3,5,37.5
270,2018-03-12,69,23-254,SJS,,DET,W,1,1,2,2,0,1,0,0,0,1,0,0,3,33.3,20,13:26,0,2,5,8,38.5
271,2018-03-14,70,23-256,SJS,@,EDM,W,0,0,0,-2,0,0,0,0,0,0,0,0,2,0.0,19,17:22,0,0,4,4,50.0
272,2018-03-16,71,23-258,SJS,@,CGY,W,0,1,1,-1,2,0,0,0,0,1,0,0,2,0.0,23,14:33,2,0,6,3,66.7
273,2018-03-17,72,23-259,SJS,@,VAN,W,0,0,0,1,0,0,0,0,0,0,0,0,2,0.0,24,17:59,0,1,7,6,53.8
274,2018-03-20,73,23-262,SJS,,NJD,W,0,1,1,-1,0,0,0,0,0,0,1,0,0,,23,16:05,1,0,6,5,54.5
275,2018-03-22,74,23-264,SJS,,VEG,W,0,0,0,0,0,0,0,0,0,0,0,0,1,0.0,20,13:45,0,0,3,5,37.5
276,2018-03-24,75,23-266,SJS,,CGY,W,0,2,2,2,0,0,0,0,0,1,0,1,1,0.0,22,17:12,0,1,7,9,43.8
277,2018-03-26,76,23-268,SJS,@,CHI,W,0,0,0,-1,0,0,0,0,0,0,0,0,3,0.0,23,19:53,1,2,5,2,71.4
278,2018-03-27,77,23-269,SJS,@,STL,L-OT,0,0,0,0,0,0,0,0,0,0,0,0,1,0.0,24,17:24,0,1,7,8,46.7
279,2018-03-29,78,23-271,SJS,@,NSH,L,0,1,1,-1,0,0,0,0,0,1,0,0,2,0.0,23,18:36,0,1,5,4,55.6
280,2018-03-31,79,23-273,SJS,@,VEG,L,0,0,0,0,0,0,0,0,0,0,0,0,0,,22,16:09,0,0,2,9,18.2
281,2018-04-03,80,23-276,SJS,,DAL,L,0,0,0,0,0,0,0,0,0,0,0,0,3,0.0,21,15:57,1,0,9,7,56.3
282,2018-04-05,81,23-278,SJS,,COL,W,0,0,0,0,0,0,0,0,0,0,0,0,0,,20,16:36,0,0,6,4,60.0
283,2018-04-07,82,23-280,SJS,,MIN,L,0,0,0,-1,0,0,0,0,0,0,0,0,1,0.0,17,13:55,0,0,3,4,42.9
284,2018-10-04,1,24-095,OTT,,CHI,L-OT,0,1,1,-1,2,0,0,0,0,0,1,0,0,,24,16:19,1,0,6,6,50.0
285,2018-10-06,2,24-097,OTT,@,TOR,W,1,0,1,2,0,1,0,0,0,0,0,0,1,100.0,22,18:06,0,2,14,9,60.9
286,2018-10-08,3,24-099,OTT,@,BOS,L,0,1,1,1,0,0,0,0,0,1,0,0,0,,19,17:25,0,0,4,6,40.0
287,2018-10-10,4,24-101,OTT,,PHI,L,0,3,3,-3,2,0,0,0,0,0,3,0,2,0.0,20,16:26,1,1,6,7,46.2
288,2018-10-13,5,24-104,OTT,,LAK,W,1,0,1,1,0,1,0,0,0,0,0,0,1,100.0,25,19:27,0,0,12,7,63.2
289,2018-10-15,6,24-106,OTT,,DAL,W,0,1,1,1,2,0,0,0,0,1,0,0,2,0.0,21,16:16,1,0,7,5,58.3
290,2018-10-20,7,24-111,OTT,,MTL,W,0,1,1,1,0,0,0,0,0,1,0,0,4,0.0,27,21:09,0,1,6,12,33.3
291,2018-10-23,8,24-114,OTT,,BOS,L,0,0,0,0,0,0,0,0,0,0,0,0,4,0.0,25,18:13,0,0,10,9,52.6
292,2018-10-26,9,24-117,OTT,@,COL,L,0,1,1,0,0,0,0,0,0,1,0,0,1,0.0,25,17:26,0,1,7,9,43.8
293,2018-10-28,10,24-119,OTT,@,VEG,L-OT,0,0,0,1,0,0,0,0,0,0,0,0,1,0.0,28,19:06,1,3,12,10,54.5
294,2018-10-30,11,24-121,OTT,@,ARI,L,0,1,1,-1,0,0,0,0,0,1,0,0,3,0.0,25,22:56,0,2,3,11,21.4
295,2018-11-01,12,24-123,OTT,,BUF,W,0,0,0,0,0,0,0,0,0,0,0,0,2,0.0,24,19:43,0,2,6,8,42.9
296,2018-11-03,13,24-125,OTT,@,BUF,L,0,0,0,-2,0,0,0,0,0,0,0,0,2,0.0,24,18:29,0,3,8,11,42.1
297,2018-11-04,14,24-126,OTT,,TBL,L-OT,0,1,1,1,2,0,0,0,0,1,0,0,2,0.0,23,17:14,0,2,9,7,56.3
298,2018-11-06,15,24-128,OTT,,NJD,W,0,2,2,1,0,0,0,0,0,2,0,0,3,0.0,26,21:42,0,0,12,11,52.2
299,2018-11-08,16,24-130,OTT,,VEG,L,0,1,1,1,0,0,0,0,0,1,0,0,1,0.0,23,21:40,0,0,7,7,50.0
300,2018-11-10,17,24-132,OTT,@,TBL,W,0,0,0,-2,2,0,0,0,0,0,0,0,5,0.0,23,16:35,0,0,10,5,66.7
301,2018-11-11,18,24-133,OTT,@,FLA,L,0,1,1,-2,0,0,0,0,0,0,1,0,1,0.0,27,18:50,0,1,7,13,35.0
302,2018-11-15,19,24-137,OTT,,DET,W,0,0,0,0,0,0,0,0,0,0,0,0,1,0.0,21,15:04,0,0,8,4,66.7
303,2018-11-17,20,24-139,OTT,,PIT,W,0,0,0,0,0,0,0,0,0,0,0,0,0,,17,12:20,0,1,5,6,45.5
304,2018-11-19,21,24-141,OTT,,FLA,L,0,1,1,-1,0,0,0,0,0,1,0,0,1,0.0,17,13:33,0,2,6,8,42.9
305,2018-11-21,22,24-143,OTT,@,MIN,L,1,0,1,0,0,1,0,0,0,0,0,0,3,33.3,20,15:33,0,0,9,2,81.8
306,2018-11-23,23,24-145,OTT,@,DAL,L,0,0,0,-2,0,0,0,0,0,0,0,0,2,0.0,25,15:28,0,0,8,12,40.0
307,2018-11-26,24,24-148,OTT,@,NYR,L,0,0,0,-1,0,0,0,0,0,0,0,0,1,0.0,16,13:56,0,1,8,3,72.7
308,2018-11-27,25,24-149,OTT,@,PHI,W,0,0,0,-3,0,0,0,0,0,0,0,0,0,,18,13:22,1,0,2,4,33.3
309,2018-11-29,26,24-151,OTT,,NYR,W,0,0,0,0,0,0,0,0,0,0,0,0,1,0.0,14,10:11,0,0,5,2,71.4
310,2018-12-01,27,24-153,OTT,,SJS,W,0,1,1,2,0,0,0,0,0,1,0,0,0,,18,13:53,0,0,3,6,33.3
311,2018-12-04,28,24-156,OTT,@,MTL,L,0,1,1,0,2,0,0,0,0,1,0,0,0,,19,14:39,0,0,8,4,66.7
312,2018-12-06,29,24-158,OTT,,MTL,L,0,0,0,0,0,0,0,0,0,0,0,0,2,0.0,21,15:22,0,1,9,4,69.2
313,2018-12-08,30,24-160,OTT,,PIT,W,0,0,0,0,0,0,0,0,0,0,0,0,5,0.0,23,19:27,1,2,8,7,53.3
314,2018-12-09,31,24-161,OTT,,BOS,L-OT,0,0,0,0,0,0,0,0,0,0,0,0,0,,25,22:17,0,1,11,7,61.1
315,2018-12-11,32,24-163,OTT,@,NSH,L,0,0,0,0,2,0,0,0,0,0,0,0,1,0.0,23,19:10,1,0,8,5,61.5
316,2018-12-14,33,24-166,OTT,@,DET,W,1,1,2,0,0,1,0,0,0,0,1,0,3,33.3,26,20:42,0,3,6,11,35.3
317,2018-12-15,34,24-167,OTT,@,MTL,L,0,0,0,-3,0,0,0,0,0,0,0,0,0,,25,19:58,0,1,8,9,47.1
318,2018-12-17,35,24-169,OTT,,NSH,W,0,0,0,0,0,0,0,0,0,0,0,0,5,0.0,28,21:35,0,0,10,11,47.6
319,2018-12-21,36,24-173,OTT,@,NJD,L,0,0,0,0,0,0,0,0,0,0,0,0,0,,25,18:33,0,0,4,4,50.0
320,2018-12-22,37,24-174,OTT,,WSH,L,0,0,0,-1,0,0,0,0,0,0,0,0,1,0.0,20,17:37,0,0,7,5,58.3
321,2018-12-28,38,24-180,OTT,@,NYI,L,0,1,1,-2,0,0,0,0,0,1,0,0,4,0.0,23,18:33,1,0,6,11,35.3
322,2018-12-29,39,24-181,OTT,,WSH,L,0,0,0,-1,0,0,0,0,0,0,0,0,2,0.0,19,16:41,2,1,12,6,66.7
323,2018-12-31,40,24-183,OTT,@,CBJ,L,0,1,1,0,0,0,0,0,0,1,0,0,1,0.0,25,20:28,0,0,16,14,53.3
324,2019-01-02,41,24-185,OTT,,VAN,L-OT,0,0,0,0,0,0,0,0,0,0,0,0,1,0.0,20,14:24,0,0,5,2,71.4
325,2019-01-05,42,24-188,OTT,,MIN,L,0,0,0,0,0,0,0,0,0,0,0,0,3,0.0,20,17:21,2,1,2,9,18.2
326,2019-01-06,43,24-189,OTT,,CAR,L,0,2,2,0,0,0,0,0,0,1,1,0,0,,20,15:16,2,1,5,4,55.6
327,2019-01-09,44,24-192,OTT,@,ANA,W,0,1,1,1,0,0,0,0,0,1,0,0,1,0.0,22,17:00,0,0,6,8,42.9
328,2019-01-10,45,24-193,OTT,@,LAK,W,2,0,2,3,0,2,0,0,1,0,0,0,3,66.7,25,19:37,1,0,10,11,47.6
329,2019-01-12,46,24-195,OTT,@,SJS,L,0,0,0,-2,0,0,0,0,0,0,0,0,2,0.0,24,19:41,0,1,4,9,30.8
330,2019-01-16,47,24-199,OTT,,COL,W,0,1,1,2,0,0,0,0,0,1,0,0,0,,23,17:13,1,1,4,8,33.3
331,2019-01-18,48,24-201,OTT,@,CAR,W,0,1,1,2,0,0,0,0,0,1,0,0,0,,24,16:58,0,0,14,4,77.8
332,2019-01-19,49,24-202,OTT,@,STL,L,0,1,1,0,0,0,0,0,0,1,0,0,2,0.0,21,17:35,1,1,9,7,56.3
333,2019-01-22,50,24-205,OTT,,ARI,L,0,0,0,-1,0,0,0,0,0,0,0,0,0,,21,18:38,0,0,15,4,78.9
334,2019-02-01,51,24-215,OTT,@,PIT,L,0,1,1,-2,0,0,0,0,0,0,1,0,0,,13,10:38,0,1,3,6,33.3
335,2019-02-02,52,24-216,OTT,,DET,L,0,0,0,0,0,0,0,0,0,0,0,0,3,0.0,19,18:17,1,0,5,4,55.6
336,2019-02-06,53,24-220,OTT,@,TOR,L,0,0,0,-1,0,0,0,0,0,0,0,0,1,0.0,14,12:10,0,2,2,2,50.0
337,2019-02-07,54,24-221,OTT,,ANA,W,0,2,2,3,0,0,0,0,0,2,0,0,1,0.0,19,14:51,0,1,2,3,40.0
338,2019-02-09,55,24-223,OTT,,WPG,W,0,1,1,0,0,0,0,0,0,1,0,0,1,0.0,22,14:36,0,1,6,6,50.0
339,2019-02-12,56,24-226,OTT,,CAR,L,0,1,1,0,0,0,0,0,0,1,0,0,1,0.0,19,15:37,0,1,4,6,40.0
340,2019-02-14,57,24-228,OTT,@,DET,L,0,1,1,0,0,0,0,0,0,1,0,0,0,,18,13:00,0,1,5,3,62.5
341,2019-02-16,58,24-230,OTT,@,WPG,W,0,1,1,0,0,0,0,0,0,1,0,0,1,0.0,23,16:46,0,0,3,4,42.9
342,2019-02-18,59,24-232,OTT,@,CHI,L,0,1,1,0,0,0,0,0,0,1,0,0,0,,18,15:12,0,1,5,7,41.7
343,2019-02-21,60,24-235,OTT,@,NJD,L,0,0,0,-3,0,0,0,0,0,0,0,0,0,,26,20:57,0,0,2,2,50.0
344,2019-02-22,61,24-236,OTT,,CBJ,L,0,0,0,0,0,0,0,0,0,0,0,0,1,0.0,21,17:49,0,0,1,12,7.7
345,2019-02-24,62,24-238,OTT,,CGY,L,0,0,0,0,0,0,0,0,0,0,0,0,1,0.0,22,18:59,0,2,6,4,60.0
346,2019-02-26,63,24-240,OTT,@,WSH,L,0,0,0,-4,2,0,0,0,0,0,0,0,3,0.0,19,15:47,1,0,8,3,72.7
347,2019-02-28,64,24-242,OTT,,EDM,L,1,0,1,-1,10,1,0,0,0,0,0,0,4,25.0,20,16:58,2,2,4,7,36.4
348,2019-03-02,65,24-244,OTT,@,TBL,L,0,0,0,-1,0,0,0,0,0,0,0,0,1,0.0,23,18:28,1,1,7,10,41.2
349,2019-03-03,66,24-245,OTT,@,FLA,W,0,0,0,-1,0,0,0,0,0,0,0,0,2,0.0,21,19:07,2,0,9,3,75.0
350,2019-03-05,67,24-247,OTT,@,NYI,L-SO,0,0,0,-1,0,0,0,0,0,0,0,0,0,,19,14:04,1,0,5,2,71.4
351,2019-03-07,68,24-249,OTT,,NYI,L,0,0,0,-1,0,0,0,0,0,0,0,0,1,0.0,19,16:11,0,0,9,2,81.8
352,2019-03-09,69,24-251,OTT,@,BOS,L,0,1,1,-1,0,0,0,0,0,1,0,0,1,0.0,22,19:18,2,0,5,7,41.7
353,2019-03-11,70,24-253,OTT,@,PHI,L,1,0,1,0,0,1,0,0,0,0,0,0,3,33.3,19,18:34,1,1,5,3,62.5
354,2019-03-14,71,24-256,OTT,,STL,W,1,0,1,1,0,1,0,0,0,0,0,0,1,100.0,20,17:31,1,0,6,7,46.2
355,2019-03-16,72,24-258,OTT,,TOR,W,0,1,1,2,0,0,0,0,0,1,0,0,1,0.0,21,14:14,0,0,2,10,16.7
356,2019-03-20,73,24-262,OTT,@,VAN,L,0,1,1,0,0,0,0,0,0,0,1,0,1,0.0,19,14:18,0,0,5,3,62.5
357,2019-03-23,74,24-265,OTT,@,EDM,W,0,0,0,0,0,0,0,0,0,0,0,0,0,,16,11:46,0,0,2,3,40.0
358,2019-03-26,75,24-268,OTT,,BUF,W,0,0,0,0,0,0,0,0,0,0,0,0,1,0.0,21,17:05,0,0,7,4,63.6
359,2019-03-28,76,24-270,OTT,,FLA,L,0,0,0,-1,0,0,0,0,0,0,0,0,1,0.0,21,17:17,0,0,8,5,61.5
360,2019-03-30,77,24-272,OTT,,TOR,W,0,0,0,0,0,0,0,0,0,0,0,0,1,0.0,19,13:08,1,1,4,3,57.1
361,2019-04-01,78,24-274,OTT,,TBL,L,0,0,0,0,0,0,0,0,0,0,0,0,1,0.0,19,14:22,0,3,5,5,50.0
362,2019-04-03,79,24-276,OTT,@,NYR,W,0,1,1,-1,0,0,0,0,0,0,1,0,3,0.0,23,18:19,0,0,4,2,66.7
363,2019-04-04,80,24-277,OTT,@,BUF,L,0,0,0,-1,0,0,0,0,0,0,0,0,1,0.0,20,15:17,0,0,3,6,33.3
364,2019-04-06,81,24-279,OTT,,CBJ,L,0,1,1,-1,0,0,0,0,0,1,0,0,0,,23,19:46,0,0,2,4,33.3
365,2019-10-02,1,25-093,OTT,@,TOR,L,0,1,1,1,0,0,0,0,0,1,0,0,1,0.0,23,17:41,5,2,9,6,60.0
366,2019-10-05,2,25-096,OTT,,NYR,L,0,0,0,-1,0,0,0,0,0,0,0,0,1,0.0,22,15:30,0,0,6,4,60.0
367,2019-10-10,3,25-101,OTT,,STL,L,1,0,1,-1,0,0,0,1,0,0,0,0,2,50.0,25,15:27,3,0,10,3,76.9
368,2019-10-12,4,25-103,OTT,,TBL,W,0,0,0,-1,0,0,0,0,0,0,0,0,0,,26,16:51,1,2,7,8,46.7
369,2019-10-14,5,25-105,OTT,,MIN,L,0,0,0,0,2,0,0,0,0,0,0,0,1,0.0,29,17:47,0,0,10,13,43.5
370,2019-10-17,6,25-108,OTT,@,VEG,L-SO,0,1,1,0,0,0,0,0,0,1,0,0,3,0.0,35,21:24,1,1,21,8,72.4
371,2019-10-19,7,25-110,OTT,@,ARI,L,1,0,1,-1,0,0,1,0,0,0,0,0,2,50.0,28,20:13,1,0,11,6,64.7
372,2019-10-21,8,25-112,OTT,@,DAL,L,0,0,0,-1,0,0,0,0,0,0,0,0,1,0.0,21,18:19,0,1,9,9,50.0
373,2019-10-23,9,25-114,OTT,,DET,W,1,1,2,3,0,1,0,0,0,1,0,0,2,50.0,34,20:47,0,1,14,11,56.0
374,2019-10-25,10,25-116,OTT,,NYI,L,0,0,0,-1,0,0,0,0,0,0,0,0,0,,21,17:41,0,0,13,4,76.5
375,2019-10-27,11,25-118,OTT,,SJS,W,0,1,1,1,0,0,0,0,0,1,0,0,1,0.0,29,20:03,0,2,9,10,47.4
376,2019-11-02,12,25-124,OTT,@,BOS,L,0,0,0,-2,0,0,0,0,0,0,0,0,1,0.0,30,18:53,4,0,9,9,50.0
377,2019-11-04,13,25-126,OTT,@,NYR,W,0,0,0,-1,0,0,0,0,0,0,0,0,2,0.0,28,16:36,0,1,5,11,31.3
378,2019-11-05,14,25-127,OTT,@,NYI,L,0,0,0,0,0,0,0,0,0,0,0,0,3,0.0,22,16:03,0,1,4,5,44.4
379,2019-11-07,15,25-129,OTT,,LAK,W,0,0,0,0,2,0,0,0,0,0,0,0,3,0.0,27,18:20,0,0,10,7,58.8
380,2019-11-09,16,25-131,OTT,,CAR,W,0,0,0,1,2,0,0,0,0,0,0,0,0,,21,13:39,1,0,8,9,47.1
381,2019-11-11,17,25-133,OTT,@,CAR,L,0,1,1,-3,0,0,0,0,0,1,0,0,1,0.0,23,13:56,2,0,9,5,64.3
382,2019-11-13,18,25-135,OTT,@,NJD,W,0,0,0,-1,0,0,0,0,0,0,0,0,2,0.0,20,14:40,0,1,4,5,44.4
383,2019-11-15,19,25-137,OTT,,PHI,W,0,1,1,1,0,0,0,0,0,1,0,0,0,,20,13:29,0,0,6,11,35.3
384,2019-11-16,20,25-138,OTT,@,BUF,L,0,0,0,1,0,0,0,0,0,0,0,0,0,,18,11:27,0,0,8,4,66.7
385,2019-11-19,21,25-141,OTT,@,DET,W,0,0,0,-1,0,0,0,0,0,0,0,0,0,,24,16:47,0,0,7,1,87.5
386,2019-11-20,22,25-142,OTT,@,MTL,W,0,1,1,1,0,0,0,0,0,1,0,0,1,0.0,23,17:27,1,2,9,6,60.0
387,2019-11-22,23,25-144,OTT,,NYR,W,0,1,1,0,0,0,0,0,0,1,0,0,3,0.0,25,17:12,0,0,10,7,58.8
388,2019-11-25,24,25-147,OTT,@,CBJ,L,0,0,0,0,0,0,0,0,0,0,0,0,0,,28,18:21,0,0,6,5,54.5
389,2019-11-27,25,25-149,OTT,,BOS,L,0,1,1,1,0,0,0,0,0,1,0,0,1,0.0,25,18:21,2,0,5,5,50.0
390,2019-11-29,26,25-151,OTT,@,MIN,L,0,0,0,0,0,0,0,0,0,0,0,0,2,0.0,19,14:36,0,0,10,4,71.4
391,2019-11-30,27,25-152,OTT,@,CGY,L,0,0,0,-1,0,0,0,0,0,0,0,0,2,0.0,26,17:05,0,0,8,10,44.4
392,2019-12-03,28,25-155,OTT,@,VAN,L,0,0,0,0,0,0,0,0,0,0,0,0,1,0.0,18,13:09,0,0,3,5,37.5
393,2019-12-04,29,25-156,OTT,@,EDM,W,0,2,2,2,0,0,0,0,0,2,0,0,1,0.0,26,16:28,0,0,5,5,50.0
394,2019-12-07,30,25-159,OTT,@,PHI,L,0,0,0,-2,0,0,0,0,0,0,0,0,1,0.0,21,15:27,0,1,8,5,61.5
395,2019-12-09,31,25-161,OTT,,BOS,W,1,2,3,3,0,1,0,0,1,2,0,0,2,50.0,23,15:13,0,0,6,10,37.5
396,2019-12-11,32,25-163,OTT,@,MTL,L-OT,0,0,0,0,0,0,0,0,0,0,0,0,1,0.0,23,15:05,0,0,8,9,47.1
397,2019-12-14,33,25-166,OTT,,CBJ,W,0,0,0,-2,0,0,0,0,0,0,0,0,0,,25,16:03,0,0,4,4,50.0
398,2019-12-16,34,25-168,OTT,@,FLA,L,0,0,0,-1,0,0,0,0,0,0,0,0,0,,24,13:42,1,1,5,6,45.5
399,2019-12-17,35,25-169,OTT,@,TBL,L-OT,0,2,2,-1,0,0,0,0,0,2,0,0,0,,23,15:04,0,0,4,5,44.4
400,2019-12-19,36,25-171,OTT,,NSH,W,0,1,1,1,0,0,0,0,0,1,0,0,0,,26,19:04,0,0,6,10,37.5
401,2019-12-21,37,25-173,OTT,,PHI,L-SO,0,0,0,-1,0,0,0,0,0,0,0,0,1,0.0,25,19:07,1,0,3,14,17.6
402,2019-12-23,38,25-175,OTT,,BUF,W,0,0,0,0,2,0,0,0,0,0,0,0,1,0.0,21,15:49,0,1,8,5,61.5
403,2019-12-29,39,25-181,OTT,,NJD,L-OT,0,0,0,1,0,0,0,0,0,0,0,0,1,0.0,23,17:22,2,1,7,5,58.3
404,2019-12-30,40,25-182,OTT,@,PIT,L,0,0,0,-1,0,0,0,0,0,0,0,0,1,0.0,18,12:08,2,2,3,4,42.9
405,2020-01-02,41,25-185,OTT,,FLA,L,1,0,1,0,0,1,0,0,0,0,0,0,1,100.0,24,15:30,1,0,8,4,66.7
406,2020-01-04,42,25-187,OTT,,TBL,L,1,0,1,0,0,0,0,1,0,0,0,0,4,25.0,25,16:49,1,1,1,5,16.7
407,2020-01-07,43,25-190,OTT,@,WSH,L,0,0,0,-2,0,0,0,0,0,0,0,0,2,0.0,21,15:47,0,0,9,4,69.2
408,2020-01-10,44,25-193,OTT,@,DET,L-SO,0,0,0,0,0,0,0,0,0,0,0,0,2,0.0,25,17:24,1,0,8,9,47.1
409,2020-01-11,45,25-194,OTT,,MTL,L-OT,0,0,0,1,2,0,0,0,0,0,0,0,3,0.0,25,15:06,0,1,5,4,55.6
410,2020-01-14,46,25-197,OTT,,CHI,L-OT,1,0,1,1,0,1,0,0,0,0,0,0,1,100.0,24,18:08,1,0,5,11,31.3
411,2020-01-16,47,25-199,OTT,,VEG,L,0,1,1,1,0,0,0,0,0,1,0,0,1,0.0,27,19:26,0,0,12,8,60.0
412,2020-01-18,48,25-201,OTT,,CGY,W,1,0,1,1,2,1,0,0,0,0,0,0,2,50.0,31,22:18,0,1,6,9,40.0
413,2020-01-27,49,25-210,OTT,,NJD,L-SO,1,0,1,1,0,0,0,1,0,0,0,0,1,100.0,33,20:16,1,1,8,10,44.4
414,2020-01-28,50,25-211,OTT,@,BUF,W,0,0,0,2,0,0,0,0,0,0,0,0,0,,21,15:36,0,0,7,8,46.7
415,2020-01-31,51,25-214,OTT,,WSH,L,1,0,1,0,0,0,0,1,0,0,0,0,3,33.3,25,16:37,2,0,8,8,50.0
416,2020-02-01,52,25-215,OTT,@,TOR,L-OT,0,0,0,0,0,0,0,0,0,0,0,0,2,0.0,26,19:21,1,0,7,7,50.0
417,2020-02-04,53,25-218,OTT,,ANA,L-SO,0,0,0,-1,0,0,0,0,0,0,0,0,1,0.0,27,20:39,0,1,9,5,64.3
418,2020-02-06,54,25-220,OTT,,COL,L,0,1,1,1,0,0,0,0,0,1,0,0,1,0.0,24,19:15,1,1,9,6,60.0
419,2020-02-08,55,25-222,OTT,@,WPG,L,0,0,0,0,0,0,0,0,0,0,0,0,0,,23,15:28,1,1,6,4,60.0
420,2020-02-11,56,25-225,OTT,@,COL,L,0,0,0,0,0,0,0,0,0,0,0,0,1,0.0,26,17:51,1,1,6,7,46.2
421,2020-02-13,57,25-227,OTT,,ARI,W,0,1,1,1,0,0,0,0,0,1,0,0,1,0.0,27,18:26,1,0,5,7,41.7
422,2020-02-15,58,25-229,OTT,,TOR,L,0,1,1,-1,0,0,0,0,0,1,0,0,3,0.0,21,16:30,0,1,6,4,60.0
423,2020-02-16,59,25-230,OTT,,DAL,W,0,0,0,-1,0,0,0,0,0,0,0,0,6,0.0,25,18:28,0,1,3,12,20.0
424,2020-02-18,60,25-232,OTT,,BUF,W,0,0,0,0,0,0,0,0,0,0,0,0,1,0.0,23,18:29,0,0,7,7,50.0
425,2020-02-20,61,25-234,OTT,,WPG,L,0,0,0,-1,2,0,0,0,0,0,0,0,2,0.0,25,15:47,0,0,6,8,42.9
426,2020-02-22,62,25-236,OTT,,MTL,L,0,0,0,-2,0,0,0,0,0,0,0,0,0,,20,12:45,3,0,6,6,50.0
427,2020-02-24,63,25-238,OTT,@,CBJ,L-OT,0,1,1,0,0,0,0,0,0,1,0,0,3,0.0,34,24:55,0,0,10,6,62.5
428,2020-02-25,64,25-239,OTT,@,NSH,L,0,0,0,0,2,0,0,0,0,0,0,0,2,0.0,22,19:32,0,0,4,12,25.0
429,2020-02-27,65,25-241,OTT,,VAN,W,0,3,3,2,0,0,0,0,0,3,0,0,0,,23,18:46,0,1,8,11,42.1
430,2020-02-29,66,25-243,OTT,,DET,W,0,1,1,-1,0,0,0,0,0,0,1,0,2,0.0,27,19:09,0,1,11,8,57.9
431,2020-03-03,67,25-246,OTT,@,PIT,L,0,0,0,-2,4,0,0,0,0,0,0,0,2,0.0,26,18:33,2,3,14,9,60.9
432,2020-03-05,68,25-248,OTT,,NYI,W,0,1,1,2,0,0,0,0,0,0,0,1,1,0.0,27,20:23,0,1,3,11,21.4
433,2020-03-07,69,25-250,OTT,@,SJS,W,1,0,1,1,0,1,0,0,1,0,0,0,4,25.0,26,18:42,0,0,7,3,70.0
434,2020-03-10,70,25-253,OTT,@,ANA,L,0,0,0,-1,0,0,0,0,0,0,0,0,3,0.0,18,15:21,0,0,3,3,50.0
435,2020-03-11,71,25-254,OTT,@,LAK,L,0,0,0,-2,0,0,0,0,0,0,0,0,2,0.0,24,16:56,0,1,7,8,46.7
