,date_game,game_season,age,team_id,game_location,opp_id,game_result,goals,assists,points,plus_minus,pen_min,goals_ev,goals_pp,goals_sh,goals_gw,assists_ev,assists_pp,assists_sh,shots,shot_pct,shifts,time_on_ice,hits_all,blocks_all,faceoff_wins_all,faceoff_losses_all,faceoff_percentage_all
0,2007-10-10,1,19-164,CHI,,SJS,L,1,0,1,1,4,1,0,0,0,,,,2,50.0,18,14:30,0,0,4,7,36.4
1,2007-10-12,2,19-166,CHI,@,DET,W,0,1,1,-1,0,0,0,0,0,,,,4,0.0,20,19:07,0,0,5,8,38.5
2,2007-10-13,3,19-167,CHI,,DAL,W,0,1,1,0,0,0,0,0,0,,,,0,,23,19:15,0,0,8,7,53.3
3,2007-10-17,4,19-171,CHI,,STL,L,0,1,1,0,0,0,0,0,0,,,,2,0.0,22,19:52,0,0,4,9,30.8
4,2007-10-19,5,19-173,CHI,,COL,W,1,0,1,0,0,1,0,0,0,,,,5,20.0,26,16:09,1,0,9,10,47.4
5,2007-10-20,6,19-174,CHI,@,TOR,W,0,1,1,0,0,0,0,0,0,,,,5,0.0,23,21:19,0,0,3,10,23.1
6,2007-10-23,7,19-177,CHI,,CBJ,L,1,0,1,2,0,1,0,0,0,,,,2,50.0,24,18:33,0,0,5,7,41.7
7,2007-10-25,8,19-179,CHI,@,BOS,L,1,0,1,-1,0,0,1,0,0,,,,5,20.0,28,22:34,0,0,9,5,64.3
8,2007-10-27,9,19-181,CHI,,ATL,L,0,1,1,-1,0,0,0,0,0,,,,3,0.0,25,20:49,0,0,7,8,46.7
9,2007-10-31,10,19-185,CHI,@,DAL,W,1,0,1,1,2,1,0,0,0,,,,4,25.0,23,14:05,0,2,7,4,63.6
10,2007-11-03,11,19-188,CHI,@,STL,W,0,0,0,0,0,0,0,0,0,,,,4,0.0,22,17:50,0,0,5,5,50.0
11,2007-11-04,12,19-189,CHI,,NSH,L,0,1,1,0,4,0,0,0,0,,,,3,0.0,22,19:42,0,0,7,4,63.6
12,2007-11-07,13,19-192,CHI,,CBJ,W,1,1,2,2,0,1,0,0,0,,,,3,33.3,25,17:54,1,0,8,7,53.3
13,2007-11-09,14,19-194,CHI,,STL,W,0,0,0,0,0,0,0,0,0,,,,2,0.0,22,16:22,1,0,7,10,41.2
14,2007-11-11,15,19-196,CHI,,DET,W,1,0,1,0,4,0,1,0,1,,,,2,50.0,26,19:11,1,0,7,4,63.6
15,2007-11-14,16,19-199,CHI,@,CBJ,L,0,0,0,-3,0,0,0,0,0,,,,1,0.0,23,17:47,0,0,6,6,50.0
16,2007-11-15,17,19-200,CHI,@,NSH,L-OT,1,1,2,-2,0,0,1,0,0,,,,2,50.0,23,17:57,0,0,1,10,9.1
17,2007-11-17,18,19-202,CHI,@,DET,W,0,0,0,0,2,0,0,0,0,,,,0,,25,19:35,0,0,5,10,33.3
18,2007-11-22,19,19-207,CHI,@,CGY,W,0,0,0,1,0,0,0,0,0,,,,1,0.0,26,19:25,0,0,8,7,53.3
19,2007-11-24,20,19-209,CHI,@,EDM,L-SO,0,0,0,0,2,0,0,0,0,,,,2,0.0,28,22:26,0,0,8,9,47.1
20,2007-11-25,21,19-210,CHI,@,VAN,L,0,0,0,-1,2,0,0,0,0,,,,3,0.0,26,19:37,0,1,9,6,60.0
21,2007-11-28,22,19-213,CHI,,TBL,W,1,0,1,2,0,1,0,0,0,,,,2,50.0,24,19:19,1,0,2,6,25.0
22,2007-11-30,23,19-215,CHI,,PHX,W,1,2,3,1,0,1,0,0,1,,,,1,100.0,18,15:23,1,0,5,5,50.0
23,2007-12-01,24,19-216,CHI,@,STL,L,0,0,0,-1,0,0,0,0,0,,,,2,0.0,24,20:37,1,0,12,8,60.0
24,2007-12-05,25,19-220,CHI,,VAN,L,0,0,0,-1,0,0,0,0,0,,,,1,0.0,21,17:09,0,0,7,4,63.6
25,2007-12-07,26,19-222,CHI,,ANA,L,1,0,1,0,0,0,1,0,0,,,,3,33.3,25,19:23,1,0,11,2,84.6
26,2007-12-09,27,19-224,CHI,,CGY,L,0,0,0,-1,0,0,0,0,0,,,,2,0.0,23,17:34,0,0,5,7,41.7
27,2007-12-12,28,19-227,CHI,,LAK,W,1,2,3,1,0,1,0,0,0,,,,4,25.0,27,20:14,0,0,10,2,83.3
28,2007-12-15,29,19-230,CHI,@,BUF,L,0,1,1,0,0,0,0,0,0,,,,2,0.0,29,20:11,0,0,11,6,64.7
29,2007-12-16,30,19-231,CHI,,FLA,L,0,0,0,0,0,0,0,0,0,,,,8,0.0,28,22:40,1,0,7,7,50.0
30,2007-12-19,31,19-234,CHI,,NSH,W,0,1,1,1,0,0,0,0,0,,,,1,0.0,26,18:55,0,0,10,6,62.5
31,2007-12-22,32,19-237,CHI,@,OTT,W,1,2,3,0,0,1,0,0,1,,,,2,50.0,33,21:30,2,2,5,7,41.7
32,2007-12-23,33,19-238,CHI,,EDM,W,0,0,0,1,4,0,0,0,0,,,,6,0.0,34,23:11,0,0,8,10,44.4
33,2007-12-26,34,19-241,CHI,,NSH,W,1,1,2,2,2,1,0,0,0,,,,1,100.0,27,18:42,0,0,12,4,75.0
34,2007-12-30,35,19-245,CHI,,LAK,L-OT,1,0,1,1,0,1,0,0,0,,,,1,100.0,28,21:28,1,0,10,5,66.7
35,2008-01-01,36,19-247,CHI,@,LAK,L,0,0,0,1,0,0,0,0,0,,,,0,,7,3:25,0,0,1,2,33.3
36,2008-02-10,37,19-287,CHI,@,VAN,L-SO,0,1,1,1,0,0,0,0,0,,,,2,0.0,29,22:43,0,0,15,4,78.9
37,2008-02-13,38,19-290,CHI,@,CBJ,W,0,1,1,1,2,0,0,0,0,,,,2,0.0,24,16:08,0,0,6,6,50.0
38,2008-02-14,39,19-291,CHI,@,NSH,W,2,1,3,3,0,2,0,0,1,,,,3,66.7,22,17:22,2,0,5,12,29.4
39,2008-02-17,40,19-294,CHI,,COL,W,0,0,0,-1,0,0,0,0,0,,,,2,0.0,25,16:25,0,0,12,8,60.0
40,2008-02-19,41,19-296,CHI,@,STL,L,0,0,0,-1,2,0,0,0,0,,,,1,0.0,24,19:35,3,1,8,5,61.5
41,2008-02-20,42,19-297,CHI,,MIN,W,0,0,0,0,0,0,0,0,0,,,,3,0.0,21,15:28,1,0,6,5,54.5
42,2008-02-23,43,19-300,CHI,@,LAK,W,1,1,2,2,0,1,0,0,0,,,,2,50.0,26,17:47,1,0,8,5,61.5
43,2008-02-24,44,19-301,CHI,@,ANA,L,0,3,3,0,0,0,0,0,0,,,,2,0.0,28,21:01,0,0,10,11,47.6
44,2008-02-27,45,19-304,CHI,,PHX,W,0,0,0,0,0,0,0,0,0,,,,3,0.0,25,18:21,0,0,10,6,62.5
45,2008-02-28,46,19-305,CHI,@,DAL,L,0,0,0,-1,2,0,0,0,0,,,,1,0.0,25,17:25,2,0,10,10,50.0
46,2008-03-02,47,19-308,CHI,,VAN,W,0,1,1,1,0,0,0,0,0,,,,1,0.0,23,15:42,0,0,7,5,58.3
47,2008-03-04,48,19-310,CHI,@,MIN,W,0,0,0,0,0,0,0,0,0,,,,1,0.0,28,18:15,0,0,10,9,52.6
48,2008-03-05,49,19-311,CHI,,ANA,W,0,0,0,0,0,0,0,0,0,,,,2,0.0,25,18:21,1,0,9,5,64.3
49,2008-03-07,50,19-313,CHI,,SJS,L,1,0,1,0,0,1,0,0,0,,,,3,33.3,24,21:21,1,1,10,4,71.4
50,2008-03-09,51,19-315,CHI,,EDM,L-OT,0,1,1,0,0,0,0,0,0,,,,4,0.0,27,21:24,0,1,16,9,64.0
51,2008-03-11,52,19-317,CHI,@,DET,L,0,0,0,-1,0,0,0,0,0,,,,0,,26,18:27,1,0,7,11,38.9
52,2008-03-12,53,19-318,CHI,,CAR,L,0,0,0,0,2,0,0,0,0,,,,0,,25,15:32,0,0,10,8,55.6
53,2008-03-14,54,19-320,CHI,@,CBJ,W,0,1,1,2,0,0,0,0,0,,,,1,0.0,20,13:19,0,0,6,7,46.2
54,2008-03-16,55,19-322,CHI,,CGY,L,1,0,1,-2,0,0,1,0,0,,,,4,25.0,26,24:05,0,0,16,8,66.7
55,2008-03-19,56,19-325,CHI,,WSH,W,1,0,1,0,2,0,1,0,0,,,,4,25.0,23,17:30,0,0,8,6,57.1
56,2008-03-22,57,19-328,CHI,@,NSH,L-SO,0,0,0,0,2,0,0,0,0,,,,1,0.0,31,19:40,1,0,10,11,47.6
57,2008-03-23,58,19-329,CHI,,STL,W,0,1,1,0,0,0,0,0,0,,,,4,0.0,25,20:37,0,1,12,6,66.7
58,2008-03-26,59,19-332,CHI,@,CBJ,L,0,0,0,-2,2,0,0,0,0,,,,0,,23,18:26,0,0,8,8,50.0
59,2008-03-29,60,19-335,CHI,@,STL,W,1,0,1,1,0,1,0,0,0,,,,1,100.0,27,18:55,0,1,9,8,52.9
60,2008-03-30,61,19-336,CHI,,CBJ,W,1,1,2,0,0,0,1,0,0,,,,2,50.0,32,25:13,1,1,10,10,50.0
61,2008-04-02,62,19-339,CHI,,DET,W,0,1,1,2,2,0,0,0,0,,,,0,,24,19:21,0,2,11,7,61.1
62,2008-04-04,63,19-341,CHI,,NSH,W,1,0,1,2,0,1,0,0,0,,,,3,33.3,19,15:36,0,0,6,4,60.0
63,2008-04-06,64,19-343,CHI,@,DET,L,0,0,0,-1,2,0,0,0,0,,,,1,0.0,22,17:11,1,0,6,15,28.6
64,2008-10-10,1,20-164,CHI,@,NYR,L,0,0,0,-2,0,0,0,0,0,,,,4,0.0,30,21:04,1,0,14,10,58.3
65,2008-10-11,2,20-165,CHI,@,WSH,L,0,1,1,0,0,0,0,0,0,,,,4,0.0,27,24:03,1,4,9,9,50.0
66,2008-10-13,3,20-167,CHI,,NSH,L-SO,0,0,0,-1,0,0,0,0,0,,,,4,0.0,28,22:42,1,0,10,10,50.0
67,2008-10-15,4,20-169,CHI,,PHX,W,0,0,0,1,2,0,0,0,0,,,,3,0.0,30,21:28,0,1,13,6,68.4
68,2008-10-18,5,20-172,CHI,@,STL,L-SO,0,1,1,2,2,0,0,0,0,,,,3,0.0,31,20:40,0,0,6,15,28.6
69,2008-10-19,6,20-173,CHI,,VAN,W,0,1,1,0,0,0,0,0,0,,,,3,0.0,24,22:13,1,0,10,3,76.9
70,2008-10-22,7,20-176,CHI,,EDM,W,0,1,1,0,0,0,0,0,0,,,,3,0.0,24,19:19,2,1,10,5,66.7
71,2008-10-25,8,20-179,CHI,,DET,L-SO,0,1,1,-1,0,0,0,0,0,,,,5,0.0,30,23:32,0,0,17,11,60.7
72,2008-10-27,9,20-181,CHI,@,MIN,L,0,0,0,-2,2,0,0,0,0,,,,1,0.0,23,22:58,0,0,11,7,61.1
73,2008-10-31,10,20-185,CHI,,DAL,W,0,1,1,2,0,0,0,0,0,,,,2,0.0,25,19:15,0,0,7,7,50.0
74,2008-11-01,11,20-186,CHI,@,CBJ,W,0,0,0,-1,0,0,0,0,0,,,,2,0.0,22,16:23,0,0,5,3,62.5
75,2008-11-03,12,20-188,CHI,,COL,W,0,1,1,1,0,0,0,0,0,,,,2,0.0,23,21:32,0,1,3,6,33.3
76,2008-11-09,13,20-194,CHI,,CGY,W,1,1,2,2,2,1,0,0,0,,,,5,20.0,24,19:25,0,2,9,5,64.3
77,2008-11-12,14,20-197,CHI,,BOS,L-SO,1,0,1,0,0,0,1,0,0,,,,4,25.0,28,19:28,0,0,10,8,55.6
78,2008-11-14,15,20-199,CHI,,STL,L-OT,0,0,0,0,0,0,0,0,0,,,,1,0.0,26,19:56,0,1,8,3,72.7
79,2008-11-16,16,20-201,CHI,,SJS,L,0,2,2,1,0,0,0,0,0,,,,2,0.0,28,18:51,1,1,10,9,52.6
80,2008-11-18,17,20-203,CHI,@,PHX,W,0,1,1,1,5,0,0,0,0,,,,5,0.0,30,19:36,0,1,11,13,45.8
81,2008-11-20,18,20-205,CHI,@,DAL,W,0,1,1,1,2,0,0,0,0,,,,1,0.0,23,17:07,2,0,6,5,54.5
82,2008-11-22,19,20-207,CHI,@,TOR,W,0,0,0,-1,2,0,0,0,0,,,,0,,25,18:44,0,1,4,8,33.3
83,2008-11-26,20,20-211,CHI,@,SJS,L-OT,2,0,2,1,2,1,1,0,0,,,,3,66.7,29,18:42,1,1,7,7,50.0
84,2008-11-28,21,20-213,CHI,@,ANA,L,0,0,0,0,0,0,0,0,0,,,,1,0.0,24,19:47,1,1,7,8,46.7
85,2008-11-29,22,20-214,CHI,@,LAK,L,0,0,0,-3,0,0,0,0,0,,,,1,0.0,26,19:36,3,0,7,8,46.7
86,2008-12-03,23,20-218,CHI,,ANA,W,1,1,2,0,2,1,0,0,1,,,,4,25.0,22,15:57,0,0,8,7,53.3
87,2008-12-06,24,20-221,CHI,@,DET,L-SO,2,0,2,1,0,1,1,0,0,,,,3,66.7,28,20:08,0,0,5,8,38.5
88,2008-12-07,25,20-222,CHI,,PHX,W,1,1,2,1,0,1,0,0,1,,,,6,16.7,23,16:47,0,1,11,4,73.3
89,2008-12-10,26,20-225,CHI,,OTT,W,0,0,0,1,0,0,0,0,0,,,,2,0.0,21,18:53,2,0,8,9,47.1
90,2008-12-12,27,20-227,CHI,@,COL,W,0,1,1,0,0,0,0,0,0,,,,0,,25,17:06,0,0,8,6,57.1
91,2008-12-14,28,20-229,CHI,,CBJ,W,0,0,0,0,0,0,0,0,0,,,,1,0.0,21,18:02,0,0,8,5,61.5
92,2008-12-16,29,20-231,CHI,@,EDM,W,0,0,0,0,2,0,0,0,0,,,,0,,24,16:55,0,0,7,8,46.7
93,2008-12-19,30,20-234,CHI,@,CGY,W,0,1,1,1,0,0,0,0,0,,,,1,0.0,29,19:03,0,0,12,5,70.6
94,2008-12-20,31,20-235,CHI,@,VAN,W,1,1,2,2,0,1,0,0,0,,,,1,100.0,25,16:31,0,0,10,7,58.8
95,2008-12-26,32,20-241,CHI,,PHI,W,0,0,0,0,2,0,0,0,0,,,,2,0.0,26,18:21,0,0,7,10,41.2
96,2008-12-28,33,20-243,CHI,@,MIN,W,0,2,2,2,0,0,0,0,0,,,,1,0.0,23,17:55,0,1,7,7,50.0
97,2008-12-30,34,20-245,CHI,@,DET,L,0,0,0,-1,0,0,0,0,0,,,,2,0.0,23,17:04,0,0,6,12,33.3
98,2009-01-01,35,20-247,CHI,,DET,L,0,1,1,-2,2,0,0,0,0,,,,2,0.0,27,16:56,1,0,7,8,46.7
99,2009-01-04,36,20-250,CHI,,CGY,W,0,0,0,-1,0,0,0,0,0,,,,3,0.0,23,15:11,1,1,8,7,53.3
100,2009-01-06,37,20-252,CHI,@,PHX,W,2,1,3,3,0,2,0,0,0,,,,4,50.0,18,13:39,1,0,2,9,18.2
101,2009-01-08,38,20-254,CHI,@,COL,L,0,0,0,0,0,0,0,0,0,,,,0,,21,16:09,1,0,9,4,69.2
102,2009-01-10,39,20-256,CHI,@,NSH,L,0,0,0,-3,0,0,0,0,0,,,,0,,27,17:42,0,0,6,11,35.3
103,2009-01-11,40,20-257,CHI,,NSH,W,0,0,0,0,0,0,0,0,0,,,,1,0.0,20,17:45,0,0,10,7,58.8
104,2009-01-14,41,20-260,CHI,,BUF,W,1,1,2,2,2,1,0,0,1,,,,3,33.3,19,14:06,0,0,6,5,54.5
105,2009-01-16,42,20-262,CHI,,NYR,L-OT,1,1,2,0,0,1,0,0,0,,,,4,25.0,23,19:29,0,0,10,7,58.8
106,2009-01-17,43,20-263,CHI,@,STL,W,0,0,0,0,0,0,0,0,0,,,,2,0.0,20,16:23,0,0,7,6,53.8
107,2009-01-19,44,20-265,CHI,,MIN,L,0,0,0,-1,0,0,0,0,0,,,,1,0.0,23,18:05,0,0,3,10,23.1
108,2009-01-21,45,20-267,CHI,,STL,L,0,0,0,-1,0,0,0,0,0,,,,2,0.0,22,18:40,1,0,9,2,81.8
109,2009-01-28,46,20-274,CHI,@,ANA,W,1,0,1,1,0,1,0,0,1,,,,4,25.0,24,16:47,0,0,13,9,59.1
110,2009-01-29,47,20-275,CHI,@,LAK,L,0,0,0,1,0,0,0,0,0,,,,1,0.0,24,17:53,2,0,8,9,47.1
111,2009-01-31,48,20-277,CHI,@,SJS,W,2,0,2,1,0,1,1,0,1,,,,3,66.7,21,17:01,0,0,6,3,66.7
112,2009-02-03,49,20-280,CHI,@,EDM,W,0,0,0,0,0,0,0,0,0,,,,1,0.0,23,15:51,0,0,10,6,62.5
113,2009-02-05,50,20-282,CHI,@,CGY,W,0,0,0,0,0,0,0,0,0,,,,2,0.0,23,17:12,1,0,9,7,56.3
114,2009-02-07,51,20-284,CHI,@,VAN,L,0,0,0,-1,4,0,0,0,0,,,,4,0.0,22,15:04,1,0,6,7,46.2
115,2009-02-11,52,20-288,CHI,@,ATL,W,1,0,1,0,0,0,1,0,1,,,,2,50.0,23,16:26,0,0,7,8,46.7
116,2009-02-13,53,20-290,CHI,@,STL,L,0,0,0,0,0,0,0,0,0,,,,4,0.0,24,19:15,1,0,10,5,66.7
117,2009-02-14,54,20-291,CHI,,DAL,W,1,2,3,3,0,1,0,0,0,,,,2,50.0,20,17:42,0,0,8,7,53.3
118,2009-02-17,55,20-294,CHI,@,TBL,W,2,1,3,2,2,1,1,0,0,,,,3,66.7,30,19:51,1,0,11,14,44.0
119,2009-02-19,56,20-296,CHI,@,FLA,W,1,0,1,1,2,1,0,0,0,,,,6,16.7,22,19:50,1,0,9,4,69.2
120,2009-02-21,57,20-298,CHI,@,DAL,W,0,1,1,1,2,0,0,0,0,,,,3,0.0,23,18:31,0,1,6,5,54.5
121,2009-02-22,58,20-299,CHI,,MIN,L,1,0,1,0,2,1,0,0,0,,,,5,20.0,24,19:09,0,0,9,6,60.0
122,2009-02-24,59,20-301,CHI,@,NSH,L,0,0,0,0,0,0,0,0,0,,,,3,0.0,23,17:02,0,1,9,8,52.9
123,2009-02-27,60,20-304,CHI,,PIT,L-OT,3,0,3,-2,0,0,3,0,0,,,,6,50.0,27,19:41,0,0,11,9,55.0
124,2009-03-01,61,20-306,CHI,,LAK,W,1,0,1,1,0,1,0,0,0,,,,2,50.0,21,17:32,0,0,8,6,57.1
125,2009-03-03,62,20-308,CHI,,ANA,W,0,1,1,-1,0,0,0,0,0,,,,2,0.0,24,18:27,0,1,5,6,45.5
126,2009-03-07,63,20-312,CHI,@,BOS,L,1,1,2,-1,0,0,1,0,0,,,,3,33.3,22,18:18,0,1,10,7,58.8
127,2009-03-08,64,20-313,CHI,,COL,L,1,0,1,0,2,0,1,0,0,,,,1,100.0,23,15:48,0,0,13,5,72.2
128,2009-03-11,65,20-316,CHI,,CAR,W,0,0,0,0,4,0,0,0,0,,,,2,0.0,27,20:48,1,0,13,7,65.0
129,2009-03-13,66,20-318,CHI,,CBJ,L,0,1,1,-2,0,0,0,0,0,,,,0,,26,18:29,0,1,12,9,57.1
130,2009-03-15,67,20-320,CHI,,NYI,L,0,0,0,-1,0,0,0,0,0,,,,2,0.0,21,21:45,0,1,18,6,75.0
131,2009-03-17,68,20-322,CHI,@,NJD,L,0,0,0,-2,0,0,0,0,0,,,,2,0.0,26,20:28,3,0,11,7,61.1
132,2009-03-18,69,20-323,CHI,@,CBJ,L-OT,1,1,2,-1,0,0,1,0,0,,,,2,50.0,25,19:47,1,0,14,6,70.0
133,2009-03-20,70,20-325,CHI,,EDM,L-SO,0,0,0,-1,2,0,0,0,0,,,,3,0.0,27,20:58,0,0,11,4,73.3
134,2009-03-22,71,20-327,CHI,,LAK,W,0,1,1,2,0,0,0,0,0,,,,1,0.0,22,15:56,0,0,6,6,50.0
135,2009-03-25,72,20-330,CHI,,SJS,W,1,0,1,0,0,1,0,0,0,,,,4,25.0,23,18:43,3,0,6,6,50.0
136,2009-03-27,73,20-332,CHI,,NJD,W,0,1,1,1,0,0,0,0,0,,,,1,0.0,24,18:57,0,0,8,5,61.5
137,2009-03-29,74,20-334,CHI,,VAN,L,0,0,0,-1,0,0,0,0,0,,,,2,0.0,29,21:02,2,0,6,6,50.0
138,2009-03-31,75,20-336,CHI,@,MTL,L,0,0,0,0,0,0,0,0,0,,,,2,0.0,25,19:40,2,1,8,10,44.4
139,2009-04-01,76,20-337,CHI,,STL,W,1,0,1,1,2,1,0,0,0,,,,3,33.3,23,19:56,0,0,8,6,57.1
140,2009-04-03,77,20-339,CHI,,NSH,W,1,1,2,2,0,1,0,0,1,,,,3,33.3,24,17:04,1,0,7,7,50.0
141,2009-04-05,78,20-341,CHI,@,CBJ,W,0,0,0,0,0,0,0,0,0,,,,0,,29,20:10,1,0,6,11,35.3
142,2009-04-07,79,20-343,CHI,@,NSH,W,1,0,1,3,0,1,0,0,0,,,,2,50.0,29,19:50,0,1,8,12,40.0
143,2009-04-08,80,20-344,CHI,,CBJ,L-SO,0,1,1,-2,0,0,0,0,0,,,,0,,24,17:51,0,0,11,4,73.3
144,2009-04-11,81,20-347,CHI,@,DET,W,0,0,0,1,0,0,0,0,0,,,,0,,21,18:54,0,0,9,4,69.2
145,2009-04-12,82,20-348,CHI,,DET,W,1,0,1,1,0,1,0,0,0,,,,5,20.0,19,16:33,1,0,6,6,50.0
146,2009-10-02,1,21-156,CHI,,FLA,L-SO,0,0,0,1,0,0,0,0,0,,,,5,0.0,27,20:15,1,1,15,11,57.7
147,2009-10-03,2,21-157,CHI,@,FLA,W,0,0,0,1,0,0,0,0,0,,,,3,0.0,23,19:40,0,0,10,5,66.7
148,2009-10-08,3,21-162,CHI,@,DET,L,0,0,0,1,0,0,0,0,0,,,,1,0.0,26,21:05,0,1,9,9,50.0
149,2009-10-10,4,21-164,CHI,,COL,W,0,1,1,1,0,0,0,0,0,,,,1,0.0,25,20:05,2,0,8,6,57.1
150,2009-10-12,5,21-166,CHI,,CGY,W,0,0,0,0,0,0,0,0,0,,,,2,0.0,23,17:41,1,0,12,5,70.6
151,2009-10-14,6,21-168,CHI,,EDM,W,0,2,2,1,0,0,0,0,0,,,,3,0.0,24,17:35,0,0,10,6,62.5
152,2009-10-15,7,21-169,CHI,@,NSH,W,0,1,1,1,0,0,0,0,0,,,,0,,21,17:06,0,0,9,6,60.0
153,2009-10-17,8,21-171,CHI,,DAL,L,1,0,1,0,0,1,0,0,0,,,,2,50.0,25,18:36,2,1,9,5,64.3
154,2009-10-21,9,21-175,CHI,,VAN,L,0,0,0,1,0,0,0,0,0,,,,0,,18,13:54,1,0,9,5,64.3
155,2009-11-09,10,21-194,CHI,,LAK,W,1,0,1,-1,0,0,1,0,0,,,,1,100.0,26,19:09,2,0,13,7,65.0
156,2009-11-11,11,21-196,CHI,,COL,W,0,1,1,1,0,0,0,0,0,,,,4,0.0,31,20:50,0,0,17,5,77.3
157,2009-11-13,12,21-198,CHI,,TOR,W,0,0,0,0,0,0,0,0,0,,,,4,0.0,26,17:13,0,0,10,5,66.7
158,2009-11-15,13,21-200,CHI,,SJS,W,0,2,2,1,0,0,0,0,0,,,,1,0.0,30,22:32,1,1,8,10,44.4
159,2009-11-19,14,21-204,CHI,@,CGY,W,0,0,0,1,0,0,0,0,0,,,,2,0.0,25,17:14,0,1,11,4,73.3
160,2009-11-21,15,21-206,CHI,@,EDM,W,2,1,3,0,2,1,1,0,0,,,,4,50.0,28,17:25,1,1,6,9,40.0
161,2009-11-22,16,21-207,CHI,@,VAN,W,0,1,1,1,0,0,0,0,0,,,,0,,28,18:54,0,2,8,11,42.1
162,2009-11-25,17,21-210,CHI,@,SJS,W,0,1,1,2,0,0,0,0,0,,,,0,,23,18:25,1,0,5,5,50.0
163,2009-11-27,18,21-212,CHI,@,ANA,L,0,0,0,0,0,0,0,0,0,,,,3,0.0,26,20:12,0,0,9,2,81.8
164,2009-11-28,19,21-213,CHI,@,LAK,L-SO,1,0,1,0,0,0,1,0,0,,,,2,50.0,32,24:32,0,1,11,11,50.0
165,2009-12-01,20,21-216,CHI,,CBJ,W,1,0,1,-1,2,0,1,0,0,,,,1,100.0,31,21:04,0,1,14,8,63.6
166,2009-12-04,21,21-219,CHI,,NSH,L,1,0,1,1,0,1,0,0,0,,,,2,50.0,27,21:26,0,0,13,10,56.5
167,2009-12-05,22,21-220,CHI,@,PIT,W,0,0,0,0,0,0,0,0,0,,,,6,0.0,26,19:39,2,0,18,10,64.3
168,2009-12-09,23,21-224,CHI,,NYR,W,1,0,1,0,2,0,1,0,0,,,,3,33.3,24,23:02,0,1,14,4,77.8
169,2009-12-11,24,21-226,CHI,@,BUF,L,0,0,0,-1,0,0,0,0,0,,,,7,0.0,24,19:58,0,0,10,7,58.8
170,2009-12-13,25,21-228,CHI,,TBL,W,1,0,1,2,4,1,0,0,0,,,,3,33.3,25,19:01,4,0,11,8,57.9
171,2009-12-16,26,21-231,CHI,,STL,W,0,2,2,2,0,0,0,0,0,,,,1,0.0,24,17:42,1,0,15,7,68.2
172,2009-12-18,27,21-233,CHI,,BOS,W,1,0,1,1,0,1,0,0,0,,,,3,33.3,25,21:28,1,0,7,9,43.8
173,2009-12-20,28,21-235,CHI,,DET,W,0,1,1,0,0,0,0,0,0,,,,3,0.0,21,19:54,1,1,9,5,64.3
174,2009-12-22,29,21-237,CHI,,SJS,L,0,0,0,-1,2,0,0,0,0,,,,2,0.0,30,20:53,0,0,8,11,42.1
175,2009-12-23,30,21-238,CHI,@,DET,W,1,0,1,1,4,1,0,0,0,,,,4,25.0,27,18:28,2,1,8,9,47.1
176,2009-12-26,31,21-241,CHI,@,NSH,W,0,2,2,1,0,0,0,0,0,,,,2,0.0,23,20:43,0,0,9,9,50.0
177,2009-12-27,32,21-242,CHI,,NSH,W,0,3,3,1,0,0,0,0,0,,,,3,0.0,23,20:10,0,0,10,3,76.9
178,2009-12-29,33,21-244,CHI,@,DAL,L,0,2,2,-1,0,0,0,0,0,,,,6,0.0,25,20:33,1,1,10,5,66.7
179,2009-12-31,34,21-246,CHI,,NJD,W,1,1,2,1,2,1,0,0,0,,,,6,16.7,25,18:56,3,0,9,4,69.2
180,2010-01-02,35,21-248,CHI,@,STL,W,0,0,0,-1,5,0,0,0,0,,,,3,0.0,24,18:00,0,0,7,7,50.0
181,2010-01-03,36,21-249,CHI,,ANA,W,1,0,1,2,0,1,0,0,0,,,,1,100.0,24,17:24,0,0,10,7,58.8
182,2010-01-05,37,21-251,CHI,,MIN,W,0,1,1,1,2,0,0,0,0,,,,2,0.0,23,20:57,0,0,17,5,77.3
183,2010-01-07,38,21-253,CHI,@,BOS,W,0,0,0,0,2,0,0,0,0,,,,2,0.0,26,18:50,1,1,8,11,42.1
184,2010-01-09,39,21-255,CHI,@,MIN,L-SO,1,0,1,0,0,1,0,0,0,,,,4,25.0,24,18:55,1,0,7,12,36.8
185,2010-01-10,40,21-256,CHI,,ANA,L,0,0,0,-1,0,0,0,0,0,,,,1,0.0,25,24:51,2,0,13,6,68.4
186,2010-01-14,41,21-260,CHI,,CBJ,W,0,0,0,0,0,0,0,0,0,,,,1,0.0,21,19:55,1,2,8,6,57.1
187,2010-01-16,42,21-262,CHI,@,CBJ,W,2,1,3,-1,2,0,2,0,1,,,,3,66.7,24,20:38,2,1,9,10,47.4
188,2010-01-17,43,21-263,CHI,@,DET,W,0,1,1,0,0,0,0,0,0,,,,1,0.0,27,19:12,1,0,12,11,52.2
189,2010-01-19,44,21-265,CHI,@,OTT,L,0,0,0,0,2,0,0,0,0,,,,1,0.0,22,21:04,0,0,8,9,47.1
190,2010-01-21,45,21-267,CHI,@,CGY,W,0,1,1,0,0,0,0,0,0,,,,2,0.0,26,19:32,1,0,11,9,55.0
191,2010-01-23,46,21-269,CHI,@,VAN,L,1,0,1,-1,2,1,0,0,0,,,,4,25.0,22,17:49,0,0,9,12,42.9
192,2010-01-26,47,21-272,CHI,@,EDM,W,1,0,1,1,0,1,0,0,0,,,,3,33.3,20,18:15,0,0,8,8,50.0
193,2010-01-28,48,21-274,CHI,@,SJS,W,0,1,1,1,0,0,0,0,0,,,,3,0.0,25,22:11,1,2,9,8,52.9
194,2010-01-30,49,21-276,CHI,@,CAR,L,0,0,0,-2,0,0,0,0,0,,,,4,0.0,22,21:01,0,0,8,12,40.0
195,2010-02-03,50,21-280,CHI,,STL,L,0,1,1,2,0,0,0,0,0,,,,8,0.0,28,22:05,0,0,13,11,54.2
196,2010-02-05,51,21-282,CHI,,PHX,L-SO,0,0,0,0,0,0,0,0,0,,,,2,0.0,27,23:11,0,0,10,12,45.5
197,2010-02-06,52,21-283,CHI,@,STL,W,1,1,2,2,0,1,0,0,1,,,,3,33.3,28,21:06,0,2,15,7,68.2
198,2010-02-09,53,21-286,CHI,,DAL,W,0,0,0,1,2,0,0,0,0,,,,4,0.0,29,23:52,1,0,9,9,50.0
199,2010-02-13,54,21-290,CHI,,ATL,W,0,0,0,2,2,0,0,0,0,,,,4,0.0,31,25:41,0,0,13,10,56.5
200,2010-02-14,55,21-291,CHI,@,CBJ,W,0,2,2,1,0,0,0,0,0,,,,5,0.0,29,24:59,0,0,10,15,40.0
201,2010-03-02,56,21-307,CHI,@,NYI,L,0,2,2,-1,0,0,0,0,0,,,,2,0.0,21,17:47,0,1,14,7,66.7
202,2010-03-03,57,21-308,CHI,,EDM,W,1,1,2,1,0,1,0,0,0,,,,5,20.0,24,20:55,3,1,16,7,69.6
203,2010-03-05,58,21-310,CHI,,VAN,W,0,2,2,1,0,0,0,0,0,,,,2,0.0,24,20:09,2,0,14,8,63.6
204,2010-03-07,59,21-312,CHI,,DET,L,0,0,0,-3,0,0,0,0,0,,,,4,0.0,27,20:40,1,1,14,10,58.3
205,2010-03-10,60,21-315,CHI,,LAK,W,0,0,0,0,2,0,0,0,0,,,,3,0.0,28,22:38,2,1,11,10,52.4
206,2010-03-13,61,21-318,CHI,@,PHI,L,0,0,0,-2,0,0,0,0,0,,,,2,0.0,25,22:16,0,1,12,5,70.6
207,2010-03-14,62,21-319,CHI,,WSH,L-OT,2,0,2,-1,0,1,1,0,0,,,,4,50.0,27,18:41,2,0,10,7,58.8
208,2010-03-17,63,21-322,CHI,@,ANA,L,0,0,0,0,0,0,0,0,0,,,,3,0.0,29,22:03,0,0,16,10,61.5
209,2010-03-18,64,21-323,CHI,@,LAK,W,0,1,1,1,0,0,0,0,0,,,,1,0.0,22,17:25,1,0,7,12,36.8
210,2010-03-20,65,21-325,CHI,@,PHX,L-SO,0,1,1,-1,0,0,0,0,0,,,,4,0.0,29,21:18,0,0,15,11,57.7
211,2010-03-23,66,21-328,CHI,,PHX,W,0,0,0,1,0,0,0,0,0,,,,2,0.0,24,22:21,1,0,9,7,56.3
212,2010-03-25,67,21-330,CHI,@,CBJ,L,0,0,0,-1,0,0,0,0,0,,,,2,0.0,21,16:37,2,0,10,10,50.0
213,2010-03-28,68,21-333,CHI,,CBJ,L,0,0,0,-1,2,0,0,0,0,,,,1,0.0,25,20:34,1,1,9,4,69.2
214,2010-03-30,69,21-335,CHI,@,STL,L,0,2,2,1,0,0,0,0,0,,,,2,0.0,24,19:51,2,1,9,6,60.0
215,2010-03-31,70,21-336,CHI,@,MIN,W,1,0,1,1,2,1,0,0,0,,,,4,25.0,20,17:29,0,0,10,9,52.6
216,2010-04-02,71,21-338,CHI,@,NJD,W,0,0,0,1,0,0,0,0,0,,,,0,,24,18:33,1,1,10,5,66.7
217,2010-04-04,72,21-340,CHI,,CGY,W,0,1,1,1,2,0,0,0,0,,,,1,0.0,23,19:57,0,0,12,6,66.7
218,2010-04-06,73,21-342,CHI,@,DAL,W,1,1,2,1,0,0,0,1,1,,,,2,50.0,20,16:48,0,3,6,9,40.0
219,2010-04-07,74,21-343,CHI,,STL,W,0,0,0,0,2,0,0,0,0,,,,2,0.0,25,19:10,0,0,9,7,56.3
220,2010-04-09,75,21-345,CHI,@,COL,W,1,1,2,0,0,0,1,0,0,,,,1,100.0,24,18:59,0,0,8,8,50.0
221,2010-04-11,76,21-347,CHI,,DET,L-OT,0,1,1,-2,0,0,0,0,0,,,,4,0.0,25,21:16,0,0,12,5,70.6
222,2010-10-07,1,22-161,CHI,@,COL,L-OT,0,1,1,-1,0,0,0,0,0,,,,2,0.0,31,23:35,2,0,12,10,54.5
223,2010-10-09,2,22-163,CHI,,DET,L,0,0,0,0,0,0,0,0,0,,,,2,0.0,28,21:48,0,0,14,9,60.9
224,2010-10-11,3,22-165,CHI,@,BUF,W,0,0,0,3,0,0,0,0,0,,,,2,0.0,30,21:09,0,1,14,11,56.0
225,2010-10-13,4,22-167,CHI,,NSH,L,1,1,2,1,2,1,0,0,0,,,,1,100.0,28,18:54,0,0,14,8,63.6
226,2010-10-15,5,22-169,CHI,@,CBJ,W,0,0,0,1,0,0,0,0,0,,,,0,,25,19:06,1,1,10,9,52.6
227,2010-10-16,6,22-170,CHI,,BUF,W,0,0,0,-1,2,0,0,0,0,,,,3,0.0,28,20:14,2,2,16,7,69.6
228,2010-10-18,7,22-172,CHI,,STL,W,0,1,1,1,0,0,0,0,0,,,,3,0.0,28,21:10,2,0,12,9,57.1
229,2010-10-20,8,22-174,CHI,,VAN,W,0,0,0,0,0,0,0,0,0,,,,1,0.0,29,21:17,5,0,11,10,52.4
230,2010-10-22,9,22-176,CHI,@,STL,L,0,1,1,-2,0,0,0,0,0,,,,3,0.0,22,18:35,0,0,15,7,68.2
231,2010-10-23,10,22-177,CHI,,CBJ,L,1,1,2,0,0,0,1,0,0,,,,4,25.0,28,22:49,0,0,15,11,57.7
232,2010-10-27,11,22-181,CHI,,LAK,W,0,0,0,1,0,0,0,0,0,,,,3,0.0,25,20:34,1,0,14,11,56.0
233,2010-10-29,12,22-183,CHI,,EDM,L,1,1,2,-2,0,0,1,0,0,,,,7,14.3,26,22:33,1,0,13,8,61.9
234,2010-10-30,13,22-184,CHI,@,MIN,W,0,0,0,2,0,0,0,0,0,,,,2,0.0,27,21:31,0,0,11,9,55.0
235,2010-11-01,14,22-186,CHI,@,NYR,L,0,1,1,1,0,0,0,0,0,,,,3,0.0,26,23:12,0,0,12,12,50.0
236,2010-11-03,15,22-188,CHI,,NJD,L,0,0,0,-2,0,0,0,0,0,,,,2,0.0,28,21:54,1,0,13,9,59.1
237,2010-11-06,16,22-191,CHI,@,ATL,W,2,2,4,2,0,1,1,0,0,,,,4,50.0,34,22:51,0,0,12,16,42.9
238,2010-11-07,17,22-192,CHI,,EDM,L,0,0,0,0,0,0,0,0,0,,,,2,0.0,29,22:37,3,0,13,8,61.9
239,2010-11-10,18,22-195,CHI,,PHX,L,0,0,0,0,0,0,0,0,0,,,,5,0.0,22,22:32,1,0,12,5,70.6
240,2010-11-13,19,22-198,CHI,@,NSH,L-SO,0,0,0,0,0,0,0,0,0,,,,3,0.0,26,24:25,0,0,17,10,63.0
241,2010-11-14,20,22-199,CHI,,ANA,W,0,0,0,0,0,0,0,0,0,,,,4,0.0,26,22:22,3,2,10,5,66.7
242,2010-11-17,21,22-202,CHI,@,EDM,W,3,0,3,2,0,2,1,0,1,,,,8,37.5,22,16:26,0,0,10,8,55.6
243,2010-11-19,22,22-204,CHI,@,CGY,L,0,0,0,-1,0,0,0,0,0,,,,1,0.0,30,19:39,0,1,19,10,65.5
244,2010-11-20,23,22-205,CHI,@,VAN,W,1,0,1,1,0,1,0,0,0,,,,4,25.0,27,18:37,1,0,10,10,50.0
245,2010-11-24,24,22-209,CHI,@,SJS,L,0,0,0,-1,0,0,0,0,0,,,,2,0.0,28,22:05,1,0,16,6,72.7
246,2010-11-26,25,22-211,CHI,@,ANA,W,0,1,1,2,0,0,0,0,0,,,,4,0.0,29,19:05,1,0,9,7,56.3
247,2010-11-27,26,22-212,CHI,@,LAK,W,0,0,0,0,4,0,0,0,0,,,,3,0.0,28,18:19,1,2,9,8,52.9
248,2010-11-30,27,22-215,CHI,,STL,W,2,1,3,0,0,0,2,0,0,,,,4,50.0,29,19:28,0,0,16,8,66.7
249,2010-12-03,28,22-218,CHI,,VAN,L,0,0,0,-1,2,0,0,0,0,,,,2,0.0,26,20:50,0,1,10,9,52.6
250,2010-12-05,29,22-220,CHI,,CGY,W,1,1,2,0,0,0,1,0,1,,,,7,14.3,30,23:37,1,0,19,7,73.1
251,2010-12-08,30,22-223,CHI,,DAL,W,1,1,2,-1,0,1,0,0,0,,,,3,33.3,30,21:09,1,1,14,4,77.8
252,2010-12-11,31,22-226,CHI,@,SJS,L-OT,0,0,0,-1,0,0,0,0,0,,,,5,0.0,31,19:27,2,0,12,5,70.6
253,2010-12-13,32,22-228,CHI,@,COL,L,0,2,2,-2,0,0,0,0,0,,,,3,0.0,30,20:31,1,1,13,11,54.2
254,2010-12-15,33,22-230,CHI,,COL,L,1,0,1,2,0,1,0,0,0,,,,2,50.0,31,21:59,1,1,13,11,54.2
255,2010-12-17,34,22-232,CHI,,DET,W,0,1,1,0,0,0,0,0,0,,,,1,0.0,28,19:35,2,1,9,7,56.3
256,2010-12-19,35,22-234,CHI,,LAK,W,1,1,2,2,0,1,0,0,0,,,,2,50.0,28,18:16,2,0,6,7,46.2
257,2010-12-22,36,22-237,CHI,,NSH,W,0,0,0,0,0,0,0,0,0,,,,5,0.0,26,22:10,2,0,12,8,60.0
258,2010-12-26,37,22-241,CHI,,CBJ,W,0,1,1,1,0,0,0,0,0,,,,1,0.0,27,19:16,1,0,10,5,66.7
259,2010-12-28,38,22-243,CHI,@,STL,L,0,0,0,0,0,0,0,0,0,,,,2,0.0,8,5:51,0,0,3,3,50.0
260,2011-01-03,39,22-249,CHI,@,LAK,W,1,1,2,1,2,1,0,0,1,,,,6,16.7,28,19:41,2,0,10,8,55.6
261,2011-01-05,40,22-251,CHI,,DAL,L,0,0,0,-1,0,0,0,0,0,,,,3,0.0,29,25:15,1,0,15,8,65.2
262,2011-01-07,41,22-253,CHI,,OTT,W,0,0,0,0,0,0,0,0,0,,,,1,0.0,26,19:49,4,0,7,7,50.0
263,2011-01-09,42,22-255,CHI,,NYI,W,0,1,1,1,0,0,0,0,0,,,,6,0.0,20,17:17,0,2,10,6,62.5
264,2011-01-12,43,22-258,CHI,,COL,W,0,0,0,1,0,0,0,0,0,,,,2,0.0,26,19:19,0,0,11,9,55.0
265,2011-01-15,44,22-261,CHI,@,NSH,L-SO,0,0,0,-2,0,0,0,0,0,,,,1,0.0,26,18:19,0,0,3,8,27.3
266,2011-01-16,45,22-262,CHI,,NSH,W,1,0,1,2,2,1,0,0,0,,,,4,25.0,25,20:02,0,0,11,8,57.9
267,2011-01-22,46,22-268,CHI,@,DET,W,0,1,1,1,0,0,0,0,0,,,,2,0.0,22,17:18,0,0,8,7,53.3
268,2011-01-23,47,22-269,CHI,,PHI,L,0,0,0,-2,0,0,0,0,0,,,,3,0.0,26,19:45,2,0,10,11,47.6
269,2011-01-25,48,22-271,CHI,,MIN,L,0,2,2,-1,0,0,0,0,0,,,,2,0.0,24,21:30,2,1,16,9,64.0
270,2011-02-01,49,22-278,CHI,@,CBJ,W,1,2,3,2,2,0,0,1,1,,,,2,50.0,30,19:48,1,1,10,9,52.6
271,2011-02-04,50,22-281,CHI,@,VAN,L,1,1,2,2,0,1,0,0,0,,,,1,100.0,29,22:32,1,0,9,12,42.9
272,2011-02-07,51,22-284,CHI,@,CGY,L,0,1,1,1,0,0,0,0,0,,,,1,0.0,29,21:51,0,0,6,10,37.5
273,2011-02-09,52,22-286,CHI,@,EDM,W,0,2,2,2,2,0,0,0,0,,,,0,,28,20:50,0,0,6,9,40.0
274,2011-02-11,53,22-288,CHI,@,DAL,L-SO,0,2,2,1,0,0,0,0,0,,,,1,0.0,34,25:17,2,0,12,9,57.1
275,2011-02-12,54,22-289,CHI,@,PHX,L-SO,0,0,0,-1,0,0,0,0,0,,,,2,0.0,30,24:42,0,0,9,10,47.4
276,2011-02-16,55,22-293,CHI,,MIN,W,0,0,0,0,0,0,0,0,0,,,,2,0.0,31,20:53,3,0,10,10,50.0
277,2011-02-18,56,22-295,CHI,,CBJ,L,0,2,2,2,0,0,0,0,0,,,,2,0.0,35,24:16,1,1,18,12,60.0
278,2011-02-20,57,22-297,CHI,,PIT,W,0,1,1,-1,0,0,0,0,0,,,,4,0.0,31,21:38,0,0,15,7,68.2
279,2011-02-21,58,22-298,CHI,@,STL,W,1,1,2,1,0,0,1,0,1,,,,3,33.3,29,20:44,3,0,10,6,62.5
280,2011-02-24,59,22-301,CHI,@,NSH,W,0,1,1,2,0,0,0,0,0,,,,3,0.0,24,17:04,0,0,7,10,41.2
281,2011-02-27,60,22-304,CHI,,PHX,W,2,0,2,1,0,1,1,0,0,,,,7,28.6,27,20:42,0,0,11,12,47.8
282,2011-02-28,61,22-305,CHI,@,MIN,W,1,2,3,1,0,1,0,0,1,,,,3,33.3,27,19:48,0,0,12,7,63.2
283,2011-03-02,62,22-307,CHI,,CGY,W,2,0,2,1,2,2,0,0,0,,,,2,100.0,28,19:55,1,0,13,8,61.9
284,2011-03-04,63,22-309,CHI,,CAR,W,1,0,1,1,0,1,0,0,0,,,,5,20.0,26,18:49,0,0,13,5,72.2
285,2011-03-05,64,22-310,CHI,@,TOR,W,1,0,1,0,0,1,0,0,0,,,,2,50.0,26,20:16,3,1,7,11,38.9
286,2011-03-08,65,22-313,CHI,@,FLA,L,0,0,0,0,0,0,0,0,0,,,,6,0.0,21,20:13,0,1,5,6,45.5
287,2011-03-09,66,22-314,CHI,@,TBL,L-SO,1,2,3,2,0,1,0,0,0,,,,7,14.3,32,23:08,1,0,14,10,58.3
288,2011-03-13,67,22-318,CHI,@,WSH,L-OT,1,0,1,-1,0,0,1,0,0,,,,3,33.3,28,22:13,0,0,11,9,55.0
289,2011-03-14,68,22-319,CHI,,SJS,W,1,1,2,2,0,1,0,0,1,,,,4,25.0,28,21:54,1,2,11,9,55.0
290,2011-03-17,69,22-322,CHI,@,DAL,L,0,0,0,-1,0,0,0,0,0,,,,0,,24,19:13,0,0,12,11,52.2
291,2011-03-20,70,22-325,CHI,@,PHX,W,0,1,1,0,0,0,0,0,0,,,,3,0.0,28,20:40,1,0,8,9,47.1
292,2011-03-23,71,22-328,CHI,,FLA,W,0,2,2,2,0,0,0,0,0,,,,0,,22,19:30,1,0,15,12,55.6
293,2011-03-26,72,22-331,CHI,,ANA,L,0,0,0,-2,0,0,0,0,0,,,,3,0.0,24,20:28,2,0,15,10,60.0
294,2011-03-28,73,22-333,CHI,@,DET,W,1,0,1,1,0,1,0,0,0,,,,3,33.3,29,22:44,0,0,10,19,34.5
295,2011-03-29,74,22-334,CHI,@,BOS,L,0,0,0,-3,0,0,0,0,0,,,,6,0.0,25,19:44,0,1,9,10,47.4
296,2011-04-01,75,22-337,CHI,@,CBJ,W,0,0,0,2,2,0,0,0,0,,,,2,0.0,32,24:23,1,0,11,13,45.8
297,2011-04-03,76,22-339,CHI,,TBL,L,0,0,0,-1,0,0,0,0,0,,,,2,0.0,30,21:04,1,1,13,14,48.1
298,2011-04-05,77,22-341,CHI,@,MTL,L-OT,0,0,0,0,4,0,0,0,0,,,,3,0.0,27,21:35,0,1,13,7,65.0
299,2011-04-06,78,22-342,CHI,,STL,W,1,0,1,0,0,1,0,0,1,,,,3,33.3,32,23:59,0,0,18,9,66.7
300,2011-04-08,79,22-344,CHI,@,DET,W,0,0,0,2,0,0,0,0,0,,,,2,0.0,29,20:46,0,2,18,9,66.7
301,2011-04-10,80,22-346,CHI,,DET,L,0,0,0,0,0,0,0,0,0,,,,1,0.0,31,22:46,1,0,15,13,53.6
302,2011-10-07,1,23-161,CHI,@,DAL,L,0,0,0,0,0,0,0,0,0,,,,4,0.0,23,20:31,0,1,13,13,50.0
303,2011-10-08,2,23-162,CHI,,DAL,W,1,0,1,1,2,1,0,0,1,,,,2,50.0,25,22:28,1,0,11,9,55.0
304,2011-10-13,3,23-167,CHI,,WPG,W,0,1,1,-1,0,0,0,0,0,,,,0,,21,18:59,1,0,8,7,53.3
305,2011-10-15,4,23-169,CHI,,BOS,L-SO,0,0,0,0,0,0,0,0,0,,,,2,0.0,28,22:25,0,0,11,7,61.1
306,2011-10-18,5,23-172,CHI,@,PHX,W,1,0,1,0,0,1,0,0,0,,,,4,25.0,25,20:17,0,0,17,4,81.0
307,2011-10-20,6,23-174,CHI,@,COL,W,1,1,2,3,0,1,0,0,0,,,,5,20.0,23,17:58,0,0,6,10,37.5
308,2011-10-22,7,23-176,CHI,,COL,L-SO,1,0,1,-2,0,0,1,0,0,,,,4,25.0,28,19:48,2,0,12,8,60.0
309,2011-10-25,8,23-179,CHI,,ANA,W,0,0,0,1,0,0,0,0,0,,,,4,0.0,37,22:57,0,1,14,6,70.0
310,2011-10-28,9,23-182,CHI,@,CAR,L,0,0,0,-2,2,0,0,0,0,,,,5,0.0,23,20:56,0,0,19,6,76.0
311,2011-10-29,10,23-183,CHI,,CBJ,W,0,0,0,2,2,0,0,0,0,,,,4,0.0,28,20:54,0,0,12,9,57.1
312,2011-10-31,11,23-185,CHI,,NSH,W,0,1,1,0,0,0,0,0,0,,,,5,0.0,25,22:51,1,0,20,5,80.0
313,2011-11-03,12,23-188,CHI,@,FLA,W,1,0,1,0,0,1,0,0,0,,,,2,50.0,28,19:12,1,2,13,9,59.1
314,2011-11-04,13,23-189,CHI,@,TBL,L-OT,0,1,1,-1,0,0,0,0,0,,,,1,0.0,26,18:17,0,0,12,6,66.7
315,2011-11-06,14,23-191,CHI,,VAN,L,0,0,0,0,0,0,0,0,0,,,,5,0.0,25,19:50,1,1,12,10,54.5
316,2011-11-08,15,23-193,CHI,@,STL,L,0,0,0,0,0,0,0,0,0,,,,1,0.0,24,20:01,0,0,10,8,55.6
317,2011-11-10,16,23-195,CHI,@,CBJ,W,2,1,3,3,0,2,0,0,0,,,,4,50.0,29,19:57,1,1,11,10,52.4
318,2011-11-11,17,23-196,CHI,,CGY,W,0,1,1,1,0,0,0,0,0,,,,0,,24,20:24,0,0,8,9,47.1
319,2011-11-13,18,23-198,CHI,,EDM,W,2,0,2,2,0,2,0,0,1,,,,7,28.6,24,20:09,1,0,12,5,70.6
320,2011-11-16,19,23-201,CHI,@,VAN,W,1,1,2,1,0,1,0,0,0,,,,4,25.0,21,17:58,0,0,10,6,62.5
321,2011-11-18,20,23-203,CHI,@,CGY,L,0,2,2,-1,0,0,0,0,0,,,,5,0.0,31,19:24,1,0,15,6,71.4
322,2011-11-19,21,23-204,CHI,@,EDM,L,0,0,0,-2,0,0,0,0,0,,,,2,0.0,25,19:24,0,1,14,4,77.8
323,2011-11-23,22,23-208,CHI,@,SJS,L,0,0,0,0,0,0,0,0,0,,,,2,0.0,27,22:27,0,0,5,5,50.0
324,2011-11-25,23,23-210,CHI,@,ANA,W,2,3,5,3,2,1,1,0,1,,,,6,33.3,25,18:57,0,0,12,9,57.1
325,2011-11-26,24,23-211,CHI,@,LAK,W,1,0,1,1,0,1,0,0,1,,,,3,33.3,27,20:09,0,2,11,9,55.0
326,2011-11-29,25,23-214,CHI,,PHX,L,0,0,0,-1,0,0,0,0,0,,,,1,0.0,24,18:21,0,0,11,4,73.3
327,2011-12-02,26,23-217,CHI,,NYI,W,1,1,2,0,2,0,0,1,0,,,,5,20.0,29,22:33,1,1,14,8,63.6
328,2011-12-03,27,23-218,CHI,@,STL,W,1,1,2,1,2,1,0,0,0,,,,5,20.0,25,19:58,0,0,11,11,50.0
329,2011-12-05,28,23-220,CHI,,PHX,L-SO,2,1,3,2,0,1,1,0,0,,,,4,50.0,26,21:31,0,1,15,2,88.2
330,2011-12-08,29,23-223,CHI,@,NYI,W,0,0,0,0,0,0,0,0,0,,,,1,0.0,26,21:43,0,0,9,9,50.0
331,2011-12-11,30,23-226,CHI,,SJS,W,0,0,0,1,0,0,0,0,0,,,,2,0.0,31,26:55,1,0,14,9,60.9
332,2011-12-14,31,23-229,CHI,@,MIN,W,1,1,2,0,0,1,0,0,0,,,,2,50.0,30,23:54,0,0,9,12,42.9
333,2011-12-16,32,23-231,CHI,,ANA,W,0,0,0,0,0,0,0,0,0,,,,0,,22,21:20,2,0,9,9,50.0
334,2011-12-18,33,23-233,CHI,,CGY,W,0,1,1,0,0,0,0,0,0,,,,0,,24,23:14,0,0,16,9,64.0
335,2011-12-20,34,23-235,CHI,@,PIT,L,1,0,1,-1,0,1,0,0,0,,,,6,16.7,30,23:09,1,0,15,14,51.7
336,2011-12-21,35,23-236,CHI,,MTL,W,1,0,1,2,0,1,0,0,0,,,,3,33.3,25,20:53,2,1,9,7,56.3
337,2011-12-26,36,23-241,CHI,,CBJ,W,0,0,0,-1,0,0,0,0,0,,,,1,0.0,24,19:30,1,0,11,6,64.7
338,2011-12-28,37,23-243,CHI,,LAK,L,0,0,0,0,0,0,0,0,0,,,,4,0.0,30,24:22,0,0,14,6,70.0
339,2011-12-30,38,23-245,CHI,,DET,W,1,0,1,2,0,1,0,0,0,,,,6,16.7,30,23:25,0,0,13,12,52.0
340,2012-01-02,39,23-248,CHI,,EDM,L,1,0,1,0,0,1,0,0,0,,,,3,33.3,30,23:49,2,1,14,8,63.6
341,2012-01-05,40,23-251,CHI,@,PHI,L,0,2,2,0,0,0,0,0,0,,,,1,0.0,26,19:26,1,0,12,11,52.2
342,2012-01-06,41,23-252,CHI,,COL,L,0,0,0,0,0,0,0,0,0,,,,2,0.0,25,23:41,0,0,18,6,75.0
343,2012-01-08,42,23-254,CHI,,DET,L-OT,0,0,0,-1,0,0,0,0,0,,,,2,0.0,29,24:46,0,0,16,4,80.0
344,2012-01-10,43,23-256,CHI,,CBJ,W,0,1,1,-1,0,0,0,0,0,,,,1,0.0,27,18:55,0,0,11,4,73.3
345,2012-01-12,44,23-258,CHI,,MIN,W,0,1,1,1,0,0,0,0,0,,,,3,0.0,25,20:53,0,0,12,9,57.1
346,2012-01-14,45,23-260,CHI,@,DET,L-OT,1,0,1,0,0,1,0,0,0,,,,1,100.0,29,22:55,2,0,15,8,65.2
347,2012-01-15,46,23-261,CHI,,SJS,W,1,1,2,2,2,1,0,0,0,,,,6,16.7,23,21:09,1,0,9,8,52.9
348,2012-01-18,47,23-264,CHI,,BUF,W,2,0,2,1,0,0,2,0,0,,,,6,33.3,26,20:31,0,0,11,6,64.7
349,2012-01-20,48,23-266,CHI,,FLA,W,1,1,2,2,4,1,0,0,0,,,,2,50.0,24,20:24,0,0,12,8,60.0
350,2012-01-21,49,23-267,CHI,@,NSH,L,0,0,0,-1,0,0,0,0,0,,,,0,,15,9:55,0,0,1,5,16.7
351,2012-01-31,50,23-277,CHI,@,VAN,L-OT,0,1,1,-1,0,0,0,0,0,,,,5,0.0,24,19:10,1,0,6,11,35.3
352,2012-02-02,51,23-279,CHI,@,EDM,L,0,1,1,0,0,0,0,0,0,,,,10,0.0,29,20:25,0,0,8,6,57.1
353,2012-02-03,52,23-280,CHI,@,CGY,L,0,0,0,1,0,0,0,0,0,,,,3,0.0,27,22:01,1,1,9,11,45.0
354,2012-02-07,53,23-284,CHI,@,COL,L,0,0,0,-1,0,0,0,0,0,,,,4,0.0,29,17:59,0,0,8,13,38.1
355,2012-02-10,54,23-287,CHI,@,SJS,L,0,0,0,0,4,0,0,0,0,,,,0,,28,20:49,1,0,12,13,48.0
356,2012-02-11,55,23-288,CHI,@,PHX,L,0,0,0,-1,2,0,0,0,0,,,,5,0.0,27,20:55,0,0,11,5,68.8
357,2012-02-14,56,23-291,CHI,@,NSH,L,0,0,0,-1,2,0,0,0,0,,,,3,0.0,27,23:12,0,0,8,6,57.1
358,2012-02-16,57,23-293,CHI,@,NYR,W,1,1,2,2,2,1,0,0,0,,,,4,25.0,30,20:45,2,0,8,8,50.0
359,2012-02-18,58,23-295,CHI,@,CBJ,W,1,2,3,2,0,1,0,0,0,,,,3,33.3,23,19:31,1,0,8,4,66.7
360,2012-02-19,59,23-296,CHI,,STL,W,0,0,0,-1,0,0,0,0,0,,,,0,,28,21:34,2,0,8,10,44.4
361,2013-01-19,1,24-265,CHI,@,LAK,W,1,1,2,3,0,1,0,0,0,,,,1,100.0,28,18:47,1,1,16,9,64.0
362,2013-01-20,2,24-266,CHI,@,PHX,W,0,0,0,2,0,0,0,0,0,,,,2,0.0,28,17:32,0,0,14,10,58.3
363,2013-01-22,3,24-268,CHI,,STL,W,0,1,1,0,0,0,0,0,0,,,,1,0.0,24,18:10,0,0,12,6,66.7
364,2013-01-24,4,24-270,CHI,@,DAL,W,1,0,1,-1,0,0,1,0,0,,,,6,16.7,27,18:53,0,0,13,7,65.0
365,2013-01-26,5,24-272,CHI,@,CBJ,W,1,0,1,0,0,1,0,0,1,,,,2,50.0,29,19:39,1,1,13,6,68.4
366,2013-01-27,6,24-273,CHI,,DET,W,0,1,1,0,2,0,0,0,0,,,,1,0.0,27,19:44,0,0,10,11,47.6
367,2013-01-30,7,24-276,CHI,@,MIN,L-SO,1,0,1,1,0,1,0,0,0,,,,3,33.3,28,21:45,0,0,13,10,56.5
368,2013-02-01,8,24-278,CHI,@,VAN,L-SO,0,0,0,0,0,0,0,0,0,,,,3,0.0,27,22:32,0,0,12,5,70.6
369,2013-02-02,9,24-279,CHI,@,CGY,W,0,0,0,0,0,0,0,0,0,,,,1,0.0,29,21:58,0,2,9,7,56.3
370,2013-02-05,10,24-282,CHI,@,SJS,W,0,2,2,2,0,0,0,0,0,,,,5,0.0,25,18:04,0,0,17,9,65.4
371,2013-02-07,11,24-284,CHI,@,PHX,W,1,1,2,1,0,1,0,0,0,,,,2,50.0,23,16:57,1,1,10,11,47.6
372,2013-02-10,12,24-287,CHI,@,NSH,W,1,0,1,1,0,1,0,0,0,,,,2,50.0,22,17:18,0,2,8,8,50.0
373,2013-02-12,13,24-289,CHI,,ANA,L-SO,0,1,1,1,0,0,0,0,0,,,,1,0.0,28,21:33,1,0,16,9,64.0
374,2013-02-15,14,24-292,CHI,,SJS,W,0,0,0,-1,9,0,0,0,0,,,,2,0.0,20,16:06,0,0,9,8,52.9
375,2013-02-17,15,24-294,CHI,,LAK,W,1,1,2,1,2,0,1,0,0,,,,6,16.7,26,20:04,0,1,13,6,68.4
376,2013-02-19,16,24-296,CHI,,VAN,W,0,0,0,0,2,0,0,0,0,,,,6,0.0,29,21:08,0,0,14,11,56.0
377,2013-02-22,17,24-299,CHI,,SJS,W,0,0,0,0,0,0,0,0,0,,,,4,0.0,25,18:10,1,0,15,4,78.9
378,2013-02-24,18,24-301,CHI,,CBJ,W,0,0,0,0,2,0,0,0,0,,,,1,0.0,27,21:37,0,0,8,8,50.0
379,2013-02-25,19,24-302,CHI,,EDM,W,0,0,0,-1,2,0,0,0,0,,,,1,0.0,22,19:16,0,0,12,9,57.1
380,2013-02-28,20,24-305,CHI,@,STL,W,2,0,2,2,0,2,0,0,1,,,,5,40.0,25,18:27,0,0,13,10,56.5
381,2013-03-01,21,24-306,CHI,,CBJ,W,0,1,1,-1,0,0,0,0,0,,,,1,0.0,22,19:25,1,0,10,8,55.6
382,2013-03-03,22,24-308,CHI,@,DET,W,0,0,0,0,0,0,0,0,0,,,,2,0.0,30,21:52,1,0,10,8,55.6
383,2013-03-05,23,24-310,CHI,,MIN,W,0,2,2,2,0,0,0,0,0,,,,1,0.0,24,17:08,4,0,9,5,64.3
384,2013-03-06,24,24-311,CHI,,COL,W,1,0,1,0,0,0,0,1,0,,,,3,33.3,23,22:57,1,1,10,10,50.0
385,2013-03-08,25,24-313,CHI,@,COL,L,1,0,1,0,0,1,0,0,0,,,,1,100.0,26,17:18,0,0,10,12,45.5
386,2013-03-10,26,24-315,CHI,,EDM,L,0,1,1,1,0,0,0,0,0,,,,3,0.0,25,21:29,0,0,16,5,76.2
387,2013-03-14,27,24-319,CHI,@,CBJ,W,0,0,0,0,0,0,0,0,0,,,,7,0.0,24,20:03,2,0,13,9,59.1
388,2013-03-16,28,24-321,CHI,@,DAL,W,2,1,3,2,0,2,0,0,1,,,,3,66.7,20,16:41,0,1,13,3,81.3
389,2013-03-18,29,24-323,CHI,@,COL,W,1,2,3,3,0,1,0,0,0,,,,4,25.0,23,17:01,0,0,8,10,44.4
390,2013-03-20,30,24-325,CHI,@,ANA,L,1,0,1,-1,0,0,0,1,0,,,,2,50.0,23,17:47,0,2,9,6,60.0
391,2013-03-25,31,24-330,CHI,,LAK,L,1,1,2,0,0,1,0,0,0,,,,4,25.0,27,20:22,0,0,14,12,53.8
392,2013-03-26,32,24-331,CHI,,CGY,W,0,0,0,0,2,0,0,0,0,,,,6,0.0,27,20:57,1,0,14,8,63.6
393,2013-03-29,33,24-334,CHI,,ANA,L,0,0,0,-1,0,0,0,0,0,,,,2,0.0,26,21:19,1,0,14,6,70.0
394,2013-03-31,34,24-336,CHI,@,DET,W,1,2,3,3,2,1,0,0,0,,,,3,33.3,18,13:19,1,0,14,5,73.7
395,2013-04-01,35,24-337,CHI,,NSH,W,0,1,1,1,0,0,0,0,0,,,,3,0.0,31,24:12,0,0,17,5,77.3
396,2013-04-04,36,24-340,CHI,,STL,L-SO,1,1,2,2,0,1,0,0,0,,,,3,33.3,27,22:39,0,0,9,9,50.0
397,2013-04-06,37,24-342,CHI,@,NSH,W,0,0,0,0,0,0,0,0,0,,,,6,0.0,24,18:46,1,0,11,6,64.7
398,2013-04-07,38,24-343,CHI,,NSH,W,1,1,2,0,0,1,0,0,1,,,,4,25.0,22,20:07,1,1,11,5,68.8
399,2013-04-09,39,24-345,CHI,@,MIN,W,0,0,0,1,0,0,0,0,0,,,,5,0.0,26,19:42,0,0,15,7,68.2
400,2013-04-12,40,24-348,CHI,,DET,W,1,0,1,1,0,1,0,0,0,,,,4,25.0,27,18:46,1,2,12,7,63.2
401,2013-04-14,41,24-350,CHI,@,STL,W,0,1,1,1,0,0,0,0,0,,,,4,0.0,25,19:58,0,0,10,10,50.0
402,2013-04-15,42,24-351,CHI,,DAL,W,1,1,2,2,2,1,0,0,0,,,,3,33.3,21,20:02,1,0,8,10,44.4
403,2013-04-19,43,24-355,CHI,,NSH,W,0,2,2,1,0,0,0,0,0,,,,2,0.0,24,18:49,1,0,14,9,60.9
404,2013-04-20,44,24-356,CHI,,PHX,L-SO,0,0,0,-1,0,0,0,0,0,,,,5,0.0,29,21:07,2,0,16,10,61.5
405,2013-04-22,45,24-358,CHI,@,VAN,L,0,0,0,0,0,0,0,0,0,,,,1,0.0,22,19:01,0,1,13,11,54.2
406,2013-04-24,46,24-360,CHI,@,EDM,W,1,0,1,1,2,1,0,0,0,,,,3,33.3,21,15:00,0,0,3,8,27.3
407,2013-04-26,47,24-362,CHI,,CGY,W,1,0,1,0,0,1,0,0,1,,,,3,33.3,18,15:38,0,0,9,6,60.0
408,2013-10-01,1,25-155,CHI,,WSH,W,0,1,1,0,0,0,0,0,0,,,,1,0.0,28,18:46,0,0,11,10,52.4
409,2013-10-05,2,25-159,CHI,,TBL,L-SO,0,0,0,1,2,0,0,0,0,,,,2,0.0,24,22:21,0,0,14,8,63.6
410,2013-10-09,3,25-163,CHI,@,STL,L,1,1,2,0,2,0,1,0,0,,,,2,50.0,26,18:37,0,0,9,11,45.0
411,2013-10-11,4,25-165,CHI,,NYI,W,1,0,1,-1,0,1,0,0,0,,,,7,14.3,23,21:15,1,0,16,7,69.6
412,2013-10-12,5,25-166,CHI,,BUF,W,0,0,0,-1,0,0,0,0,0,,,,4,0.0,25,20:17,1,0,13,8,61.9
413,2013-10-15,6,25-169,CHI,@,CAR,W,0,0,0,0,0,0,0,0,0,,,,2,0.0,26,21:38,0,0,6,15,28.6
414,2013-10-17,7,25-171,CHI,,STL,L-SO,0,0,0,1,2,0,0,0,0,,,,1,0.0,29,22:18,0,0,10,10,50.0
415,2013-10-19,8,25-173,CHI,,TOR,W,0,0,0,0,2,0,0,0,0,,,,2,0.0,28,23:08,0,0,11,8,57.9
416,2013-10-22,9,25-176,CHI,@,FLA,W,1,0,1,-1,2,0,1,0,0,,,,3,33.3,25,19:22,2,0,15,6,71.4
417,2013-10-24,10,25-178,CHI,@,TBL,L-OT,1,1,2,0,2,1,0,0,0,,,,7,14.3,28,24:17,1,0,16,14,53.3
418,2013-10-26,11,25-180,CHI,,MIN,L,0,1,1,-1,0,0,0,0,0,,,,4,0.0,27,23:15,0,0,18,11,62.1
419,2013-10-28,12,25-182,CHI,@,MIN,W,0,1,1,2,0,0,0,0,0,,,,0,,23,20:48,0,1,9,6,60.0
420,2013-10-29,13,25-183,CHI,,OTT,W,3,1,4,2,0,3,0,0,0,,,,4,75.0,25,21:37,0,0,9,14,39.1
421,2013-11-02,14,25-187,CHI,@,WPG,W,0,0,0,1,0,0,0,0,0,,,,2,0.0,22,18:25,0,0,10,9,52.6
422,2013-11-03,15,25-188,CHI,,CGY,L-OT,0,0,0,-1,0,0,0,0,0,,,,3,0.0,29,22:24,1,0,18,9,66.7
423,2013-11-06,16,25-191,CHI,,WPG,W,1,0,1,2,2,1,0,0,0,,,,4,25.0,21,20:29,0,0,15,2,88.2
424,2013-11-09,17,25-194,CHI,@,DAL,W,1,1,2,1,0,1,0,0,0,,,,3,33.3,26,18:11,0,0,9,11,45.0
425,2013-11-10,18,25-195,CHI,,EDM,W,0,0,0,-1,0,0,0,0,0,,,,3,0.0,22,21:11,2,0,21,7,75.0
426,2013-11-14,19,25-199,CHI,,PHX,W,0,2,2,1,0,0,0,0,0,,,,5,0.0,30,21:13,0,0,13,11,54.2
427,2013-11-16,20,25-201,CHI,@,NSH,L,0,0,0,-1,0,0,0,0,0,,,,2,0.0,24,19:29,1,1,9,12,42.9
428,2013-11-17,21,25-202,CHI,,SJS,W,1,0,1,2,0,1,0,0,0,,,,4,25.0,24,17:49,0,1,11,9,55.0
429,2013-11-19,22,25-204,CHI,@,COL,L,0,0,0,-2,0,0,0,0,0,,,,3,0.0,24,17:28,0,0,10,5,66.7
430,2013-11-21,23,25-206,CHI,@,WPG,W,1,3,4,3,0,1,0,0,0,,,,3,33.3,30,20:50,1,0,18,8,69.2
431,2013-11-23,24,25-208,CHI,@,VAN,W,0,0,0,1,0,0,0,0,0,,,,1,0.0,31,21:48,1,1,10,9,52.6
432,2013-11-25,25,25-210,CHI,@,EDM,W,1,0,1,1,0,0,0,1,0,,,,3,33.3,24,19:33,0,0,10,8,55.6
433,2013-11-27,26,25-212,CHI,@,CGY,W,0,0,0,0,0,0,0,0,0,,,,1,0.0,25,20:33,0,0,11,11,50.0
434,2013-11-29,27,25-214,CHI,@,DAL,W,0,0,0,0,0,0,0,0,0,,,,1,0.0,30,19:55,1,1,9,10,47.4
435,2013-11-30,28,25-215,CHI,@,PHX,W,0,1,1,1,0,0,0,0,0,,,,3,0.0,25,21:13,0,0,7,11,38.9
436,2013-12-03,29,25-218,CHI,,DAL,L,0,0,0,0,0,0,0,0,0,,,,2,0.0,25,21:48,0,0,14,8,63.6
437,2013-12-05,30,25-220,CHI,@,MIN,L,0,0,0,-1,0,0,0,0,0,,,,0,,26,21:16,1,0,12,8,60.0
438,2013-12-06,31,25-221,CHI,,ANA,L-SO,0,0,0,-1,0,0,0,0,0,,,,1,0.0,28,24:49,1,0,17,8,68.0
439,2013-12-08,32,25-223,CHI,,FLA,W,0,2,2,-1,0,0,0,0,0,,,,3,0.0,29,21:25,0,0,14,9,60.9
440,2013-12-10,33,25-225,CHI,@,DAL,W,0,1,1,1,0,0,0,0,0,,,,1,0.0,22,18:27,1,0,4,7,36.4
441,2013-12-11,34,25-226,CHI,,PHI,W,1,0,1,1,0,1,0,0,0,,,,3,33.3,20,16:48,0,1,4,5,44.4
442,2013-12-14,35,25-229,CHI,@,TOR,L,0,1,1,-1,0,0,0,0,0,,,,1,0.0,23,17:38,2,1,5,3,62.5
443,2013-12-15,36,25-230,CHI,,LAK,W,0,2,2,0,0,0,0,0,0,,,,5,0.0,24,18:07,0,0,10,3,76.9
444,2013-12-17,37,25-232,CHI,@,NSH,W,0,1,1,1,0,0,0,0,0,,,,2,0.0,31,21:22,0,0,6,10,37.5
445,2013-12-20,38,25-235,CHI,,VAN,L-SO,0,0,0,0,0,0,0,0,0,,,,2,0.0,26,21:52,2,1,10,8,55.6
446,2013-12-23,39,25-238,CHI,,NJD,W,0,1,1,3,0,0,0,0,0,,,,1,0.0,24,20:30,0,0,17,5,77.3
447,2013-12-27,40,25-242,CHI,,COL,W,2,2,4,2,0,2,0,0,0,,,,6,33.3,21,16:51,0,0,6,10,37.5
448,2013-12-28,41,25-243,CHI,@,STL,L-SO,0,2,2,2,0,0,0,0,0,,,,1,0.0,31,20:36,0,1,8,10,44.4
449,2013-12-30,42,25-245,CHI,,LAK,W,0,0,0,0,0,0,0,0,0,,,,2,0.0,24,19:47,0,1,16,8,66.7
450,2014-01-02,43,25-248,CHI,@,NYI,L-OT,0,1,1,1,0,0,0,0,0,,,,5,0.0,25,20:00,0,0,11,10,52.4
451,2014-01-03,44,25-249,CHI,@,NJD,W,0,2,2,4,0,0,0,0,0,,,,1,0.0,25,20:14,0,0,8,8,50.0
452,2014-01-05,45,25-251,CHI,,SJS,L-SO,0,1,1,0,0,0,0,0,0,,,,1,0.0,27,21:08,0,0,12,10,54.5
453,2014-01-08,46,25-254,CHI,,NYR,L,1,0,1,0,0,0,1,0,0,,,,3,33.3,22,21:17,0,1,12,9,57.1
454,2014-01-11,47,25-257,CHI,@,MTL,L-OT,0,1,1,1,0,0,0,0,0,,,,1,0.0,25,21:01,0,1,10,11,47.6
455,2014-01-12,48,25-258,CHI,,EDM,W,1,0,1,-1,0,1,0,0,1,,,,5,20.0,26,21:43,1,1,17,6,73.9
456,2014-01-14,49,25-260,CHI,,COL,L-OT,0,0,0,0,2,0,0,0,0,,,,1,0.0,31,23:46,1,0,21,8,72.4
457,2014-01-17,50,25-263,CHI,,ANA,W,0,1,1,1,0,0,0,0,0,,,,1,0.0,28,20:46,0,0,14,9,60.9
458,2014-01-19,51,25-265,CHI,,BOS,W,0,0,0,0,10,0,0,0,0,,,,5,0.0,24,19:24,1,1,8,6,57.1
459,2014-01-22,52,25-268,CHI,@,DET,L-SO,0,1,1,0,0,0,0,0,0,,,,2,0.0,31,20:15,0,0,14,8,63.6
460,2014-01-23,53,25-269,CHI,@,MIN,L,0,0,0,-1,0,0,0,0,0,,,,1,0.0,27,20:48,0,1,7,10,41.2
461,2014-01-26,54,25-272,CHI,,WPG,L,0,0,0,-2,0,0,0,0,0,,,,3,0.0,23,19:39,0,0,13,10,56.5
462,2014-01-28,55,25-274,CHI,@,CGY,L-OT,0,1,1,0,0,0,0,0,0,,,,4,0.0,26,19:45,1,0,11,8,57.9
463,2014-01-29,56,25-275,CHI,@,VAN,W,1,1,2,1,0,1,0,0,1,,,,2,50.0,27,18:49,0,2,6,12,33.3
464,2014-02-01,57,25-278,CHI,@,SJS,L-SO,0,0,0,-1,0,0,0,0,0,,,,1,0.0,33,23:05,0,0,6,13,31.6
465,2014-02-03,58,25-280,CHI,@,LAK,W,0,2,2,0,0,0,0,0,0,,,,3,0.0,29,21:32,0,0,5,19,20.8
466,2014-02-05,59,25-282,CHI,@,ANA,W,1,0,1,2,0,1,0,0,0,,,,3,33.3,27,20:29,0,0,11,9,55.0
467,2014-02-07,60,25-284,CHI,@,PHX,L,0,0,0,0,2,0,0,0,0,,,,2,0.0,26,22:49,0,0,13,8,61.9
468,2014-02-27,61,25-304,CHI,@,NYR,L,0,0,0,-1,0,0,0,0,0,,,,2,0.0,27,20:27,0,0,13,8,61.9
469,2014-03-01,62,25-306,CHI,,PIT,W,2,1,3,3,0,2,0,0,1,,,,7,28.6,29,18:56,0,0,15,12,55.6
470,2014-03-04,63,25-309,CHI,,COL,L,1,0,1,-1,0,0,1,0,0,,,,3,33.3,24,21:13,0,0,10,9,52.6
471,2014-03-06,64,25-311,CHI,,CBJ,W,2,0,2,2,2,1,1,0,0,,,,3,66.7,24,16:18,0,1,10,7,58.8
472,2014-03-09,65,25-314,CHI,@,BUF,W,1,0,1,1,0,1,0,0,1,,,,2,50.0,26,22:17,0,0,10,6,62.5
473,2014-03-12,66,25-317,CHI,@,COL,L,0,0,0,1,0,0,0,0,0,,,,1,0.0,29,23:12,0,1,18,7,72.0
474,2014-03-14,67,25-319,CHI,,NSH,L,1,0,1,-1,0,1,0,0,0,,,,4,25.0,26,22:19,0,0,19,4,82.6
475,2014-03-16,68,25-321,CHI,,DET,W,1,0,1,1,0,0,0,1,0,,,,1,100.0,25,18:26,0,0,7,8,46.7
476,2014-03-18,69,25-323,CHI,@,PHI,L-OT,0,1,1,1,0,0,0,0,0,,,,2,0.0,30,23:16,2,1,14,9,60.9
477,2014-03-19,70,25-324,CHI,,STL,W,0,0,0,1,0,0,0,0,0,,,,2,0.0,21,17:52,0,0,10,8,55.6
478,2014-03-21,71,25-326,CHI,,CAR,W,1,0,1,1,4,0,0,1,1,,,,2,50.0,31,23:46,0,0,10,12,45.5
479,2014-03-23,72,25-328,CHI,,NSH,L,0,0,0,-1,0,0,0,0,0,,,,0,,25,23:54,2,0,11,9,55.0
480,2014-03-25,73,25-330,CHI,,DAL,W,0,1,1,1,0,0,0,0,0,,,,2,0.0,26,19:31,1,0,23,5,82.1
481,2014-03-27,74,25-332,CHI,@,BOS,L,0,0,0,-1,0,0,0,0,0,,,,2,0.0,23,18:05,1,0,11,11,50.0
482,2014-03-28,75,25-333,CHI,@,OTT,L,0,1,1,-1,0,0,0,0,0,,,,4,0.0,25,20:28,0,0,16,7,69.6
483,2014-03-30,76,25-335,CHI,@,PIT,L,0,0,0,-1,0,0,0,0,0,,,,2,0.0,15,9:32,0,0,7,2,77.8
484,2014-10-09,1,26-163,CHI,@,DAL,W,0,0,0,1,0,0,0,0,0,0,0,0,1,0.0,31,22:52,1,0,13,12,52.0
485,2014-10-11,2,26-165,CHI,,BUF,W,0,2,2,1,0,0,0,0,0,0,1,1,0,,23,18:02,0,0,13,8,61.9
486,2014-10-15,3,26-169,CHI,,CGY,L-OT,0,1,1,-1,0,0,0,0,0,0,1,0,2,0.0,24,21:19,1,0,14,11,56.0
487,2014-10-18,4,26-172,CHI,,NSH,W,1,0,1,1,0,0,0,1,1,0,0,0,3,33.3,28,22:23,1,0,9,10,47.4
488,2014-10-21,5,26-175,CHI,,PHI,W,0,1,1,0,0,0,0,0,0,0,1,0,4,0.0,21,17:16,0,0,12,11,52.2
489,2014-10-23,6,26-177,CHI,@,NSH,L,0,0,0,-1,0,0,0,0,0,0,0,0,5,0.0,22,21:06,0,0,13,12,52.0
490,2014-10-25,7,26-179,CHI,@,STL,L,0,0,0,-2,0,0,0,0,0,0,0,0,4,0.0,23,20:55,0,0,18,10,64.3
491,2014-10-26,8,26-180,CHI,,OTT,W,1,0,1,1,0,1,0,0,0,0,0,0,3,33.3,26,22:34,0,0,17,8,68.0
492,2014-10-28,9,26-182,CHI,,ANA,L,0,0,0,0,0,0,0,0,0,0,0,0,3,0.0,19,19:53,0,0,11,8,57.9
493,2014-10-30,10,26-184,CHI,@,OTT,W,2,0,2,2,0,2,0,0,0,0,0,0,3,66.7,28,21:27,1,0,16,9,64.0
494,2014-11-01,11,26-186,CHI,@,TOR,L,0,0,0,-1,0,0,0,0,0,0,0,0,2,0.0,22,18:01,2,0,14,9,60.9
495,2014-11-02,12,26-187,CHI,,WPG,L,0,0,0,0,0,0,0,0,0,0,0,0,1,0.0,28,22:41,3,0,15,9,62.5
496,2014-11-04,13,26-189,CHI,@,MTL,W,1,1,2,1,2,0,1,0,1,1,0,0,4,25.0,23,19:05,0,0,12,8,60.0
497,2014-11-07,14,26-192,CHI,,WSH,L,0,1,1,0,0,0,0,0,0,0,1,0,1,0.0,26,22:31,3,0,14,9,60.9
498,2014-11-09,15,26-194,CHI,,SJS,W,1,1,2,2,0,1,0,0,0,1,0,0,3,33.3,25,19:31,1,0,13,8,61.9
499,2014-11-11,16,26-196,CHI,,TBL,W,0,0,0,-2,0,0,0,0,0,0,0,0,4,0.0,26,24:08,0,0,14,11,56.0
500,2014-11-14,17,26-199,CHI,@,DET,L,0,1,1,-2,2,0,0,0,0,0,1,0,1,0.0,23,18:12,1,0,9,8,52.9
501,2014-11-16,18,26-201,CHI,,DAL,W,1,1,2,2,0,1,0,0,0,1,0,0,4,25.0,25,18:38,0,0,11,10,52.4
502,2014-11-20,19,26-205,CHI,@,CGY,W,0,0,0,0,2,0,0,0,0,0,0,0,1,0.0,27,20:14,0,0,10,9,52.6
503,2014-11-22,20,26-207,CHI,@,EDM,W,2,0,2,3,0,2,0,0,0,0,0,0,2,100.0,20,16:43,0,0,13,7,65.0
504,2014-11-23,21,26-208,CHI,@,VAN,L,0,0,0,-4,0,0,0,0,0,0,0,0,0,,26,19:15,0,0,8,13,38.1
505,2014-11-26,22,26-211,CHI,@,COL,W,1,0,1,1,0,0,1,0,0,0,0,0,5,20.0,25,19:18,0,0,12,9,57.1
506,2014-11-28,23,26-213,CHI,@,ANA,W,0,0,0,0,0,0,0,0,0,0,0,0,1,0.0,23,18:15,2,0,7,10,41.2
507,2014-11-29,24,26-214,CHI,@,LAK,W,0,0,0,1,2,0,0,0,0,0,0,0,2,0.0,24,17:08,1,0,10,9,52.6
508,2014-12-03,25,26-218,CHI,,STL,W,0,1,1,0,2,0,0,0,0,1,0,0,3,0.0,26,19:27,0,0,16,5,76.2
509,2014-12-05,26,26-220,CHI,,MTL,W,1,1,2,0,0,0,1,0,0,1,0,0,3,33.3,30,22:12,0,0,13,10,56.5
510,2014-12-06,27,26-221,CHI,@,NSH,W,0,0,0,3,0,0,0,0,0,0,0,0,3,0.0,25,19:00,0,1,9,11,45.0
511,2014-12-09,28,26-224,CHI,@,NJD,W,0,1,1,1,2,0,0,0,0,1,0,0,4,0.0,24,20:56,0,0,8,13,38.1
512,2014-12-11,29,26-226,CHI,@,BOS,W,0,0,0,0,2,0,0,0,0,0,0,0,0,,14,11:54,0,0,5,7,41.7
513,2014-12-13,30,26-228,CHI,@,NYI,L,0,0,0,0,2,0,0,0,0,0,0,0,1,0.0,24,18:35,2,0,10,3,76.9
514,2014-12-14,31,26-229,CHI,,CGY,W,0,2,2,0,0,0,0,0,0,1,1,0,0,,22,16:24,0,0,10,8,55.6
515,2014-12-16,32,26-231,CHI,,MIN,W,1,2,3,1,0,1,0,0,0,1,1,0,4,25.0,24,19:47,2,1,12,5,70.6
516,2014-12-20,33,26-235,CHI,@,CBJ,L-SO,0,0,0,0,4,0,0,0,0,0,0,0,1,0.0,24,18:36,0,0,12,7,63.2
517,2014-12-21,34,26-236,CHI,,TOR,W,1,0,1,1,0,1,0,0,0,0,0,0,5,20.0,21,15:42,0,0,11,7,61.1
518,2014-12-23,35,26-238,CHI,,WPG,L,0,0,0,0,0,0,0,0,0,0,0,0,3,0.0,23,18:44,0,0,14,11,56.0
519,2014-12-27,36,26-242,CHI,@,COL,W,0,2,2,2,0,0,0,0,0,1,1,0,2,0.0,26,20:15,0,0,11,11,50.0
520,2014-12-29,37,26-244,CHI,,NSH,W,0,0,0,0,0,0,0,0,0,0,0,0,2,0.0,28,22:17,0,0,9,14,39.1
521,2015-01-01,38,26-247,CHI,@,WSH,L,0,1,1,1,2,0,0,0,0,1,0,0,0,,26,19:59,0,0,17,13,56.7
522,2015-01-04,39,26-250,CHI,,DAL,W,0,1,1,0,0,0,0,0,0,1,0,0,3,0.0,26,21:56,1,0,9,11,45.0
523,2015-01-06,40,26-252,CHI,,COL,L,0,0,0,0,4,0,0,0,0,0,0,0,5,0.0,26,22:09,0,0,7,16,30.4
524,2015-01-08,41,26-254,CHI,@,MIN,W,0,1,1,-1,0,0,0,0,0,0,1,0,1,0.0,26,20:34,0,1,13,8,61.9
525,2015-01-09,42,26-255,CHI,@,EDM,L,0,2,2,2,0,0,0,0,0,2,0,0,1,0.0,19,15:15,0,0,8,12,40.0
526,2015-01-11,43,26-257,CHI,,MIN,W,0,2,2,2,0,0,0,0,0,2,0,0,3,0.0,21,18:12,0,0,12,8,60.0
527,2015-01-16,44,26-262,CHI,,WPG,L,0,1,1,1,0,0,0,0,0,1,0,0,1,0.0,24,18:40,0,0,12,8,60.0
528,2015-01-18,45,26-264,CHI,,DAL,L,0,1,1,-1,0,0,0,0,0,1,0,0,1,0.0,26,20:58,1,0,14,8,63.6
529,2015-01-20,46,26-266,CHI,,ARI,W,1,0,1,0,0,0,1,0,0,0,0,0,3,33.3,22,18:25,1,0,13,7,65.0
530,2015-01-21,47,26-267,CHI,@,PIT,W,0,0,0,1,0,0,0,0,0,0,0,0,3,0.0,28,21:56,2,0,15,7,68.2
531,2015-01-28,48,26-274,CHI,@,LAK,L,0,0,0,-2,0,0,0,0,0,0,0,0,1,0.0,28,21:07,1,0,16,10,61.5
532,2015-01-30,49,26-276,CHI,@,ANA,W,1,0,1,2,0,1,0,0,0,0,0,0,3,33.3,22,16:32,1,0,6,8,42.9
533,2015-01-31,50,26-277,CHI,@,SJS,L,0,0,0,-1,0,0,0,0,0,0,0,0,5,0.0,27,21:27,0,1,11,13,45.8
534,2015-02-03,51,26-280,CHI,@,MIN,L,0,0,0,0,2,0,0,0,0,0,0,0,1,0.0,25,18:52,0,0,8,9,47.1
535,2015-02-06,52,26-283,CHI,@,WPG,W,0,0,0,0,0,0,0,0,0,0,0,0,0,,28,20:45,0,0,14,7,66.7
536,2015-02-08,53,26-285,CHI,@,STL,W,0,0,0,-2,2,0,0,0,0,0,0,0,1,0.0,25,17:32,0,0,10,5,66.7
537,2015-02-09,54,26-286,CHI,,ARI,L-SO,0,2,2,2,0,0,0,0,0,2,0,0,6,0.0,29,21:03,0,0,15,12,55.6
538,2015-02-11,55,26-288,CHI,,VAN,L-OT,0,1,1,1,0,0,0,0,0,0,1,0,5,0.0,29,20:58,2,0,16,9,64.0
539,2015-02-13,56,26-290,CHI,,NJD,W,1,0,1,1,2,1,0,0,1,0,0,0,2,50.0,21,20:16,0,2,7,5,58.3
540,2015-02-15,57,26-292,CHI,,PIT,W,0,1,1,1,0,0,0,0,0,1,0,0,2,0.0,26,21:09,3,2,10,8,55.6
541,2015-02-18,58,26-295,CHI,,DET,L-SO,0,0,0,1,0,0,0,0,0,0,0,0,1,0.0,29,22:48,1,1,15,10,60.0
542,2015-02-20,59,26-297,CHI,,COL,L,0,0,0,0,0,0,0,0,0,0,0,0,1,0.0,22,19:20,1,0,9,10,47.4
543,2015-02-22,60,26-299,CHI,,BOS,L,1,0,1,0,0,0,1,0,0,0,0,0,2,50.0,23,17:28,2,0,8,10,44.4
544,2015-02-24,61,26-301,CHI,,FLA,W,1,0,1,0,0,0,1,0,0,0,0,0,5,20.0,28,20:34,1,0,10,8,55.6
545,2015-02-26,62,26-303,CHI,@,FLA,W,1,0,1,2,0,1,0,0,0,0,0,0,4,25.0,22,19:42,1,0,21,7,75.0
546,2015-02-27,63,26-304,CHI,@,TBL,L,0,0,0,0,0,0,0,0,0,0,0,0,3,0.0,25,17:42,1,1,10,12,45.5
547,2015-03-02,64,26-307,CHI,,CAR,W,2,1,3,2,0,1,0,1,0,1,0,0,4,50.0,26,19:11,0,0,8,11,42.1
548,2015-03-06,65,26-311,CHI,,EDM,W,0,1,1,0,0,0,0,0,0,1,0,0,3,0.0,25,19:30,2,0,11,6,64.7
549,2015-03-08,66,26-313,CHI,,NYR,L-OT,0,0,0,-1,0,0,0,0,0,0,0,0,1,0.0,30,22:40,0,0,12,6,66.7
550,2015-03-12,67,26-317,CHI,@,ARI,W,0,0,0,0,0,0,0,0,0,0,0,0,3,0.0,27,19:47,0,0,16,12,57.1
551,2015-03-14,68,26-319,CHI,@,SJS,W,0,1,1,1,2,0,0,0,0,1,0,0,2,0.0,26,19:27,1,0,15,11,57.7
552,2015-03-17,69,26-322,CHI,,NYI,W,2,2,4,4,0,2,0,0,1,2,0,0,4,50.0,23,18:17,1,0,13,4,76.5
553,2015-03-18,70,26-323,CHI,@,NYR,W,0,0,0,0,0,0,0,0,0,0,0,0,1,0.0,28,21:46,0,0,10,11,47.6
554,2015-03-21,71,26-326,CHI,@,DAL,L,0,0,0,-1,0,0,0,0,0,0,0,0,1,0.0,23,18:03,2,0,14,5,73.7
555,2015-03-23,72,26-328,CHI,@,CAR,W,0,1,1,1,0,0,0,0,0,1,0,0,1,0.0,25,16:36,2,3,9,11,45.0
556,2015-03-25,73,26-330,CHI,@,PHI,L,0,0,0,-1,2,0,0,0,0,0,0,0,2,0.0,23,18:37,0,1,8,10,44.4
557,2015-03-27,74,26-332,CHI,,CBJ,L,1,0,1,0,0,1,0,0,0,0,0,0,3,33.3,25,19:42,0,0,15,5,75.0
558,2015-03-29,75,26-334,CHI,@,WPG,W,1,0,1,1,0,1,0,0,1,0,0,0,4,25.0,28,20:32,1,0,9,12,42.9
559,2015-03-30,76,26-335,CHI,,LAK,W,0,1,1,1,0,0,0,0,0,0,1,0,2,0.0,23,17:44,3,1,9,12,42.9
560,2015-04-02,77,26-338,CHI,,VAN,W,1,0,1,1,0,1,0,0,1,0,0,0,2,50.0,31,18:50,0,0,13,6,68.4
561,2015-04-03,78,26-339,CHI,@,BUF,W,2,0,2,2,0,2,0,0,1,0,0,0,3,66.7,23,19:00,0,0,13,6,68.4
562,2015-04-05,79,26-341,CHI,,STL,L,0,0,0,1,0,0,0,0,0,0,0,0,3,0.0,23,18:55,2,1,9,6,60.0
563,2015-04-07,80,26-343,CHI,,MIN,L,0,0,0,-2,0,0,0,0,0,0,0,0,0,,21,18:20,1,0,8,6,57.1
564,2015-04-09,81,26-345,CHI,@,STL,L,0,0,0,0,0,0,0,0,0,0,0,0,0,,21,17:04,1,0,11,7,61.1
565,2015-10-07,1,27-161,CHI,,NYR,L,0,1,1,1,0,0,0,0,0,1,0,0,2,0.0,28,19:04,1,0,10,8,55.6
566,2015-10-09,2,27-163,CHI,@,NYI,W,0,1,1,0,2,0,0,0,0,1,0,0,2,0.0,30,21:05,2,0,10,13,43.5
567,2015-10-10,3,27-164,CHI,,NYI,W,0,0,0,0,0,0,0,0,0,0,0,0,2,0.0,23,20:28,4,0,10,8,55.6
568,2015-10-14,4,27-168,CHI,@,PHI,L,0,0,0,0,2,0,0,0,0,0,0,0,3,0.0,25,19:07,4,2,15,5,75.0
569,2015-10-15,5,27-169,CHI,@,WSH,L,0,0,0,0,0,0,0,0,0,0,0,0,1,0.0,24,18:44,3,0,9,8,52.9
570,2015-10-17,6,27-171,CHI,,CBJ,W,0,1,1,0,2,0,0,0,0,1,0,0,1,0.0,22,19:06,1,1,14,8,63.6
571,2015-10-22,7,27-176,CHI,,FLA,W,0,0,0,0,0,0,0,0,0,0,0,0,4,0.0,26,21:33,1,2,18,12,60.0
572,2015-10-24,8,27-178,CHI,,TBL,W,1,0,1,1,0,1,0,0,1,0,0,0,4,25.0,30,22:41,2,1,8,6,57.1
573,2015-10-26,9,27-180,CHI,,ANA,W,1,0,1,1,0,1,0,0,1,0,0,0,4,25.0,27,20:44,0,1,10,10,50.0
574,2015-10-29,10,27-183,CHI,@,WPG,L,0,0,0,-1,4,0,0,0,0,0,0,0,3,0.0,28,19:17,0,0,16,13,55.2
575,2015-10-30,11,27-184,CHI,@,MIN,L,2,0,2,-1,0,1,0,1,0,0,0,0,2,100.0,24,18:44,1,0,17,12,58.6
576,2015-11-02,12,27-187,CHI,,LAK,W,1,1,2,2,0,1,0,0,0,0,0,1,1,100.0,27,21:24,1,0,20,7,74.1
577,2015-11-04,13,27-189,CHI,,STL,L-OT,0,0,0,-2,0,0,0,0,0,0,0,0,4,0.0,28,22:57,0,0,18,9,66.7
578,2015-11-06,14,27-191,CHI,@,NJD,L,0,0,0,0,5,0,0,0,0,0,0,0,0,,26,21:39,3,0,18,11,62.1
579,2015-11-08,15,27-193,CHI,,EDM,W,0,0,0,0,0,0,0,0,0,0,0,0,1,0.0,24,20:23,1,0,17,9,65.4
580,2015-11-12,16,27-197,CHI,,NJD,L,0,1,1,-1,0,0,0,0,0,0,1,0,1,0.0,26,21:47,2,0,12,6,66.7
581,2015-11-14,17,27-199,CHI,@,STL,W,0,1,1,2,7,0,0,0,0,1,0,0,1,0.0,24,17:39,0,0,10,4,71.4
582,2015-11-15,18,27-200,CHI,,CGY,W,1,0,1,2,2,1,0,0,0,0,0,0,6,16.7,24,18:55,1,0,13,5,72.2
583,2015-11-18,19,27-203,CHI,@,EDM,W,0,0,0,-1,0,0,0,0,0,0,0,0,1,0.0,26,19:32,1,1,10,10,50.0
584,2015-11-20,20,27-205,CHI,@,CGY,L-OT,0,0,0,-1,0,0,0,0,0,0,0,0,4,0.0,26,20:08,0,0,10,6,62.5
585,2015-11-21,21,27-206,CHI,@,VAN,L,1,1,2,1,2,0,1,0,0,1,0,0,5,20.0,25,18:21,1,0,9,8,52.9
586,2015-11-25,22,27-210,CHI,@,SJS,W,1,0,1,2,0,1,0,0,0,0,0,0,2,50.0,27,20:10,1,1,14,2,87.5
587,2015-11-27,23,27-212,CHI,@,ANA,W,0,0,0,0,2,0,0,0,0,0,0,0,1,0.0,32,19:05,2,1,14,10,58.3
588,2015-11-28,24,27-213,CHI,@,LAK,L-OT,0,0,0,0,0,0,0,0,0,0,0,0,2,0.0,24,18:23,0,0,9,9,50.0
589,2015-12-01,25,27-216,CHI,,MIN,L,0,0,0,-1,0,0,0,0,0,0,0,0,2,0.0,25,20:10,0,0,8,9,47.1
590,2015-12-03,26,27-218,CHI,@,OTT,L-OT,0,0,0,-1,0,0,0,0,0,0,0,0,0,,27,20:08,1,0,11,8,57.9
591,2015-12-06,27,27-221,CHI,,WPG,W,0,1,1,2,0,0,0,0,0,1,0,0,5,0.0,28,18:51,2,1,15,10,60.0
592,2015-12-08,28,27-223,CHI,,NSH,W,0,0,0,1,0,0,0,0,0,0,0,0,1,0.0,29,22:04,1,0,9,5,64.3
593,2015-12-10,29,27-225,CHI,@,NSH,L,0,0,0,-1,0,0,0,0,0,0,0,0,3,0.0,22,18:47,0,0,9,9,50.0
594,2015-12-11,30,27-226,CHI,,WPG,W,1,0,1,0,0,0,1,0,1,0,0,0,2,50.0,27,22:22,3,0,11,6,64.7
595,2015-12-13,31,27-228,CHI,,VAN,W,0,0,0,0,0,0,0,0,0,0,0,0,1,0.0,23,20:11,1,0,12,3,80.0
596,2015-12-15,32,27-230,CHI,,COL,L,0,0,0,-1,0,0,0,0,0,0,0,0,0,,28,21:38,2,0,12,7,63.2
597,2015-12-17,33,27-232,CHI,,EDM,W,1,2,3,3,0,1,0,0,1,2,0,0,1,100.0,23,18:19,0,0,10,6,62.5
598,2015-12-19,34,27-234,CHI,@,BUF,W,0,0,0,-1,0,0,0,0,0,0,0,0,0,,25,21:32,1,0,6,10,37.5
599,2015-12-20,35,27-235,CHI,,SJS,W,1,0,1,1,0,1,0,0,1,0,0,0,4,25.0,28,21:54,2,0,10,10,50.0
600,2015-12-22,36,27-237,CHI,@,DAL,L,0,0,0,-2,0,0,0,0,0,0,0,0,0,,23,16:16,1,1,4,6,40.0
601,2015-12-27,37,27-242,CHI,,CAR,L,0,1,1,1,0,0,0,0,0,1,0,0,4,0.0,22,19:23,0,0,12,11,52.2
602,2015-12-29,38,27-244,CHI,@,ARI,W,1,0,1,0,2,0,0,1,0,0,0,0,6,16.7,29,21:34,1,0,14,11,56.0
603,2015-12-31,39,27-246,CHI,@,COL,W,1,0,1,0,0,0,1,0,1,0,0,0,4,25.0,28,19:46,1,1,12,10,54.5
604,2016-01-03,40,27-249,CHI,,OTT,W,0,1,1,1,0,0,0,0,0,1,0,0,1,0.0,24,19:21,1,3,13,6,68.4
605,2016-01-05,41,27-251,CHI,@,PIT,W,1,0,1,1,0,1,0,0,0,0,0,0,4,25.0,27,21:05,0,0,10,6,62.5
606,2016-01-06,42,27-252,CHI,,PIT,W,0,0,0,0,4,0,0,0,0,0,0,0,3,0.0,30,19:55,0,0,9,11,45.0
607,2016-01-08,43,27-254,CHI,,BUF,W,1,1,2,2,0,1,0,0,0,1,0,0,6,16.7,23,19:30,0,0,7,13,35.0
608,2016-01-10,44,27-256,CHI,,COL,W,1,2,3,3,2,1,0,0,0,2,0,0,2,50.0,20,18:13,0,0,9,8,52.9
609,2016-01-12,45,27-258,CHI,,NSH,W,0,1,1,1,0,0,0,0,0,1,0,0,1,0.0,29,24:08,1,0,18,10,64.3
610,2016-01-14,46,27-260,CHI,@,MTL,W,1,0,1,0,0,1,0,0,0,0,0,0,4,25.0,26,19:39,0,1,14,9,60.9
611,2016-01-15,47,27-261,CHI,@,TOR,W,0,0,0,0,0,0,0,0,0,0,0,0,1,0.0,27,21:46,1,0,11,9,55.0
612,2016-01-17,48,27-263,CHI,,MTL,W,2,0,2,2,2,1,1,0,1,0,0,0,4,50.0,22,16:52,0,0,10,8,55.6
613,2016-01-19,49,27-265,CHI,@,NSH,W,0,0,0,0,0,0,0,0,0,0,0,0,1,0.0,24,17:12,0,1,13,13,50.0
614,2016-01-21,50,27-267,CHI,@,TBL,L,0,0,0,0,0,0,0,0,0,0,0,0,1,0.0,24,20:29,0,1,8,10,44.4
615,2016-01-22,51,27-268,CHI,@,FLA,L,0,0,0,-2,0,0,0,0,0,0,0,0,4,0.0,23,14:05,1,0,8,6,57.1
616,2016-01-24,52,27-270,CHI,,STL,W,0,0,0,0,0,0,0,0,0,0,0,0,1,0.0,26,18:18,3,0,10,5,66.7
617,2016-01-26,53,27-272,CHI,@,CAR,L,0,0,0,-1,0,0,0,0,0,0,0,0,2,0.0,18,10:07,0,0,5,4,55.6
618,2016-02-04,54,27-281,CHI,@,ARI,W,2,0,2,3,0,1,0,1,1,0,0,0,4,50.0,33,19:02,2,0,6,10,37.5
619,2016-02-06,55,27-283,CHI,@,DAL,W,0,1,1,1,2,0,0,0,0,0,0,1,2,0.0,26,15:06,0,1,13,5,72.2
620,2016-02-09,56,27-286,CHI,,SJS,L,0,0,0,-1,0,0,0,0,0,0,0,0,2,0.0,25,20:05,0,0,13,6,68.4
621,2016-02-11,57,27-288,CHI,,DAL,L,0,2,2,1,2,0,0,0,0,2,0,0,1,0.0,23,18:31,2,0,12,9,57.1
622,2016-02-13,58,27-290,CHI,,ANA,L-OT,0,0,0,1,0,0,0,0,0,0,0,0,1,0.0,27,20:46,2,2,11,8,57.9
623,2016-02-15,59,27-292,CHI,,TOR,W,0,1,1,1,0,0,0,0,0,1,0,0,1,0.0,22,17:57,0,0,7,5,58.3
624,2016-02-17,60,27-294,CHI,@,NYR,W,0,1,1,0,0,0,0,0,0,0,1,0,0,,22,18:13,0,1,11,10,52.4
625,2016-02-21,61,27-298,CHI,@,MIN,L,0,1,1,-2,2,0,0,0,0,1,0,0,2,0.0,29,17:51,2,0,15,6,71.4
626,2016-02-25,62,27-302,CHI,,NSH,L,0,0,0,0,0,0,0,0,0,0,0,0,5,0.0,25,19:56,2,0,11,9,55.0
627,2016-02-28,63,27-305,CHI,,WSH,W,1,0,1,0,0,0,1,0,0,0,0,0,1,100.0,30,18:55,3,0,18,4,81.8
628,2016-03-02,64,27-308,CHI,@,DET,W,0,1,1,1,0,0,0,0,0,1,0,0,4,0.0,23,15:49,0,0,10,9,52.6
629,2016-03-03,65,27-309,CHI,@,BOS,L,1,0,1,-1,0,0,1,0,0,0,0,0,2,50.0,28,20:02,0,1,17,10,63.0
630,2016-03-06,66,27-312,CHI,,DET,W,1,0,1,1,2,1,0,0,0,0,0,0,3,33.3,25,21:08,0,1,11,10,52.4
631,2016-03-09,67,27-315,CHI,@,STL,L-SO,0,1,1,1,0,0,0,0,0,1,0,0,2,0.0,28,18:45,0,1,15,9,62.5
632,2016-03-11,68,27-317,CHI,@,DAL,L,0,0,0,-1,0,0,0,0,0,0,0,0,1,0.0,27,17:49,0,0,16,9,64.0
633,2016-03-14,69,27-320,CHI,,LAK,L,0,0,0,-2,0,0,0,0,0,0,0,0,1,0.0,24,20:15,1,2,11,8,57.9
634,2016-03-16,70,27-322,CHI,,PHI,L,1,0,1,-1,2,1,0,0,0,0,0,0,3,33.3,25,19:05,1,0,6,11,35.3
635,2016-03-18,71,27-324,CHI,@,WPG,W,0,1,1,2,2,0,0,0,0,1,0,0,0,,22,16:06,0,0,12,7,63.2
636,2016-03-20,72,27-326,CHI,,MIN,L-SO,0,0,0,0,0,0,0,0,0,0,0,0,2,0.0,27,20:44,4,3,16,13,55.2
637,2016-03-22,73,27-328,CHI,,DAL,L,0,0,0,-2,2,0,0,0,0,0,0,0,2,0.0,22,16:09,2,0,12,10,54.5
638,2016-03-26,74,27-332,CHI,@,CGY,W,0,0,0,1,4,0,0,0,0,0,0,0,0,,22,15:47,0,0,13,7,65.0
639,2016-03-27,75,27-333,CHI,@,VAN,W,0,1,1,0,4,0,0,0,0,1,0,0,1,0.0,24,17:48,0,2,10,7,58.8
640,2016-03-29,76,27-335,CHI,@,MIN,L,0,1,1,1,0,0,0,0,0,0,0,1,1,0.0,23,17:25,0,1,6,9,40.0
641,2016-04-01,77,27-338,CHI,@,WPG,W,0,1,1,-1,0,0,0,0,0,1,0,0,0,,23,17:44,2,2,10,8,55.6
642,2016-04-03,78,27-340,CHI,,BOS,W,1,0,1,-1,2,1,0,0,0,0,0,0,6,16.7,27,16:25,1,2,10,9,52.6
643,2016-04-05,79,27-342,CHI,,ARI,W,1,2,3,1,0,0,0,1,0,1,1,0,2,50.0,18,16:25,0,0,7,3,70.0
644,2016-04-07,80,27-344,CHI,,STL,L-OT,1,0,1,0,0,1,0,0,0,0,0,0,5,20.0,27,21:31,2,0,11,3,78.6
645,2016-10-12,1,28-166,CHI,,STL,L,0,1,1,-1,2,0,0,0,0,0,1,0,2,0.0,28,19:13,1,0,11,10,52.4
646,2016-10-14,2,28-168,CHI,@,NSH,L,0,0,0,1,7,0,0,0,0,0,0,0,2,0.0,27,20:56,0,0,11,13,45.8
647,2016-10-15,3,28-169,CHI,,NSH,W,0,0,0,1,0,0,0,0,0,0,0,0,3,0.0,23,19:35,1,0,13,9,59.1
648,2016-10-18,4,28-172,CHI,,PHI,W,0,0,0,-1,0,0,0,0,0,0,0,0,2,0.0,28,18:38,2,0,15,8,65.2
649,2016-10-21,5,28-175,CHI,@,CBJ,L,0,1,1,1,0,0,0,0,0,1,0,0,5,0.0,30,24:09,0,0,16,9,64.0
650,2016-10-22,6,28-176,CHI,,TOR,W,0,0,0,1,0,0,0,0,0,0,0,0,1,0.0,32,25:11,0,0,22,11,66.7
651,2016-10-24,7,28-178,CHI,,CGY,L-SO,0,0,0,0,0,0,0,0,0,0,0,0,4,0.0,33,23:03,1,1,19,9,67.9
652,2016-10-28,8,28-182,CHI,@,NJD,W,0,1,1,0,0,0,0,0,0,0,1,0,2,0.0,28,22:48,0,0,17,9,65.4
653,2016-10-30,9,28-184,CHI,,LAK,W,1,1,2,0,2,0,1,0,1,0,1,0,3,33.3,25,18:26,0,0,12,6,66.7
654,2016-11-01,10,28-186,CHI,,CGY,W,0,0,0,0,0,0,0,0,0,0,0,0,0,,26,20:08,1,0,13,7,65.0
655,2016-11-03,11,28-188,CHI,,COL,W,1,0,1,2,0,1,0,0,1,0,0,0,2,50.0,24,19:04,0,0,9,12,42.9
656,2016-11-05,12,28-190,CHI,@,DAL,W,1,0,1,-1,0,1,0,0,0,0,0,0,4,25.0,30,20:26,0,0,18,14,56.3
657,2016-11-06,13,28-191,CHI,,DAL,W,1,2,3,1,0,1,0,0,0,2,0,0,7,14.3,32,23:07,2,0,19,7,73.1
658,2016-11-09,14,28-194,CHI,@,STL,W,0,0,0,1,2,0,0,0,0,0,0,0,5,0.0,25,21:59,0,1,8,10,44.4
659,2016-11-11,15,28-196,CHI,,WSH,L-OT,0,0,0,-1,0,0,0,0,0,0,0,0,0,,24,22:20,0,1,14,8,63.6
660,2016-11-13,16,28-198,CHI,,MTL,W,0,2,2,1,0,0,0,0,0,2,0,0,1,0.0,29,21:23,2,1,18,9,66.7
661,2016-11-15,17,28-200,CHI,@,WPG,L,0,0,0,0,0,0,0,0,0,0,0,0,1,0.0,24,21:11,2,2,12,9,57.1
662,2016-11-18,18,28-203,CHI,@,CGY,W,0,0,0,-1,0,0,0,0,0,0,0,0,3,0.0,24,19:04,1,1,8,13,38.1
663,2016-11-19,19,28-204,CHI,@,VAN,W,0,0,0,0,0,0,0,0,0,0,0,0,0,,27,23:02,0,1,18,6,75.0
664,2016-11-21,20,28-206,CHI,@,EDM,L,0,0,0,-1,2,0,0,0,0,0,0,0,5,0.0,22,18:26,0,0,11,8,57.9
665,2016-11-23,21,28-208,CHI,@,SJS,L,0,0,0,-1,0,0,0,0,0,0,0,0,2,0.0,12,9:15,0,0,8,5,61.5
666,2016-12-13,22,28-228,CHI,@,NYR,W,0,0,0,0,0,0,0,0,0,0,0,0,1,0.0,22,18:09,0,1,8,5,61.5
667,2016-12-15,23,28-230,CHI,@,NYI,W,0,1,1,0,0,0,0,0,0,1,0,0,4,0.0,24,18:11,0,0,7,12,36.8
668,2016-12-17,24,28-232,CHI,@,STL,W,0,0,0,1,0,0,0,0,0,0,0,0,1,0.0,23,21:58,1,0,13,12,52.0
669,2016-12-18,25,28-233,CHI,,SJS,W,0,1,1,2,0,0,0,0,0,1,0,0,3,0.0,23,21:06,2,1,10,6,62.5
670,2016-12-20,26,28-235,CHI,,OTT,L,0,0,0,-2,2,0,0,0,0,0,0,0,1,0.0,28,24:04,0,0,11,8,57.9
671,2016-12-23,27,28-238,CHI,,COL,L-OT,1,0,1,-1,0,0,1,0,0,0,0,0,7,14.3,25,24:32,1,0,20,8,71.4
672,2016-12-27,28,28-242,CHI,,WPG,L,0,0,0,-1,0,0,0,0,0,0,0,0,4,0.0,27,21:45,1,0,12,8,60.0
673,2016-12-29,29,28-244,CHI,@,NSH,W,1,0,1,0,2,0,1,0,0,0,0,0,1,100.0,26,23:07,0,1,10,12,45.5
674,2016-12-30,30,28-245,CHI,@,CAR,L,0,2,2,1,0,0,0,0,0,2,0,0,3,0.0,24,19:41,0,0,10,12,45.5
675,2017-01-02,31,28-248,CHI,@,STL,L,0,0,0,-2,0,0,0,0,0,0,0,0,3,0.0,24,19:46,1,0,11,11,50.0
676,2017-01-05,32,28-251,CHI,,BUF,W,0,1,1,1,0,0,0,0,0,1,0,0,6,0.0,25,20:35,2,0,10,8,55.6
677,2017-01-06,33,28-252,CHI,,CAR,W,1,0,1,0,0,1,0,0,0,0,0,0,3,33.3,27,20:55,2,1,10,11,47.6
678,2017-01-08,34,28-254,CHI,,NSH,W,0,0,0,0,0,0,0,0,0,0,0,0,1,0.0,24,19:42,2,2,13,7,65.0
679,2017-01-10,35,28-256,CHI,,DET,W,0,1,1,-1,0,0,0,0,0,0,1,0,2,0.0,23,21:03,0,1,15,9,62.5
680,2017-01-13,36,28-259,CHI,@,WSH,L,0,0,0,-2,0,0,0,0,0,0,0,0,2,0.0,21,18:07,0,0,3,9,25.0
681,2017-01-15,37,28-261,CHI,,MIN,L,0,0,0,0,0,0,0,0,0,0,0,0,0,,24,20:35,0,1,11,10,52.4
682,2017-01-17,38,28-263,CHI,@,COL,W,0,1,1,0,0,0,0,0,0,1,0,0,2,0.0,22,18:18,0,0,7,9,43.8
683,2017-01-20,39,28-266,CHI,@,BOS,W,0,0,0,0,2,0,0,0,0,0,0,0,4,0.0,22,17:44,1,0,9,5,64.3
684,2017-01-22,40,28-268,CHI,,VAN,W,1,3,4,4,0,1,0,0,1,3,0,0,3,33.3,22,16:07,2,0,8,16,33.3
685,2017-01-24,41,28-270,CHI,,TBL,L,1,1,2,-2,0,1,0,0,0,1,0,0,4,25.0,23,18:05,0,0,9,11,45.0
686,2017-01-26,42,28-272,CHI,,WPG,L,0,0,0,0,0,0,0,0,0,0,0,0,4,0.0,23,21:06,1,0,11,5,68.8
687,2017-01-31,43,28-277,CHI,@,SJS,L,0,0,0,-1,0,0,0,0,0,0,0,0,1,0.0,22,19:24,0,0,14,6,70.0
688,2017-02-02,44,28-279,CHI,@,ARI,W,0,1,1,0,2,0,0,0,0,0,1,0,2,0.0,25,18:39,0,0,11,11,50.0
689,2017-02-04,45,28-281,CHI,@,DAL,W,1,0,1,-1,0,0,1,0,0,0,0,0,2,50.0,24,18:01,1,0,9,8,52.9
690,2017-02-08,46,28-285,CHI,@,MIN,W,1,2,3,2,0,0,1,0,1,2,0,0,5,20.0,25,18:49,0,1,13,13,50.0
691,2017-02-10,47,28-287,CHI,@,WPG,W,0,0,0,1,0,0,0,0,0,0,0,0,5,0.0,27,19:19,0,1,13,8,61.9
692,2017-02-11,48,28-288,CHI,@,EDM,W,0,2,2,1,0,0,0,0,0,0,2,0,4,0.0,22,16:57,1,1,12,6,66.7
693,2017-02-18,49,28-295,CHI,,EDM,L,0,1,1,0,0,0,0,0,0,1,0,0,4,0.0,26,23:59,1,1,19,5,79.2
694,2017-02-19,50,28-296,CHI,@,BUF,W,1,0,1,0,0,1,0,0,0,0,0,0,2,50.0,22,19:14,0,1,9,9,50.0
695,2017-02-21,51,28-298,CHI,@,MIN,W,3,2,5,5,0,3,0,0,1,2,0,0,4,75.0,26,19:45,0,0,9,8,52.9
696,2017-02-23,52,28-300,CHI,,ARI,W,0,2,2,1,0,0,0,0,0,2,0,0,1,0.0,25,18:29,0,1,12,5,70.6
697,2017-02-26,53,28-303,CHI,,STL,W,1,1,2,0,0,1,0,0,0,0,1,0,4,25.0,22,18:04,1,0,9,10,47.4
698,2017-03-01,54,28-306,CHI,,PIT,W,0,0,0,1,0,0,0,0,0,0,0,0,3,0.0,24,19:37,1,1,7,7,50.0
699,2017-03-03,55,28-308,CHI,,NYI,W,0,0,0,1,2,0,0,0,0,0,0,0,1,0.0,29,24:49,1,1,13,15,46.4
700,2017-03-04,56,28-309,CHI,@,NSH,W,1,1,2,1,0,0,1,0,0,1,0,0,2,50.0,25,20:04,0,0,14,13,51.9
701,2017-03-09,57,28-314,CHI,,ANA,L,0,0,0,0,0,0,0,0,0,0,0,0,6,0.0,22,22:21,1,1,11,19,36.7
702,2017-03-10,58,28-315,CHI,@,DET,L,0,0,0,0,2,0,0,0,0,0,0,0,3,0.0,25,20:26,1,2,11,14,44.0
703,2017-03-12,59,28-317,CHI,,MIN,W,0,0,0,-1,0,0,0,0,0,0,0,0,1,0.0,24,20:07,1,1,9,8,52.9
704,2017-03-14,60,28-319,CHI,@,MTL,W,1,0,1,0,0,1,0,0,0,0,0,0,3,33.3,24,18:35,2,0,13,10,56.5
705,2017-03-16,61,28-321,CHI,@,OTT,W,0,1,1,0,2,0,0,0,0,0,1,0,2,0.0,27,22:00,0,2,8,16,33.3
706,2017-03-18,62,28-323,CHI,@,TOR,W,0,1,1,1,0,0,0,0,0,1,0,0,2,0.0,24,21:03,1,0,8,12,40.0
707,2017-03-19,63,28-324,CHI,,COL,W,2,0,2,3,0,2,0,0,0,0,0,0,3,66.7,24,20:40,0,0,13,13,50.0
708,2017-03-21,64,28-326,CHI,,VAN,L-OT,0,1,1,0,4,0,0,0,0,1,0,0,5,0.0,27,22:11,0,0,25,8,75.8
709,2017-03-23,65,28-328,CHI,,DAL,W,0,1,1,0,0,0,0,0,0,0,1,0,2,0.0,27,23:41,1,0,13,11,54.2
710,2017-03-25,66,28-330,CHI,@,FLA,L,0,0,0,-4,0,0,0,0,0,0,0,0,0,,20,16:54,1,1,9,8,52.9
711,2017-03-27,67,28-332,CHI,@,TBL,L-OT,0,0,0,0,2,0,0,0,0,0,0,0,4,0.0,26,20:57,0,0,11,12,47.8
712,2017-03-29,68,28-334,CHI,@,PIT,W,0,1,1,1,0,0,0,0,0,1,0,0,3,0.0,20,17:58,0,0,8,13,38.1
713,2017-03-31,69,28-336,CHI,,CBJ,W,0,0,0,-1,0,0,0,0,0,0,0,0,3,0.0,19,16:49,0,0,6,8,42.9
714,2017-04-02,70,28-338,CHI,,BOS,L,0,0,0,0,0,0,0,0,0,0,0,0,5,0.0,23,21:48,0,1,18,12,60.0
715,2017-04-04,71,28-340,CHI,@,COL,L-OT,0,1,1,-2,0,0,0,0,0,0,1,0,2,0.0,21,17:47,0,0,5,15,25.0
716,2017-04-08,72,28-344,CHI,@,LAK,L-OT,1,0,1,-1,0,1,0,0,0,0,0,0,2,50.0,20,16:39,0,0,10,11,47.6
717,2017-10-05,1,29-159,CHI,,PIT,W,0,1,1,4,2,0,0,0,0,1,0,0,1,0.0,24,16:32,1,1,11,10,52.4
718,2017-10-07,2,29-161,CHI,,CBJ,W,1,1,2,2,0,1,0,0,0,0,1,0,1,100.0,26,18:36,0,0,14,7,66.7
719,2017-10-09,3,29-163,CHI,@,TOR,L-OT,1,0,1,1,0,1,0,0,0,0,0,0,3,33.3,29,22:52,1,0,12,11,52.2
720,2017-10-10,4,29-164,CHI,@,MTL,W,0,1,1,1,0,0,0,0,0,1,0,0,3,0.0,27,19:46,0,0,16,14,53.3
721,2017-10-12,5,29-166,CHI,,MIN,L,1,0,1,-3,0,0,1,0,0,0,0,0,3,33.3,28,22:40,0,1,10,10,50.0
722,2017-10-14,6,29-168,CHI,,NSH,W,0,0,0,0,2,0,0,0,0,0,0,0,4,0.0,29,22:16,0,1,19,8,70.4
723,2017-10-18,7,29-172,CHI,@,STL,L,0,0,0,-1,2,0,0,0,0,0,0,0,2,0.0,26,19:39,0,0,14,7,66.7
724,2017-10-19,8,29-173,CHI,,EDM,L-OT,0,0,0,-1,0,0,0,0,0,0,0,0,5,0.0,25,22:36,1,0,18,13,58.1
725,2017-10-21,9,29-175,CHI,@,ARI,W,0,2,2,1,0,0,0,0,0,1,1,0,3,0.0,22,15:56,1,0,8,10,44.4
726,2017-10-24,10,29-178,CHI,@,VEG,L,0,0,0,2,0,0,0,0,0,0,0,0,3,0.0,28,20:35,1,0,13,12,52.0
727,2017-10-27,11,29-181,CHI,,NSH,L,0,0,0,0,0,0,0,0,0,0,0,0,5,0.0,28,22:41,0,1,12,12,50.0
728,2017-10-28,12,29-182,CHI,@,COL,L,0,0,0,0,2,0,0,0,0,0,0,0,0,,25,20:27,0,0,14,7,66.7
729,2017-11-01,13,29-186,CHI,,PHI,W,1,0,1,1,4,1,0,0,0,0,0,0,2,50.0,24,19:47,1,0,10,6,62.5
730,2017-11-04,14,29-189,CHI,@,MIN,W,0,1,1,1,2,0,0,0,0,1,0,0,3,0.0,25,18:00,0,1,9,7,56.3
731,2017-11-05,15,29-190,CHI,,MTL,L,0,0,0,-1,0,0,0,0,0,0,0,0,4,0.0,22,18:55,1,0,9,4,69.2
732,2017-11-09,16,29-194,CHI,@,PHI,L,0,0,0,-2,2,0,0,0,0,0,0,0,2,0.0,24,19:30,0,1,6,14,30.0
733,2017-11-11,17,29-196,CHI,@,CAR,W,0,1,1,2,0,0,0,0,0,1,0,0,1,0.0,27,19:15,2,0,9,9,50.0
734,2017-11-12,18,29-197,CHI,,NJD,L,0,0,0,-2,0,0,0,0,0,0,0,0,6,0.0,23,19:57,0,0,11,7,61.1
735,2017-11-15,19,29-200,CHI,,NYR,W,1,0,1,0,0,1,0,0,0,0,0,0,3,33.3,26,17:47,1,0,12,6,66.7
736,2017-11-18,20,29-203,CHI,@,PIT,W,0,1,1,-1,0,0,0,0,0,0,1,0,4,0.0,26,19:24,0,1,16,11,59.3
737,2017-11-22,21,29-207,CHI,@,TBL,L-OT,0,0,0,-1,2,0,0,0,0,0,0,0,1,0.0,29,19:18,1,0,11,11,50.0
738,2017-11-25,22,29-210,CHI,@,FLA,W,1,2,3,2,0,1,0,0,0,2,0,0,4,25.0,21,20:34,0,1,13,6,68.4
739,2017-11-27,23,29-212,CHI,,ANA,W,0,0,0,0,0,0,0,0,0,0,0,0,3,0.0,21,18:20,0,0,12,7,63.2
740,2017-11-28,24,29-213,CHI,@,NSH,L,0,0,0,-1,0,0,0,0,0,0,0,0,2,0.0,25,18:04,1,1,12,10,54.5
741,2017-11-30,25,29-215,CHI,,DAL,L-OT,0,0,0,-1,4,0,0,0,0,0,0,0,1,0.0,25,21:53,1,0,9,5,64.3
742,2017-12-02,26,29-217,CHI,@,DAL,L-SO,0,1,1,0,0,0,0,0,0,1,0,0,6,0.0,29,20:58,1,0,8,11,42.1
743,2017-12-03,27,29-218,CHI,,LAK,L,1,0,1,-1,0,1,0,0,0,0,0,0,2,50.0,23,19:17,0,0,13,8,61.9
744,2017-12-06,28,29-221,CHI,@,WSH,L,1,0,1,0,0,1,0,0,0,0,0,0,2,50.0,23,19:05,0,0,17,8,68.0
745,2017-12-08,29,29-223,CHI,,BUF,W,0,1,1,1,0,0,0,0,0,1,0,0,2,0.0,28,22:45,1,0,15,8,65.2
746,2017-12-10,30,29-225,CHI,,ARI,W,0,0,0,0,0,0,0,0,0,0,0,0,3,0.0,22,18:24,1,0,11,10,52.4
747,2017-12-12,31,29-227,CHI,,FLA,W,1,1,2,1,0,1,0,0,0,1,0,0,4,25.0,26,22:30,2,1,12,11,52.2
748,2017-12-14,32,29-229,CHI,@,WPG,W,0,0,0,1,2,0,0,0,0,0,0,0,1,0.0,21,18:53,0,1,10,11,47.6
749,2017-12-17,33,29-232,CHI,,MIN,W,0,0,0,1,0,0,0,0,0,0,0,0,4,0.0,22,21:27,2,0,13,10,56.5
750,2017-12-21,34,29-236,CHI,@,DAL,L,0,0,0,0,0,0,0,0,0,0,0,0,0,,19,14:03,0,1,10,6,62.5
751,2017-12-23,35,29-238,CHI,@,NJD,L,0,0,0,0,2,0,0,0,0,0,0,0,3,0.0,24,18:16,1,0,13,10,56.5
752,2017-12-28,36,29-243,CHI,@,VAN,L,0,0,0,-2,0,0,0,0,0,0,0,0,2,0.0,27,22:19,0,1,12,11,52.2
753,2017-12-29,37,29-244,CHI,@,EDM,W,0,0,0,0,0,0,0,0,0,0,0,0,5,0.0,23,18:27,0,0,10,4,71.4
754,2017-12-31,38,29-246,CHI,@,CGY,L-OT,1,1,2,1,0,1,0,0,0,1,0,0,4,25.0,25,21:08,0,1,12,8,60.0
755,2018-01-03,39,29-249,CHI,@,NYR,W,1,1,2,2,4,1,0,0,0,1,0,0,2,50.0,27,18:34,0,0,17,6,73.9
756,2018-01-05,40,29-251,CHI,,VEG,L,1,1,2,0,0,1,0,0,0,1,0,0,4,25.0,25,18:53,0,0,13,4,76.5
757,2018-01-07,41,29-253,CHI,,EDM,W,0,1,1,2,0,0,0,0,0,1,0,0,3,0.0,24,17:50,0,1,8,7,53.3
758,2018-01-09,42,29-255,CHI,@,OTT,W,2,0,2,2,0,2,0,0,0,0,0,0,7,28.6,24,18:20,1,0,8,10,44.4
759,2018-01-10,43,29-256,CHI,,MIN,L,0,0,0,0,0,0,0,0,0,0,0,0,2,0.0,26,22:12,0,0,13,9,59.1
760,2018-01-12,44,29-258,CHI,,WPG,W,0,0,0,0,2,0,0,0,0,0,0,0,4,0.0,25,20:05,2,1,12,12,50.0
761,2018-01-14,45,29-260,CHI,,DET,L,0,0,0,-2,2,0,0,0,0,0,0,0,1,0.0,24,18:46,0,0,8,9,47.1
762,2018-01-20,46,29-266,CHI,,NYI,L,0,0,0,0,2,0,0,0,0,0,0,0,4,0.0,27,17:05,0,1,15,9,62.5
763,2018-01-22,47,29-268,CHI,,TBL,L,0,0,0,0,0,0,0,0,0,0,0,0,3,0.0,27,23:36,1,0,11,8,57.9
764,2018-01-24,48,29-270,CHI,,TOR,L-OT,0,0,0,0,0,0,0,0,0,0,0,0,2,0.0,26,18:42,0,0,11,4,73.3
765,2018-01-25,49,29-271,CHI,@,DET,W,0,1,1,4,0,0,0,0,0,1,0,0,3,0.0,21,18:13,0,0,11,5,68.8
766,2018-01-30,50,29-276,CHI,@,NSH,W,0,0,0,0,0,0,0,0,0,0,0,0,3,0.0,24,19:38,0,0,13,10,56.5
767,2018-02-01,51,29-278,CHI,@,VAN,L,0,1,1,-1,0,0,0,0,0,1,0,0,2,0.0,27,22:48,0,1,15,10,60.0
768,2018-02-03,52,29-280,CHI,@,CGY,L-OT,0,0,0,-1,0,0,0,0,0,0,0,0,4,0.0,24,18:22,0,1,9,8,52.9
769,2018-02-06,53,29-283,CHI,,CGY,L,0,1,1,-2,0,0,0,0,0,0,1,0,1,0.0,27,19:50,0,0,18,8,69.2
770,2018-02-08,54,29-285,CHI,,DAL,L,1,0,1,-1,0,1,0,0,0,0,0,0,2,50.0,24,17:43,0,0,13,13,50.0
771,2018-02-10,55,29-287,CHI,@,MIN,L,0,0,0,0,0,0,0,0,0,0,0,0,5,0.0,25,19:15,0,0,13,8,61.9
772,2018-02-12,56,29-289,CHI,@,ARI,L,0,1,1,-2,0,0,0,0,0,0,1,0,4,0.0,26,18:23,0,0,12,8,60.0
773,2018-02-13,57,29-290,CHI,@,VEG,L,0,0,0,-2,0,0,0,0,0,0,0,0,2,0.0,24,18:13,0,0,10,8,55.6
774,2018-02-15,58,29-292,CHI,,ANA,L,0,1,1,0,0,0,0,0,0,0,1,0,5,0.0,26,19:51,0,0,14,6,70.0
775,2018-02-17,59,29-294,CHI,,WSH,W,1,2,3,2,0,1,0,0,0,2,0,0,3,33.3,22,16:59,1,1,11,9,55.0
776,2018-02-19,60,29-296,CHI,,LAK,L,0,0,0,0,0,0,0,0,0,0,0,0,3,0.0,25,21:34,0,0,11,18,37.9
777,2018-02-21,61,29-298,CHI,,OTT,W,0,0,0,-1,0,0,0,0,0,0,0,0,4,0.0,25,21:01,2,0,11,7,61.1
778,2018-02-23,62,29-300,CHI,,SJS,W,0,0,0,-1,0,0,0,0,0,0,0,0,4,0.0,24,17:35,0,0,12,9,57.1
779,2018-02-24,63,29-301,CHI,@,CBJ,L,0,0,0,0,0,0,0,0,0,0,0,0,1,0.0,22,19:10,0,0,13,7,65.0
780,2018-03-01,64,29-306,CHI,@,SJS,L,0,0,0,-1,0,0,0,0,0,0,0,0,3,0.0,21,18:15,0,0,6,5,54.5
781,2018-03-03,65,29-308,CHI,@,LAK,W,1,2,3,0,2,0,1,0,1,1,1,0,4,25.0,26,20:59,1,0,10,12,45.5
782,2018-03-04,66,29-309,CHI,@,ANA,L,0,0,0,-1,5,0,0,0,0,0,0,0,0,,22,19:04,0,0,13,10,56.5
783,2018-03-06,67,29-311,CHI,,COL,W,1,1,2,2,2,1,0,0,1,1,0,0,5,20.0,25,20:57,1,0,12,7,63.2
784,2018-03-08,68,29-313,CHI,,CAR,L,0,0,0,-2,0,0,0,0,0,0,0,0,1,0.0,22,21:44,0,0,11,9,55.0
785,2018-03-10,69,29-315,CHI,@,BOS,L,1,0,1,1,0,1,0,0,0,0,0,0,2,50.0,22,20:03,0,0,15,8,65.2
786,2018-03-11,70,29-316,CHI,,BOS,W,0,3,3,0,0,0,0,0,0,1,2,0,1,0.0,23,21:23,0,0,16,5,76.2
787,2018-03-15,71,29-320,CHI,@,WPG,L,0,0,0,-1,2,0,0,0,0,0,0,0,3,0.0,22,18:07,1,0,13,10,56.5
788,2018-03-17,72,29-322,CHI,@,BUF,L,1,1,2,0,0,1,0,0,0,1,0,0,5,20.0,26,19:56,0,0,11,13,45.8
789,2018-03-18,73,29-323,CHI,,STL,L-OT,0,0,0,-1,0,0,0,0,0,0,0,0,1,0.0,27,20:36,1,2,18,11,62.1
790,2018-03-20,74,29-325,CHI,,COL,L,0,1,1,-2,0,0,0,0,0,0,1,0,1,0.0,23,20:32,0,2,17,11,60.7
791,2018-10-04,1,30-158,CHI,@,OTT,W,1,1,2,3,0,1,0,0,0,1,0,0,4,25.0,27,19:30,0,1,20,9,69.0
792,2018-10-06,2,30-160,CHI,@,STL,W,3,0,3,2,2,3,0,0,1,0,0,0,3,100.0,29,21:12,1,0,13,13,50.0
793,2018-10-07,3,30-161,CHI,,TOR,L-OT,1,0,1,-1,0,1,0,0,0,0,0,0,6,16.7,25,19:16,2,0,12,6,66.7
794,2018-10-11,4,30-165,CHI,@,MIN,L-OT,0,2,2,1,0,0,0,0,0,2,0,0,2,0.0,28,19:06,1,0,16,11,59.3
795,2018-10-13,5,30-167,CHI,,STL,W,0,1,1,1,2,0,0,0,0,1,0,0,4,0.0,25,21:23,2,0,11,12,47.8
796,2018-10-18,6,30-172,CHI,,ARI,L,0,1,1,-1,0,0,0,0,0,1,0,0,2,0.0,21,18:51,0,0,8,5,61.5
797,2018-10-20,7,30-174,CHI,@,CBJ,W,0,0,0,1,0,0,0,0,0,0,0,0,1,0.0,23,18:37,1,0,10,7,58.8
798,2018-10-21,8,30-175,CHI,,TBL,L,0,0,0,0,0,0,0,0,0,0,0,0,5,0.0,22,20:52,0,0,12,4,75.0
799,2018-10-23,9,30-177,CHI,,ANA,W,0,0,0,0,0,0,0,0,0,0,0,0,4,0.0,26,19:18,1,0,10,12,45.5
800,2018-10-25,10,30-179,CHI,,NYR,W,1,0,1,2,2,1,0,0,0,0,0,0,1,100.0,19,17:16,0,0,10,8,55.6
801,2018-10-27,11,30-181,CHI,@,STL,L,0,0,0,-2,0,0,0,0,0,0,0,0,3,0.0,21,16:30,0,1,5,9,35.7
802,2018-10-28,12,30-182,CHI,,EDM,L-OT,0,0,0,0,0,0,0,0,0,0,0,0,3,0.0,27,22:54,0,0,12,9,57.1
803,2018-10-31,13,30-185,CHI,@,VAN,L,1,0,1,-1,0,0,1,0,0,0,0,0,2,50.0,25,20:39,0,0,12,6,66.7
804,2018-11-01,14,30-186,CHI,@,EDM,L,0,0,0,-2,0,0,0,0,0,0,0,0,3,0.0,21,17:39,0,1,7,5,58.3
805,2018-11-03,15,30-188,CHI,@,CGY,L,1,0,1,0,0,0,1,0,0,0,0,0,3,33.3,23,18:55,0,1,11,7,61.1
806,2018-11-08,16,30-193,CHI,,CAR,L,0,0,0,0,0,0,0,0,0,0,0,0,3,0.0,26,21:01,0,0,16,8,66.7
807,2018-11-10,17,30-195,CHI,@,PHI,L,0,0,0,-1,0,0,0,0,0,0,0,0,2,0.0,25,19:45,0,0,14,10,58.3
808,2018-11-12,18,30-197,CHI,@,CAR,L-OT,1,0,1,1,0,1,0,0,0,0,0,0,3,33.3,29,20:40,0,1,10,14,41.7
809,2018-11-14,19,30-199,CHI,,STL,W,0,1,1,0,0,0,0,0,0,0,1,0,0,,25,19:58,0,0,13,8,61.9
810,2018-11-16,20,30-201,CHI,,LAK,L-SO,0,1,1,1,2,0,0,0,0,1,0,0,2,0.0,23,21:35,0,0,10,7,58.8
811,2018-11-18,21,30-203,CHI,,MIN,W,1,1,2,1,2,0,1,0,0,1,0,0,1,100.0,24,19:39,0,0,13,13,50.0
812,2018-11-21,22,30-206,CHI,@,WSH,L,0,1,1,0,0,0,0,0,0,1,0,0,2,0.0,24,23:47,0,1,17,5,77.3
813,2018-11-23,23,30-208,CHI,@,TBL,L,1,0,1,-2,0,1,0,0,0,0,0,0,7,14.3,25,21:04,0,1,16,6,72.7
814,2018-11-24,24,30-209,CHI,@,FLA,W,0,0,0,0,0,0,0,0,0,0,0,0,4,0.0,30,24:55,0,0,12,13,48.0
815,2018-11-27,25,30-212,CHI,,VEG,L,0,1,1,-2,0,0,0,0,0,1,0,0,0,,23,17:59,1,2,13,7,65.0
816,2018-11-29,26,30-214,CHI,@,WPG,L,0,0,0,-1,0,0,0,0,0,0,0,0,2,0.0,25,22:33,0,0,10,14,41.7
817,2018-12-01,27,30-216,CHI,@,NSH,L,0,0,0,-1,0,0,0,0,0,0,0,0,1,0.0,27,19:19,0,0,8,12,40.0
818,2018-12-02,28,30-217,CHI,,CGY,L,1,0,1,0,0,1,0,0,0,0,0,0,1,100.0,32,23:20,0,0,16,11,59.3
819,2018-12-05,29,30-220,CHI,@,ANA,L,0,1,1,0,0,0,0,0,0,1,0,0,2,0.0,24,21:15,1,0,15,6,71.4
820,2018-12-06,30,30-221,CHI,@,VEG,L,1,0,1,-1,0,1,0,0,0,0,0,0,7,14.3,24,19:19,2,1,16,7,69.6
821,2018-12-09,31,30-224,CHI,,MTL,L,0,0,0,0,0,0,0,0,0,0,0,0,1,0.0,28,24:48,2,0,13,7,65.0
822,2018-12-11,32,30-226,CHI,@,WPG,L,0,0,0,-1,0,0,0,0,0,0,0,0,4,0.0,26,20:34,1,1,9,10,47.4
823,2018-12-12,33,30-227,CHI,,PIT,W,1,2,3,3,2,1,0,0,0,2,0,0,1,100.0,27,18:38,0,1,9,11,45.0
824,2018-12-14,34,30-229,CHI,,WPG,L-OT,2,1,3,2,2,2,0,0,0,1,0,0,4,50.0,26,19:52,0,0,12,11,52.2
825,2018-12-16,35,30-231,CHI,,SJS,L,0,0,0,-1,0,0,0,0,0,0,0,0,0,,23,17:56,0,1,13,8,61.9
826,2018-12-18,36,30-233,CHI,,NSH,W,0,1,1,1,0,0,0,0,0,0,1,0,2,0.0,23,20:13,0,2,12,11,52.2
827,2018-12-20,37,30-235,CHI,@,DAL,W,0,0,0,0,2,0,0,0,0,0,0,0,1,0.0,25,17:15,0,0,16,11,59.3
828,2018-12-21,38,30-236,CHI,@,COL,W,0,0,0,0,0,0,0,0,0,0,0,0,2,0.0,29,21:51,0,0,14,9,60.9
829,2018-12-23,39,30-238,CHI,,FLA,L,0,1,1,-3,2,0,0,0,0,0,1,0,1,0.0,24,19:45,2,0,12,9,57.1
830,2018-12-27,40,30-242,CHI,,MIN,W,0,2,2,0,0,0,0,0,0,1,1,0,0,,28,21:56,0,1,13,16,44.8
831,2018-12-29,41,30-244,CHI,@,COL,W,0,1,1,0,0,0,0,0,0,0,1,0,3,0.0,28,23:54,0,0,12,13,48.0
832,2019-01-01,42,30-247,CHI,,BOS,L,0,1,1,0,0,0,0,0,0,1,0,0,1,0.0,28,22:00,0,1,19,11,63.3
833,2019-01-03,43,30-249,CHI,@,NYI,L-OT,0,1,1,1,0,0,0,0,0,0,1,0,2,0.0,25,18:47,1,2,10,14,41.7
834,2019-01-06,44,30-252,CHI,@,PIT,W,1,1,2,1,0,1,0,0,0,1,0,0,7,14.3,28,21:56,0,0,17,11,60.7
835,2019-01-07,45,30-253,CHI,,CGY,L,0,0,0,0,0,0,0,0,0,0,0,0,1,0.0,29,23:20,0,1,15,12,55.6
836,2019-01-09,46,30-255,CHI,,NSH,L-OT,1,0,1,0,0,0,0,1,0,0,0,0,3,33.3,27,20:02,0,0,10,11,47.6
837,2019-01-12,47,30-258,CHI,,VEG,L-OT,0,1,1,0,0,0,0,0,0,0,1,0,2,0.0,28,22:24,0,0,12,6,66.7
838,2019-01-14,48,30-260,CHI,@,NJD,L,0,1,1,-1,2,0,0,0,0,0,1,0,0,,23,20:41,1,0,15,11,57.7
839,2019-01-17,49,30-263,CHI,@,NYR,L,0,0,0,-2,0,0,0,0,0,0,0,0,2,0.0,24,22:04,0,1,11,7,61.1
840,2019-01-20,50,30-266,CHI,,WSH,W,3,2,5,4,0,3,0,0,1,1,1,0,6,50.0,24,19:08,1,0,11,6,64.7
841,2019-01-22,51,30-268,CHI,,NYI,W,1,0,1,0,0,0,1,0,0,0,0,0,2,50.0,29,24:46,0,1,13,12,52.0
842,2019-02-01,52,30-278,CHI,@,BUF,W,0,1,1,2,2,0,0,0,0,1,0,0,2,0.0,27,21:30,0,0,8,12,40.0
843,2019-02-02,53,30-279,CHI,@,MIN,W,1,1,2,-1,0,0,1,0,0,0,1,0,6,16.7,30,24:18,0,2,14,12,53.8
844,2019-02-05,54,30-282,CHI,@,EDM,W,0,2,2,1,0,0,0,0,0,1,1,0,4,0.0,26,20:31,0,0,18,14,56.3
845,2019-02-07,55,30-284,CHI,,VAN,W,1,0,1,0,2,1,0,0,1,0,0,0,4,25.0,26,25:38,1,1,16,9,64.0
846,2019-02-10,56,30-287,CHI,,DET,W,1,1,2,1,2,1,0,0,0,1,0,0,5,20.0,23,20:33,1,1,17,9,65.4
847,2019-02-12,57,30-289,CHI,@,BOS,L,0,0,0,-3,2,0,0,0,0,0,0,0,2,0.0,23,20:09,0,0,13,12,52.0
848,2019-02-14,58,30-291,CHI,,NJD,W,1,0,1,3,0,1,0,0,1,0,0,0,2,50.0,25,21:57,1,0,12,10,54.5
849,2019-02-16,59,30-293,CHI,,CBJ,L,1,0,1,0,0,1,0,0,0,0,0,0,4,25.0,24,20:34,0,0,13,6,68.4
850,2019-02-18,60,30-295,CHI,,OTT,W,1,1,2,0,0,0,1,0,1,0,1,0,6,16.7,29,24:08,0,2,14,8,63.6
851,2019-02-20,61,30-297,CHI,@,DET,W,0,1,1,2,0,0,0,0,0,1,0,0,2,0.0,31,21:43,0,0,13,21,38.2
852,2019-02-22,62,30-299,CHI,,COL,L,0,2,2,-2,0,0,0,0,0,1,1,0,4,0.0,31,23:45,1,1,16,16,50.0
853,2019-02-24,63,30-301,CHI,,DAL,L,1,0,1,1,0,0,1,0,0,0,0,0,3,33.3,22,25:02,0,1,14,16,46.7
854,2019-02-27,64,30-304,CHI,@,ANA,W,0,2,2,0,0,0,0,0,0,2,0,0,3,0.0,26,21:47,0,0,18,12,60.0
855,2019-03-02,65,30-307,CHI,@,LAK,L,0,0,0,-2,0,0,0,0,0,0,0,0,1,0.0,24,21:17,0,0,8,11,42.1
856,2019-03-03,66,30-308,CHI,@,SJS,L,0,1,1,-1,0,0,0,0,0,1,0,0,4,0.0,25,22:31,2,1,12,9,57.1
857,2019-03-07,67,30-312,CHI,,BUF,W,0,2,2,0,2,0,0,0,0,2,0,0,2,0.0,25,22:06,1,0,10,13,43.5
858,2019-03-09,68,30-314,CHI,@,DAL,W,0,0,0,-1,0,0,0,0,0,0,0,0,5,0.0,23,20:03,1,0,13,12,52.0
859,2019-03-11,69,30-316,CHI,,ARI,W,1,1,2,1,0,1,0,0,0,1,0,0,5,20.0,20,18:27,2,0,11,3,78.6
860,2019-03-13,70,30-318,CHI,@,TOR,W,0,0,0,0,0,0,0,0,0,0,0,0,3,0.0,22,16:24,0,0,11,10,52.4
861,2019-03-16,71,30-321,CHI,@,MTL,W,0,0,0,0,4,0,0,0,0,0,0,0,3,0.0,24,19:12,2,1,15,8,65.2
862,2019-03-18,72,30-323,CHI,,VAN,L-OT,1,0,1,0,0,0,1,0,0,0,0,0,4,25.0,27,21:25,0,0,13,14,48.1
863,2019-03-21,73,30-326,CHI,,PHI,L,0,1,1,-1,0,0,0,0,0,1,0,0,5,0.0,25,20:31,1,2,13,12,52.0
864,2019-03-23,74,30-328,CHI,@,COL,L,1,0,1,0,0,1,0,0,0,0,0,0,3,33.3,27,23:46,2,0,19,4,82.6
865,2019-03-24,75,30-329,CHI,,COL,W,0,0,0,0,2,0,0,0,0,0,0,0,6,0.0,26,22:38,0,3,16,13,55.2
866,2019-03-26,76,30-331,CHI,@,ARI,L,0,0,0,0,0,0,0,0,0,0,0,0,4,0.0,26,22:07,0,1,14,12,53.8
867,2019-03-28,77,30-333,CHI,@,SJS,W,1,1,2,1,0,1,0,0,0,0,1,0,7,14.3,25,19:24,0,1,13,12,52.0
868,2019-03-30,78,30-335,CHI,@,LAK,L-OT,0,0,0,-1,2,0,0,0,0,0,0,0,2,0.0,27,23:45,0,1,13,9,59.1
869,2019-04-01,79,30-337,CHI,,WPG,L-OT,1,1,2,-1,0,0,1,0,0,1,0,0,4,25.0,28,23:22,1,0,15,11,57.7
870,2019-04-03,80,30-339,CHI,,STL,W,1,0,1,0,0,1,0,0,0,0,0,0,1,100.0,29,22:30,2,2,13,13,50.0
871,2019-04-05,81,30-341,CHI,,DAL,W,0,2,2,3,0,0,0,0,0,2,0,0,1,0.0,20,21:24,2,1,12,8,60.0
872,2019-04-06,82,30-342,CHI,@,NSH,L,0,0,0,-2,2,0,0,0,0,0,0,0,0,,24,20:10,2,1,16,9,64.0
873,2019-10-04,1,31-158,CHI,@,PHI,L,0,0,0,1,0,0,0,0,0,0,0,0,3,0.0,25,21:41,1,0,8,14,36.4
874,2019-10-10,2,31-164,CHI,,SJS,L,0,0,0,-1,0,0,0,0,0,0,0,0,1,0.0,25,20:15,0,1,14,9,60.9
875,2019-10-12,3,31-166,CHI,,WPG,L-OT,0,0,0,-1,0,0,0,0,0,0,0,0,2,0.0,24,19:22,0,0,11,10,52.4
876,2019-10-14,4,31-168,CHI,,EDM,W,0,1,1,1,0,0,0,0,0,1,0,0,3,0.0,21,17:48,0,1,9,7,56.3
877,2019-10-18,5,31-172,CHI,,CBJ,W,1,0,1,1,0,1,0,0,1,0,0,0,3,33.3,29,22:06,0,1,11,8,57.9
878,2019-10-20,6,31-174,CHI,,WSH,L,0,0,0,-3,0,0,0,0,0,0,0,0,2,0.0,21,19:17,2,0,10,7,58.8
879,2019-10-22,7,31-176,CHI,,VEG,L-SO,0,0,0,-1,6,0,0,0,0,0,0,0,2,0.0,23,21:19,3,1,7,9,43.8
880,2019-10-24,8,31-178,CHI,,PHI,L,0,0,0,-1,0,0,0,0,0,0,0,0,1,0.0,22,18:59,0,0,5,10,33.3
881,2019-10-26,9,31-180,CHI,@,CAR,L,0,0,0,-1,0,0,0,0,0,0,0,0,1,0.0,22,20:14,1,0,13,7,65.0
882,2019-10-27,10,31-181,CHI,,LAK,W,0,0,0,0,2,0,0,0,0,0,0,0,2,0.0,24,17:40,0,1,10,9,52.6
883,2019-10-29,11,31-183,CHI,@,NSH,L,0,0,0,0,0,0,0,0,0,0,0,0,1,0.0,27,19:32,0,2,11,7,61.1
884,2019-11-02,12,31-187,CHI,@,LAK,L-OT,1,0,1,1,0,1,0,0,0,0,0,0,4,25.0,28,22:01,0,0,10,11,47.6
885,2019-11-03,13,31-188,CHI,@,ANA,W,0,2,2,2,4,0,0,0,0,2,0,0,2,0.0,24,20:29,0,1,13,11,54.2
886,2019-11-05,14,31-190,CHI,@,SJS,L,0,1,1,-2,0,0,0,0,0,1,0,0,1,0.0,24,16:23,1,0,11,7,61.1
887,2019-11-07,15,31-192,CHI,,VAN,W,0,0,0,1,2,0,0,0,0,0,0,0,6,0.0,24,18:06,0,0,7,10,41.2
888,2019-11-09,16,31-194,CHI,@,PIT,L-SO,0,0,0,-2,0,0,0,0,0,0,0,0,2,0.0,29,21:08,1,0,14,9,60.9
889,2019-11-10,17,31-195,CHI,,TOR,W,1,1,2,0,4,0,1,0,0,1,0,0,1,100.0,26,19:28,0,0,13,13,50.0
890,2019-11-13,18,31-198,CHI,@,VEG,W,0,0,0,-1,0,0,0,0,0,0,0,0,3,0.0,23,17:56,2,0,8,8,50.0
891,2019-11-16,19,31-201,CHI,@,NSH,W,0,2,2,3,0,0,0,0,0,2,0,0,0,,21,14:34,0,1,11,3,78.6
892,2019-11-17,20,31-202,CHI,,BUF,W,1,0,1,1,0,1,0,0,0,0,0,0,2,50.0,22,18:05,1,1,14,7,66.7
893,2019-11-19,21,31-204,CHI,,CAR,L,0,0,0,-2,0,0,0,0,0,0,0,0,5,0.0,24,18:38,0,0,12,9,57.1
894,2019-11-21,22,31-206,CHI,,TBL,L,0,1,1,2,0,0,0,0,0,1,0,0,5,0.0,25,21:47,3,1,13,11,54.2
895,2019-11-23,23,31-208,CHI,@,DAL,L-SO,0,0,0,0,0,0,0,0,0,0,0,0,5,0.0,26,24:27,1,2,15,9,62.5
896,2019-11-26,24,31-211,CHI,,DAL,W,0,0,0,2,0,0,0,0,0,0,0,0,3,0.0,20,17:01,2,0,10,12,45.5
897,2019-11-29,25,31-214,CHI,,COL,L,0,1,1,-1,0,0,0,0,0,1,0,0,2,0.0,21,16:15,0,1,17,6,73.9
898,2019-11-30,26,31-215,CHI,@,COL,L,0,1,1,-3,2,0,0,0,0,0,1,0,5,0.0,22,18:39,0,0,9,13,40.9
899,2019-12-02,27,31-217,CHI,,STL,L,0,0,0,-1,2,0,0,0,0,0,0,0,3,0.0,23,20:56,2,0,10,12,45.5
900,2019-12-05,28,31-220,CHI,@,BOS,W,1,0,1,-1,0,1,0,0,1,0,0,0,3,33.3,23,19:37,3,2,17,11,60.7
901,2019-12-06,29,31-221,CHI,@,NJD,W,0,0,0,0,0,0,0,0,0,0,0,0,0,,25,19:41,0,0,9,7,56.3
902,2019-12-08,30,31-223,CHI,,ARI,L-SO,1,2,3,1,4,1,0,0,0,1,1,0,5,20.0,24,21:10,1,1,10,4,71.4
903,2019-12-10,31,31-225,CHI,@,VEG,L,0,0,0,-2,0,0,0,0,0,0,0,0,2,0.0,21,19:15,0,0,10,11,47.6
904,2019-12-12,32,31-227,CHI,@,ARI,L,1,0,1,1,0,1,0,0,0,0,0,0,2,50.0,23,21:02,1,1,10,5,66.7
905,2019-12-14,33,31-229,CHI,@,STL,L,0,2,2,0,0,0,0,0,0,2,0,0,3,0.0,24,18:24,0,0,17,3,85.0
906,2019-12-15,34,31-230,CHI,,MIN,W,0,3,3,1,2,0,0,0,0,2,1,0,1,0.0,21,16:00,1,0,14,3,82.4
907,2019-12-18,35,31-233,CHI,,COL,L,0,0,0,-2,0,0,0,0,0,0,0,0,3,0.0,23,20:03,1,1,14,10,58.3
908,2019-12-19,36,31-234,CHI,@,WPG,W,0,0,0,1,0,0,0,0,0,0,0,0,4,0.0,26,19:02,0,1,11,11,50.0
909,2019-12-21,37,31-236,CHI,@,COL,W,1,2,3,2,0,1,0,0,0,2,0,0,1,100.0,29,19:22,1,1,15,6,71.4
910,2019-12-23,38,31-238,CHI,,NJD,L,0,0,0,-3,2,0,0,0,0,0,0,0,0,,27,20:23,2,1,12,12,50.0
911,2019-12-27,39,31-242,CHI,,NYI,W,1,0,1,0,0,1,0,0,0,0,0,0,1,100.0,24,18:22,0,0,14,12,53.8
912,2019-12-29,40,31-244,CHI,@,CBJ,W,0,0,0,-1,0,0,0,0,0,0,0,0,3,0.0,28,24:05,0,1,16,12,57.1
913,2019-12-31,41,31-246,CHI,@,CGY,W,0,0,0,0,0,0,0,0,0,0,0,0,2,0.0,22,20:21,0,0,13,16,44.8
914,2020-01-02,42,31-248,CHI,@,VAN,L,1,1,2,0,0,1,0,0,0,1,0,0,1,100.0,27,19:25,2,2,14,6,70.0
915,2020-01-05,43,31-251,CHI,,DET,W,0,1,1,2,2,0,0,0,0,1,0,0,4,0.0,22,22:11,1,0,9,5,64.3
916,2020-01-07,44,31-253,CHI,,CGY,L,0,0,0,0,0,0,0,0,0,0,0,0,1,0.0,25,21:06,2,1,15,12,55.6
917,2020-01-09,45,31-255,CHI,,NSH,L,0,2,2,-2,0,0,0,0,0,1,1,0,1,0.0,23,20:59,2,1,13,8,61.9
918,2020-01-11,46,31-257,CHI,,ANA,W,1,1,2,2,0,1,0,0,0,1,0,0,1,100.0,22,17:39,1,1,12,8,60.0
919,2020-01-14,47,31-260,CHI,@,OTT,W,1,2,3,3,0,1,0,0,1,2,0,0,1,100.0,25,20:33,2,0,9,10,47.4
920,2020-01-15,48,31-261,CHI,@,MTL,W,0,1,1,-1,0,0,0,0,0,0,1,0,0,,23,18:12,0,0,12,8,60.0
921,2020-01-18,49,31-264,CHI,@,TOR,W,2,2,4,4,0,2,0,0,0,2,0,0,3,66.7,22,16:06,2,0,4,6,40.0
922,2020-01-19,50,31-265,CHI,,WPG,W,0,1,1,0,0,0,0,0,0,1,0,0,2,0.0,24,20:42,5,1,14,12,53.8
923,2020-01-21,51,31-267,CHI,,FLA,L,0,0,0,-1,2,0,0,0,0,0,0,0,2,0.0,24,23:06,1,0,18,13,58.1
924,2020-02-01,52,31-278,CHI,@,ARI,W,0,0,0,0,2,0,0,0,0,0,0,0,3,0.0,26,19:56,1,1,11,12,47.8
925,2020-02-04,53,31-281,CHI,@,MIN,L-OT,0,0,0,-1,0,0,0,0,0,0,0,0,1,0.0,26,20:12,1,1,11,14,44.0
926,2020-02-05,54,31-282,CHI,,BOS,L-OT,0,0,0,-1,0,0,0,0,0,0,0,0,2,0.0,25,20:30,0,0,15,9,62.5
927,2020-02-09,55,31-286,CHI,@,WPG,L,0,1,1,-2,4,0,0,0,0,1,0,0,2,0.0,26,19:05,0,0,19,8,70.4
928,2020-02-11,56,31-288,CHI,@,EDM,L,1,0,1,-1,2,0,0,1,0,0,0,0,4,25.0,26,21:26,1,0,15,10,60.0
929,2020-02-12,57,31-289,CHI,@,VAN,L,0,0,0,-2,2,0,0,0,0,0,0,0,5,0.0,27,21:36,0,0,18,11,62.1
930,2020-02-15,58,31-292,CHI,@,CGY,W,1,2,3,3,2,1,0,0,0,2,0,0,3,33.3,25,18:29,1,1,12,5,70.6
931,2020-02-16,59,31-293,CHI,@,WPG,L,0,1,1,0,0,0,0,0,0,1,0,0,3,0.0,21,19:39,1,0,12,7,63.2
932,2020-02-19,60,31-296,CHI,,NYR,L,0,2,2,0,0,0,0,0,0,2,0,0,2,0.0,21,17:51,0,0,11,6,64.7
933,2020-02-21,61,31-298,CHI,,NSH,W,0,0,0,-1,0,0,0,0,0,0,0,0,4,0.0,26,22:38,2,1,11,9,55.0
934,2020-02-23,62,31-300,CHI,@,DAL,L,0,0,0,-1,2,0,0,0,0,0,0,0,4,0.0,22,19:53,0,0,13,11,54.2
935,2020-02-25,63,31-302,CHI,@,STL,L,0,2,2,0,0,0,0,0,0,1,1,0,1,0.0,26,18:44,0,0,16,9,64.0
936,2020-02-27,64,31-304,CHI,@,TBL,W,0,0,0,2,0,0,0,0,0,0,0,0,4,0.0,23,19:51,0,0,15,8,65.2
937,2020-02-29,65,31-306,CHI,@,FLA,W,1,1,2,1,0,1,0,0,0,1,0,0,3,33.3,29,20:12,0,0,18,13,58.1
938,2020-03-03,66,31-309,CHI,,ANA,W,0,0,0,1,0,0,0,0,0,0,0,0,2,0.0,23,19:47,0,0,15,9,62.5
939,2020-03-05,67,31-311,CHI,,EDM,W,1,0,1,0,0,1,0,0,0,0,0,0,4,25.0,23,19:47,1,0,11,7,61.1
940,2020-03-06,68,31-312,CHI,@,DET,L,0,1,1,1,0,0,0,0,0,1,0,0,6,0.0,23,22:26,0,1,15,11,57.7
941,2020-03-08,69,31-314,CHI,,STL,L,0,0,0,-1,0,0,0,0,0,0,0,0,1,0.0,23,23:49,0,0,10,16,38.5
942,2020-03-11,70,31-317,CHI,,SJS,W,0,2,2,1,0,0,0,0,0,1,1,0,2,0.0,20,17:40,0,1,10,4,71.4
