,date_game,game_season,age,team_id,game_location,opp_id,game_result,goals,assists,points,plus_minus,pen_min,goals_ev,goals_pp,goals_sh,goals_gw,assists_ev,assists_pp,assists_sh,shots,shot_pct,shifts,time_on_ice,hits_all,blocks_all,faceoff_wins_all,faceoff_losses_all,faceoff_percentage_all
0,2009-11-05,1,21-233,MTL,@,BOS,W,0,1,1,0,0,0,0,0,0,,,,0,,16,12:08,4,2,1,0,100.0
1,2009-11-07,2,21-235,MTL,,TBL,L,0,0,0,0,0,0,0,0,0,,,,1,0.0,21,14:11,4,0,0,0,
2,2009-11-10,3,21-238,MTL,,CGY,L,0,0,0,0,7,0,0,0,0,,,,0,,10,5:19,5,0,0,0,
3,2009-11-12,4,21-240,MTL,@,PHX,W,0,0,0,-1,0,0,0,0,0,,,,0,,14,9:08,3,3,0,0,
4,2009-11-14,5,21-242,MTL,@,NSH,L,0,0,0,0,4,0,0,0,0,,,,0,,23,13:41,1,1,1,2,33.3
5,2009-11-17,6,21-245,MTL,,CAR,W,0,0,0,-1,0,0,0,0,0,,,,1,0.0,11,8:11,1,0,0,0,
6,2009-11-20,7,21-248,MTL,@,WSH,W,0,0,0,-1,0,0,0,0,0,,,,0,,12,10:04,3,1,1,0,100.0
7,2009-11-21,8,21-249,MTL,,DET,L-SO,0,0,0,0,0,0,0,0,0,,,,1,0.0,16,11:03,2,0,0,0,
8,2009-11-24,9,21-252,MTL,,CBJ,W,0,1,1,1,0,0,0,0,0,,,,0,,19,13:08,1,0,1,0,100.0
9,2009-11-25,10,21-253,MTL,@,PIT,L,0,0,0,-1,0,0,0,0,0,,,,1,0.0,20,15:10,6,2,1,0,100.0
10,2009-11-28,11,21-256,MTL,,WSH,L-SO,0,0,0,-1,0,0,0,0,0,,,,0,,21,17:02,1,3,0,0,
11,2009-12-01,12,21-259,MTL,,TOR,L,0,0,0,0,0,0,0,0,0,,,,0,,20,13:46,6,0,1,0,100.0
12,2009-12-03,13,21-261,MTL,@,BUF,L,0,0,0,-1,0,0,0,0,0,,,,0,,18,12:52,3,0,0,0,
13,2010-01-09,14,21-298,MTL,,NJD,L-OT,0,0,0,0,0,0,0,0,0,,,,0,,11,6:37,2,1,0,1,0.0
14,2010-02-06,15,21-326,MTL,,PIT,W,0,0,0,0,5,0,0,0,0,,,,1,0.0,16,9:50,4,0,1,0,100.0
15,2010-02-07,16,21-327,MTL,,BOS,L,0,0,0,-1,0,0,0,0,0,,,,0,,9,6:15,1,0,0,0,
16,2011-01-21,1,22-310,MTL,@,OTT,W,0,0,0,1,5,0,0,0,0,,,,1,0.0,14,11:53,6,0,1,0,100.0
17,2011-01-22,2,22-311,MTL,,ANA,L-SO,0,0,0,0,0,0,0,0,0,,,,0,,8,5:48,2,0,1,0,100.0
18,2011-01-25,3,22-314,MTL,@,PHI,L,0,0,0,0,0,0,0,0,0,,,,0,,9,5:05,1,0,0,0,
19,2011-02-10,4,22-330,MTL,,NYI,L-SO,0,1,1,1,2,0,0,0,0,,,,5,0.0,16,11:54,3,1,0,1,0.0
20,2011-02-12,5,22-332,MTL,,TOR,W,0,0,0,1,2,0,0,0,0,,,,3,0.0,17,12:09,2,0,0,0,
21,2011-02-15,6,22-335,MTL,,BUF,L-SO,0,0,0,1,0,0,0,0,0,,,,1,0.0,20,14:49,4,0,1,1,50.0
22,2011-02-17,7,22-337,MTL,@,EDM,L,0,0,0,-1,0,0,0,0,0,,,,0,,13,8:47,2,1,0,1,0.0
23,2011-02-20,8,22-340,MTL,@,CGY,L,0,0,0,0,0,0,0,0,0,,,,0,,13,9:03,3,0,0,0,
24,2011-02-22,9,22-342,MTL,@,VAN,W,0,0,0,1,0,0,0,0,0,,,,2,0.0,9,5:50,4,0,1,1,50.0
25,2011-02-24,10,22-344,MTL,,TOR,L,0,0,0,-1,0,0,0,0,0,,,,1,0.0,9,6:16,2,0,0,1,0.0
26,2011-03-01,11,22-349,MTL,@,ATL,W,0,0,0,0,0,0,0,0,0,,,,1,0.0,10,8:08,2,0,0,0,
27,2011-03-08,12,22-356,MTL,,BOS,W,0,0,0,0,17,0,0,0,0,,,,1,0.0,9,4:18,2,1,0,0,
28,2011-03-10,13,22-358,MTL,@,STL,L,0,0,0,0,0,0,0,0,0,,,,3,0.0,8,5:27,2,0,0,0,
29,2011-03-12,14,22-360,MTL,@,PIT,W,0,0,0,0,0,0,0,0,0,,,,0,,16,14:40,2,0,0,0,
30,2011-03-15,15,22-363,MTL,,WSH,L,0,0,0,0,0,0,0,0,0,,,,1,0.0,13,11:19,7,0,0,1,0.0
31,2011-03-17,16,23-000,MTL,,TBL,W,0,1,1,1,0,0,0,0,0,,,,0,,20,12:29,6,2,2,1,66.7
32,2011-03-18,17,23-001,MTL,@,NYR,L,0,0,0,-1,0,0,0,0,0,,,,0,,13,8:45,1,1,1,1,50.0
33,2011-03-20,18,23-003,MTL,@,MIN,W,1,1,2,3,5,1,0,0,0,,,,3,33.3,13,9:17,0,1,0,0,
34,2011-03-22,19,23-005,MTL,,BUF,L,0,0,0,-1,0,0,0,0,0,,,,2,0.0,15,10:21,3,0,0,0,
35,2011-03-24,20,23-007,MTL,@,BOS,L,0,0,0,0,0,0,0,0,0,,,,1,0.0,12,10:38,1,0,1,2,33.3
36,2011-03-26,21,23-009,MTL,,WSH,L,0,0,0,0,0,0,0,0,0,,,,0,,8,6:08,4,1,0,0,
37,2011-03-29,22,23-012,MTL,,ATL,W,0,0,0,0,0,0,0,0,0,,,,0,,11,7:47,4,0,3,0,100.0
38,2011-03-30,23,23-013,MTL,@,CAR,L,0,0,0,-1,0,0,0,0,0,,,,2,0.0,13,8:49,1,0,2,1,66.7
39,2011-04-02,24,23-016,MTL,@,NJD,W,0,0,0,0,2,0,0,0,0,,,,0,,14,8:15,0,0,0,1,0.0
40,2011-04-05,25,23-019,MTL,,CHI,W,0,0,0,0,0,0,0,0,0,,,,2,0.0,10,6:25,0,0,0,1,0.0
41,2011-04-07,26,23-021,MTL,@,OTT,L-OT,0,0,0,0,0,0,0,0,0,,,,0,,11,9:06,2,0,0,2,0.0
42,2011-04-09,27,23-023,MTL,@,TOR,W,1,0,1,1,5,1,0,0,0,,,,1,100.0,10,7:27,4,0,0,4,0.0
43,2012-02-15,1,23-335,MTL,,BOS,L-SO,0,0,0,0,5,0,0,0,0,,,,1,0.0,12,9:09,1,0,0,0,
44,2012-02-17,2,23-337,MTL,@,BUF,W,0,1,1,0,0,0,0,0,0,,,,0,,19,12:49,3,0,1,0,100.0
45,2012-02-19,3,23-339,MTL,,NJD,L,0,0,0,0,0,0,0,0,0,,,,1,0.0,21,17:06,7,0,2,1,66.7
46,2012-02-21,4,23-341,MTL,,DAL,L,0,0,0,-1,0,0,0,0,0,,,,0,,20,17:24,4,0,1,1,50.0
47,2012-02-24,5,23-344,MTL,@,WSH,L,0,0,0,-3,0,0,0,0,0,,,,1,0.0,20,12:16,3,2,1,1,50.0
48,2012-02-26,6,23-346,MTL,@,FLA,L,0,0,0,0,5,0,0,0,0,,,,0,,17,10:53,4,0,0,1,0.0
49,2012-02-28,7,23-348,MTL,@,TBL,L,0,0,0,0,0,0,0,0,0,,,,1,0.0,24,14:59,3,0,1,1,50.0
50,2012-03-01,8,23-350,MTL,,MIN,W,0,0,0,0,22,0,0,0,0,,,,0,,14,8:20,1,0,1,0,100.0
51,2012-03-03,9,23-352,MTL,,TOR,L,0,0,0,0,0,0,0,0,0,,,,1,0.0,26,17:32,4,1,3,2,60.0
52,2012-03-06,10,23-355,MTL,@,CGY,L,0,0,0,0,2,0,0,0,0,,,,2,0.0,19,12:40,3,1,1,1,50.0
53,2012-03-08,11,23-357,MTL,@,EDM,W,0,1,1,0,0,0,0,0,0,,,,2,0.0,20,15:58,4,1,0,2,0.0
54,2012-03-10,12,23-359,MTL,@,VAN,W,0,0,0,-1,2,0,0,0,0,,,,0,,25,18:42,3,0,0,3,0.0
55,2012-03-12,13,23-361,MTL,@,BUF,L-OT,0,0,0,0,0,0,0,0,0,,,,0,,22,17:37,2,2,0,0,
56,2012-03-14,14,23-363,MTL,,OTT,W,0,0,0,-1,0,0,0,0,0,,,,2,0.0,23,18:11,2,1,0,0,
57,2012-03-16,15,23-365,MTL,@,OTT,L-OT,0,1,1,0,4,0,0,0,0,,,,0,,23,18:11,3,2,0,0,
58,2012-03-17,16,24-000,MTL,,NYI,L-SO,0,0,0,1,5,0,0,0,0,,,,0,,18,13:29,5,2,5,3,62.5
59,2012-03-21,17,24-004,MTL,@,BUF,L,0,0,0,0,0,0,0,0,0,,,,0,,20,15:33,1,2,3,4,42.9
60,2012-03-23,18,24-006,MTL,,OTT,W,0,0,0,0,7,0,0,0,0,,,,0,,18,13:53,2,1,5,4,55.6
61,2012-03-24,19,24-007,MTL,@,PHI,L,0,0,0,-1,4,0,0,0,0,,,,0,,16,12:23,2,1,5,6,45.5
62,2012-03-27,20,24-010,MTL,,FLA,L-SO,0,0,0,-1,5,0,0,0,0,,,,1,0.0,18,13:15,4,1,0,0,
63,2013-01-19,1,24-308,MTL,,TOR,L,0,0,0,0,2,0,0,0,0,,,,0,,17,8:38,2,1,4,1,80.0
64,2013-01-22,2,24-311,MTL,,FLA,W,0,0,0,0,27,0,0,0,0,,,,1,0.0,12,8:25,2,0,3,3,50.0
65,2013-01-24,3,24-313,MTL,@,WSH,W,0,0,0,0,4,0,0,0,0,,,,2,0.0,16,10:53,3,0,5,3,62.5
66,2013-01-27,4,24-316,MTL,,NJD,W,1,0,1,1,0,1,0,0,0,,,,1,100.0,12,7:26,0,0,2,2,50.0
67,2013-01-29,5,24-318,MTL,,WPG,W,0,0,0,0,0,0,0,0,0,,,,3,0.0,16,11:47,1,0,7,4,63.6
68,2013-01-30,6,24-319,MTL,@,OTT,L,0,0,0,0,9,0,0,0,0,,,,2,0.0,12,8:10,4,0,3,2,60.0
69,2013-02-07,7,24-327,MTL,@,BUF,L-SO,0,0,0,0,4,0,0,0,0,,,,0,,15,8:43,3,0,4,1,80.0
70,2013-02-18,8,24-338,MTL,,CAR,W,0,0,0,0,0,0,0,0,0,,,,0,,15,9:51,3,2,2,3,40.0
71,2013-02-19,9,24-339,MTL,@,NYR,W,0,0,0,1,0,0,0,0,0,,,,0,,17,9:37,1,0,4,5,44.4
72,2013-02-21,10,24-341,MTL,,NYI,L-OT,0,0,0,1,2,0,0,0,0,,,,0,,16,11:24,3,2,6,7,46.2
73,2013-02-23,11,24-343,MTL,,NYR,W,0,0,0,0,0,0,0,0,0,,,,0,,16,12:06,1,0,3,5,37.5
74,2013-02-25,12,24-345,MTL,@,OTT,L-SO,0,0,0,0,0,0,0,0,0,,,,1,0.0,17,12:27,1,1,3,7,30.0
75,2013-02-27,13,24-347,MTL,@,TOR,W,0,0,0,0,0,0,0,0,0,,,,1,0.0,19,11:02,2,1,5,2,71.4
76,2013-03-02,14,24-350,MTL,,PIT,L-OT,0,0,0,0,0,0,0,0,0,,,,0,,13,9:17,1,2,5,3,62.5
77,2013-03-03,15,24-351,MTL,@,BOS,W,0,0,0,-2,0,0,0,0,0,,,,0,,10,8:04,2,1,1,1,50.0
78,2013-03-05,16,24-353,MTL,@,NYI,L,0,0,0,0,2,0,0,0,0,,,,0,,14,8:40,2,0,5,2,71.4
79,2013-03-07,17,24-355,MTL,@,CAR,W,0,0,0,0,0,0,0,0,0,,,,0,,9,6:45,1,0,1,5,16.7
80,2013-03-10,18,24-358,MTL,@,FLA,W,0,0,0,0,0,0,0,0,0,,,,0,,18,13:37,1,1,6,3,66.7
81,2013-03-13,19,24-361,MTL,,OTT,W,0,0,0,0,0,0,0,0,0,,,,1,0.0,16,9:52,1,1,3,7,30.0
82,2013-03-16,20,24-364,MTL,@,NJD,W,0,0,0,1,2,0,0,0,0,,,,0,,12,8:08,1,1,6,3,66.7
83,2013-03-19,21,25-002,MTL,,BUF,L-OT,0,0,0,0,0,0,0,0,0,,,,1,0.0,10,6:30,3,1,1,0,100.0
84,2013-03-21,22,25-004,MTL,@,NYI,W,0,0,0,0,0,0,0,0,0,,,,0,,13,8:34,2,1,5,0,100.0
85,2013-04-04,23,25-018,MTL,,WPG,W,0,0,0,0,0,0,0,0,0,,,,1,0.0,18,13:18,3,0,0,1,0.0
86,2013-04-06,24,25-020,MTL,,BOS,W,0,0,0,0,0,0,0,0,0,,,,0,,14,10:35,5,0,1,0,100.0
87,2013-04-15,25,25-029,MTL,,PHI,L,0,0,0,-1,15,0,0,0,0,,,,0,,3,1:31,0,0,0,0,
88,2013-04-27,26,25-041,MTL,@,TOR,W,0,0,0,0,0,0,0,0,0,,,,2,0.0,15,9:23,2,0,6,6,50.0
89,2013-10-05,1,25-202,MTL,,PHI,W,0,0,0,0,7,0,0,0,0,,,,1,0.0,12,7:40,3,1,6,1,85.7
90,2013-10-09,2,25-206,MTL,@,CGY,L,0,0,0,-2,0,0,0,0,0,,,,3,0.0,14,10:07,0,0,3,6,33.3
91,2013-10-12,3,25-209,MTL,@,VAN,W,0,0,0,1,0,0,0,0,0,,,,1,0.0,14,9:09,0,0,8,1,88.9
92,2013-10-15,4,25-212,MTL,@,WPG,W,0,0,0,0,5,0,0,0,0,,,,3,0.0,18,10:01,1,2,4,10,28.6
93,2013-10-17,5,25-214,MTL,,CBJ,W,0,0,0,2,2,0,0,0,0,,,,1,0.0,19,11:00,2,1,2,4,33.3
94,2013-10-19,6,25-216,MTL,,NSH,L,0,0,0,0,2,0,0,0,0,,,,3,0.0,15,11:37,3,2,3,3,50.0
95,2013-10-22,7,25-219,MTL,,EDM,L,0,0,0,1,2,0,0,0,0,,,,0,,19,10:37,5,1,10,2,83.3
96,2013-10-24,8,25-221,MTL,,ANA,W,0,0,0,0,0,0,0,0,0,,,,1,0.0,21,10:39,0,0,7,11,38.9
97,2013-10-26,9,25-223,MTL,,SJS,L,0,0,0,0,0,0,0,0,0,,,,2,0.0,17,11:30,2,0,2,6,25.0
98,2013-10-28,10,25-225,MTL,@,NYR,W,0,0,0,0,0,0,0,0,0,,,,2,0.0,16,11:10,1,1,4,3,57.1
99,2013-10-29,11,25-226,MTL,,DAL,W,0,0,0,0,0,0,0,0,0,,,,0,,14,10:30,0,1,6,4,60.0
100,2013-11-01,12,25-229,MTL,@,MIN,L,0,0,0,-3,0,0,0,0,0,,,,0,,10,6:38,1,1,3,1,75.0
101,2013-11-02,13,25-230,MTL,@,COL,L,0,0,0,0,5,0,0,0,0,,,,0,,14,7:44,0,0,4,4,50.0
102,2013-11-05,14,25-233,MTL,,STL,L-SO,0,0,0,-1,0,0,0,0,0,,,,0,,16,10:18,0,2,4,4,50.0
103,2013-11-07,15,25-235,MTL,@,OTT,L,0,0,0,-1,0,0,0,0,0,,,,1,0.0,12,8:00,1,2,4,5,44.4
104,2013-11-10,16,25-238,MTL,,NYI,W,0,0,0,0,0,0,0,0,0,,,,0,,16,7:56,1,0,3,0,100.0
105,2013-11-12,17,25-240,MTL,,TBL,L-SO,0,0,0,0,0,0,0,0,0,,,,0,,14,9:44,1,0,2,4,33.3
106,2013-11-15,18,25-243,MTL,@,CBJ,W,0,0,0,0,0,0,0,0,0,,,,1,0.0,10,8:07,3,0,0,0,
107,2013-11-19,19,25-247,MTL,,MIN,W,0,0,0,1,0,0,0,0,0,,,,0,,15,10:26,2,0,3,3,50.0
108,2013-11-22,20,25-250,MTL,@,WSH,W,0,1,1,1,0,0,0,0,0,,,,1,0.0,16,8:45,4,2,4,5,44.4
109,2013-11-23,21,25-251,MTL,,PIT,W,0,0,0,-1,0,0,0,0,0,,,,2,0.0,20,10:31,2,0,5,7,41.7
110,2013-11-27,22,25-255,MTL,@,BUF,W,0,0,0,0,0,0,0,0,0,,,,1,0.0,15,11:23,2,0,2,5,28.6
111,2013-11-29,23,25-257,MTL,@,WSH,L-SO,0,0,0,-2,2,0,0,0,0,,,,1,0.0,15,9:23,1,1,2,2,50.0
112,2013-12-04,24,25-262,MTL,@,NJD,W,0,0,0,-1,0,0,0,0,0,,,,1,0.0,13,9:51,1,1,4,4,50.0
113,2013-12-07,25,25-265,MTL,,BUF,W,0,1,1,1,0,0,0,0,0,,,,1,0.0,18,12:53,3,1,4,5,44.4
114,2013-12-10,26,25-268,MTL,,LAK,L,0,0,0,0,0,0,0,0,0,,,,1,0.0,16,11:48,4,1,3,3,50.0
115,2013-12-12,27,25-270,MTL,@,PHI,L,0,0,0,0,0,0,0,0,0,,,,0,,12,9:16,1,2,1,2,33.3
116,2013-12-15,28,25-273,MTL,,FLA,L,0,0,0,-1,2,0,0,0,0,,,,0,,11,6:23,2,2,2,1,66.7
117,2013-12-19,29,25-277,MTL,@,STL,L,0,0,0,-1,0,0,0,0,0,,,,0,,18,10:47,2,1,5,3,62.5
118,2013-12-28,30,25-286,MTL,@,TBL,W,0,0,0,0,0,0,0,0,0,,,,0,,20,13:07,3,0,4,9,30.8
119,2013-12-29,31,25-287,MTL,@,FLA,L,0,0,0,0,0,0,0,0,0,,,,0,,12,11:59,3,0,8,2,80.0
120,2013-12-31,32,25-289,MTL,@,CAR,L-OT,0,0,0,0,0,0,0,0,0,,,,2,0.0,14,8:44,1,1,2,6,25.0
121,2014-01-02,33,25-291,MTL,@,DAL,W,0,0,0,0,5,0,0,0,0,,,,1,0.0,8,4:52,0,0,1,1,50.0
122,2014-02-04,34,25-324,MTL,,CGY,W,0,0,0,0,0,0,0,0,0,,,,6,0.0,16,13:55,2,1,5,6,45.5
123,2014-02-06,35,25-326,MTL,,VAN,W,1,0,1,1,0,1,0,0,0,,,,2,50.0,17,8:43,3,0,6,2,75.0
124,2014-02-08,36,25-328,MTL,@,CAR,W,1,1,2,0,0,1,0,0,1,,,,1,100.0,17,10:55,2,0,3,5,37.5
125,2014-02-26,37,25-346,MTL,,DET,L-OT,0,0,0,0,0,0,0,0,0,,,,0,,13,9:04,2,1,3,5,37.5
126,2014-03-03,38,25-351,MTL,@,LAK,L,0,0,0,0,2,0,0,0,0,,,,0,,12,8:04,2,0,4,3,57.1
127,2014-03-05,39,25-353,MTL,@,ANA,W,0,0,0,0,0,0,0,0,0,,,,1,0.0,20,11:14,4,0,9,4,69.2
128,2014-03-06,40,25-354,MTL,@,PHX,L,0,0,0,0,0,0,0,0,0,,,,1,0.0,11,6:41,3,0,2,1,66.7
129,2014-03-08,41,25-356,MTL,@,SJS,L,0,0,0,0,10,0,0,0,0,,,,0,,16,8:47,2,0,1,2,33.3
130,2014-03-12,42,25-360,MTL,,BOS,L,0,0,0,-1,0,0,0,0,0,,,,1,0.0,12,8:59,0,0,5,3,62.5
131,2014-03-20,43,26-003,MTL,,CBJ,L,0,0,0,0,2,0,0,0,0,,,,1,0.0,18,9:04,1,2,7,5,58.3
132,2014-03-25,44,26-008,MTL,,BUF,W,0,0,0,0,0,0,0,0,0,,,,3,0.0,15,10:13,4,0,2,0,100.0
133,2014-03-27,45,26-010,MTL,@,DET,W,0,0,0,-1,0,0,0,0,0,,,,0,,10,7:22,1,0,1,1,50.0
134,2014-03-29,46,26-012,MTL,@,FLA,W,0,0,0,0,2,0,0,0,0,,,,2,0.0,18,11:51,1,0,5,5,50.0
135,2014-04-01,47,26-015,MTL,@,TBL,L,0,0,0,0,0,0,0,0,0,,,,1,0.0,18,11:59,1,0,4,5,44.4
136,2014-04-04,48,26-018,MTL,@,OTT,W,0,0,0,-1,0,0,0,0,0,,,,0,,15,12:49,0,1,3,10,23.1
137,2014-04-05,49,26-019,MTL,,DET,W,0,1,1,1,2,0,0,0,0,,,,1,0.0,10,7:34,2,2,4,2,66.7
138,2014-04-09,50,26-023,MTL,@,CHI,L-OT,0,0,0,-1,0,0,0,0,0,,,,0,,11,7:34,1,1,0,4,0.0
139,2014-04-10,51,26-024,MTL,,NYI,L,0,0,0,0,0,0,0,0,0,,,,0,,11,8:04,1,3,4,0,100.0
140,2014-04-12,52,26-026,MTL,,NYR,W,0,0,0,0,0,0,0,0,0,,,,1,0.0,13,8:22,1,0,4,1,80.0
141,2015-01-27,1,26-316,PHI,,ARI,W,0,0,0,0,2,0,0,0,0,0,0,0,3,0.0,13,9:04,2,0,3,5,37.5
142,2015-01-29,2,26-318,PHI,,WPG,W,0,1,1,0,0,0,0,0,0,1,0,0,2,0.0,16,11:47,2,0,9,1,90.0
143,2015-01-31,3,26-320,PHI,,TOR,W,0,0,0,1,0,0,0,0,0,0,0,0,1,0.0,16,11:54,5,1,4,6,40.0
144,2015-02-05,4,26-325,PHI,,NYI,L-SO,0,0,0,0,5,0,0,0,0,0,0,0,0,,14,11:34,5,0,0,3,0.0
145,2015-02-08,5,26-328,PHI,@,WSH,W,0,0,0,0,4,0,0,0,0,0,0,0,0,,14,7:45,2,0,1,1,50.0
146,2015-02-10,6,26-330,PHI,@,MTL,L-OT,0,0,0,0,0,0,0,0,0,0,0,0,0,,15,8:30,4,1,1,1,50.0
147,2015-02-13,7,26-333,PHI,@,CBJ,L-OT,0,0,0,-1,0,0,0,0,0,0,0,0,1,0.0,13,10:25,1,2,1,0,100.0
148,2015-02-15,8,26-335,PHI,@,BUF,W,0,1,1,1,0,0,0,0,0,1,0,0,1,0.0,16,10:00,1,0,1,0,100.0
149,2015-02-17,9,26-337,PHI,,CBJ,L,0,1,1,1,0,0,0,0,0,1,0,0,2,0.0,17,11:56,10,0,3,0,100.0
150,2015-02-19,10,26-339,PHI,,BUF,L-SO,1,0,1,1,0,1,0,0,0,0,0,0,4,25.0,17,12:01,4,0,1,0,100.0
151,2015-02-21,11,26-341,PHI,,NSH,W,1,0,1,1,0,1,0,0,0,0,0,0,4,25.0,16,12:53,7,0,2,2,50.0
152,2015-02-22,12,26-342,PHI,,WSH,W,0,0,0,-1,0,0,0,0,0,0,0,0,1,0.0,13,11:00,5,1,1,3,25.0
153,2015-02-24,13,26-344,PHI,@,CAR,L,0,0,0,0,0,0,0,0,0,0,0,0,0,,16,10:32,1,0,1,1,50.0
154,2015-02-26,14,26-346,PHI,@,TOR,L,0,0,0,-1,0,0,0,0,0,0,0,0,1,0.0,12,9:41,1,1,1,0,100.0
155,2015-02-28,15,26-348,PHI,,NYR,W,0,0,0,-2,0,0,0,0,0,0,0,0,1,0.0,14,9:00,4,1,1,0,100.0
156,2015-03-03,16,26-351,PHI,,CGY,L-OT,0,1,1,1,0,0,0,0,0,1,0,0,1,0.0,21,12:12,2,0,1,1,50.0
157,2015-03-05,17,26-353,PHI,,STL,W,0,0,0,0,0,0,0,0,0,0,0,0,2,0.0,18,14:18,4,0,3,0,100.0
158,2015-03-07,18,26-355,PHI,@,BOS,L-OT,0,0,0,0,4,0,0,0,0,0,0,0,2,0.0,15,11:35,2,0,0,1,0.0
159,2015-03-08,19,26-356,PHI,@,NJD,L,1,1,2,1,2,1,0,0,0,0,0,1,2,50.0,20,11:44,1,0,6,2,75.0
160,2015-03-10,20,26-358,PHI,,DAL,L,0,0,0,-2,2,0,0,0,0,0,0,0,0,,16,10:34,4,0,1,3,25.0
161,2015-03-12,21,26-360,PHI,@,STL,L-SO,0,0,0,0,0,0,0,0,0,0,0,0,1,0.0,16,10:04,3,0,3,1,75.0
162,2015-03-14,22,26-362,PHI,,DET,W,0,1,1,1,0,0,0,0,0,1,0,0,1,0.0,20,16:13,3,0,3,2,60.0
163,2015-03-15,23,26-363,PHI,@,OTT,L-SO,0,0,0,0,0,0,0,0,0,0,0,0,0,,13,8:55,4,0,1,2,33.3
164,2015-03-17,24,27-000,PHI,@,VAN,L,0,0,0,0,0,0,0,0,0,0,0,0,3,0.0,19,14:46,7,0,0,1,0.0
165,2015-03-19,25,27-002,PHI,@,CGY,L,0,0,0,0,2,0,0,0,0,0,0,0,1,0.0,18,14:00,3,1,2,5,28.6
166,2015-03-21,26,27-004,PHI,@,EDM,L-OT,1,0,1,1,0,1,0,0,0,0,0,0,2,50.0,15,10:43,3,0,0,0,
167,2015-03-25,27,27-008,PHI,,CHI,W,1,0,1,1,0,1,0,0,1,0,0,0,2,50.0,18,12:03,1,0,0,3,0.0
168,2015-03-28,28,27-011,PHI,,SJS,L-SO,0,0,0,0,2,0,0,0,0,0,0,0,0,,16,12:34,0,1,2,1,66.7
169,2015-04-01,29,27-015,PHI,@,PIT,W,0,0,0,-1,0,0,0,0,0,0,0,0,1,0.0,24,17:29,0,2,0,1,0.0
170,2015-04-04,30,27-018,PHI,@,CAR,L-SO,0,0,0,0,0,0,0,0,0,0,0,0,1,0.0,17,11:12,4,0,1,1,50.0
171,2015-04-05,31,27-019,PHI,,PIT,W,1,0,1,1,0,1,0,0,0,0,0,0,2,50.0,19,12:13,3,3,1,2,33.3
172,2015-04-07,32,27-021,PHI,,NYI,W,0,0,0,1,7,0,0,0,0,0,0,0,2,0.0,15,10:32,0,0,2,3,40.0
173,2015-04-09,33,27-023,PHI,,CAR,L,0,0,0,0,0,0,0,0,0,0,0,0,0,,22,14:02,6,0,5,4,55.6
174,2015-04-11,34,27-025,PHI,,OTT,L,0,0,0,0,0,0,0,0,0,0,0,0,1,0.0,20,15:24,4,0,4,2,66.7
175,2015-10-08,1,27-205,PHI,@,TBL,L-OT,0,0,0,0,0,0,0,0,0,0,0,0,1,0.0,14,11:39,1,0,1,0,100.0
176,2015-10-10,2,27-207,PHI,@,FLA,L,0,0,0,-1,5,0,0,0,0,0,0,0,1,0.0,16,9:42,5,0,5,0,100.0
177,2015-10-12,3,27-209,PHI,,FLA,W,0,0,0,0,2,0,0,0,0,0,0,0,1,0.0,16,11:19,2,0,2,1,66.7
178,2015-10-14,4,27-211,PHI,,CHI,W,0,0,0,0,2,0,0,0,0,0,0,0,2,0.0,23,14:26,5,2,5,4,55.6
179,2015-10-20,5,27-217,PHI,,DAL,L,0,0,0,0,4,0,0,0,0,0,0,0,2,0.0,15,10:24,0,1,1,0,100.0
180,2015-10-21,6,27-218,PHI,@,BOS,W,0,1,1,1,0,0,0,0,0,1,0,0,1,0.0,18,14:51,4,2,2,1,66.7
181,2015-10-24,7,27-221,PHI,,NYR,W,0,0,0,0,0,0,0,0,0,0,0,0,3,0.0,23,14:50,5,1,3,4,42.9
182,2015-10-27,8,27-224,PHI,,BUF,L-OT,0,1,1,1,0,0,0,0,0,1,0,0,0,,16,11:58,5,1,0,2,0.0
183,2015-10-29,9,27-226,PHI,,NJD,L,0,0,0,0,0,0,0,0,0,0,0,0,2,0.0,20,12:27,3,1,7,4,63.6
184,2015-10-30,10,27-227,PHI,@,BUF,L,0,0,0,-1,2,0,0,0,0,0,0,0,1,0.0,20,14:45,1,1,3,7,30.0
185,2015-11-02,11,27-230,PHI,@,VAN,L,0,0,0,0,0,0,0,0,0,0,0,0,0,,17,11:27,2,0,8,3,72.7
186,2015-11-03,12,27-231,PHI,@,EDM,L,1,0,1,0,0,1,0,0,0,0,0,0,2,50.0,20,15:31,2,4,7,6,53.8
187,2015-11-05,13,27-233,PHI,@,CGY,L-OT,0,0,0,0,0,0,0,0,0,0,0,0,1,0.0,22,14:57,4,1,1,4,20.0
188,2015-11-07,14,27-235,PHI,@,WPG,W,0,0,0,1,2,0,0,0,0,0,0,0,0,,18,12:38,4,0,3,2,60.0
189,2015-11-10,15,27-238,PHI,,COL,L,0,0,0,-1,0,0,0,0,0,0,0,0,0,,20,14:24,4,0,3,2,60.0
190,2015-11-12,16,27-240,PHI,,WSH,L,0,0,0,0,5,0,0,0,0,0,0,0,1,0.0,22,15:12,3,0,0,4,0.0
191,2015-11-14,17,27-242,PHI,@,CAR,W,0,0,0,0,2,0,0,0,0,0,0,0,0,,15,12:34,3,0,1,0,100.0
192,2015-12-05,18,27-263,PHI,,CBJ,L,0,0,0,-1,0,0,0,0,0,0,0,0,2,0.0,19,11:48,7,1,1,3,25.0
193,2015-12-08,19,27-266,PHI,,NYI,L-SO,1,0,1,1,0,1,0,0,0,0,0,0,2,50.0,15,11:21,2,0,1,5,16.7
194,2015-12-10,20,27-268,PHI,@,STL,W,1,0,1,1,0,1,0,0,0,0,0,0,2,50.0,18,14:16,7,0,0,2,0.0
195,2015-12-11,21,27-269,PHI,@,DAL,L,0,0,0,-1,0,0,0,0,0,0,0,0,0,,19,12:35,4,1,1,0,100.0
196,2015-12-15,22,27-273,PHI,,CAR,W,0,0,0,-2,0,0,0,0,0,0,0,0,1,0.0,22,17:01,1,1,1,2,33.3
197,2015-12-17,23,27-275,PHI,,VAN,W,0,0,0,0,4,0,0,0,0,0,0,0,1,0.0,19,14:29,1,0,3,3,50.0
198,2015-12-19,24,27-277,PHI,@,CBJ,L-SO,0,0,0,-1,0,0,0,0,0,0,0,0,3,0.0,19,11:51,3,1,2,2,50.0
199,2015-12-21,25,27-279,PHI,,STL,W,0,1,1,0,0,0,0,0,0,1,0,0,1,0.0,19,14:39,1,3,4,4,50.0
200,2015-12-27,26,27-285,PHI,@,ANA,L,0,0,0,0,10,0,0,0,0,0,0,0,0,,15,10:25,1,1,4,0,100.0
201,2015-12-30,27,27-288,PHI,@,SJS,L,0,0,0,0,10,0,0,0,0,0,0,0,0,,17,12:21,2,2,2,0,100.0
202,2016-01-02,28,27-291,PHI,@,LAK,L,0,0,0,0,2,0,0,0,0,0,0,0,0,,22,13:38,1,0,3,2,60.0
203,2016-01-05,29,27-294,PHI,,MTL,W,0,0,0,0,4,0,0,0,0,0,0,0,3,0.0,23,14:14,5,2,4,2,66.7
204,2016-01-07,30,27-296,PHI,@,MIN,W,1,0,1,-1,0,1,0,0,0,0,0,0,2,50.0,17,13:56,1,0,1,1,50.0
205,2016-01-09,31,27-298,PHI,,NYI,W,0,0,0,0,0,0,0,0,0,0,0,0,0,,17,11:49,3,1,2,0,100.0
206,2016-01-13,32,27-302,PHI,,BOS,W,0,0,0,0,0,0,0,0,0,0,0,0,1,0.0,18,11:50,2,0,1,0,100.0
207,2016-01-16,33,27-305,PHI,,NYR,L-SO,0,0,0,-1,0,0,0,0,0,0,0,0,0,,16,10:26,2,2,5,0,100.0
208,2016-01-17,34,27-306,PHI,@,DET,W,0,0,0,0,10,0,0,0,0,0,0,0,0,,1,0:33,1,0,1,0,100.0
209,2016-01-19,35,27-308,PHI,,TOR,L,0,0,0,0,2,0,0,0,0,0,0,0,1,0.0,19,13:18,4,0,7,2,77.8
210,2016-01-21,36,27-310,PHI,@,PIT,L,0,0,0,0,2,0,0,0,0,0,0,0,1,0.0,15,11:25,2,1,1,4,20.0
211,2016-01-25,37,27-314,PHI,,BOS,L,0,0,0,0,0,0,0,0,0,0,0,0,0,,19,13:10,1,2,1,0,100.0
212,2016-01-27,38,27-316,PHI,@,WSH,W,1,0,1,1,0,1,0,0,0,0,0,0,4,25.0,19,13:11,2,1,1,7,12.5
213,2016-02-02,39,27-322,PHI,,MTL,W,0,0,0,0,2,0,0,0,0,0,0,0,0,,17,11:50,0,2,3,1,75.0
214,2016-02-04,40,27-324,PHI,@,NSH,W,0,0,0,-1,0,0,0,0,0,0,0,0,0,,19,13:41,4,0,2,3,40.0
215,2016-02-06,41,27-326,PHI,,NYR,L-SO,1,0,1,1,0,1,0,0,0,0,0,0,2,50.0,22,16:53,3,1,2,3,40.0
216,2016-02-07,42,27-327,PHI,@,WSH,L,0,0,0,1,4,0,0,0,0,0,0,0,0,,16,11:01,5,2,2,4,33.3
217,2016-02-09,43,27-329,PHI,,ANA,L,0,0,0,0,0,0,0,0,0,0,0,0,1,0.0,17,11:50,4,0,4,0,100.0
218,2016-02-11,44,27-331,PHI,,BUF,W,0,0,0,0,0,0,0,0,0,0,0,0,1,0.0,22,13:54,4,1,4,0,100.0
219,2016-02-13,45,27-333,PHI,,NJD,L-OT,0,0,0,0,0,0,0,0,0,0,0,0,1,0.0,18,11:07,6,1,5,0,100.0
220,2016-02-14,46,27-334,PHI,@,NYR,L,0,0,0,-1,5,0,0,0,0,0,0,0,0,,14,8:16,3,1,2,3,40.0
221,2016-02-16,47,27-336,PHI,@,NJD,W,1,1,2,2,2,1,0,0,0,1,0,0,2,50.0,20,13:09,3,0,1,7,12.5
222,2016-02-19,48,27-339,PHI,@,MTL,L-SO,0,0,0,0,2,0,0,0,0,0,0,0,3,0.0,22,13:07,4,0,4,5,44.4
223,2016-02-20,49,27-340,PHI,@,TOR,W,0,0,0,-1,2,0,0,0,0,0,0,0,1,0.0,20,13:59,1,0,4,3,57.1
224,2016-02-23,50,27-343,PHI,@,CAR,L,0,0,0,-2,0,0,0,0,0,0,0,0,0,,17,11:19,1,0,5,3,62.5
225,2016-02-25,51,27-345,PHI,,MIN,W,0,1,1,1,0,0,0,0,0,1,0,0,1,0.0,15,13:27,2,1,1,1,50.0
226,2016-02-27,52,27-347,PHI,,ARI,W,0,0,0,0,0,0,0,0,0,0,0,0,2,0.0,13,10:05,2,1,0,6,0.0
227,2016-02-29,53,27-349,PHI,,CGY,W,0,0,0,0,0,0,0,0,0,0,0,0,1,0.0,16,12:13,1,2,2,4,33.3
228,2016-03-03,54,27-352,PHI,,EDM,L,0,0,0,0,0,0,0,0,0,0,0,0,2,0.0,19,14:51,7,0,2,0,100.0
229,2016-03-05,55,27-354,PHI,,CBJ,W,0,0,0,1,0,0,0,0,0,0,0,0,2,0.0,20,16:33,3,1,0,3,0.0
230,2016-03-07,56,27-356,PHI,,TBL,W,0,0,0,-1,0,0,0,0,0,0,0,0,1,0.0,16,11:32,3,0,2,2,50.0
231,2016-03-11,57,27-360,PHI,@,TBL,W,0,0,0,0,0,0,0,0,0,0,0,0,1,0.0,16,11:37,2,0,1,1,50.0
232,2016-03-12,58,27-361,PHI,@,FLA,L-SO,1,0,1,-1,0,0,1,0,0,0,0,0,1,100.0,16,12:25,2,0,4,2,66.7
233,2016-03-15,59,27-364,PHI,,DET,W,0,0,0,1,0,0,0,0,0,0,0,0,2,0.0,19,13:30,9,1,3,3,50.0
234,2016-03-16,60,27-365,PHI,@,CHI,W,1,0,1,0,0,0,1,0,0,0,0,0,2,50.0,16,11:38,2,0,3,3,50.0
235,2016-03-19,61,28-002,PHI,,PIT,L,0,0,0,-3,0,0,0,0,0,0,0,0,1,0.0,13,9:24,1,0,1,1,50.0
236,2016-03-21,62,28-004,PHI,@,NYI,W,0,0,0,0,0,0,0,0,0,0,0,0,2,0.0,15,12:07,2,0,3,2,60.0
237,2016-03-22,63,28-005,PHI,@,CBJ,L-SO,1,0,1,0,2,0,1,0,0,0,0,0,2,50.0,19,11:47,3,1,4,2,66.7
238,2016-03-24,64,28-007,PHI,@,COL,W,1,0,1,1,0,1,0,0,0,0,0,0,2,50.0,18,12:38,2,0,1,3,25.0
239,2016-03-26,65,28-009,PHI,@,ARI,L,0,0,0,0,12,0,0,0,0,0,0,0,2,0.0,13,11:56,1,0,2,2,50.0
240,2016-03-28,66,28-011,PHI,,WPG,W,0,0,0,-1,0,0,0,0,0,0,0,0,1,0.0,18,13:09,2,0,4,0,100.0
241,2016-03-30,67,28-013,PHI,,WSH,W,0,0,0,0,2,0,0,0,0,0,0,0,1,0.0,17,13:30,3,1,1,3,25.0
242,2016-04-02,68,28-016,PHI,,OTT,W,0,0,0,-1,0,0,0,0,0,0,0,0,1,0.0,15,12:16,2,1,1,2,33.3
243,2016-04-03,69,28-017,PHI,@,PIT,L,0,0,0,-1,0,0,0,0,0,0,0,0,4,0.0,15,11:22,5,0,5,1,83.3
244,2016-04-06,70,28-020,PHI,@,DET,L,0,0,0,0,0,0,0,0,0,0,0,0,0,,12,8:04,2,0,4,2,66.7
245,2016-04-07,71,28-021,PHI,,TOR,L-OT,0,0,0,1,0,0,0,0,0,0,0,0,1,0.0,20,13:32,6,1,1,3,25.0
246,2016-04-09,72,28-023,PHI,,PIT,W,0,0,0,1,0,0,0,0,0,0,0,0,3,0.0,22,14:25,2,0,1,3,25.0
247,2016-04-10,73,28-024,PHI,@,NYI,W,0,0,0,-2,0,0,0,0,0,0,0,0,0,,15,13:43,0,0,2,3,40.0
248,2016-10-15,1,28-212,ARI,,PHI,W,0,0,0,-1,0,0,0,0,0,0,0,0,1,0.0,13,10:25,5,2,0,1,0.0
249,2016-10-18,2,28-215,ARI,@,OTT,L,0,0,0,-1,2,0,0,0,0,0,0,0,1,0.0,14,11:39,3,0,0,2,0.0
250,2016-10-20,3,28-217,ARI,@,MTL,L,0,0,0,-1,4,0,0,0,0,0,0,0,0,,14,10:10,3,0,0,1,0.0
251,2016-10-23,4,28-220,ARI,@,NYR,L,0,0,0,0,0,0,0,0,0,0,0,0,2,0.0,12,10:22,2,0,1,2,33.3
252,2016-10-25,5,28-222,ARI,@,NJD,L,0,0,0,0,0,0,0,0,0,0,0,0,1,0.0,15,10:32,2,0,0,0,
253,2016-10-27,6,28-224,ARI,@,PHI,W,1,0,1,1,4,1,0,0,1,0,0,0,3,33.3,13,8:09,4,1,0,0,
254,2016-10-29,7,28-226,ARI,,COL,L,0,0,0,0,0,0,0,0,0,0,0,0,0,,12,10:35,5,0,0,1,0.0
255,2016-11-01,8,28-229,ARI,,SJS,W,0,1,1,1,5,0,0,0,0,1,0,0,2,0.0,16,8:34,2,0,0,0,
256,2016-11-03,9,28-231,ARI,,NSH,W,0,1,1,0,0,0,0,0,0,1,0,0,1,0.0,13,9:44,1,0,0,0,
257,2016-11-04,10,28-232,ARI,@,ANA,L,0,0,0,-1,0,0,0,0,0,0,0,0,1,0.0,19,14:02,3,0,1,1,50.0
258,2016-11-08,11,28-236,ARI,@,COL,W,0,0,0,-1,5,0,0,0,0,0,0,0,0,,15,11:34,3,3,1,4,20.0
259,2016-11-10,12,28-238,ARI,,WPG,L,0,0,0,-1,0,0,0,0,0,0,0,0,0,,15,10:34,8,0,0,0,
260,2016-11-12,13,28-240,ARI,,BOS,L,0,0,0,0,0,0,0,0,0,0,0,0,1,0.0,14,10:51,4,0,3,4,42.9
261,2016-11-16,14,28-244,ARI,@,CGY,L-OT,0,0,0,-1,0,0,0,0,0,0,0,0,0,,15,9:50,1,0,0,1,0.0
262,2016-11-17,15,28-245,ARI,@,VAN,L-OT,0,0,0,0,0,0,0,0,0,0,0,0,0,,19,11:31,4,0,0,0,
263,2016-11-19,16,28-247,ARI,,SJS,W,0,0,0,0,5,0,0,0,0,0,0,0,0,,14,9:11,1,1,2,1,66.7
264,2016-11-23,17,28-251,ARI,,VAN,L,0,0,0,0,0,0,0,0,0,0,0,0,1,0.0,16,10:50,5,0,1,2,33.3
265,2016-11-25,18,28-253,ARI,,EDM,W,0,0,0,0,0,0,0,0,0,0,0,0,2,0.0,18,12:05,3,0,3,4,42.9
266,2016-11-27,19,28-255,ARI,@,EDM,W,0,0,0,0,0,0,0,0,0,0,0,0,0,,16,10:17,3,0,3,2,60.0
267,2016-11-29,20,28-257,ARI,@,SJS,L-OT,0,0,0,0,10,0,0,0,0,0,0,0,0,,16,10:34,1,2,1,2,33.3
268,2016-12-01,21,28-259,ARI,,LAK,L,0,0,0,0,2,0,0,0,0,0,0,0,1,0.0,16,11:12,5,1,2,0,100.0
269,2016-12-03,22,28-261,ARI,,CBJ,L-SO,0,0,0,-1,0,0,0,0,0,0,0,0,2,0.0,15,11:14,1,0,1,2,33.3
270,2016-12-05,23,28-263,ARI,@,CBJ,L,0,0,0,0,2,0,0,0,0,0,0,0,1,0.0,14,9:07,1,0,0,0,
271,2016-12-06,24,28-264,ARI,@,CHI,L,0,0,0,-1,0,0,0,0,0,0,0,0,0,,15,11:35,4,3,4,7,36.4
272,2016-12-08,25,28-266,ARI,,CGY,L-OT,0,0,0,0,19,0,0,0,0,0,0,0,0,,9,5:20,3,0,4,3,57.1
273,2016-12-10,26,28-268,ARI,,NSH,W,0,1,1,1,0,0,0,0,0,1,0,0,0,,16,10:59,4,1,2,3,40.0
274,2016-12-12,27,28-270,ARI,@,PIT,L,0,0,0,-1,2,0,0,0,0,0,0,0,1,0.0,19,10:43,4,0,0,0,
275,2016-12-15,28,28-273,ARI,@,TOR,W,0,0,0,0,0,0,0,0,0,0,0,0,0,,13,9:21,1,0,4,2,66.7
276,2016-12-19,29,28-277,ARI,,CGY,L,1,0,1,2,0,1,0,0,0,0,0,0,1,100.0,15,12:06,3,2,1,0,100.0
277,2016-12-21,30,28-279,ARI,,EDM,L,0,0,0,-2,0,0,0,0,0,0,0,0,0,,17,13:43,9,2,1,1,50.0
278,2017-01-19,31,28-308,ARI,@,MIN,L,0,0,0,0,0,0,0,0,0,0,0,0,0,,13,9:54,3,0,0,0,
279,2017-01-21,32,28-310,ARI,,TBL,W,0,0,0,0,10,0,0,0,0,0,0,0,0,,11,10:11,3,0,0,0,
280,2017-01-23,33,28-312,ARI,,FLA,W,1,0,1,-1,0,1,0,0,0,0,0,0,2,50.0,14,9:40,4,1,0,0,
281,2017-01-26,34,28-315,ARI,,VAN,W,0,1,1,1,0,0,0,0,0,1,0,0,4,0.0,19,13:40,3,1,0,0,
282,2017-01-31,35,28-320,ARI,,LAK,L,1,0,1,1,0,1,0,0,0,0,0,0,2,50.0,16,12:48,6,0,0,0,
283,2017-02-02,36,28-322,ARI,,CHI,L,0,0,0,-1,0,0,0,0,0,0,0,0,2,0.0,12,8:48,3,0,0,0,
284,2017-02-04,37,28-324,ARI,@,SJS,W,1,0,1,1,0,1,0,0,0,0,0,0,1,100.0,15,10:33,1,1,0,0,
285,2017-02-09,38,28-329,ARI,,MTL,L-OT,0,0,0,-1,0,0,0,0,0,0,0,0,0,,18,12:09,4,0,0,0,
286,2017-02-11,39,28-331,ARI,,PIT,W,0,0,0,0,0,0,0,0,0,0,0,0,1,0.0,13,7:55,1,0,0,0,
287,2017-02-13,40,28-333,ARI,@,CGY,W,1,1,2,2,0,1,0,0,0,1,0,0,2,50.0,17,12:12,1,0,0,0,
288,2017-02-14,41,28-334,ARI,@,EDM,L,0,0,0,0,0,0,0,0,0,0,0,0,0,,13,10:19,1,0,0,0,
289,2017-02-16,42,28-336,ARI,@,LAK,W,0,0,0,-2,0,0,0,0,0,0,0,0,1,0.0,13,10:21,3,1,0,0,
290,2017-02-18,43,28-338,ARI,,SJS,L,0,0,0,-1,0,0,0,0,0,0,0,0,2,0.0,19,14:51,3,1,0,0,
291,2017-02-20,44,28-340,ARI,,ANA,W,0,1,1,1,0,0,0,0,0,1,0,0,2,0.0,19,17:20,3,0,0,0,
292,2017-02-23,45,28-343,ARI,@,CHI,L,1,0,1,1,0,1,0,0,0,0,0,0,2,50.0,16,12:44,1,1,0,0,
293,2017-02-24,46,28-344,ARI,@,DAL,L,0,0,0,-2,0,0,0,0,0,0,0,0,0,,20,13:30,0,2,0,0,
294,2017-02-27,47,28-347,MIN,,LAK,W,1,1,2,0,0,1,0,0,0,1,0,0,1,100.0,15,9:58,0,1,0,0,
295,2017-02-28,48,28-348,MIN,@,WPG,W,1,0,1,1,0,1,0,0,0,0,0,0,2,50.0,10,7:51,2,0,0,0,
296,2017-03-02,49,28-350,MIN,@,CBJ,L,0,0,0,0,0,0,0,0,0,0,0,0,0,,12,6:55,3,1,0,0,
297,2017-03-05,50,28-353,MIN,,SJS,W,0,0,0,0,0,0,0,0,0,0,0,0,2,0.0,12,9:00,2,0,0,0,
298,2017-03-07,51,28-355,MIN,,STL,L,0,0,0,-1,0,0,0,0,0,0,0,0,1,0.0,14,10:24,4,0,0,0,
299,2017-03-09,52,28-357,MIN,@,TBL,L,0,0,0,-1,0,0,0,0,0,0,0,0,2,0.0,13,11:12,5,1,0,1,0.0
300,2017-03-10,53,28-358,MIN,@,FLA,W,0,0,0,0,0,0,0,0,0,0,0,0,0,,12,9:01,2,0,2,2,50.0
301,2017-03-12,54,28-360,MIN,@,CHI,L,0,0,0,-1,0,0,0,0,0,0,0,0,0,,11,8:53,2,0,0,0,
302,2017-03-14,55,28-362,MIN,@,WSH,L,0,0,0,0,5,0,0,0,0,0,0,0,2,0.0,14,9:37,2,0,0,0,
303,2017-03-16,56,28-364,MIN,@,CAR,L,0,0,0,0,2,0,0,0,0,0,0,0,0,,11,9:03,2,0,0,0,
304,2017-03-19,57,29-002,MIN,@,WPG,L,0,0,0,-1,0,0,0,0,0,0,0,0,1,0.0,15,11:44,3,1,2,0,100.0
305,2017-03-25,58,29-008,MIN,,VAN,L,0,0,0,-2,0,0,0,0,0,0,0,0,0,,12,9:24,1,0,0,1,0.0
306,2017-03-26,59,29-009,MIN,@,DET,L-OT,0,0,0,0,0,0,0,0,0,0,0,0,0,,11,9:14,5,0,0,0,
307,2017-03-28,60,29-011,MIN,,WSH,L-OT,0,0,0,-1,0,0,0,0,0,0,0,0,1,0.0,10,5:58,3,0,0,0,
308,2017-03-30,61,29-013,MIN,,OTT,W,0,0,0,0,0,0,0,0,0,0,0,0,1,0.0,17,13:14,4,0,0,0,
309,2017-04-01,62,29-015,MIN,@,NSH,L,0,0,0,0,0,0,0,0,0,0,0,0,0,,15,12:13,5,2,0,2,0.0
310,2017-04-04,63,29-018,MIN,,CAR,W,0,0,0,1,0,0,0,0,0,0,0,0,1,0.0,16,10:40,1,0,0,0,
311,2017-04-06,64,29-020,MIN,@,COL,W,0,0,0,-2,7,0,0,0,0,0,0,0,2,0.0,14,10:13,0,1,0,0,
312,2017-04-08,65,29-022,MIN,@,ARI,W,0,0,0,-1,0,0,0,0,0,0,0,0,1,0.0,18,14:28,3,0,0,0,
