,date_game,game_season,age,team_id,game_location,opp_id,game_result,goals,assists,points,plus_minus,pen_min,goals_ev,goals_pp,goals_sh,goals_gw,assists_ev,assists_pp,assists_sh,shots,shot_pct,shifts,time_on_ice,hits_all,blocks_all,faceoff_wins_all,faceoff_losses_all,faceoff_percentage_all
0,2006-10-11,1,20-032,PHX,@,DET,L,0,0,0,0,0,0,0,0,0,,,,1,0.0,22,19:57,,,,,
1,2006-10-14,2,20-035,PHX,@,NSH,L,0,1,1,0,0,0,0,0,0,,,,4,0.0,28,24:12,,,,,
2,2006-10-17,3,20-038,PHX,@,STL,W,0,0,0,1,4,0,0,0,0,,,,1,0.0,32,22:15,,,,,
3,2006-10-19,4,20-040,PHX,,LAK,L,0,0,0,0,4,0,0,0,0,,,,3,0.0,33,23:28,,,,,
4,2006-10-21,5,20-042,PHX,,DAL,L,0,0,0,-1,0,0,0,0,0,,,,1,0.0,24,18:39,,,,,
5,2006-10-23,6,20-044,PHX,@,EDM,L,0,1,1,0,0,0,0,0,0,,,,0,,22,18:09,,,,,
6,2006-10-24,7,20-045,PHX,@,CGY,L,0,0,0,0,0,0,0,0,0,,,,0,,19,14:33,,,,,
7,2007-12-16,1,21-098,PHX,@,NYR,W,0,0,0,1,0,0,0,0,0,,,,1,0.0,20,16:08,0,1,0,0,
8,2007-12-18,2,21-100,PHX,@,PHI,W,1,0,1,1,0,1,0,0,0,,,,5,20.0,18,11:35,0,1,0,0,
9,2007-12-20,3,21-102,PHX,@,SJS,W,0,0,0,-1,0,0,0,0,0,,,,2,0.0,16,8:43,0,0,0,0,
10,2007-12-22,4,21-104,PHX,,VAN,L-SO,0,0,0,0,0,0,0,0,0,,,,1,0.0,19,12:58,1,0,0,0,
11,2007-12-27,5,21-109,PHX,,MIN,L,0,1,1,0,0,0,0,0,0,,,,0,,17,12:26,1,1,0,0,
12,2007-12-31,6,21-113,PHX,,COL,W,0,0,0,-1,0,0,0,0,0,,,,1,0.0,17,12:13,0,0,0,0,
13,2008-01-02,7,21-115,PHX,@,COL,W,0,1,1,0,0,0,0,0,0,,,,2,0.0,13,6:52,0,0,0,0,
14,2008-01-08,8,21-121,PHX,@,CGY,W,1,0,1,1,0,0,1,0,0,,,,1,100.0,17,10:18,0,2,0,0,
15,2008-01-10,9,21-123,PHX,@,EDM,L,0,0,0,0,0,0,0,0,0,,,,0,,23,17:20,0,2,0,0,
16,2008-01-11,10,21-124,PHX,@,VAN,W,1,0,1,0,0,0,1,0,0,,,,4,25.0,21,15:00,0,1,0,0,
17,2008-01-13,11,21-126,PHX,@,MIN,L,0,0,0,-2,0,0,0,0,0,,,,2,0.0,25,16:42,0,0,0,0,
18,2008-01-15,12,21-128,PHX,,SJS,W,0,0,0,0,0,0,0,0,0,,,,0,,22,15:25,0,0,0,0,
19,2008-01-17,13,21-130,PHX,,CBJ,L,0,0,0,0,0,0,0,0,0,,,,0,,14,13:03,1,3,0,0,
20,2008-01-19,14,21-132,PHX,,CHI,L-SO,0,0,0,0,0,0,0,0,0,,,,3,0.0,17,11:20,1,1,0,0,
21,2008-01-21,15,21-134,PHX,,BUF,W,0,1,1,0,2,0,0,0,0,,,,1,0.0,22,15:27,1,1,0,0,
22,2008-01-24,16,21-137,PHX,,NSH,W,0,0,0,0,0,0,0,0,0,,,,0,,20,13:54,0,1,0,0,
23,2008-02-02,17,21-146,PHX,@,NSH,L-OT,0,0,0,-1,0,0,0,0,0,,,,3,0.0,18,9:23,0,0,0,0,
24,2008-02-04,18,21-148,PHX,@,COL,W,0,0,0,1,0,0,0,0,0,,,,1,0.0,23,14:44,0,0,0,0,
25,2008-02-05,19,21-149,PHX,@,CGY,L-SO,0,0,0,1,0,0,0,0,0,,,,1,0.0,16,9:52,0,0,0,0,
26,2008-02-07,20,21-151,PHX,,CBJ,L,0,0,0,0,0,0,0,0,0,,,,0,,20,12:10,0,1,0,0,
27,2008-02-10,21,21-154,PHX,,NSH,L,0,0,0,-1,0,0,0,0,0,,,,4,0.0,27,15:56,1,0,0,0,
28,2008-02-11,22,21-155,PHX,@,DAL,L,0,0,0,0,0,0,0,0,0,,,,0,,15,11:23,0,0,0,0,
29,2008-02-14,23,21-158,PHX,,DAL,W,0,0,0,0,0,0,0,0,0,,,,1,0.0,19,14:27,0,1,0,0,
30,2008-02-16,24,21-160,PHX,,LAK,W,0,0,0,-2,0,0,0,0,0,,,,0,,14,11:20,0,0,0,0,
31,2008-02-18,25,21-162,PHX,@,LAK,W,0,0,0,0,0,0,0,0,0,,,,1,0.0,22,17:13,0,0,0,0,
32,2008-02-19,26,21-163,PHX,,CGY,L,0,0,0,-1,0,0,0,0,0,,,,5,0.0,23,14:30,0,4,0,0,
33,2008-02-22,27,21-166,PHX,,COL,L-SO,0,0,0,0,2,0,0,0,0,,,,1,0.0,20,15:15,0,2,0,0,
34,2008-02-24,28,21-168,PHX,,STL,W,0,0,0,0,4,0,0,0,0,,,,0,,14,10:58,0,0,0,0,
35,2008-02-27,29,21-171,PHX,@,CHI,L,0,0,0,0,0,0,0,0,0,,,,0,,24,14:17,0,,,,
36,2008-02-28,30,21-172,PHX,@,STL,W,0,1,1,-1,0,0,0,0,0,,,,2,0.0,18,11:15,0,0,0,0,
37,2008-03-05,31,21-178,PHX,@,DAL,W,0,0,0,0,0,0,0,0,0,,,,1,0.0,17,9:25,0,2,0,0,
38,2008-03-06,32,21-179,PHX,,MTL,L,0,0,0,0,0,0,0,0,0,,,,1,0.0,23,16:45,0,1,0,0,
39,2008-03-08,33,21-181,PHX,,OTT,L,0,1,1,-1,0,0,0,0,0,,,,1,0.0,23,17:28,0,1,0,0,
40,2008-03-11,34,21-184,PHX,,ANA,W,1,0,1,-1,0,0,1,0,0,,,,2,50.0,25,13:55,1,2,0,0,
41,2008-03-13,35,21-186,PHX,,VAN,W,0,0,0,0,2,0,0,0,0,,,,5,0.0,18,13:04,2,0,0,0,
42,2008-03-15,36,21-188,PHX,,EDM,L,0,1,1,-2,0,0,0,0,0,,,,3,0.0,18,13:47,2,0,0,0,
43,2008-03-17,37,21-190,PHX,@,VAN,L,0,0,0,0,0,0,0,0,0,,,,2,0.0,21,15:07,0,0,0,0,
44,2008-03-20,38,21-193,PHX,,LAK,L-SO,1,1,2,0,2,0,1,0,0,,,,6,16.7,26,22:12,0,0,0,0,
45,2008-03-22,39,21-195,PHX,,ANA,L,0,0,0,0,0,0,0,0,0,,,,1,0.0,20,15:32,1,1,0,0,
46,2008-03-25,40,21-198,PHX,,SJS,W,0,0,0,0,0,0,0,0,0,,,,4,0.0,28,24:22,1,0,0,0,
47,2008-03-27,41,21-200,PHX,@,LAK,L,0,0,0,-2,0,0,0,0,0,,,,3,0.0,28,16:59,0,2,0,0,
48,2008-03-30,42,21-203,PHX,@,SJS,L,0,0,0,-1,0,0,0,0,0,,,,1,0.0,24,15:35,0,1,0,0,
49,2008-04-03,43,21-207,PHX,,DAL,L,0,0,0,0,2,0,0,0,0,,,,0,,26,18:51,0,1,0,0,
50,2008-10-11,1,22-032,PHX,,CBJ,W,1,0,1,1,6,1,0,0,0,,,,4,25.0,22,13:55,0,3,0,0,
51,2008-10-12,2,22-033,PHX,@,ANA,W,0,1,1,-1,2,0,0,0,0,,,,1,0.0,23,13:49,0,2,0,0,
52,2008-10-15,3,22-036,PHX,@,CHI,L,0,0,0,-3,0,0,0,0,0,,,,1,0.0,25,17:03,0,1,0,0,
53,2008-10-17,4,22-038,PHX,@,OTT,L,0,1,1,-1,0,0,0,0,0,,,,1,0.0,23,16:04,0,1,0,0,
54,2008-10-18,5,22-039,PHX,@,MTL,L,0,0,0,-1,0,0,0,0,0,,,,3,0.0,23,16:35,2,1,0,0,
55,2008-10-23,6,22-044,PHX,,WSH,W,0,1,1,1,2,0,0,0,0,,,,1,0.0,16,11:25,0,0,0,0,
56,2008-10-25,7,22-046,PHX,,CGY,L,0,0,0,1,0,0,0,0,0,,,,2,0.0,23,17:25,1,1,0,0,
57,2008-11-08,8,22-060,PHX,,FLA,W,0,2,2,2,0,0,0,0,0,,,,4,0.0,23,16:18,1,2,0,0,
58,2008-11-09,9,22-061,PHX,,SJS,W,0,0,0,0,0,0,0,0,0,,,,0,,19,11:39,0,2,0,0,
59,2008-11-12,10,22-064,PHX,@,CBJ,W,0,1,1,2,0,0,0,0,0,,,,1,0.0,28,16:43,0,0,0,0,
60,2008-11-13,11,22-065,PHX,@,MIN,L,0,0,0,0,7,0,0,0,0,,,,1,0.0,21,13:53,0,1,0,0,
61,2008-11-15,12,22-067,PHX,,DAL,L,0,1,1,1,0,0,0,0,0,,,,1,0.0,22,17:18,3,1,0,0,
62,2008-11-18,13,22-070,PHX,,CHI,L-SO,0,1,1,0,2,0,0,0,0,,,,4,0.0,25,18:27,0,1,0,0,
63,2008-11-21,14,22-073,PHX,@,CAR,L,0,1,1,-1,0,0,0,0,0,,,,1,0.0,30,22:08,1,1,0,0,
64,2008-11-22,15,22-074,PHX,@,PHI,L-OT,0,0,0,-2,0,0,0,0,0,,,,2,0.0,24,16:41,0,0,0,0,
65,2008-11-24,16,22-076,PHX,@,NYR,L,0,0,0,0,0,0,0,0,0,,,,1,0.0,30,22:36,0,2,0,0,
66,2008-11-26,17,22-078,PHX,@,CBJ,W,0,1,1,-1,2,0,0,0,0,,,,2,0.0,19,10:39,0,0,0,0,
67,2008-11-28,18,22-080,PHX,,COL,W,0,1,1,1,0,0,0,0,0,,,,1,0.0,27,18:44,1,2,0,0,
68,2008-11-29,19,22-081,PHX,,SJS,L,0,0,0,0,0,0,0,0,0,,,,1,0.0,26,20:25,1,1,0,0,
69,2008-12-02,20,22-084,PHX,,LAK,W,0,1,1,1,0,0,0,0,0,,,,1,0.0,20,16:54,1,0,0,0,
70,2008-12-04,21,22-086,PHX,,TOR,W,0,0,0,1,0,0,0,0,0,,,,1,0.0,24,17:37,0,0,0,0,
71,2008-12-06,22,22-088,PHX,@,STL,L,0,1,1,0,0,0,0,0,0,,,,3,0.0,28,23:59,0,0,0,0,
72,2008-12-07,23,22-089,PHX,@,CHI,L,0,1,1,-1,0,0,0,0,0,,,,0,,32,22:53,1,0,0,0,
73,2008-12-10,24,22-092,PHX,@,DAL,W,0,0,0,0,0,0,0,0,0,,,,2,0.0,22,13:25,0,0,0,0,
74,2008-12-11,25,22-093,PHX,,MIN,W,0,0,0,1,0,0,0,0,0,,,,0,,20,15:00,2,1,0,0,
75,2008-12-13,26,22-095,PHX,,DET,L-SO,0,0,0,0,0,0,0,0,0,,,,3,0.0,27,20:12,0,2,0,0,
76,2008-12-16,27,22-098,PHX,@,DAL,L-OT,0,0,0,0,2,0,0,0,0,,,,0,,22,19:02,0,3,0,0,
77,2008-12-18,28,22-100,PHX,,NSH,W,0,0,0,1,0,0,0,0,0,,,,2,0.0,16,12:33,0,0,0,0,
78,2008-12-20,29,22-102,PHX,,CBJ,W,0,0,0,1,0,0,0,0,0,,,,1,0.0,21,13:27,1,1,0,0,
79,2008-12-22,30,22-104,PHX,@,EDM,L,0,0,0,0,0,0,0,0,0,,,,1,0.0,16,13:16,1,0,0,0,
80,2008-12-26,31,22-108,PHX,@,LAK,W,0,0,0,0,0,0,0,0,0,,,,3,0.0,19,10:57,1,0,0,0,
81,2008-12-27,32,22-109,PHX,,LAK,L,0,0,0,0,0,0,0,0,0,,,,2,0.0,22,15:40,2,0,0,0,
82,2009-01-06,33,22-119,PHX,,CHI,L,0,0,0,-2,0,0,0,0,0,,,,1,0.0,15,14:03,0,0,0,0,
83,2009-01-08,34,22-121,PHX,,TBL,W,0,0,0,0,0,0,0,0,0,,,,0,,16,9:11,0,1,0,0,
84,2009-01-13,35,22-126,PHX,@,MIN,L,0,0,0,-2,0,0,0,0,0,,,,2,0.0,19,16:27,0,0,0,0,
85,2009-01-15,36,22-128,PHX,@,VAN,W,1,1,2,1,0,1,0,0,0,,,,1,100.0,21,11:57,0,4,0,0,
86,2009-01-17,37,22-130,PHX,@,CGY,W,0,0,0,1,0,0,0,0,0,,,,0,,20,12:06,0,3,0,0,
87,2009-01-18,38,22-131,PHX,@,EDM,L,1,0,1,-1,0,1,0,0,0,,,,5,20.0,23,15:50,1,1,0,0,
88,2009-01-20,39,22-133,PHX,,DET,W,1,0,1,0,0,0,1,0,0,,,,1,100.0,20,14:16,0,1,0,0,
89,2009-01-27,40,22-140,PHX,,ANA,L,0,1,1,-2,0,0,0,0,0,,,,2,0.0,23,19:34,0,1,0,0,
90,2009-01-29,41,22-142,PHX,@,SJS,L,0,0,0,-1,0,0,0,0,0,,,,2,0.0,20,13:46,1,0,0,0,
91,2009-01-31,42,22-144,PHX,,BUF,L,0,0,0,0,0,0,0,0,0,,,,0,,24,17:04,0,2,0,0,
92,2009-02-03,43,22-147,PHX,@,NSH,L,0,1,1,1,2,0,0,0,0,,,,3,0.0,26,17:50,2,0,0,0,
93,2009-02-04,44,22-148,PHX,@,DET,L,0,2,2,1,0,0,0,0,0,,,,0,,27,20:13,0,1,0,0,
94,2009-02-07,45,22-151,PHX,,CAR,L,0,0,0,-1,0,0,0,0,0,,,,0,,23,14:22,1,0,0,0,
95,2009-02-11,46,22-155,PHX,@,DAL,W,0,0,0,1,0,0,0,0,0,,,,2,0.0,28,16:34,0,1,0,0,
96,2009-02-12,47,22-156,PHX,,VAN,L,0,0,0,0,0,0,0,0,0,,,,2,0.0,25,16:56,1,2,0,0,
97,2009-02-14,48,22-158,PHX,,CGY,L,0,1,1,-1,0,0,0,0,0,,,,3,0.0,30,21:52,1,0,0,0,
98,2009-02-16,49,22-160,PHX,,EDM,L,0,0,0,0,2,0,0,0,0,,,,2,0.0,24,18:08,1,0,0,0,
99,2009-02-19,50,22-163,PHX,,ATL,W,0,1,1,1,0,0,0,0,0,,,,5,0.0,28,18:41,1,0,0,0,
100,2009-02-28,51,22-172,PHX,,STL,L,0,1,1,-1,2,0,0,0,0,,,,2,0.0,23,16:04,0,0,0,0,
101,2009-03-05,52,22-177,PHX,@,BOS,W,0,0,0,0,0,0,0,0,0,,,,0,,23,14:02,0,1,0,0,
102,2009-03-06,53,22-178,PHX,@,BUF,L,0,0,0,0,2,0,0,0,0,,,,2,0.0,28,17:39,0,0,0,0,
103,2009-03-08,54,22-180,PHX,@,NYI,L,0,0,0,0,0,0,0,0,0,,,,2,0.0,23,17:30,2,0,0,0,
104,2009-03-10,55,22-182,PHX,@,DET,L-OT,0,0,0,1,0,0,0,0,0,,,,1,0.0,33,20:17,0,1,0,0,
105,2009-03-12,56,22-184,PHX,@,NJD,L,0,0,0,-1,0,0,0,0,0,,,,5,0.0,23,17:18,2,1,0,0,
106,2009-03-14,57,22-186,PHX,,NSH,L,0,0,0,0,0,0,0,0,0,,,,3,0.0,22,17:56,1,1,0,0,
107,2009-03-17,58,22-189,PHX,,SJS,W,0,0,0,0,2,0,0,0,0,,,,1,0.0,22,17:30,2,3,0,0,
108,2009-03-19,59,22-191,PHX,,ANA,L-SO,0,0,0,0,0,0,0,0,0,,,,2,0.0,23,16:39,2,0,0,0,
109,2009-03-21,60,22-193,PHX,,VAN,W,0,1,1,0,0,0,0,0,0,,,,0,,21,14:43,0,,,,
110,2009-03-26,61,22-198,PHX,,EDM,W,0,0,0,1,0,0,0,0,0,,,,1,0.0,19,14:32,1,0,0,0,
111,2009-03-28,62,22-200,PHX,@,SJS,L,0,0,0,-1,0,0,0,0,0,,,,2,0.0,28,19:38,1,0,0,0,
112,2009-03-30,63,22-202,PHX,,DAL,W,0,0,0,0,2,0,0,0,0,,,,3,0.0,21,17:59,1,1,0,0,
113,2009-04-01,64,22-204,PHX,@,COL,W,0,0,0,1,0,0,0,0,0,,,,2,0.0,25,20:10,0,3,0,0,
114,2009-04-02,65,22-205,PHX,,LAK,W,0,0,0,-1,0,0,0,0,0,,,,1,0.0,23,20:06,1,2,0,0,
115,2009-04-04,66,22-207,PHX,@,LAK,L,0,0,0,0,2,0,0,0,0,,,,5,0.0,23,16:42,1,2,0,0,
116,2009-04-07,67,22-210,PHX,,STL,L,0,1,1,0,0,0,0,0,0,,,,1,0.0,23,20:09,0,1,0,0,
117,2009-04-09,68,22-212,PHX,@,SJS,W,0,0,0,-1,0,0,0,0,0,,,,0,,24,16:06,3,1,0,0,
118,2009-04-11,69,22-214,PHX,,ANA,W,0,2,2,-1,0,0,0,0,0,,,,3,0.0,25,16:07,1,0,0,0,
119,2009-10-03,1,23-024,PHX,@,LAK,W,0,0,0,0,2,0,0,0,0,,,,0,,17,14:13,0,0,0,0,
120,2009-10-07,2,23-028,PHX,@,PIT,W,0,0,0,0,0,0,0,0,0,,,,0,,22,19:55,0,1,0,0,
121,2009-10-08,3,23-029,PHX,@,BUF,L,0,0,0,-1,0,0,0,0,0,,,,0,,19,12:39,0,1,0,0,
122,2009-10-10,4,23-031,PHX,,CBJ,L,0,0,0,-1,2,0,0,0,0,,,,1,0.0,23,19:16,0,0,0,0,
123,2009-10-12,5,23-033,PHX,@,SJS,W,0,0,0,0,0,0,0,0,0,,,,1,0.0,24,18:00,0,1,0,0,
124,2009-10-15,6,23-036,PHX,,STL,W,0,0,0,-1,0,0,0,0,0,,,,0,,22,19:33,0,0,0,0,
125,2009-10-17,7,23-038,PHX,,BOS,W,1,1,2,0,0,0,1,0,0,,,,1,100.0,25,19:35,0,1,0,0,
126,2009-10-22,8,23-043,PHX,,DET,W,0,0,0,0,0,0,0,0,0,,,,3,0.0,24,20:04,0,0,0,0,
127,2009-10-24,9,23-045,PHX,,LAK,L,0,0,0,-1,0,0,0,0,0,,,,4,0.0,21,15:00,1,0,0,0,
128,2009-10-26,10,23-047,PHX,@,NYR,L,0,0,0,0,0,0,0,0,0,,,,3,0.0,20,16:25,0,1,0,0,
129,2009-10-28,11,23-049,PHX,@,CBJ,W,0,3,3,0,0,0,0,0,0,,,,1,0.0,22,13:06,1,0,0,0,
130,2009-10-29,12,23-050,PHX,@,STL,W,0,0,0,1,0,0,0,0,0,,,,3,0.0,22,14:34,0,0,0,0,
131,2009-10-31,13,23-052,PHX,,ANA,W,0,0,0,1,17,0,0,0,0,,,,2,0.0,19,14:18,0,0,0,0,
132,2009-11-02,14,23-054,PHX,,LAK,L,0,0,0,0,0,0,0,0,0,,,,0,,22,21:23,0,0,0,0,
133,2009-11-04,15,23-056,PHX,@,COL,L,0,0,0,0,2,0,0,0,0,,,,0,,14,10:41,0,1,0,0,
134,2009-11-05,16,23-057,PHX,,CHI,W,0,0,0,2,0,0,0,0,0,,,,4,0.0,26,20:45,0,0,0,0,
135,2009-11-07,17,23-059,PHX,@,ANA,L,1,0,1,2,0,1,0,0,0,,,,1,100.0,31,21:23,1,0,0,0,
136,2009-11-12,18,23-064,PHX,,MTL,L,0,0,0,0,0,0,0,0,0,,,,2,0.0,29,21:01,3,1,0,0,
137,2009-11-14,19,23-066,PHX,,DAL,W,0,2,2,3,0,0,0,0,0,,,,0,,30,22:49,1,2,0,0,
138,2009-11-16,20,23-068,PHX,,TBL,L,0,0,0,-1,0,0,0,0,0,,,,1,0.0,35,27:11,1,1,0,0,
139,2009-11-18,21,23-070,PHX,@,MIN,W,0,1,1,1,0,0,0,0,0,,,,2,0.0,31,24:41,0,1,0,0,
140,2009-11-19,22,23-071,PHX,@,STL,L-OT,0,0,0,-1,2,0,0,0,0,,,,0,,30,25:01,0,3,0,0,
141,2009-11-21,23,23-073,PHX,,PHI,W,1,0,1,0,0,0,1,0,1,,,,1,100.0,33,26:28,1,1,0,0,
142,2009-11-23,24,23-075,PHX,@,EDM,L,0,0,0,-1,0,0,0,0,0,,,,0,,30,24:29,0,0,0,0,
143,2009-11-25,25,23-077,PHX,@,CGY,L,1,0,1,-1,0,0,1,0,0,,,,2,50.0,29,20:59,0,1,0,0,
144,2009-11-27,26,23-079,PHX,,DAL,W,0,0,0,1,0,0,0,0,0,,,,1,0.0,30,24:21,1,2,0,0,
145,2009-11-29,27,23-081,PHX,@,ANA,W,0,0,0,0,0,0,0,0,0,,,,0,,27,25:04,0,0,0,0,
146,2009-12-03,28,23-085,PHX,,CGY,W,0,0,0,-1,0,0,0,0,0,,,,4,0.0,25,24:08,0,3,0,0,
147,2009-12-05,29,23-087,PHX,,OTT,W,0,0,0,0,0,0,0,0,0,,,,2,0.0,24,18:10,0,4,0,0,
148,2009-12-07,30,23-089,PHX,,MIN,W,0,1,1,2,0,0,0,0,0,,,,0,,27,22:52,2,2,0,0,
149,2009-12-10,31,23-092,PHX,@,LAK,L-SO,0,0,0,0,0,0,0,0,0,,,,3,0.0,31,26:57,0,3,0,0,
150,2009-12-12,32,23-094,PHX,,SJS,W,0,1,1,0,4,0,0,0,0,,,,1,0.0,24,20:00,0,0,0,0,
151,2009-12-14,33,23-096,PHX,@,DET,L,0,0,0,-1,2,0,0,0,0,,,,3,0.0,27,23:01,0,0,0,0,
152,2009-12-16,34,23-098,PHX,@,TOR,W,0,3,3,2,0,0,0,0,0,,,,0,,24,16:45,0,1,0,0,
153,2009-12-17,35,23-099,PHX,@,CBJ,W,1,0,1,1,0,1,0,0,0,,,,2,50.0,24,17:31,0,2,0,0,
154,2009-12-19,36,23-101,PHX,@,ANA,L,0,0,0,-2,0,0,0,0,0,,,,1,0.0,25,21:02,1,1,0,0,
155,2009-12-21,37,23-103,PHX,,CBJ,W,0,0,0,0,0,0,0,0,0,,,,0,,24,19:06,1,0,0,0,
156,2009-12-23,38,23-105,PHX,,ANA,W,0,1,1,2,0,0,0,0,0,,,,2,0.0,22,15:44,0,0,0,0,
157,2009-12-26,39,23-108,PHX,,LAK,W,1,0,1,0,0,1,0,0,1,,,,2,50.0,22,17:52,1,2,0,0,
158,2009-12-28,40,23-110,PHX,@,SJS,L-SO,0,0,0,-1,0,0,0,0,0,,,,3,0.0,33,26:13,1,2,0,0,
159,2009-12-29,41,23-111,PHX,,VAN,W,0,0,0,-1,0,0,0,0,0,,,,1,0.0,31,23:19,1,3,0,0,
160,2009-12-31,42,23-113,PHX,,SJS,L-SO,0,0,0,0,0,0,0,0,0,,,,3,0.0,34,23:56,0,2,0,0,
161,2010-01-02,43,23-115,PHX,,DET,L,0,1,1,-1,0,0,0,0,0,,,,1,0.0,24,18:35,1,1,0,0,
162,2010-01-05,44,23-118,PHX,@,EDM,W,0,1,1,-1,0,0,0,0,0,,,,1,0.0,25,20:01,1,0,0,0,
163,2010-01-07,45,23-120,PHX,@,VAN,L,0,0,0,0,0,0,0,0,0,,,,4,0.0,24,17:56,0,0,0,0,
164,2010-01-09,46,23-122,PHX,,NYI,L-SO,0,1,1,1,2,0,0,0,0,,,,0,,26,21:02,1,0,0,0,
165,2010-01-12,47,23-125,PHX,,SJS,L,0,0,0,-2,0,0,0,0,0,,,,3,0.0,22,17:53,1,0,0,0,
166,2010-01-14,48,23-127,PHX,,NJD,W,0,1,1,-1,2,0,0,0,0,,,,1,0.0,25,18:27,0,0,0,0,
167,2010-01-16,49,23-129,PHX,,MIN,W,0,0,0,1,2,0,0,0,0,,,,2,0.0,26,19:40,2,1,0,0,
168,2010-01-18,50,23-131,PHX,,BUF,L,0,0,0,1,0,0,0,0,0,,,,1,0.0,24,22:49,0,2,0,0,
169,2010-01-21,51,23-134,PHX,,NSH,W,0,1,1,2,0,0,0,0,0,,,,2,0.0,27,22:00,1,3,0,0,
170,2010-01-23,52,23-136,PHX,@,WSH,L,0,0,0,-1,0,0,0,0,0,,,,4,0.0,26,21:27,1,1,0,0,
171,2010-01-26,53,23-139,PHX,@,DET,W,2,0,2,2,2,1,1,0,0,,,,5,40.0,31,24:46,1,0,0,0,
172,2010-01-28,54,23-141,PHX,,CGY,W,1,0,1,1,2,0,1,0,0,,,,2,50.0,28,21:52,0,2,0,0,
173,2010-01-30,55,23-143,PHX,,NYR,W,0,0,0,1,0,0,0,0,0,,,,1,0.0,24,19:36,1,1,0,0,
174,2010-01-31,56,23-144,PHX,@,DAL,W,1,1,2,3,0,1,0,0,0,,,,1,100.0,29,17:51,0,2,0,0,
175,2010-02-02,57,23-146,PHX,@,NSH,W,0,0,0,0,0,0,0,0,0,,,,2,0.0,27,19:30,0,0,0,0,
176,2010-02-05,58,23-149,PHX,@,CHI,W,0,1,1,0,0,0,0,0,0,,,,1,0.0,26,20:21,0,0,0,0,
177,2010-02-06,59,23-150,PHX,@,DAL,L,0,0,0,0,0,0,0,0,0,,,,3,0.0,26,19:52,0,0,0,0,
178,2010-02-08,60,23-152,PHX,,EDM,W,0,0,0,1,0,0,0,0,0,,,,3,0.0,23,21:26,0,,,,
179,2010-02-10,61,23-154,PHX,@,MIN,W,0,0,0,0,0,0,0,0,0,,,,2,0.0,25,19:27,0,1,0,0,
180,2010-02-12,62,23-156,PHX,@,COL,L,0,0,0,1,0,0,0,0,0,,,,1,0.0,30,22:31,1,3,0,0,
181,2010-02-13,63,23-157,PHX,,DAL,L,0,0,0,-1,0,0,0,0,0,,,,8,0.0,27,22:36,1,0,0,0,
182,2010-03-02,64,23-174,PHX,,STL,L,0,0,0,1,0,0,0,0,0,,,,2,0.0,21,22:19,0,0,0,0,
183,2010-03-04,65,23-176,PHX,,COL,W,0,0,0,1,0,0,0,0,0,,,,2,0.0,25,18:38,2,3,0,0,
184,2010-03-06,66,23-178,PHX,,ANA,W,1,0,1,2,2,1,0,0,0,,,,4,25.0,26,17:36,0,2,0,0,
185,2010-03-10,67,23-182,PHX,,VAN,W,0,1,1,-1,0,0,0,0,0,,,,3,0.0,30,23:33,0,1,0,0,
186,2010-03-13,68,23-185,PHX,@,CAR,W,0,0,0,1,0,0,0,0,0,,,,2,0.0,28,19:29,0,2,0,0,
187,2010-03-14,69,23-186,PHX,@,ATL,W,0,2,2,1,0,0,0,0,0,,,,1,0.0,29,19:58,0,0,0,0,
188,2010-03-16,70,23-188,PHX,@,TBL,W,0,0,0,0,2,0,0,0,0,,,,2,0.0,28,19:11,0,1,0,0,
189,2010-03-18,71,23-190,PHX,@,FLA,W,0,0,0,0,0,0,0,0,0,,,,0,,32,21:04,1,1,0,0,
190,2010-03-20,72,23-192,PHX,,CHI,W,0,0,0,-1,0,0,0,0,0,,,,1,0.0,25,15:38,0,1,0,0,
191,2010-03-21,73,23-193,PHX,@,DAL,W,0,0,0,-2,0,0,0,0,0,,,,1,0.0,20,13:00,0,1,0,0,
192,2010-03-23,74,23-195,PHX,@,CHI,L,0,0,0,0,0,0,0,0,0,,,,3,0.0,24,16:27,0,0,0,0,
193,2010-03-25,75,23-197,PHX,@,NSH,L-SO,1,2,3,3,0,1,0,0,0,,,,4,25.0,37,24:06,0,3,0,0,
194,2010-03-27,76,23-199,PHX,,COL,W,0,0,0,1,0,0,0,0,0,,,,2,0.0,26,21:55,0,1,0,0,
195,2010-03-30,77,23-202,PHX,@,VAN,L,0,0,0,-2,0,0,0,0,0,,,,2,0.0,25,18:47,0,1,0,0,
196,2010-03-31,78,23-203,PHX,@,CGY,L,0,0,0,-1,0,0,0,0,0,,,,1,0.0,32,21:31,0,1,0,0,
197,2010-04-03,79,23-206,PHX,,EDM,W,0,2,2,1,0,0,0,0,0,,,,5,0.0,28,24:28,2,0,0,0,
198,2010-04-07,80,23-210,PHX,,NSH,W,0,2,2,2,0,0,0,0,0,,,,1,0.0,27,21:15,0,2,0,0,
199,2010-04-08,81,23-211,PHX,@,LAK,W,0,0,0,0,0,0,0,0,0,,,,1,0.0,31,21:00,2,0,0,0,
200,2010-04-10,82,23-213,PHX,@,SJS,L-SO,0,0,0,-1,0,0,0,0,0,,,,0,,30,19:45,0,1,0,0,
201,2010-10-09,1,24-030,PHX,@,BOS,W,0,1,1,1,0,0,0,0,0,,,,5,0.0,28,19:01,1,1,0,0,
202,2010-10-10,2,24-031,PHX,,BOS,L,0,0,0,-1,2,0,0,0,0,,,,4,0.0,27,21:56,0,1,0,0,
203,2010-10-16,3,24-037,PHX,,DET,L-OT,0,1,1,1,2,0,0,0,0,,,,4,0.0,25,19:48,0,0,0,0,
204,2010-10-17,4,24-038,PHX,@,ANA,L,0,0,0,-1,2,0,0,0,0,,,,1,0.0,25,22:37,0,0,0,0,
205,2010-10-21,5,24-042,PHX,,LAK,W,0,0,0,-1,0,0,0,0,0,,,,1,0.0,18,17:25,0,0,0,0,
206,2010-10-23,6,24-044,PHX,,CAR,L-OT,0,0,0,-1,2,0,0,0,0,,,,2,0.0,26,19:06,1,1,0,0,
207,2010-10-25,7,24-046,PHX,@,MTL,L-OT,0,0,0,-1,0,0,0,0,0,,,,1,0.0,29,22:24,1,3,0,0,
208,2010-10-26,8,24-047,PHX,@,OTT,L,1,0,1,-2,0,1,0,0,0,,,,3,33.3,24,23:22,1,1,0,0,
209,2010-10-28,9,24-049,PHX,@,DET,W,1,0,1,1,0,0,1,0,0,,,,4,25.0,28,21:30,0,0,0,0,
210,2010-10-30,10,24-051,PHX,,TBL,L,0,0,0,-3,12,0,0,0,0,,,,1,0.0,27,22:14,1,1,0,0,
211,2010-11-03,11,24-055,PHX,,NSH,W,0,1,1,0,0,0,0,0,0,,,,1,0.0,23,22:44,1,2,0,0,
212,2010-11-05,12,24-057,PHX,@,DAL,L,0,1,1,0,2,0,0,0,0,,,,2,0.0,24,20:32,0,0,0,0,
213,2010-11-06,13,24-058,PHX,,PIT,L-SO,0,0,0,-1,0,0,0,0,0,,,,1,0.0,29,26:51,0,1,0,0,
214,2010-11-08,14,24-060,PHX,@,DET,L-OT,1,0,1,2,0,1,0,0,0,,,,4,25.0,25,22:58,1,2,0,0,
215,2010-11-10,15,24-062,PHX,@,CHI,W,0,0,0,1,0,0,0,0,0,,,,0,,34,25:35,1,4,0,0,
216,2010-11-12,16,24-064,PHX,,CGY,W,0,1,1,0,2,0,0,0,0,,,,0,,32,23:27,0,3,0,0,
217,2010-11-13,17,24-065,PHX,,STL,W,0,2,2,-1,0,0,0,0,0,,,,1,0.0,32,25:40,1,1,0,0,
218,2010-11-17,18,24-069,PHX,@,CGY,W,0,0,0,0,2,0,0,0,0,,,,0,,38,29:16,0,1,0,0,
219,2010-11-19,19,24-071,PHX,@,EDM,W,0,0,0,-1,2,0,0,0,0,,,,3,0.0,37,30:22,0,1,0,0,
220,2010-11-21,20,24-073,PHX,@,VAN,W,0,1,1,0,0,0,0,0,0,,,,2,0.0,34,27:00,0,4,0,0,
221,2010-11-23,21,24-075,PHX,,EDM,W,0,0,0,2,0,0,0,0,0,,,,2,0.0,29,22:33,1,0,0,0,
222,2010-11-27,22,24-079,PHX,,ANA,L,1,0,1,1,2,0,1,0,0,,,,2,50.0,36,27:05,0,1,0,0,
223,2010-11-30,23,24-082,PHX,@,NSH,L,0,0,0,-1,2,0,0,0,0,,,,3,0.0,32,24:36,1,1,0,0,
224,2010-12-01,24,24-083,PHX,@,MIN,W,0,0,0,-1,0,0,0,0,0,,,,2,0.0,26,24:09,0,1,0,0,
225,2010-12-04,25,24-086,PHX,,FLA,L-SO,0,1,1,0,0,0,0,0,0,,,,9,0.0,36,30:38,1,1,0,0,
226,2010-12-05,26,24-087,PHX,@,ANA,W,0,1,1,1,0,0,0,0,0,,,,4,0.0,41,28:20,1,4,0,0,
227,2010-12-09,27,24-091,PHX,,MIN,L,0,1,1,-1,0,0,0,0,0,,,,7,0.0,29,25:02,0,1,0,0,
228,2010-12-11,28,24-093,PHX,,DAL,W,1,2,3,2,0,1,0,0,0,,,,1,100.0,29,23:44,0,1,0,0,
229,2010-12-15,29,24-097,PHX,@,NJD,L,0,0,0,-1,2,0,0,0,0,,,,3,0.0,27,22:01,0,1,0,0,
230,2010-12-16,30,24-098,PHX,@,NYR,L-SO,0,1,1,-1,0,0,0,0,0,,,,7,0.0,41,29:34,2,1,0,0,
231,2010-12-18,31,24-100,PHX,@,NYI,W,0,2,2,-1,0,0,0,0,0,,,,4,0.0,34,29:56,1,0,0,0,
232,2010-12-20,32,24-102,PHX,@,PIT,L,0,0,0,-1,0,0,0,0,0,,,,1,0.0,29,25:20,0,1,0,0,
233,2010-12-23,33,24-105,PHX,@,SJS,L,0,1,1,-1,0,0,0,0,0,,,,2,0.0,27,22:07,0,1,0,0,
234,2010-12-26,34,24-108,PHX,@,DAL,W,0,0,0,0,0,0,0,0,0,,,,2,0.0,34,25:45,1,2,0,0,
235,2010-12-28,35,24-110,PHX,,ANA,L,0,1,1,0,0,0,0,0,0,,,,2,0.0,28,25:44,0,0,0,0,
236,2010-12-29,36,24-111,PHX,,LAK,W,0,3,3,2,0,0,0,0,0,,,,1,0.0,28,22:46,0,0,0,0,
237,2010-12-31,37,24-113,PHX,@,STL,L,0,1,1,2,0,0,0,0,0,,,,1,0.0,30,27:44,0,2,0,0,
238,2011-01-02,38,24-115,PHX,@,MIN,L-OT,1,1,2,1,2,1,0,0,0,,,,5,20.0,34,26:30,0,1,0,0,
239,2011-01-04,39,24-117,PHX,,CBJ,W,0,1,1,2,0,0,0,0,0,,,,2,0.0,27,24:46,1,0,0,0,
240,2011-01-06,40,24-119,PHX,@,COL,W,0,0,0,1,0,0,0,0,0,,,,4,0.0,35,25:30,0,2,0,0,
241,2011-01-08,41,24-121,PHX,,BUF,L-OT,0,0,0,0,0,0,0,0,0,,,,6,0.0,32,30:00,1,1,0,0,
242,2011-01-10,42,24-123,PHX,@,STL,W,0,0,0,-1,2,0,0,0,0,,,,2,0.0,29,24:21,1,1,0,0,
243,2011-01-11,43,24-124,PHX,@,CBJ,W,0,1,1,3,0,0,0,0,0,,,,0,,28,23:22,0,1,0,0,
244,2011-01-13,44,24-126,PHX,,TOR,W,1,2,3,2,2,1,0,0,0,,,,1,100.0,29,23:36,2,4,0,0,
245,2011-01-15,45,24-128,PHX,,ANA,W,0,1,1,1,0,0,0,0,0,,,,1,0.0,23,16:09,0,0,0,0,
246,2011-01-17,46,24-130,PHX,,SJS,L,0,1,1,-1,0,0,0,0,0,,,,3,0.0,33,27:11,0,3,0,0,
247,2011-01-18,47,24-131,PHX,,NSH,L,0,1,1,-1,0,0,0,0,0,,,,3,0.0,29,24:26,0,0,0,0,
248,2011-01-20,48,24-133,PHX,@,LAK,W,0,1,1,0,0,0,0,0,0,,,,0,,23,20:02,0,2,0,0,
249,2011-01-22,49,24-135,PHX,,LAK,L,0,2,2,1,0,0,0,0,0,,,,0,,30,27:22,0,2,0,0,
250,2011-01-25,50,24-138,PHX,,EDM,L,0,2,2,0,0,0,0,0,0,,,,1,0.0,26,21:56,0,0,0,0,
251,2011-01-26,51,24-139,PHX,@,COL,W,1,1,2,1,0,1,0,0,0,,,,5,20.0,30,26:25,0,1,0,0,
252,2011-02-01,52,24-145,PHX,@,SJS,L,1,0,1,-2,0,1,0,0,0,,,,1,100.0,30,24:55,0,1,0,0,
253,2011-02-02,53,24-146,PHX,,VAN,L,0,0,0,-4,10,0,0,0,0,,,,0,,23,20:51,0,1,0,0,
254,2011-02-05,54,24-149,PHX,,MIN,W,0,0,0,0,0,0,0,0,0,,,,3,0.0,24,21:31,0,0,0,0,
255,2011-02-07,55,24-151,PHX,,COL,W,0,0,0,1,4,0,0,0,0,,,,0,,24,21:55,0,0,0,0,
256,2011-02-09,56,24-153,PHX,@,DAL,W,0,1,1,-2,0,0,0,0,0,,,,6,0.0,29,23:26,1,2,0,0,
257,2011-02-12,57,24-156,PHX,,CHI,W,0,0,0,1,0,0,0,0,0,,,,0,,26,23:42,0,1,0,0,
258,2011-02-14,58,24-158,PHX,,WSH,W,0,1,1,1,0,0,0,0,0,,,,0,,27,20:43,0,0,0,0,
259,2011-02-17,59,24-161,PHX,,ATL,W,0,3,3,3,0,0,0,0,0,,,,2,0.0,28,22:22,0,0,0,0,
260,2011-02-19,60,24-163,PHX,@,NSH,W,0,1,1,2,2,0,0,0,0,,,,2,0.0,32,24:46,0,1,0,0,
261,2011-02-22,61,24-166,PHX,@,PHI,W,0,1,1,-1,0,0,0,0,0,,,,2,0.0,33,29:57,0,2,0,0,
262,2011-02-23,62,24-167,PHX,@,TBL,L,0,0,0,-2,0,0,0,0,0,,,,1,0.0,27,21:04,1,1,0,0,
263,2011-02-25,63,24-169,PHX,@,CBJ,L,0,0,0,-1,0,0,0,0,0,,,,4,0.0,28,24:08,0,0,0,0,
264,2011-02-27,64,24-171,PHX,@,CHI,L-SO,1,1,2,1,0,0,1,0,0,,,,2,50.0,39,28:04,1,3,0,0,
265,2011-03-01,65,24-173,PHX,,DAL,L,0,0,0,0,10,0,0,0,0,,,,2,0.0,29,26:10,0,0,0,0,
266,2011-03-03,66,24-175,PHX,@,LAK,L,0,0,0,0,0,0,0,0,0,,,,4,0.0,30,27:54,1,0,0,0,
267,2011-03-05,67,24-177,PHX,,DET,W,0,0,0,0,0,0,0,0,0,,,,0,,30,30:24,0,0,0,0,
268,2011-03-08,68,24-180,PHX,,VAN,L-OT,0,0,0,-1,0,0,0,0,0,,,,6,0.0,33,30:06,1,3,0,0,
269,2011-03-10,69,24-182,PHX,,CGY,W,0,1,1,1,0,0,0,0,0,,,,1,0.0,33,27:44,1,2,0,0,
270,2011-03-13,70,24-185,PHX,@,ANA,W,0,1,1,4,0,0,0,0,0,,,,1,0.0,31,22:47,0,3,0,0,
271,2011-03-15,71,24-187,PHX,@,CGY,W,1,0,1,1,0,1,0,0,0,,,,2,50.0,27,18:36,0,2,0,0,
272,2011-03-17,72,24-189,PHX,@,EDM,W,0,0,0,1,0,0,0,0,0,,,,2,0.0,23,19:53,0,1,0,0,
273,2011-03-18,73,24-190,PHX,@,VAN,W,0,0,0,0,0,0,0,0,0,,,,5,0.0,29,24:06,0,2,0,0,
274,2011-03-20,74,24-192,PHX,,CHI,L,0,0,0,0,0,0,0,0,0,,,,0,,32,23:59,1,2,0,0,
275,2011-03-22,75,24-194,PHX,,STL,W,0,0,0,1,0,0,0,0,0,,,,2,0.0,28,22:50,0,0,0,0,
276,2011-03-24,76,24-196,PHX,,CBJ,W,0,1,1,2,0,0,0,0,0,,,,5,0.0,26,23:48,0,1,0,0,
277,2011-03-26,77,24-198,PHX,,SJS,L,0,0,0,1,0,0,0,0,0,,,,5,0.0,29,26:00,0,2,0,0,
278,2011-03-29,78,24-201,PHX,,DAL,W,0,0,0,0,0,0,0,0,0,,,,5,0.0,35,23:41,0,2,0,0,
279,2011-04-01,79,24-204,PHX,,COL,L-SO,0,1,1,0,0,0,0,0,0,,,,3,0.0,30,26:10,0,0,0,0,
280,2011-04-06,80,24-209,PHX,@,LAK,L-SO,0,0,0,0,0,0,0,0,0,,,,1,0.0,31,26:53,1,3,0,0,
281,2011-04-08,81,24-211,PHX,,SJS,W,0,0,0,1,2,0,0,0,0,,,,3,0.0,28,21:09,0,2,0,0,
282,2011-04-09,82,24-212,PHX,@,SJS,L,0,0,0,0,0,0,0,0,0,,,,3,0.0,31,27:02,0,3,0,0,
283,2011-10-08,1,25-029,PHX,@,SJS,L,0,2,2,0,2,0,0,0,0,,,,3,0.0,35,31:04,0,1,0,0,
284,2011-10-10,2,25-031,PHX,@,DAL,L-SO,0,0,0,0,2,0,0,0,0,,,,8,0.0,29,23:31,0,1,0,0,
285,2011-10-13,3,25-034,PHX,@,NSH,W,0,1,1,0,0,0,0,0,0,,,,2,0.0,23,16:40,0,1,0,0,
286,2011-10-15,4,25-036,PHX,,WPG,W,0,0,0,1,0,0,0,0,0,,,,1,0.0,23,19:52,1,0,0,0,
287,2011-10-18,5,25-039,PHX,,CHI,L,0,0,0,-3,0,0,0,0,0,,,,1,0.0,22,17:46,0,1,0,0,
288,2011-10-20,6,25-041,PHX,,LAK,L,0,0,0,-1,0,0,0,0,0,,,,2,0.0,22,25:16,0,3,0,0,
289,2011-10-23,7,25-044,PHX,@,ANA,W,1,1,2,1,0,1,0,0,1,,,,3,33.3,26,20:28,0,0,0,0,
290,2011-10-25,8,25-046,PHX,,DAL,L-SO,0,0,0,-1,0,0,0,0,0,,,,2,0.0,25,24:00,0,2,0,0,
291,2011-10-27,9,25-048,PHX,,NJD,W,0,2,2,-1,0,0,0,0,0,,,,3,0.0,27,22:06,0,0,0,0,
292,2011-10-29,10,25-050,PHX,,LAK,W,0,0,0,-1,4,0,0,0,0,,,,3,0.0,26,22:19,0,1,0,0,
293,2011-11-02,11,25-054,PHX,@,COL,W,0,0,0,1,0,0,0,0,0,,,,1,0.0,28,18:08,0,2,0,0,
294,2011-11-03,12,25-055,PHX,,NSH,L,0,0,0,-1,2,0,0,0,0,,,,3,0.0,28,23:49,0,4,0,0,
295,2011-11-05,13,25-057,PHX,,EDM,W,0,1,1,0,0,0,0,0,0,,,,4,0.0,26,22:49,1,1,0,0,
296,2011-11-10,14,25-062,PHX,,MTL,L-OT,0,1,1,1,0,0,0,0,0,,,,1,0.0,29,21:43,1,3,0,0,
297,2011-11-12,15,25-064,PHX,@,SJS,W,0,0,0,1,2,0,0,0,0,,,,3,0.0,23,21:09,0,1,0,0,
298,2011-11-15,16,25-067,PHX,@,TOR,W,0,0,0,1,0,0,0,0,0,,,,2,0.0,28,23:44,0,2,0,0,
299,2011-11-17,17,25-069,PHX,@,PHI,L,0,0,0,-1,0,0,0,0,0,,,,5,0.0,27,24:43,0,2,0,0,
300,2011-11-19,18,25-071,PHX,@,BUF,W,0,2,2,2,0,0,0,0,0,,,,1,0.0,26,21:18,0,2,0,0,
301,2011-11-21,19,25-073,PHX,@,WSH,L,0,0,0,-1,0,0,0,0,0,,,,1,0.0,17,13:57,1,0,0,0,
302,2011-11-23,20,25-075,PHX,,ANA,W,1,1,2,1,0,1,0,0,0,,,,1,100.0,24,21:58,1,0,0,0,
303,2011-11-25,21,25-077,PHX,,VAN,L,0,0,0,-2,0,0,0,0,0,,,,1,0.0,23,22:37,0,1,0,0,
304,2011-11-26,22,25-078,PHX,,DAL,W,0,2,2,3,4,0,0,0,0,,,,3,0.0,26,18:15,1,0,0,0,
305,2011-11-29,23,25-081,PHX,@,CHI,W,0,0,0,1,0,0,0,0,0,,,,2,0.0,26,18:34,1,0,0,0,
306,2011-12-01,24,25-083,PHX,@,WPG,L,0,0,0,0,0,0,0,0,0,,,,3,0.0,25,21:28,0,0,0,0,
307,2011-12-03,25,25-085,PHX,,PHI,L,0,1,1,1,0,0,0,0,0,,,,2,0.0,27,26:16,0,0,0,0,
308,2011-12-05,26,25-087,PHX,@,CHI,W,1,0,1,1,0,1,0,0,0,,,,3,33.3,31,27:37,0,0,0,0,
309,2011-12-06,27,25-088,PHX,@,NSH,W,1,0,1,0,0,1,0,0,1,,,,2,50.0,26,24:16,1,1,0,0,
310,2011-12-08,28,25-090,PHX,@,DET,L,0,1,1,0,0,0,0,0,0,,,,3,0.0,26,24:56,2,1,0,0,
311,2011-12-10,29,25-092,PHX,,MIN,L,0,0,0,-1,2,0,0,0,0,,,,5,0.0,26,27:22,1,2,0,0,
312,2011-12-14,30,25-096,PHX,@,ANA,L,0,1,1,-1,0,0,0,0,0,,,,4,0.0,24,24:04,0,2,0,0,
313,2011-12-15,31,25-097,PHX,,EDM,W,0,0,0,1,2,0,0,0,0,,,,5,0.0,27,28:04,0,2,0,0,
314,2011-12-17,32,25-099,PHX,,NYR,L,0,0,0,-2,0,0,0,0,0,,,,2,0.0,23,21:55,0,1,0,0,
315,2011-12-20,33,25-102,PHX,@,FLA,W,0,1,1,0,0,0,0,0,0,,,,0,,17,18:21,0,1,0,0,
316,2011-12-21,34,25-103,PHX,@,CAR,W,0,0,0,1,0,0,0,0,0,,,,1,0.0,30,21:34,0,0,0,0,
317,2011-12-23,35,25-105,PHX,,STL,L,1,0,1,1,4,1,0,0,0,,,,2,50.0,24,18:44,0,0,0,0,
318,2011-12-26,36,25-108,PHX,@,LAK,L,0,0,0,0,0,0,0,0,0,,,,1,0.0,20,20:12,0,0,0,0,
319,2011-12-28,37,25-110,PHX,,BOS,L-OT,0,0,0,-1,0,0,0,0,0,,,,1,0.0,21,20:14,0,1,0,0,
320,2011-12-29,38,25-111,PHX,@,COL,L,0,0,0,-1,2,0,0,0,0,,,,0,,19,17:50,1,0,0,0,
321,2011-12-31,39,25-113,PHX,@,MIN,W,0,1,1,0,0,0,0,0,0,,,,5,0.0,23,16:46,0,1,0,0,
322,2012-01-03,40,25-116,PHX,@,STL,L,0,1,1,0,2,0,0,0,0,,,,6,0.0,23,25:34,0,1,0,0,
323,2012-01-05,41,25-118,PHX,@,LAK,L-OT,0,0,0,0,0,0,0,0,0,,,,3,0.0,24,22:00,1,1,0,0,
324,2012-01-07,42,25-120,PHX,,NYI,W,0,1,1,3,0,0,0,0,0,,,,3,0.0,26,22:06,0,2,0,0,
325,2012-01-10,43,25-123,PHX,@,NYR,L-SO,0,0,0,-1,0,0,0,0,0,,,,1,0.0,25,22:37,0,2,0,0,
326,2012-01-12,44,25-125,PHX,@,DET,L-SO,0,0,0,-2,0,0,0,0,0,,,,0,,26,24:40,1,4,0,0,
327,2012-01-13,45,25-126,PHX,@,CBJ,L,0,0,0,-3,0,0,0,0,0,,,,3,0.0,31,28:15,1,0,0,0,
328,2012-01-16,46,25-129,PHX,,COL,W,0,2,2,0,0,0,0,0,0,,,,1,0.0,29,22:58,0,0,0,0,
329,2012-01-18,47,25-131,PHX,@,ANA,L,0,0,0,-1,0,0,0,0,0,,,,0,,23,22:28,0,0,0,0,
330,2012-01-19,48,25-132,PHX,,DET,L-SO,0,0,0,-1,0,0,0,0,0,,,,5,0.0,24,21:11,0,0,0,0,
331,2012-01-21,49,25-134,PHX,,TBL,L,1,0,1,-1,0,1,0,0,0,,,,3,33.3,28,24:30,0,2,0,0,
332,2012-01-24,50,25-137,PHX,,OTT,W,0,1,1,2,0,0,0,0,0,,,,1,0.0,26,23:13,0,0,0,0,
333,2012-01-31,51,25-144,PHX,,ANA,L,0,0,0,0,0,0,0,0,0,,,,5,0.0,28,27:25,0,1,0,0,
334,2012-02-04,52,25-148,PHX,,SJS,W,0,0,0,0,0,0,0,0,0,,,,3,0.0,21,22:02,1,1,0,0,
335,2012-02-06,53,25-150,PHX,,DET,W,0,0,0,0,0,0,0,0,0,,,,1,0.0,23,21:20,0,0,0,0,
336,2012-02-07,54,25-151,PHX,@,DAL,W,1,0,1,1,0,1,0,0,0,,,,1,100.0,19,19:53,0,1,0,0,
337,2012-02-09,55,25-153,PHX,,CGY,W,0,0,0,0,6,0,0,0,0,,,,2,0.0,28,21:22,1,0,0,0,
338,2012-02-11,56,25-155,PHX,,CHI,W,0,0,0,3,0,0,0,0,0,,,,1,0.0,22,18:37,0,2,0,0,
339,2012-02-13,57,25-157,PHX,@,VAN,L-SO,1,0,1,0,0,1,0,0,0,,,,3,33.3,29,21:17,0,1,0,0,
340,2012-02-16,58,25-160,PHX,@,LAK,W,0,1,1,0,0,0,0,0,0,,,,1,0.0,26,27:25,2,1,0,0,
341,2012-02-18,59,25-162,PHX,,DAL,W,0,1,1,2,0,0,0,0,0,,,,4,0.0,25,26:23,0,2,0,0,
342,2012-02-21,60,25-165,PHX,,LAK,W,0,0,0,1,2,0,0,0,0,,,,3,0.0,28,28:18,0,0,0,0,
343,2012-02-23,61,25-167,PHX,@,CGY,W,0,1,1,1,0,0,0,0,0,,,,2,0.0,32,27:04,0,1,0,0,
344,2012-02-25,62,25-169,PHX,@,EDM,W,0,1,1,2,0,0,0,0,0,,,,0,,28,23:42,3,1,0,0,
345,2012-02-28,63,25-172,PHX,,VAN,W,0,1,1,1,0,0,0,0,0,,,,3,0.0,30,27:37,1,0,0,0,
346,2012-03-01,64,25-174,PHX,,CGY,L,0,1,1,-2,2,0,0,0,0,,,,1,0.0,27,30:46,0,1,0,0,
347,2012-03-03,65,25-176,PHX,,CBJ,L,0,0,0,-3,0,0,0,0,0,,,,3,0.0,23,20:40,0,0,0,0,
348,2012-03-05,66,25-178,PHX,@,PIT,L,0,0,0,0,2,0,0,0,0,,,,2,0.0,26,25:37,1,1,0,0,
349,2012-03-06,67,25-179,PHX,@,CBJ,L,1,0,1,1,0,1,0,0,0,,,,3,33.3,28,24:47,1,1,0,0,
350,2012-03-08,68,25-181,PHX,,MIN,L-SO,0,0,0,0,0,0,0,0,0,,,,4,0.0,30,24:10,1,2,0,0,
351,2012-03-10,69,25-183,PHX,,SJS,W,0,1,1,3,2,0,0,0,0,,,,4,0.0,24,18:02,0,1,0,0,
352,2012-03-12,70,25-185,PHX,,NSH,L-SO,1,0,1,-1,0,1,0,0,0,,,,3,33.3,25,20:01,1,0,0,0,
353,2012-03-14,71,25-187,PHX,@,VAN,W,0,1,1,2,0,0,0,0,0,,,,1,0.0,24,20:18,0,0,0,0,
354,2012-03-15,72,25-188,PHX,@,CGY,L,0,0,0,-2,0,0,0,0,0,,,,1,0.0,25,20:50,0,0,0,0,
355,2012-03-18,73,25-191,PHX,@,EDM,W,0,0,0,1,7,0,0,0,0,,,,3,0.0,25,19:51,1,1,0,0,
356,2012-03-20,74,25-193,PHX,@,DAL,L-SO,0,0,0,-1,2,0,0,0,0,,,,5,0.0,27,20:23,0,0,0,0,
357,2012-03-22,75,25-195,PHX,,COL,W,0,0,0,-1,0,0,0,0,0,,,,2,0.0,25,18:01,1,1,0,0,
358,2012-03-24,76,25-197,PHX,@,SJS,L-SO,0,0,0,2,0,0,0,0,0,,,,1,0.0,32,23:56,1,2,0,0,
359,2012-03-25,77,25-198,PHX,,STL,L,0,0,0,-2,0,0,0,0,0,,,,1,0.0,23,24:10,0,0,0,0,
360,2012-03-29,78,25-202,PHX,,SJS,W,0,0,0,0,0,0,0,0,0,,,,3,0.0,23,17:09,1,0,0,0,
361,2012-03-31,79,25-204,PHX,,ANA,W,0,1,1,0,0,0,0,0,0,,,,0,,24,16:50,0,2,0,0,
362,2012-04-03,80,25-207,PHX,,CBJ,W,0,0,0,1,0,0,0,0,0,,,,3,0.0,25,16:40,0,0,0,0,
363,2012-04-06,81,25-210,PHX,@,STL,W,1,0,1,1,0,1,0,0,0,,,,4,25.0,28,20:05,0,0,0,0,
364,2012-04-07,82,25-211,PHX,@,MIN,W,0,0,0,-1,0,0,0,0,0,,,,2,0.0,26,22:05,0,2,0,0,
365,2013-01-19,1,26-132,PHX,@,DAL,L,0,1,1,0,0,0,0,0,0,,,,4,0.0,29,21:42,1,3,0,0,
366,2013-01-20,2,26-133,PHX,,CHI,L,0,1,1,0,4,0,0,0,0,,,,4,0.0,23,18:26,1,0,0,0,
367,2013-01-23,3,26-136,PHX,,CBJ,W,0,0,0,1,0,0,0,0,0,,,,2,0.0,21,19:09,0,1,0,0,
368,2013-01-24,4,26-137,PHX,@,SJS,L,0,0,0,0,2,0,0,0,0,,,,3,0.0,24,18:54,1,0,0,0,
369,2013-01-26,5,26-139,PHX,,LAK,L,0,0,0,1,2,0,0,0,0,,,,2,0.0,29,23:34,0,1,0,0,
370,2013-01-28,6,26-141,PHX,,NSH,W,1,2,3,2,2,0,1,0,0,,,,3,33.3,31,25:46,0,0,0,0,
371,2013-01-30,7,26-143,PHX,,EDM,L-OT,0,0,0,0,0,0,0,0,0,,,,1,0.0,29,23:15,1,2,0,0,
372,2013-02-01,8,26-145,PHX,@,DAL,L-SO,0,0,0,-1,0,0,0,0,0,,,,0,,27,21:57,0,2,0,0,
373,2013-02-02,9,26-146,PHX,,DAL,W,0,0,0,0,0,0,0,0,0,,,,2,0.0,28,21:17,1,0,0,0,
374,2013-02-04,10,26-148,PHX,,MIN,W,0,1,1,1,0,0,0,0,0,,,,2,0.0,31,27:34,1,3,0,0,
375,2013-02-07,11,26-151,PHX,,CHI,L,0,0,0,-2,12,0,0,0,0,,,,1,0.0,20,15:35,0,1,0,0,
376,2013-02-09,12,26-153,PHX,@,SJS,W,0,0,0,0,0,0,0,0,0,,,,3,0.0,30,23:14,0,1,0,0,
377,2013-02-11,13,26-155,PHX,@,COL,W,0,0,0,0,2,0,0,0,0,,,,2,0.0,30,23:59,0,0,0,0,
378,2013-02-14,14,26-158,PHX,@,NSH,L,0,0,0,-2,0,0,0,0,0,,,,4,0.0,28,25:28,1,0,0,0,
379,2013-02-16,15,26-160,PHX,,CBJ,W,0,3,3,2,0,0,0,0,0,,,,9,0.0,30,27:53,1,1,0,0,
380,2013-02-18,16,26-162,PHX,,CGY,W,1,0,1,1,0,1,0,0,1,,,,5,20.0,33,26:36,0,1,0,0,
381,2013-02-23,17,26-167,PHX,@,EDM,L-SO,0,0,0,-1,2,0,0,0,0,,,,1,0.0,33,30:21,1,1,0,0,
382,2013-02-24,18,26-168,PHX,@,CGY,L,0,0,0,0,0,0,0,0,0,,,,3,0.0,28,22:37,0,0,0,0,
383,2013-02-26,19,26-170,PHX,@,VAN,W,0,0,0,0,2,0,0,0,0,,,,3,0.0,30,24:03,0,1,0,0,
384,2013-02-28,20,26-172,PHX,,MIN,L,1,0,1,0,2,1,0,0,0,,,,3,33.3,27,22:42,1,0,0,0,
385,2013-03-02,21,26-174,PHX,,ANA,W,0,1,1,-1,0,0,0,0,0,,,,3,0.0,26,20:49,0,1,0,0,
386,2013-03-04,22,26-176,PHX,,ANA,W,1,0,1,1,0,0,1,0,0,,,,4,25.0,26,24:17,0,1,0,0,
387,2013-03-06,23,26-178,PHX,@,ANA,L,0,0,0,-1,0,0,0,0,0,,,,3,0.0,23,21:59,0,2,0,0,
388,2013-03-07,24,26-179,PHX,,STL,L,1,0,1,-1,2,0,1,0,0,,,,6,16.7,19,23:16,1,2,0,0,
389,2013-03-09,25,26-181,PHX,,DAL,W,0,0,0,0,0,0,0,0,0,,,,3,0.0,24,19:11,0,1,0,0,
390,2013-03-12,26,26-184,PHX,,LAK,W,0,1,1,1,0,0,0,0,0,,,,3,0.0,30,23:26,0,0,0,0,
391,2013-03-14,27,26-186,PHX,@,STL,L,0,0,0,-2,0,0,0,0,0,,,,2,0.0,26,20:53,0,0,0,0,
392,2013-03-16,28,26-188,PHX,@,CBJ,L-SO,0,0,0,0,0,0,0,0,0,,,,5,0.0,28,22:23,0,0,0,0,
393,2013-03-18,29,26-190,PHX,@,LAK,L,0,0,0,0,0,0,0,0,0,,,,2,0.0,26,24:26,0,0,0,0,
394,2013-03-19,30,26-191,PHX,@,LAK,L,0,1,1,0,0,0,0,0,0,,,,1,0.0,24,21:30,0,1,0,0,
395,2013-03-21,31,26-193,PHX,,VAN,L,0,0,0,-2,0,0,0,0,0,,,,2,0.0,26,21:56,0,0,0,0,
396,2013-03-25,32,26-197,PHX,,DET,L,0,1,1,0,2,0,0,0,0,,,,6,0.0,25,18:50,0,0,0,0,
397,2013-03-27,33,26-199,PHX,@,MIN,L-OT,0,1,1,0,0,0,0,0,0,,,,2,0.0,22,18:01,0,1,0,0,
398,2013-03-28,34,26-200,PHX,@,NSH,W,1,0,1,2,0,0,1,0,1,,,,3,33.3,21,16:34,0,0,0,0,
399,2013-03-30,35,26-202,PHX,@,SJS,L-SO,0,0,0,1,0,0,0,0,0,,,,2,0.0,27,23:09,2,2,0,0,
400,2013-04-02,36,26-205,PHX,,LAK,W,2,0,2,2,0,2,0,0,0,,,,2,100.0,26,19:34,1,0,0,0,
401,2013-04-04,37,26-207,PHX,,DET,W,0,2,2,2,0,0,0,0,0,,,,4,0.0,24,17:09,0,1,0,0,
402,2013-04-06,38,26-209,PHX,,COL,W,0,0,0,1,2,0,0,0,0,,,,0,,25,20:27,0,1,0,0,
403,2013-04-08,39,26-211,PHX,@,VAN,L,0,0,0,-2,0,0,0,0,0,,,,1,0.0,22,21:22,1,0,0,0,
404,2013-04-10,40,26-213,PHX,@,EDM,W,0,0,0,1,2,0,0,0,0,,,,1,0.0,25,21:58,1,0,0,0,
405,2013-04-12,41,26-215,PHX,@,CGY,L-OT,1,0,1,-1,2,1,0,0,0,,,,3,33.3,34,24:13,0,1,0,0,
406,2013-04-15,42,26-218,PHX,,SJS,L,0,0,0,-1,2,0,0,0,0,,,,3,0.0,27,23:58,0,2,0,0,
407,2013-04-18,43,26-221,PHX,@,STL,L-SO,0,0,0,-1,2,0,0,0,0,,,,3,0.0,28,23:12,0,1,0,0,
408,2013-04-20,44,26-223,PHX,@,CHI,W,0,0,0,0,0,0,0,0,0,,,,3,0.0,31,28:08,1,1,0,0,
409,2013-04-22,45,26-225,PHX,@,DET,L,0,0,0,-1,0,0,0,0,0,,,,1,0.0,24,23:34,0,0,0,0,
410,2013-04-24,46,26-227,PHX,,SJS,W,1,0,1,0,0,0,1,0,1,,,,4,25.0,18,18:44,0,1,0,0,
411,2013-04-26,47,26-229,PHX,,COL,L-SO,0,3,3,1,0,0,0,0,0,,,,0,,23,22:25,0,1,0,0,
412,2013-04-27,48,26-230,PHX,@,ANA,W,0,2,2,3,10,0,0,0,0,,,,1,0.0,25,18:26,1,2,0,0,
413,2013-10-03,1,27-024,PHX,,NYR,W,0,1,1,1,2,0,0,0,0,,,,1,0.0,27,19:59,0,2,0,0,
414,2013-10-05,2,27-026,PHX,@,SJS,L,0,0,0,-1,0,0,0,0,0,,,,1,0.0,29,24:46,0,1,0,0,
415,2013-10-08,3,27-029,PHX,@,NYI,L,0,0,0,0,0,0,0,0,0,,,,4,0.0,23,20:30,0,1,0,0,
416,2013-10-10,4,27-031,PHX,@,DET,W,0,0,0,2,0,0,0,0,0,,,,2,0.0,28,20:08,0,0,0,0,
417,2013-10-11,5,27-032,PHX,@,PHI,W,0,0,0,0,0,0,0,0,0,,,,1,0.0,23,17:59,0,2,0,0,
418,2013-10-13,6,27-034,PHX,@,CAR,W,0,0,0,0,0,0,0,0,0,,,,2,0.0,30,20:49,1,1,0,0,
419,2013-10-15,7,27-036,PHX,,OTT,L-OT,0,0,0,-2,0,0,0,0,0,,,,2,0.0,25,22:47,1,1,0,0,
420,2013-10-18,8,27-039,PHX,@,ANA,L-SO,0,1,1,0,4,0,0,0,0,,,,4,0.0,26,23:16,2,1,0,0,
421,2013-10-19,9,27-040,PHX,,DET,W,0,0,0,1,0,0,0,0,0,,,,2,0.0,25,21:24,1,1,0,0,
422,2013-10-22,10,27-043,PHX,,CGY,W,0,2,2,-1,0,0,0,0,0,,,,1,0.0,25,19:01,0,1,0,0,
423,2013-10-24,11,27-045,PHX,@,LAK,L,0,2,2,-3,0,0,0,0,0,,,,3,0.0,28,26:22,1,0,0,0,
424,2013-10-26,12,27-047,PHX,,EDM,W,1,1,2,-1,0,0,1,0,0,,,,3,33.3,28,25:35,1,1,0,0,
425,2013-10-29,13,27-050,PHX,,LAK,W,0,1,1,2,0,0,0,0,0,,,,0,,24,21:30,2,2,0,0,
426,2013-10-31,14,27-052,PHX,,NSH,W,0,2,2,-1,0,0,0,0,0,,,,3,0.0,28,24:27,0,1,0,0,
427,2013-11-02,15,27-054,PHX,@,SJS,W,0,0,0,-1,0,0,0,0,0,,,,3,0.0,27,22:40,0,1,0,0,
428,2013-11-05,16,27-057,PHX,,VAN,W,0,1,1,1,0,0,0,0,0,,,,1,0.0,31,28:47,0,2,0,0,
429,2013-11-06,17,27-058,PHX,@,ANA,L,0,0,0,-2,2,0,0,0,0,,,,2,0.0,27,21:11,0,1,0,0,
430,2013-11-09,18,27-061,PHX,,WSH,W,0,2,2,0,0,0,0,0,0,,,,5,0.0,29,28:09,0,2,0,0,
431,2013-11-12,19,27-064,PHX,@,STL,W,0,0,0,-1,0,0,0,0,0,,,,2,0.0,27,19:03,0,0,0,0,
432,2013-11-14,20,27-066,PHX,@,CHI,L-SO,0,2,2,1,0,0,0,0,0,,,,1,0.0,33,25:23,0,1,0,0,
433,2013-11-16,21,27-068,PHX,,TBL,W,0,0,0,-1,0,0,0,0,0,,,,2,0.0,30,27:29,1,3,0,0,
434,2013-11-21,22,27-073,PHX,,COL,L-OT,0,1,1,0,2,0,0,0,0,,,,2,0.0,30,25:05,0,3,0,0,
435,2013-11-23,23,27-075,PHX,,ANA,L,0,0,0,1,0,0,0,0,0,,,,7,0.0,27,26:25,0,0,0,0,
436,2013-11-25,24,27-077,PHX,@,NSH,L,0,0,0,-1,0,0,0,0,0,,,,0,,27,22:21,0,2,0,0,
437,2013-11-27,25,27-079,PHX,@,MIN,W,0,0,0,0,2,0,0,0,0,,,,2,0.0,25,17:19,0,0,0,0,
438,2013-11-30,26,27-082,PHX,,CHI,L,0,0,0,-2,0,0,0,0,0,,,,5,0.0,23,21:17,1,3,0,0,
439,2013-12-03,27,27-085,PHX,@,EDM,W,1,0,1,2,0,1,0,0,0,,,,2,50.0,20,22:29,0,2,0,0,
440,2013-12-04,28,27-086,PHX,@,CGY,L,1,0,1,0,0,1,0,0,0,,,,5,20.0,26,26:37,0,0,0,0,
441,2013-12-06,29,27-088,PHX,@,VAN,L-OT,0,0,0,-1,0,0,0,0,0,,,,4,0.0,29,25:00,0,3,0,0,
442,2013-12-10,30,27-092,PHX,@,COL,W,0,1,1,0,0,0,0,0,0,,,,3,0.0,28,26:43,1,0,0,0,
443,2013-12-12,31,27-094,PHX,,NYI,W,1,1,2,4,2,0,1,0,0,,,,4,25.0,28,25:14,0,1,0,0,
444,2013-12-14,32,27-096,PHX,,CAR,L,0,0,0,-2,10,0,0,0,0,,,,2,0.0,27,23:32,1,2,0,0,
445,2013-12-17,33,27-099,PHX,@,MTL,L,0,0,0,0,0,0,0,0,0,,,,1,0.0,30,27:46,0,2,0,0,
446,2013-12-19,34,27-101,PHX,@,TOR,L-SO,0,0,0,0,0,0,0,0,0,,,,4,0.0,28,27:58,2,0,0,0,
447,2013-12-21,35,27-103,PHX,@,OTT,W,0,0,0,-1,2,0,0,0,0,,,,8,0.0,28,26:48,0,2,0,0,
448,2013-12-23,36,27-105,PHX,@,BUF,L-OT,0,0,0,0,0,0,0,0,0,,,,2,0.0,25,26:59,0,1,0,0,
449,2013-12-27,37,27-109,PHX,,SJS,L-SO,0,1,1,0,0,0,0,0,0,,,,5,0.0,35,26:39,0,1,0,0,
450,2013-12-28,38,27-110,PHX,@,ANA,L-OT,0,1,1,-2,2,0,0,0,0,,,,3,0.0,27,24:39,2,0,0,0,
451,2013-12-31,39,27-113,PHX,,EDM,W,2,1,3,3,0,2,0,0,1,,,,4,50.0,38,28:24,0,2,0,0,
452,2014-01-02,40,27-115,PHX,,CBJ,L,0,0,0,0,5,0,0,0,0,,,,7,0.0,29,30:37,0,1,0,0,
453,2014-01-04,41,27-117,PHX,,PHI,L,0,1,1,0,0,0,0,0,0,,,,1,0.0,28,26:25,0,2,0,0,
454,2014-01-07,42,27-120,PHX,,CGY,W,0,0,0,2,0,0,0,0,0,,,,4,0.0,29,25:51,0,2,0,0,
455,2014-01-09,43,27-122,PHX,,MIN,L,0,0,0,-3,0,0,0,0,0,,,,6,0.0,28,24:14,0,3,0,0,
456,2014-01-11,44,27-124,PHX,,ANA,L,0,0,0,-3,0,0,0,0,0,,,,2,0.0,24,26:51,0,0,0,0,
457,2014-01-13,45,27-126,PHX,@,WPG,L,0,0,0,-3,2,0,0,0,0,,,,2,0.0,25,18:35,0,2,0,0,
458,2014-01-14,46,27-127,PHX,@,STL,L,0,1,1,-1,0,0,0,0,0,,,,0,,27,24:25,0,1,0,0,
459,2014-01-16,47,27-129,PHX,,VAN,W,0,1,1,0,0,0,0,0,0,,,,0,,23,22:35,0,0,0,0,
460,2014-01-18,48,27-131,PHX,,NJD,W,0,2,2,0,0,0,0,0,0,,,,3,0.0,26,21:39,0,2,0,0,
461,2014-01-20,49,27-133,PHX,,TOR,L,0,1,1,-2,0,0,0,0,0,,,,5,0.0,25,25:10,0,3,0,0,
462,2014-01-22,50,27-135,PHX,@,CGY,L,0,1,1,-1,0,0,0,0,0,,,,2,0.0,34,27:44,0,1,0,0,
463,2014-01-24,51,27-137,PHX,@,EDM,W,0,0,0,2,2,0,0,0,0,,,,4,0.0,26,18:43,0,0,0,0,
464,2014-01-26,52,27-139,PHX,@,VAN,L-OT,0,0,0,1,0,0,0,0,0,,,,0,,27,24:22,0,2,0,0,
465,2014-01-28,53,27-141,PHX,,LAK,W,0,0,0,0,2,0,0,0,0,,,,1,0.0,27,22:54,0,0,0,0,
466,2014-01-30,54,27-143,PHX,,BUF,L,0,1,1,-1,0,0,0,0,0,,,,6,0.0,27,25:46,1,3,0,0,
467,2014-02-01,55,27-145,PHX,,PIT,W,0,0,0,0,0,0,0,0,0,,,,2,0.0,27,24:17,0,1,0,0,
468,2014-02-04,56,27-148,PHX,,DAL,L,0,0,0,-2,2,0,0,0,0,,,,3,0.0,26,26:25,0,2,0,0,
469,2014-02-07,57,27-151,PHX,,CHI,W,1,1,2,0,0,0,1,0,1,,,,4,25.0,24,23:07,0,2,0,0,
470,2014-02-08,58,27-152,PHX,@,DAL,L,0,1,1,-1,0,0,0,0,0,,,,1,0.0,23,22:29,0,0,0,0,
471,2014-02-27,59,27-171,PHX,@,WPG,L-SO,0,0,0,0,2,0,0,0,0,,,,4,0.0,31,26:18,0,0,0,0,
472,2014-02-28,60,27-172,PHX,@,COL,L,0,1,1,-1,0,0,0,0,0,,,,4,0.0,27,25:52,0,3,0,0,
473,2014-03-02,61,27-174,PHX,,STL,L,0,1,1,-1,0,0,0,0,0,,,,3,0.0,29,23:55,0,1,0,0,
474,2014-03-04,62,27-176,PHX,,VAN,W,0,0,0,1,0,0,0,0,0,,,,1,0.0,27,24:20,0,2,0,0,
475,2014-03-06,63,27-178,PHX,,MTL,W,0,1,1,0,0,0,0,0,0,,,,2,0.0,27,21:49,0,0,0,0,
476,2014-03-08,64,27-180,PHX,@,WSH,L,0,2,2,0,0,0,0,0,0,,,,4,0.0,25,24:28,0,1,0,0,
477,2014-03-10,65,27-182,PHX,@,TBL,W,0,1,1,-1,0,0,0,0,0,,,,2,0.0,32,21:34,0,1,0,0,
478,2014-03-11,66,27-183,PHX,@,FLA,W,0,1,1,1,0,0,0,0,0,,,,4,0.0,24,20:36,0,1,0,0,
479,2014-03-13,67,27-185,PHX,@,BOS,L,0,0,0,-1,0,0,0,0,0,,,,2,0.0,29,27:21,1,1,0,0,
480,2014-03-15,68,27-187,PHX,,CGY,W,0,2,2,1,0,0,0,0,0,,,,2,0.0,32,29:17,0,1,0,0,
481,2014-03-17,69,27-189,PHX,@,LAK,W,1,1,2,2,2,1,0,0,0,,,,6,16.7,25,23:09,0,3,0,0,
482,2014-03-20,70,27-192,PHX,,FLA,W,0,0,0,0,0,0,0,0,0,,,,4,0.0,23,21:51,0,0,0,0,
483,2014-03-22,71,27-194,PHX,,BOS,L,0,1,1,-2,0,0,0,0,0,,,,1,0.0,27,23:19,0,0,0,0,
484,2014-03-24,72,27-196,PHX,@,NYR,L-OT,0,1,1,-3,2,0,0,0,0,,,,5,0.0,31,23:52,0,3,0,0,
485,2014-03-25,73,27-197,PHX,@,PIT,W,0,0,0,0,0,0,0,0,0,,,,4,0.0,24,20:54,0,3,0,0,
486,2014-03-27,74,27-199,PHX,@,NJD,W,0,0,0,-1,0,0,0,0,0,,,,3,0.0,32,27:30,0,1,0,0,
487,2014-03-29,75,27-201,PHX,,MIN,L,0,0,0,-2,10,0,0,0,0,,,,4,0.0,26,26:58,1,0,0,0,
488,2014-04-01,76,27-204,PHX,,WPG,L-SO,0,0,0,-1,0,0,0,0,0,,,,1,0.0,25,22:16,0,0,0,0,
489,2014-04-02,77,27-205,PHX,@,LAK,L,0,0,0,0,0,0,0,0,0,,,,2,0.0,25,22:01,0,1,0,0,
490,2014-04-04,78,27-207,PHX,,EDM,L-SO,0,1,1,0,2,0,0,0,0,,,,3,0.0,33,25:08,0,2,0,0,
491,2014-04-08,79,27-211,PHX,@,CBJ,L-OT,0,1,1,1,0,0,0,0,0,,,,4,0.0,29,24:07,2,2,0,0,
492,2014-04-10,80,27-213,PHX,@,NSH,L,0,0,0,0,0,0,0,0,0,,,,3,0.0,28,27:30,0,0,0,0,
493,2014-04-12,81,27-215,PHX,,SJS,L,0,0,0,1,2,0,0,0,0,,,,6,0.0,26,24:49,0,1,0,0,
494,2014-04-13,82,27-216,PHX,,DAL,W,0,0,0,0,2,0,0,0,0,,,,6,0.0,26,26:26,0,2,0,0,
495,2014-10-09,1,28-030,ARI,,WPG,L,0,0,0,-1,0,0,0,0,0,0,0,0,2,0.0,28,25:19,0,0,0,0,
496,2014-10-11,2,28-032,ARI,,LAK,W,0,3,3,-1,0,0,0,0,0,1,2,0,3,0.0,32,29:56,1,2,0,0,
497,2014-10-15,3,28-036,ARI,,EDM,W,0,1,1,3,0,0,0,0,0,0,1,0,3,0.0,26,24:43,0,3,0,0,
498,2014-10-18,4,28-039,ARI,,STL,L,0,0,0,-2,0,0,0,0,0,0,0,0,2,0.0,31,30:09,0,2,0,0,
499,2014-10-21,5,28-042,ARI,@,NSH,L-SO,1,1,2,1,0,0,1,0,0,0,1,0,9,11.1,29,25:39,0,1,0,0,
500,2014-10-23,6,28-044,ARI,@,MIN,L,0,0,0,0,2,0,0,0,0,0,0,0,3,0.0,23,23:32,0,3,0,0,
501,2014-10-25,7,28-046,ARI,,FLA,W,0,2,2,-1,0,0,0,0,0,0,2,0,7,0.0,24,27:56,0,0,0,0,
502,2014-10-28,8,28-049,ARI,@,TBL,L,0,0,0,0,0,0,0,0,0,0,0,0,6,0.0,27,23:08,0,4,0,0,
503,2014-10-30,9,28-051,ARI,@,FLA,L,0,1,1,-1,4,0,0,0,0,0,1,0,6,0.0,24,27:14,1,5,0,0,
504,2014-11-01,10,28-053,ARI,@,CAR,L,0,0,0,0,0,0,0,0,0,0,0,0,2,0.0,30,23:11,1,4,0,0,
505,2014-11-02,11,28-054,ARI,@,WSH,W,0,1,1,2,0,0,0,0,0,0,1,0,3,0.0,26,26:43,1,2,0,0,
506,2014-11-04,12,28-056,ARI,,TOR,W,0,0,0,1,2,0,0,0,0,0,0,0,1,0.0,28,28:25,1,2,0,0,
507,2014-11-07,13,28-059,ARI,@,ANA,W,0,1,1,0,0,0,0,0,0,1,0,0,2,0.0,25,26:15,1,0,0,0,
508,2014-11-08,14,28-060,ARI,,NYI,L,0,0,0,0,0,0,0,0,0,0,0,0,4,0.0,25,24:18,0,1,0,0,
509,2014-11-11,15,28-063,ARI,,DAL,L,0,0,0,0,0,0,0,0,0,0,0,0,5,0.0,27,27:50,0,2,0,0,
510,2014-11-13,16,28-065,ARI,@,CGY,L,0,0,0,-3,2,0,0,0,0,0,0,0,0,,27,20:16,0,1,0,0,
511,2014-11-14,17,28-066,ARI,@,VAN,W,1,2,3,2,0,0,1,0,0,2,0,0,4,25.0,26,18:37,0,1,0,0,
512,2014-11-16,18,28-068,ARI,@,EDM,W,0,0,0,1,2,0,0,0,0,0,0,0,1,0.0,27,20:00,1,0,0,0,
513,2014-11-18,19,28-070,ARI,,WSH,L-OT,0,0,0,-1,0,0,0,0,0,0,0,0,2,0.0,30,26:19,0,0,0,0,
514,2014-11-20,20,28-072,ARI,@,DAL,L,0,0,0,-2,0,0,0,0,0,0,0,0,1,0.0,28,22:24,0,0,0,0,
515,2014-11-22,21,28-074,ARI,@,SJS,W,0,0,0,0,0,0,0,0,0,0,0,0,2,0.0,28,23:22,0,1,0,0,
516,2014-11-23,22,28-075,ARI,@,ANA,L,1,0,1,1,0,1,0,0,0,0,0,0,3,33.3,29,26:06,0,1,0,0,
517,2014-11-25,23,28-077,ARI,,COL,L-OT,0,1,1,1,0,0,0,0,0,1,0,0,2,0.0,28,22:49,0,1,0,0,
518,2014-11-29,24,28-081,ARI,,CGY,L,0,0,0,-2,0,0,0,0,0,0,0,0,2,0.0,27,21:56,0,1,0,0,
519,2014-12-01,25,28-083,ARI,@,EDM,W,0,1,1,1,0,0,0,0,0,0,1,0,3,0.0,30,21:55,1,2,0,0,
520,2014-12-02,26,28-084,ARI,@,CGY,L,0,1,1,-1,0,0,0,0,0,1,0,0,7,0.0,30,22:25,0,1,0,0,
521,2014-12-04,27,28-086,ARI,,LAK,L,0,0,0,0,0,0,0,0,0,0,0,0,2,0.0,26,23:05,0,1,0,0,
522,2014-12-06,28,28-088,ARI,,BOS,L,0,1,1,-1,0,0,0,0,0,0,1,0,1,0.0,25,28:13,0,2,0,0,
523,2014-12-11,29,28-093,ARI,,NSH,L,0,1,1,-3,0,0,0,0,0,0,1,0,6,0.0,28,21:08,2,0,0,0,
524,2014-12-13,30,28-095,ARI,,MIN,L-SO,0,0,0,-1,0,0,0,0,0,0,0,0,3,0.0,30,24:26,0,1,0,0,
525,2014-12-16,31,28-098,ARI,,EDM,W,0,0,0,0,0,0,0,0,0,0,0,0,2,0.0,29,27:12,0,1,0,0,
526,2014-12-20,32,28-102,ARI,@,LAK,L,0,1,1,0,2,0,0,0,0,1,0,0,1,0.0,26,26:02,0,2,0,0,
527,2014-12-22,33,28-104,ARI,@,VAN,L,0,1,1,-1,6,0,0,0,0,0,1,0,3,0.0,28,24:23,1,0,0,0,
528,2014-12-23,34,28-105,ARI,@,EDM,W,1,0,1,1,2,1,0,0,0,0,0,0,2,50.0,25,21:03,0,2,0,0,
529,2014-12-27,35,28-109,ARI,,ANA,W,0,0,0,0,0,0,0,0,0,0,0,0,2,0.0,34,27:36,0,1,0,0,
530,2014-12-29,36,28-111,ARI,,PHI,W,0,1,1,-1,0,0,0,0,0,0,1,0,3,0.0,29,25:19,4,1,0,0,
531,2014-12-31,37,28-113,ARI,@,DAL,L,0,0,0,-2,0,0,0,0,0,0,0,0,4,0.0,26,22:43,1,2,0,0,
532,2015-01-03,38,28-116,ARI,,CBJ,W,0,2,2,0,0,0,0,0,0,0,2,0,5,0.0,26,21:08,1,1,0,0,
533,2015-01-06,39,28-119,ARI,,STL,L,0,0,0,-2,0,0,0,0,0,0,0,0,3,0.0,24,20:46,2,0,0,0,
534,2015-01-08,40,28-121,ARI,,WPG,W,0,0,0,-1,2,0,0,0,0,0,0,0,1,0.0,25,20:08,2,2,0,0,
535,2015-01-10,41,28-123,ARI,,OTT,L,0,0,0,-2,0,0,0,0,0,0,0,0,5,0.0,22,20:24,1,0,0,0,
536,2015-01-13,42,28-126,ARI,,SJS,L,0,0,0,-1,0,0,0,0,0,0,0,0,2,0.0,25,23:09,2,1,0,0,
537,2015-01-15,43,28-128,ARI,,CGY,L,0,1,1,0,0,0,0,0,0,1,0,0,1,0.0,27,22:18,1,0,0,0,
538,2015-01-17,44,28-130,ARI,@,MIN,L,0,1,1,-3,0,0,0,0,0,0,1,0,3,0.0,24,21:32,0,0,0,0,
539,2015-01-18,45,28-131,ARI,@,WPG,L-SO,0,1,1,0,2,0,0,0,0,0,1,0,3,0.0,33,27:34,0,0,0,0,
540,2015-01-20,46,28-133,ARI,@,CHI,L,0,1,1,-1,2,0,0,0,0,1,0,0,5,0.0,26,21:33,1,1,0,0,
541,2015-01-27,47,28-140,ARI,@,PHI,L-SO,0,0,0,-2,0,0,0,0,0,0,0,0,3,0.0,34,24:23,1,1,0,0,
542,2015-01-29,48,28-142,ARI,@,TOR,W,0,1,1,0,0,0,0,0,0,0,1,0,3,0.0,24,25:00,2,1,0,0,
543,2015-01-31,49,28-144,ARI,@,OTT,L,0,1,1,-1,0,0,0,0,0,1,0,0,3,0.0,29,25:00,0,0,0,0,
544,2015-02-01,50,28-145,ARI,@,MTL,W,0,2,2,-1,0,0,0,0,0,0,2,0,4,0.0,28,21:55,0,3,0,0,
545,2015-02-03,51,28-147,ARI,@,CBJ,W,0,2,2,1,0,0,0,0,0,0,2,0,2,0.0,30,21:53,0,0,0,0,
546,2015-02-05,52,28-149,ARI,,CAR,L-SO,0,1,1,0,0,0,0,0,0,1,0,0,0,,24,20:39,1,0,0,0,
547,2015-02-07,53,28-151,ARI,,DET,L,0,1,1,0,0,0,0,0,0,1,0,0,2,0.0,22,25:32,0,3,0,0,
548,2015-02-09,54,28-153,ARI,@,CHI,W,0,1,1,0,0,0,0,0,0,0,1,0,3,0.0,31,21:36,0,0,0,0,
549,2015-02-10,55,28-154,ARI,@,STL,L,0,0,0,-1,0,0,0,0,0,0,0,0,2,0.0,28,23:53,0,3,0,0,
550,2015-02-13,56,28-157,ARI,,SJS,L,0,1,1,1,0,0,0,0,0,0,1,0,2,0.0,31,24:03,2,1,0,0,
551,2015-02-14,57,28-158,ARI,,NYR,L,0,0,0,-3,0,0,0,0,0,0,0,0,2,0.0,26,24:47,1,2,0,0,
552,2015-02-16,58,28-160,ARI,@,COL,L,0,0,0,-1,2,0,0,0,0,0,0,0,0,,26,22:31,1,0,0,0,
553,2015-02-21,59,28-165,ARI,,TBL,L,0,0,0,0,2,0,0,0,0,0,0,0,2,0.0,26,22:22,1,2,0,0,
554,2015-02-23,60,28-167,ARI,@,NJD,L,0,0,0,-1,0,0,0,0,0,0,0,0,4,0.0,30,26:23,0,1,0,0,
555,2015-02-24,61,28-168,ARI,@,NYI,L,0,0,0,-3,0,0,0,0,0,0,0,0,2,0.0,26,22:23,1,3,0,0,
556,2015-02-26,62,28-170,ARI,@,NYR,L,0,0,0,-1,0,0,0,0,0,0,0,0,6,0.0,26,22:42,1,2,0,0,
557,2015-02-28,63,28-172,ARI,@,BOS,L,0,1,1,0,0,0,0,0,0,1,0,0,3,0.0,28,21:03,2,1,0,0,
558,2015-03-02,64,28-174,NYR,,NSH,W,0,0,0,-1,0,0,0,0,0,0,0,0,3,0.0,24,19:41,1,0,0,0,
559,2015-03-04,65,28-176,NYR,@,DET,L-OT,0,0,0,0,2,0,0,0,0,0,0,0,2,0.0,23,17:45,0,0,0,0,
560,2015-03-08,66,28-180,NYR,@,CHI,W,0,0,0,0,0,0,0,0,0,0,0,0,2,0.0,32,21:08,1,3,0,0,
561,2015-03-10,67,28-182,NYR,@,NYI,W,0,0,0,0,2,0,0,0,0,0,0,0,0,,21,17:39,1,0,0,0,
562,2015-03-11,68,28-183,NYR,@,WSH,W,0,0,0,1,0,0,0,0,0,0,0,0,2,0.0,25,18:21,1,1,0,0,
563,2015-03-14,69,28-186,NYR,@,BUF,W,1,0,1,1,0,1,0,0,1,0,0,0,3,33.3,24,18:34,0,0,0,0,
564,2015-03-15,70,28-187,NYR,,FLA,W,0,0,0,1,0,0,0,0,0,0,0,0,0,,21,18:42,1,4,0,0,
565,2015-03-18,71,28-190,NYR,,CHI,L,0,0,0,0,2,0,0,0,0,0,0,0,0,,28,24:07,0,1,0,0,
566,2015-03-21,72,28-193,NYR,@,CAR,W,0,0,0,1,0,0,0,0,0,0,0,0,3,0.0,26,21:02,2,2,0,0,
567,2015-03-22,73,28-194,NYR,,ANA,W,0,3,3,3,0,0,0,0,0,2,1,0,4,0.0,24,20:41,0,1,0,0,
568,2015-03-24,74,28-196,NYR,,LAK,L,0,0,0,-1,0,0,0,0,0,0,0,0,1,0.0,25,21:19,4,1,0,0,
569,2015-03-26,75,28-198,NYR,@,OTT,W,0,1,1,2,2,0,0,0,0,1,0,0,2,0.0,24,16:34,0,2,0,0,
570,2015-03-28,76,28-200,NYR,@,BOS,L,0,1,1,-2,0,0,0,0,0,1,0,0,2,0.0,26,18:47,2,1,0,0,
571,2015-03-29,77,28-201,NYR,,WSH,L,0,0,0,0,0,0,0,0,0,0,0,0,2,0.0,20,21:05,0,1,0,0,
572,2015-03-31,78,28-203,NYR,@,WPG,W,0,1,1,-1,0,0,0,0,0,0,1,0,3,0.0,23,14:43,0,2,0,0,
573,2015-04-02,79,28-205,NYR,@,MIN,W,0,0,0,1,0,0,0,0,0,0,0,0,1,0.0,24,18:25,0,0,0,0,
574,2015-04-04,80,28-207,NYR,,NJD,W,1,1,2,2,0,1,0,0,1,1,0,0,4,25.0,24,20:35,1,1,0,0,
575,2015-04-06,81,28-209,NYR,,CBJ,W,0,1,1,2,0,0,0,0,0,1,0,0,5,0.0,26,25:55,0,0,0,0,
576,2015-04-07,82,28-210,NYR,@,NJD,W,0,1,1,0,0,0,0,0,0,0,1,0,3,0.0,24,21:37,0,0,0,0,
577,2015-04-09,83,28-212,NYR,,OTT,L,0,0,0,-2,0,0,0,0,0,0,0,0,2,0.0,19,19:43,0,0,0,0,
578,2015-04-11,84,28-214,NYR,@,WSH,W,0,0,0,-1,0,0,0,0,0,0,0,0,3,0.0,25,22:05,0,0,0,0,
579,2015-10-07,1,29-028,NYR,@,CHI,W,0,1,1,2,2,0,0,0,0,1,0,0,0,,23,18:57,3,0,0,0,
580,2015-10-09,2,29-030,NYR,@,CBJ,W,0,0,0,-1,0,0,0,0,0,0,0,0,1,0.0,23,17:47,0,0,0,0,
581,2015-10-10,3,29-031,NYR,,CBJ,W,0,2,2,2,0,0,0,0,0,1,1,0,0,,25,19:51,0,2,0,0,
582,2015-10-13,4,29-034,NYR,,WPG,L,0,0,0,0,0,0,0,0,0,0,0,0,5,0.0,24,20:15,2,1,0,0,
583,2015-10-15,5,29-036,NYR,@,MTL,L,0,0,0,-2,0,0,0,0,0,0,0,0,0,,30,22:27,1,2,0,0,
584,2015-10-18,6,29-039,NYR,,NJD,L-OT,0,0,0,-1,0,0,0,0,0,0,0,0,2,0.0,24,19:42,1,1,0,0,
585,2015-10-19,7,29-040,NYR,,SJS,W,0,1,1,1,0,0,0,0,0,1,0,0,2,0.0,27,21:08,2,0,0,0,
586,2015-10-22,8,29-043,NYR,,ARI,W,1,0,1,0,2,0,1,0,0,0,0,0,3,33.3,24,18:54,0,0,0,0,
587,2015-10-24,9,29-045,NYR,@,PHI,L-SO,0,1,1,1,0,0,0,0,0,1,0,0,3,0.0,33,19:50,2,2,0,0,
588,2015-10-25,10,29-046,NYR,,CGY,W,0,0,0,2,2,0,0,0,0,0,0,0,1,0.0,28,19:01,0,0,0,0,
589,2015-10-30,11,29-051,NYR,,TOR,W,0,0,0,0,0,0,0,0,0,0,0,0,3,0.0,25,21:20,0,0,0,0,
590,2015-11-03,12,29-055,NYR,,WSH,W,0,1,1,1,0,0,0,0,0,1,0,0,0,,22,20:05,0,1,0,0,
591,2015-11-06,13,29-058,NYR,@,COL,W,0,0,0,0,0,0,0,0,0,0,0,0,3,0.0,19,15:10,0,0,0,0,
592,2015-11-07,14,29-059,NYR,@,ARI,W,0,1,1,0,0,0,0,0,0,0,1,0,2,0.0,25,18:03,2,0,0,0,
593,2015-11-10,15,29-062,NYR,,CAR,W,0,1,1,1,0,0,0,0,0,1,0,0,2,0.0,23,17:41,0,1,0,0,
594,2015-11-12,16,29-064,NYR,,STL,W,0,0,0,1,2,0,0,0,0,0,0,0,1,0.0,22,13:37,0,1,0,0,
595,2015-11-14,17,29-066,NYR,@,OTT,W,0,1,1,0,0,0,0,0,0,0,1,0,3,0.0,27,17:11,1,0,0,0,
596,2015-11-15,18,29-067,NYR,,TOR,W,0,0,0,-2,0,0,0,0,0,0,0,0,1,0.0,22,16:29,0,0,0,0,
597,2015-11-19,19,29-071,NYR,@,TBL,L,0,0,0,-1,0,0,0,0,0,0,0,0,4,0.0,24,17:56,1,1,0,0,
598,2015-11-21,20,29-073,NYR,@,FLA,W,0,0,0,0,0,0,0,0,0,0,0,0,1,0.0,25,12:56,0,0,0,0,
599,2015-11-23,21,29-075,NYR,,NSH,W,0,1,1,1,2,0,0,0,0,0,1,0,0,,29,17:48,0,0,0,0,
600,2015-11-25,22,29-077,NYR,,MTL,L,0,0,0,-1,0,0,0,0,0,0,0,0,3,0.0,26,21:35,2,1,0,0,
601,2015-11-27,23,29-079,NYR,@,BOS,L,0,1,1,1,0,0,0,0,0,0,1,0,5,0.0,28,20:25,0,0,0,0,
602,2015-11-28,24,29-080,NYR,,PHI,L,0,0,0,-2,0,0,0,0,0,0,0,0,2,0.0,28,22:04,0,0,0,0,
603,2015-11-30,25,29-082,NYR,,CAR,W,0,1,1,0,0,0,0,0,0,0,1,0,2,0.0,29,19:43,0,3,0,0,
604,2015-12-02,26,29-084,NYR,@,NYI,L-SO,0,0,0,0,4,0,0,0,0,0,0,0,5,0.0,26,19:32,0,4,0,0,
605,2015-12-03,27,29-085,NYR,,COL,L,0,0,0,0,0,0,0,0,0,0,0,0,5,0.0,29,22:19,0,1,0,0,
606,2015-12-06,28,29-088,NYR,,OTT,W,0,1,1,0,0,0,0,0,0,0,1,0,2,0.0,26,19:52,0,0,0,0,
607,2015-12-09,29,29-091,NYR,@,VAN,L,0,0,0,0,0,0,0,0,0,0,0,0,2,0.0,26,21:18,0,0,0,0,
608,2015-12-11,30,29-093,NYR,@,EDM,L,0,1,1,1,0,0,0,0,0,1,0,0,3,0.0,26,21:33,0,0,0,0,
609,2015-12-12,31,29-094,NYR,@,CGY,L-OT,0,0,0,-2,0,0,0,0,0,0,0,0,2,0.0,28,20:52,0,0,0,0,
610,2015-12-15,32,29-097,NYR,,EDM,W,0,2,2,2,0,0,0,0,0,2,0,0,1,0.0,22,16:33,0,0,0,0,
611,2015-12-17,33,29-099,NYR,@,MIN,L,0,0,0,-2,0,0,0,0,0,0,0,0,1,0.0,26,21:33,0,1,0,0,
612,2015-12-18,34,29-100,NYR,@,WPG,L,0,1,1,-1,2,0,0,0,0,1,0,0,1,0.0,30,20:41,2,2,0,0,
613,2015-12-20,35,29-102,NYR,,WSH,L,0,1,1,-2,0,0,0,0,0,1,0,0,1,0.0,24,18:59,0,1,0,0,
614,2015-12-22,36,29-104,NYR,,ANA,W,0,0,0,1,0,0,0,0,0,0,0,0,2,0.0,29,20:13,0,2,0,0,
615,2015-12-28,37,29-110,NYR,@,NSH,L,0,0,0,0,0,0,0,0,0,0,0,0,1,0.0,27,21:03,0,3,0,0,
616,2015-12-30,38,29-112,NYR,@,TBL,W,0,1,1,2,0,0,0,0,0,1,0,0,3,0.0,23,13:44,2,0,0,0,
617,2016-01-02,39,29-115,NYR,@,FLA,L,0,0,0,0,2,0,0,0,0,0,0,0,4,0.0,27,22:00,2,0,0,0,
618,2016-01-05,40,29-118,NYR,,DAL,W,1,0,1,1,0,1,0,0,0,0,0,0,4,25.0,26,17:21,1,1,0,0,
619,2016-01-09,41,29-122,NYR,,WSH,L-OT,0,1,1,1,0,0,0,0,0,1,0,0,1,0.0,24,17:41,0,0,0,0,
620,2016-01-11,42,29-124,NYR,,BOS,W,0,1,1,0,0,0,0,0,0,1,0,0,1,0.0,27,17:00,0,1,0,0,
621,2016-01-14,43,29-127,NYR,@,NYI,L,0,0,0,-2,0,0,0,0,0,0,0,0,5,0.0,25,22:06,0,1,0,0,
622,2016-01-16,44,29-129,NYR,@,PHI,W,0,0,0,0,0,0,0,0,0,0,0,0,1,0.0,24,18:08,1,0,0,0,
623,2016-01-17,45,29-130,NYR,@,WSH,L,0,0,0,-1,0,0,0,0,0,0,0,0,2,0.0,23,19:40,3,0,0,0,
624,2016-01-19,46,29-132,NYR,,VAN,W,0,1,1,0,0,0,0,0,0,1,0,0,0,,28,23:33,0,1,0,0,
625,2016-01-22,47,29-135,NYR,@,CAR,W,1,0,1,2,0,1,0,0,1,0,0,0,1,100.0,27,18:12,2,0,0,0,
626,2016-01-24,48,29-137,NYR,@,OTT,L,0,0,0,0,0,0,0,0,0,0,0,0,0,,25,18:55,0,0,0,0,
627,2016-01-25,49,29-138,NYR,,BUF,W,0,1,1,2,0,0,0,0,0,1,0,0,2,0.0,26,20:09,1,0,0,0,
628,2016-02-02,50,29-146,NYR,@,NJD,L,0,1,1,1,0,0,0,0,0,1,0,0,2,0.0,25,20:11,0,0,0,0,
629,2016-02-04,51,29-148,NYR,,MIN,W,0,0,0,0,0,0,0,0,0,0,0,0,2,0.0,21,15:40,1,0,0,0,
630,2016-02-06,52,29-150,NYR,@,PHI,W,1,0,1,1,2,1,0,0,0,0,0,0,4,25.0,33,27:33,1,0,0,0,
631,2016-02-08,53,29-152,NYR,,NJD,W,0,0,0,-1,0,0,0,0,0,0,0,0,5,0.0,27,25:19,0,3,0,0,
632,2016-02-10,54,29-154,NYR,@,PIT,W,0,1,1,1,0,0,0,0,0,1,0,0,3,0.0,29,22:43,0,1,0,0,
633,2016-02-12,55,29-156,NYR,,LAK,L-OT,0,1,1,1,0,0,0,0,0,0,1,0,2,0.0,33,25:27,0,1,0,0,
634,2016-02-14,56,29-158,NYR,,PHI,W,0,1,1,1,0,0,0,0,0,1,0,0,2,0.0,29,22:07,1,1,0,0,
635,2016-02-17,57,29-161,NYR,,CHI,L,0,1,1,-1,2,0,0,0,0,0,1,0,3,0.0,34,25:45,0,0,0,0,
636,2016-02-18,58,29-162,NYR,@,TOR,W,0,1,1,0,2,0,0,0,0,0,1,0,1,0.0,27,21:19,2,0,0,0,
637,2016-02-21,59,29-165,NYR,,DET,W,0,0,0,0,4,0,0,0,0,0,0,0,2,0.0,26,22:13,0,1,0,0,
638,2016-02-23,60,29-167,NYR,@,NJD,L,0,1,1,0,0,0,0,0,0,1,0,0,1,0.0,29,20:47,0,0,0,0,
639,2016-02-25,61,29-169,NYR,@,STL,W,0,0,0,0,0,0,0,0,0,0,0,0,3,0.0,24,16:54,0,2,0,0,
640,2016-02-27,62,29-171,NYR,@,DAL,W,0,1,1,-1,0,0,0,0,0,0,1,0,3,0.0,26,16:25,0,0,0,0,
641,2016-02-29,63,29-173,NYR,,CBJ,W,0,0,0,0,0,0,0,0,0,0,0,0,1,0.0,25,20:49,0,0,0,0,
642,2016-03-03,64,29-176,NYR,@,PIT,L,0,0,0,-3,2,0,0,0,0,0,0,0,2,0.0,27,20:25,1,3,0,0,
643,2016-03-04,65,29-177,NYR,@,WSH,W,1,0,1,0,0,0,1,0,0,0,0,0,3,33.3,29,24:25,0,3,0,0,
644,2016-03-06,66,29-179,NYR,,NYI,L,0,1,1,-2,0,0,0,0,0,0,1,0,2,0.0,34,25:41,0,0,0,0,
645,2016-03-08,67,29-181,NYR,@,BUF,W,0,1,1,-1,0,0,0,0,0,0,1,0,1,0.0,26,20:10,0,0,0,0,
646,2016-03-12,68,29-185,NYR,@,DET,L-OT,0,1,1,-2,0,0,0,0,0,0,1,0,1,0.0,27,19:31,0,0,0,0,
647,2016-03-13,69,29-186,NYR,,PIT,L,0,1,1,0,0,0,0,0,0,0,1,0,0,,25,18:50,1,1,0,0,
648,2016-03-16,70,29-189,NYR,@,ANA,W,0,0,0,-1,0,0,0,0,0,0,0,0,2,0.0,25,18:06,3,1,0,0,
649,2016-03-17,71,29-190,NYR,@,LAK,L-OT,0,0,0,-2,2,0,0,0,0,0,0,0,0,,28,20:59,0,0,0,0,
650,2016-03-19,72,29-192,NYR,@,SJS,L,0,0,0,-1,0,0,0,0,0,0,0,0,3,0.0,25,19:48,0,1,0,0,
651,2016-03-21,73,29-194,NYR,,FLA,W,0,0,0,1,0,0,0,0,0,0,0,0,2,0.0,26,18:29,1,2,0,0,
652,2016-03-23,74,29-196,NYR,,BOS,W,0,2,2,-1,0,0,0,0,0,0,2,0,0,,26,22:00,0,1,0,0,
653,2016-03-26,75,29-199,NYR,@,MTL,W,0,2,2,1,2,0,0,0,0,1,1,0,1,0.0,29,19:33,0,2,0,0,
654,2016-03-27,76,29-200,NYR,,PIT,L-OT,0,0,0,0,0,0,0,0,0,0,0,0,0,,32,21:10,1,3,0,0,
655,2016-03-31,77,29-204,NYR,@,CAR,L,0,1,1,-1,0,0,0,0,0,0,1,0,1,0.0,26,20:58,0,2,0,0,
656,2016-04-02,78,29-206,NYR,,BUF,L,0,0,0,1,0,0,0,0,0,0,0,0,4,0.0,25,22:36,0,2,0,0,
657,2016-04-04,79,29-208,NYR,@,CBJ,W,0,0,0,0,0,0,0,0,0,0,0,0,2,0.0,32,22:23,0,1,0,0,
658,2016-04-05,80,29-209,NYR,,TBL,W,0,1,1,0,4,0,0,0,0,0,1,0,0,,21,19:08,0,0,0,0,
659,2016-04-07,81,29-211,NYR,,NYI,L,0,1,1,0,2,0,0,0,0,1,0,0,2,0.0,21,19:18,0,1,0,0,
660,2016-04-09,82,29-213,NYR,,DET,W,0,0,0,0,0,0,0,0,0,0,0,0,1,0.0,22,17:19,0,2,0,0,
661,2016-10-13,1,30-034,FLA,,NJD,W,0,0,0,0,0,0,0,0,0,0,0,0,1,0.0,26,25:35,2,1,0,0,
662,2016-10-15,2,30-036,FLA,,DET,W,0,0,0,1,2,0,0,0,0,0,0,0,4,0.0,25,22:11,1,4,0,0,
663,2016-10-18,3,30-039,FLA,@,TBL,L-SO,0,0,0,0,4,0,0,0,0,0,0,0,3,0.0,25,23:17,2,0,0,0,
664,2016-10-20,4,30-041,FLA,,WSH,L,0,1,1,0,2,0,0,0,0,1,0,0,0,,28,25:07,0,0,0,0,
665,2016-10-22,5,30-043,FLA,,COL,W,0,0,0,-1,0,0,0,0,0,0,0,0,3,0.0,21,21:46,0,0,0,0,
666,2016-10-25,6,30-046,FLA,@,PIT,L,0,0,0,0,0,0,0,0,0,0,0,0,5,0.0,22,24:34,0,3,0,0,
667,2016-10-27,7,30-048,FLA,@,TOR,L,0,1,1,0,0,0,0,0,0,0,1,0,4,0.0,24,24:36,0,0,0,0,
668,2016-10-29,8,30-050,FLA,@,BUF,L,0,0,0,0,0,0,0,0,0,0,0,0,7,0.0,24,23:13,0,0,0,0,
669,2016-10-30,9,30-051,FLA,@,DET,W,0,1,1,1,2,0,0,0,0,1,0,0,2,0.0,20,18:08,0,1,0,0,
670,2016-11-01,10,30-053,FLA,,BOS,L,0,1,1,1,0,0,0,0,0,1,0,0,4,0.0,22,23:41,0,0,0,0,
671,2016-11-03,11,30-055,FLA,,NJD,W,0,1,1,-1,2,0,0,0,0,0,1,0,2,0.0,26,21:52,0,0,0,0,
672,2016-11-05,12,30-057,FLA,@,WSH,L,0,0,0,-1,0,0,0,0,0,0,0,0,2,0.0,23,20:32,0,1,0,0,
673,2016-11-07,13,30-059,FLA,,TBL,W,0,2,2,2,0,0,0,0,0,1,1,0,0,,23,22:03,0,2,0,0,
674,2016-11-10,14,30-062,FLA,,SJS,L,0,0,0,0,0,0,0,0,0,0,0,0,2,0.0,25,22:57,0,1,0,0,
675,2016-11-12,15,30-064,FLA,,NYI,W,0,1,1,1,2,0,0,0,0,1,0,0,3,0.0,26,24:53,0,2,0,0,
676,2016-11-15,16,30-067,FLA,@,MTL,W,0,0,0,0,0,0,0,0,0,0,0,0,1,0.0,27,22:24,0,2,0,0,
677,2016-11-17,17,30-069,FLA,@,TOR,L,0,0,0,-3,0,0,0,0,0,0,0,0,1,0.0,25,19:16,2,2,0,0,
678,2016-11-19,18,30-071,FLA,@,OTT,W,0,1,1,2,0,0,0,0,0,1,0,0,3,0.0,24,19:00,1,3,0,0,
679,2016-11-20,19,30-072,FLA,@,NYR,W,1,0,1,0,0,0,1,0,0,0,0,0,4,25.0,30,22:02,0,2,0,0,
680,2016-11-22,20,30-074,FLA,,PHI,L,0,1,1,0,0,0,0,0,0,1,0,0,1,0.0,25,23:19,0,1,0,0,
681,2016-11-26,21,30-078,FLA,,CBJ,W,0,0,0,0,0,0,0,0,0,0,0,0,2,0.0,24,21:38,0,2,0,0,
682,2016-11-27,22,30-079,FLA,@,CAR,L,0,0,0,0,0,0,0,0,0,0,0,0,0,,27,20:31,0,0,0,0,
683,2016-11-29,23,30-081,FLA,@,CHI,L-SO,0,0,0,0,0,0,0,0,0,0,0,0,5,0.0,29,25:13,1,0,0,0,
684,2016-12-01,24,30-083,FLA,@,DET,W,0,1,1,2,0,0,0,0,0,1,0,0,2,0.0,26,21:13,0,0,0,0,
685,2016-12-03,25,30-085,FLA,@,OTT,L,0,0,0,0,2,0,0,0,0,0,0,0,1,0.0,29,22:55,0,0,0,0,
686,2016-12-05,26,30-087,FLA,@,BOS,L-OT,0,0,0,0,0,0,0,0,0,0,0,0,0,,6,4:51,0,0,0,0,
687,2016-12-06,27,30-088,FLA,@,PHI,L-OT,0,0,0,-1,0,0,0,0,0,0,0,0,4,0.0,30,23:57,0,2,0,0,
688,2016-12-08,28,30-090,FLA,,PIT,L,0,1,1,-2,2,0,0,0,0,0,1,0,2,0.0,24,20:57,1,1,0,0,
689,2016-12-10,29,30-092,FLA,,VAN,W,0,0,0,1,0,0,0,0,0,0,0,0,0,,26,20:58,0,0,0,0,
690,2016-12-13,30,30-095,FLA,@,MIN,L,0,0,0,-1,0,0,0,0,0,0,0,0,3,0.0,26,24:01,0,2,0,0,
691,2016-12-15,31,30-097,FLA,@,WPG,L-SO,0,1,1,-1,0,0,0,0,0,0,1,0,1,0.0,32,23:31,0,0,0,0,
692,2016-12-16,32,30-098,FLA,@,COL,W,0,0,0,1,0,0,0,0,0,0,0,0,0,,28,24:53,0,0,0,0,
693,2016-12-20,33,30-102,FLA,,BUF,W,1,0,1,-1,0,0,1,0,0,0,0,0,6,16.7,26,24:34,0,1,0,0,
694,2016-12-22,34,30-104,FLA,,BOS,L,0,0,0,-2,0,0,0,0,0,0,0,0,3,0.0,30,25:16,0,2,0,0,
695,2016-12-23,35,30-105,FLA,,DET,L-SO,0,0,0,0,2,0,0,0,0,0,0,0,1,0.0,29,27:42,0,3,0,0,
696,2016-12-28,36,30-110,FLA,,TOR,L-SO,0,1,1,0,0,0,0,0,0,1,0,0,5,0.0,27,23:24,1,2,0,0,
697,2016-12-29,37,30-111,FLA,,MTL,L-OT,0,1,1,0,0,0,0,0,0,0,1,0,1,0.0,29,23:16,0,1,0,0,
698,2016-12-31,38,30-113,FLA,@,DAL,W,0,1,1,0,0,0,0,0,0,0,1,0,4,0.0,28,22:49,0,2,0,0,
699,2017-01-04,39,30-117,FLA,,WPG,L,0,0,0,-3,0,0,0,0,0,0,0,0,3,0.0,27,21:42,0,1,0,0,
700,2017-01-06,40,30-119,FLA,,NSH,W,0,0,0,0,0,0,0,0,0,0,0,0,4,0.0,28,23:59,1,2,0,0,
701,2017-01-07,41,30-120,FLA,,BOS,L,0,0,0,-2,0,0,0,0,0,0,0,0,1,0.0,26,20:19,0,1,0,0,
702,2017-01-09,42,30-122,FLA,@,NJD,W,0,1,1,1,0,0,0,0,0,1,0,0,0,,27,22:35,0,0,0,0,
703,2017-01-11,43,30-124,FLA,@,NYI,W,1,0,1,1,0,1,0,0,0,0,0,0,1,100.0,25,20:14,0,0,0,0,
704,2017-01-13,44,30-126,FLA,,NYI,L,0,2,2,1,0,0,0,0,0,1,1,0,3,0.0,25,22:27,0,0,0,0,
705,2017-01-14,45,30-127,FLA,,CBJ,W,0,0,0,0,0,0,0,0,0,0,0,0,1,0.0,27,22:35,0,0,0,0,
706,2017-01-17,46,30-130,FLA,@,CGY,L,0,0,0,0,0,0,0,0,0,0,0,0,1,0.0,27,20:44,1,0,0,0,
707,2017-01-18,47,30-131,FLA,@,EDM,L-OT,0,1,1,1,0,0,0,0,0,1,0,0,2,0.0,27,21:08,1,1,0,0,
708,2017-01-20,48,30-133,FLA,@,VAN,L,0,0,0,-1,0,0,0,0,0,0,0,0,2,0.0,26,21:15,0,1,0,0,
709,2017-01-23,49,30-136,FLA,@,ARI,L-OT,0,0,0,0,0,0,0,0,0,0,0,0,2,0.0,29,21:51,0,3,0,0,
710,2017-01-26,50,30-139,FLA,,TBL,W,0,2,2,1,2,0,0,0,0,0,1,1,3,0.0,28,22:49,1,0,0,0,
711,2017-01-31,51,30-144,FLA,,OTT,W,0,0,0,3,2,0,0,0,0,0,0,0,0,,25,20:22,0,1,0,0,
712,2017-02-03,52,30-147,FLA,,ANA,W,0,2,2,1,0,0,0,0,0,2,0,0,6,0.0,25,21:10,0,0,0,0,
713,2017-02-09,53,30-153,FLA,,LAK,L,0,0,0,-1,0,0,0,0,0,0,0,0,4,0.0,27,22:04,0,1,0,0,
714,2017-02-11,54,30-155,FLA,@,NSH,W,0,1,1,-1,0,0,0,0,0,1,0,0,2,0.0,28,21:34,0,0,0,0,
715,2017-02-15,55,30-159,FLA,@,SJS,W,0,1,1,-1,0,0,0,0,0,1,0,0,1,0.0,25,20:23,0,0,0,0,
716,2017-02-17,56,30-161,FLA,@,ANA,W,0,0,0,0,2,0,0,0,0,0,0,0,1,0.0,28,22:35,1,2,0,0,
717,2017-02-18,57,30-162,FLA,@,LAK,W,0,0,0,2,0,0,0,0,0,0,0,0,0,,25,20:13,1,0,0,0,
718,2017-02-20,58,30-164,FLA,@,STL,W,0,0,0,0,0,0,0,0,0,0,0,0,1,0.0,26,20:31,0,1,0,0,
719,2017-02-22,59,30-166,FLA,,EDM,L,0,2,2,-1,0,0,0,0,0,1,1,0,1,0.0,22,22:59,0,1,0,0,
720,2017-02-24,60,30-168,FLA,,CGY,L,0,0,0,-2,0,0,0,0,0,0,0,0,3,0.0,24,24:23,0,0,0,0,
721,2017-02-26,61,30-170,FLA,,OTT,L,0,1,1,-1,0,0,0,0,0,0,1,0,0,,26,24:35,2,0,0,0,
722,2017-02-28,62,30-172,FLA,,CAR,W,0,0,0,0,0,0,0,0,0,0,0,0,2,0.0,25,22:20,1,0,0,0,
723,2017-03-02,63,30-174,FLA,@,PHI,L-SO,0,0,0,0,0,0,0,0,0,0,0,0,3,0.0,22,18:17,0,0,0,0,
724,2017-03-04,64,30-176,FLA,,DAL,L,0,0,0,0,0,0,0,0,0,0,0,0,2,0.0,22,21:03,0,1,0,0,
725,2017-03-07,65,30-179,FLA,,NYR,L,0,0,0,1,2,0,0,0,0,0,0,0,2,0.0,27,23:30,1,2,0,0,
726,2017-03-10,66,30-182,FLA,,MIN,L,0,1,1,-2,0,0,0,0,0,0,1,0,3,0.0,25,22:10,1,2,0,0,
727,2017-03-11,67,30-183,FLA,@,TBL,L,0,0,0,0,7,0,0,0,0,0,0,0,1,0.0,31,23:24,1,0,0,0,
728,2017-03-14,68,30-186,FLA,,TOR,W,1,1,2,2,0,1,0,0,0,1,0,0,2,50.0,26,18:54,0,0,0,0,
729,2017-03-16,69,30-188,FLA,@,CBJ,L,0,0,0,-2,0,0,0,0,0,0,0,0,3,0.0,25,22:29,0,1,0,0,
730,2017-03-17,70,30-189,FLA,@,NYR,W,0,0,0,1,0,0,0,0,0,0,0,0,4,0.0,29,23:36,0,2,0,0,
731,2017-03-19,71,30-191,FLA,@,PIT,L,0,0,0,-1,2,0,0,0,0,0,0,0,0,,24,22:06,0,2,0,0,
732,2017-03-21,72,30-193,FLA,,CAR,L,1,0,1,2,0,1,0,0,0,0,0,0,2,50.0,24,21:57,0,1,0,0,
733,2017-03-23,73,30-195,FLA,,ARI,W,0,0,0,0,0,0,0,0,0,0,0,0,2,0.0,25,21:59,1,1,0,0,
734,2017-03-25,74,30-197,FLA,,CHI,W,0,1,1,3,0,0,0,0,0,0,1,0,2,0.0,27,22:12,0,0,0,0,
735,2017-03-27,75,30-199,FLA,@,BUF,L,0,1,1,1,0,0,0,0,0,0,1,0,3,0.0,26,23:19,1,1,0,0,
736,2017-03-28,76,30-200,FLA,@,TOR,L,0,2,2,-1,0,0,0,0,0,1,1,0,1,0.0,28,19:53,1,1,0,0,
737,2017-03-30,77,30-202,FLA,@,MTL,L,0,0,0,-4,0,0,0,0,0,0,0,0,4,0.0,23,21:12,1,1,0,0,
738,2017-04-01,78,30-204,FLA,@,BOS,L,0,1,1,-3,0,0,0,0,0,0,1,0,4,0.0,27,21:52,1,1,0,0,
739,2017-04-03,79,30-206,FLA,,MTL,L,0,0,0,-1,0,0,0,0,0,0,0,0,1,0.0,24,21:31,0,0,0,0,
740,2017-04-06,80,30-209,FLA,,STL,L,0,0,0,1,2,0,0,0,0,0,0,0,0,,28,23:53,0,1,0,0,
741,2017-04-08,81,30-211,FLA,,BUF,W,0,0,0,0,0,0,0,0,0,0,0,0,3,0.0,24,18:56,0,0,0,0,
742,2017-04-09,82,30-212,FLA,@,WSH,W,0,0,0,1,0,0,0,0,0,0,0,0,0,,23,18:11,0,1,0,0,
743,2017-10-06,1,31-027,FLA,@,TBL,L,0,1,1,-2,0,0,0,0,0,1,0,0,5,0.0,28,23:15,1,1,0,0,
744,2017-10-07,2,31-028,FLA,,TBL,W,0,0,0,1,2,0,0,0,0,0,0,0,2,0.0,25,23:26,0,0,0,0,
745,2017-10-12,3,31-033,FLA,,STL,W,0,0,0,3,0,0,0,0,0,0,0,0,1,0.0,26,22:36,4,2,0,0,
746,2017-10-14,4,31-035,FLA,@,PIT,L,0,1,1,0,0,0,0,0,0,0,1,0,5,0.0,28,23:27,1,0,0,0,
747,2017-10-17,5,31-038,FLA,@,PHI,L,0,0,0,-1,0,0,0,0,0,0,0,0,2,0.0,26,23:20,0,2,0,0,
748,2017-10-20,6,31-041,FLA,,PIT,L,0,1,1,1,0,0,0,0,0,1,0,0,1,0.0,29,25:16,0,3,0,0,
749,2017-10-21,7,31-042,FLA,@,WSH,W,0,0,0,1,0,0,0,0,0,0,0,0,0,,34,24:01,0,3,0,0,
750,2017-10-24,8,31-045,FLA,@,MTL,L,1,0,1,0,2,1,0,0,0,0,0,0,1,100.0,30,22:23,0,0,0,0,
751,2017-10-26,9,31-047,FLA,,ANA,W,0,1,1,2,0,0,0,0,0,1,0,0,2,0.0,29,21:12,1,0,0,0,
752,2017-10-28,10,31-049,FLA,,DET,L-SO,0,0,0,1,0,0,0,0,0,0,0,0,2,0.0,36,26:06,0,0,0,0,
753,2017-10-30,11,31-051,FLA,,TBL,L,0,0,0,-1,2,0,0,0,0,0,0,0,0,,27,22:41,0,3,0,0,
754,2017-11-02,12,31-054,FLA,,CBJ,L,0,1,1,0,4,0,0,0,0,0,0,1,2,0.0,27,18:10,0,0,0,0,
755,2017-11-04,13,31-056,FLA,,NYR,L-OT,1,0,1,3,0,1,0,0,0,0,0,0,3,33.3,32,23:55,0,2,0,0,
756,2017-11-07,14,31-059,FLA,@,CAR,L,0,0,0,-2,0,0,0,0,0,0,0,0,2,0.0,28,27:52,0,1,0,0,
757,2017-11-10,15,31-062,FLA,@,BUF,W,0,0,0,4,2,0,0,0,0,0,0,0,2,0.0,26,23:53,0,1,0,0,
758,2017-11-11,16,31-063,FLA,@,NJD,L,0,0,0,-1,0,0,0,0,0,0,0,0,2,0.0,27,25:56,0,0,0,0,
759,2017-11-14,17,31-066,FLA,,DAL,W,0,2,2,-1,0,0,0,0,0,1,1,0,1,0.0,35,27:47,0,3,0,0,
760,2017-11-16,18,31-068,FLA,@,SJS,W,0,0,0,0,0,0,0,0,0,0,0,0,1,0.0,32,23:13,0,2,0,0,
761,2017-11-18,19,31-070,FLA,@,LAK,L,0,0,0,-3,0,0,0,0,0,0,0,0,1,0.0,26,24:33,0,0,0,0,
762,2017-11-19,20,31-071,FLA,@,ANA,L,1,1,2,1,2,1,0,0,0,0,1,0,4,25.0,29,27:26,0,5,0,0,
763,2017-11-22,21,31-074,FLA,,TOR,W,0,0,0,0,0,0,0,0,0,0,0,0,0,,29,26:15,0,3,0,0,
764,2017-11-25,22,31-077,FLA,,CHI,L,0,0,0,-1,0,0,0,0,0,0,0,0,2,0.0,27,22:41,0,0,0,0,
765,2017-11-27,23,31-079,FLA,@,NJD,W,0,0,0,0,0,0,0,0,0,0,0,0,3,0.0,37,25:35,1,0,0,0,
766,2017-11-28,24,31-080,FLA,@,NYR,W,0,2,2,2,0,0,0,0,0,1,1,0,2,0.0,31,25:02,0,1,0,0,
767,2017-12-01,25,31-083,FLA,,SJS,L,0,0,0,-1,0,0,0,0,0,0,0,0,3,0.0,25,26:20,0,2,0,0,
768,2017-12-02,26,31-084,FLA,@,CAR,L-OT,0,0,0,2,0,0,0,0,0,0,0,0,2,0.0,34,27:16,0,1,0,0,
769,2017-12-04,27,31-086,FLA,,NYI,L-SO,0,3,3,0,0,0,0,0,0,1,2,0,4,0.0,28,26:45,0,1,0,0,
770,2017-12-07,28,31-089,FLA,,WPG,W,0,1,1,1,0,0,0,0,0,0,1,0,4,0.0,28,25:12,3,1,0,0,
771,2017-12-09,29,31-091,FLA,,COL,L,0,2,2,-1,0,0,0,0,0,2,0,0,3,0.0,25,26:09,0,0,0,0,
772,2017-12-11,30,31-093,FLA,@,DET,W,0,0,0,0,0,0,0,0,0,0,0,0,2,0.0,30,25:47,0,2,0,0,
773,2017-12-12,31,31-094,FLA,@,CHI,L-OT,0,0,0,-2,0,0,0,0,0,0,0,0,1,0.0,31,26:27,0,2,0,0,
774,2017-12-14,32,31-096,FLA,@,COL,L,0,0,0,0,0,0,0,0,0,0,0,0,0,,30,24:25,0,1,0,0,
775,2017-12-17,33,31-099,FLA,@,VEG,L,0,0,0,-2,0,0,0,0,0,0,0,0,0,,32,24:10,0,2,0,0,
776,2017-12-19,34,31-101,FLA,@,ARI,W,0,0,0,-2,4,0,0,0,0,0,0,0,0,,31,25:19,0,1,0,0,
777,2017-12-22,35,31-104,FLA,,MIN,W,0,1,1,1,0,0,0,0,0,1,0,0,4,0.0,31,28:46,0,0,0,0,
778,2017-12-23,36,31-105,FLA,,OTT,W,0,1,1,1,0,0,0,0,0,1,0,0,1,0.0,28,25:21,0,0,0,0,
779,2017-12-28,37,31-110,FLA,,PHI,W,0,0,0,0,0,0,0,0,0,0,0,0,1,0.0,28,28:42,0,3,0,0,
780,2017-12-30,38,31-112,FLA,,MTL,W,0,0,0,0,0,0,0,0,0,0,0,0,1,0.0,26,25:23,1,2,0,0,
781,2018-01-02,39,31-115,FLA,@,MIN,L,0,0,0,-2,0,0,0,0,0,0,0,0,0,,22,22:12,0,0,0,0,
782,2018-01-05,40,31-118,FLA,@,DET,L,0,0,0,-2,2,0,0,0,0,0,0,0,2,0.0,28,22:42,1,0,0,0,
783,2018-01-07,41,31-120,FLA,@,CBJ,L-SO,0,1,1,1,0,0,0,0,0,1,0,0,6,0.0,30,25:18,1,0,0,0,
784,2018-01-09,42,31-122,FLA,@,STL,W,0,1,1,3,0,0,0,0,0,1,0,0,3,0.0,25,22:44,0,0,0,0,
785,2018-01-12,43,31-125,FLA,,CGY,L,0,0,0,-1,0,0,0,0,0,0,0,0,4,0.0,29,24:56,0,0,0,0,
786,2018-01-19,44,31-132,FLA,,VEG,W,0,1,1,0,0,0,0,0,0,1,0,0,0,,29,21:27,1,2,0,0,
787,2018-01-20,45,31-133,FLA,@,NSH,L,1,0,1,-1,0,1,0,0,0,0,0,0,2,50.0,28,24:06,0,1,0,0,
788,2018-01-23,46,31-136,FLA,@,DAL,L,0,0,0,-2,5,0,0,0,0,0,0,0,2,0.0,35,25:17,0,1,0,0,
789,2018-01-25,47,31-138,FLA,,WSH,L,0,0,0,-2,0,0,0,0,0,0,0,0,2,0.0,29,26:23,0,0,0,0,
790,2018-01-30,48,31-143,FLA,@,NYI,W,1,0,1,2,0,1,0,0,0,0,0,0,4,25.0,25,21:34,0,1,0,0,
791,2018-02-01,49,31-145,FLA,@,BUF,W,1,2,3,0,0,0,1,0,0,2,0,0,4,25.0,27,26:16,0,0,0,0,
792,2018-02-03,50,31-147,FLA,,DET,W,0,2,2,2,0,0,0,0,0,2,0,0,4,0.0,30,25:02,0,1,0,0,
793,2018-02-06,51,31-150,FLA,,VAN,W,0,0,0,1,0,0,0,0,0,0,0,0,4,0.0,31,24:35,0,3,0,0,
794,2018-02-09,52,31-153,FLA,,LAK,L,0,0,0,-1,2,0,0,0,0,0,0,0,3,0.0,27,25:01,1,2,0,0,
795,2018-02-12,53,31-156,FLA,@,EDM,W,0,2,2,0,0,0,0,0,0,0,2,0,3,0.0,34,24:35,3,0,0,0,
796,2018-02-14,54,31-158,FLA,@,VAN,W,0,0,0,-1,0,0,0,0,0,0,0,0,2,0.0,38,27:04,0,0,0,0,
797,2018-02-17,55,31-161,FLA,@,CGY,W,0,1,1,0,2,0,0,0,0,0,1,0,1,0.0,33,22:28,0,1,0,0,
798,2018-02-18,56,31-162,FLA,@,WPG,L,0,1,1,-2,0,0,0,0,0,0,1,0,4,0.0,30,22:25,0,1,0,0,
799,2018-02-20,57,31-164,FLA,@,TOR,L,0,0,0,0,0,0,0,0,0,0,0,0,4,0.0,32,25:43,1,2,0,0,
800,2018-02-22,58,31-166,FLA,,WSH,W,0,1,1,1,0,0,0,0,0,0,1,0,2,0.0,29,26:27,0,3,0,0,
801,2018-02-24,59,31-168,FLA,,PIT,W,0,2,2,0,0,0,0,0,0,2,0,0,2,0.0,32,24:50,0,1,0,0,
802,2018-02-27,60,31-171,FLA,,TOR,W,0,0,0,-1,0,0,0,0,0,0,0,0,2,0.0,30,26:16,0,2,0,0,
803,2018-03-01,61,31-173,FLA,,NJD,W,0,0,0,1,0,0,0,0,0,0,0,0,1,0.0,29,24:39,1,2,0,0,
804,2018-03-02,62,31-174,FLA,,BUF,W,0,1,1,1,0,0,0,0,0,1,0,0,3,0.0,32,23:40,0,0,0,0,
805,2018-03-04,63,31-176,FLA,,PHI,W,0,1,1,0,0,0,0,0,0,0,1,0,0,,29,22:30,0,0,0,0,
806,2018-03-06,64,31-178,FLA,@,TBL,L-OT,0,2,2,1,0,0,0,0,0,1,1,0,4,0.0,31,24:02,0,1,0,0,
807,2018-03-08,65,31-180,FLA,,MTL,W,0,3,3,3,0,0,0,0,0,2,0,1,1,0.0,28,20:54,0,1,0,0,
808,2018-03-10,66,31-182,FLA,,NYR,W,0,1,1,-1,0,0,0,0,0,0,1,0,0,,29,22:29,1,2,0,0,
809,2018-03-12,67,31-184,FLA,,OTT,L,0,0,0,-2,2,0,0,0,0,0,0,0,5,0.0,29,22:57,2,0,0,0,
810,2018-03-15,68,31-187,FLA,,BOS,W,0,1,1,1,2,0,0,0,0,0,1,0,4,0.0,32,27:59,1,2,0,0,
811,2018-03-17,69,31-189,FLA,,EDM,L,0,0,0,-3,0,0,0,0,0,0,0,0,2,0.0,28,25:06,0,0,0,0,
812,2018-03-19,70,31-191,FLA,@,MTL,W,0,0,0,1,0,0,0,0,0,0,0,0,1,0.0,38,24:28,0,1,0,0,
813,2018-03-20,71,31-192,FLA,@,OTT,W,1,1,2,1,0,1,0,0,0,1,0,0,2,50.0,29,20:28,0,2,0,0,
814,2018-03-22,72,31-194,FLA,@,CBJ,L,0,0,0,-2,0,0,0,0,0,0,0,0,3,0.0,27,23:52,0,2,0,0,
815,2018-03-24,73,31-196,FLA,,ARI,W,0,1,1,1,0,0,0,0,0,1,0,0,4,0.0,27,25:53,0,2,0,0,
816,2018-03-26,74,31-198,FLA,@,NYI,W,1,1,2,2,0,1,0,0,1,1,0,0,4,25.0,32,23:58,0,1,0,0,
817,2018-03-28,75,31-200,FLA,@,TOR,L,0,1,1,0,0,0,0,0,0,1,0,0,3,0.0,25,25:07,0,4,0,0,
818,2018-03-29,76,31-201,FLA,@,OTT,L-OT,0,1,1,0,2,0,0,0,0,0,1,0,2,0.0,31,23:15,1,1,0,0,
819,2018-03-31,77,31-203,FLA,@,BOS,L,0,1,1,0,0,0,0,0,0,1,0,0,1,0.0,27,25:09,0,0,0,0,
820,2018-04-02,78,31-205,FLA,,CAR,W,0,0,0,0,0,0,0,0,0,0,0,0,3,0.0,25,23:01,0,1,0,0,
821,2018-04-03,79,31-206,FLA,,NSH,W,0,0,0,1,0,0,0,0,0,0,0,0,2,0.0,30,23:06,0,4,0,0,
822,2018-04-05,80,31-208,FLA,,BOS,W,0,0,0,2,0,0,0,0,0,0,0,0,0,,27,22:37,0,0,0,0,
823,2018-04-07,81,31-210,FLA,,BUF,W,0,0,0,0,0,0,0,0,0,0,0,0,2,0.0,31,23:30,0,2,0,0,
824,2018-04-08,82,31-211,FLA,@,BOS,W,0,1,1,1,0,0,0,0,0,1,0,0,0,,30,26:02,0,2,0,0,
825,2018-10-06,1,32-027,FLA,@,TBL,L-SO,0,0,0,0,2,0,0,0,0,0,0,0,4,0.0,37,24:27,0,2,0,0,
826,2018-10-11,2,32-032,FLA,,CBJ,L,0,1,1,0,0,0,0,0,0,1,0,0,6,0.0,28,25:13,0,1,0,0,
827,2018-10-13,3,32-034,FLA,,VAN,L,0,1,1,2,0,0,0,0,0,1,0,0,2,0.0,20,23:58,0,0,0,0,
828,2018-10-16,4,32-037,FLA,@,PHI,L-SO,0,2,2,0,0,0,0,0,0,1,1,0,3,0.0,36,25:15,1,4,0,0,
829,2018-10-19,5,32-040,FLA,@,WSH,W,0,1,1,-2,2,0,0,0,0,1,0,0,0,,37,27:49,3,1,0,0,
830,2018-10-20,6,32-041,FLA,,DET,L-OT,1,1,2,2,0,1,0,0,0,1,0,0,3,33.3,29,25:14,1,0,0,0,
831,2018-10-23,7,32-044,FLA,@,NYR,L,0,0,0,-1,0,0,0,0,0,0,0,0,3,0.0,28,24:43,1,2,0,0,
832,2018-10-24,8,32-045,FLA,@,NYI,W,0,1,1,0,0,0,0,0,0,0,1,0,6,0.0,34,23:45,0,0,0,0,
833,2018-10-27,9,32-048,FLA,@,NJD,L,0,1,1,0,0,0,0,0,0,1,0,0,4,0.0,33,24:32,0,0,0,0,
834,2018-11-01,10,32-053,FLA,,WPG,L,1,0,1,-2,2,0,1,0,0,0,0,0,1,100.0,29,26:03,1,1,0,0,
835,2018-11-02,11,32-054,FLA,@,WPG,W,1,1,2,0,2,0,1,0,1,0,1,0,3,33.3,30,24:50,0,1,0,0,
836,2018-11-08,12,32-060,FLA,,EDM,W,0,1,1,1,0,0,0,0,0,0,1,0,1,0.0,30,19:36,0,1,0,0,
837,2018-11-10,13,32-062,FLA,,NYI,W,0,1,1,-1,0,0,0,0,0,0,1,0,3,0.0,25,24:12,0,2,0,0,
838,2018-11-11,14,32-063,FLA,,OTT,W,0,1,1,1,0,0,0,0,0,0,1,0,2,0.0,30,20:57,1,0,0,0,
839,2018-11-13,15,32-065,FLA,@,PHI,W,0,0,0,-1,0,0,0,0,0,0,0,0,1,0.0,29,17:26,0,3,0,0,
840,2018-11-15,16,32-067,FLA,@,CBJ,L,1,0,1,-4,0,0,1,0,0,0,0,0,2,50.0,28,19:32,0,0,0,0,
841,2018-11-17,17,32-069,FLA,@,NYR,L,0,0,0,1,0,0,0,0,0,0,0,0,2,0.0,27,23:03,0,0,0,0,
842,2018-11-19,18,32-071,FLA,@,OTT,W,0,1,1,0,0,0,0,0,0,0,1,0,0,,24,14:29,0,1,0,0,
843,2018-11-21,19,32-073,FLA,@,TBL,L,0,2,2,-2,0,0,0,0,0,0,2,0,3,0.0,25,18:16,2,0,0,0,
844,2018-11-23,20,32-075,FLA,@,CAR,L,0,0,0,-2,0,0,0,0,0,0,0,0,2,0.0,27,21:06,0,1,0,0,
845,2018-11-24,21,32-076,FLA,,CHI,L-OT,0,1,1,1,0,0,0,0,0,0,1,0,1,0.0,30,22:24,0,0,0,0,
846,2018-11-26,22,32-078,FLA,,NJD,W,0,0,0,-1,0,0,0,0,0,0,0,0,3,0.0,30,20:47,0,0,0,0,
847,2018-11-28,23,32-080,FLA,,ANA,L,0,1,1,0,2,0,0,0,0,0,1,0,4,0.0,23,21:24,1,0,0,0,
848,2018-11-30,24,32-082,FLA,,BUF,W,0,1,1,-1,0,0,0,0,0,0,1,0,5,0.0,30,24:21,0,0,0,0,
849,2018-12-01,25,32-083,FLA,,TBL,L-OT,0,1,1,1,0,0,0,0,0,0,1,0,3,0.0,28,23:18,1,1,0,0,
850,2018-12-04,26,32-086,FLA,,BOS,W,0,2,2,2,0,0,0,0,0,1,1,0,4,0.0,23,18:50,0,1,0,0,
851,2018-12-06,27,32-088,FLA,,COL,L,0,0,0,-2,2,0,0,0,0,0,0,0,3,0.0,23,22:51,0,0,0,0,
852,2018-12-08,28,32-090,FLA,,NYR,L-SO,1,2,3,1,0,0,1,0,0,1,1,0,3,33.3,30,25:46,0,2,0,0,
853,2018-12-11,29,32-093,FLA,@,STL,L,0,0,0,1,0,0,0,0,0,0,0,0,3,0.0,27,22:24,0,1,0,0,
854,2018-12-13,30,32-095,FLA,@,MIN,L,0,0,0,-1,2,0,0,0,0,0,0,0,2,0.0,29,25:07,1,1,0,0,
855,2018-12-15,31,32-097,FLA,,TOR,W,0,1,1,0,2,0,0,0,0,0,1,0,1,0.0,28,21:54,1,2,0,0,
856,2018-12-18,32,32-100,FLA,@,BUF,W,0,1,1,2,2,0,0,0,0,0,1,0,2,0.0,31,20:36,0,0,0,0,
857,2018-12-20,33,32-102,FLA,@,TOR,L,0,0,0,-2,0,0,0,0,0,0,0,0,1,0.0,24,22:34,0,1,0,0,
858,2018-12-22,34,32-104,FLA,@,DET,W,0,0,0,1,0,0,0,0,0,0,0,0,0,,26,19:53,0,1,0,0,
859,2018-12-23,35,32-105,FLA,@,CHI,W,0,1,1,0,0,0,0,0,0,1,0,0,2,0.0,23,24:58,0,2,0,0,
860,2018-12-28,36,32-110,FLA,,MTL,L,1,0,1,-2,0,0,1,0,0,0,0,0,3,33.3,21,19:36,2,0,0,0,
861,2018-12-29,37,32-111,FLA,,PHI,W,0,0,0,1,0,0,0,0,0,0,0,0,3,0.0,22,22:32,1,0,0,0,
862,2018-12-31,38,32-113,FLA,@,DET,W,0,0,0,-1,0,0,0,0,0,0,0,0,4,0.0,32,27:46,0,0,0,0,
863,2019-01-03,39,32-116,FLA,@,BUF,L,0,1,1,-1,0,0,0,0,0,1,0,0,5,0.0,24,25:13,2,0,0,0,
864,2019-01-05,40,32-118,FLA,,CBJ,L-OT,0,2,2,0,0,0,0,0,0,2,0,0,2,0.0,30,23:03,0,0,0,0,
865,2019-01-08,41,32-121,FLA,@,PIT,L,0,0,0,-3,0,0,0,0,0,0,0,0,0,,13,8:32,0,0,0,0,
866,2019-01-10,42,32-123,FLA,@,EDM,L-SO,0,0,0,0,2,0,0,0,0,0,0,0,3,0.0,35,23:48,1,1,0,0,
867,2019-01-11,43,32-124,FLA,@,CGY,L,0,1,1,-1,10,0,0,0,0,0,1,0,3,0.0,30,21:46,1,3,0,0,
868,2019-01-13,44,32-126,FLA,@,VAN,L,0,0,0,-1,0,0,0,0,0,0,0,0,2,0.0,32,24:35,1,2,0,0,
869,2019-01-15,45,32-128,FLA,@,MTL,L,0,0,0,-2,2,0,0,0,0,0,0,0,7,0.0,30,26:24,0,2,0,0,
870,2019-01-18,46,32-131,FLA,,TOR,W,0,1,1,1,0,0,0,0,0,1,0,0,1,0.0,31,24:09,0,3,0,0,
871,2019-01-19,47,32-132,FLA,@,NSH,W,0,0,0,0,2,0,0,0,0,0,0,0,0,,30,21:26,0,0,0,0,
872,2019-01-21,48,32-134,FLA,,SJS,W,1,0,1,0,0,0,1,0,1,0,0,0,4,25.0,30,22:47,2,1,0,0,
873,2019-02-01,49,32-145,FLA,,NSH,L,0,1,1,-3,2,0,0,0,0,0,1,0,1,0.0,27,23:09,0,1,0,0,
874,2019-02-02,50,32-146,FLA,,VEG,W,0,0,0,2,2,0,0,0,0,0,0,0,1,0.0,25,21:15,0,1,0,0,
875,2019-02-05,51,32-149,FLA,,STL,L,0,1,1,-1,0,0,0,0,0,0,1,0,2,0.0,26,25:22,2,0,0,0,
876,2019-02-07,52,32-151,FLA,,PIT,W,0,0,0,0,0,0,0,0,0,0,0,0,3,0.0,35,23:04,1,0,0,0,
877,2019-02-09,53,32-153,FLA,@,WSH,W,1,1,2,1,0,1,0,0,0,0,1,0,3,33.3,34,26:29,0,2,0,0,
878,2019-02-10,54,32-154,FLA,,TBL,L,0,0,0,-1,2,0,0,0,0,0,0,0,2,0.0,30,23:23,0,2,0,0,
879,2019-02-12,55,32-156,FLA,,DAL,L,0,0,0,-3,0,0,0,0,0,0,0,0,2,0.0,28,26:12,1,2,0,0,
880,2019-02-14,56,32-158,FLA,,CGY,W,0,1,1,2,0,0,0,0,0,1,0,0,1,0.0,29,23:18,4,1,0,0,
881,2019-02-17,57,32-161,FLA,,MTL,W,0,2,2,-1,0,0,0,0,0,1,1,0,1,0.0,28,20:18,0,0,0,0,
882,2019-02-19,58,32-163,FLA,,BUF,W,0,0,0,2,2,0,0,0,0,0,0,0,3,0.0,29,24:36,0,1,0,0,
883,2019-02-21,59,32-165,FLA,,CAR,L,0,0,0,-1,0,0,0,0,0,0,0,0,4,0.0,22,21:53,1,2,0,0,
884,2019-02-23,60,32-167,FLA,,LAK,W,1,1,2,0,0,0,1,0,0,0,1,0,1,100.0,25,20:58,0,2,0,0,
885,2019-02-25,61,32-169,FLA,@,COL,W,0,2,2,1,0,0,0,0,0,2,0,0,4,0.0,28,19:44,0,1,0,0,
886,2019-02-26,62,32-170,FLA,@,ARI,L-SO,0,0,0,0,0,0,0,0,0,0,0,0,2,0.0,39,26:36,0,1,0,0,
887,2019-02-28,63,32-172,FLA,@,VEG,L-SO,0,2,2,-1,0,0,0,0,0,0,2,0,3,0.0,33,20:51,0,4,0,0,
888,2019-03-02,64,32-174,FLA,,CAR,L-OT,0,0,0,0,0,0,0,0,0,0,0,0,2,0.0,36,24:18,0,0,0,0,
889,2019-03-03,65,32-175,FLA,,OTT,L,0,1,1,0,0,0,0,0,0,1,0,0,3,0.0,27,26:36,1,1,0,0,
890,2019-03-05,66,32-177,FLA,@,PIT,L-OT,0,0,0,0,2,0,0,0,0,0,0,0,1,0.0,28,17:15,0,0,0,0,
891,2019-03-07,67,32-179,FLA,@,BOS,L,0,2,2,0,0,0,0,0,0,0,2,0,3,0.0,33,22:25,0,0,0,0,
892,2019-03-08,68,32-180,FLA,,MIN,W,0,0,0,2,2,0,0,0,0,0,0,0,4,0.0,28,21:09,1,0,0,0,
893,2019-03-10,69,32-182,FLA,,DET,W,0,0,0,2,0,0,0,0,0,0,0,0,4,0.0,27,22:31,1,2,0,0,
894,2019-03-14,70,32-186,FLA,@,SJS,W,0,1,1,-1,0,0,0,0,0,0,1,0,2,0.0,28,21:16,0,0,0,0,
895,2019-03-16,71,32-188,FLA,@,LAK,W,0,1,1,0,0,0,0,0,0,0,1,0,3,0.0,25,23:27,0,0,0,0,
896,2019-03-17,72,32-189,FLA,@,ANA,L,0,0,0,0,0,0,0,0,0,0,0,0,7,0.0,26,24:46,0,1,0,0,
897,2019-03-19,73,32-191,FLA,@,DAL,L,0,1,1,-1,0,0,0,0,0,0,1,0,1,0.0,28,23:09,1,0,0,0,
898,2019-03-21,74,32-193,FLA,,ARI,W,0,1,1,0,0,0,0,0,0,0,1,0,0,,26,19:27,1,0,0,0,
899,2019-03-23,75,32-195,FLA,,BOS,L,0,0,0,0,0,0,0,0,0,0,0,0,2,0.0,32,23:41,2,2,0,0,
900,2019-03-25,76,32-197,FLA,@,TOR,L,0,0,0,0,0,0,0,0,0,0,0,0,0,,32,24:20,0,1,0,0,
901,2019-03-26,77,32-198,FLA,@,MTL,L,0,0,0,-3,0,0,0,0,0,0,0,0,3,0.0,26,22:20,0,4,0,0,
902,2019-03-28,78,32-200,FLA,@,OTT,W,0,1,1,0,2,0,0,0,0,1,0,0,2,0.0,27,21:25,2,0,0,0,
903,2019-03-30,79,32-202,FLA,@,BOS,W,0,1,1,1,0,0,0,0,0,1,0,0,0,,18,12:44,1,0,0,0,
904,2019-04-01,80,32-204,FLA,,WSH,W,0,0,0,0,0,0,0,0,0,0,0,0,2,0.0,21,19:52,2,0,0,0,
905,2019-04-04,81,32-207,FLA,,NYI,L-SO,0,1,1,-1,0,0,0,0,0,0,1,0,1,0.0,22,19:17,1,1,0,0,
906,2019-04-06,82,32-209,FLA,,NJD,L-OT,0,1,1,2,2,0,0,0,0,1,0,0,1,0.0,25,20:06,1,0,0,0,
907,2019-10-03,1,33-024,FLA,@,TBL,L,0,0,0,-1,0,0,0,0,0,0,0,0,3,0.0,24,20:41,1,1,0,0,
908,2019-10-05,2,33-026,FLA,,TBL,W,0,1,1,-2,0,0,0,0,0,0,1,0,1,0.0,19,13:54,1,0,0,0,
909,2019-10-08,3,33-029,FLA,,CAR,L,1,0,1,-2,0,0,1,0,0,0,0,0,8,12.5,23,25:54,0,1,0,0,
910,2019-10-11,4,33-032,FLA,@,BUF,L-SO,0,0,0,1,2,0,0,0,0,0,0,0,2,0.0,20,17:59,0,1,0,0,
911,2019-10-12,5,33-033,FLA,@,NYI,L-SO,0,0,0,-1,0,0,0,0,0,0,0,0,3,0.0,20,18:35,1,1,0,0,
912,2019-10-14,6,33-035,FLA,@,NJD,W,0,0,0,0,0,0,0,0,0,0,0,0,2,0.0,17,16:18,2,4,0,0,
913,2019-10-18,7,33-039,FLA,,COL,L-OT,0,0,0,0,0,0,0,0,0,0,0,0,1,0.0,17,15:32,0,2,0,0,
914,2019-10-19,8,33-040,FLA,@,NSH,W,0,1,1,0,0,0,0,0,0,0,1,0,3,0.0,16,14:36,0,1,0,0,
915,2019-10-22,9,33-043,FLA,,PIT,W,0,0,0,2,0,0,0,0,0,0,0,0,1,0.0,27,22:16,0,1,0,0,
916,2019-10-24,10,33-045,FLA,@,CGY,L-SO,0,1,1,2,0,0,0,0,0,1,0,0,1,0.0,30,22:58,1,1,0,0,
917,2019-10-27,11,33-048,FLA,@,EDM,W,0,0,0,3,0,0,0,0,0,0,0,0,1,0.0,22,18:22,0,0,0,0,
918,2019-10-28,12,33-049,FLA,@,VAN,L,0,1,1,-3,0,0,0,0,0,0,1,0,1,0.0,23,20:28,0,1,0,0,
919,2019-10-30,13,33-051,FLA,@,COL,W,0,1,1,0,0,0,0,0,0,0,1,0,1,0.0,23,20:06,1,0,0,0,
920,2019-11-02,14,33-054,FLA,,DET,W,0,2,2,1,0,0,0,0,0,1,1,0,0,,19,16:46,1,0,0,0,
921,2019-11-07,15,33-059,FLA,,WSH,L-OT,0,0,0,1,2,0,0,0,0,0,0,0,2,0.0,18,16:54,0,0,0,0,
922,2019-11-09,16,33-061,FLA,@,NYI,L,0,1,1,0,0,0,0,0,0,0,1,0,1,0.0,16,21:59,0,1,0,0,
923,2019-11-10,17,33-062,FLA,@,NYR,W,0,1,1,2,0,0,0,0,0,1,0,0,2,0.0,30,22:45,0,0,0,0,
924,2019-11-12,18,33-064,FLA,@,BOS,W,1,2,3,1,0,1,0,0,0,1,1,0,3,33.3,28,25:48,0,4,0,0,
925,2019-11-14,19,33-066,FLA,,WPG,L,0,2,2,1,0,0,0,0,0,1,1,0,2,0.0,26,27:03,1,2,0,0,
926,2019-11-16,20,33-068,FLA,,NYR,W,0,3,3,1,0,0,0,0,0,1,2,0,2,0.0,23,24:30,0,2,0,0,
927,2019-11-19,21,33-071,FLA,,PHI,W,0,0,0,1,0,0,0,0,0,0,0,0,0,,22,21:02,1,1,0,0,
928,2019-11-21,22,33-073,FLA,,ANA,W,0,0,0,1,0,0,0,0,0,0,0,0,2,0.0,26,21:46,0,1,0,0,
929,2019-11-23,23,33-075,FLA,@,CAR,L,0,0,0,-1,0,0,0,0,0,0,0,0,2,0.0,15,10:48,0,0,0,0,
930,2019-11-24,24,33-076,FLA,,BUF,L,0,0,0,-1,0,0,0,0,0,0,0,0,3,0.0,20,23:38,0,1,0,0,
931,2019-11-27,25,33-079,FLA,@,WSH,L,0,2,2,1,2,0,0,0,0,2,0,0,1,0.0,27,25:42,0,0,0,0,
932,2019-11-30,26,33-082,FLA,,NSH,W,0,1,1,1,0,0,0,0,0,1,0,0,1,0.0,25,25:16,0,0,0,0,
933,2019-12-03,27,33-085,FLA,,MIN,L,0,1,1,-3,0,0,0,0,0,0,1,0,5,0.0,25,24:56,0,1,0,0,
934,2019-12-07,28,33-089,FLA,,CBJ,W,0,2,2,0,0,0,0,0,0,1,1,0,1,0.0,19,18:53,0,1,0,0,
935,2019-12-08,29,33-090,FLA,,SJS,W,1,1,2,1,0,0,1,0,0,0,1,0,1,100.0,22,20:44,0,1,0,0,
936,2019-12-10,30,33-092,FLA,,TBL,L,0,0,0,0,2,0,0,0,0,0,0,0,2,0.0,28,24:56,0,2,0,0,
937,2019-12-12,31,33-094,FLA,,NYI,L,0,0,0,-1,0,0,0,0,0,0,0,0,4,0.0,20,25:00,0,0,0,0,
938,2019-12-14,32,33-096,FLA,,BOS,L,1,1,2,1,0,1,0,0,0,1,0,0,3,33.3,27,20:17,0,2,0,0,
939,2019-12-16,33,33-098,FLA,,OTT,W,0,1,1,0,0,0,0,0,0,1,0,0,2,0.0,20,19:51,0,0,0,0,
940,2019-12-20,34,33-102,FLA,,DAL,W,0,0,0,0,2,0,0,0,0,0,0,0,0,,21,19:22,0,2,0,0,
941,2019-12-21,35,33-103,FLA,@,CAR,W,0,1,1,2,0,0,0,0,0,1,0,0,1,0.0,20,17:18,0,0,0,0,
942,2019-12-23,36,33-105,FLA,@,TBL,L,0,0,0,-1,0,0,0,0,0,0,0,0,0,,24,20:25,0,1,0,0,
943,2019-12-28,37,33-110,FLA,,DET,W,0,0,0,-1,2,0,0,0,0,0,0,0,4,0.0,21,17:46,1,0,0,0,
944,2019-12-29,38,33-111,FLA,,MTL,W,0,0,0,-1,0,0,0,0,0,0,0,0,1,0.0,21,17:45,0,1,0,0,
945,2019-12-31,39,33-113,FLA,@,CBJ,L,0,0,0,-1,0,0,0,0,0,0,0,0,4,0.0,25,22:32,0,2,0,0,
946,2020-01-02,40,33-115,FLA,@,OTT,W,0,2,2,-2,0,0,0,0,0,0,2,0,0,,22,15:24,1,0,0,0,
947,2020-01-04,41,33-117,FLA,@,BUF,L,0,0,0,-1,0,0,0,0,0,0,0,0,5,0.0,22,21:44,0,0,0,0,
948,2020-01-05,42,33-118,FLA,@,PIT,W,0,0,0,1,0,0,0,0,0,0,0,0,3,0.0,17,14:34,0,0,0,0,
949,2020-01-07,43,33-120,FLA,,ARI,L,0,1,1,-2,0,0,0,0,0,1,0,0,4,0.0,26,21:36,0,0,0,0,
950,2020-01-09,44,33-122,FLA,,VAN,W,0,1,1,0,0,0,0,0,0,0,1,0,4,0.0,22,20:39,1,0,0,0,
951,2020-01-12,45,33-125,FLA,,TOR,W,0,0,0,1,0,0,0,0,0,0,0,0,0,,21,18:58,0,0,0,0,
952,2020-01-16,46,33-129,FLA,,LAK,W,0,0,0,2,0,0,0,0,0,0,0,0,2,0.0,21,18:02,2,0,0,0,
953,2020-01-18,47,33-131,FLA,@,DET,W,0,1,1,1,0,0,0,0,0,0,1,0,1,0.0,19,16:21,0,0,0,0,
954,2020-01-20,48,33-133,FLA,@,MIN,W,1,3,4,1,0,1,0,0,0,2,1,0,1,100.0,24,18:22,0,0,0,0,
955,2020-01-21,49,33-134,FLA,@,CHI,W,0,0,0,0,2,0,0,0,0,0,0,0,0,,20,13:45,0,1,0,0,
956,2020-02-01,50,33-145,FLA,@,MTL,L,0,0,0,-1,0,0,0,0,0,0,0,0,5,0.0,21,20:27,0,1,0,0,
957,2020-02-03,51,33-147,FLA,@,TOR,W,0,0,0,0,0,0,0,0,0,0,0,0,2,0.0,19,16:21,0,2,0,0,
958,2020-02-04,52,33-148,FLA,@,CBJ,L-OT,0,0,0,0,0,0,0,0,0,0,0,0,0,,20,17:38,0,0,0,0,
959,2020-02-06,53,33-150,FLA,,VEG,L,0,0,0,-1,2,0,0,0,0,0,0,0,0,,22,20:54,0,0,0,1,0.0
960,2020-02-08,54,33-152,FLA,,PIT,L,0,0,0,2,0,0,0,0,0,0,0,0,2,0.0,26,22:38,0,1,0,0,
961,2020-02-10,55,33-154,FLA,@,PHI,L,0,0,0,-1,0,0,0,0,0,0,0,0,2,0.0,19,19:37,0,1,0,0,
962,2020-02-11,56,33-155,FLA,@,NJD,W,0,1,1,2,0,0,0,0,0,1,0,0,1,0.0,16,14:16,0,0,0,0,
963,2020-02-13,57,33-157,FLA,,PHI,L,0,1,1,-1,0,0,0,0,0,1,0,0,1,0.0,23,18:16,0,1,0,0,
964,2020-02-15,58,33-159,FLA,,EDM,L,0,0,0,-2,0,0,0,0,0,0,0,0,3,0.0,20,20:20,0,0,0,0,
965,2020-02-17,59,33-161,FLA,@,SJS,W,0,1,1,2,2,0,0,0,0,1,0,0,1,0.0,26,22:31,2,0,0,0,
966,2020-02-19,60,33-163,FLA,@,ANA,W,0,0,0,0,0,0,0,0,0,0,0,0,1,0.0,23,17:28,0,0,0,0,
967,2020-02-20,61,33-164,FLA,@,LAK,L,0,0,0,-2,2,0,0,0,0,0,0,0,1,0.0,18,18:06,0,0,0,0,
968,2020-02-22,62,33-166,FLA,@,VEG,L,0,1,1,-4,0,0,0,0,0,0,1,0,2,0.0,24,19:21,0,2,0,0,
969,2020-02-25,63,33-169,FLA,@,ARI,W,0,0,0,-1,0,0,0,0,0,0,0,0,0,,19,16:09,0,1,0,0,
970,2020-02-27,64,33-171,FLA,,TOR,L,0,2,2,2,0,0,0,0,0,2,0,0,1,0.0,18,17:22,0,0,0,0,
971,2020-02-29,65,33-173,FLA,,CHI,L-SO,0,0,0,1,0,0,0,0,0,0,0,0,3,0.0,23,23:12,0,0,0,0,
972,2020-03-01,66,33-174,FLA,,CGY,L,0,0,0,-1,0,0,0,0,0,0,0,0,0,,22,22:31,1,2,0,0,
973,2020-03-05,67,33-178,FLA,,BOS,L-OT,0,0,0,0,0,0,0,0,0,0,0,0,3,0.0,21,18:33,0,0,0,0,
974,2020-03-07,68,33-180,FLA,,MTL,W,0,0,0,0,0,0,0,0,0,0,0,0,2,0.0,25,19:52,0,0,0,0,
975,2020-03-09,69,33-182,FLA,@,STL,W,0,0,0,0,0,0,0,0,0,0,0,0,2,0.0,18,12:46,0,0,0,0,
