,date_game,game_season,age,team_id,game_location,opp_id,game_result,goals,assists,points,plus_minus,pen_min,goals_ev,goals_pp,goals_sh,goals_gw,assists_ev,assists_pp,assists_sh,shots,shot_pct,shifts,time_on_ice,hits_all,blocks_all,faceoff_wins_all,faceoff_losses_all,faceoff_percentage_all
0,2010-12-23,1,23-113,NYR,,TBL,L-SO,0,0,0,0,0,0,0,0,0,,,,2,0.0,23,17:52,2,0,0,0,
1,2010-12-27,2,23-117,NYR,,NYI,W,0,1,1,-1,0,0,0,0,0,,,,3,0.0,17,16:48,3,0,1,0,100.0
2,2010-12-29,3,23-119,NYR,@,NJD,W,0,0,0,0,0,0,0,0,0,,,,0,,10,7:56,2,0,0,0,
3,2011-01-01,4,23-122,NYR,@,TBL,L-OT,0,0,0,0,0,0,0,0,0,,,,1,0.0,19,12:33,1,0,0,0,
4,2011-01-02,5,23-123,NYR,@,FLA,L,0,0,0,-1,0,0,0,0,0,,,,4,0.0,21,18:30,3,2,0,0,
5,2011-01-05,6,23-126,NYR,,CAR,W,1,1,2,2,0,1,0,0,1,,,,3,33.3,17,14:20,0,0,0,0,
6,2011-01-07,7,23-128,NYR,@,DAL,W,0,0,0,0,0,0,0,0,0,,,,1,0.0,20,14:33,0,0,0,0,
7,2011-01-08,8,23-129,NYR,@,STL,W,0,1,1,0,0,0,0,0,0,,,,0,,15,14:30,0,0,0,0,
8,2011-01-11,9,23-132,NYR,,MTL,L,0,0,0,0,0,0,0,0,0,,,,4,0.0,16,13:44,2,1,0,0,
9,2011-01-13,10,23-134,NYR,,VAN,W,0,0,0,0,0,0,0,0,0,,,,1,0.0,17,12:31,0,1,0,0,
10,2011-01-15,11,23-136,NYR,@,MTL,L,1,0,1,1,0,1,0,0,0,,,,2,50.0,16,12:04,1,0,0,0,
11,2011-01-16,12,23-137,NYR,,PHI,L,0,2,2,1,0,0,0,0,0,,,,1,0.0,19,17:50,1,0,0,2,0.0
12,2011-01-19,13,23-140,NYR,,TOR,W,1,0,1,1,0,1,0,0,0,,,,3,33.3,19,14:54,1,1,0,0,
13,2011-01-20,14,23-141,NYR,@,CAR,L,0,0,0,-1,0,0,0,0,0,,,,3,0.0,20,19:39,4,2,0,0,
14,2011-01-22,15,23-143,NYR,@,ATL,W,0,0,0,1,0,0,0,0,0,,,,5,0.0,19,17:59,0,1,0,0,
15,2011-01-24,16,23-145,NYR,@,WSH,W,0,0,0,0,0,0,0,0,0,,,,1,0.0,22,18:08,1,1,1,0,100.0
16,2011-01-25,17,23-146,NYR,,FLA,L,0,3,3,0,0,0,0,0,0,,,,2,0.0,23,19:35,2,0,0,0,
17,2011-02-01,18,23-153,NYR,,PIT,L-SO,0,1,1,-2,0,0,0,0,0,,,,0,,21,17:46,0,0,0,0,
18,2011-02-03,19,23-155,NYR,,NJD,L,0,1,1,-1,0,0,0,0,0,,,,1,0.0,15,16:50,1,0,0,0,
19,2011-02-05,20,23-157,NYR,@,MTL,L,0,0,0,-1,0,0,0,0,0,,,,0,,19,15:12,1,1,0,0,
20,2011-02-07,21,23-159,NYR,@,DET,L,0,0,0,0,0,0,0,0,0,,,,3,0.0,14,15:52,5,0,0,0,
21,2011-02-11,22,23-163,NYR,@,ATL,L,0,0,0,0,0,0,0,0,0,,,,1,0.0,10,9:18,2,0,0,0,
22,2011-02-13,23,23-165,NYR,,PIT,W,0,1,1,0,0,0,0,0,0,,,,1,0.0,18,12:57,1,0,0,0,
23,2011-02-17,24,23-169,NYR,,LAK,W,0,0,0,0,0,0,0,0,0,,,,1,0.0,10,8:24,0,0,0,0,
24,2011-02-18,25,23-170,NYR,@,NJD,L,0,0,0,0,0,0,0,0,0,,,,3,0.0,16,14:52,1,1,0,2,0.0
25,2011-02-20,26,23-172,NYR,,PHI,L,0,0,0,1,0,0,0,0,0,,,,3,0.0,21,16:43,3,0,1,1,50.0
26,2011-02-22,27,23-174,NYR,@,CAR,W,0,1,1,1,0,0,0,0,0,,,,5,0.0,23,17:05,3,1,1,1,50.0
27,2011-02-25,28,23-177,NYR,@,WSH,W,0,1,1,1,0,0,0,0,0,,,,2,0.0,20,13:35,1,3,0,0,
28,2011-02-27,29,23-179,NYR,,TBL,L,0,0,0,0,2,0,0,0,0,,,,1,0.0,19,18:32,3,1,0,0,
29,2011-03-01,30,23-181,NYR,,BUF,L,0,0,0,0,0,0,0,0,0,,,,4,0.0,20,18:58,0,0,3,1,75.0
30,2011-03-03,31,23-183,NYR,,MIN,L,0,0,0,0,0,0,0,0,0,,,,3,0.0,19,17:22,3,0,0,0,
31,2011-03-04,32,23-184,NYR,@,OTT,W,1,0,1,1,2,1,0,0,1,,,,1,100.0,15,13:06,0,0,0,0,
32,2011-03-06,33,23-186,NYR,,PHI,W,2,0,2,2,0,2,0,0,0,,,,4,50.0,16,13:30,1,0,0,0,
33,2011-03-09,34,23-189,NYR,@,ANA,L,0,0,0,0,0,0,0,0,0,,,,0,,17,15:05,3,1,0,0,
34,2011-03-12,35,23-192,NYR,@,SJS,W,0,0,0,0,0,0,0,0,0,,,,1,0.0,9,7:51,0,0,0,0,
35,2011-03-15,36,23-195,NYR,,NYI,W,0,1,1,0,0,0,0,0,0,,,,3,0.0,16,10:41,2,1,0,0,
36,2011-03-18,37,23-198,NYR,,MTL,W,0,1,1,1,0,0,0,0,0,,,,0,,13,10:58,1,0,0,0,
37,2011-03-20,38,23-200,NYR,@,PIT,W,0,1,1,-1,0,0,0,0,0,,,,0,,19,12:37,2,1,0,0,
38,2011-03-22,39,23-202,NYR,,FLA,W,0,0,0,0,0,0,0,0,0,,,,0,,14,10:36,0,0,0,0,
39,2011-03-24,40,23-204,NYR,,OTT,L-SO,0,0,0,0,0,0,0,0,0,,,,1,0.0,10,7:44,0,0,0,0,
40,2011-03-31,41,23-211,NYR,@,NYI,L,0,0,0,-3,0,0,0,0,0,,,,0,,16,12:58,0,0,1,0,100.0
41,2011-04-09,42,23-220,NYR,,NJD,W,0,1,1,1,0,0,0,0,0,,,,0,,6,3:16,0,0,0,0,
42,2011-10-07,1,24-036,NYR,@,LAK,L-OT,0,0,0,0,2,0,0,0,0,,,,0,,11,9:54,0,0,0,0,
43,2011-10-08,2,24-037,NYR,@,ANA,L-SO,0,0,0,0,0,0,0,0,0,,,,0,,10,7:28,0,1,0,0,
44,2011-10-15,3,24-044,NYR,@,NYI,L,0,0,0,0,0,0,0,0,0,,,,1,0.0,10,7:55,2,0,0,0,
45,2012-03-11,4,24-192,NYR,,NYI,W,0,1,1,-1,0,0,0,0,0,,,,1,0.0,13,10:40,0,0,0,0,
46,2012-03-13,5,24-194,NYR,,CAR,W,0,0,0,0,2,0,0,0,0,,,,1,0.0,14,12:03,2,0,0,0,
47,2012-03-15,6,24-196,NYR,,PIT,L,0,0,0,-1,0,0,0,0,0,,,,1,0.0,13,7:37,1,0,0,0,
48,2012-03-17,7,24-198,NYR,,COL,L,1,0,1,1,0,1,0,0,0,,,,2,50.0,17,14:32,0,0,0,0,
49,2012-03-19,8,24-200,NYR,,NJD,W,1,0,1,1,0,0,1,0,1,,,,3,33.3,16,13:37,3,0,0,0,
50,2012-03-21,9,24-202,NYR,,DET,W,0,0,0,0,2,0,0,0,0,,,,1,0.0,16,14:32,0,0,0,0,
51,2012-03-23,10,24-204,NYR,,BUF,L,0,0,0,0,0,0,0,0,0,,,,0,,3,2:08,0,2,0,0,
52,2013-03-30,1,25-210,NYR,@,MTL,L,0,0,0,0,0,0,0,0,0,,,,1,0.0,22,18:16,6,2,0,1,0.0
53,2013-04-01,2,25-212,NYR,,WPG,W,0,1,1,1,6,0,0,0,0,,,,3,0.0,23,17:41,0,1,0,0,
54,2013-04-03,3,25-214,NYR,,PIT,W,0,0,0,2,0,0,0,0,0,,,,1,0.0,22,14:01,2,1,0,0,
55,2013-04-05,4,25-216,NYR,@,PIT,L-SO,0,0,0,0,0,0,0,0,0,,,,2,0.0,20,16:23,1,2,0,0,
56,2013-04-06,5,25-217,NYR,@,CAR,W,0,1,1,0,0,0,0,0,0,,,,4,0.0,17,12:46,2,0,0,0,
57,2013-04-08,6,25-219,NYR,@,TOR,L,0,0,0,0,0,0,0,0,0,,,,2,0.0,23,21:46,2,1,0,0,
58,2013-04-10,7,25-221,NYR,,TOR,W,0,0,0,0,0,0,0,0,0,,,,0,,20,17:02,3,0,0,0,
59,2013-04-13,8,25-224,NYR,@,NYI,W,0,0,0,0,0,0,0,0,0,,,,1,0.0,13,13:55,0,1,0,0,
60,2013-04-16,9,25-227,NYR,@,PHI,L,1,0,1,-1,0,1,0,0,0,,,,2,50.0,20,16:46,1,0,0,2,0.0
61,2013-04-18,10,25-229,NYR,,FLA,W,2,0,2,2,2,2,0,0,0,,,,5,40.0,20,14:58,2,2,0,0,
62,2013-04-19,11,25-230,NYR,@,BUF,W,0,1,1,1,0,0,0,0,0,,,,0,,19,15:25,2,2,0,0,
63,2013-04-21,12,25-232,NYR,,NJD,W,0,0,0,1,0,0,0,0,0,,,,1,0.0,13,12:26,2,0,0,0,
64,2013-04-23,13,25-234,NYR,@,FLA,L,0,1,1,1,0,0,0,0,0,,,,2,0.0,21,21:06,4,2,0,1,0.0
65,2013-04-25,14,25-236,NYR,@,CAR,W,0,0,0,1,0,0,0,0,0,,,,2,0.0,22,18:53,0,1,0,0,
66,2013-04-27,15,25-238,NYR,,NJD,W,0,1,1,2,0,0,0,0,0,,,,1,0.0,17,14:58,0,0,0,0,
67,2013-10-03,1,26-032,NYR,@,PHX,L,0,0,0,0,0,0,0,0,0,,,,0,,23,17:41,2,1,0,0,
68,2013-10-07,2,26-036,NYR,@,LAK,W,0,0,0,0,0,0,0,0,0,,,,1,0.0,22,16:38,1,0,0,0,
69,2013-10-08,3,26-037,NYR,@,SJS,L,0,0,0,-2,0,0,0,0,0,,,,2,0.0,21,19:37,1,1,0,0,
70,2013-10-10,4,26-039,NYR,@,ANA,L,0,0,0,0,2,0,0,0,0,,,,0,,21,15:45,1,1,0,0,
71,2013-10-12,5,26-041,NYR,@,STL,L,0,0,0,0,0,0,0,0,0,,,,2,0.0,23,17:17,1,1,0,0,
72,2013-10-16,6,26-045,NYR,@,WSH,W,0,0,0,0,0,0,0,0,0,,,,0,,22,14:31,1,2,0,0,
73,2013-10-19,7,26-048,NYR,@,NJD,L,0,0,0,-1,2,0,0,0,0,,,,2,0.0,18,15:24,2,0,0,0,
74,2013-10-26,8,26-055,NYR,@,DET,W,1,0,1,0,0,1,0,0,0,,,,3,33.3,13,10:24,2,0,0,1,0.0
75,2013-10-28,9,26-057,NYR,,MTL,L,0,0,0,0,0,0,0,0,0,,,,2,0.0,18,13:49,0,0,0,0,
76,2013-10-29,10,26-058,NYR,@,NYI,W,0,1,1,0,2,0,0,0,0,,,,1,0.0,23,18:32,0,1,0,0,
77,2013-10-31,11,26-060,NYR,,BUF,W,0,1,1,1,0,0,0,0,0,,,,5,0.0,21,17:54,1,2,0,0,
78,2013-11-02,12,26-062,NYR,,CAR,W,0,3,3,3,0,0,0,0,0,,,,2,0.0,20,15:37,1,0,0,0,
79,2013-11-04,13,26-064,NYR,,ANA,L,0,0,0,0,0,0,0,0,0,,,,2,0.0,23,19:50,1,1,1,0,100.0
80,2013-11-06,14,26-066,NYR,,PIT,W,0,1,1,1,2,0,0,0,0,,,,3,0.0,21,16:22,1,0,0,0,
81,2013-11-07,15,26-067,NYR,@,CBJ,W,0,1,1,0,0,0,0,0,0,,,,4,0.0,24,19:12,1,4,0,0,
82,2013-11-10,16,26-070,NYR,,FLA,W,1,0,1,0,0,0,1,0,1,,,,5,20.0,23,21:19,0,0,0,0,
83,2013-11-12,17,26-072,NYR,,NJD,L,0,1,1,1,2,0,0,0,0,,,,4,0.0,24,18:32,1,0,0,0,
84,2013-11-16,18,26-076,NYR,@,MTL,W,0,0,0,0,0,0,0,0,0,,,,2,0.0,23,19:50,0,0,0,0,
85,2013-11-17,19,26-077,NYR,,LAK,L,0,0,0,0,0,0,0,0,0,,,,3,0.0,27,20:43,2,2,0,0,
86,2013-11-19,20,26-079,NYR,,BOS,L,0,0,0,-2,0,0,0,0,0,,,,5,0.0,26,19:16,1,0,0,0,
87,2013-11-21,21,26-081,NYR,@,DAL,W,0,0,0,1,0,0,0,0,0,,,,1,0.0,21,16:27,4,0,0,0,
88,2013-11-23,22,26-083,NYR,@,NSH,W,0,2,2,2,0,0,0,0,0,,,,3,0.0,23,17:30,2,0,0,0,
89,2013-11-25,23,26-085,NYR,@,TBL,L,0,0,0,0,0,0,0,0,0,,,,2,0.0,23,18:12,2,0,1,0,100.0
90,2013-11-27,24,26-087,NYR,@,FLA,W,1,1,2,-1,0,0,1,0,0,,,,2,50.0,25,16:13,1,0,0,0,
91,2013-11-29,25,26-089,NYR,@,BOS,L,0,0,0,0,0,0,0,0,0,,,,1,0.0,22,15:04,1,0,0,0,
92,2013-11-30,26,26-090,NYR,,VAN,W,0,1,1,0,0,0,0,0,0,,,,1,0.0,22,16:11,3,0,0,0,
93,2013-12-02,27,26-092,NYR,,WPG,L,1,0,1,-2,0,1,0,0,0,,,,1,100.0,19,16:13,3,0,0,0,
94,2013-12-05,28,26-095,NYR,@,BUF,W,1,1,2,0,0,1,0,0,0,,,,4,25.0,23,17:37,1,0,0,0,
95,2013-12-07,29,26-097,NYR,,NJD,L-OT,1,1,2,2,0,1,0,0,0,,,,1,100.0,22,18:58,1,0,0,1,0.0
96,2013-12-08,30,26-098,NYR,,WSH,L,0,0,0,0,0,0,0,0,0,,,,4,0.0,25,19:08,2,0,0,1,0.0
97,2013-12-10,31,26-100,NYR,,NSH,L,0,0,0,-1,0,0,0,0,0,,,,1,0.0,24,18:36,2,0,0,0,
98,2013-12-12,32,26-102,NYR,,CBJ,L,0,1,1,-2,2,0,0,0,0,,,,1,0.0,27,19:41,2,1,0,1,0.0
99,2013-12-15,33,26-105,NYR,,CGY,W,0,0,0,-1,0,0,0,0,0,,,,1,0.0,23,18:03,3,0,0,0,
100,2013-12-18,34,26-108,NYR,,PIT,L-SO,1,1,2,1,0,1,0,0,0,,,,1,100.0,24,18:35,0,0,0,0,
101,2013-12-20,35,26-110,NYR,,NYI,L,0,1,1,-3,0,0,0,0,0,,,,3,0.0,23,20:00,2,0,0,0,
102,2013-12-22,36,26-112,NYR,,MIN,W,1,0,1,1,0,1,0,0,0,,,,3,33.3,23,16:19,1,2,0,0,
103,2013-12-23,37,26-113,NYR,,TOR,W,0,0,0,0,0,0,0,0,0,,,,4,0.0,24,18:02,1,0,0,0,
104,2013-12-27,38,26-117,NYR,@,WSH,L,0,0,0,0,4,0,0,0,0,,,,1,0.0,19,15:02,3,2,0,0,
105,2013-12-29,39,26-119,NYR,@,TBL,W,1,2,3,0,0,0,1,0,0,,,,2,50.0,21,16:00,0,0,0,0,
106,2013-12-31,40,26-121,NYR,@,FLA,W,0,0,0,-1,0,0,0,0,0,,,,2,0.0,24,19:11,0,0,0,0,
107,2014-01-03,41,26-124,NYR,@,PIT,L,1,1,2,1,2,1,0,0,0,,,,2,50.0,23,17:53,3,0,0,0,
108,2014-01-04,42,26-125,NYR,@,TOR,W,0,0,0,1,0,0,0,0,0,,,,2,0.0,21,17:10,4,0,0,0,
109,2014-01-06,43,26-127,NYR,,CBJ,L-SO,0,0,0,-1,0,0,0,0,0,,,,2,0.0,22,19:16,1,0,0,0,
110,2014-01-08,44,26-129,NYR,@,CHI,W,1,0,1,-1,0,0,1,0,0,,,,4,25.0,22,14:42,3,0,0,0,
111,2014-01-10,45,26-131,NYR,,DAL,W,0,1,1,-1,0,0,0,0,0,,,,1,0.0,19,14:46,2,1,0,0,
112,2014-01-12,46,26-133,NYR,,PHI,W,0,1,1,1,2,0,0,0,0,,,,2,0.0,22,18:27,1,0,0,0,
113,2014-01-14,47,26-135,NYR,,TBL,L,0,0,0,-1,0,0,0,0,0,,,,2,0.0,20,16:35,2,1,0,0,
114,2014-01-16,48,26-137,NYR,,DET,W,1,0,1,1,0,1,0,0,1,,,,1,100.0,21,16:22,0,1,0,0,
115,2014-01-18,49,26-139,NYR,@,OTT,W,1,0,1,0,0,1,0,0,0,,,,1,100.0,21,14:27,3,0,0,0,
116,2014-01-19,50,26-140,NYR,,WSH,W,0,0,0,0,0,0,0,0,0,,,,1,0.0,23,15:19,2,1,0,0,
117,2014-01-21,51,26-142,NYR,,NYI,L,0,0,0,0,0,0,0,0,0,,,,1,0.0,21,12:17,0,0,0,0,
118,2014-01-23,52,26-144,NYR,,STL,L,0,0,0,0,0,0,0,0,0,,,,4,0.0,20,16:17,2,2,0,0,
119,2014-01-26,53,26-147,NYR,@,NJD,W,2,0,2,2,0,2,0,0,1,,,,4,50.0,24,17:46,2,0,0,0,
120,2014-01-29,54,26-150,NYR,@,NYI,W,0,1,1,1,2,0,0,0,0,,,,2,0.0,20,15:12,1,1,0,0,
121,2014-01-31,55,26-152,NYR,,NYI,W,0,1,1,1,0,0,0,0,0,,,,3,0.0,19,14:20,2,0,0,0,
122,2014-02-04,56,26-156,NYR,,COL,W,0,2,2,2,0,0,0,0,0,,,,5,0.0,18,16:24,0,1,0,0,
123,2014-02-06,57,26-158,NYR,,EDM,L,0,1,1,1,0,0,0,0,0,,,,2,0.0,22,16:16,4,1,0,0,
124,2014-02-07,58,26-159,NYR,@,PIT,W,0,1,1,1,2,0,0,0,0,,,,2,0.0,27,17:31,1,1,0,0,
125,2014-03-07,59,26-187,NYR,@,CAR,W,0,1,1,1,2,0,0,0,0,,,,3,0.0,25,18:19,3,1,0,0,
126,2014-03-09,60,26-189,NYR,,DET,W,0,0,0,0,0,0,0,0,0,,,,2,0.0,23,16:05,1,0,1,0,100.0
127,2014-03-11,61,26-191,NYR,@,CAR,L,0,1,1,0,2,0,0,0,0,,,,1,0.0,26,17:17,0,1,0,0,
128,2014-03-13,62,26-193,NYR,@,MIN,L,0,0,0,0,0,0,0,0,0,,,,0,,28,19:00,2,0,0,0,
129,2014-03-14,63,26-194,NYR,@,WPG,W,0,0,0,-1,0,0,0,0,0,,,,1,0.0,21,17:19,1,0,0,0,
130,2014-03-16,64,26-196,NYR,,SJS,L,0,0,0,-1,0,0,0,0,0,,,,3,0.0,23,19:54,1,2,0,0,
131,2014-03-18,65,26-198,NYR,@,OTT,W,0,2,2,4,0,0,0,0,0,,,,4,0.0,28,17:38,0,2,0,0,
132,2014-03-21,66,26-201,NYR,@,CBJ,W,0,2,2,2,0,0,0,0,0,,,,2,0.0,25,18:11,1,0,0,0,
133,2014-03-22,67,26-202,NYR,@,NJD,W,0,0,0,0,2,0,0,0,0,,,,2,0.0,23,15:35,3,1,0,0,
134,2014-03-24,68,26-204,NYR,,PHX,W,0,1,1,0,0,0,0,0,0,,,,2,0.0,23,18:30,2,0,0,0,
135,2014-03-26,69,26-206,NYR,,PHI,W,0,0,0,1,0,0,0,0,0,,,,1,0.0,19,15:45,4,1,0,0,
136,2014-03-28,70,26-208,NYR,@,CGY,L,0,0,0,-2,0,0,0,0,0,,,,2,0.0,21,15:40,1,0,0,0,
137,2014-03-30,71,26-210,NYR,@,EDM,W,2,1,3,2,0,1,0,1,1,,,,3,66.7,22,15:12,0,0,0,0,
138,2014-04-01,72,26-212,NYR,@,VAN,W,0,1,1,0,0,0,0,0,0,,,,3,0.0,25,18:02,1,0,0,0,
139,2014-04-03,73,26-214,NYR,@,COL,L-SO,0,1,1,1,0,0,0,0,0,,,,1,0.0,26,17:08,2,0,0,1,0.0
140,2014-04-05,74,26-216,NYR,,OTT,L,2,0,2,-1,2,2,0,0,0,,,,3,66.7,26,15:10,4,0,0,0,
141,2014-04-08,75,26-219,NYR,,CAR,W,0,1,1,0,0,0,0,0,0,,,,5,0.0,22,17:25,1,0,0,0,
142,2014-04-10,76,26-221,NYR,,BUF,W,0,1,1,0,0,0,0,0,0,,,,3,0.0,23,18:08,0,0,0,0,
143,2014-04-12,77,26-223,NYR,@,MTL,L-OT,0,0,0,0,0,0,0,0,0,,,,1,0.0,26,19:12,2,2,0,0,
144,2014-10-09,1,27-038,NYR,@,STL,W,0,0,0,0,9,0,0,0,0,0,0,0,1,0.0,21,14:22,1,1,0,1,0.0
145,2014-10-11,2,27-040,NYR,@,CBJ,L,0,0,0,-4,0,0,0,0,0,0,0,0,3,0.0,20,16:32,1,1,0,0,
146,2014-10-14,3,27-043,NYR,,NYI,L,0,0,0,-1,0,0,0,0,0,0,0,0,1,0.0,19,16:22,1,0,0,0,
147,2014-10-16,4,27-045,NYR,,CAR,W,0,1,1,0,0,0,0,0,0,1,0,0,2,0.0,26,19:18,0,0,0,0,
148,2014-10-19,5,27-048,NYR,,SJS,W,0,0,0,1,0,0,0,0,0,0,0,0,0,,24,17:42,0,0,0,0,
149,2014-10-21,6,27-050,NYR,@,NJD,W,0,0,0,0,0,0,0,0,0,0,0,0,3,0.0,25,20:22,1,0,0,0,
150,2014-10-25,7,27-054,NYR,@,MTL,L,0,0,0,-1,0,0,0,0,0,0,0,0,2,0.0,25,18:39,0,0,0,0,
151,2014-10-27,8,27-056,NYR,,MIN,W,1,2,3,3,0,1,0,0,1,2,0,0,4,25.0,24,16:02,0,0,0,0,
152,2014-11-01,9,27-061,NYR,,WPG,L-SO,0,0,0,0,0,0,0,0,0,0,0,0,1,0.0,28,19:32,3,0,0,0,
153,2014-11-05,10,27-065,NYR,,DET,W,0,0,0,0,0,0,0,0,0,0,0,0,2,0.0,22,15:59,2,0,0,0,
154,2014-11-08,11,27-068,NYR,@,TOR,L,1,1,2,2,0,1,0,0,0,1,0,0,7,14.3,25,17:07,5,0,0,0,
155,2014-11-09,12,27-069,NYR,,EDM,L,0,0,0,-2,2,0,0,0,0,0,0,0,2,0.0,20,15:07,4,0,0,0,
156,2014-11-11,13,27-071,NYR,,PIT,W,1,0,1,1,0,1,0,0,1,0,0,0,1,100.0,20,14:56,2,0,0,0,
157,2014-11-13,14,27-073,NYR,,COL,L-SO,0,1,1,1,0,0,0,0,0,1,0,0,3,0.0,31,18:11,1,0,0,1,0.0
158,2014-11-15,15,27-075,NYR,@,PIT,L-SO,0,0,0,-1,0,0,0,0,0,0,0,0,1,0.0,25,17:32,0,0,0,0,
159,2014-11-17,16,27-077,NYR,,TBL,L,0,0,0,0,0,0,0,0,0,0,0,0,1,0.0,21,17:23,4,0,0,2,0.0
160,2014-11-19,17,27-079,NYR,,PHI,W,0,0,0,1,2,0,0,0,0,0,0,0,3,0.0,22,17:14,0,1,1,1,50.0
161,2014-11-23,18,27-083,NYR,,MTL,W,0,1,1,1,0,0,0,0,0,1,0,0,5,0.0,23,16:20,0,2,1,0,100.0
162,2014-11-26,19,27-086,NYR,@,TBL,L,1,0,1,2,2,1,0,0,0,0,0,0,1,100.0,24,17:50,2,0,0,1,0.0
163,2014-11-28,20,27-088,NYR,@,PHI,W,0,0,0,0,0,0,0,0,0,0,0,0,1,0.0,26,15:15,0,1,1,1,50.0
164,2014-11-29,21,27-089,NYR,,PHI,W,0,0,0,0,2,0,0,0,0,0,0,0,4,0.0,25,18:11,3,0,0,2,0.0
165,2014-12-01,22,27-091,NYR,,TBL,L,0,0,0,-1,2,0,0,0,0,0,0,0,1,0.0,21,18:48,4,0,0,1,0.0
166,2014-12-06,23,27-096,NYR,@,DET,L,0,0,0,0,2,0,0,0,0,0,0,0,2,0.0,24,18:58,0,2,1,1,50.0
167,2014-12-08,24,27-098,NYR,,PIT,W,0,1,1,1,0,0,0,0,0,1,0,0,0,,27,23:07,3,0,1,2,33.3
168,2014-12-13,25,27-103,NYR,@,VAN,W,2,0,2,2,0,2,0,0,0,0,0,0,2,100.0,24,16:44,2,1,1,0,100.0
169,2014-12-14,26,27-104,NYR,@,EDM,W,0,1,1,2,0,0,0,0,0,1,0,0,0,,20,13:55,2,2,1,0,100.0
170,2014-12-16,27,27-106,NYR,@,CGY,W,0,0,0,0,0,0,0,0,0,0,0,0,5,0.0,25,15:51,0,3,0,0,
171,2014-12-20,28,27-110,NYR,@,CAR,W,0,1,1,0,0,0,0,0,0,0,1,0,2,0.0,27,20:03,6,0,0,2,0.0
172,2014-12-21,29,27-111,NYR,,CAR,W,0,1,1,1,0,0,0,0,0,1,0,0,3,0.0,24,18:04,2,1,0,0,
173,2014-12-23,30,27-113,NYR,,WSH,W,0,2,2,2,2,0,0,0,0,2,0,0,1,0.0,22,14:46,1,1,1,0,100.0
174,2014-12-27,31,27-117,NYR,,NJD,W,0,0,0,0,0,0,0,0,0,0,0,0,0,,18,14:36,0,0,1,0,100.0
175,2014-12-29,32,27-119,NYR,@,DAL,L,0,1,1,-1,2,0,0,0,0,0,1,0,1,0.0,27,15:49,3,1,0,0,
176,2014-12-31,33,27-121,NYR,@,FLA,W,0,0,0,1,0,0,0,0,0,0,0,0,4,0.0,24,16:59,0,1,0,1,0.0
177,2015-01-03,34,27-124,NYR,,BUF,W,0,1,1,1,0,0,0,0,0,1,0,0,4,0.0,21,16:58,0,1,0,0,
178,2015-01-07,35,27-128,NYR,@,ANA,W,1,0,1,2,0,1,0,0,0,0,0,0,1,100.0,23,16:17,3,1,2,1,66.7
179,2015-01-08,36,27-129,NYR,@,LAK,W,0,0,0,-2,2,0,0,0,0,0,0,0,0,,23,14:29,1,0,0,0,
180,2015-01-10,37,27-131,NYR,@,SJS,W,0,1,1,1,0,0,0,0,0,1,0,0,2,0.0,25,17:16,2,1,0,1,0.0
181,2015-01-13,38,27-134,NYR,,NYI,L,0,0,0,-1,0,0,0,0,0,0,0,0,4,0.0,22,17:26,2,1,0,0,
182,2015-01-15,39,27-136,NYR,@,BOS,L,0,0,0,-1,0,0,0,0,0,0,0,0,3,0.0,22,15:02,1,1,0,0,
183,2015-01-16,40,27-137,NYR,@,CBJ,W,0,0,0,-1,0,0,0,0,0,0,0,0,0,,25,17:02,1,1,1,0,100.0
184,2015-01-18,41,27-139,NYR,@,PIT,W,0,1,1,3,0,0,0,0,0,1,0,0,1,0.0,25,16:43,1,1,0,0,
185,2015-01-20,42,27-141,NYR,,OTT,W,0,0,0,0,0,0,0,0,0,0,0,0,2,0.0,27,21:22,4,0,0,0,
186,2015-01-27,43,27-148,NYR,@,NYI,L,0,0,0,-2,0,0,0,0,0,0,0,0,3,0.0,22,14:53,2,1,0,0,
187,2015-01-29,44,27-150,NYR,,MTL,L,0,0,0,0,2,0,0,0,0,0,0,0,2,0.0,24,17:49,1,0,0,0,
188,2015-01-31,45,27-152,NYR,,CAR,W,0,1,1,2,0,0,0,0,0,1,0,0,1,0.0,21,16:40,1,0,0,0,
189,2015-02-02,46,27-154,NYR,,FLA,W,1,1,2,-1,0,1,0,0,0,0,1,0,3,33.3,23,14:20,0,1,0,1,0.0
190,2015-02-04,47,27-156,NYR,,BOS,W,0,1,1,1,0,0,0,0,0,1,0,0,1,0.0,26,19:52,3,0,0,0,
191,2015-02-07,48,27-159,NYR,@,NSH,L,0,1,1,0,2,0,0,0,0,1,0,0,3,0.0,27,16:21,0,0,0,0,
192,2015-02-08,49,27-160,NYR,,DAL,L-OT,0,1,1,0,0,0,0,0,0,0,1,0,3,0.0,24,20:44,0,0,1,0,100.0
193,2015-02-10,50,27-162,NYR,@,TOR,W,2,0,2,2,0,2,0,0,1,0,0,0,5,40.0,26,18:03,3,1,0,0,
194,2015-02-12,51,27-164,NYR,@,COL,W,1,0,1,2,0,1,0,0,0,0,0,0,2,50.0,26,18:01,2,1,0,0,
195,2015-02-14,52,27-166,NYR,@,ARI,W,0,0,0,1,0,0,0,0,0,0,0,0,1,0.0,21,15:06,2,1,1,0,100.0
196,2015-02-16,53,27-168,NYR,@,NYI,W,0,0,0,-2,0,0,0,0,0,0,0,0,2,0.0,27,18:11,1,0,1,0,100.0
197,2015-02-19,54,27-171,NYR,,VAN,L-SO,0,1,1,0,4,0,0,0,0,1,0,0,1,0.0,23,18:22,3,0,0,0,
198,2015-02-20,55,27-172,NYR,@,BUF,W,1,0,1,1,0,1,0,0,0,0,0,0,1,100.0,25,16:52,0,0,0,0,
199,2015-02-22,56,27-174,NYR,,CBJ,W,0,0,0,0,0,0,0,0,0,0,0,0,4,0.0,26,20:07,0,1,0,0,
200,2015-02-24,57,27-176,NYR,,CGY,W,0,0,0,1,0,0,0,0,0,0,0,0,5,0.0,28,20:37,1,0,0,0,
201,2015-02-26,58,27-178,NYR,,ARI,W,0,1,1,-1,0,0,0,0,0,0,1,0,2,0.0,25,16:51,1,0,0,0,
202,2015-02-28,59,27-180,NYR,@,PHI,L,0,0,0,-3,0,0,0,0,0,0,0,0,2,0.0,24,18:15,4,1,0,0,
203,2015-03-02,60,27-182,NYR,,NSH,W,0,2,2,2,2,0,0,0,0,2,0,0,1,0.0,22,17:59,0,0,0,0,
204,2015-03-04,61,27-184,NYR,@,DET,L-OT,0,1,1,-1,0,0,0,0,0,0,1,0,4,0.0,22,16:43,0,0,0,0,
205,2015-03-08,62,27-188,NYR,@,CHI,W,0,1,1,1,0,0,0,0,0,1,0,0,0,,27,17:55,1,0,0,0,
206,2015-03-10,63,27-190,NYR,@,NYI,W,0,1,1,2,0,0,0,0,0,1,0,0,2,0.0,23,19:23,2,0,0,0,
207,2015-03-11,64,27-191,NYR,@,WSH,W,0,0,0,0,0,0,0,0,0,0,0,0,1,0.0,21,16:10,2,0,0,0,
208,2015-03-14,65,27-194,NYR,@,BUF,W,0,0,0,0,0,0,0,0,0,0,0,0,2,0.0,20,15:25,0,0,1,0,100.0
209,2015-03-15,66,27-195,NYR,,FLA,W,0,0,0,0,0,0,0,0,0,0,0,0,0,,18,14:07,2,1,1,0,100.0
210,2015-03-18,67,27-198,NYR,,CHI,L,0,0,0,0,0,0,0,0,0,0,0,0,2,0.0,20,18:26,1,0,0,0,
211,2015-03-21,68,27-201,NYR,@,CAR,W,0,1,1,0,0,0,0,0,0,1,0,0,0,,23,18:38,4,0,0,0,
212,2015-03-22,69,27-202,NYR,,ANA,W,0,2,2,2,0,0,0,0,0,2,0,0,2,0.0,22,15:22,1,0,0,0,
213,2015-03-24,70,27-204,NYR,,LAK,L,1,0,1,-1,0,1,0,0,0,0,0,0,2,50.0,22,16:11,0,1,0,0,
214,2015-03-26,71,27-206,NYR,@,OTT,W,1,1,2,0,0,1,0,0,0,1,0,0,2,50.0,22,14:42,2,3,0,0,
215,2015-03-28,72,27-208,NYR,@,BOS,L,0,0,0,-2,0,0,0,0,0,0,0,0,0,,20,17:57,4,0,0,0,
216,2015-03-29,73,27-209,NYR,,WSH,L,0,1,1,1,2,0,0,0,0,1,0,0,1,0.0,23,20:05,1,1,0,0,
217,2015-03-31,74,27-211,NYR,@,WPG,W,1,0,1,0,2,1,0,0,0,0,0,0,1,100.0,23,18:55,1,2,0,0,
218,2015-04-02,75,27-213,NYR,@,MIN,W,0,0,0,0,0,0,0,0,0,0,0,0,2,0.0,24,18:28,0,1,0,0,
219,2015-04-04,76,27-215,NYR,,NJD,W,0,1,1,0,2,0,0,0,0,1,0,0,0,,19,13:29,3,1,0,1,0.0
220,2015-04-06,77,27-217,NYR,,CBJ,W,0,0,0,0,2,0,0,0,0,0,0,0,2,0.0,20,18:51,1,0,0,0,
221,2015-04-11,78,27-222,NYR,@,WSH,W,0,0,0,0,0,0,0,0,0,0,0,0,3,0.0,21,16:11,0,0,0,0,
222,2015-10-07,1,28-036,NYR,@,CHI,W,0,0,0,-1,2,0,0,0,0,0,0,0,0,,22,15:59,0,1,0,0,
223,2015-10-09,2,28-038,NYR,@,CBJ,W,2,0,2,1,2,2,0,0,0,0,0,0,4,50.0,24,14:42,1,0,0,1,0.0
224,2015-10-10,3,28-039,NYR,,CBJ,W,0,0,0,0,0,0,0,0,0,0,0,0,2,0.0,18,16:23,0,1,0,0,
225,2015-10-13,4,28-042,NYR,,WPG,L,1,0,1,0,0,1,0,0,0,0,0,0,5,20.0,22,20:49,2,0,0,0,
226,2015-10-15,5,28-044,NYR,@,MTL,L,0,0,0,-1,0,0,0,0,0,0,0,0,1,0.0,21,18:21,0,0,0,0,
227,2015-10-18,6,28-047,NYR,,NJD,L-OT,0,0,0,1,0,0,0,0,0,0,0,0,1,0.0,21,19:32,4,1,0,0,
228,2015-10-19,7,28-048,NYR,,SJS,W,1,0,1,0,0,0,1,0,0,0,0,0,1,100.0,20,15:21,0,3,0,0,
229,2015-10-22,8,28-051,NYR,,ARI,W,0,2,2,1,0,0,0,0,0,1,1,0,2,0.0,23,17:18,2,0,0,0,
230,2015-10-24,9,28-053,NYR,@,PHI,L-SO,0,0,0,0,0,0,0,0,0,0,0,0,5,0.0,27,20:08,3,1,0,1,0.0
231,2015-10-25,10,28-054,NYR,,CGY,W,0,0,0,0,2,0,0,0,0,0,0,0,0,,21,16:13,0,0,0,0,
232,2015-10-30,11,28-059,NYR,,TOR,W,3,0,3,3,0,3,0,0,1,0,0,0,4,75.0,22,18:12,0,1,0,1,0.0
233,2015-11-03,12,28-063,NYR,,WSH,W,0,1,1,0,0,0,0,0,0,1,0,0,1,0.0,21,16:38,2,0,0,0,
234,2015-11-06,13,28-066,NYR,@,COL,W,0,1,1,0,0,0,0,0,0,0,1,0,2,0.0,21,17:56,0,0,1,0,100.0
235,2015-11-07,14,28-067,NYR,@,ARI,W,0,0,0,0,0,0,0,0,0,0,0,0,1,0.0,23,19:00,1,0,0,0,
236,2015-11-10,15,28-070,NYR,,CAR,W,0,1,1,2,0,0,0,0,0,1,0,0,0,,23,17:17,0,0,0,0,
237,2015-11-12,16,28-072,NYR,,STL,W,1,2,3,1,0,1,0,0,0,1,1,0,3,33.3,24,16:41,1,0,0,0,
238,2015-11-14,17,28-074,NYR,@,OTT,W,0,0,0,0,0,0,0,0,0,0,0,0,3,0.0,28,20:37,6,1,0,0,
239,2015-11-15,18,28-075,NYR,,TOR,W,1,2,3,2,0,1,0,0,1,2,0,0,1,100.0,26,16:52,0,0,0,0,
240,2015-11-19,19,28-079,NYR,@,TBL,L,0,0,0,-1,2,0,0,0,0,0,0,0,2,0.0,28,20:00,0,0,1,0,100.0
241,2015-11-21,20,28-081,NYR,@,FLA,W,1,2,3,2,0,1,0,0,0,2,0,0,2,50.0,27,18:55,1,0,0,0,
242,2015-11-23,21,28-083,NYR,,NSH,W,0,0,0,1,0,0,0,0,0,0,0,0,0,,23,20:19,1,0,0,0,
243,2015-11-25,22,28-085,NYR,,MTL,L,0,0,0,-3,2,0,0,0,0,0,0,0,3,0.0,23,16:31,2,0,0,0,
244,2015-11-27,23,28-087,NYR,@,BOS,L,0,0,0,1,0,0,0,0,0,0,0,0,0,,26,19:06,1,1,0,0,
245,2015-11-28,24,28-088,NYR,,PHI,L,0,0,0,-2,0,0,0,0,0,0,0,0,1,0.0,23,18:10,4,1,0,0,
246,2015-11-30,25,28-090,NYR,,CAR,W,1,0,1,0,2,0,1,0,0,0,0,0,1,100.0,26,16:59,0,1,0,0,
247,2015-12-02,26,28-092,NYR,@,NYI,L-SO,0,0,0,0,0,0,0,0,0,0,0,0,0,,26,18:29,1,0,0,0,
248,2015-12-03,27,28-093,NYR,,COL,L,0,0,0,0,0,0,0,0,0,0,0,0,3,0.0,25,21:31,4,1,0,0,
249,2015-12-06,28,28-096,NYR,,OTT,W,0,0,0,1,0,0,0,0,0,0,0,0,0,,21,18:14,3,2,0,0,
250,2015-12-09,29,28-099,NYR,@,VAN,L,0,0,0,0,0,0,0,0,0,0,0,0,2,0.0,23,20:51,0,0,0,0,
251,2015-12-11,30,28-101,NYR,@,EDM,L,1,1,2,1,0,1,0,0,0,1,0,0,1,100.0,25,19:28,1,0,0,0,
252,2015-12-12,31,28-102,NYR,@,CGY,L-OT,1,0,1,0,2,0,1,0,0,0,0,0,2,50.0,27,21:19,1,0,0,0,
253,2015-12-15,32,28-105,NYR,,EDM,W,1,1,2,1,0,1,0,0,0,0,1,0,3,33.3,24,21:06,1,3,0,0,
254,2015-12-17,33,28-107,NYR,@,MIN,L,0,0,0,-2,0,0,0,0,0,0,0,0,0,,23,17:07,0,1,0,0,
255,2015-12-18,34,28-108,NYR,@,WPG,L,0,0,0,-4,0,0,0,0,0,0,0,0,1,0.0,23,17:51,0,0,0,0,
256,2015-12-20,35,28-110,NYR,,WSH,L,0,1,1,-2,0,0,0,0,0,0,1,0,2,0.0,21,15:25,0,1,0,2,0.0
257,2015-12-22,36,28-112,NYR,,ANA,W,1,1,2,2,0,0,1,0,1,1,0,0,3,33.3,26,19:56,1,2,0,1,0.0
258,2015-12-28,37,28-118,NYR,@,NSH,L,0,0,0,0,0,0,0,0,0,0,0,0,0,,24,19:03,0,0,0,0,
259,2015-12-30,38,28-120,NYR,@,TBL,W,1,0,1,1,0,1,0,0,0,0,0,0,2,50.0,20,17:48,1,0,0,0,
260,2016-01-02,39,28-123,NYR,@,FLA,L,0,0,0,0,0,0,0,0,0,0,0,0,4,0.0,23,21:29,4,1,0,0,
261,2016-01-05,40,28-126,NYR,,DAL,W,0,0,0,1,0,0,0,0,0,0,0,0,3,0.0,23,19:39,1,3,0,0,
262,2016-01-09,41,28-130,NYR,,WSH,L-OT,0,0,0,-1,0,0,0,0,0,0,0,0,2,0.0,25,18:51,0,2,0,0,
263,2016-01-11,42,28-132,NYR,,BOS,W,0,1,1,1,0,0,0,0,0,1,0,0,2,0.0,24,17:20,2,0,0,0,
264,2016-01-14,43,28-135,NYR,@,NYI,L,0,0,0,0,0,0,0,0,0,0,0,0,2,0.0,23,20:24,0,0,0,0,
265,2016-01-16,44,28-137,NYR,@,PHI,W,0,0,0,0,0,0,0,0,0,0,0,0,2,0.0,25,20:44,4,1,0,0,
266,2016-01-17,45,28-138,NYR,@,WSH,L,0,1,1,-2,0,0,0,0,0,1,0,0,3,0.0,21,14:18,0,0,0,0,
267,2016-01-19,46,28-140,NYR,,VAN,W,1,0,1,0,0,1,0,0,0,0,0,0,3,33.3,25,20:50,0,2,3,0,100.0
268,2016-01-22,47,28-143,NYR,@,CAR,W,0,0,0,0,0,0,0,0,0,0,0,0,3,0.0,21,16:40,0,1,0,0,
269,2016-01-24,48,28-145,NYR,@,OTT,L,0,0,0,-1,2,0,0,0,0,0,0,0,6,0.0,23,18:48,1,2,0,0,
270,2016-01-25,49,28-146,NYR,,BUF,W,1,0,1,0,0,0,1,0,0,0,0,0,5,20.0,24,22:08,0,0,0,0,
271,2016-02-02,50,28-154,NYR,@,NJD,L,0,0,0,-1,0,0,0,0,0,0,0,0,2,0.0,23,19:51,0,0,0,0,
272,2016-02-04,51,28-156,NYR,,MIN,W,0,2,2,2,0,0,0,0,0,2,0,0,3,0.0,21,17:35,0,1,0,0,
273,2016-02-06,52,28-158,NYR,@,PHI,W,0,1,1,1,0,0,0,0,0,1,0,0,2,0.0,23,18:21,0,0,0,0,
274,2016-02-08,53,28-160,NYR,,NJD,W,0,1,1,0,0,0,0,0,0,1,0,0,4,0.0,22,19:37,1,2,0,0,
275,2016-02-10,54,28-162,NYR,@,PIT,W,0,0,0,0,0,0,0,0,0,0,0,0,4,0.0,22,16:28,1,2,0,0,
276,2016-02-12,55,28-164,NYR,,LAK,L-OT,1,1,2,1,0,1,0,0,0,0,1,0,2,50.0,29,19:26,3,4,0,0,
277,2016-02-14,56,28-166,NYR,,PHI,W,0,2,2,1,6,0,0,0,0,1,1,0,1,0.0,23,18:07,1,1,0,0,
278,2016-02-17,57,28-169,NYR,,CHI,L,0,0,0,-1,0,0,0,0,0,0,0,0,1,0.0,22,17:13,0,0,0,0,
279,2016-02-18,58,28-170,NYR,@,TOR,W,1,2,3,3,0,1,0,0,0,2,0,0,2,50.0,21,17:13,2,2,0,0,
280,2016-02-21,59,28-173,NYR,,DET,W,0,0,0,0,0,0,0,0,0,0,0,0,1,0.0,23,19:19,0,0,0,0,
281,2016-02-23,60,28-175,NYR,@,NJD,L,0,0,0,-2,2,0,0,0,0,0,0,0,1,0.0,23,18:13,3,1,0,0,
282,2016-02-25,61,28-177,NYR,@,STL,W,0,0,0,0,0,0,0,0,0,0,0,0,0,,25,18:50,0,2,0,0,
283,2016-02-27,62,28-179,NYR,@,DAL,W,0,0,0,0,0,0,0,0,0,0,0,0,3,0.0,27,18:08,0,3,0,0,
284,2016-02-29,63,28-181,NYR,,CBJ,W,1,0,1,1,0,1,0,0,0,0,0,0,3,33.3,28,21:18,0,3,0,0,
285,2016-03-03,64,28-184,NYR,@,PIT,L,0,1,1,0,0,0,0,0,0,1,0,0,5,0.0,23,16:47,2,0,0,0,
286,2016-03-04,65,28-185,NYR,@,WSH,W,0,0,0,0,0,0,0,0,0,0,0,0,1,0.0,25,19:34,0,1,0,0,
287,2016-03-06,66,28-187,NYR,,NYI,L,0,0,0,-3,2,0,0,0,0,0,0,0,4,0.0,28,19:58,2,0,0,0,
288,2016-03-08,67,28-189,NYR,@,BUF,W,1,2,3,0,0,1,0,0,0,1,1,0,3,33.3,20,16:19,0,1,0,0,
289,2016-03-12,68,28-193,NYR,@,DET,L-OT,0,2,2,0,2,0,0,0,0,1,1,0,1,0.0,24,18:20,1,1,0,0,
290,2016-03-13,69,28-194,NYR,,PIT,L,0,0,0,-1,2,0,0,0,0,0,0,0,3,0.0,25,19:29,1,1,0,0,
291,2016-03-16,70,28-197,NYR,@,ANA,W,0,0,0,0,0,0,0,0,0,0,0,0,0,,26,20:14,3,0,0,0,
292,2016-03-17,71,28-198,NYR,@,LAK,L-OT,0,0,0,-2,0,0,0,0,0,0,0,0,1,0.0,25,18:32,0,2,0,0,
293,2016-03-19,72,28-200,NYR,@,SJS,L,0,0,0,0,0,0,0,0,0,0,0,0,2,0.0,21,15:17,0,0,0,0,
294,2016-03-21,73,28-202,NYR,,FLA,W,1,0,1,1,0,0,1,0,0,0,0,0,4,25.0,24,20:55,0,1,0,0,
295,2016-03-23,74,28-204,NYR,,BOS,W,1,1,2,0,2,0,1,0,0,1,0,0,2,50.0,26,17:14,2,1,0,0,
296,2016-03-26,75,28-207,NYR,@,MTL,W,0,1,1,1,0,0,0,0,0,0,1,0,0,,22,15:27,2,0,0,0,
297,2016-03-27,76,28-208,NYR,,PIT,L-OT,0,0,0,-2,0,0,0,0,0,0,0,0,2,0.0,26,20:10,3,1,0,0,
298,2016-03-31,77,28-212,NYR,@,CAR,L,1,0,1,0,0,1,0,0,0,0,0,0,1,100.0,20,18:11,0,1,0,0,
299,2016-04-02,78,28-214,NYR,,BUF,L,0,0,0,0,0,0,0,0,0,0,0,0,1,0.0,23,19:34,3,1,0,0,
300,2016-04-04,79,28-216,NYR,@,CBJ,W,1,0,1,1,2,1,0,0,1,0,0,0,2,50.0,22,13:47,0,0,0,0,
301,2016-04-05,80,28-217,NYR,,TBL,W,0,2,2,1,0,0,0,0,0,1,1,0,4,0.0,23,21:53,2,2,0,0,
302,2016-04-07,81,28-219,NYR,,NYI,L,0,0,0,-2,0,0,0,0,0,0,0,0,2,0.0,18,17:58,0,1,0,0,
303,2016-10-13,1,29-042,NYR,,NYI,W,1,0,1,0,0,1,0,0,0,0,0,0,2,50.0,24,17:46,2,0,1,1,50.0
304,2016-10-15,2,29-044,NYR,@,STL,L,0,0,0,0,0,0,0,0,0,0,0,0,2,0.0,24,20:08,2,0,0,0,
305,2016-10-17,3,29-046,NYR,,SJS,W,1,2,3,4,0,1,0,0,0,2,0,0,1,100.0,23,16:06,2,0,0,0,
306,2016-10-19,4,29-048,NYR,,DET,L,0,0,0,0,2,0,0,0,0,0,0,0,1,0.0,26,22:54,1,0,0,0,
307,2016-10-22,5,29-051,NYR,@,WSH,W,0,1,1,1,0,0,0,0,0,1,0,0,1,0.0,21,17:24,0,0,0,0,
308,2016-10-23,6,29-052,NYR,,ARI,W,0,0,0,-1,0,0,0,0,0,0,0,0,0,,23,18:20,1,1,0,0,
309,2016-10-26,7,29-055,NYR,,BOS,W,0,0,0,0,2,0,0,0,0,0,0,0,3,0.0,26,20:36,2,1,0,0,
310,2016-10-28,8,29-057,NYR,@,CAR,L,2,0,2,0,0,1,1,0,0,0,0,0,5,40.0,22,18:51,1,0,0,0,
311,2016-10-30,9,29-059,NYR,,TBL,W,0,0,0,0,2,0,0,0,0,0,0,0,5,0.0,23,18:55,0,1,0,0,
312,2016-11-01,10,29-061,NYR,,STL,W,1,0,1,0,0,0,1,0,0,0,0,0,2,50.0,24,17:11,0,0,0,0,
313,2016-11-03,11,29-063,NYR,,EDM,W,0,0,0,1,0,0,0,0,0,0,0,0,1,0.0,26,21:40,4,0,0,0,
314,2016-11-05,12,29-065,NYR,@,BOS,W,0,0,0,-1,0,0,0,0,0,0,0,0,4,0.0,19,15:07,0,1,0,0,
315,2016-11-06,13,29-066,NYR,,WPG,W,1,0,1,0,2,1,0,0,0,0,0,0,4,25.0,20,17:44,3,0,0,0,
316,2016-11-08,14,29-068,NYR,,VAN,L,0,0,0,-3,0,0,0,0,0,0,0,0,0,,22,19:36,0,0,0,0,
317,2016-11-12,15,29-072,NYR,@,CGY,W,0,1,1,1,0,0,0,0,0,1,0,0,2,0.0,19,18:43,0,1,0,0,
318,2016-11-13,16,29-073,NYR,@,EDM,W,0,0,0,1,0,0,0,0,0,0,0,0,5,0.0,32,21:18,0,0,0,0,
319,2016-11-15,17,29-075,NYR,@,VAN,W,1,2,3,3,0,1,0,0,0,2,0,0,1,100.0,24,16:32,0,1,0,0,
320,2016-11-18,18,29-078,NYR,@,CBJ,L,0,0,0,-2,0,0,0,0,0,0,0,0,2,0.0,22,18:20,1,0,0,0,
321,2016-11-20,19,29-080,NYR,,FLA,L-SO,0,1,1,1,0,0,0,0,0,1,0,0,2,0.0,24,20:03,3,0,0,0,
322,2016-11-21,20,29-081,NYR,@,PIT,W,0,0,0,1,0,0,0,0,0,0,0,0,1,0.0,20,17:20,1,2,0,0,
323,2016-11-23,21,29-083,NYR,,PIT,L,0,1,1,-2,0,0,0,0,0,0,1,0,3,0.0,22,17:40,1,2,1,0,100.0
324,2016-11-25,22,29-085,NYR,@,PHI,W,0,0,0,-2,0,0,0,0,0,0,0,0,2,0.0,26,19:05,6,0,1,0,100.0
325,2016-11-27,23,29-087,NYR,,OTT,L,0,0,0,-1,0,0,0,0,0,0,0,0,5,0.0,23,19:21,0,1,0,0,
326,2016-11-29,24,29-089,NYR,,CAR,W,0,0,0,0,0,0,0,0,0,0,0,0,0,,22,19:46,1,0,0,1,0.0
327,2016-12-01,25,29-091,NYR,@,BUF,L,0,0,0,-2,0,0,0,0,0,0,0,0,1,0.0,18,17:08,1,0,0,0,
328,2016-12-03,26,29-093,NYR,,CAR,W,0,2,2,2,0,0,0,0,0,2,0,0,3,0.0,23,19:18,0,0,0,0,
329,2016-12-06,27,29-096,NYR,@,NYI,L,0,0,0,0,0,0,0,0,0,0,0,0,5,0.0,26,23:10,0,0,0,0,
330,2016-12-08,28,29-098,NYR,@,WPG,W,0,1,1,-1,0,0,0,0,0,0,1,0,1,0.0,23,17:40,1,1,0,0,
331,2016-12-09,29,29-099,NYR,@,CHI,W,0,0,0,0,0,0,0,0,0,0,0,0,0,,25,16:34,0,1,0,0,
332,2016-12-11,30,29-101,NYR,,NJD,W,0,1,1,2,0,0,0,0,0,1,0,0,0,,25,17:56,0,1,0,0,
333,2016-12-13,31,29-103,NYR,,CHI,L,0,0,0,0,0,0,0,0,0,0,0,0,4,0.0,24,17:42,1,2,0,0,
334,2016-12-15,32,29-105,NYR,@,DAL,W,1,0,1,1,0,1,0,0,0,0,0,0,1,100.0,25,18:43,0,1,1,0,100.0
335,2016-12-17,33,29-107,NYR,@,NSH,W,0,0,0,0,0,0,0,0,0,0,0,0,2,0.0,25,18:30,0,3,0,0,
336,2016-12-18,34,29-108,NYR,,NJD,W,0,1,1,1,0,0,0,0,0,1,0,0,2,0.0,23,18:40,2,1,0,0,
337,2016-12-20,35,29-110,NYR,@,PIT,L,0,1,1,0,0,0,0,0,0,1,0,0,3,0.0,22,15:53,0,1,0,0,
338,2016-12-23,36,29-113,NYR,,MIN,L,0,3,3,2,0,0,0,0,0,3,0,0,4,0.0,24,20:07,2,0,0,0,
339,2016-12-27,37,29-117,NYR,,OTT,W,0,1,1,1,4,0,0,0,0,0,1,0,2,0.0,29,20:36,2,1,0,0,
340,2016-12-29,38,29-119,NYR,@,ARI,W,0,1,1,1,0,0,0,0,0,1,0,0,3,0.0,27,19:58,0,0,0,1,0.0
341,2016-12-31,39,29-121,NYR,@,COL,W,0,2,2,1,0,0,0,0,0,1,1,0,4,0.0,24,19:34,0,0,0,0,
342,2017-01-03,40,29-124,NYR,,BUF,L,0,0,0,-2,0,0,0,0,0,0,0,0,5,0.0,20,19:15,0,0,0,0,
343,2017-01-04,41,29-125,NYR,@,PHI,W,0,1,1,0,0,0,0,0,0,1,0,0,2,0.0,28,16:48,2,0,0,0,
344,2017-01-07,42,29-128,NYR,@,CBJ,W,0,0,0,0,2,0,0,0,0,0,0,0,3,0.0,30,19:59,3,3,0,0,
345,2017-01-13,43,29-134,NYR,,TOR,L,0,1,1,0,0,0,0,0,0,1,0,0,9,0.0,25,20:41,1,0,0,0,
346,2017-01-14,44,29-135,NYR,@,MTL,L,0,1,1,-1,0,0,0,0,0,1,0,0,3,0.0,28,20:24,2,1,0,0,
347,2017-01-17,45,29-138,NYR,,DAL,L,0,3,3,1,0,0,0,0,0,2,1,0,4,0.0,30,19:34,2,2,0,0,
348,2017-01-19,46,29-140,NYR,@,TOR,W,0,1,1,1,0,0,0,0,0,1,0,0,6,0.0,26,19:39,3,0,0,1,0.0
349,2017-01-22,47,29-143,NYR,@,DET,W,0,1,1,1,0,0,0,0,0,1,0,0,1,0.0,27,20:18,1,0,0,0,
350,2017-01-23,48,29-144,NYR,,LAK,W,1,0,1,1,0,1,0,0,1,0,0,0,2,50.0,25,19:08,1,1,0,1,0.0
351,2017-01-25,49,29-146,NYR,,PHI,L,0,0,0,0,2,0,0,0,0,0,0,0,3,0.0,23,21:06,0,0,0,0,
352,2017-01-31,50,29-152,NYR,,CBJ,L,0,0,0,1,2,0,0,0,0,0,0,0,2,0.0,24,18:08,3,0,0,0,
353,2017-02-02,51,29-154,NYR,@,BUF,W,1,0,1,-1,0,0,1,0,0,0,0,0,6,16.7,29,19:44,1,0,1,0,100.0
354,2017-02-05,52,29-157,NYR,,CGY,W,0,0,0,0,0,0,0,0,0,0,0,0,1,0.0,23,18:33,0,0,0,0,
355,2017-02-07,53,29-159,NYR,,ANA,W,1,0,1,1,0,1,0,0,1,0,0,0,1,100.0,17,14:54,1,0,0,0,
356,2017-02-09,54,29-161,NYR,,NSH,W,0,1,1,1,0,0,0,0,0,1,0,0,3,0.0,23,18:56,1,1,0,0,
357,2017-02-11,55,29-163,NYR,,COL,W,0,0,0,0,0,0,0,0,0,0,0,0,2,0.0,22,17:21,1,1,0,1,0.0
358,2017-02-13,56,29-165,NYR,@,CBJ,W,0,0,0,0,0,0,0,0,0,0,0,0,1,0.0,24,17:17,0,0,0,0,
359,2017-02-16,57,29-168,NYR,@,NYI,L,0,1,1,-1,0,0,0,0,0,1,0,0,1,0.0,20,18:12,1,1,0,0,
360,2017-02-19,58,29-171,NYR,,WSH,W,1,0,1,1,0,1,0,0,1,0,0,0,2,50.0,22,16:51,0,0,0,0,
361,2017-02-21,59,29-173,NYR,,MTL,L-SO,0,0,0,0,0,0,0,0,0,0,0,0,2,0.0,24,20:07,2,2,0,0,
362,2017-02-23,60,29-175,NYR,@,TOR,W,0,0,0,0,0,0,0,0,0,0,0,0,2,0.0,27,21:23,0,0,0,0,
363,2017-02-25,61,29-177,NYR,@,NJD,W,0,1,1,3,0,0,0,0,0,1,0,0,6,0.0,22,16:36,0,0,1,0,100.0
364,2017-02-26,62,29-178,NYR,,CBJ,L,0,0,0,-3,2,0,0,0,0,0,0,0,3,0.0,24,18:41,1,1,0,0,
365,2017-02-28,63,29-180,NYR,,WSH,L,0,0,0,-1,0,0,0,0,0,0,0,0,2,0.0,24,18:55,3,1,0,0,
366,2017-03-02,64,29-182,NYR,@,BOS,W,0,0,0,0,0,0,0,0,0,0,0,0,4,0.0,24,20:32,2,2,0,0,
367,2017-03-04,65,29-184,NYR,,MTL,L,0,1,1,1,0,0,0,0,0,1,0,0,2,0.0,21,17:44,0,0,0,0,
368,2017-03-06,66,29-186,NYR,@,TBL,W,0,0,0,0,2,0,0,0,0,0,0,0,2,0.0,27,20:39,4,1,0,0,
369,2017-03-07,67,29-187,NYR,@,FLA,W,0,1,1,1,0,0,0,0,0,1,0,0,1,0.0,25,19:14,0,2,0,0,
370,2017-03-09,68,29-189,NYR,@,CAR,L,0,0,0,0,0,0,0,0,0,0,0,0,3,0.0,26,21:05,0,0,0,0,
371,2017-03-12,69,29-192,NYR,@,DET,W,0,1,1,0,0,0,0,0,0,0,1,0,1,0.0,22,17:45,0,0,0,0,
372,2017-03-13,70,29-193,NYR,,TBL,L,0,1,1,1,0,0,0,0,0,1,0,0,3,0.0,24,18:27,2,0,0,0,
373,2017-03-17,71,29-197,NYR,,FLA,L-SO,2,0,2,0,2,1,1,0,0,0,0,0,2,100.0,28,21:26,1,1,0,0,
374,2017-03-18,72,29-198,NYR,@,MIN,W,0,1,1,1,0,0,0,0,0,1,0,0,0,,24,18:47,3,2,0,0,
375,2017-03-21,73,29-201,NYR,@,NJD,L-OT,0,0,0,-1,0,0,0,0,0,0,0,0,1,0.0,25,17:23,1,2,0,0,
376,2017-03-22,74,29-202,NYR,,NYI,L,1,0,1,0,2,0,1,0,0,0,0,0,6,16.7,23,19:34,1,1,0,0,
377,2017-03-25,75,29-205,NYR,@,LAK,W,0,2,2,1,0,0,0,0,0,1,1,0,0,,19,17:07,0,2,0,0,
378,2017-03-26,76,29-206,NYR,@,ANA,L,0,1,1,-2,0,0,0,0,0,1,0,0,0,,27,18:32,0,1,0,0,
379,2017-03-28,77,29-208,NYR,@,SJS,L-OT,0,1,1,-1,0,0,0,0,0,0,1,0,0,,29,20:31,1,1,0,0,
380,2017-03-31,78,29-211,NYR,,PIT,L-SO,0,0,0,0,0,0,0,0,0,0,0,0,1,0.0,27,18:39,0,0,0,0,
381,2017-04-02,79,29-213,NYR,,PHI,W,0,3,3,2,0,0,0,0,0,2,1,0,1,0.0,21,17:03,1,0,0,0,
382,2017-04-09,80,29-220,NYR,,PIT,W,0,0,0,1,0,0,0,0,0,0,0,0,1,0.0,23,17:25,0,0,0,1,0.0
383,2017-10-05,1,30-034,NYR,,COL,L,0,1,1,-2,0,0,0,0,0,0,1,0,0,,20,17:43,1,0,0,0,
384,2017-10-07,2,30-036,NYR,@,TOR,L,1,3,4,0,2,1,0,0,0,1,2,0,2,50.0,27,17:26,1,0,2,3,40.0
385,2017-10-08,3,30-037,NYR,,MTL,W,0,0,0,0,0,0,0,0,0,0,0,0,0,,23,22:00,3,1,0,0,
386,2017-10-10,4,30-039,NYR,,STL,L,0,0,0,-1,0,0,0,0,0,0,0,0,2,0.0,22,20:38,1,1,0,1,0.0
387,2017-10-13,5,30-042,NYR,@,CBJ,L,0,0,0,-2,0,0,0,0,0,0,0,0,4,0.0,24,20:12,1,1,0,2,0.0
388,2017-10-14,6,30-043,NYR,,NJD,L,0,0,0,-1,0,0,0,0,0,0,0,0,0,,24,22:17,2,0,2,0,100.0
389,2017-10-17,7,30-046,NYR,,PIT,L-OT,0,1,1,-3,0,0,0,0,0,0,1,0,0,,26,20:04,0,0,0,2,0.0
390,2017-10-19,8,30-048,NYR,,NYI,L-SO,1,0,1,0,0,1,0,0,0,0,0,0,4,25.0,24,19:17,0,1,0,0,
391,2017-10-21,9,30-050,NYR,,NSH,W,0,0,0,-1,0,0,0,0,0,0,0,0,4,0.0,23,19:56,1,0,0,1,0.0
392,2017-10-23,10,30-052,NYR,,SJS,L,0,0,0,-1,0,0,0,0,0,0,0,0,0,,22,18:44,0,1,1,1,50.0
393,2017-10-26,11,30-055,NYR,,ARI,W,0,1,1,1,0,0,0,0,0,1,0,0,0,,19,14:43,0,1,0,0,
394,2017-10-28,12,30-057,NYR,@,MTL,L,0,0,0,1,4,0,0,0,0,0,0,0,2,0.0,28,19:30,2,1,1,1,50.0
395,2017-10-31,13,30-060,NYR,,VEG,W,1,1,2,0,0,1,0,0,0,0,1,0,2,50.0,23,21:29,2,1,1,1,50.0
396,2017-11-02,14,30-062,NYR,@,TBL,W,0,0,0,0,2,0,0,0,0,0,0,0,2,0.0,26,18:13,0,0,0,1,0.0
397,2017-11-04,15,30-064,NYR,@,FLA,W,0,0,0,0,0,0,0,0,0,0,0,0,4,0.0,26,17:55,0,1,0,2,0.0
398,2017-11-06,16,30-066,NYR,,CBJ,W,0,1,1,0,0,0,0,0,0,0,1,0,1,0.0,23,21:12,0,1,0,1,0.0
399,2017-11-08,17,30-068,NYR,,BOS,W,0,0,0,1,0,0,0,0,0,0,0,0,2,0.0,23,15:25,0,0,0,0,
400,2017-11-11,18,30-071,NYR,,EDM,W,0,2,2,1,0,0,0,0,0,1,1,0,5,0.0,26,19:02,0,2,0,2,0.0
401,2017-11-15,19,30-075,NYR,@,CHI,L,0,1,1,1,2,0,0,0,0,1,0,0,1,0.0,23,17:34,1,1,0,0,
402,2017-11-17,20,30-077,NYR,@,CBJ,L,0,0,0,0,0,0,0,0,0,0,0,0,1,0.0,20,18:02,2,0,0,1,0.0
403,2017-11-19,21,30-079,NYR,,OTT,W,0,2,2,2,0,0,0,0,0,2,0,0,2,0.0,24,18:03,0,2,0,0,
404,2017-11-22,22,30-082,NYR,@,CAR,W,0,1,1,1,0,0,0,0,0,0,1,0,0,,24,16:53,0,1,0,1,0.0
405,2017-11-24,23,30-084,NYR,,DET,W,1,0,1,1,0,1,0,0,1,0,0,0,2,50.0,26,19:13,0,1,0,1,0.0
406,2017-11-26,24,30-086,NYR,,VAN,W,0,1,1,1,0,0,0,0,0,1,0,0,0,,26,20:20,0,1,0,1,0.0
407,2017-11-28,25,30-088,NYR,,FLA,L,0,1,1,0,0,0,0,0,0,1,0,0,2,0.0,22,16:32,0,0,0,1,0.0
408,2017-12-01,26,30-091,NYR,,CAR,W,0,0,0,0,0,0,0,0,0,0,0,0,2,0.0,23,14:57,0,1,0,0,
409,2017-12-05,27,30-095,NYR,@,PIT,W,1,1,2,2,0,1,0,0,0,1,0,0,3,33.3,27,17:38,1,1,0,1,0.0
410,2017-12-08,28,30-098,NYR,@,WSH,L,0,0,0,0,2,0,0,0,0,0,0,0,4,0.0,24,18:26,2,0,2,0,100.0
411,2017-12-09,29,30-099,NYR,,NJD,W,2,0,2,2,0,2,0,0,1,0,0,0,3,66.7,22,16:48,0,1,0,0,
412,2017-12-11,30,30-101,NYR,,DAL,L-SO,0,0,0,0,0,0,0,0,0,0,0,0,1,0.0,24,21:19,3,3,0,1,0.0
413,2017-12-13,31,30-103,NYR,@,OTT,L,0,1,1,0,0,0,0,0,0,1,0,0,3,0.0,23,19:21,2,2,0,0,
414,2017-12-15,32,30-105,NYR,,LAK,W,0,1,1,1,0,0,0,0,0,1,0,0,5,0.0,23,18:36,2,2,1,0,100.0
415,2017-12-16,33,30-106,NYR,@,BOS,W,1,0,1,0,2,0,1,0,1,0,0,0,7,14.3,25,20:52,0,0,0,0,
416,2017-12-19,34,30-109,NYR,,ANA,W,0,1,1,1,2,0,0,0,0,1,0,0,3,0.0,24,17:00,0,0,0,0,
417,2017-12-21,35,30-111,NYR,@,NJD,L-SO,0,1,1,-1,0,0,0,0,0,1,0,0,3,0.0,26,21:03,2,1,0,0,
418,2017-12-23,36,30-113,NYR,,TOR,L,0,0,0,-1,0,0,0,0,0,0,0,0,2,0.0,28,22:14,1,1,0,0,
419,2017-12-27,37,30-117,NYR,,WSH,W,0,0,0,0,0,0,0,0,0,0,0,0,4,0.0,27,21:03,0,1,0,0,
420,2017-12-29,38,30-119,NYR,@,DET,L-SO,0,0,0,0,0,0,0,0,0,0,0,0,2,0.0,30,20:07,0,0,2,1,66.7
421,2018-01-01,39,30-122,NYR,@,BUF,W,0,1,1,-1,0,0,0,0,0,0,1,0,2,0.0,25,18:31,1,1,2,1,66.7
422,2018-01-03,40,30-124,NYR,,CHI,L,0,1,1,-2,0,0,0,0,0,0,1,0,0,,23,19:48,1,2,0,0,
423,2018-01-07,41,30-128,NYR,@,VEG,L,0,0,0,-2,0,0,0,0,0,0,0,0,1,0.0,21,16:49,0,2,0,0,
424,2018-01-13,42,30-134,NYR,,NYI,L,0,1,1,-2,2,0,0,0,0,1,0,0,1,0.0,23,17:24,3,0,0,1,0.0
425,2018-01-14,43,30-135,NYR,@,PIT,L,0,0,0,0,2,0,0,0,0,0,0,0,2,0.0,23,19:15,1,0,0,3,0.0
426,2018-01-16,44,30-137,NYR,,PHI,W,0,0,0,0,0,0,0,0,0,0,0,0,1,0.0,23,18:17,3,1,1,0,100.0
427,2018-01-18,45,30-139,NYR,,BUF,W,0,0,0,0,4,0,0,0,0,0,0,0,2,0.0,23,20:08,1,1,0,1,0.0
428,2018-01-20,46,30-141,NYR,@,COL,L,0,1,1,0,0,0,0,0,0,0,1,0,2,0.0,22,18:10,1,0,0,1,0.0
429,2018-01-21,47,30-142,NYR,@,LAK,L,0,1,1,1,0,0,0,0,0,1,0,0,2,0.0,24,20:27,1,2,0,0,
430,2018-01-23,48,30-144,NYR,@,ANA,L,0,1,1,-1,2,0,0,0,0,0,1,0,4,0.0,21,18:02,2,0,0,0,
431,2018-01-25,49,30-146,NYR,@,SJS,W,0,2,2,3,0,0,0,0,0,2,0,0,2,0.0,27,18:19,0,0,0,0,
432,2018-02-01,50,30-153,NYR,,TOR,L,0,0,0,-2,0,0,0,0,0,0,0,0,0,,23,17:21,0,0,0,2,0.0
433,2018-02-03,51,30-155,NYR,@,NSH,L,0,1,1,-1,2,0,0,0,0,0,1,0,1,0.0,27,20:30,1,2,0,1,0.0
434,2018-02-05,52,30-157,NYR,@,DAL,L,0,0,0,0,0,0,0,0,0,0,0,0,3,0.0,25,17:37,0,1,0,1,0.0
435,2018-02-07,53,30-159,NYR,,BOS,L,0,0,0,-1,0,0,0,0,0,0,0,0,2,0.0,22,15:47,0,1,0,0,
436,2018-02-09,54,30-161,NYR,,CGY,W,0,1,1,1,0,0,0,0,0,1,0,0,2,0.0,23,19:21,1,2,1,2,33.3
437,2018-02-11,55,30-163,NYR,@,WPG,W,1,0,1,1,0,1,0,0,0,0,0,0,5,20.0,24,19:17,2,3,0,0,
438,2018-02-13,56,30-165,NYR,@,MIN,L,0,0,0,-1,0,0,0,0,0,0,0,0,1,0.0,21,19:11,1,1,2,2,50.0
439,2018-02-15,57,30-167,NYR,@,NYI,L,0,0,0,-1,0,0,0,0,0,0,0,0,4,0.0,21,17:58,3,0,0,2,0.0
440,2018-02-17,58,30-169,NYR,@,OTT,L,0,1,1,1,2,0,0,0,0,0,1,0,2,0.0,24,16:20,0,1,0,1,0.0
441,2018-02-18,59,30-170,NYR,,PHI,L,1,1,2,2,0,1,0,0,0,1,0,0,7,14.3,26,19:36,1,1,1,4,20.0
442,2018-02-22,60,30-174,NYR,@,MTL,L,0,0,0,-2,0,0,0,0,0,0,0,0,2,0.0,23,18:45,2,0,0,1,0.0
443,2018-02-23,61,30-175,NYR,,MIN,L,0,0,0,0,0,0,0,0,0,0,0,0,0,,16,13:27,1,1,0,1,0.0
444,2018-02-25,62,30-177,NYR,,DET,L-OT,0,0,0,-2,0,0,0,0,0,0,0,0,2,0.0,24,21:30,0,2,0,0,
445,2018-02-28,63,30-180,NYR,@,VAN,W,0,0,0,0,0,0,0,0,0,0,0,0,1,0.0,26,20:56,0,0,0,0,
446,2018-03-02,64,30-182,NYR,@,CGY,W,0,0,0,0,0,0,0,0,0,0,0,0,2,0.0,26,19:59,0,0,0,2,0.0
447,2018-03-03,65,30-183,NYR,@,EDM,W,0,1,1,-1,0,0,0,0,0,0,1,0,2,0.0,27,17:24,0,0,0,0,
448,2018-03-06,66,30-186,NYR,,WPG,L,0,0,0,0,2,0,0,0,0,0,0,0,2,0.0,26,18:12,1,1,0,0,
449,2018-03-08,67,30-188,NYR,@,TBL,L,1,0,1,1,2,1,0,0,0,0,0,0,5,20.0,26,20:23,0,0,0,0,
450,2018-03-10,68,30-190,NYR,@,FLA,L-SO,1,0,1,1,0,1,0,0,0,0,0,0,5,20.0,31,21:10,0,0,0,1,0.0
451,2018-03-12,69,30-192,NYR,,CAR,W,2,0,2,2,2,2,0,0,0,0,0,0,3,66.7,28,20:40,1,1,0,0,
452,2018-03-14,70,30-194,NYR,,PIT,W,0,0,0,-1,0,0,0,0,0,0,0,0,2,0.0,28,22:20,0,1,0,0,
453,2018-03-17,71,30-197,NYR,@,STL,L-OT,1,0,1,-1,0,1,0,0,0,0,0,0,1,100.0,26,18:54,0,1,0,1,0.0
454,2018-03-20,72,30-200,NYR,,CBJ,L,0,0,0,-2,0,0,0,0,0,0,0,0,3,0.0,23,19:59,1,0,0,0,
455,2018-03-22,73,30-202,NYR,@,PHI,L,0,0,0,-2,0,0,0,0,0,0,0,0,4,0.0,25,19:26,1,0,1,0,100.0
456,2018-03-24,74,30-204,NYR,,BUF,W,0,1,1,2,0,0,0,0,0,1,0,0,2,0.0,22,16:35,0,1,0,1,0.0
457,2018-03-26,75,30-206,NYR,,WSH,L,1,0,1,-1,0,1,0,0,0,0,0,0,2,50.0,22,20:00,0,0,0,0,
458,2018-03-28,76,30-208,NYR,@,WSH,L-OT,0,0,0,0,0,0,0,0,0,0,0,0,5,0.0,22,20:21,0,2,0,0,
459,2018-03-30,77,30-210,NYR,,TBL,L,0,1,1,-1,0,0,0,0,0,1,0,0,1,0.0,21,16:51,0,1,0,1,0.0
460,2018-03-31,78,30-211,NYR,@,CAR,W,0,0,0,0,0,0,0,0,0,0,0,0,3,0.0,22,19:18,0,1,1,1,50.0
461,2018-04-05,79,30-216,NYR,@,NYI,L,0,1,1,0,0,0,0,0,0,0,1,0,0,,21,19:54,1,3,0,1,0.0
462,2018-04-07,80,30-218,NYR,@,PHI,L,0,0,0,-1,0,0,0,0,0,0,0,0,1,0.0,19,17:57,1,0,0,1,0.0
463,2018-10-04,1,31-033,NYR,,NSH,L,0,1,1,0,0,0,0,0,0,1,0,0,4,0.0,22,19:56,1,1,1,2,33.3
464,2018-10-06,2,31-035,NYR,@,BUF,L,0,0,0,-1,2,0,0,0,0,0,0,0,3,0.0,22,19:42,0,1,3,1,75.0
465,2018-10-07,3,31-036,NYR,@,CAR,L,0,1,1,-3,0,0,0,0,0,0,1,0,1,0.0,20,17:06,2,0,0,1,0.0
466,2018-10-11,4,31-040,NYR,,SJS,W,0,1,1,1,0,0,0,0,0,1,0,0,3,0.0,22,17:57,0,4,0,2,0.0
467,2018-10-13,5,31-042,NYR,,EDM,L,0,0,0,0,0,0,0,0,0,0,0,0,1,0.0,23,19:26,2,1,0,0,
468,2018-10-16,6,31-045,NYR,,COL,W,0,2,2,1,0,0,0,0,0,1,1,0,1,0.0,25,24:45,1,1,1,1,50.0
469,2018-10-17,7,31-046,NYR,@,WSH,L-OT,0,0,0,-1,0,0,0,0,0,0,0,0,0,,24,20:27,1,1,0,0,
470,2018-10-21,8,31-050,NYR,,CGY,L,0,1,1,-1,2,0,0,0,0,0,1,0,2,0.0,20,17:04,1,1,1,1,50.0
471,2018-10-23,9,31-052,NYR,,FLA,W,2,0,2,1,0,1,1,0,0,0,0,0,2,100.0,28,19:46,3,2,0,0,
472,2018-10-25,10,31-054,NYR,@,CHI,L,0,0,0,-2,0,0,0,0,0,0,0,0,1,0.0,25,19:54,2,2,0,0,
473,2018-10-28,11,31-057,NYR,@,LAK,L,0,0,0,0,0,0,0,0,0,0,0,0,2,0.0,28,21:53,1,0,0,0,
474,2018-10-30,12,31-059,NYR,@,SJS,W,1,1,2,1,0,1,0,0,0,1,0,0,1,100.0,28,20:02,0,1,1,1,50.0
475,2018-11-01,13,31-061,NYR,@,ANA,W,0,0,0,-1,0,0,0,0,0,0,0,0,1,0.0,25,19:34,1,0,0,1,0.0
476,2018-11-04,14,31-064,NYR,,BUF,W,0,0,0,1,0,0,0,0,0,0,0,0,1,0.0,24,18:15,0,3,0,0,
477,2018-11-06,15,31-066,NYR,,MTL,W,0,0,0,0,2,0,0,0,0,0,0,0,1,0.0,21,14:53,1,0,0,1,0.0
478,2018-11-15,16,31-075,NYR,@,NYI,L,0,0,0,-2,0,0,0,0,0,0,0,0,7,0.0,22,17:22,1,1,0,0,
479,2018-11-23,17,31-083,NYR,@,PHI,L,0,0,0,-3,0,0,0,0,0,0,0,0,0,,21,15:29,1,2,0,1,0.0
480,2018-12-14,18,31-104,NYR,,ARI,L-OT,0,1,1,-2,0,0,0,0,0,0,1,0,2,0.0,23,22:30,2,1,1,0,100.0
481,2018-12-16,19,31-106,NYR,,VEG,L-OT,0,1,1,-1,0,0,0,0,0,0,1,0,1,0.0,23,20:42,1,1,0,1,0.0
482,2018-12-18,20,31-108,NYR,,ANA,W,0,0,0,-1,0,0,0,0,0,0,0,0,1,0.0,24,22:48,2,1,0,2,0.0
483,2018-12-22,21,31-112,NYR,@,TOR,L,0,0,0,-2,0,0,0,0,0,0,0,0,0,,21,16:09,3,0,0,0,
484,2018-12-23,22,31-113,NYR,,PHI,L-SO,0,0,0,1,0,0,0,0,0,0,0,0,2,0.0,27,21:52,3,0,0,0,
485,2018-12-27,23,31-117,NYR,,CBJ,L-OT,0,1,1,-1,0,0,0,0,0,0,1,0,4,0.0,22,17:36,1,0,0,0,
486,2018-12-29,24,31-119,NYR,@,NSH,W,0,0,0,0,2,0,0,0,0,0,0,0,2,0.0,26,19:24,0,0,0,0,
487,2018-12-31,25,31-121,NYR,@,STL,W,1,0,1,-1,0,0,1,0,0,0,0,0,3,33.3,22,18:24,1,3,0,0,
488,2019-01-02,26,31-123,NYR,,PIT,L,0,0,0,-2,2,0,0,0,0,0,0,0,1,0.0,23,16:28,1,0,0,0,
489,2019-01-04,27,31-125,NYR,@,COL,L,0,0,0,-1,10,0,0,0,0,0,0,0,0,,17,13:08,1,2,0,0,
490,2019-01-06,28,31-127,NYR,@,ARI,L,0,0,0,-1,0,0,0,0,0,0,0,0,1,0.0,21,16:56,2,0,0,0,
491,2019-01-08,29,31-129,NYR,@,VEG,L,0,1,1,0,0,0,0,0,0,1,0,0,0,,22,18:54,2,2,0,0,
492,2019-01-10,30,31-131,NYR,,NYI,L,0,0,0,0,0,0,0,0,0,0,0,0,1,0.0,23,20:51,2,0,0,0,
493,2019-01-12,31,31-133,NYR,@,NYI,W,1,0,1,1,2,1,0,0,1,0,0,0,1,100.0,23,20:11,1,0,0,0,
494,2019-01-13,32,31-134,NYR,@,CBJ,L,2,0,2,0,0,2,0,0,0,0,0,0,4,50.0,23,23:34,0,2,0,0,
495,2019-01-15,33,31-136,NYR,,CAR,W,0,3,3,1,0,0,0,0,0,1,2,0,2,0.0,23,17:33,0,0,0,0,
496,2019-01-17,34,31-138,NYR,,CHI,W,1,0,1,3,0,1,0,0,0,0,0,0,5,20.0,26,20:49,0,2,0,0,
497,2019-01-19,35,31-140,NYR,@,BOS,W,0,2,2,1,0,0,0,0,0,1,1,0,3,0.0,28,21:06,1,1,1,0,100.0
498,2019-01-31,36,31-152,NYR,@,NJD,W,0,3,3,2,0,0,0,0,0,2,1,0,3,0.0,27,22:41,1,0,0,0,
499,2019-02-02,37,31-154,NYR,,TBL,L,1,0,1,1,0,1,0,0,0,0,0,0,5,20.0,28,25:58,0,0,0,0,
500,2019-02-04,38,31-156,NYR,,LAK,L-OT,0,1,1,0,0,0,0,0,0,1,0,0,4,0.0,26,22:15,0,0,0,0,
501,2019-02-06,39,31-158,NYR,,BOS,W,0,1,1,1,2,0,0,0,0,1,0,0,1,0.0,26,23:50,2,1,0,1,0.0
502,2019-02-08,40,31-160,NYR,,CAR,L,0,0,0,-1,0,0,0,0,0,0,0,0,1,0.0,23,21:43,3,2,0,0,
503,2019-02-10,41,31-162,NYR,,TOR,W,0,2,2,1,0,0,0,0,0,2,0,0,3,0.0,23,20:12,2,0,0,0,
504,2019-02-12,42,31-164,NYR,@,WPG,L,0,2,2,-1,0,0,0,0,0,1,1,0,4,0.0,26,24:26,1,1,0,0,
505,2019-02-15,43,31-167,NYR,@,BUF,W,0,1,1,0,0,0,0,0,0,1,0,0,3,0.0,24,20:01,0,0,0,0,
506,2019-02-17,44,31-169,NYR,@,PIT,L,2,0,2,1,0,1,1,0,0,0,0,0,8,25.0,25,24:44,4,1,0,1,0.0
507,2019-02-19,45,31-171,NYR,@,CAR,W,0,0,0,0,0,0,0,0,0,0,0,0,2,0.0,24,22:57,1,1,0,2,0.0
508,2019-02-21,46,31-173,NYR,,MIN,L,0,0,0,-1,0,0,0,0,0,0,0,0,1,0.0,22,19:41,2,0,1,1,50.0
509,2019-02-24,47,31-176,DAL,@,CHI,W,1,1,2,3,0,1,0,0,0,1,0,0,4,25.0,17,13:35,0,1,0,0,
510,2019-04-02,48,31-213,DAL,,PHI,W,0,1,1,0,0,0,0,0,0,0,1,0,1,0.0,21,18:23,0,0,0,0,
511,2019-10-03,1,32-032,MIN,@,NSH,L,0,0,0,-3,2,0,0,0,0,0,0,0,1,0.0,20,16:07,0,0,0,0,
512,2019-10-05,2,32-034,MIN,@,COL,L,0,0,0,-1,2,0,0,0,0,0,0,0,1,0.0,17,13:22,1,0,0,0,
513,2019-10-10,3,32-039,MIN,@,WPG,L,0,0,0,-1,2,0,0,0,0,0,0,0,0,,18,14:11,0,0,0,0,
514,2019-10-12,4,32-041,MIN,,PIT,L,0,0,0,-1,0,0,0,0,0,0,0,0,1,0.0,19,15:46,0,0,1,0,100.0
515,2019-10-22,5,32-051,MIN,,EDM,W,0,1,1,2,0,0,0,0,0,1,0,0,2,0.0,22,15:48,0,2,0,0,
516,2019-10-24,6,32-053,MIN,@,NSH,L,0,0,0,-1,0,0,0,0,0,0,0,0,2,0.0,19,17:11,0,0,0,0,
517,2019-10-26,7,32-055,MIN,,LAK,W,0,0,0,1,0,0,0,0,0,0,0,0,1,0.0,18,14:40,0,1,1,0,100.0
518,2019-10-29,8,32-058,MIN,@,DAL,L,0,1,1,-1,2,0,0,0,0,0,1,0,0,,20,16:50,0,0,0,0,
519,2019-10-30,9,32-059,MIN,@,STL,L,1,0,1,0,0,1,0,0,0,0,0,0,2,50.0,18,15:40,0,1,0,1,0.0
520,2019-11-02,10,32-062,MIN,,STL,L-OT,1,0,1,-2,0,0,1,0,0,0,0,0,2,50.0,20,16:22,0,1,0,0,
521,2019-11-05,11,32-065,MIN,@,ANA,W,1,1,2,1,2,1,0,0,0,1,0,0,2,50.0,20,15:29,1,0,0,0,
522,2019-11-07,12,32-067,MIN,@,SJS,L,0,1,1,-1,0,0,0,0,0,1,0,0,0,,17,14:20,0,0,0,0,
523,2019-11-09,13,32-069,MIN,@,ARI,W,0,0,0,-1,0,0,0,0,0,0,0,0,1,0.0,21,18:34,0,1,2,0,100.0
524,2019-11-12,14,32-072,MIN,@,LAK,L,0,0,0,0,0,0,0,0,0,0,0,0,2,0.0,18,16:19,1,0,0,0,
525,2019-11-14,15,32-074,MIN,,ARI,W,0,0,0,-1,0,0,0,0,0,0,0,0,1,0.0,18,16:39,0,0,1,0,100.0
526,2019-11-16,16,32-076,MIN,,CAR,L-OT,0,0,0,0,0,0,0,0,0,0,0,0,1,0.0,23,16:56,0,2,0,0,
527,2019-11-19,17,32-079,MIN,@,BUF,W,0,1,1,1,0,0,0,0,0,1,0,0,4,0.0,18,14:54,0,0,0,1,0.0
528,2019-11-21,18,32-081,MIN,,COL,W,1,0,1,1,0,0,1,0,0,0,0,0,3,33.3,17,15:17,0,0,0,0,
529,2019-11-23,19,32-083,MIN,@,BOS,L-OT,0,2,2,0,0,0,0,0,0,0,2,0,0,,18,15:59,0,1,0,0,
530,2019-11-25,20,32-085,MIN,@,NYR,L-OT,0,0,0,-1,0,0,0,0,0,0,0,0,1,0.0,15,14:48,1,2,0,0,
531,2019-11-26,21,32-086,MIN,@,NJD,W,0,0,0,0,0,0,0,0,0,0,0,0,1,0.0,17,14:40,1,0,0,0,
532,2019-11-29,22,32-089,MIN,,OTT,W,0,1,1,2,0,0,0,0,0,1,0,0,2,0.0,17,16:00,0,0,0,1,0.0
533,2019-12-01,23,32-091,MIN,,DAL,W,0,0,0,-1,0,0,0,0,0,0,0,0,2,0.0,19,15:22,0,4,0,1,0.0
534,2019-12-03,24,32-093,MIN,@,FLA,W,1,0,1,1,0,1,0,0,0,0,0,0,3,33.3,17,14:07,1,0,0,0,
535,2019-12-05,25,32-095,MIN,@,TBL,W,1,2,3,1,0,1,0,0,1,2,0,0,2,50.0,18,13:29,0,0,0,0,
536,2019-12-07,26,32-097,MIN,@,CAR,L,1,0,1,-2,0,1,0,0,0,0,0,0,3,33.3,18,17:49,0,0,0,0,
537,2019-12-10,27,32-100,MIN,,ANA,L-SO,0,0,0,0,0,0,0,0,0,0,0,0,0,,22,20:23,0,1,0,0,
538,2019-12-12,28,32-102,MIN,,EDM,W,0,1,1,1,0,0,0,0,0,1,0,0,0,,22,19:31,0,2,0,0,
539,2019-12-14,29,32-104,MIN,,PHI,W,0,0,0,2,0,0,0,0,0,0,0,0,0,,22,16:41,0,1,0,0,
540,2019-12-15,30,32-105,MIN,@,CHI,L,0,0,0,-2,0,0,0,0,0,0,0,0,1,0.0,19,13:23,1,1,0,0,
541,2019-12-17,31,32-107,MIN,@,VEG,L,1,0,1,0,0,0,1,0,0,0,0,0,1,100.0,22,20:25,0,1,0,0,
542,2019-12-19,32,32-109,MIN,@,ARI,W,1,2,3,3,0,1,0,0,1,2,0,0,4,25.0,20,16:46,1,0,0,0,
543,2019-12-21,33,32-111,MIN,,WPG,L,0,0,0,-2,2,0,0,0,0,0,0,0,1,0.0,17,16:40,0,1,0,0,
544,2019-12-23,34,32-113,MIN,,CGY,W,0,0,0,0,0,0,0,0,0,0,0,0,2,0.0,19,15:47,1,0,0,0,
545,2019-12-27,35,32-117,MIN,@,COL,W,1,0,1,-1,0,1,0,0,0,0,0,0,2,50.0,18,15:01,1,0,0,0,
546,2019-12-29,36,32-119,MIN,,NYI,L,0,0,0,-1,0,0,0,0,0,0,0,0,1,0.0,16,18:32,0,0,0,0,
547,2019-12-31,37,32-121,MIN,,TOR,L,0,0,0,-1,0,0,0,0,0,0,0,0,3,0.0,21,18:55,0,0,0,0,
548,2020-01-04,38,32-125,MIN,,WPG,W,0,0,0,0,0,0,0,0,0,0,0,0,6,0.0,20,19:20,0,0,1,0,100.0
549,2020-01-05,39,32-126,MIN,,CGY,L-SO,0,0,0,-1,0,0,0,0,0,0,0,0,3,0.0,20,15:44,0,0,1,1,50.0
550,2020-01-09,40,32-130,MIN,@,CGY,L,1,0,1,1,0,1,0,0,0,0,0,0,2,50.0,16,16:45,0,2,0,0,
551,2020-01-12,41,32-133,MIN,,VAN,L,0,0,0,-1,0,0,0,0,0,0,0,0,3,0.0,16,15:16,0,0,0,0,
552,2020-01-14,42,32-135,MIN,@,PIT,L,0,0,0,-1,2,0,0,0,0,0,0,0,2,0.0,20,16:28,0,1,0,0,
553,2020-01-16,43,32-137,MIN,,TBL,W,0,0,0,-1,0,0,0,0,0,0,0,0,1,0.0,19,16:41,0,1,0,0,
554,2020-01-18,44,32-139,MIN,,DAL,W,1,1,2,2,2,1,0,0,0,1,0,0,2,50.0,18,14:46,0,1,0,0,
555,2020-01-20,45,32-141,MIN,,FLA,L,0,0,0,-2,0,0,0,0,0,0,0,0,0,,21,18:24,0,0,0,0,
556,2020-01-22,46,32-143,MIN,,DET,W,1,1,2,2,0,1,0,0,0,1,0,0,3,33.3,19,18:55,0,2,0,0,
557,2020-02-01,47,32-153,MIN,,BOS,L,1,0,1,0,0,1,0,0,0,0,0,0,2,50.0,19,18:22,0,0,0,0,
558,2020-02-04,48,32-156,MIN,,CHI,W,0,1,1,1,2,0,0,0,0,1,0,0,1,0.0,23,16:10,0,0,0,0,
559,2020-02-06,49,32-158,MIN,,VAN,W,0,0,0,0,0,0,0,0,0,0,0,0,1,0.0,15,14:03,0,1,0,0,
560,2020-02-07,50,32-159,MIN,@,DAL,W,0,0,0,0,0,0,0,0,0,0,0,0,1,0.0,15,12:49,0,1,0,0,
561,2020-02-09,51,32-161,MIN,,COL,L,0,0,0,0,0,0,0,0,0,0,0,0,0,,19,16:04,0,0,0,0,
562,2020-02-11,52,32-163,MIN,,VEG,W,0,0,0,0,0,0,0,0,0,0,0,0,0,,18,13:44,0,1,0,0,
563,2020-02-13,53,32-165,MIN,,NYR,L-SO,0,0,0,0,0,0,0,0,0,0,0,0,2,0.0,15,17:00,1,2,1,0,100.0
564,2020-02-15,54,32-167,MIN,,SJS,L,0,0,0,-1,0,0,0,0,0,0,0,0,2,0.0,18,16:41,1,0,0,0,
565,2020-02-19,55,32-171,MIN,@,VAN,W,0,2,2,2,0,0,0,0,0,2,0,0,0,,15,13:23,0,0,0,0,
566,2020-02-21,56,32-173,MIN,@,EDM,W,0,1,1,1,0,0,0,0,0,1,0,0,0,,18,14:33,0,0,0,0,
567,2020-02-23,57,32-175,MIN,,STL,L,0,0,0,0,0,0,0,0,0,0,0,0,1,0.0,18,15:42,0,0,0,0,
568,2020-02-25,58,32-177,MIN,,CBJ,W,0,0,0,-1,0,0,0,0,0,0,0,0,0,,13,13:47,0,0,0,0,
569,2020-02-27,59,32-179,MIN,@,DET,W,0,1,1,-1,0,0,0,0,0,0,1,0,2,0.0,14,15:06,0,1,0,0,
570,2020-02-28,60,32-180,MIN,@,CBJ,W,0,0,0,0,0,0,0,0,0,0,0,0,0,,15,14:28,1,1,0,0,
571,2020-03-01,61,32-182,MIN,,WSH,L,0,0,0,0,0,0,0,0,0,0,0,0,3,0.0,19,15:33,0,0,1,0,100.0
572,2020-03-03,62,32-184,MIN,,NSH,W,0,0,0,0,0,0,0,0,0,0,0,0,1,0.0,18,13:50,0,0,0,0,
573,2020-03-05,63,32-186,MIN,@,SJS,W,0,0,0,0,0,0,0,0,0,0,0,0,0,,11,11:37,0,0,0,0,
574,2020-03-07,64,32-188,MIN,@,LAK,L,0,2,2,-2,0,0,0,0,0,2,0,0,2,0.0,19,16:49,0,0,0,0,
575,2020-03-08,65,32-189,MIN,@,ANA,W,1,0,1,1,0,1,0,0,0,0,0,0,1,100.0,20,15:21,0,0,0,0,
