	date_game	game_location	opp_name	goals	opp_goals	game_outcome	overtimes	empty1	shots	pen_min	goals_pp	chances_pp	goals_sh	empty2	shots_against	pen_min_opp	goals_against_pp	opp_chances_pp	goals_against_sh	empty1	corsi_for	corsi_against	corsi_pct	fenwick_for	fenwick_against	fenwick_pct	faceoff_wins	faceoff_losses	faceoff_percentage	zs_offense_pct	pdo
0	2019-10-04		Toronto Maple Leafs	1	4	L			29	12	1	5	0		29	12	2	5	0		43	46	48.3	32	29	52.5	17	27	38.6	47.0	91.7
1	2019-10-05	@	Pittsburgh Penguins	2	7	L			30	13	0	1	0		40	7	1	4	0		41	58	41.4	33	45	42.3	23	21	52.3	61.3	90.2
2	2019-10-07		Buffalo Sabres	4	3	W	OT		44	8	2	3	0		18	6	2	4	0		49	43	53.3	37	27	57.8	29	23	55.8	65.0	99.6
3	2019-10-11		Anaheim Ducks	1	2	L			27	2	0	3	0		23	6	0	1	1		51	41	55.4	37	26	58.7	15	17	46.9	56.8	99.2
4	2019-10-12	@	Carolina Hurricanes	3	2	W			35	6	0	3	0		32	6	0	3	0		49	44	52.7	39	34	53.4	21	30	41.2	47.1	103.2
5	2019-10-16		Dallas Stars	3	2	W			35	4	0	3	0		32	6	0	2	0		48	52	48.0	37	39	48.7	23	25	47.9	42.9	103.0
6	2019-10-18	@	Chicago Blackhawks	2	3	L	OT		39	8	0	4	0		33	8	1	4	0		50	42	54.3	37	29	56.1	19	15	55.9	46.2	97.4
7	2019-10-19		New York Islanders	2	3	L	OT		36	0	0	1	0		34	2	0	0	0		75	54	58.1	44	45	49.4	37	21	63.8	48.7	97.2
8	2019-10-21	@	Toronto Maple Leafs	4	3	W	OT		38	4	1	5	1		31	10	0	2	1		45	48	48.4	35	32	52.2	16	34	32.0	58.3	98.1
9	2019-10-24		Carolina Hurricanes	4	3	W	OT		31	8	0	2	0		24	6	0	3	0		41	47	46.6	30	29	50.8	21	17	55.3	64.1	103.0
10	2019-10-26	@	Philadelphia Flyers	4	7	L			26	10	0	5	0		46	12	2	4	1		34	59	36.6	28	44	38.9	17	31	35.4	45.8	105.2
11	2019-10-30		Edmonton Oilers	1	4	L			24	10	1	3	0		31	6	1	5	0		33	47	41.3	25	32	43.9	21	16	56.8	48.1	87.0
12	2019-11-01	@	St. Louis Blues	3	4	L	OT		30	8	1	3	0		27	6	2	4	0		40	45	47.1	35	32	52.2	27	19	58.7	50.0	99.0
13	2019-11-02		Calgary Flames	0	3	L			43	6	0	3	0		29	8	0	2	0		54	50	51.9	46	33	58.2	21	25	45.7	62.2	87.5
14	2019-11-05		Vegas Golden Knights	1	2	L			30	6	0	4	0		25	8	0	3	1		40	39	50.6	32	29	52.5	21	17	55.3	51.7	99.5
15	2019-11-07	@	Arizona Coyotes	3	2	W			33	8	1	4	0		32	10	0	3	0		45	46	49.5	35	34	50.7	21	21	50.0	59.0	98.3
16	2019-11-09	@	Colorado Avalanche	2	4	L			41	17	1	4	0		36	8	1	2	0		51	46	52.6	42	32	56.8	20	20	50.0	62.1	91.7
17	2019-11-12	@	Montreal Canadiens	2	3	L	SO		35	4	0	3	0		32	6	0	2	0		38	62	38.0	29	41	41.4	23	30	43.4	37.3	102.2
18	2019-11-15		St. Louis Blues	3	2	W	OT		39	6	1	3	0		27	6	1	3	0		50	49	50.5	40	34	54.1	33	27	55.0	50.2	101.5
19	2019-11-19		Montreal Canadiens	5	2	W			26	4	1	2	0		32	4	0	2	0		33	58	36.3	28	40	41.2	20	30	40.0	40.6	110.2
20	2019-11-21		Detroit Red Wings	5	4	W			37	6	2	5	0		26	10	0	3	1		54	33	62.1	41	25	62.1	17	15	53.1	41.2	97.9
21	2019-11-23	@	Winnipeg Jets	3	4	L			35	6	3	5	0		31	10	0	3	0		50	42	54.3	39	37	51.3	16	24	40.0	64.0	84.6
22	2019-11-25		Ottawa Senators	1	0	W			19	4	0	3	0		25	6	0	2	0		42	52	44.7	29	39	42.6	24	24	50.0	43.4	105.9
23	2019-11-27		Philadelphia Flyers	2	3	L			30	20	0	1	0		22	2	1	5	0		44	35	55.7	35	22	61.4	20	21	48.8	44.8	94.1
24	2019-11-29		Pittsburgh Penguins	5	2	W			30	8	2	4	0		31	8	0	4	0		36	37	49.3	32	27	54.2	23	23	50.0	33.3	104.3
25	2019-11-30	@	New York Islanders	0	2	L			39	0	0	1	0		27	2	0	0	0		64	44	59.3	50	36	58.1	24	18	57.1	54.8	92.6
26	2019-12-03		Arizona Coyotes	2	4	L			35	2	1	3	0		28	6	1	1	0		56	41	57.7	42	32	56.8	21	24	46.7	76.7	91.1
27	2019-12-05		New York Rangers	2	3	L			47	4	0	5	0		19	10	1	2	0		57	33	63.3	49	25	66.2	18	19	48.6	54.5	93.1
28	2019-12-07	@	Florida Panthers	1	4	L			34	13	0	3	0		27	11	1	4	0		57	42	57.6	42	28	60.0	16	23	41.0	64.1	90.1
29	2019-12-09	@	Washington Capitals	5	2	W			38	6	0	5	0		39	10	0	3	0		49	56	46.7	38	40	48.7	21	29	42.0	53.2	109.7
30	2019-12-12	@	Pittsburgh Penguins	0	1	L	OT		17	6	0	1	0		32	2	1	3	0		38	58	39.6	23	39	37.1	20	20	50.0	58.1	100.0
31	2019-12-14	@	Ottawa Senators	3	4	L	OT		41	11	0	4	0		27	13	1	3	0		59	48	55.1	50	34	59.5	22	30	42.3	53.6	95.6
32	2019-12-16		Washington Capitals	3	0	W			21	25	0	2	0		30	11	0	4	0		31	51	37.8	28	39	41.8	27	26	50.9	40.0	115.0
33	2019-12-17	@	Detroit Red Wings	5	3	W			39	6	1	2	0		21	4	1	3	0		53	26	67.1	45	23	66.2	31	22	58.5	68.4	99.7
34	2019-12-19		Los Angeles Kings	3	2	W	OT		28	4	1	4	0		25	8	0	2	0		47	39	54.7	32	30	51.6	33	25	56.9	59.9	99.6
35	2019-12-21		New Jersey Devils	5	1	W			40	10	0	5	2		22	14	0	3	0		44	30	59.5	37	22	62.7	26	17	60.5	56.6	103.4
36	2019-12-23	@	New York Islanders	3	2	W			35	6	1	2	0		37	6	0	2	0		50	56	47.2	44	40	52.4	25	20	55.6	51.9	99.4
37	2019-12-27	@	Washington Capitals	1	2	L	OT		28	17	0	2	0		36	11	1	5	0		39	66	37.1	31	46	40.3	23	20	53.5	55.1	100.7
38	2019-12-29		Chicago Blackhawks	2	3	L	SO		33	12	0	3	0		30	8	1	5	0		44	48	47.8	36	29	55.4	18	25	41.9	29.4	101.9
39	2019-12-31		Florida Panthers	4	1	W			28	6	1	3	0		37	8	0	2	0		33	63	34.4	26	41	38.8	17	25	40.5	35.7	110.2
40	2020-01-02	@	Boston Bruins	2	1	W	OT		33	4	0	2	0		26	4	1	2	0		39	49	44.3	37	35	51.4	12	23	34.3	52.0	106.9
41	2020-01-04		San Jose Sharks	2	3	L			23	2	0	2	0		28	4	0	1	0		37	45	45.1	30	37	44.8	24	31	43.6	55.9	98.4
42	2020-01-06	@	Los Angeles Kings	4	2	W			24	0	0	1	0		37	2	0	0	0		33	72	31.4	24	54	30.8	16	27	37.2	33.3	112.6
43	2020-01-07	@	Anaheim Ducks	4	3	W			27	4	1	3	0		40	6	0	2	0		33	56	37.1	27	45	37.5	13	28	31.7	41.9	105.7
44	2020-01-09	@	San Jose Sharks	1	3	L			31	11	0	2	0		33	9	1	3	0		53	51	51.0	34	39	46.6	23	30	43.4	65.8	96.4
45	2020-01-11	@	Vegas Golden Knights	3	0	W			22	6	1	2	0		27	4	0	3	0		35	48	42.2	24	38	38.7	18	25	41.9	31.0	111.8
46	2020-01-14		Boston Bruins	3	0	W			27	10	1	2	0		34	6	0	4	0		35	53	39.8	28	38	42.4	16	21	43.2	48.0	108.7
47	2020-01-16		Carolina Hurricanes	3	2	W			18	2	0	2	0		34	4	0	1	0		29	67	30.2	22	43	33.8	23	23	50.0	40.0	110.4
48	2020-01-18		New Jersey Devils	5	0	W			31	18	0	2	0		41	16	0	3	0		45	59	43.3	37	44	45.7	19	26	42.2	56.7	117.9
49	2020-01-19	@	New York Rangers	2	1	W			31	0	0	1	0		32	2	0	0	0		52	61	46.0	38	47	44.7	26	17	60.5	45.5	103.7
50	2020-01-22		Winnipeg Jets	4	3	W			29	4	1	1	0		30	2	1	2	0		56	54	50.9	42	37	53.2	36	25	59.0	49.6	103.7
51	2020-02-01	@	Buffalo Sabres	1	2	L	OT		23	0	0	2	0		24	4	0	0	0		39	40	49.4	29	34	46.0	27	30	47.4	56.8	97.2
52	2020-02-02	@	Montreal Canadiens	4	3	W			27	6	0	2	0		30	6	0	2	0		39	70	35.8	27	47	36.5	20	17	54.1	39.0	109.0
53	2020-02-04		Florida Panthers	1	0	W	OT		45	4	0	1	0		32	2	0	2	0		61	52	54.0	48	39	55.2	24	31	43.6	61.9	102.6
54	2020-02-07		Detroit Red Wings	2	0	W			44	4	0	3	0		16	8	0	2	0		57	31	64.8	47	24	66.2	22	23	48.9	54.6	105.3
55	2020-02-08		Colorado Avalanche	1	2	L			32	6	1	5	0		22	12	0	2	0		47	44	51.6	36	31	53.7	17	20	45.9	41.6	90.5
56	2020-02-10		Tampa Bay Lightning	1	2	L	OT		32	10	0	3	0		30	10	0	3	0		46	45	50.5	37	35	51.4	24	19	55.8	43.3	95.9
57	2020-02-13	@	Buffalo Sabres	3	4	L	OT		31	4	0	1	0		27	4	1	1	0		48	39	55.2	35	28	55.6	26	26	50.0	58.2	97.5
58	2020-02-14		New York Rangers	1	3	L			37	6	0	2	0		28	4	0	3	0		55	45	55.0	45	33	57.7	21	21	50.0	51.5	91.2
59	2020-02-16	@	New Jersey Devils	3	4	L	SO		55	0	0	2	0		26	4	0	0	0		74	44	62.7	58	38	60.4	29	25	53.7	79.4	94.3
60	2020-02-18	@	Philadelphia Flyers	1	5	L			29	2	1	3	0		15	6	1	1	0		47	39	54.7	32	21	60.4	24	28	46.2	50.0	71.4
61	2020-02-20		Philadelphia Flyers	3	4	L	OT		31	4	0	3	0		33	8	1	1	0		49	61	44.5	34	46	42.5	25	30	45.5	56.2	101.7
62	2020-02-22	@	Nashville Predators	3	4	L	SO		43	2	1	2	0		36	4	0	1	0		62	69	47.3	46	49	48.4	23	31	42.6	52.7	96.3
63	2020-02-24		Ottawa Senators	4	3	W	OT		45	2	0	1	0		33	2	1	1	0		64	52	55.2	53	39	57.6	23	32	41.8	41.9	103.3
64	2020-02-25	@	Minnesota Wild	4	5	L			28	2	0	2	0		40	4	0	1	0		42	65	39.3	34	49	41.0	31	23	57.4	39.1	102.8
65	2020-02-28		Minnesota Wild	0	5	L			24	6	0	2	0		26	4	1	3	0		47	47	50.0	32	32	50.0	22	26	45.8	60.6	81.0
66	2020-03-01		Vancouver Canucks	5	3	W			35	11	2	2	0		39	9	1	3	0		45	57	44.1	35	43	44.9	28	30	48.3	46.5	103.9
67	2020-03-04	@	Calgary Flames	2	3	L	OT		22	2	0	1	0		37	2	0	1	0		40	62	39.2	30	40	42.9	20	22	47.6	35.9	101.7
68	2020-03-07	@	Edmonton Oilers	1	4	L			46	4	0	3	0		24	6	0	1	0		62	37	62.6	53	28	65.4	24	35	40.7	47.8	85.8
69	2020-03-08	@	Vancouver Canucks	2	1	W			22	6	0	2	0		27	4	0	3	0		44	47	48.4	30	34	46.9	28	23	54.9	46.3	105.8
