	date_game	game_location	opp_name	goals	opp_goals	game_outcome	overtimes	empty1	shots	pen_min	goals_pp	chances_pp	goals_sh	empty2	shots_against	pen_min_opp	goals_against_pp	opp_chances_pp	goals_against_sh	empty1	corsi_for	corsi_against	corsi_pct	fenwick_for	fenwick_against	fenwick_pct	faceoff_wins	faceoff_losses	faceoff_percentage	zs_offense_pct	pdo
0	2019-10-03	@	Colorado Avalanche	3	5	L			30	29	2	4	0		32	15	2	6	0		51	44	53.7	36	32	52.9	29	25	53.7	46.2	91.7
1	2019-10-05		Vancouver Canucks	3	0	W			30	14	0	4	0		34	10	0	6	0		39	45	46.4	34	30	53.1	26	21	55.3	52.7	112.5
2	2019-10-08		Los Angeles Kings	3	4	L	OT		29	9	0	2	0		40	9	1	2	0		52	54	49.1	36	44	45.0	27	29	48.2	43.8	103.2
3	2019-10-10	@	Dallas Stars	3	2	W	SO		29	10	1	2	0		36	6	1	4	0		48	58	45.3	35	44	44.3	14	26	35.0	32.9	100.0
4	2019-10-12	@	Vegas Golden Knights	2	6	L			35	6	0	4	0		30	8	0	3	0		45	39	53.6	30	30	50.0	30	15	66.7	39.1	85.1
5	2019-10-13	@	San Jose Sharks	1	3	L			33	4	0	4	0		20	8	0	2	1		50	39	56.2	36	29	55.4	24	26	48.0	36.0	92.3
6	2019-10-15		Philadelphia Flyers	3	1	W			38	8	0	2	0		22	6	0	4	0		48	34	58.5	38	21	64.4	20	34	37.0	68.6	102.8
7	2019-10-17		Detroit Red Wings	5	1	W			36	6	2	5	0		28	21	0	2	0		58	44	56.9	38	36	51.4	22	14	61.1	54.6	106.4
8	2019-10-19	@	Los Angeles Kings	1	4	L			24	30	0	5	0		36	14	1	8	1		42	34	55.3	28	26	51.9	22	17	56.4	47.8	97.6
9	2019-10-20	@	Anaheim Ducks	2	1	W			29	6	0	0	0		30	0	0	3	0		55	54	50.5	43	42	50.6	21	24	46.7	54.5	103.1
10	2019-10-22		Washington Capitals	3	5	L			35	6	1	4	0		30	8	0	3	0		49	43	53.3	40	35	53.3	21	21	50.0	67.8	86.9
11	2019-10-24		Florida Panthers	6	5	W	SO		24	9	1	3	0		23	11	0	2	0		40	40	50.0	26	32	44.8	31	18	63.3	29.3	99.5
12	2019-10-26	@	Winnipeg Jets	1	2	L	OT		30	10	1	3	0		45	6	1	5	0		50	62	44.6	36	47	43.4	13	24	35.1	61.4	97.2
13	2019-10-29	@	Carolina Hurricanes	1	2	L			29	6	0	3	0		28	6	1	3	0		39	56	41.1	34	41	45.3	23	28	45.1	45.1	100.2
14	2019-10-31	@	Nashville Predators	6	5	W	OT		27	6	0	3	0		36	6	0	3	2		53	44	54.6	37	39	48.7	27	24	52.9	66.0	113.7
15	2019-11-02	@	Columbus Blue Jackets	3	0	W			29	8	0	2	0		43	6	0	3	0		50	54	48.1	33	46	41.8	25	21	54.3	37.8	112.5
16	2019-11-03	@	Washington Capitals	2	4	L			27	6	0	2	0		32	6	1	2	0		55	46	54.5	37	36	50.7	24	26	48.0	50.2	97.6
17	2019-11-05		Arizona Coyotes	4	3	W	OT		43	10	2	6	0		37	12	0	5	0		59	37	61.5	47	28	62.7	31	20	60.8	58.9	93.3
18	2019-11-07		New Jersey Devils	5	2	W			38	6	2	6	0		23	12	0	3	0		49	38	56.3	39	30	56.5	24	31	43.6	61.2	98.9
19	2019-11-09		St. Louis Blues	2	3	L	OT		29	10	0	2	0		28	6	2	4	0		44	38	53.7	33	30	52.4	24	26	48.0	54.2	103.5
20	2019-11-13		Dallas Stars	1	3	L			25	6	1	4	0		32	8	1	3	0		40	45	47.1	27	34	44.3	23	24	48.9	51.7	90.9
21	2019-11-16	@	Arizona Coyotes	0	3	L			37	16	0	3	0		24	14	0	4	0		54	34	61.4	35	24	59.3	20	18	52.6	66.7	84.2
22	2019-11-17	@	Vegas Golden Knights	0	6	L			34	14	0	2	0		37	12	1	3	0		61	61	50.0	41	50	45.1	25	34	42.4	49.6	83.3
23	2019-11-19		Colorado Avalanche	2	3	L			33	4	0	2	0		26	4	0	2	0		58	45	56.3	39	35	52.7	25	20	55.6	54.8	91.9
24	2019-11-21	@	St. Louis Blues	0	5	L			40	9	0	4	0		31	13	1	2	0		59	45	56.7	49	39	55.7	22	27	44.9	54.3	86.2
25	2019-11-23	@	Philadelphia Flyers	3	2	W	SO		27	6	0	3	0		38	6	0	3	0		46	57	44.7	35	41	46.1	28	36	43.8	49.2	101.8
26	2019-11-25	@	Pittsburgh Penguins	2	3	L	OT		34	6	1	2	0		38	4	1	3	0		60	51	54.1	43	37	53.8	32	29	52.5	47.9	96.9
27	2019-11-27	@	Buffalo Sabres	3	2	W	OT		29	4	0	2	0		36	4	0	2	1		44	54	44.9	36	42	46.2	27	22	55.1	48.6	107.5
28	2019-11-30		Ottawa Senators	3	1	W			27	2	1	3	0		27	6	0	1	0		53	53	50.0	39	41	48.8	19	32	37.3	55.0	104.2
29	2019-12-05		Buffalo Sabres	4	3	W			29	16	1	2	1		29	4	1	8	0		51	44	53.7	41	34	54.7	22	22	50.0	52.9	100.0
30	2019-12-07		Los Angeles Kings	4	3	W			30	21	1	4	0		33	23	2	3	0		43	53	44.8	31	42	42.5	18	26	40.9	27.1	108.8
31	2019-12-09	@	Colorado Avalanche	5	4	W	OT		33	4	1	3	0		32	6	0	2	0		45	63	41.7	32	42	43.2	33	22	60.0	42.1	103.1
32	2019-12-10	@	Arizona Coyotes	5	2	W			29	4	1	3	0		48	8	1	1	0		43	73	37.1	34	59	36.6	26	33	44.1	34.1	113.8
33	2019-12-12		Toronto Maple Leafs	4	2	W			24	6	0	1	0		34	2	0	3	0		54	50	51.9	42	37	53.2	25	19	56.8	51.6	110.7
34	2019-12-14		Carolina Hurricanes	0	4	L			32	8	0	5	0		31	12	1	4	2		44	45	49.4	31	32	49.2	23	21	52.3	75.6	95.5
35	2019-12-17		Pittsburgh Penguins	1	4	L			34	6	0	1	0		33	2	0	3	0		62	48	56.4	50	37	57.5	25	19	56.8	56.7	90.0
36	2019-12-19		Montreal Canadiens	3	4	L	OT		27	6	1	1	0		43	4	0	2	0		54	71	43.2	41	56	42.3	31	28	52.5	48.4	97.4
37	2019-12-22	@	Dallas Stars	5	1	W			30	18	3	5	1		27	12	0	3	0		45	45	50.0	35	30	53.8	23	23	50.0	46.8	100.0
38	2019-12-23	@	Minnesota Wild	0	3	L			22	0	0	1	0		34	2	0	0	0		51	61	45.5	37	50	42.5	30	29	50.8	44.7	91.2
39	2019-12-27	@	Edmonton Oilers	5	1	W			31	4	0	1	1		29	2	0	2	0		40	48	45.5	27	38	41.5	21	25	45.7	57.6	112.8
40	2019-12-29		Vancouver Canucks	2	5	L			25	12	0	4	0		28	10	2	5	0		42	43	49.4	30	34	46.9	10	30	25.0	54.5	95.5
41	2019-12-31		Chicago Blackhawks	3	5	L			44	8	0	1	1		33	2	1	4	0		64	50	56.1	53	39	57.6	32	35	47.8	54.6	91.5
42	2020-01-02		New York Rangers	4	3	W			29	8	0	4	1		27	10	2	3	0		36	39	48.0	28	32	46.7	17	19	47.2	36.2	110.5
43	2020-01-05	@	Minnesota Wild	5	4	W	SO		37	4	2	4	0		34	8	1	2	0		68	55	55.3	51	38	57.3	25	27	48.1	50.0	95.5
44	2020-01-07	@	Chicago Blackhawks	2	1	W			28	4	0	4	0		32	8	0	2	0		50	47	51.5	35	36	49.3	19	22	46.3	33.3	105.2
45	2020-01-09		Minnesota Wild	2	1	W			37	4	1	2	0		43	4	0	2	0		44	72	37.9	34	61	35.8	27	25	51.9	43.6	101.3
46	2020-01-11		Edmonton Oilers	4	3	W			33	2	1	2	0		32	14	0	1	0		61	48	56.0	47	36	56.6	26	21	55.3	50.0	100.3
47	2020-01-13	@	Montreal Canadiens	0	2	L			31	6	0	2	0		37	4	0	3	0		53	58	47.7	37	38	49.3	17	21	44.7	44.9	92.9
48	2020-01-16	@	Toronto Maple Leafs	2	1	W	SO		32	8	0	2	0		36	4	1	4	0		47	58	44.8	37	40	48.1	17	21	44.7	52.5	103.7
49	2020-01-18	@	Ottawa Senators	2	5	L			42	2	0	3	0		21	6	1	1	0		70	27	72.2	50	21	70.4	16	22	42.1	70.0	80.7
50	2020-01-28		St. Louis Blues	4	5	L	SO		31	4	3	4	0		34	8	1	2	0		50	47	51.5	41	36	53.2	28	25	52.8	45.9	93.5
51	2020-01-29	@	Edmonton Oilers	4	3	W	SO		28	22	0	1	0		34	16	1	4	0		46	56	45.1	33	45	42.3	30	27	52.6	40.7	106.4
52	2020-02-01		Edmonton Oilers	3	8	L			26	57	0	2	0		49	45	1	3	0		37	58	38.9	32	50	39.0	29	19	60.4	57.6	96.0
53	2020-02-04		San Jose Sharks	1	3	L			31	7	1	2	0		26	9	0	1	0		49	45	52.1	34	34	50.0	25	23	52.1	46.2	88.0
54	2020-02-06		Nashville Predators	2	3	L			39	2	0	2	0		35	4	1	1	0		66	58	53.2	42	42	50.0	22	30	42.3	56.6	99.3
55	2020-02-08	@	Vancouver Canucks	6	2	W			32	15	1	1	0		27	11	0	3	0		52	54	49.1	41	39	51.3	23	23	50.0	53.4	107.7
56	2020-02-10	@	San Jose Sharks	6	2	W			37	4	3	6	0		36	24	1	1	0		43	54	44.3	37	42	46.8	19	27	41.3	34.9	107.1
57	2020-02-12	@	Los Angeles Kings	3	5	L			38	19	0	3	0		33	13	0	1	0		50	53	48.5	40	47	46.0	26	36	41.9	66.4	93.5
58	2020-02-13	@	Anaheim Ducks	6	0	W			32	13	0	2	1		44	9	0	4	0		44	66	40.0	35	50	41.2	21	19	52.5	42.6	118.5
59	2020-02-15		Chicago Blackhawks	4	8	L			42	8	1	4	0		28	10	0	3	0		51	33	60.7	43	26	62.3	23	17	57.5	65.1	71.0
60	2020-02-17		Anaheim Ducks	6	4	W			43	4	0	4	0		30	8	0	2	0		62	38	62.0	54	36	60.0	26	24	52.0	61.3	100.2
61	2020-02-21		Boston Bruins	3	4	L			21	5	0	2	0		23	9	0	0	0		45	41	52.3	28	32	46.7	26	24	52.0	46.9	99.3
62	2020-02-23	@	Detroit Red Wings	4	2	W			31	4	0	2	0		29	4	0	2	0		53	37	58.9	44	29	60.3	31	19	62.0	48.6	105.5
63	2020-02-25	@	Boston Bruins	5	2	W			31	2	1	3	0		28	6	0	1	1		42	51	45.2	35	38	47.9	28	41	40.6	47.3	110.6
64	2020-02-27	@	Nashville Predators	3	4	L	OT		39	6	0	0	0		38	2	0	2	0		61	62	49.6	51	52	49.5	22	22	50.0	61.2	96.3
65	2020-02-29	@	Tampa Bay Lightning	3	4	L			21	10	1	2	0		33	6	2	4	1		43	45	48.9	27	36	42.9	22	24	47.8	64.5	107.4
66	2020-03-01	@	Florida Panthers	3	0	W			28	6	1	1	0		38	2	0	3	0		50	43	53.8	37	36	50.7	20	19	51.3	57.4	107.7
67	2020-03-04		Columbus Blue Jackets	3	2	W	OT		37	2	0	1	0		22	2	0	1	0		62	40	60.8	40	30	57.1	22	20	52.4	64.1	98.3
68	2020-03-06		Arizona Coyotes	3	2	W			34	6	1	4	0		34	8	0	3	0		51	54	48.6	44	45	49.4	28	24	53.8	39.1	102.2
69	2020-03-08		Vegas Golden Knights	3	5	L			22	2	1	1	0		32	2	1	1	0		34	69	33.0	24	44	35.3	29	28	50.9	35.3	97.1
