	date_game	game_location	opp_name	goals	opp_goals	game_outcome	overtimes	empty1	shots	pen_min	goals_pp	chances_pp	goals_sh	empty2	shots_against	pen_min_opp	goals_against_pp	opp_chances_pp	goals_against_sh	empty1	corsi_for	corsi_against	corsi_pct	fenwick_for	fenwick_against	fenwick_pct	faceoff_wins	faceoff_losses	faceoff_percentage	zs_offense_pct	pdo
0	2013-01-19		Colorado Avalanche	4	2	W			35	11	2		0		27	19	0		0		36	46	43.9	31	31	50.0	22	21	51.2	60.0	100.4
1	2013-01-20		Dallas Stars	1	0	W			32	10	0		0		24	8	0		0		43	48	47.3	35	29	54.7	18	17	51.4	56.9	100.0
2	2013-01-22		Nashville Predators	1	3	L			30	15	0		0		26	15	1		0		44	40	52.4	31	32	49.2	27	22	55.1	54.2	95.5
3	2013-01-25	@	Detroit Red Wings	3	5	L			26	15	1		0		27	21	2		0		32	34	48.5	21	29	42.0	16	22	42.1	40.9	100.4
4	2013-01-27	@	St. Louis Blues	4	5	L	OT		16	12	2		0		34	8	0		0		33	49	40.2	24	39	38.1	23	31	42.6	41.3	99.4
5	2013-01-29		Columbus Blue Jackets	3	2	W			26	18	0		0		19	14	1		0		35	41	46.1	28	28	50.0	20	20	50.0	52.6	108.0
6	2013-01-30		Chicago Blackhawks	3	2	W	SO		25	4	0		0		32	8	0		0		39	52	42.9	30	44	40.5	29	28	50.9	39.7	102.2
7	2013-02-01	@	Anaheim Ducks	1	3	L			27	4	0		0		31	2	1		0		41	57	41.8	30	38	44.1	26	21	55.3	43.8	96.9
8	2013-02-04	@	Phoenix Coyotes	1	2	L			22	2	0		0		34	4	0		0		45	57	44.1	32	43	42.7	24	25	49.0	45.9	98.3
9	2013-02-07		Vancouver Canucks	1	4	L			23	46	1		0		22	22	1		0		30	26	53.6	26	21	55.3	19	28	40.4	77.0	86.7
10	2013-02-09		Nashville Predators	2	1	W	OT		32	16	1		0		26	12	0		0		45	23	66.2	33	17	66.0	25	18	58.1	43.3	96.5
11	2013-02-11	@	Calgary Flames	2	1	W	SO		24	4	0		0		24	8	0		0		35	43	44.9	18	29	38.3	25	25	50.0	36.9	102.4
12	2013-02-12	@	Vancouver Canucks	1	2	L			26	6	1		0		30	12	1		0		28	50	35.9	23	38	37.7	35	24	59.3	41.4	96.3
13	2013-02-14		Colorado Avalanche	3	4	L	SO		29	4	0		0		32	2	1		0		49	47	51.0	33	39	45.8	34	28	54.8	56.2	103.8
14	2013-02-17		Detroit Red Wings	3	2	W			24	6	0		0		31	4	0		0		38	49	43.7	32	39	45.1	26	16	61.9	37.9	105.6
15	2013-02-21	@	Edmonton Oilers	3	1	W			28	2	0		0		28	19	0		0		53	50	51.5	35	37	48.6	25	25	50.0	36.1	107.5
16	2013-02-23	@	Calgary Flames	1	3	L			31	14	0		0		27	14	0		0		48	44	52.2	35	34	50.7	38	28	57.6	55.4	91.3
17	2013-02-26		Calgary Flames	2	1	W	OT		30	19	1		0		21	16	1		0		41	17	70.7	26	14	65.0	31	12	72.1	52.9	105.3
18	2013-02-28	@	Phoenix Coyotes	4	3	W			23	15	1		0		28	17	0		0		34	59	36.6	23	43	34.8	17	24	41.5	42.3	109.4
19	2013-03-01	@	Anaheim Ducks	2	3	L			33	12	0		0		29	16	0		0		45	47	48.9	31	40	43.7	27	23	54.0	41.2	97.3
20	2013-03-03		Edmonton Oilers	4	2	W			43	2	1		0		21	6	0		0		50	42	54.3	44	30	59.5	24	20	54.5	58.1	98.6
21	2013-03-05	@	Chicago Blackhawks	3	5	L			23	6	1		0		32	4	0		0		33	51	39.3	28	37	43.1	23	28	45.1	53.5	92.1
22	2013-03-09	@	Nashville Predators	2	1	W	SO		29	6	1		0		25	12	1		0		41	42	49.4	34	32	51.5	26	20	56.5	33.3	100.0
23	2013-03-10		Vancouver Canucks	4	2	W			32	19	1		0		27	17	0		0		37	37	50.0	30	28	51.7	23	19	54.8	50.0	101.0
24	2013-03-12		Anaheim Ducks	1	2	L			31	13	1		0		21	30	0		0		45	33	57.7	27	24	52.9	28	15	65.1	58.8	88.2
25	2013-03-14		Colorado Avalanche	5	3	W			40	16	0		0		32	20	1		0		56	57	49.6	43	43	50.0	22	29	43.1	39.0	108.0
26	2013-03-16	@	Colorado Avalanche	6	4	W			28	16	1		0		32	16	0		0		46	44	51.1	32	35	47.8	29	28	50.9	38.7	108.9
27	2013-03-18	@	Vancouver Canucks	3	1	W			25	10	1		0		36	6	1		0		33	67	33.0	28	48	36.8	37	17	68.5	42.5	109.5
28	2013-03-20	@	Detroit Red Wings	4	2	W			19	12	2		0		38	8	1		0		21	41	33.9	15	34	30.6	28	21	57.1	35.5	111.5
29	2013-03-23		San Jose Sharks	2	0	W			24	13	1		0		33	13	0		0		32	50	39.0	21	37	36.2	16	28	36.4	29.1	100.0
30	2013-03-25	@	Dallas Stars	7	4	W			42	18	0		1		26	16	1		0		55	40	57.9	45	27	62.5	25	23	52.1	65.4	101.2
31	2013-03-27		Phoenix Coyotes	4	3	W	OT		37	14	0		0		27	18	0		0		57	38	60.0	44	29	60.3	25	26	49.0	59.3	100.0
32	2013-03-29	@	Dallas Stars	3	5	L			33	39	1		0		33	25	3		0		60	40	60.0	42	27	60.9	22	28	44.0	64.2	98.9
33	2013-03-30		Los Angeles Kings	4	3	W	SO		28	4	1		0		31	8	2		0		45	52	46.4	35	40	46.7	24	21	53.3	45.2	104.0
34	2013-04-01		St. Louis Blues	1	4	L			25	2	0		0		24	10	0		0		36	46	43.9	27	30	47.4	25	28	47.2	54.3	81.8
35	2013-04-03	@	San Jose Sharks	2	4	L			33	14	0		0		33	21	2		0		55	42	56.7	35	33	51.5	22	30	42.3	51.5	98.9
36	2013-04-04	@	Los Angeles Kings	0	3	L			23	4	0		0		14	2	0		0		38	32	54.3	29	24	54.7	20	20	50.0	55.6	75.0
37	2013-04-07	@	Columbus Blue Jackets	3	0	W			24	8	2		0		24	6	0		0		30	36	45.5	22	22	50.0	21	19	52.5	44.4	105.6
38	2013-04-09		Chicago Blackhawks	0	1	L			20	6	0		0		31	4	0		0		40	47	46.0	31	41	43.1	24	25	49.0	39.3	96.6
39	2013-04-11		St. Louis Blues	0	2	L			23	2	0		0		20	6	0		0		39	33	54.2	27	21	56.3	22	19	53.7	61.3	88.2
40	2013-04-13		Columbus Blue Jackets	2	3	L	SO		41	22	1		0		22	30	0		0		53	43	55.2	42	27	60.9	23	21	52.3	77.5	92.9
41	2013-04-15	@	Calgary Flames	4	3	W			27	4	0		0		23	4	0		0		46	29	61.3	32	26	55.2	33	22	60.0	45.7	103.8
42	2013-04-16	@	Edmonton Oilers	5	3	W			30	2	1		0		19	4	1		0		37	44	45.7	28	29	49.1	29	21	58.0	45.9	106.3
43	2013-04-18	@	San Jose Sharks	1	6	L			28	14	0		0		29	12	1		0		59	52	53.2	41	40	50.6	30	41	42.3	56.5	85.7
44	2013-04-21		Calgary Flames	1	4	L			35	11	0		0		24	11	3		0		54	39	58.1	41	27	60.3	31	19	62.0	57.4	98.6
45	2013-04-23		Los Angeles Kings	2	1	W			25	2	0		0		23	2	0		0		41	45	47.7	36	35	50.7	22	21	51.2	55.2	105.2
46	2013-04-26		Edmonton Oilers	1	6	L			39	29	0		0		17	9	0		0		66	37	64.1	48	27	64.0	31	18	63.3	69.2	67.5
47	2013-04-27	@	Colorado Avalanche	3	1	W			33	2	1		0		30	6	0		0		37	50	42.5	32	37	46.4	20	24	45.5	40.7	104.2
